
Last position-specific scoring matrix computed, weighted observed percentages rounded down, information per position, and relative weight of gapless real matches to pseudocounts
           A  R  N  D  C  Q  E  G  H  I  L  K  M  F  P  S  T  W  Y  V   A   R   N   D   C   Q   E   G   H   I   L   K   M   F   P   S   T   W   Y   V
    1 M   -1 -2 -2 -3 -2 -1 -2 -3 -2  1  2 -2  6  0 -3 -2 -1 -2 -1  1    0   0   0   0   0   0   0   0   0   0   0   0 100   0   0   0   0   0   0   0  0.39 0.01
    2 G    0 -2  0 -1 -1 -1 -1  3 -2 -2 -2 -1 -1 -3 -2  1  4 -3 -2 -1    0   0   0   0   0   0   0  32   0   0   0   0   0   0   0   0  68   0   0   0  0.40 0.01
    3 C   -1 -4 -3 -4  9 -3 -4 -3 -3 -1 -1 -3 -2 -3 -3 -1 -1 -3 -3 -1    0   0   0   0 100   0   0   0   0   0   0   0   0   0   0   0   0   0   0   0  1.26 0.01
    4 H   -2 -2 -1 -3 -3 -2 -2 -3  5 -1  0 -2  0  6 -3 -2 -2  0  3 -2    0   0   0   0   0   0   0   0  32   0   0   0   0  68   0   0   0   0   0   0  0.54 0.01
    5 S    1 -1  1  0 -1  0  0  0 -1 -3 -3  0 -2 -3 -1  4  1 -3 -2 -2    0   0   0   0   0   0   0   0   0   0   0   0   0   0   0 100   0   0   0   0  0.47 0.01
    6 T    0 -1  0 -1 -1 -1 -1 -2 -2 -1 -1 -1 -1 -2 -1  1  5 -3 -2  0    0   0   0   0   0   0   0   0   0   0   0   0   0   0   0   0 100   0   0   0  0.49 0.01
    7 F    0 -2 -1 -2 -2 -2 -2 -2 -1 -1 -1 -2 -1  5 -2  2  0  0  2 -1    0   0   0   0   0   0   0   0   0   0   0   0   0  56   0  44   0   0   0   0  0.31 0.01
    8 F   -2 -3 -3 -4  5 -3 -4 -3 -2  0  0 -3  0  6 -4 -2 -2  0  2 -1    0   0   0   0  24   0   0   0   0   0   0   0   0  76   0   0   0   0   0   0  0.61 0.01
    9 F   -1 -4 -3 -4  8 -3 -4 -3 -3 -1 -1 -3 -1  3 -3 -1 -1 -1  0 -1    0   0   0   0  68   0   0   0   0   0   0   0   0  32   0   0   0   0   0   0  0.80 0.01
   10 C   -1 -3 -3 -4  9 -3 -3 -3 -1 -1 -1 -3 -1  0 -3 -1 -1 -1  3 -1    0   0   0   0  76   0   0   0   0   0   0   0   0   0   0   0   0   0  24   0  0.90 0.01
   11 V    1 -1  0 -1 -1 -1 -1 -1 -2  0 -1 -1 -1 -2 -1  3  1 -3 -2  1    0   0   0   0   0   0   0   0   0   0   0   0   0   0   0  68   0   0   0  32  0.23 0.01
   12 K   -1  1  0 -1 -3  4  1 -2  0 -3 -3  3 -1 -4  4  0 -1 -3 -2 -2    0   0   0   0   0  44   0   0   0   0   0  32   0   0  24   0   0   0   0   0  0.58 0.00
   13 S    1 -1  1  0 -1  0  0  0 -1 -3 -3  0 -2 -3 -1  4  1 -3 -2 -2    0   0   0   0   0   0   0   0   0   0   0   0   0   0   0 100   0   0   0   0  0.47 0.01
   14 S    1 -1  1  0 -1  0  0  0 -1 -3 -3  0 -2 -3 -1  4  1 -3 -2 -2    0   0   0   0   0   0   0   0   0   0   0   0   0   0   0 100   0   0   0   0  0.47 0.01
   15 L   -1 -3 -3 -4 -1 -2 -3 -4 -3  2  3 -3  2  0 -3 -2 -1 -2 -1  3    0   0   0   0   0   0   0   0   0   0  56   0   0   0   0   0   0   0   0  44  0.33 0.00
   16 I   -1 -3 -3 -3 -1 -3 -3 -4 -3  3  1 -3  1 -1 -3 -2  0 -3 -1  4    0   0   0   0   0   0   0   0   0  32   0   0   0   0   0   0   0   0   0  68  0.35 0.00
   17 D   -2 -2  1  6 -4  0  2 -1 -1 -3 -4 -1 -3 -4 -2  0 -1 -5 -3 -3    0   0   0 100   0   0   0   0   0   0   0   0   0   0   0   0   0   0   0   0  0.95 0.01
   18 D   -2 -2  1  6 -4  0  2 -1 -1 -3 -4 -1 -3 -4 -2  0 -1 -5 -3 -3    0   0   0 100   0   0   0   0   0   0   0   0   0   0   0   0   0   0   0   0  0.95 0.01
   19 C    0 -2 -1 -2  8 -1 -2 -1 -2 -2 -2 -2 -2 -3 -2  2  0 -3 -2 -1    0   0   0   0  54   0   0   0   0   0   0   0   0   0   0  46   0   0   0   0  0.61 0.01
   20 S    1 -1  1  0 -1  0  0  0 -1 -3 -3  0 -2 -3 -1  4  1 -3 -2 -2    0   0   0   0   0   0   0   0   0   0   0   0   0   0   0 100   0   0   0   0  0.47 0.01
   21 C   -1 -1 -1 -2  6 -1 -1 -3  6 -2 -2 -2 -2  0 -3 -1 -2 -1  4 -2    0   0   0   0  32   0   0   0  46   0   0   0   0   0   0   0   0   0  22   0  0.56 0.01
   22 S    0 -1  0 -1 -1 -1 -1 -1 -2 -1 -2 -1 -1 -2 -1  3  4 -3 -2 -1    0   0   0   0   0   0   0   0   0   0   0   0   0   0   0  32  68   0   0   0  0.41 0.01
   23 S    0 -2 -1 -2  7 -2 -2  2 -2 -2 -2 -2 -2 -3 -2  2  0 -3 -2 -2    0   0   0   0  46   0   0  22   0   0   0   0   0   0   0  32   0   0   0   0  0.53 0.01
   24 V   -1 -1  5  0 -2 -1 -1 -1  0  0 -1 -1 -1 -2 -2  0  0 -4 -2  1    0   0  68   0   0   0   0   0   0   0   0   0   0   0   0   0   0   0   0  32  0.35 0.01
   25 S    1 -1  1  0 -1  0  0  0 -1 -3 -3  0 -2 -3 -1  4  1 -3 -2 -2    0   0   0   0   0   0   0   0   0   0   0   0   0   0   0 100   0   0   0   0  0.47 0.01
   26 Q   -1  3  0 -1 -3  5  2 -2  0 -3 -2  2 -1 -3 -2  0 -1 -2 -2 -3    0  24   0   0   0  76   0   0   0   0   0   0   0   0   0   0   0   0   0   0  0.59 0.01
   27 R   -2  6 -1 -2 -4  1  0 -3  0 -3 -2  2 -2 -3 -2 -1 -1 -3 -2 -3    0 100   0   0   0   0   0   0   0   0   0   0   0   0   0   0   0   0   0   0  0.77 0.01
   28 L   -2 -2 -4 -4 -1 -2 -3 -4 -3  2  4 -3  2  0 -3 -3 -1 -2 -1  1    0   0   0   0   0   0   0   0   0   0 100   0   0   0   0   0   0   0   0   0  0.47 0.01
   29 Y   -2 -2 -2 -3  5 -2 -3 -3  1 -1 -1 -2 -1  2 -3 -2 -2  2  6 -1    0   0   0   0  22   0   0   0   0   0   0   0   0   0   0   0   0   0  78   0  0.71 0.01
   30 K   -1  5  0 -1 -3  1  0 -2 -1 -3 -3  4 -2 -3 -2 -1 -1 -3 -2 -3    0  46   0   0   0   0   0   0   0   0   0  54   0   0   0   0   0   0   0   0  0.56 0.01
   31 Q   -1 -1 -2 -2  8  3 -1 -2 -2 -2 -2 -1 -1 -3 -2 -1 -1 -2 -2 -1    0   0   0   0  68  32   0   0   0   0   0   0   0   0   0   0   0   0   0   0  0.75 0.01
   32 A    3 -2 -2 -2 -1 -1 -2 -1 -2  1  0 -1  0 -2 -2  0  0 -3 -2  2   56   0   0   0   0   0   0   0   0   0   0   0   0   0   0   0   0   0   0  44  0.23 0.00
   33 L   -2 -2 -3 -4 -1 -2 -3 -4 -3  2  4 -2  3  0 -3 -2 -1 -2 -1  1    0   0   0   0   0   0   0   0   0   0  79   0  21   0   0   0   0   0   0   0  0.42 0.01
   34 V    2 -2 -3 -3 -1 -2 -2 -2 -3  2  0 -2  0 -1 -2  0  0 -3 -2  3   38   0   0   0   0   0   0   0   0   0   0   0   0   0   0   0   0   0   0  62  0.23 0.01
   35 I   -2 -3 -4 -3 -1 -3 -4 -4 -4  5  2 -3  1  0 -3 -3 -1 -3 -2  3    0   0   0   0   0   0   0   0   0 100   0   0   0   0   0   0   0   0   0   0  0.43 0.01
   36 S    1 -1  0 -1 -1  0  0 -1 -1 -2 -2  0 -1 -3 -1  4  3 -3 -2 -1    0   0   0   0   0   0   0   0   0   0   0   0   0   0   0  80  20   0   0   0  0.43 0.01
   37 G    0 -1  5  1 -2  0 -1  2  0 -3 -4 -1 -2 -3 -2  2  0 -3 -2 -3    0   0  56   0   0   0   0  22   0   0   0   0   0   0   0  21   0   0   0   0  0.49 0.01
   38 V   -1 -3 -3 -3 -1 -3 -3 -4 -3  4  1 -3  1 -1 -3 -2  0 -3 -1  3    0   0   0   0   0   0   0   0   0  56   0   0   0   0   0   0   0   0   0  44  0.37 0.01
   39 F   -1 -3 -3 -4  8 -3 -4 -3 -2 -1 -1 -3 -1  4 -3 -2 -2 -1  1 -1    0   0   0   0  56   0   0   0   0   0   0   0   0  44   0   0   0   0   0   0  0.73 0.01
   40 C   -2 -3 -3 -4  5 -3 -4 -3 -2  0  0 -3  0  6 -4 -2 -2  0  2 -1    0   0   0   0  22   0   0   0   0   0   0   0   0  78   0   0   0   0   0   0  0.64 0.01
   41 A    4 -2 -2 -2 -1 -1 -1  0 -2 -2 -2 -1 -1 -2 -1  1  0 -3 -2  0  100   0   0   0   0   0   0   0   0   0   0   0   0   0   0   0   0   0   0   0  0.43 0.01
   42 I   -2 -3 -4 -3 -1 -3 -4 -4 -4  5  2 -3  1  0 -3 -3 -1 -3 -2  3    0   0   0   0   0   0   0   0   0 100   0   0   0   0   0   0   0   0   0   0  0.43 0.01
   43 V   -1 -2 -3 -3 -2 -2 -3 -3 -3  1  3 -2  1  0  3 -2 -1 -2 -2  2    0   0   0   0   0   0   0   0   0   0  60   0   0   0  18   0   0   0   0  22  0.37 0.01
   44 S    3 -1  0 -1 -1 -1 -1  0 -1 -2 -2 -1 -1 -2 -1  3  2 -3 -2 -1   38   0   0   0   0   0   0   0   0   0   0   0   0   0   0  44  18   0   0   0  0.33 0.01
   45 F   -1 -3 -3 -4 -2 -3 -3 -4 -3  2  3 -3  1  3 -3 -2 -1 -1  0  2    0   0   0   0   0   0   0   0   0   0  56   0   0  22   0   0   0   0   0  21  0.33 0.01
   46 V    0 -3 -3 -3 -1 -2 -3 -3 -3  3  1 -3  1 -1 -3 -2  0 -3 -1  4    0   0   0   0   0   0   0   0   0   0   0   0   0   0   0   0   0   0   0 100  0.38 0.01
   47 L   -1 -3 -3 -4  8 -3 -4 -3 -3  0  1 -3  0  3 -3 -2 -1 -1  0  0    0   0   0   0  56   0   0   0   0   0  22   0   0  21   0   0   0   0   0   0  0.63 0.01
   48 A    3 -2 -1 -2 -1 -1 -1  2 -2 -2 -2 -1 -1 -3 -1  1  2 -3 -2 -1   63   0   0   0   0   0   0  18   0   0   0   0   0   0   0   0  18   0   0   0  0.33 0.01
   49 S    3 -2 -1 -2 -1 -1 -1  0 -2 -1 -1 -1 -1  2 -1  2  0 -2  0 -1   56   0   0   0   0   0   0   0   0   0   0   0   0  21   0  22   0   0   0   0  0.24 0.01
   50 V   -1 -3 -3 -4 -2 -3 -3 -3 -2  1  1 -3  0  5 -3 -2 -1  0  2  2    0   0   0   0   0   0   0   0   0   0   0   0   0  56   0   0   0   0   0  44  0.40 0.01
   51 I   -1 -3 -3 -4 -1 -3 -3 -4 -3  3  3 -3  1  0 -3 -2 -1 -2 -1  3    0   0   0   0   0   0   0   0   0  42  37   0   0   0   0   0   0   0   0  21  0.34 0.01
   52 F   -1 -3 -3 -4 -2 -3 -3 -3 -2  2  1 -3  0  4 -3 -2 -1 -1  1  3    0   0   0   0   0   0   0   0   0   0   0   0   0  44   0   0   0   0   0  56  0.34 0.01
   53 S    1 -1  1  0 -1  0  0  0 -1 -3 -3  0 -2 -3 -1  4  1 -3 -2 -2    0   0   0   0   0   0   0   0   0   0   0   0   0   0   0 100   0   0   0   0  0.49 0.01
   54 G    0 -3 -1 -1 -3 -2 -2  6 -2 -4 -4 -2 -3 -3 -2  0 -2 -3 -3 -3    0   0   0   0   0   0   0 100   0   0   0   0   0   0   0   0   0   0   0   0  1.07 0.01
   55 I    1 -2 -2 -2 -1 -2 -2 -2 -2  3  0 -2  0 -1 -2  0  3 -3 -2  1   20   0   0   0   0   0   0   0   0  44   0   0   0   0   0   0  37   0   0   0  0.19 0.01
   56 S    1 -1  0 -1 -1 -1 -1 -1 -1 -2 -2 -1 -1  2 -1  4  1 -2  0 -2    0   0   0   0   0   0   0   0   0   0   0   0   0  18   0  82   0   0   0   0  0.32 0.01
   57 G    1 -1 -1  0 -2  0  3  2 -1 -1 -2  0 -1 -3 -2  0 -1 -3 -2  0   18   0   0   0   0   0  41  22   0   0   0   0   0   0   0   0   0   0   0  18  0.23 0.01
   58 P   -1 -2 -2 -2 -3 -2 -2 -3 -3 -1  0 -1 -1 -3  7 -1 -1 -3 -3 -2    0   0   0   0   0   0   0   0   0   0  20   0   0   0  80   0   0   0   0   0  1.47 0.01
   59 V   -1 -3 -3 -3 -1 -3 -3 -4 -4  4  1 -3  1  0 -3 -2 -1 -3 -1  3    0   0   0   0   0   0   0   0   0  78   0   0   0   0   0   0   0   0   0  22  0.39 0.01
   60 M   -1 -2 -3 -3 -1 -1 -2 -3 -3  2  1 -2  4 -1 -3 -2  0 -2 -1  3    0   0   0   0   0   0   0   0   0   0   0   0  44   0   0   0   0   0   0  56  0.29 0.01
   61 I   -2 -3 -4 -3 -1 -3 -4 -4 -4  5  2 -3  1  0 -3 -3 -1 -3 -2  3    0   0   0   0   0   0   0   0   0 100   0   0   0   0   0   0   0   0   0   0  0.43 0.01
   62 L   -2 -2 -4 -4 -1 -2 -3 -4 -3  2  4 -3  2  0 -3 -3 -1 -2 -1  1    0   0   0   0   0   0   0   0   0   0 100   0   0   0   0   0   0   0   0   0  0.48 0.01
   63 G    0 -3 -1 -1 -3 -2 -2  6 -2 -4 -4 -2 -3 -3 -2  0 -2 -3 -3 -3    0   0   0   0   0   0   0 100   0   0   0   0   0   0   0   0   0   0   0   0  1.07 0.01
   64 L   -2 -2 -4 -4 -1 -2 -3 -4 -3  2  4 -3  2  0 -3 -3 -1 -2 -1  1    0   0   0   0   0   0   0   0   0   0 100   0   0   0   0   0   0   0   0   0  0.48 0.01
   65 V    0 -3 -3 -3 -1 -2 -3 -3 -3  3  1 -3  1 -1 -3 -2  0 -3 -1  4    0   0   0   0   0   0   0   0   0   0   0   0   0   0   0   0   0   0   0 100  0.38 0.01
   66 I   -2 -3 -4 -3 -1 -3 -4 -4 -4  5  2 -3  1  0 -3 -3 -1 -3 -2  3    0   0   0   0   0   0   0   0   0 100   0   0   0   0   0   0   0   0   0   0  0.43 0.01
   67 S    1 -1  1  0 -1  0  0  0 -1 -3 -3  0 -2 -3 -1  4  1 -3 -2 -2    0   0   0   0   0   0   0   0   0   0   0   0   0   0   0 100   0   0   0   0  0.49 0.01
   68 L   -2 -2 -4 -4 -1 -2 -3 -4 -3  2  4 -3  2  0 -3 -3 -1 -2 -1  1    0   0   0   0   0   0   0   0   0   0 100   0   0   0   0   0   0   0   0   0  0.48 0.01
   69 V    0 -3 -3 -3 -1 -2 -3 -3 -3  3  1 -3  1 -1 -3 -2  0 -3 -1  4    0   0   0   0   0   0   0   0   0   0   0   0   0   0   0   0   0   0   0 100  0.38 0.01
   70 L   -2 -2 -4 -4 -1 -2 -3 -4 -3  2  4 -3  2  0 -3 -3 -1 -2 -1  1    0   0   0   0   0   0   0   0   0   0 100   0   0   0   0   0   0   0   0   0  0.48 0.01
   71 C   -1 -4 -3 -4  9 -3 -4 -3 -3 -1 -2 -3 -2 -3 -3 -1 -1 -3 -3 -1    0   0   0   0 100   0   0   0   0   0   0   0   0   0   0   0   0   0   0   0  1.32 0.02
   72 G    0 -3 -1 -1 -3 -2 -2  6 -2 -4 -4 -2 -3 -3 -2  0 -2 -3 -3 -3    0   0   0   0   0   0   0 100   0   0   0   0   0   0   0   0   0   0   0   0  1.07 0.01
   73 A    2 -2 -2 -3 -1 -2 -2 -1 -3  2  0 -2  0 -1 -2  0  0 -3 -2  3   44   0   0   0   0   0   0   0   0  18   0   0   0   0   0   0   0   0   0  38  0.21 0.01
   74 L   -2 -2 -4 -4 -1 -2 -3 -4 -3  2  4 -3  2  0 -3 -3 -1 -2 -1  1    0   0   0   0   0   0   0   0   0   0 100   0   0   0   0   0   0   0   0   0  0.48 0.01
   75 L   -2 -2 -4 -4 -1 -2 -3 -4 -3  2  4 -3  2  0 -3 -3 -1 -2 -1  1    0   0   0   0   0   0   0   0   0   0 100   0   0   0   0   0   0   0   0   0  0.48 0.01
   76 I   -1 -3 -3 -3 -1 -3 -3 -4 -3  4  1 -3  1 -1 -3 -2  0 -3 -1  4    0   0   0   0   0   0   0   0   0  44   0   0   0   0   0   0   0   0   0  56  0.36 0.01
   77 S    2 -2 -2 -2 -1 -2 -2 -2 -2  2  0 -2  0 -1 -2  1  0 -3 -2  2   21   0   0   0   0   0   0   0   0  20   0   0   0   0   0  22   0   0   0  37  0.16 0.00
   78 A    1 -1  5  0 -2  0 -1 -1  0 -2 -3  0 -2 -3 -2  1  2 -3 -2 -2   22   0  56   0   0   0   0   0   0   0   0   0   0   0   0   0  21   0   0   0  0.38 0.01
   79 L   -1 -3 -3 -4 -1 -2 -3 -4 -3  2  3 -3  2  0 -3 -2 -1 -2 -1  3    0   0   0   0   0   0   0   0   0   0  63   0   0   0   0   0   0   0   0  37  0.35 0.01
   80 Y   -2 -2 -2 -3  5 -2 -3 -3  1 -2 -1 -2 -1  3 -3 -2 -2  2  7 -1    0   0   0   0  20   0   0   0   0   0   0   0   0   0   0   0   0   0  80   0  0.74 0.02
   81 Y   -2 -2 -2 -3  5 -2 -3 -3  1 -2 -1 -2 -1  3 -3 -2 -2  2  7 -1    0   0   0   0  20   0   0   0   0   0   0   0   0   0   0   0   0   0  80   0  0.74 0.02
   82 S    1 -1  0 -1 -1 -1 -1 -1 -1 -2 -2 -1 -1  2 -1  4  1 -2  0 -2    0   0   0   0   0   0   0   0   0   0   0   0   0  20   0  80   0   0   0   0  0.32 0.01
   83 R   -2  6 -1 -2 -4  1  0 -3  0 -3 -2  2 -2 -3 -2 -1 -1 -3 -2 -3    0 100   0   0   0   0   0   0   0   0   0   0   0   0   0   0   0   0   0   0  0.80 0.02
   84 H   -1  2  2 -1  6  0 -1 -2  4 -3 -2  0 -2 -3 -3 -1 -1 -3 -1 -2    0  21  20   0  37   0   0   0  22   0   0   0   0   0   0   0   0   0   0   0  0.43 0.01
   85 P    0 -1  0 -1 -2 -1 -1 -1 -2 -3 -3 -1 -2 -3  6  3  1 -3 -2 -2    0   0   0   0   0   0   0   0   0   0   0   0   0   0  44  56   0   0   0   0  0.82 0.01
   86 Y   -2 -1  0 -2 -3  0 -1 -3  8 -3 -3 -1 -2  0 -3 -1 -2 -1  4 -3    0   0   0   0   0   0   0   0  78   0   0   0   0   0   0   0   0   0  22   0  0.78 0.02
   87 V    2 -2 -3 -3 -1 -2 -2 -2 -3  2  0 -2  0 -1 -2  0  0 -3 -2  3   37   0   0   0   0   0   0   0   0   0   0   0   0   0   0   0   0   0   0  63  0.23 0.01
   88 I   -1 -3 -3 -3 -1 -3 -3 -4 -4  4  1 -3  1  0 -3 -2 -1 -3 -1  3    0   0   0   0   0   0   0   0   0  62   0   0   0   0   0   0   0   0   0  38  0.37 0.01
   89 I   -1 -3 -3 -3 -1 -3 -3 -4 -3  4  1 -3  1 -1 -3 -2  0 -3 -1  4    0   0   0   0   0   0   0   0   0  44   0   0   0   0   0   0   0   0   0  56  0.36 0.01
   90 T    2 -1  0 -1 -1 -1 -1 -1 -2 -1 -2 -1 -1 -2 -1  3  3 -3 -2 -1   20   0   0   0   0   0   0   0   0   0   0   0   0   0   0  37  44   0   0   0  0.34 0.01
   91 P   -1  0 -1 -1 -3  3  0 -2  4 -3 -3  0 -2 -3  6 -1 -1 -3 -1 -3    0   0   0   0   0  37   0   0  20   0   0   0   0   0  44   0   0   0   0   0  0.83 0.01
   92 I   -2 -3 -4 -3 -1 -3 -4 -4 -4  5  2 -3  1  0 -3 -3 -1 -3 -2  3    0   0   0   0   0   0   0   0   0 100   0   0   0   0   0   0   0   0   0   0  0.43 0.01
   93 V    0 -3 -3 -3 -1 -2 -3 -3 -3  3  1 -3  1 -1 -3 -2  0 -3 -1  4    0   0   0   0   0   0   0   0   0   0   0   0   0   0   0   0   0   0   0 100  0.38 0.01
   94 D   -2 -2  1  6 -4  0  2 -2 -1 -3 -4 -1 -3 -4 -2  0 -1 -5 -3 -3    0   0   0 100   0   0   0   0   0   0   0   0   0   0   0   0   0   0   0   0  0.98 0.02
   95 S    2 -1  0 -1 -1 -1 -1  2 -1 -3 -3 -1 -2 -3 -1  3  1 -3 -2 -2   18   0   0   0   0   0   0  18   0   0   0   0   0   0   0  63   0   0   0   0  0.38 0.01
   96 G    0 -1  0  1 -3  1  4  4 -1 -4 -3  0 -3 -3 -2  0 -1 -3 -3 -3    0   0   0   0   0   0  56  44   0   0   0   0   0   0   0   0   0   0   0   0  0.56 0.01
   97 T   -1 -2 -2 -3 -1 -1 -2 -3 -2  2  1 -2  5  0 -2 -1  2 -2 -1  1    0   0   0   0   0   0   0   0   0  18   0   0  60   0   0   0  22   0   0   0  0.25 0.01
   98 N   -2 -1  4  5 -3  0  1 -1  0 -3 -4 -1 -3 -4 -2  0 -1 -4 -3 -3    0   0  44  56   0   0   0   0   0   0   0   0   0   0   0   0   0   0   0   0  0.71 0.01
   99 G    1 -2  0  2 -2 -1 -1  5 -2 -3 -3 -1 -3 -3 -2  0 -1 -3 -3 -3   18   0   0  21   0   0   0  60   0   0   0   0   0   0   0   0   0   0   0   0  0.59 0.01
  100 S    2 -2 -1 -2 -1 -1 -2  2 -2  1 -1 -1 -1 -2 -2  1  0 -3 -2  2   21   0   0   0   0   0   0  18   0   0   0   0   0   0   0  22   0   0   0  38  0.17 0.00
  101 I    1 -2 -1 -2 -2 -2 -2  4 -2  1 -1 -2 -1 -2 -2  0 -1 -3 -3  0   21   0   0   0   0   0   0  56   0  22   0   0   0   0   0   0   0   0   0   0  0.43 0.01
  102 S    1 -2  0 -1 -2 -1 -1  5 -2 -3 -3 -1 -2 -3 -2  3  0 -3 -3 -3    0   0   0   0   0   0   0  56   0   0   0   0   0   0   0  44   0   0   0   0  0.58 0.01
  103 S    1 -1  0 -1 -1 -1 -1 -1 -1 -2 -2 -1 -1  2 -1  4  1 -2  0 -2    0   0   0   0   0   0   0   0   0   0   0   0   0  21   0  79   0   0   0   0  0.31 0.01
  104 S    1  0  4  0 -2  2  0 -1  0 -3 -3  0 -1 -3 -1  2  0 -3 -2 -2   18   0  38   0   0  21   0   0   0   0   0   0   0   0   0  22   0   0   0   0  0.34 0.01
  105 T   -1  0  0  0 -3  4  3 -2  0 -2 -2  1 -1 -3 -1  0  2 -3 -2 -2    0   0   0   0   0  52  24   0   0   0   0   0   0   0   0   0  24   0   0   0  0.45 0.01
  106 E   -1  3  0  1 -4  2  5 -2  0 -3 -3  1 -2 -3 -2  0 -1 -3 -2 -3    0  26   0   0   0   0  74   0   0   0   0   0   0   0   0   0   0   0   0   0  0.61 0.01
  107 E    0 -1  0  0 -2  0  2 -2 -1 -1  0  0  3 -2 -1  2  2 -3 -2 -1    0   0   0   0   0   0  24   0   0   0   0   0  26   0   0  26  24   0   0   0  0.20 0.01
  108 S    0 -2 -1  2 -1 -1 -1 -2 -2  1 -1 -1  0 -2 -2  1  0 -3 -2  3    0   0   0  24   0   0   0   0   0   0   0   0   0   0   0  24   0   0   0  52  0.16 0.01
  109 S    2 -1 -1 -1 -1 -1 -1 -1 -2 -2 -2 -1 -1 -3  4  2  2 -3 -2 -1   26   0   0   0   0   0   0   0   0   0   0   0   0   0  24  24  26   0   0   0  0.45 0.01
  110 S    0 -2 -1 -1 -2 -2 -2  4 -2 -1 -2 -1 -1 -2 -2  1  0 -3 -2  1    0   0   0   0   0   0   0  52   0   0   0   0   0   0   0  24   0   0   0  24  0.39 0.01
  111 L   -2 -2 -4 -4 -1 -2 -3 -4 -3  2  4 -3  2  0 -3 -3 -1 -2 -1  1    0   0   0   0   0   0   0   0   0   0 100   0   0   0   0   0   0   0   0   0  0.49 0.01
  112 D   -2 -2  3  4 -3 -1  0 -2 -1  1 -1 -1 -1 -2 -2  0 -1 -4 -2  0    0   0  26  48   0   0   0   0   0  26   0   0   0   0   0   0   0   0   0   0  0.37 0.01
  113 E    0 -1  0  3 -2  1  3 -1 -1 -2 -2  0 -2 -2 -1  2  0 -2 -2 -2    2   1   1  25   1   1  25   2   1   1   2   2   1   1   1  28   2   0   1   2  0.28 0.00
  114 S    0 -1  0  0 -1  0  2 -1 -1  0 -1  0 -1 -2 -1  1  0 -2 -1  1    2   1   1   1   1   1  28   2   1   1   2   2   1   1   1  26   2   0   1  25  0.12 0.00
  115 I    0 -1  0 -1 -1 -1 -1 -1 -1  1  0 -1  0 -1 -1  2  2 -2 -1  1    2   1   1   1   1   1   2   2   1  25   2   2   1   1   1  26  28   0   1   2  0.12 0.00
  116 E   -1  0  3  1 -2  1  4 -1  0 -2 -2  0 -2 -2 -1  0  0 -2 -2 -2    2   1  27   1   1   1  49   2   1   1   2   2   1   1   1   2   2   0   1   2  0.35 0.01
  117 V   -1 -2 -2 -2 -1 -1 -2 -2 -2  2  3 -2  1  0 -2 -1 -1 -1 -1  2    2   1   1   1   1   1   2   2   1   1  52   2   1   1   1   2   2   0   1  26  0.17 0.00
  118 S    0 -1  0  0 -2  0  2 -1 -1  1 -1  0 -1 -2 -1  3  0 -3 -2  0    0   0   0   0   0   0  24   0   0  26   0   0   0   0   0  50   0   0   0   0  0.19 0.01
  119 A    2 -2 -1 -1 -2  0  2  3 -2  0 -1 -1 -1 -2 -2  0 -1 -3 -2  1   24   0   0   0   0   0  26  26   0   0   0   0   0   0   0   0   0   0   0  24  0.20 0.01
  120 T    0 -1  0  3 -2 -1  0 -1 -1 -2 -2 -1 -1 -3 -1  2  4 -3 -2 -1    0   0   0  26   0   0   0   0   0   0   0   0   0   0   0  24  50   0   0   0  0.37 0.01
  121 S    0 -1  0 -1 -1 -1 -1 -1 -2 -2 -2 -1 -2 -3  4  3  3 -3 -2 -1    0   0   0   0   0   0   0   0   0   0   0   0   0   0  24  50  26   0   0   0  0.51 0.01
  122 V   -1 -2 -2 -2 -1 -2 -2 -2 -2  2  1 -2  0  3 -2 -1 -1 -1  1  2    2   1   1   1   1   1   2   2   1  25   2   2   1  27   1   2   2   0   1  25  0.14 0.00
  123 S    0 -1  0 -1 -2  0 -1 -2  4 -2 -2 -1 -2 -2  4  2  2 -3 -1 -2    0   0   0   0   0   0   0   0  26   0   0   0   0   0  24  24  26   0   0   0  0.46 0.01
  124 V   -1 -3 -3 -4 -1 -3 -3 -4 -3  3  2 -3  1  0 -3 -2 -1 -3 -1  3    0   0   0   0   0   0   0   0   0  24  26   0   0   0   0   0   0   0   0  50  0.33 0.01
  125 L   -1 -2 -1  2 -2 -2 -1 -3 -3  2  2 -2  1 -1 -2 -2 -1 -3 -2  3    0   0   0  26   0   0   0   0   0   0  24   0   0   0   0   0   0   0   0  50  0.19 0.01
  126 D    0 -2  1  4 -3 -1  0  3 -1 -3 -4 -1 -3 -3 -2  2  0 -4 -3 -3    0   0   0  48   0   0   0  26   0   0   0   0   0   0   0  26   0   0   0   0  0.50 0.01
  127 S    0 -1  1  5 -2  0  1 -1 -1 -3 -3 -1 -2 -3 -1  3  0 -4 -3 -3    0   0   0  52   0   0   0   0   0   0   0   0   0   0   0  48   0   0   0   0  0.53 0.01
  128 T    0 -2 -1 -2 -1 -2 -2 -3 -3  1  0 -2  0 -2 -2  0  3 -3 -2  3    0   0   0   0   0   0   0   0   0   0   0   0   0   0   0   0  48   0   0  52  0.27 0.01
  129 I   -2 -3 -4 -4 -1 -3 -3 -4 -3  4  3 -3  1  0 -3 -3 -1 -3 -1  2    0   0   0   0   0   0   0   0   0  74  26   0   0   0   0   0   0   0   0   0  0.39 0.01
  130 D   -1 -1  1  4 -4  0  3  3 -1 -4 -4  0 -3 -4 -2  0 -1 -4 -3 -3    0   0   0  48   0   0  26  26   0   0   0   0   0   0   0   0   0   0   0   0  0.57 0.01
  131 D   -2 -1  1  6 -4  0  3 -2 -1 -3 -4  0 -3 -4 -2  0 -1 -4 -3 -3    0   0   0  74   0   0  26   0   0   0   0   0   0   0   0   0   0   0   0   0  0.80 0.01
  132 R   -1  2 -1 -1 -3  0  2  2 -1  0 -2  0 -1 -2 -2 -1 -1 -3 -2  1    0  24   0   0   0   0  26  24   0   0   0   0   0   0   0   0   0   0   0  26  0.18 0.01
  133 E   -1 -1 -2  0 -2  0  3 -3 -1  0  3 -1  1 -1 -2 -1 -1 -2 -2  0    0   0   0   0   0   0  48   0   0   0  52   0   0   0   0   0   0   0   0   0  0.26 0.01
  134 S    0 -1  0  0 -2  0  2 -1 -1 -3 -3  0 -2 -3  4  3  0 -3 -2 -2    0   0   0   0   0   0  26   0   0   0   0   0   0   0  26  48   0   0   0   0  0.54 0.01
  135 S    0 -1  0  0 -2  0  2 -1 -1 -1  1  0  0 -2 -1  3  0 -3 -2 -1    0   0   0   0   0   0  26   0   0   0  26   0   0   0   0  48   0   0   0   0  0.19 0.01
  136 D    1 -1  3  3 -2  0  3 -1 -1 -3 -3  0 -2 -3 -1  0 -1 -4 -2 -2   26   0  24  24   0   0  26   0   0   0   0   0   0   0   0   0   0   0   0   0  0.37 0.01
  137 D    0 -2 -1  2 -1 -1  0 -2 -2  1  0 -1  0 -1 -1 -1  0 -2 -1  3    2   1   1  25   0   1   1   2   1   1   2   1   1   1   1   2   1   0   1  54  0.13 0.01
  138 D   -1 -2  1  6 -3  0  1 -1 -1 -3 -4 -1 -3 -3 -1  2  0 -4 -3 -3    0   0   0  74   0   0   0   0   0   0   0   0   0   0   0  26   0   0   0   0  0.68 0.01
  139 F   -1 -1 -2 -3 -2 -1 -2 -3 -2  0  0  1  0  5 -3 -2 -1 -1  1  1    0   0   0   0   0   0   0   0   0   0   0  26   0  48   0   0   0   0   0  26  0.23 0.01
  140 V    0 -3 -3 -3 -1 -2 -3 -3 -3  3  1 -3  1 -1 -3 -2  0 -3 -1  4    0   0   0   0   0   0   0   0   0   0   0   0   0   0   0   0   0   0   0 100  0.39 0.02
  141 L   -2 -2 -1  2 -2 -2 -1 -3 -2  1  3 -2  1  0 -3 -2 -1 -2 -2  0    0   0   0  26   0   0   0   0   0   0  74   0   0   0   0   0   0   0   0   0  0.28 0.01
  142 A    1 -1  0  3 -2  0  2 -2 -1  0 -1 -1 -1 -3 -2  0 -1 -3 -2  1   24   0   0  26   0   0  26   0   0   0   0   0   0   0   0   0   0   0   0  24  0.22 0.01
  143 E   -1  3  0  1 -4  2  5 -2  0 -3 -3  1 -2 -3 -2  0 -1 -3 -2 -3    0  26   0   0   0   0  74   0   0   0   0   0   0   0   0   0   0   0   0   0  0.61 0.01
  144 T    0 -1  0 -1 -1 -1 -1 -2 -2  0 -1 -1  0 -2 -1  2  3 -3 -2  2    0   0   0   0   0   0   0   0   0   0   0   0   0   0   0  26  48   0   0  26  0.26 0.01
  145 P   -1 -2 -2 -1 -3  0  2 -3 -2 -1  1 -1 -1 -2  6 -1 -1 -3 -2 -1    0   0   0   0   0   0  26   0   0   0  26   0   0   0  48   0   0   0   0   0  0.75 0.01
  146 E    3 -1  0  3 -2  0  3 -1 -1 -2 -2  0 -2 -3 -1  0 -1 -3 -2 -1   47   0   0  20   0   0  33   0   0   0   0   0   0   0   0   0   0   0   0   0  0.35 0.02
  147 S    1 -1  0 -1 -1 -1 -1 -1 -1 -1  0 -1 -1 -2 -1  3  2 -3 -2 -1    0   0   0   0   0   0   0   0   0   0  16   0   0   0   0  64  20   0   0   0  0.29 0.02
  148 Y    0 -2 -2 -3 -1 -2 -2 -3  0  1  0 -2  0  1 -2  1  0  0  4  2    0   0   0   0   0   0   0   0   0   0   0   0   0   0   0  20   0   0  33  47  0.23 0.02
  149 S    2 -1 -1 -1 -1 -1 -1 -1 -2 -1  0 -1  0 -2 -1  3  1 -3 -2 -1   29   0   0   0   0   0   0   0   0   0  20   0   0   0   0  51   0   0   0   0  0.23 0.02
  150 E   -1 -1 -2  0 -2  0  4 -3 -1  2  0 -1  0 -2 -2 -1 -1 -3 -2  2    0   0   0   0   0   0  51   0   0  29   0   0   0   0   0   0   0   0   0  20  0.25 0.02
  151 T    1 -1  0 -1 -1 -1 -1 -1 -2 -1 -2 -1 -1 -2 -1  3  2 -3 -2  1    0   0   0   0   0   0   0   0   0   0   0   0   0   0   0  65  17   0   0  18  0.30 0.02
  152 I    3 -2 -2 -3 -1 -2 -2 -1 -3  2  0 -2  0 -1 -2  0  0 -3 -2  3   47   0   0   0   0   0   0   0   0  17   0   0   0   0   0   0   0   0   0  36  0.22 0.01
  153 A    2 -2 -1 -2 -1 -1 -1 -1 -2  2 -1 -1  0 -2 -1  2  0 -3 -2  1   37   0   0   0   0   0   0   0   0  29   0   0   0   0   0  34   0   0   0   0  0.19 0.01
  154 A    2 -1 -1 -1 -1  0  2 -1 -1 -1 -1 -1 -1  3 -1  0 -1 -1  1 -1   34   1   1   1   0   1  21   1   0   1   2   1   0  30   1   1   1   0   1   1  0.15 0.01
  155 S    0 -1 -1 -1 -1 -1 -1 -1 -2  1  2 -1  1 -1 -1  2  0 -2 -1  1    1   1   1   1   0   1   1   1   0   1  31   1   0   1   1  34   1   0   1  21  0.10 0.01
  156 M    1 -2 -2 -2 -1 -1 -2 -2 -2  2  1 -1  4 -1 -2 -1  0 -2 -1  1   21   1   1   1   0   1   1   1   0  30   2   1  33   1   1   1   1   0   1   1  0.13 0.01
  157 L   -1 -1 -2 -2 -1 -1 -2 -2 -2  1  3 -1  1  0 -2  1  0 -2 -1  0    1   1   1   1   0   1   1   1   0   1  64   1   0   1   1  21   1   0   1   1  0.17 0.01
  158 D   -1 -2  1  5 -3  0  1 -1 -1 -3 -4 -1 -3 -3 -1  2  0 -4 -3 -3    0   0   0  71   0   0   0   0   0   0   0   0   0   0   0  29   0   0   0   0  0.67 0.02
  159 S   -1 -2 -1 -2 -2 -2 -2 -2  0 -1 -1 -2 -1  4 -2  2  0  1  5 -1    0   0   0   0   0   0   0   0   0   0   0   0   0  38   0  33   0   0  29   0  0.38 0.02
  160 S    0 -1  0 -1 -2  0 -1 -2  5 -1  1 -1  0 -1 -2  2  0 -3  0 -1    0   0   0   0   0   0   0   0  38   0  29   0   0   0   0  33   0   0   0   0  0.25 0.02
  161 T   -1 -2 -2 -3 -1 -2 -2 -3 -3  4  1 -2  1 -1 -2 -1  3 -3 -2  2    0   0   0   0   0   0   0   0   0  65   0   0   0   0   0   0  35   0   0   0  0.27 0.02
  162 V    3 -2 -2 -3 -1 -2 -2 -1 -2  0  0 -2  0  3 -2  0 -1 -1  1  1   54   0   0   0   0   0   0   0   0   0   0   0   0  29   0   0   0   0   0  17  0.22 0.02
  163 G   -1  5 -1 -2 -3  0 -1  3 -1 -4 -3  1 -2 -3 -2 -1 -1 -3 -2 -3    0  65   0   0   0   0   0  35   0   0   0   0   0   0   0   0   0   0   0   0  0.57 0.02
  164 E   -1 -1  0  4 -4  1  5 -2 -1 -4 -3  0 -3 -4 -1  0 -1 -4 -3 -3    0   0   0  29   0   0  71   0   0   0   0   0   0   0   0   0   0   0   0   0  0.71 0.02
  165 E   -1 -1 -1  1 -3  1  4 -3 -1 -1  1  0  0 -2 -2 -1 -1 -3 -2 -1    0   0   0   0   0   0  71   0   0   0  29   0   0   0   0   0   0   0   0   0  0.40 0.02
  166 F    0  0 -1 -1 -2  0 -1 -2 -1 -2 -1  2 -1  4 -2  2  0 -1  1 -2    0   0   0   0   0   0   0   0   0   0   0  29   0  33   0  38   0   0   0   0  0.21 0.02
  167 F   -1  2 -2 -2 -2 -1 -2 -2 -2  1  0 -1  2  2 -2  0  0 -2  0  2    0  20   0   0   0   0   0   0   0   0   0   0  18  17   0  16   0   0   0  29  0.10 0.01
  168 D   -1 -2  1  5 -3  0  1 -1 -1 -3 -4 -1 -3 -3 -1  2  0 -4 -3 -3    0   0   0  71   0   0   0   0   0   0   0   0   0   0   0  29   0   0   0   0  0.67 0.02
  169 E   -1  3  0  0 -4  1  4  2 -1 -4 -3  1 -2 -3 -2  0 -1 -3 -2 -3    0  29   0   0   0   0  53  18   0   0   0   0   0   0   0   0   0   0   0   0  0.46 0.02
  170 E   -1  0  0  1 -4  2  6 -2  0 -4 -3  1 -2 -4 -1  0 -1 -3 -2 -3    0   0   0   0   0   0 100   0   0   0   0   0   0   0   0   0   0   0   0   0  0.81 0.03
  171 S    0 -1  1 -1 -2  0  0 -1  5 -3 -3  0 -2 -2 -1  4  1 -3  0 -2    0   0   0   0   0   0   0   0  29   0   0   0   0   0   0  71   0   0   0   0  0.43 0.03
  172 T    0 -1  0 -1 -1 -1 -1 -2 -2  1 -1 -1 -1 -2 -1  2  4 -3 -2  0    0   0   0   0   0   0   0   0   0  16   0   0   0   0   0  29  54   0   0   0  0.30 0.02
  173 S    1 -1  0 -1 -1 -1 -1 -1 -2 -1  1 -1  0 -1 -1  3  1 -3 -2 -1    0   0   0   0   0   0   0   0   0   0  29   0   0   0   0  71   0   0   0   0  0.25 0.02
  174 I   -2 -3 -4 -4 -1 -3 -3 -4 -3  4  3 -3  1  0 -3 -3 -1 -3 -1  2    0   0   0   0   0   0   0   0   0  71  29   0   0   0   0   0   0   0   0   0  0.40 0.02
  175 L   -2 -2 -4 -4 -1 -2 -3 -4 -3  2  4 -3  2  0 -3 -3 -1 -2 -1  1    0   0   0   0   0   0   0   0   0   0 100   0   0   0   0   0   0   0   0   0  0.51 0.02
  176 N   -2 -1  4  5 -4  0  1 -1 -1 -4 -4 -1 -3 -4 -2  0 -1 -4 -3 -3    0   0  33  67   0   0   0   0   0   0   0   0   0   0   0   0   0   0   0   0  0.77 0.03
  177 A    1 -1  0 -1 -1 -1 -1 -1 -2 -1 -1 -1 -1 -2 -1  1  5 -3 -2  0   17   0   0   0   0   0   0   0   0   0   0   0   0   0   0   0  83   0   0   0  0.44 0.03
  178 A    4 -2 -2 -2 -1 -1 -1  0 -2 -2 -2 -1 -2 -3  5  1  0 -3 -2 -1   71   0   0   0   0   0   0   0   0   0   0   0   0   0  29   0   0   0   0   0  0.60 0.02
  179 F   -2 -3 -3 -4 -2 -3 -4 -4 -2  2  1 -3  0  6 -4 -3 -2  0  2  1    0   0   0   0   0   0   0   0   0  29   0   0   0  71   0   0   0   0   0   0  0.55 0.03
  180 N   -1  3  4  0 -3  4  1 -2  0 -3 -3  1 -1 -3 -2  0 -1 -3 -2 -3    0  29  33   0   0  38   0   0   0   0   0   0   0   0   0   0   0   0   0   0  0.48 0.02
  181 L   -1  0 -2 -3 -2 -1 -1 -3 -2  1  3  2  1  0 -2 -2 -1 -2 -1  0    0   0   0   0   0   0   0   0   0   0  71  29   0   0   0   0   0   0   0   0  0.25 0.02
  182 S    1 -1  0 -1 -1 -1 -1  3 -1 -3 -3 -1 -2 -3 -1  4  1 -3 -2 -2    0   0   0   0   0   0   0  29   0   0   0   0   0   0   0  71   0   0   0   0  0.46 0.02
  183 S    0 -1 -1 -2 -1 -1 -1 -2 -1 -1  1 -1  0  0 -2  3  0 -1  3 -1    0   0   0   0   0   0   0   0   0   0  29   0   0   0   0  51   0   0  20   0  0.18 0.02
  184 S    1 -1  0 -1 -1  0  0 -1 -1 -3 -3  0 -2 -3  3  4  1 -3 -2 -2    0   0   0   0   0   0   0   0   0   0   0   0   0   0  16  84   0   0   0   0  0.52 0.03
  185 I    1 -1  0 -1 -1 -1 -1 -1 -1  0 -1 -1 -1 -2 -1  4  2 -3 -2  0    0   0   0   0   0   0   0   0   0  17   0   0   0   0   0  67  16   0   0   0  0.29 0.02
  186 V    1 -1 -1 -1 -1 -1 -1 -1 -2  1  0 -1  0 -1 -1  0  2 -2 -1  2   19   2   1   2   1   1   2   2   1   2   3   2   1   1   2   2  21   0   1  37  0.10 0.01
  187 S    0 -1  1  4 -3  1  3 -1 -1 -3 -3  0 -2 -3 -1  2  0 -4 -3 -3    0   0   0  38   0   0  29   0   0   0   0   0   0   0   0  33   0   0   0   0  0.49 0.02
  188 D    1 -1  0  4 -3  1  4 -1 -1 -3 -3  0 -2 -3 -1  0 -1 -3 -3 -2   20   0   0  33   0   0  47   0   0   0   0   0   0   0   0   0   0   0   0   0  0.50 0.02
  189 D   -1 -2 -1  2 -3 -1 -1  3 -2 -2 -2 -1 -2  2  3  0  1 -2 -1 -2    0   0   0  17   0   0   0  29   0   0   0   0   0  16  20   0  18   0   0   0  0.35 0.01
  190 S    0 -2 -1 -2 -1 -1 -2 -2 -1  1  1 -1  0  0 -2  2  0 -1  2  2    0   0   0   0   0   0   0   0   0   0  18   0   0   0   0  37   0   0  16  29  0.13 0.01
  191 I   -1 -2 -2 -1 -2 -1  2 -4 -2  4  1 -1  0 -1 -2 -2 -1 -3 -2  2    0   0   0   0   0   0  29   0   0  71   0   0   0   0   0   0   0   0   0   0  0.23 0.02
  192 K   -1  5  0 -2 -3  1  0 -2 -1 -3 -2  3 -1 -3 -2  0  1 -3 -2 -2    0  63   0   0   0   0   0   0   0   0   0  17   0   0   0   0  20   0   0   0  0.51 0.02
  193 E   -1  0  0  1 -4  4  5 -2  0 -3 -3  1 -2 -4 -1  0 -1 -3 -2 -3    0   0   0   0   0  29  71   0   0   0   0   0   0   0   0   0   0   0   0   0  0.68 0.03
  194 E    1  0 -1  1 -3  1  5 -2 -1 -3 -3  0 -2 -3 -1  0 -1 -3 -2 -2   20   0   0   0   0   0  80   0   0   0   0   0   0   0   0   0   0   0   0   0  0.58 0.03
  195 D   -2 -2  1  6 -3 -1  1 -2 -1 -3 -3 -1 -3 -4 -2  0  1 -4 -3 -3    0   0   0  82   0   0   0   0   0   0   0   0   0   0   0   0  18   0   0   0  0.76 0.03
  196 S    2 -1  0  2 -1  0  0  0 -1 -2 -3 -1 -2 -3 -1  3  1 -3 -2 -2   20   0   0  18   0   0   0   0   0   0   0   0   0   0   0  62   0   0   0   0  0.37 0.02
  197 L   -1  3 -2 -2 -2 -1 -1 -2 -1  1  2  0  1 -1 -2 -1 -1 -2 -1  1    1  30   1   1   0   1   1   1   0   1  35   1   0   1   1   1   1   0   1  21  0.14 0.01
  198 E   -1 -1  0  3 -2  0  3 -2 -1 -1  1 -1  0 -2 -2  0  1 -3 -2 -1    0   0   0  20   0   0  33   0   0   0  29   0   0   0   0   0  18   0   0   0  0.22 0.01
  199 I    1  3 -2 -3 -2 -1 -2 -2 -1  2  0  0  0  0 -2 -1 -1 -1  3  1   18  29   0   0   0   0   0   0   0  33   0   0   0   0   0   0   0   0  20   0  0.15 0.01
  200 D   -2 -1  1  6 -4  0  3 -2 -1 -4 -4  0 -3 -4 -2  0 -1 -4 -3 -3    0   0   0  71   0   0  29   0   0   0   0   0   0   0   0   0   0   0   0   0  0.80 0.02
  201 L   -1 -1 -2 -1 -2  0  2 -3  0  1  1 -1  0  1 -2 -1 -1 -1  3  0    0   0   0   0   0   0  33   0   0  21  21   0   0   0   0   0   0   0  25   0  0.19 0.01
  202 D   -1 -1  3  4 -2  0  1 -1 -1 -3 -3  0 -2 -3 -2  2  0 -4 -3 -3    0   0  25  42   0   0   0   0   0   0   0   0   0   0   0  33   0   0   0   0  0.50 0.01
  203 L   -1 -3 -4 -4 -1 -2 -3 -4 -3  2  4 -3  2  0 -3 -3 -1 -2 -1  2    0   0   0   0   0   0   0   0   0   0  74   0   0   0   0   0   0   0   0  26  0.42 0.03
  204 S    0 -2  0 -1 -2 -1 -2  4 -2 -3 -3 -1 -2 -3 -2  3  2 -3 -3 -2    0   0   0   0   0   0   0  49   0   0   0   0   0   0   0  36  15   0   0   0  0.60 0.08
  205 W   -1 -1 -2 -2 -2  2 -1 -3 -2  0  2 -1  2 -1 -2  0  1  4 -1  1    0   0   0   0   0  16   0   0   0   0  34   0   9   0   0   8  14   9   0  10  0.22 0.06
  206 L   -2 -3 -4 -4 -2 -3 -4 -4 -4  2  4 -3  1  0 -3 -3 -1 -2 -2  2    0   0   0   0   0   0   0   0   0  14  74   0   0   0   0   0   0   0   0  12  0.55 0.09
  207 Y    1 -3 -3 -4  6 -3 -3 -3 -2  1 -1 -3 -1  4 -3 -1 -2 -1  2 -1   21   0   0   0  31   0   0   0   0  10   0   0   0  31   0   0   0   0   8   0  0.54 0.11
  208 D    0 -2  0  5 -3 -1  0  0 -2  0  0 -2 -1 -2 -2  1 -1 -4 -3 -1   12   0   0  46   0   0   0   8   0  12  13   0   0   0   0  10   0   0   0   0  0.32 0.08
  209 S    2 -2  1 -1 -2 -1 -1 -1  3  0 -2 -1 -2 -3  1  3  0 -3 -2  0   19   0   7   0   0   0   0   0  14   8   0   0   0   0   7  39   0   0   0   7  0.28 0.11
  210 Q    3 -2 -2 -2 -2  1 -1 -1 -2  0  0 -1 -1  1 -2  1  0 -3 -2 -1   47   0   0   0   0  11   0   0   0   6  11   0   0   7   0  12   4   0   0   0  0.26 0.13
  211 L   -2 -3 -4 -5 -2 -3 -4 -5 -4  3  4 -4  3  1 -4 -3 -2 -3 -2  0    0   0   0   0   0   0   0   0   0  18  65   0  11   6   0   0   0   0   0   0  0.70 0.20
  212 V    0 -3 -2 -3 -2 -2 -3 -1 -3  2  1 -2  0  2 -3  0  1 -2 -1  2    6   0   0   0   0   0   0   6   0  18  16   0   0  13   0   6  13   0   0  22  0.19 0.09
  213 I   -1 -3 -3 -3 -2 -2  0  1 -3  3  2 -2  3 -1 -3 -2 -1 -3 -2  2    0   0   0   0   0   0  11  13   0  25  18   0  14   0   0   0   0   0   0  20  0.27 0.13
  214 D   -2 -3 -1  4 -3 -2 -1  0  1  1  3 -3  0  1 -3 -2 -2 -3 -2  0    0   0   0  30   0   0   0   8   6   6  39   0   0   6   0   0   0   0   0   5  0.30 0.14
  215 A    1  0 -2 -2 -2  1 -2 -1 -2  3  0 -1  2 -2 -3  1  2 -3 -2  0   11   6   0   0   0   7   0   5   0  32   0   0  11   0   0  11  17   0   0   0  0.19 0.13
  216 E    1  0 -2 -2  3 -1  2  1 -2  1  1 -1 -1 -2 -3 -1 -1 -3 -2  0   20   8   0   0  10   0  19  10   0  11  17   0   0   0   0   0   0   0   0   5  0.14 0.10
  217 A    2 -3 -2 -2 -2 -2 -2  1 -3  1 -2 -2 -1 -3  2  1  4 -4 -3  0   20   0   0   0   0   0   0  10   0  13   0   0   0   0  10   6  37   0   0   5  0.35 0.16
  218 T    0 -2 -2 -3 -2  0 -2 -1 -2  1  2 -2  0 -1 -3 -1  3 -2  1  2    5   0   0   0   0   5   0   6   0   5  27   0   0   0   0   0  29   0   8  15  0.22 0.13
  219 V    0  0 -3 -3 -2 -2  0 -3 -3  2  2 -2  3  1 -3 -2 -1 -3 -2  3    8   5   0   0   0   0  10   0   0  10  21   0  11   5   0   0   0   0   0  30  0.24 0.12
  220 D   -1  1 -1  3 -3 -1  0 -1  2  2  0  0 -1 -2 -3 -2 -2 -4 -2  0    4   9   0  29   0   0   5   5   7  25   5   5   0   0   0   0   0   0   0   7  0.22 0.13
  221 A    3  0  1 -2 -2 -1 -2 -2 -2  0 -1 -1 -1 -2 -2  2 -1 -3  0  0   40   7   7   0   0   0   0   0   0   5   5   0   0   0   0  23   0   0   4   9  0.27 0.15
  222 T   -2  2  1 -2  1 -1  1 -3 -2  1  0 -1  3  0 -3 -1  2 -3 -2  0    0  15   7   0   4   0  13   0   0   8   7   0  17   5   0   0  19   0   0   5  0.18 0.13
  223 S    1 -1  1 -1 -2  0 -1  1 -1  0  0  1 -1 -2 -2  1  0 -2  0 -1   14   0  11   0   0   4   0  14   0  11  12  12   0   0   0  10   5   0   4   0  0.09 0.07
  224 Y    0  1 -2  0 -3 -1  1 -1  1  1 -1  1 -1  0 -2  0 -1 -1  5 -1    7   7   0   4   0   0   9   4   4  12   5  13   0   0   0   6   0   0  28   0  0.20 0.12
  225 V   -1  1 -2 -2  1 -1 -1  1 -2  1  0  1  3 -2  1  0 -1 -3 -2  1    1   8   0   0   4   0   4  12   0  10   8   9  17   0   7   7   0   0   0  13  0.10 0.09
  226 G    0  3  1 -2 -3 -1 -1  2  2 -2 -1  0 -2 -3  0  1 -1 -3 -2 -1    4  26   8   0   0   0   0  19   7   0   9   3   0   0   4  13   0   0   0   5  0.22 0.11
  227 E    0  2  1 -1 -4  0  2  0 -2 -4 -4  5 -3 -4 -2 -1 -1 -4 -3 -3    8   8   7   0   0   0  18   7   0   0   0  48   0   0   0   0   3   0   0   0  0.57 0.22
  228 M    0  1 -1 -2 -3 -1  1 -3 -2 -1  0  0  1  2  3 -1 -2 -2  1  0   11   9   4   0   0   0  15   0   0   0   7   4   4  15  17   0   0   0   5   7  0.22 0.12
  229 T    0  1 -1  0 -3  1 -1 -3  2 -2  1  1 -1 -3  2  0  2 -3 -2 -2    5   9   0   5   0   9   0   0   8   0  18   8   0   0  12   6  19   0   0   0  0.22 0.13
  230 S   -1 -2  1 -2 -3  0  0 -1  2 -1  0  0 -2 -1  4  0  0 -3 -1  1    0   0   8   0   0   2   6   3   7   0  10   6   0   3  25   9   6   0   2  13  0.30 0.13
  231 L   -3 -5 -5 -5 -3 -4 -5 -6 -5  6  2 -4  1  3 -5 -4 -3 -4 -2  1    0   0   0   0   0   0   0   0   0  63  16   0   3  12   0   0   0   0   0   6  0.99 0.30
  232 P   -3 -4 -4 -4 -5 -3 -3 -4 -4 -5 -5 -3 -5 -6  8  3 -3 -6 -5 -5    0   0   0   0   0   0   0   0   0   0   0   0   0   0  77  23   0   0   0   0  2.17 0.48
  233 K    0  1  1  1 -3  2  2  1 -1 -2 -2  2 -2 -1  1  0 -1 -3 -2 -3    6   7   6   8   0  12  12  10   0   2   2  16   0   4   6   5   3   0   0   0  0.22 0.10
  234 G   -1 -2  0  1 -4 -2  0  5  2 -5 -5  1 -4 -4 -1  1 -1 -4 -3 -4    3   0   2   8   0   0   7  50   6   0   0   8   0   0   2  12   2   0   0   0  0.66 0.21
  235 F   -3 -4 -5 -5  2 -5 -5 -5 -4  2  3 -5 -1  7 -5 -4 -3 -2  1  0    0   0   0   0   6   0   0   0   0  11  25   0   0  52   0   0   0   0   3   4  1.01 0.29
  236 L   -2  2 -1 -3 -3  0 -2 -4  2  0  4  0  2 -1 -4 -2 -2 -3 -2  0    2  12   3   0   0   4   0   0   6   2  50   8   7   2   0   3   0   0   0   3  0.37 0.19
  237 S    0  1  2  1  1  1  2 -1 -1 -3 -2  2 -2 -3 -2  1  0 -3  0 -3    7   7  11   6   4   4  19   3   0   0   3  17   0   0   0  12   3   0   4   0  0.25 0.12
  238 I   -1  0 -4 -4 -3 -3 -1 -4 -4  4  2 -1  0 -2 -4 -3 -1 -4 -3  4    3   6   0   0   0   0   6   0   0  30  15   3   0   0   0   0   3   0   0  35  0.47 0.20
  239 V   -3 -5 -5 -5 -3 -5 -5 -6 -5  6  3 -5  0  2 -5 -4 -3 -4 -2  1    0   0   0   0   0   0   0   0   0  63  26   0   0   7   0   0   0   0   0   4  1.04 0.31
  240 A    0  3 -2 -2  0  2  1  0 -1 -3 -2  3 -2 -1 -3 -1 -2 -3  1 -1    6  19   0   0   3  11  10   8   0   0   4  25   0   3   0   0   0   0   7   6  0.29 0.15
  241 K    0  2  2  2 -3  0  2 -1 -1 -3 -3  2 -2 -2 -2  1  0 -4 -3 -2   10  11  12  15   0   2  15   3   0   0   0  15   0   3   0   9   3   0   0   3  0.29 0.12
  242 N   -2  1  5 -1  0 -1  1 -3  6 -4 -2  1 -3 -1 -3 -1  0 -4 -2 -2    3   7  30   0   2   0  10   0  24   0   3   8   0   3   0   2   6   0   0   2  0.60 0.26
  243 Y   -4 -5 -5 -6  0 -4 -5 -6 -1 -3 -1 -5 -3  5 -6 -2 -4 -1  8 -4    0   0   0   0   2   0   0   0   0   0   3   0   0  27   0   4   0   0  64   0  1.82 0.50
  244 P   -3 -1 -4 -4 -5 -4 -4 -5 -5 -6 -6 -3 -5 -6  8  1 -3 -6 -6 -5    0   4   0   0   0   0   0   0   0   0   0   0   0   0  85  11   0   0   0   0  2.42 0.57
  245 R   -1  3 -2  0 -4  0  3 -2  0 -2 -2  3 -2 -3  1  0  0 -4 -1 -1    3  22   0   4   0   0  20   1   2   1   5  19   0   0   6   6   4   0   2   4  0.33 0.18
  246 I    1 -3 -1 -1  0 -2 -1 -3 -3  1 -1 -1  0  1  1  0  0 -3 -2  3   10   0   2   3   2   0   4   0   0   9   0   2   3   8   6  10   6   0   0  35  0.22 0.17
  247 I   -3 -5 -5 -5 -3 -5 -5 -6 -5  5  1 -5 -1  4 -5 -4 -3 -3 -2  3    0   0   0   0   0   0   0   0   0  47  11   0   0  20   0   0   0   0   0  21  0.95 0.34
  248 Y   -1 -2 -1 -3  4 -2 -3  0  3 -1 -1  0 -2  2  0  1 -2 -2  4  1    4   0   2   0  10   0   0   6   9   2   6   7   0  11   4  12   0   0  16  11  0.22 0.16
  249 Q   -1  0  1  4 -4  1  2 -3  1 -4 -3  1 -3 -3 -3  1  0 -4  0 -4    3   3   6  32   0   7  11   0   4   0   2  10   0   0   0  12   4   0   4   0  0.46 0.21
  250 I   -4 -5 -5 -6  1 -5 -5 -6  1  0  4 -5 -1  7 -5 -4 -4 -2  0 -1    0   0   0   0   3   0   0   0   4   3  40   0   0  47   0   0   0   0   0   3  1.11 0.38
  251 C   -1 -5 -5 -5  5 -4 -5 -5 -5  4  0 -4 -1  1 -5 -4 -2 -4 -3  4    3   0   0   0  14   0   0   0   0  30   7   0   0   7   0   0   0   0   0  39  0.84 0.31
  252 I   -1  2 -2 -3 -3  0  0 -3  1  2 -1  2  0  0 -3  0  1 -3 -2  2    3  12   0   0   0   2   6   0   4  20   2  14   2   5   0   7   7   0   0  15  0.18 0.15
  253 Q   -2  0  1  3 -5  3  4 -3 -2 -5 -4  3 -3 -5 -3 -2  1 -5 -4 -4    2   2   6  15   0  14  34   0   0   0   0  19   0   0   0   0   8   0   0   0  0.70 0.30
  254 E   -1 -1  0 -2 -5  6  4 -2  3 -5 -4  2 -3 -5 -3 -2 -3 -5 -3 -2    6   0   3   0   0  39  26   2   7   0   0  15   0   0   0   0   0   0   0   3  0.86 0.37
  255 F   -1  2  3  2  0  2  0 -1  2 -4 -4  3 -3 -1 -3  0 -2 -4 -2 -4    2  11  14  10   3  13   4   3   6   0   0  22   0   3   0   8   0   0   0   0  0.39 0.20
  256 L   -3 -4 -5 -5 -3 -4 -5 -5 -5  0  5 -4  0  1  2 -2 -3 -4 -3  1    0   0   0   0   0   0   0   0   0   3  70   0   0   4   9   4   0   0   0  10  0.90 0.36
  257 T   -1 -3  2 -1 -3 -2 -2 -3 -3 -4 -4 -1 -3 -5 -3  4  5 -5 -4 -3    4   0  12   3   0   0   0   0   0   0   0   4   0   0   0  36  42   0   0   0  0.88 0.40
  258 I   -3 -5 -5 -5 -3 -4 -5 -5 -5  5  3 -4  0  3  0 -4 -3 -3 -2  2    0   0   0   0   0   0   0   0   0  40  30   0   0  13   4   0   0   0   0  13  0.79 0.31
  259 Q    0 -1  0  0 -4  4  3 -2 -2 -2 -2  1 -2 -3 -1  0 -2  2  0 -3   10   0   5   2   0  27  22   3   0   3   4   9   0   0   2   5   0   4   4   0  0.40 0.24
  260 E   -4 -3  0  1 -6 -1  7 -5 -3 -6 -6  0 -5 -6 -4 -3 -1 -6 -5 -5    0   0   4   4   0   0  86   0   0   0   0   3   0   0   0   0   4   0   0   0  1.71 0.57
  261 L   -3 -4 -5 -5 -3 -4 -5 -5 -4  2  4 -4  1  3 -5 -4 -1 -3 -2  2    0   0   0   0   0   0   0   0   0  12  51   0   3  15   0   0   2   0   0  16  0.78 0.30
  262 R   -3  5  0 -1  1  0  0 -1  2  0 -2  2 -3  0 -4 -1 -3 -4 -3 -3    0  46   4   2   4   2   4   4   6   7   4   9   0   5   0   3   0   0   0   0  0.56 0.27
  263 L    1 -2 -1 -2  0  2  3 -3  1  0  1 -1  0 -3 -3  1  0 -4 -3  0   13   0   3   0   2  13  23   0   4   6  15   0   2   0   0   9   5   0   0   5  0.23 0.21
  264 L   -3 -5 -5 -6 -4 -5 -5 -6 -4  2  3 -5 -1  5 -5 -4 -3 -3 -1  3    0   0   0   0   0   0   0   0   0  10  33   0   0  33   0   0   0   0   0  24  0.92 0.39
  265 I   -2 -5 -5 -5 -3 -4 -5 -6 -5  5  4 -5  2  0 -5 -4 -3 -4 -3  1    3   0   0   0   0   0   0   0   0  41  41   0   5   3   0   0   0   0   0   7  0.91 0.38
  266 D    0 -2  2  3 -3 -1  0  0  1 -1 -2  0 -2 -3  0  3  0 -4 -3 -2    4   0  11  17   0   0   6   6   5   3   5   4   0   0   4  29   3   0   0   2  0.29 0.20
  267 G    1 -2 -2 -3  3 -2 -2  2  0  1  0  0  0  1 -3  0 -1 -2  2  1   11   0   0   0   8   0   0  17   2   7   6   6   3   7   0   8   0   0   9  14  0.15 0.14
  268 L   -3 -4 -5 -5 -3 -4 -5 -5 -5  2  5 -4  2 -2 -5 -4 -3  3 -3  1    0   0   0   0   0   0   0   0   0   8  70   0   5   0   0   0   0   4   0   9  1.01 0.41
  269 I   -1  0  3  0 -3 -1  0 -1  1  1 -2  1 -2 -3 -3  1 -1 -4 -3  1    5   3  22   5   0   0   6   4   3  12   1  12   0   0   0  15   0   0   0  10  0.21 0.18
  270 E   -2  1  0  1 -3  3  1 -2  1 -3 -2  1 -2  1 -3  3  0 -3 -2 -2    0   8   4   7   0  15   7   2   4   0   3   9   0   8   0  25   6   0   0   2  0.27 0.25
  271 S    0  1 -1 -2 -3 -1  0  3  2  0 -3  1  0 -3 -1  1  0 -4 -3  0    4   8   2   0   0   0   5  25   7   8   0  10   2   0   3  14   4   0   0   7  0.23 0.21
  272 R   -1  2  2  0 -3 -1  1  1 -2 -3 -1  2 -2 -3 -3  1  1 -4 -1 -2    4  10   9   6   0   0   7  10   0   0   9  19   0   0   0  14   8   0   2   2  0.20 0.19
  273 K   -1 -1  2  2 -3 -1 -1 -1 -2 -1 -1  1 -2  1  0  1  0 -3  1  0    4   2  11  15   0   0   0   4   0   3   7   9   0   6   3  16   6   0   6   8  0.12 0.15
  274 L   -3 -1  0 -1 -3  0 -3 -2  1  1  3 -1  1  2 -4 -2  0  2  0  0    0   4   6   4   0   5   0   3   4   7  35   3   2   9   0   2   5   3   3   3  0.21 0.21
  275 E    0  0  0  2  1 -1  2  1  1 -3 -3  0 -2  1 -2  1  0 -2  1 -2    7   3   4  11   3   0  14  13   3   0   1   6   0   9   0  10   7   0   6   1  0.16 0.14
  276 N   -1  0  3  0  1 -1  0 -1  1 -2 -1  1  2  1  2  0  0 -3 -2 -1    4   4  16   4   3   0   4   4   4   1   4  10   8   8   9   6   5   0   0   4  0.14 0.14
  277 Y    0 -2 -2 -2 -2 -2 -2 -2 -2  1  1 -2  2  2  2  0 -1 -1  2  1   11   1   0   1   0   0   1   1   0  11  11   1  10  10  11  11   1   0  10  11  0.15 0.09
  278 P   -2 -4 -3 -3 -4 -3 -3 -3 -4 -4 -2 -3 -3 -1  6  4  1 -5 -4 -4    0   0   0   0   0   0   0   0   0   0   5   0   0   3  40  44   7   0   0   0  1.15 0.40
  279 E   -1  0  0  0 -4  0  3 -3 -2 -1 -3  1 -3 -4  5  0 -2 -5 -4 -1    3   4   6   3   0   3  24   0   0   4   2   8   0   0  30   8   0   0   0   5  0.59 0.23
  280 N    0  0  2  2 -3  1  2 -2  1 -3 -2  1 -2 -3  0  2 -1 -4 -1 -2    4   4   9  12   0   7  12   0   5   0   2   7   0   0   5  23   1   0   3   4  0.27 0.15
  281 L   -2 -4 -2 -5  3 -4 -4 -5 -4  1  5 -4  0  0 -2 -3 -1 -3 -2  0    2   0   2   0   7   0   0   0   0   5  70   0   0   3   2   0   2   0   0   4  0.77 0.29
  282 R   -3  4  0 -1 -4  4 -1 -3  1 -4 -2  3 -2  0 -3  0 -2 -3  3 -4    0  24   4   3   0  25   0   0   3   0   3  17   0   5   0   6   0   0  11   0  0.56 0.26
  283 M   -1 -1  1  0 -4  2  4 -1 -2 -1 -2  3  0 -4 -3  0 -1 -4 -1 -2    2   0   9   3   0   7  32   4   0   3   2  22   2   0   0   5   3   0   2   2  0.38 0.20
  284 K   -1  1 -1 -3 -5 -1 -2 -4 -3 -2 -2  7 -3 -5 -4 -3 -3 -5 -4 -4    4   4   2   0   0   0   0   0   0   2   3  84   0   0   0   0   0   0   0   0  1.42 0.48
  285 L    1 -4 -5 -5 -3 -4 -4 -4 -4  3  3 -4  0  1 -4 -3 -2 -3 -2  3   12   0   0   0   0   0   0   0   0  23  34   0   0   6   0   0   0   0   0  25  0.58 0.24
  286 Q    0  1  0  1  0  2  2 -3  0 -1  0  0 -1 -3 -2  0  1 -3 -2 -1    7  11   5   7   2  10  19   0   2   4  11   3   1   0   0   6   8   0   0   3  0.17 0.11
  287 S    2  1  1  2 -1  0  0 -2 -2 -3 -2  1 -2 -4 -2  2  0 -4 -3 -2   21   9   6  14   1   3   2   0   0   0   5  11   0   0   0  22   5   0   0   0  0.28 0.17
  288 S   -4 -5 -5 -5 -4 -5 -5 -2 -3 -3 -2 -5 -2  8 -1 -2 -4 -1  5 -3    0   0   0   0   0   0   0   3   0   0   2   0   0  70   4   3   0   0  17   0  1.58 0.45
  289 R   -2  0  1  1 -4 -3 -3  6 -3 -5 -2 -3 -4 -5 -4 -1 -3 -4 -4 -4    0   6   6   7   0   0   0  71   0   0   4   0   0   0   0   3   0   0   0   0  1.15 0.35
  290 L   -3 -4 -2 -4 -3 -3 -1 -5 -3  4  2 -4  0  2 -4 -2 -2  5  2  2    0   0   2   0   0   0   5   0   0  31  22   0   0  11   0   3   0   9   6  11  0.50 0.22
  291 S   -1  0 -1  3 -4  0  4 -2 -2 -4 -2  2 -3 -4  2  1 -1 -4 -3 -3    4   3   0  15   0   2  31   2   0   0   4  17   0   0   8  11   2   0   0   0  0.47 0.21
  292 I   -1  4  3 -1 -4  0 -1 -1  1 -1  0  1 -2 -3 -3  0 -2  3  0 -3    3  32  18   3   0   1   1   3   3   5  10   5   0   0   0   8   0   4   3   0  0.34 0.20
  293 M   -2 -4 -5 -1 -3 -4 -4 -5 -4  2  5 -4  1  2 -5 -4 -3 -3 -2  1    3   0   0   4   0   0   0   0   0   7  69   0   2   8   0   0   0   0   0   6  0.81 0.30
  294 E   -1  1  0  1 -3  3  1 -3  0  0 -1  3  0 -3 -2 -1 -1 -3 -1 -1    3   6   4   7   0  19   9   0   3   5   7  23   2   0   0   2   3   0   3   5  0.23 0.14
  295 F   -1  1  1  1  1  1  1 -2 -1  1 -1  1 -1 -1 -2  0  0 -3 -2  1    2   7   6  10   4   7  12   1   0  13   4   8   0   3   1   6   4   0   0  10  0.08 0.07
  296 D    1  1 -1  3 -3 -1  3  1 -2 -3 -2  0 -2 -3 -2  1  0 -4 -3 -1   12   7   0  18   0   0  26  10   0   0   4   3   0   0   0  10   3   0   0   4  0.31 0.15
  297 C   -1 -3 -1 -1  6 -3 -3 -3 -3  2  2 -3  2  0 -3  1 -1 -3 -2  1    3   0   4   3  23   0   0   0   0  12  18   0   9   3   0  12   3   0   0  11  0.39 0.18
  298 R   -1  2  1  1 -3  2  2  0  1 -2  0  0 -1 -2 -1  0 -1 -3 -1 -1    4  12  10   9   0  10  13   9   4   0  14   1   0   0   3   5   0   0   3   4  0.14 0.10
  299 D   -1 -1  1  0 -3 -1 -1  3  1 -3 -1 -2 -2  0  0  0  0 -2  2 -3    4   4  10   4   0   3   2  28   4   0   8   0   0   5   4   8   7   0  10   0  0.22 0.13
  300 I    1 -1 -1 -2 -2  0  0 -1  0  1  0 -1  1  0 -2  1  2 -3  0  1   12   3   3   0   0   6   4   5   2  13   6   0   3   5   0   9  15   0   2  11  0.07 0.08
  301 E    0  0 -1  1  0  1  2 -1  3 -2 -1  0 -2 -2 -2  2  0 -3  1 -2    5   5   0   8   2   6  20   2   8   3   6   5   0   0   0  17   6   0   7   0  0.20 0.13
  302 L   -3 -1 -4 -2 -3  1 -3 -4 -3  0  4 -3  1  3 -1 -1 -2  3 -1 -1    0   3   0   3   0   7   0   0   0   3  56   0   2  13   3   6   0   4   0   0  0.53 0.25
  303 Q   -1  0  0  1  1 -1 -1 -3 -3 -2  0 -2 -2  0  6 -1 -1 -4 -3  0    4   6   5   9   4   1   2   0   0   0  11   0   0   6  38   5   2   0   0   6  0.58 0.20
  304 P   -2  0  0  4  0  1  0 -2  0 -4 -4  1 -3 -4  3  3  0 -4 -3 -3    0   3   3  26   2   8   4   0   3   0   0   8   0   0  13  26   4   0   0   0  0.49 0.21
  305 L   -3 -4 -5 -6 -3 -4 -5 -6 -4  2  5 -5  0  4 -5 -4 -3 -3 -1  0    0   0   0   0   0   0   0   0   0   8  67   0   0  21   0   0   0   0   0   4  1.01 0.33
  306 D   -3  1  1  4 -5 -1  5 -2 -2 -5 -5  1 -4 -5 -1 -1 -2 -5 -4 -4    0   9   6  27   0   0  41   2   0   0   0   9   0   0   3   3   0   0   0   0  0.80 0.29
  307 E    0 -2  3  3 -3 -1  2 -2  2 -2 -2  1 -2 -4 -1  1  0 -4 -3 -3    8   0  16  22   0   0  12   0   7   2   5   8   0   0   2  13   5   0   0   0  0.34 0.17
  308 I   -2 -4 -4 -4 -3 -3 -2 -5 -4  4  3 -4  0  2 -1 -3  0 -3 -2  2    0   0   0   0   0   0   3   0   0  26  37   0   0  10   3   0   5   0   0  16  0.53 0.22
  309 L   -2 -4 -5 -6  2 -4 -5 -5 -5  1  5 -4  1 -1 -5 -4 -3 -4  0 -1    3   0   0   0   5   0   0   0   0   7  79   0   3   0   0   0   0   0   3   0  1.05 0.35
  310 L   -2  0 -3 -1 -3  0  1 -4 -3  1  3  0  1  1 -3 -1  0 -3 -2 -1    0   5   0   2   0   3  10   0   0  10  43   6   1   6   0   4   8   0   0   0  0.26 0.17
  311 K   -1  2  0  2  0  2  3 -2 -1 -3 -3  2 -2 -4 -2  1  0 -4 -3 -3    2  10   3  13   2  12  21   0   0   0   0  19   0   0   0  12   6   0   0   0  0.36 0.09
  312 E   -2  0  4 -1 -3 -1  0 -2  5 -3 -3 -1 -2 -2 -3  1  1 -3  2 -2    0   5  33   0   0   0   6   0  21   0   0   0   0   0   0  15   7   0   9   4  0.46 0.14
  313 C   -2 -5 -4 -5 10 -4 -5 -4 -3 -3 -3 -4 -3  2 -4 -1 -2 -3  2 -2    0   0   0   0  77   0   0   0   0   0   0   0   0  11   0   5   0   0   7   0  1.79 0.30
  314 P   -2 -4 -4 -3  2 -3 -3 -4 -4 -4 -2 -3 -3  0  8 -2 -3 -5 -3 -3    0   0   0   0   6   0   0   0   0   0   5   0   0   5  84   0   0   0   0   0  2.01 0.28
  315 F   -3 -3 -4 -5  1 -3 -4 -4 -3  1  4 -4  2  5 -4 -3 -2  4  0  0    0   0   0   0   3   0   0   0   0   4  53   0   4  31   0   0   0   5   0   0  0.65 0.16
  316 Y   -3 -3 -3 -4  2  0 -3 -4  4 -2 -1 -3  1  3 -4 -3 -3  0  7 -1    0   0   0   0   5   5   0   0  10   0   3   0   4   9   0   0   0   0  59   5  0.94 0.21
  317 F   -4 -1 -5 -6 -4 -4 -5 -5 -4 -3  0 -5  0  5 -6 -5 -3 11  0 -4    0   4   0   0   0   0   0   0   0   0   7   0   3  27   0   0   2  57   0   0  2.21 0.46
  318 L   -3 -4 -5 -5 -3 -4 -4 -5 -4  3  5 -4  3  1 -4 -4 -3 -3 -2  0    0   0   0   0   0   0   0   0   0  15  68   0   8   6   0   0   0   0   0   2  0.85 0.27
  319 D   -1  1  2 -1 -3  0  0  0  0 -3 -2  3 -2  0 -2  3 -1 -3  1 -3    0   6  14   1   0   1   4   8   2   0   3  23   0   4   0  27   0   0   6   0  0.29 0.16
  320 K   -2  3  1 -1  0  1  2 -3  3 -4 -2  3 -2 -4 -3 -1  0 -4 -2 -3    0  22   6   0   3   3  18   0  10   0   4  28   0   0   0   0   6   0   0   0  0.49 0.20
  321 L   -4 -5 -5 -6 -4 -5 -5 -5 -4 -2  1 -5 -2  8 -6 -5 -4 -1  1 -3    0   0   0   0   0   0   0   0   0   0  14   0   0  86   0   0   0   0   0   0  1.81 0.44
  322 I   -2 -4 -4 -4  3 -4 -4 -4 -4  5  1 -4  1 -2 -4 -1  0 -4 -3  3    0   0   0   0   8   0   0   0   0  46   8   0   3   0   0   6   4   0   0  25  0.62 0.23
  323 A    0 -1  1  3 -3  2  2 -1 -1 -3 -2  1 -2 -1 -2  2 -1 -3  0 -3    8   0   8  19   0  12  15   2   0   0   2   7   0   2   0  17   2   0   4   0  0.29 0.13
  324 L    0 -2 -2 -3 -2 -2 -1 -3 -2  1  3  0  1  0 -3  0 -1 -2  0  1    6   0   0   0   0   0   5   0   0   5  46   7   3   2   0  12   3   0   3   7  0.22 0.12
  325 G    1 -3  0  0  0 -2 -1  5 -3 -3 -2 -1 -2 -1 -3  0 -1 -3 -3 -1    9   0   3   4   2   0   3  54   0   0   5   3   0   4   0   5   4   0   0   4  0.54 0.17
  326 D   -1  0  1  2 -3  0  2 -2  0 -3 -1 -1 -2 -1  4  2 -1 -3 -2 -3    3   4   6  12   0   4  15   0   2   0   7   0   0   3  24  19   0   0   0   0  0.41 0.14
  327 R   -2  3  1 -1 -4  1 -1 -3  2 -3 -3  4 -2 -3 -2  1  0 -3 -1 -3    0  18   5   3   0   7   0   0   6   0   2  41   0   0   0  12   3   0   2   0  0.49 0.19
  328 E   -1  1  2  3 -3  0  3 -2 -1 -3 -3  0 -3 -1 -2  1  0 -4 -3 -1    2   8  14  19   0   0  29   0   0   0   0   2   0   3   0  13   4   0   0   5  0.40 0.16
  329 L    0 -1 -2 -1  0 -1  0 -3 -2  1  1 -2  0  3  0 -1 -1 -2  1  1    6   3   0   4   2   3   8   0   0  10  14   0   0  21   5   3   0   0   4  16  0.12 0.08
  330 P   -1 -1  0  0  0 -2 -2  0 -3 -3  0  0 -2 -3  6  0 -1 -4 -3 -2    5   3   4   4   2   0   0   9   0   0  14   5   0   0  42   6   2   0   0   2  0.68 0.24
  331 I   -1 -1 -1 -2 -3  0  1  0  0  2  1  0  1 -2 -3  0  0  2 -2 -1    2   3   3   0   0   2  15   7   2  16  20   5   6   0   0   7   8   3   0   0  0.10 0.12
  332 A    1  0 -1  0 -2  0  0 -1  0 -2 -1 -1  0  0 -1  3  0 -3  0  0   12   5   0   6   0   4   6   4   3   1   3   0   4   4   2  32   4   0   3   6  0.16 0.15
  333 E   -1  1  0  1 -3  1  3 -1  2 -3 -2  1  0 -3 -2  2  0 -4 -2 -1    0   6   3   7   0   5  29   4   5   0   4   7   3   0   0  18   3   0   0   6  0.29 0.17
  334 R   -2  1  2  1 -3 -1  0  2  1 -2  0  0 -2 -1 -3  0 -1 -3  1 -3    0  11  13   9   0   0   5  18   4   0  15   7   0   3   0   4   3   0   8   0  0.17 0.14
  335 I    0 -1  1 -2  2 -1  0 -3 -2  1  2  1  2 -2 -3  0 -1 -3 -2  1    7   3   7   0   5   2   8   0   0  12  21  12   9   0   0   5   2   0   0   7  0.13 0.12
  336 S    1 -2  0  1 -3 -1  2 -1 -2 -2 -1  0  0 -3  0  2  1  1 -1 -1   14   0   3   8   0   0  17   3   0   0   8   4   2   0   3  16  12   2   3   5  0.15 0.13
  337 P   -2  0 -3 -3 -4  2 -2 -4 -3 -1  1  1 -2 -4  6 -1 -2 -4 -4 -1    0   5   0   0   0  14   0   0   0   4  17   8   0   0  43   4   0   0   0   5  0.85 0.31
  338 A    1 -1 -1 -1 -1 -1  2  2 -2  0 -1  0 -2 -3  0  0  0  0 -3 -1   14   3   2   0   1   0  21  19   0   7   6   6   0   0   4   8   7   2   0   1  0.18 0.14
  339 V    2 -3 -3 -2  1 -3 -3 -3 -3  2  0 -3  2 -1 -3  0 -1 -2  3  2   24   0   0   2   3   0   0   0   0  16   7   0   8   0   0   5   1   0  16  19  0.34 0.23
  340 Y   -5 -5 -2 -6  1 -4 -5 -2  1 -5 -4 -5 -4  1 -6 -5 -5 -1  9 -4    0   0   3   0   3   0   0   4   2   0   0   0   0   2   0   0   0   0  87   0  2.39 0.72
  341 W   -5 -5 -5 -6  3  1 -5 -3 -5 -5 -2 -5 -4  0 -6  0 -1 12 -1 -5    0   0   0   0   6   6   0   2   0   0   3   0   0   3   0  10   3  67   0   0  2.62 0.71
  342 T   -3 -4 -4 -5  3 -3 -4 -5 -4  1  4 -2  3  2 -4 -3  1 -3 -2  2    0   0   0   0   7   0   0   0   0   3  42   2   9   9   0   0  11   0   0  18  0.56 0.28
  343 S    0 -2  1 -3  0 -1 -3  4 -3 -3 -5 -1 -4 -5 -3  4 -1 -5 -4 -4    4   2   5   0   2   3   0  34   0   2   0   3   0   0   0  43   2   0   0   0  0.73 0.35
  344 R    0  4 -1 -1 -4 -1 -1  0  0 -4 -4  1 -3 -1  5 -2  0 -4 -3 -3    6  31   3   3   0   0   3   7   2   0   0   5   0   4  29   0   5   0   0   0  0.66 0.28
  345 L    0  0 -3 -3 -2 -2 -3 -3 -3  1  3 -1  1  0 -1 -1  1 -3 -2  0    6   4   0   0   0   0   0   0   0   9  44   4   4   3   3   5  12   0   0   4  0.30 0.19
  346 G    2 -2 -1  0 -1 -3 -3  6 -4 -4 -4 -3 -4 -4 -3 -2 -3 -4 -4 -2   21   2   3   5   2   0   0  62   0   0   0   0   0   0   0   0   0   0   0   3  1.02 0.36
  347 F   -1 -2 -3 -3  1  0 -3 -1  0 -1  3 -3  1  3  0 -1 -2 -2  1 -1    3   2   0   1   4   4   1   5   3   0  39   1   3  18   4   6   1   0   5   1  0.29 0.19
  348 V    1  1 -1 -1  3  0 -1 -1  2  0 -1 -1 -1 -2 -1  3  0 -3  0  0    9   7   0   3   7   3   3   3   6   5   7   1   0   0   2  29   4   0   4   5  0.14 0.13
  349 S   -1  1  1  3 -3  0  1 -2  1 -1 -1  0 -2  0 -1  1  0 -3  0 -2    2   7   9  19   0   3   8   1   4   5   6   6   0   6   3  16   3   0   3   2  0.16 0.11
  350 Q   -1  2  1 -1  1  2  1  1  0 -1 -2  1 -2 -2 -2  0  1 -3  0  0    3  11   9   0   3  10   9  14   2   3   1   8   0   0   0   8   8   0   4   7  0.14 0.10
  351 I    0  0  1 -1  1  0  0  0  1 -1 -1  1  0 -2  1  2  0 -2  1 -2    9   4   5   2   3   3   4   5   5   2   7  10   3   0   5  19   7   0   5   0  0.10 0.08
  352 N   -1 -1  2  3 -3 -1 -1  1 -2 -1 -1 -2 -2 -3  1  1  1 -3 -1 -1    3   2  11  20   0   3   0  13   0   5   8   0   0   0   7   9  13   0   2   3  0.19 0.13
  353 T   -1 -3  0 -3 -3 -2 -3 -1  0 -2 -2 -2 -2 -4 -1  3  5 -4 -3  0    4   0   4   0   0   0   0   3   3   2   4   0   0   0   3  20  51   0   0   5  0.68 0.35
  354 I    1 -5 -5 -5 -3 -5 -5 -5 -5  6  1 -4 -1 -1 -5 -4 -3 -5 -3  3   12   0   0   0   0   0   0   0   0  61   9   0   0   2   0   0   0   0   0  16  1.02 0.40
  355 V   -5 -6 -6 -6  0 -6 -6 -6 -4  0  0 -6 -2  8 -6 -5 -5 -2  0 -1    0   0   0   0   2   0   0   0   0   3   9   0   0  81   0   0   0   0   0   5  1.93 0.59
  356 I   -2 -1  3  1 -4  1  0 -1  5 -3 -3 -2 -3 -4 -3  3  1 -5 -2 -4    0   3  18   9   0   6   3   5  20   2   2   0   0   0   0  24   8   0   0   0  0.52 0.28
  357 P   -3  1 -3 -3 -1 -2 -1 -4  1 -2  2  1 -2 -1  6 -1 -1 -4 -3 -1    0   7   0   0   2   0   3   0   4   0  22   8   0   3  40   4   4   0   0   3  0.74 0.31
  358 S    0  1  1 -2  0  1 -1 -2  2 -2  0  1  0  2 -3 -1  0 -2  2 -1    8   9   9   0   2   6   3   2   7   0   9   9   2  11   0   3   5   0  10   5  0.10 0.11
  359 V   -2 -3 -1 -3 -3 -3 -3 -2 -3  3 -1 -3  0  0 -2  0  3  3  2  2    0   0   3   0   0   0   0   3   0  21   3   0   2   3   2   9  25   5   9  14  0.34 0.23
  360 W   -4  0 -5 -5 -5 -4 -4 -5  1 -4  0  0 -3 -1  2 -4 -4 10  5 -4    0   6   0   0   0   0   0   0   4   0  11   6   0   0  11   0   0  40  21   0  1.61 0.52
  361 I    0 -3 -3 -4  1 -3 -2  0 -3  3  2 -3  1 -2  2 -1 -1 -3  0  1    9   0   0   0   3   0   2  10   0  23  25   0   2   0  10   2   3   0   3   8  0.25 0.17
  362 L   -3 -4 -5 -5 -3 -4 -5 -6 -5  4  4 -4  0  3 -5 -4 -3 -3 -2  2    0   0   0   0   0   0   0   0   0  24  51   0   0  12   0   0   0   0   0  13  0.86 0.33
  363 S    3 -3 -3 -3  2 -3 -3 -2 -3  0  1 -3  1  1 -3  2 -1 -4 -2  1   37   0   0   0   5   0   0   0   0   3  16   0   3   7   0  20   0   0   0   8  0.39 0.25
  364 R    0  2  2 -2 -4  4  1 -3  3 -4 -3  2 -2 -4 -3  1  0 -4 -3 -3    5  12   9   0   0  24   7   0   8   0   2  16   0   0   0  14   5   0   0   0  0.47 0.24
  365 V    0 -1 -2 -2  2 -1  2 -3  1  1  0  0  0 -3 -3  1  0 -4 -2  2    4   2   0   0   4   0  19   0   4   8   7   7   1   0   0  14   6   0   0  23  0.19 0.17
  366 T   -1 -1 -4 -5 -3 -3 -4 -5 -4  4  3 -4  2 -2 -4 -3 -1 -4 -3  3    6   3   0   0   0   0   0   0   0  32  30   0   5   0   0   0   3   0   0  21  0.61 0.26
  367 T   -1 -1  0  0 -3 -2 -2 -3 -3 -4 -2  1 -3 -4 -1  4  4 -4  0 -3    0   2   2   5   0   0   0   0   0   0   3   9   0   0   2  43  31   0   3   0  0.66 0.35
  368 R   -2  2 -1  0 -4  2  3 -2  0 -4 -3  2  0 -1  1 -1  0 -3  0 -3    0  13   2   4   0  12  24   2   2   0   0  15   4   3   8   3   4   0   4   0  0.36 0.20
  369 E   -2  0  0  1 -4  2  4  0 -2 -4 -2  2 -3 -4 -3  0 -1 -4  0 -2    0   3   5   6   0   7  40   6   0   0   5  13   0   0   0   6   2   0   4   2  0.45 0.24
  370 E   -3 -2 -2  4 -5  2  6 -4 -3 -2 -4  0 -4 -5 -3 -2 -2 -5 -4 -1    0   0   0  21   0   7  57   0   0   3   0   5   0   0   0   0   2   0   0   4  1.04 0.41
  371 Y   -4 -1 -4 -5 -4 -1 -4 -5 -1 -3 -1 -2 -3  5 -5 -4 -4 -1  8 -3    0   3   0   0   0   3   0   0   0   0   6   2   0  24   0   0   0   0  58   0  1.51 0.48
  372 K   -1  0  1  0  0  2  3 -3 -2 -1 -2  2 -2 -3 -2  1  0 -4 -3  0    3   4   7   3   3  10  26   0   0   4   4  14   0   0   0  10   3   0   0   7  0.26 0.16
  373 M   -1 -2 -1 -2  2  1 -2 -3  0  0  0  1  3  2 -3  1  2 -2  0 -1    2   0   2   0   4   9   0   0   2   7   9  10  11  11   0  15  14   0   2   0  0.16 0.16
  374 M   -3 -4 -5 -5  2 -4 -5 -5 -4 -1  6 -4  4  0 -5 -4 -3 -3 -3 -1    0   0   0   0   4   0   0   0   0   0  78   0  11   4   0   0   0   0   0   0  1.15 0.41
  375 L   -1  2 -2 -2  0  1  1 -2 -2 -1  2  1  2 -2 -3 -1 -2 -3  0  0    2  13   0   0   3   5   9   2   0   0  26  12   8   0   0   5   0   0   3   9  0.17 0.15
  376 D    0 -1  2  3 -1  0  2 -2  0  0  0  0 -1 -1 -2  0 -1 -3  1 -1    7   2  11  18   1   3  14   0   1   7   8   4   0   2   0   6   2   0   6   5  0.14 0.10
  377 H    0 -1 -2 -1 -4 -1 -2 -1  7 -4 -2 -1 -3  1 -4  0 -2 -2  5 -3    7   2   0   4   0   2   0   3  38   0   4   3   0   5   0   6   2   0  21   0  0.81 0.33
  378 S    4 -3 -3 -4  1 -3 -3 -2 -3 -1 -1 -3 -2 -2 -3  0  0 -3  3  2   53   0   0   0   3   0   0   0   0   3   5   0   0   0   0   5   4   0  12  13  0.54 0.29
  379 K   -2  3  0  0 -3  1  1 -1  3 -3 -1  2  1 -1 -3  1 -1 -3 -2 -3    0  16   3   5   0   8   7   4   8   0   8  17   5   3   0  15   0   0   0   0  0.24 0.16
  380 N   -2  1  5 -1 -1 -1 -1 -2  0 -3 -2  2  1 -1 -3  2  0 -4  0 -2    0   6  34   0   2   0   3   0   2   0   2  14   4   3   0  17   5   0   4   2  0.42 0.24
  381 N    2 -2  4  1 -4 -2  0  3  2 -4 -4 -1  0 -4 -3  1 -2 -4 -3 -3   18   0  26   9   0   0   7  21   6   0   0   2   3   0   0   7   0   0   0   0  0.49 0.24
  382 T    1  0  2  1 -3  1  0 -2 -2 -3 -1  0 -2 -4 -2  2  3 -4 -3 -2   14   3   9  10   0   7   5   0   0   0   5   6   0   0   0  13  28   0   0   0  0.32 0.20
  383 W   -5 -5 -6 -6 -5 -4 -5 -5 -5 -1 -2 -1  1  2 -6 -5 -5 12 -1 -5    0   0   0   0   0   0   0   0   0   3   3   5   4   6   0   0   0  75   0   0  3.05 0.71
  384 E   -2 -2  4  4 -4 -1  2  0  1 -4 -4 -1 -3 -2 -3  1 -2 -4  0 -3    0   0  25  26   0   0  15   6   3   0   0   3   0   2   0  12   0   0   4   2  0.55 0.25
  385 Q    0 -1  1  0 -3  1  0  0  2 -1  0  0  1  1 -2  0  0 -2  1  0    7   0   7   7   0   7   7   7   6   0   7   7   6   6   0   7   7   0   6   7  0.06 0.11
  386 T    0 -2  1 -2  1  1 -2 -3 -3  0 -2 -1 -2  2 -1  2  0 -3 -2  3    6   1   9   1   4   7   1   1   0   4   1   4   0   9   3  19   4   0   0  28  0.24 0.24
  387 R   -2  2 -2  0 -4  4  2 -2  2 -3 -2  3  0 -1 -3  0 -2 -3 -2 -3    1  13   0   4   0  19  17   3   4   1   4  18   3   3   1   7   1   0   0   1  0.42 0.27
  388 D    0  0  1  4 -4  1  4 -2 -2 -4 -4 -1 -3 -3  1  0 -1 -3  0 -3    6   4   8  24   0   4  29   3   0   1   1   1   0   1   7   5   3   0   4   1  0.49 0.27
  389 L   -1 -3 -3 -1  1 -1 -3 -3 -3  3  3 -2  1  0 -3 -1  0 -3 -2  1    6   1   0   5   3   3   1   1   0  26  29   3   3   2   1   3   6   0   0   8  0.30 0.21
  390 I    0  0 -4 -4  2 -1 -2 -4 -4  3  1 -1 -1 -2 -1 -3  0 -4 -3  3    6   5   0   0   4   3   3   0   0  21  15   5   0   0   3   0   4   0   0  30  0.37 0.26
  391 S    0  0  3  0 -4  0  2 -1  0 -3 -3  1 -1 -1 -3  2  0  2 -3 -2    5   5  15   4   0   3  18   5   2   0   2  10   2   3   0  18   3   3   0   3  0.26 0.22
  392 H   -1  2  0  1 -3  0  2 -1 -1  0 -2  2 -2 -1 -3  0  1 -4 -3 -1    5  11   3   8   0   2  13   4   1   8   3  17   0   3   0   5  11   0   0   4  0.17 0.16
  393 L   -3 -1 -4 -5  2 -3 -2 -5 -4  3  3  0  2  0 -4 -4 -3  2  0  2    0   3   0   0   5   0   3   0   0  21  36   8   4   3   0   0   0   3   3  11  0.49 0.31
  394 Q   -1  1 -2  0  2  3  0 -1 -2  0 -1  2  1 -1 -3  0 -2 -3  1  0    2   8   0   5   5  16   6   4   0   8   5  13   5   2   0   7   0   0   5   9  0.15 0.18
  395 N    0  2  3  1  0  1  0 -3 -2 -2 -1  0  0 -3  0  0  0 -4 -3  0   10  11  19   8   2   8   6   0   0   2   7   2   3   0   4   6   4   0   0   8  0.18 0.18
  396 C   -1  5 -1 -2  5  0 -1 -4 -3  1  1  0 -2 -4 -4 -1 -3 -4 -4  0    5  33   3   2  13   4   3   0   0   8  13   4   0   0   0   3   0   0   0   8  0.46 0.32
  397 L    0 -4 -4 -5  5  0 -2 -4 -1  1  2 -4  2  4 -4 -3 -3 -3  1  1    8   0   0   0  12   6   3   0   2   9  21   0   6  21   0   0   0   0   4   8  0.48 0.31
  398 K   -2  2  0  1  0  1  2 -4 -3  1 -2  4 -3  1 -3 -2 -1 -4 -3 -3    2  12   3   8   2   4  15   0   0   9   3  31   0   7   0   0   3   0   0   0  0.41 0.31
  399 V    1  1  1  0 -3  2  1  0  1  0 -2  2  0 -3 -2  0 -1 -4 -3 -1   17   8   8   5   0   9   8   5   3   9   3  14   3   0   0   3   3   0   0   4  0.14 0.15
  400 Y   -2 -1 -3  0  3 -2 -1 -1  2  0  0  0 -2  3 -4  2 -2 -2  5 -2    0   2   0   6   7   0   3   4   4   6   8   6   0  12   0  17   0   0  22   2  0.35 0.28
  401 L   -1 -1 -2 -2  0  1  1 -1  0  1  1 -1  1  0 -3  0 -1  2  0  1    3   2   0   0   3   7   9   4   2   8  18   3   4   2   0   6   3   4   4  15  0.09 0.11
  402 D   -2  2  0  2 -3  1  1 -1  2  0 -3  2 -2 -1  0  1 -1 -4 -2 -2    1  10   3  14   0   4  11   4   6   7   1  12   0   3   4  15   3   0   0   2  0.22 0.18
  403 N    0  1  1 -1 -2  1  1  1  0 -2 -1  1 -2 -1 -2  1  1 -3 -2 -1    8   7   6   2   0   6  12  10   2   0   7   7   0   3   0  13  10   0   0   5  0.12 0.11
  404 E    0  1  0  0 -2  1  1  0  0  0 -2  1  0 -2  1  0  0 -2  1  0   10   7   3   6   0   5   9   5   2   5   1   9   3   0   6   7   6   0   6   9  0.07 0.07
  405 Y   -2 -1  0  0 -3 -2  0 -1  0 -1  1 -2  0  2  0  0  0 -1  4 -1    1   4   5   7   0   0   7   4   2   3  13   0   3  10   5   9   6   0  18   4  0.16 0.16
  406 Q    0 -2  2  0 -3  3  2  0 -2  0 -2  0 -2 -4  1  1 -2 -4 -3  0    7   0  12   2   0  15  15   7   0   7   2   5   0   0   6  14   0   0   0   7  0.24 0.21
  407 P    0  1  0  3 -3  1 -1  0  1 -2 -1 -1  1 -3  2  1  0 -3 -1 -2    7   7   3  18   0   6   2   5   4   2   6   2   5   0  10  15   4   0   3   2  0.17 0.15
  408 S    0 -1 -1  0 -2  1  1  1  1  0  0  0 -1 -2 -2  1  0 -2  1  0    8   1   0   5   0   6  10  10   4   5  13   6   0   0   1  14   4   0   7   6  0.07 0.10
  409 F   -2  0 -2 -2 -3  0  0 -2 -2  1  1 -1  0  3 -3  0 -1 -2  2  0    1   5   1   1   0   5   8   3   0   7  18   3   2  19   1  11   2   0   7   5  0.16 0.15
  410 S   -2  0  2  2 -3 -1  1  0  2  0 -2  1 -3 -4 -1  3 -1 -4 -3 -3    0   5  11  13   0   0   7   6   5   6   3   9   0   0   3  31   0   0   0   0  0.33 0.26
  411 C    0 -2 -1  0  1 -1  0 -2  0  0  1  0 -1  0  0 -1  0  4  0  0    8   0   3   7   3   2   7   3   2   7  18   8   0   3   4   0   6   7   2   9  0.08 0.10
  412 T    0  1  1  2 -3  1  1 -1 -2 -1  0  0 -2 -3  2  0  1 -4 -3 -1    6   8   7  12   0   7   9   3   0   2  11   3   0   0   9   8  11   0   0   5  0.15 0.12
  413 K   -2  1  1  1 -3  1  1 -2  1 -1 -2  2  2 -3 -1  0 -2 -3  0  1    0   9   6   8   0   8   9   3   4   3   0  16   8   0   3   9   0   0   4  11  0.17 0.17
  414 S   -1 -1 -1  1  0  0  1 -3  1  0  0  1 -1  1  0  1  0 -2  0  0    3   2   2   8   3   3  10   0   4   8   9  10   0   8   4  11   5   0   3   7  0.05 0.08
  415 S   -1  0  1  1 -3 -1  1 -1  0  0 -1  1  1  1  2  0 -1  0 -2  0    0   4   6  11   0   0  10   4   2   6   4   8   5   7  10   9   3   2   0   7  0.10 0.10
  416 V   -1  1  0 -3 -2 -2 -1  0 -3  1  2 -2  1 -1  1 -1 -2 -3 -2  2    5  11   7   0   0   0   3   6   0   8  21   0   3   2   6   2   0   0   0  23  0.16 0.15
  417 G   -1 -1  1  0  1  1  0 -2 -1  0  1  1 -1  0  0  1  0 -2  0 -1    1   1   8   6   3   7   5   2   0   6  16  12   0   6   5  13   4   0   4   1  0.07 0.10
  418 W    0  0 -1  1  0 -1  0 -1 -2  0  0 -1 -1  1  0  2  1  2 -1 -1    6   5   1  10   2   1   7   4   0   7  11   1   0   9   3  18   9   3   1   3  0.07 0.10
  419 D   -2 -1  1  2  2  0  3 -1 -1 -2 -1  1  0  1 -2 -1 -1 -3  0 -1    1   1   7  12   5   3  25   3   0   1   6  12   4   7   1   3   3   0   3   4  0.20 0.14
  420 L   -1 -1 -2  0  0  1  1 -3 -2  0  1  0  0  1 -2  0 -1 -2  1  1    1   3   1   6   2   9  14   1   0   5  17   4   2   6   1   7   3   0   5  15  0.08 0.09
  421 G    0 -1  1 -2 -3 -1 -1  3  0  0  0  0 -1  0 -1  0 -1 -3 -1 -1    6   3  10   0   0   0   5  24   2   9   9   9   0   5   3   9   0   0   2   5  0.11 0.10
  422 T   -1 -1 -1 -1  2 -1 -1 -1 -2  1 -1  0 -1  2 -1  0  1  3  1  1    2   3   3   3   6   3   2   4   0  14   2   6   0  13   3   6   8   5   3  13  0.08 0.10
  423 S   -1  1  0  1  0  0  1 -2  0 -2  0  2 -2  1  0  1 -1 -3  0 -2    4   8   4   8   2   2   7   0   2   2  10  15   0   9   5  18   0   0   3   0  0.12 0.12
  424 S   -1 -1  4  2  1  1  0 -3  3 -2 -4  1 -3 -3  1  0 -1 -4  1 -3    4   2  22  14   4   8   5   0   7   3   0   9   0   0   6   7   1   0   5   0  0.33 0.19
  425 W   -1  0 -2  0 -3 -2 -1 -3 -2  0  1 -1  0  1 -2  1  0  6  1  0    4   6   0   6   0   0   3   0   0   4  19   4   2   6   2  12   4  14   6   6  0.23 0.15
  426 L   -2 -5 -5 -6  2 -4 -5 -1 -5 -1  5 -5 -1  3 -5 -4 -3 -4 -2  0    3   0   0   0   5   0   0   5   0   0  68   0   0  12   0   0   0   0   0   6  0.93 0.40
  427 L   -3  1 -4 -5 -4 -1 -4 -5  0  0  5 -2  1  3 -5 -3 -1 -3 -2 -2    0   8   0   0   0   3   0   0   3   2  63   2   2  12   0   2   4   0   0   0  0.74 0.35
  428 Y    0  1 -3 -3  1 -2  1 -1 -2 -1  3 -2 -1  1 -4 -2 -2 -2  4 -1   10  10   0   0   4   0   9   5   0   0  33   0   0   5   0   0   0   0  18   3  0.32 0.23
  429 L   -3 -4 -5 -5 -3 -4 -5 -6 -4  3  4 -5  2  4 -5 -4 -1 -3 -1  1    0   0   0   0   0   0   0   0   0  20  45   0   4  23   0   0   3   0   0   5  0.85 0.34
  430 C   -1 -5 -5 -6  9 -5 -5 -5 -5  0  0 -5 -1  4 -5  1 -3 -4 -3 -3    3   0   0   0  53   0   0   0   0   6  10   0   2  16   0  10   0   0   0   0  1.57 0.52
  431 K   -1  1  0 -2 -3 -1  2 -3 -2  1  1  3 -1 -3 -3  1  1  2 -3 -1    4   9   3   0   0   0  17   0   0  11  14  20   0   0   0   9   8   3   0   2  0.21 0.18
  432 H   -4 -3 -1 -4  1 -2 -3 -5 10 -5 -3  0 -4  0 -5 -3 -3 -4  1 -2    0   0   2   0   3   0   0   0  72   0   3   5   0   3   0   0   2   0   4   3  1.97 0.60
  433 G   -2  1  0 -1 -5 -1 -3  6  1 -5 -5  1 -4 -5 -4 -2 -3 -4 -4 -5    0   7   4   4   0   3   0  68   3   0   0   8   0   0   0   0   0   0   0   0  1.17 0.40
  434 V   -3 -4 -5 -5  0 -4 -4 -5 -3  3  2 -4  3  4 -5 -4 -1 -2  3  3    0   0   0   0   2   0   0   0   0  19  17   0  10  19   0   0   3   0  10  20  0.60 0.27
  435 S   -2 -3  2  0  4 -3 -3 -1 -3 -5 -5 -3 -4 -5 -4  6  2 -5 -4 -4    0   0  10   3   9   0   0   3   0   0   0   0   0   0   0  61  14   0   0   0  1.03 0.47
  436 W   -5 -5 -6 -2 -5 -5 -5 -6 -5 -4 -1 -5 -4  4  1 -5  0 11  1 -5    0   0   0   3   0   0   0   0   0   0   7   0   0  14   8   0   7  58   2   0  2.30 0.61
  437 E    0  0  0  1 -5 -1  6 -2 -2 -5 -5  2 -4 -5  1 -1 -3 -5 -4 -4    7   4   4   7   0   0  56   2   0   0   0  10   0   0   6   3   0   0   0   0  0.87 0.36
  438 Q    1 -2 -3 -3 -5  8 -1  2 -3 -6 -5 -2 -4 -6 -4 -3 -4 -5 -5 -5   10   0   0   0   0  72   0  17   0   0   0   0   0   0   0   0   0   0   0   0  1.63 0.59
  439 L    0 -4 -5 -5 -3 -3 -4 -5 -4  3  4 -1  2  1 -4 -3 -2 -3  0  1    9   0   0   0   0   0   0   0   0  17  47   4   4   5   0   0   0   0   3  10  0.57 0.26
  440 Q   -1  2  0 -1  3  5  0 -3 -2 -4 -1  1 -2 -3 -3  1 -1 -4  1 -3    4   9   4   3   6  38   2   0   0   0   7   9   0   0   0   9   2   0   6   0  0.52 0.29
  441 L   -4 -5 -6 -6  1 -4 -5 -6 -5 -1  6 -5  3  0 -5 -3 -4  2 -3 -2    0   0   0   0   3   0   0   0   0   0  82   0   7   3   0   2   0   3   0   0  1.29 0.46
  442 F   -4 -5 -6 -6 -4 -5 -5 -6 -5  5  4 -5 -1  5 -5 -5 -3 -3 -2 -1    0   0   0   0   0   0   0   0   0  41  36   0   0  23   0   0   0   0   0   0  1.08 0.39
  443 T   -1  3  0 -2 -4  1  0 -3  0 -4 -2  4 -3 -4 -3  2  1 -4 -3 -3    3  21   3   0   0   7   3   0   2   0   4  29   0   0   0  20   7   0   0   0  0.52 0.27
  444 K   -1 -2  1  1  2  1  2  0 -2 -2 -1  0  2 -1 -3  1  0 -3  0 -1    4   0   6   9   6   5  14   8   0   0   6   5   9   3   0  12   6   0   3   3  0.12 0.12
  445 I   -3 -4 -5 -5 -3 -4 -5 -5 -5  2  4 -4  4 -2 -5 -4  0 -4 -3  3    0   0   0   0   0   0   0   0   0  12  54   0  10   0   0   0   7   0   0  18  0.84 0.33
  446 D   -2 -1  2  3  0 -2  0 -3  4 -4 -4  1 -4 -4  2  3  1 -5 -3 -4    0   2  10  19   2   0   4   0  10   0   0   7   0   0  10  30   6   0   0   0  0.53 0.27
  447 S   -1 -3  0 -1  4 -2 -1 -3 -3  0  0  0 -1  3  1  1 -2  4  1  0    2   0   4   2  11   0   5   0   0   5  11   6   0  18   6  13   0   6   4   7  0.22 0.16
  448 R   -1  2  2  4 -5  1  3 -1  1 -5 -5  1 -4 -5 -3  0 -2 -5 -4 -4    4  11   8  29   0   6  24   3   4   0   0   7   0   0   0   5   0   0   0   0  0.62 0.26
  449 S   -1  0  1  1  1  3  0 -1  1 -2 -1  1  0  0 -3  1  0 -3  1 -2    3   5   8   7   3  16   5   3   4   0   9   8   2   6   0  13   3   0   4   0  0.14 0.12
  450 V    0 -5 -5 -6 -4 -4 -5 -1 -5  1  1 -5  0 -2 -5 -1 -4 10 -2  2    8   0   0   0   0   0   0   4   0   9  14   0   2   0   0   4   0  45   0  14  1.50 0.47
  451 N   -2 -2  1  4  1  2  1 -2  1 -1  1  0 -1 -3 -3  0 -2 -4  0 -2    0   0   8  27   4  12   7   2   3   2  16   5   2   0   0   6   0   0   3   2  0.29 0.19
  452 F   -4 -4  0 -5 -4 -4 -4 -5 -3 -2  1 -2  3  5 -5 -4  1  8  3 -1    0   0   5   0   0   0   0   0   0   0  10   3   8  29   0   0  10  24   8   3  1.04 0.37
  453 L   -4 -5 -6 -6 -4 -5 -5 -6 -5  1  5 -5  2  5 -6 -5 -4  1 -1 -2    0   0   0   0   0   0   0   0   0   5  60   0   3  29   0   0   0   2   0   0  1.18 0.42
  454 Y   -1 -4  2 -3  9  1  0 -4  2 -4 -4 -3 -4 -4 -4  3 -2 -5 -2 -4    3   0  10   0  43   8   5   0   4   0   0   0   0   0   0  22   0   0   2   0  1.20 0.43
  455 E   -1  1  0  2  3  0  1 -1  0 -2 -1  1  0 -1 -3  0  0  3 -2 -2    5  10   3  15   7   3   9   2   3   0   8  11   2   3   0   7   6   5   0   1  0.15 0.11
  456 I   -2 -4 -5 -5  0 -4 -5 -3 -4  3  4 -4  1  5 -5 -4 -3 -2  2 -1    3   0   0   0   2   0   0   2   0  17  41   0   2  28   0   0   0   0   5   0  0.78 0.31
  457 E   -3 -3  2  5 -4 -2  3 -3 -3 -4 -5 -2 -4 -5 -3  1  2 -5 -4 -4    0   0  10  42   0   0  17   0   0   0   0   0   0   0   0  12  16   0   0   0  0.88 0.35
  458 Q   -1  1  2  1 -3  1  1  0  1 -2 -1  1 -2 -1 -2  0  1 -3  0 -2    0   8  14   9   0   6   8   7   4   2   6  12   0   2   0   6  10   0   3   2  0.15 0.10
  459 Q    1  1  0  0 -2  1  0  0  1 -1 -1  0  0 -2 -2  2 -1  1  0 -1    9   7   5   4   0   9   4   8   5   2   4   4   3   0   0  22   0   2   3   5  0.12 0.11
  460 S    0  0  1  1  1  0  0  3  0 -3 -3  1 -2 -1 -2  1  0 -3 -2 -3    8   5   8   7   3   4   4  27   3   0   2   9   0   3   0  12   4   0   0   0  0.24 0.12
  461 R   -2  3 -2 -2 -3  1  0  3  0 -1 -2  1 -2 -3 -1  0 -1 -4 -3 -2    1  22   0   0   0   7   7  29   2   4   4   9   0   0   2   6   3   0   0   3  0.35 0.18
  462 G    0  1  1 -2 -3 -2  0  4  2 -2 -3  0 -3 -3 -3  1 -2  3 -3 -3    8   7   8   0   0   0   5  37   6   3   3   5   0   0   0  12   0   4   0   0  0.43 0.20
  463 G   -2  0  4 -2  1 -1 -1  3 -2 -1  0 -2  2  1 -1  0 -2 -3 -2 -2    1   4  24   0   4   3   2  24   0   3   9   0   8   6   3   6   0   0   0   1  0.29 0.18
  464 H   -1  3  0 -1  3  1 -2  0  3  0 -1 -1 -2  2 -3 -2 -2 -3 -1  0    3  19   5   3   7   9   0   7  11   4   5   0   0  14   0   0   0   0   0  10  0.21 0.18
  465 L   -1 -3 -3 -2  1  0 -2 -2 -3  2  3 -3  0  0 -3 -1  0  3 -2  0    4   0   0   3   3   5   2   2   0  17  43   0   0   4   0   3   5   4   0   3  0.33 0.20
  466 A    2  1 -2 -3  2  0 -1 -1 -2  1  0 -1  2 -1 -3  2  0 -3 -2  0   20   9   0   0   6   4   4   3   0  10  11   0   9   2   0  17   2   0   0   3  0.15 0.18
  467 R   -2  3 -2  1 -3  0  0 -1 -2  0 -1  2  1  2 -3  0 -2  2 -2 -1    0  24   0  11   0   2   3   4   0   5   5  16   5  10   0   7   0   3   0   5  0.23 0.20
  468 N    0 -2  0 -3 -3  0 -2  1 -3  0  2 -1  1  2 -1 -1 -2  5 -1 -1    9   0   6   0   0   4   0  14   0   6  25   3   3  12   2   5   0  10   0   0  0.23 0.19
  469 I    1 -1 -3 -4 -3 -2 -3  0 -3  1  2 -2  5 -2 -3  0  0 -3 -1  0   11   4   0   0   0   0   0   9   0   9  24   0  23   0   0   9   4   0   2   4  0.32 0.26
  470 V    1 -1 -2 -3 -2 -2 -1  0  1  1  2 -1  2  1 -1 -1 -1 -2  1  1   13   4   0   0   0   0   4   7   5   6  26   3   6   5   3   0   2   0   6   8  0.09 0.11
  471 S    0 -1  0 -2  1  0  0  0 -2 -2 -1 -1 -2  1  1  3  0 -2  3 -1    6   3   3   0   3   4   4   6   0   0   4   3   0   6   6  30   4   0  12   6  0.18 0.19
  472 V   -1 -1 -3 -3  3 -3 -3 -2 -3  1  1 -3  1  3 -3 -1  1 -2  0  2    4   3   0   0   9   0   0   3   0   7  16   0   3  17   0   5  11   0   2  18  0.23 0.18
  473 F   -1 -1  0 -2 -3  0 -1  2 -2 -1  1 -2 -1  3 -3  0 -2  3  2 -2    4   4   4   0   0   5   5  18   0   4  18   0   0  15   0   9   0   5   8   0  0.18 0.17
  474 A    0  0  1  0 -3 -2  0  3  1 -3 -1 -2  0 -3  4  0 -2 -4 -3 -3    6   6   7   3   0   0   5  29   4   0   6   0   3   0  21   7   0   0   0   0  0.43 0.23
  475 Y   -1  0 -3 -3  0 -2  1 -3  0  0  1 -1  1  4 -3 -1 -2 -1  5 -1    4   4   0   0   2   0  11   0   2   3  16   5   3  18   0   4   0   0  22   4  0.33 0.23
  476 I   -3 -4 -4 -5 -3 -4 -4 -5 -4  4  4 -4  3  1 -4 -3  1 -3  1  1    0   0   0   0   0   0   0   0   0  24  44   0   7   5   0   0  12   0   5   4  0.66 0.35
  477 N   -3  0  4  5 -5  1  1 -2  3 -5 -4 -1 -4 -1 -3  1 -2 -4  1 -4    0   4  21  33   0   5   8   2   7   0   0   2   0   2   0   9   0   0   7   0  0.63 0.33
  478 E    1 -1  0  2 -4  0  5 -3 -2 -4 -4  0 -3 -5 -1  0 -1 -5 -4 -1   11   3   4  10   0   2  50   0   0   0   0   2   0   0   2   6   3   0   0   6  0.66 0.36
  479 K   -1 -1  2  3  2  0  2 -3 -2 -2  0  1 -2 -3 -3  1 -1 -4 -1  0    3   0  10  18   6   2  15   0   0   0  13  11   0   0   0  12   2   0   2   7  0.21 0.15
  480 K   -1 -1  2  2 -4  0  2 -1  2 -4 -4  0 -3  0 -3  4 -1 -4 -3 -4    0   2  12  13   0   4  12   2   7   0   0   5   0   5   0  40   0   0   0   0  0.50 0.27
  481 E   -1  0  0 -1 -3  1  1 -3  1 -1 -1  2 -2 -3  2  2  0 -3 -1  0    0   4   3   0   0   5  12   0   5   3   9  16   0   0  11  20   5   0   2   7  0.20 0.15
  482 N    1  0  2  1 -3  1  2 -1  2 -3 -1  0 -2  0 -2  1 -1 -3 -2 -2   16   4  14   8   0   5  16   2   6   0   7   6   0   6   0  10   0   0   0   0  0.20 0.14
  483 F   -4 -4 -4 -5 -4 -4 -4 -5 -2 -3 -2 -4 -3  7 -5 -2 -4 -1  7 -3    0   0   0   0   0   0   0   0   0   0   0   0   0  46   0   3   0   0  47   0  1.70 0.49
  484 D   -1 -2  1  4 -4  1  3 -3 -2 -3 -1  0 -3 -4 -3  1 -2 -4 -3 -3    4   0   7  33   0   7  23   0   0   0   9   3   0   0   0  12   0   0   0   0  0.54 0.24
  485 P   -3 -2 -3 -3 -4  0 -3 -4 -4 -1 -2 -3 -3 -5  7  1 -3 -5 -4 -1    0   3   0   0   0   6   0   0   0   3   3   0   0   0  68  10   0   0   0   4  1.59 0.44
  486 N    0  0  2 -1 -3 -1  1  2  3 -3 -2  0 -2  0 -2  2  0 -3  1 -2    5   5  11   0   0   0   9  14   8   0   4   3   0   3   0  23   4   0   7   3  0.20 0.14
  487 I   -2 -4 -4 -4 -3 -4 -4 -2 -4  5  3 -4  0  1 -4 -3 -2 -3 -2  3    0   0   0   0   0   0   0   3   0  39  26   0   0   6   0   0   0   0   0  23  0.64 0.26
  488 A    3  0  0  0 -2  0 -2 -2  0 -2  0 -2  0 -3 -2  1  2 -4 -3 -2   39   4   3   7   0   3   0   0   2   0  10   0   3   0   0  12  14   0   0   0  0.30 0.21
  489 L   -3 -4 -5 -5  1 -4 -5 -3 -4 -1  5 -4  1  1 -5 -4 -3 -3  1 -1    0   0   0   0   3   0   0   3   0   0  80   0   2   3   0   0   0   0   6   0  1.00 0.38
  490 F    0 -3 -4 -4 -3 -3 -4 -4 -3  3  4 -1  4  1 -4 -2 -1 -3  0  0    7   0   0   0   0   0   0   0   0  18  42   4  13   7   0   2   4   0   3   0  0.47 0.24
  491 T   -2 -4 -3 -4 -3 -3 -3 -4 -4 -3  0 -3 -3 -4 -1  1  7 -5 -4  0    0   0   0   0   0   0   0   0   0   0   8   0   0   0   3   7  77   0   0   4  1.23 0.49
  492 W   -4  0 -5 -6  0 -4 -2 -5 -4 -1  1 -4 -3  1 -6 -3 -4 11  2 -4    0   6   0   0   2   0   3   0   0   3  15   0   0   5   0   2   0  58   6   0  2.08 0.55
  493 E   -2  1  1  3 -4  1  4 -3 -2 -5 -4  1 -3 -5 -3  1 -1 -5 -4 -4    0   8   6  18   0   4  40   0   0   0   0   7   0   0   0  14   3   0   0   0  0.68 0.29
  494 E   -3 -3 -2  3 -6  1  7 -4 -3 -6 -5 -2 -4 -6 -4 -2 -1 -5 -5 -5    0   0   0  15   0   3  78   0   0   0   0   0   0   0   0   0   4   0   0   0  1.51 0.51
  495 W   -3 -4 -4 -5  0 -3 -4 -4 -4  2  3 -4  1  3 -4 -4 -3  8 -1 -1    1   0   0   0   3   0   0   0   0  13  39   0   4  13   0   0   0  24   0   0  0.94 0.30
  496 I   -1  0 -2 -2 -3  1  0 -3 -2  3  1  1  1 -1 -3 -2 -2  0 -2  2    4   4   0   0   0  10   8   0   0  29  10  13   4   2   0   0   0   2   0  12  0.21 0.15
  497 E   -1  0  2 -1 -4  0  4 -1  2 -2 -3  2 -3 -4 -2  0  1 -4 -3 -2    3   4  14   0   0   0  33   5   7   3   0  11   0   0   0   6  10   0   0   2  0.38 0.20
  498 D    1 -1  0  2 -2 -1  0  0 -2  1  0 -1  1 -2 -2  0  0 -3 -1  1   18   3   6  13   0   0   7   8   0   9   8   0   6   0   0   3   5   0   3  10  0.07 0.08
  499 Q   -2  1 -2 -3 -3  1 -1 -1 -1  1  1  0  2  0 -3 -2 -1 -1  4  0    0  11   0   0   0   8   2   6   0   8  19   7   8   0   0   0   3   0  21   4  0.22 0.16
  500 S    0  1  0  1 -2  1  1  0 -1 -2 -2  2 -2 -2 -2  1  0 -2  1  0    5   5   5   6   0   8  10   6   0   1   3  16   0   0   1  16   3   0   8  10  0.13 0.10
  501 E   -1  2  0  2 -4  1  3 -3  1 -3 -1  2 -1 -3 -2 -1 -2 -3 -1 -3    5  12   4  14   0   3  22   0   4   0   8  19   2   0   0   0   0   0   3   0  0.32 0.16
  502 S    0 -1  2  2 -3 -1  2 -2  1 -3 -3  0 -2 -3  2  2 -1 -3  0 -1    8   0  10  11   0   0  13   0   4   0   1   7   0   0  10  24   0   0   4   6  0.28 0.15
  503 S    0  0  1  0 -2  1 -1  0 -2 -1  0  2 -1 -1 -2  2  1 -3 -2 -1    5   4  10   3   0   7   0   4   0   2  13  15   0   2   0  22   8   0   0   2  0.13 0.12
  504 R   -1  2 -1 -1 -3  2  2 -1 -2 -1 -1  2 -2 -1  0  0 -1 -3 -2 -1    4  16   0   0   0   8  19   4   0   5   6  19   0   3   5   7   0   0   0   3  0.24 0.14
  505 R    0  1  2  0 -3  0  1  0  1 -2 -2  2  0 -1 -2  0  1 -3 -2 -2    8  10  11   4   0   0  12   5   4   0   3  14   3   4   0   6  14   0   0   0  0.17 0.11
  506 G   -1  0  1  1 -3  0 -1  1  1 -2 -1  2 -1  2 -1  1  0 -2 -1 -2    1   3   7   9   0   3   1  14   4   1   8  16   0  12   3  12   6   0   0   1  0.12 0.10
  507 E   -2  2  0  0 -3  0  0 -3 -2 -2  1  1  0 -1  4 -2 -2 -3 -2 -1    1  14   6   6   0   5   7   1   0   0  18   7   3   3  24   1   0   0   0   5  0.33 0.16
  508 R    1  2  0  1 -3  1 -1 -1 -2 -2 -1  0  2 -3  2  0  0 -3 -3  0   17  18   5   8   0   6   0   3   0   0   6   3   9   0  10   2   7   0   0   6  0.17 0.14
  509 W   -2  1 -2 -1  2  3 -1 -3  0 -1 -1  0  0  1 -3  0 -2  7  2 -1    0   9   0   2   6  20   2   0   2   3   6   4   2   5   0   6   0  18   8   4  0.45 0.22
  510 R   -1  2  2  0 -3  2  0  3  1 -4 -3  1 -2 -4  0  0  1 -4 -3 -3    0  13   9   5   0  13   3  24   5   0   0   9   0   0   3   6   9   0   0   0  0.33 0.17
  511 A    1 -2 -1 -2 -2  0  0 -3 -2  0  1 -1  1  2  3  0  0 -2  0  1   11   0   3   0   0   3   8   0   0   0  15   3   3  11  14   6   4   0   2  17  0.15 0.12
  512 H    1  2 -2 -3  2 -1  0  1  3 -3 -1 -1  0  1 -3 -1 -2  4  3 -2   14  16   0   0   5   0   6  14  10   0   7   0   3   7   0   3   0   6  11   0  0.24 0.18
  513 E   -1  1  2  2  0  2  2 -1  1 -4 -3  1 -2 -3  0  1 -1 -3  0 -3    3   9  14  15   3  11  11   3   4   0   0   9   0   0   3  10   0   0   4   0  0.29 0.15
  514 S    1  2 -2 -1 -2  0 -2  1 -2 -1 -1 -1 -1 -1  1  1  0 -3 -2  0   16  13   0   3   0   5   0  14   0   3   7   0   0   3   7  16   3   0   0  11  0.13 0.12
  515 T   -1 -3 -3 -2  1 -2  2 -4 -3  2  3 -2  0  0 -3 -2  2 -3 -2  0    6   0   0   0   3   0  19   0   0  12  35   0   0   5   0   0  18   0   0   3  0.32 0.22
  516 I   -1 -3 -3 -1  4 -1 -1 -4 -3  3  2 -1  0 -2 -1 -1 -1 -3 -3  2    4   0   0   4  10   3   5   0   0  25  24   3   0   0   3   6   2   0   0  11  0.23 0.16
  517 K    1  1 -1  2  0  3  0 -3  1 -3 -2  3 -2 -1 -2  0  0 -3  1 -3   12   7   0  16   3  16   3   0   3   0   3  21   0   2   0   3   4   0   5   0  0.27 0.18
  518 L   -1 -3 -4 -4 -3 -3 -2 -4  3  2  2 -2  0  4 -4 -3 -2 -2  3  1    5   0   0   0   0   0   3   0   8  18  25   2   0  21   0   0   0   0  12   7  0.42 0.21
  519 L    0 -3 -4 -4  3 -3 -2 -4 -3  1  3 -3  0  4 -4 -2 -1 -2 -1  1   10   0   0   0   8   0   4   0   0   5  37   0   0  23   0   0   4   0   0   7  0.42 0.21
  520 N   -2  0  5 -1  3  0 -2  0 -2 -3 -2  0 -2 -4 -3  1  1 -4 -3 -1    0   3  39   0   7   5   0   7   0   0   5   7   0   0   0  12   9   0   0   4  0.46 0.24
  521 A   -2  2  0 -2 -3  3 -1 -3  2 -1 -1  3 -2  0 -3 -1  0 -2  3 -1    2  13   3   0   0  17   0   0   6   3   7  24   0   3   0   3   5   0  11   3  0.30 0.19
  522 K   -1  3 -1 -3  0  1 -2 -3  4 -2  0  1 -2  2 -3 -1 -1 -2  3 -3    3  22   3   0   3   8   0   0  12   0   9   8   0  12   0   4   3   0  14   0  0.32 0.20
  523 R    0  2  0 -2  2  0 -1 -1 -2 -3 -3  0  0 -4 -3  4  3 -4 -3 -3    3  11   3   0   4   4   3   2   0   0   0   4   3   0   0  43  20   0   0   0  0.51 0.28
  524 N   -1  2  1  0 -3  1  0 -2  1 -1 -1  3 -2 -2 -2  1  0 -3  1 -2    0  14   5   6   0   7   4   0   4   6   6  22   0   0   0  12   6   0   6   0  0.21 0.14
  525 E   -2  1  1  0 -3  1  0  0  4 -2 -2 -1 -2  2 -3  0 -1 -2  3 -1    0   8  10   4   0   9   3   8  13   0   0   3   0  13   0   6   4   0  14   4  0.24 0.16
  526 L    1  0 -1 -2 -2  0 -1  0  2  0  1  0  0  0 -2  0  0 -2  0  0   17   5   0   1   0   4   1   8   9   3  22   5   0   4   1   4   6   0   3   6  0.07 0.08
  527 E    0  3  0 -1 -3  1  2  1 -1 -3 -2  2 -2 -3 -2  0 -1 -3 -1 -2    8  25   4   1   0   7  17  10   0   1   5  10   0   0   1   7   1   0   3   1  0.27 0.14
  528 A    0  1  0 -2 -3  0 -1 -3 -1 -2  1  2  2 -1  2  1 -1 -2  3 -2    5   8   3   0   0   5   0   1   0   0  18  16   7   0  10  11   0   0  13   0  0.18 0.15
  529 L   -1 -2 -2 -3 -2  0 -2 -3  4  1  2 -1  0  0  0 -2  0 -2  1  0    5   0   0   1   0   4   1   1  15  10  30   4   0   4   4   1   8   0   6   7  0.19 0.14
  530 K   -1  0  0  2 -3  2  1 -2 -2  0  0  1  0 -1  2 -1 -1 -3 -2  0    1   5   3  12   0  10  10   1   0   5  13  11   3   4  10   4   0   0   0   8  0.14 0.09
  531 E   -1  3  0  0 -3  2  2 -1 -1  0 -1  1 -1  0 -2  1 -1 -3 -2 -1    2  20   3   4   0  14  13   5   0   8   5   6   0   5   0  11   0   0   0   3  0.18 0.13
  532 T   -1  1  0 -2 -2  1  0 -1 -2  2 -1  1 -1 -2 -2  2  0  2 -2  1    1  10   5   0   0   6   4   4   0  18   4   8   0   0   0  20   5   4   0  10  0.12 0.12
  533 P   -1  0  2  3  1  1  1  0  0 -3 -4  0 -3 -4  2  0 -1 -4 -3 -2    3   4  14  25   3   9   6   8   3   0   0   5   0   0  10   6   0   0   0   3  0.35 0.16
  534 F   -2  0 -2 -1 -2 -2 -1 -1 -2  1  2  0  0  3 -3 -1 -1 -1  2  0    0   6   0   4   0   0   4   4   0   6  23   9   2  19   0   4   4   0   7   8  0.13 0.10
  535 G    0 -2  1  2 -2 -1  0  0  1 -2 -1 -1  0  0  1  2  1 -3 -2 -2    7   0   6  18   0   0   4   7   4   0   7   0   4   5   8  19  10   0   0   0  0.18 0.12
  536 C   -1  0  2  0  0  2  0 -1  3 -2  0  0 -1  0 -2  1  0 -2  2 -2    0   4  10   3   2  13   6   3  10   0  14   3   0   4   0  14   5   0   8   0  0.14 0.12
  537 E   -2  1  1  1 -4  4  3 -3 -1 -3 -1 -1 -2 -1 -3  0  1 -3  0 -3    0   7   9   6   0  24  22   0   0   0   8   0   0   3   0   6   9   0   4   0  0.34 0.20
  538 E    0 -2 -2  0 -3 -1  2 -1  3 -1  0 -2  2 -2 -3  1  1  5 -1  0    9   0   0   4   0   0  18   3   8   0   9   0   9   0   0  10   9  10   0   9  0.23 0.17
  539 L   -1 -3 -3 -4 -2 -3 -3 -4 -3  2  4 -3  3  2 -3 -2  1 -2  1  0    4   0   0   0   0   0   0   0   0  11  45   0   7   9   0   0  14   0   5   3  0.42 0.20
  540 S    0 -2  0  2 -3  0  1 -2 -2 -2  0  0 -2 -1  1  3 -1 -4 -2 -2    4   0   4  12   0   4  10   0   0   0  15   4   0   3   5  39   0   0   0   0  0.28 0.20
  541 G   -1  2  1  0 -3  0  2  1  3 -3 -2  2 -2 -3 -2  1  0 -3 -2 -2    0  17   6   3   0   0  16  10   8   0   3  12   0   0   0  15   5   0   0   3  0.25 0.14
  542 V   -1 -1 -3 -3 -2  1 -2 -4 -2  2  3 -2  0  3 -3 -2 -1 -2  1  1    3   4   0   0   0  10   0   0   0  11  38   0   0  13   0   0   3   0   6  10  0.29 0.16
  543 P   -1 -3 -3 -3 -4 -3 -3 -4 -4 -4 -4  0 -4  1  8 -1 -3 -5 -4 -4    4   0   0   0   0   0   0   0   0   0   0   5   0   6  77   4   0   0   0   0  1.88 0.44
  544 R   -1  2 -2 -2  1  1  0 -3 -1  1 -1  1  1 -1  0  1  0 -2  2  0    0  13   0   0   3  10   4   0   0  12   3  10   5   0   4  12   5   0  11   9  0.12 0.12
  545 Y   -4  0 -4 -5 -5 -4 -4 -5 -1  0 -3 -4 -3  2 -5 -4 -4  0  9 -3    0   5   0   0   0   0   0   0   0   7   0   0   0   4   0   0   0   0  85   0  1.98 0.55
  546 T    1  1  1  2 -3 -1  0 -2  2 -2 -3  2  0 -3 -2  2  1 -4 -2 -1   11   8   5  13   0   0   4   0   6   0   0  15   5   0   0  23   7   0   0   4  0.24 0.15
  547 Y   -3 -4 -4 -5 -3 -4 -4 -5 -2  3  3 -4  1  4 -4 -3 -2 -1  4  1    0   0   0   0   0   0   0   0   0  22  26   0   3  24   0   0   0   0  16   9  0.62 0.23
  548 D   -3 -3  6  6 -5 -2 -1 -3  3 -5 -5 -2 -4 -5 -3  0 -2 -6 -4 -5    0   0  41  47   0   0   0   0   8   0   0   0   0   0   0   4   0   0   0   0  1.22 0.38
  549 S    0  2 -2 -3 -3 -1  0 -3 -2  0  1  1  2  2  0  0 -1 -2 -1 -1    8  13   0   0   0   0   4   0   0   4  19  14  10  14   5   9   0   0   0   0  0.16 0.13
  550 C   -1  0  2  1  0  1  1 -2 -1  1 -1  1 -1 -3 -2  0  1 -4 -2  0    3   3  12   8   2   8   8   0   0  13   3  14   0   0   0   7  13   0   0   5  0.14 0.09
  551 T   -2 -3 -2 -3 -3 -3 -3 -4 -4 -3 -1 -3 -2 -4 -3 -1  7 -5 -4 -2    0   0   0   0   0   0   0   0   0   0   5   0   0   0   0   0  95   0   0   0  1.49 0.48
  552 G   -1 -4 -2 -3 -4 -4 -4  7 -3 -5 -5 -3 -4 -4 -4 -2 -3 -4  2 -5    3   0   0   0   0   0   0  88   0   0   0   0   0   0   0   0   0   0   8   0  1.58 0.40
  553 A    4 -1 -2 -2 -2 -1  1 -1 -2 -3 -3  2 -2 -3 -2  1 -1 -4 -3 -2   64   0   0   0   0   0   8   0   0   0   0  20   0   0   0   8   0   0   0   0  0.51 0.17
  554 M   -2  1 -3 -3 -2 -2 -3 -4 -3  3  3 -1  3  0 -3 -2 -1 -2 -2  1    0  15   0   0   0   0   0   0   0  30  40   0  15   0   0   0   0   0   0   0  0.29 0.04
  555 E   -1  0 -1  1 -4  2  6 -3  0 -4 -3  0 -3 -4 -2 -1 -1 -3 -3 -3    0   0   0   0   0   0 100   0   0   0   0   0   0   0   0   0   0   0   0   0  0.92 0.08
  556 V    0 -2 -3 -3 -1 -2 -2 -3 -3  3  1 -2  1 -1 -2 -2  0 -3 -1  4    0   0   0   0   0   0   0   0   0   0   0   0   0   0   0   0   0   0   0   0  0.00    0.00

                      K         Lambda
Standard Ungapped    0.1331     0.3179
Standard Gapped      0.0410     0.2670
PSI Ungapped         0.1314     0.3177
PSI Gapped           0.0402     0.2670
