
Last position-specific scoring matrix computed, weighted observed percentages rounded down, information per position, and relative weight of gapless real matches to pseudocounts
           A  R  N  D  C  Q  E  G  H  I  L  K  M  F  P  S  T  W  Y  V   A   R   N   D   C   Q   E   G   H   I   L   K   M   F   P   S   T   W   Y   V
    1 M   -1 -1 -2 -3 -1  0 -2 -3 -2  1  2 -1  5  0 -2 -1 -1 -1 -1  1    0   0   0   0   0   0   0   0   0   0   0   0   0   0   0   0   0   0   0   0  0.00    0.00
    2 L   -1 -2 -3 -4 -1 -2 -3 -4 -3  2  4 -2  2  0 -3 -2 -1 -2 -1  1    0   0   0   0   0   0   0   0   0   0   0   0   0   0   0   0   0   0   0   0  0.00    0.00
    3 I   -2 -3 -4 -4 -1 -3 -3 -4 -3  3  3 -3  2  0 -3 -3 -1 -2 -1  2    0   0   0   0   0   0   0   0   0  50  50   0   0   0   0   0   0   0   0   0  0.37 0.00
    4 H   -2  4  0 -1 -3  1  0 -2  6 -3 -3  1 -2 -2 -2 -1 -2 -3  0 -3    0  50   0   0   0   0   0   0  50   0   0   0   0   0   0   0   0   0   0   0  0.58 0.00
    5 T   -1  4  0 -1 -2  0 -1 -2 -1 -2 -2  1 -1 -3 -2  1  3 -3 -2 -1    0  50   0   0   0   0   0   0   0   0   0   0   0   0   0   0  50   0   0   0  0.39 0.00
    6 Y   -2 -2 -3 -4 -3 -2 -3 -3  1 -2 -1 -3 -1  4 -4 -2 -2  7  6 -2    0   0   0   0   0   0   0   0   0   0   0   0   0  20   0   0   0  21  59   0  0.99 0.05
    7 I   -1 -2 -2 -2 -2 -1  0 -3 -3  3  1 -2  3 -1 -3 -1  2 -3 -2  2    0   0   0   0   0   0  11   0   0  39   0   0  20   0   0   0  22   0   0   9  0.24 0.06
    8 M   -4 -5 -6 -7 -5 -4 -6 -6 -5 -2 -1 -5 11 -3 -6 -5 -4 -5 -4 -1    0   0   0   0   0   0   0   0   0   0   0   0  98   0   0   0   0   0   0   2  2.99 0.79
    9 C   -4 -7 -6 -7 12 -7 -7 -6 -7 -5 -5 -7 -5 -6 -6 -4 -4 -6 -6 -4    0   0   0   0 100   0   0   0   0   0   0   0   0   0   0   0   0   0   0   0  3.83 0.81
   10 E   -3 -2 -3  0 -5  4  6 -5 -3 -2  1 -1 -2 -4 -4 -3 -3 -5 -4 -4    1   0   0   4   0  19  57   0   0   2  16   1   1   0   0   0   0   0   0   0  0.99 0.39
   11 S    4 -3 -2 -3 -3 -2 -3 -1 -3 -2 -1 -3 -1 -4 -2  5  1 -5 -4 -2   33   0   0   0   0   1   0   2   0   2   7   0   1   0   1  46   5   0   0   2  0.67 0.34
   12 S   -1  1  4 -1 -4 -1 -1 -3  2 -2 -3  3 -3 -4 -3  1  3 -5 -3 -3    4   8  24   2   0   0   1   0   5   2   1  21   0   0   0   8  24   0   0   1  0.50 0.26
   13 V    4 -4 -5 -5 -3 -4 -4 -4 -5  1 -2 -4 -2 -3 -4 -2 -1 -5 -4  5   39   0   0   0   0   0   0   0   0   5   1   0   0   0   0   0   1   0   0  53  0.96 0.40
   14 L   -4 -5 -5 -6 -5 -4 -5 -6 -2 -1 -1 -5 -1  4 -6 -5 -4  2  9  0    0   0   0   0   0   0   0   0   0   4   4   0   1  14   0   0   0   2  69   7  1.80 0.54
   15 I   -2 -4 -5 -5 -3 -4 -3 -5 -4  4  4 -3  3  1 -4 -4 -2 -3 -2  2    1   0   0   0   0   0   1   0   0  22  44   1   7   4   0   0   1   0   1  17  0.69 0.27
   16 E   -1  2 -1  1 -1  0  2 -2 -1  0  1  1 -1 -2 -3 -1 -1 -3 -1  0    5  12   1   8   1   3  16   2   1   7  16  13   1   0   0   2   2   0   1  10  0.12 0.10
   17 S   -1  2  1  2 -4  1  2 -1  0 -2 -3  3 -2 -4 -2  0  0 -4 -3 -2    4  14   8  11   0   4  15   2   2   1   1  22   0   0   0   6   7   0   0   4  0.32 0.16
   18 G   -1 -2  3  4 -4  0  1  4 -2 -5 -5  1 -4 -5 -2 -1 -2 -5 -4 -4    3   0  17  22   0   3   8  33   0   0   0   8   0   0   1   3   1   0   0   0  0.63 0.25
   19 S   -1 -1  1  3 -4 -1  2  5 -3 -5 -4 -1 -4 -5 -3  0 -3 -4 -4 -4    3   3   6  16   0   1  13  47   0   0   1   4   0   0   0   5   0   0   0   0  0.72 0.27
   20 G   -1  2  1  1 -4  2  2  2 -1 -4 -4  3 -3 -4 -2 -1 -1 -4 -3 -3    3   9   5   5   0  12  17  16   1   0   0  23   0   0   1   2   3   0   0   2  0.39 0.19
   21 R   -2  3 -1  0 -5  1  5 -2 -2 -5 -2  1 -1 -5 -3 -2 -2 -5 -4 -4    1  19   1   4   0   5  53   2   0   0   4   7   1   0   0   1   2   0   0   0  0.84 0.35
   22 E   -3  1  0  0 -5  2  5 -4 -1 -4 -4  3 -3 -5 -3 -1 -1 -5 -4  0    0   6   3   2   0   9  47   0   1   0   0  19   0   0   0   2   4   0   0   7  0.75 0.32
   23 L   -2 -1 -2 -3 -3 -1  2 -3 -3 -1  4  2  0 -2 -2 -3 -1 -4 -3  0    1   3   1   0   0   1  20   2   0   1  45  13   1   0   2   0   4   0   0   6  0.38 0.24
   24 L   -2 -4 -5 -5 -3 -4 -5 -5 -4  4  3 -4  0  3 -5 -4 -3  0  0  3    1   0   0   0   0   0   0   0   0  34  27   0   0  11   0   0   0   1   3  23  0.74 0.28
   25 M   -1 -4 -5 -6 -4 -4 -5 -6 -5 -1  3 -4  9  0 -5 -4 -4 -4 -2 -2    5   0   0   0   0   0   0   0   0   2  22   0  67   3   0   0   0   0   1   1  1.72 0.56
   26 E   -1  2 -2  2 -5  1  6 -4 -2 -5 -5  2 -4 -5 -1 -2 -2 -1 -4 -5    4  10   0  12   0   4  55   0   0   0   0  11   0   0   2   1   1   1   0   0  0.94 0.36
   27 D   -2 -2  3  6 -5 -2  2 -2 -3 -5 -5 -2 -4 -5 -3  2 -2 -6 -5 -5    3   1  14  50   0   0  15   1   0   0   1   1   0   0   0  14   0   0   0   0  1.00 0.37
   28 V    0 -5 -5 -6 -2 -5 -5 -5 -6  2 -1 -5 -2 -3 -5 -4 -2 -5 -4  7    8   0   0   0   1   0   0   0   0   8   1   0   0   0   0   0   1   0   0  80  1.32 0.47
   29 V    2 -3 -2  2 -2 -2 -1 -2 -3  2 -1 -2  0 -3 -3  0  2 -4 -2  2   23   0   1  16   0   0   3   1   0  13   3   0   2   0   0   7  14   0   1  17  0.27 0.19
   30 L   -1  3 -1 -2 -3  1  0 -3  0  0  1  0 -1  0 -3  1 -1  2  0  0    3  21   2   1   0   7   4   0   3   4  20   5   0   4   0  13   2   4   3   6  0.16 0.14
   31 I   -3 -4 -5 -5 -3 -4 -5 -6 -5  5  3 -4  3 -2 -5 -4 -3 -4 -3  3    0   0   0   0   0   0   0   0   0  37  32   0   8   0   0   0   0   0   0  23  0.91 0.33
   32 E   -2  3 -2 -1 -4  1  4 -3 -2  0 -2  2  0 -4 -3 -1  0 -4 -3 -1    1  16   0   2   0   4  37   2   0   6   2  14   2   0   0   2   6   0   0   5  0.46 0.24
   33 I    0 -2 -1 -3  0 -2 -2 -4 -3  1 -2 -3 -1 -1  5 -1  0 -4 -1  3    7   3   3   1   2   2   1   0   0  10   1   0   1   2  32   4   5   0   2  25  0.55 0.24
   34 D   -2 -1  1  2 -2  1  5 -2  0 -3 -3  1 -3 -3 -2 -1  0 -4 -1 -1    1   2   5  13   1   6  41   3   2   1   1   8   0   1   0   2   5   0   2   5  0.48 0.24
   35 G   -1 -2  2  3 -5 -2  2  5 -3 -5 -5 -1 -4 -5 -2 -1 -2 -5 -5 -5    3   2   8  16   0   0  13  51   0   0   0   2   0   0   2   2   1   0   0   0  0.85 0.31
   36 E   -2 -3  2  5 -5 -2  3  3 -1 -5 -5  0 -4 -5 -3 -1 -2 -5 -3 -5    1   0   9  37   0   0  18  24   1   0   0   4   0   0   0   3   2   0   1   0  0.78 0.30
   37 D   -1  1  0  0 -4  1  1  3 -2 -3 -2  3 -1 -4 -3  0 -1 -1 -1 -2    1   8   4   3   0   5  11  27   0   0   3  21   1   0   0   7   3   1   2   2  0.33 0.17
   38 I   -3 -4 -5 -5 -2 -4 -5 -5 -5  5  3 -4  0  2 -5 -4 -3  0  0  3    0   0   0   0   1   0   0   0   0  37  28   0   0   9   0   0   0   1   2  22  0.78 0.29
   39 K   -1  2 -2 -3 -2 -1  0 -3  0  1  1  1  0  0 -3 -1  1  1  1  1    1  12   0   0   1   2   6   0   3   8  18   9   1   4   0   2  12   2   5  15  0.13 0.12
   40 L   -2 -4 -5 -6 -1 -4 -5 -5 -5  2  5 -4  2  1 -5 -4 -2 -4 -3  1    3   0   0   0   1   0   0   0   0  11  70   0   5   4   0   0   1   0   0   6  0.95 0.35
   41 R    0  2 -2 -2 -1  0  1 -3 -2  1 -1  1  0 -1 -3  1  2 -1 -1  1    4  14   0   0   1   4   9   1   0   9   1   9   3   2   0  10  17   1   2  14  0.16 0.14
   42 G   -1 -1  3  3 -4 -1 -2  2 -2 -4 -4 -1 -3 -4 -3  2  3 -5 -4 -3    4   2  18  20   0   1   0  15   0   0   0   3   0   0   0  18  19   0   0   0  0.52 0.25
   43 I   -3 -5 -5 -6 -3 -4 -5 -6 -5  5  4 -5  1  3 -5 -4 -2 -3 -2  0    0   0   0   0   0   0   0   0   0  36  47   0   1  11   0   0   1   0   0   3  0.93 0.34
   44 L   -4 -5 -5 -6 -4 -5 -5 -4 -4 -1  3 -5  1  7 -6 -3 -4 -2  1 -2    0   0   0   0   0   0   0   1   0   2  32   0   3  58   0   2   0   0   2   0  1.36 0.44
   45 G   -2 -5 -3 -3 -5 -4  1  7 -4 -6 -6 -4 -5 -6 -5 -2 -2 -5 -6 -6    0   0   0   0   0   0  12  86   0   0   0   0   0   0   0   1   2   0   0   0  1.79 0.52
   46 E   -2  0  0  2 -6  0  6 -2 -2 -5 -5  0 -4 -6 -1 -1 -3 -5 -4 -5    2   3   4  12   0   2  64   3   0   0   0   5   0   0   2   2   1   0   0   0  1.07 0.40
   47 T   -2  2 -2 -2 -4  4  3 -4 -1 -4 -4  1 -3 -5  3  0  0 -5 -4 -2    1  12   0   0   0  21  25   0   1   0   0   9   0   0  16   8   7   0   0   2  0.61 0.28
   48 Q   -2  3 -2 -3 -5  2  0 -4 -3 -3 -1  6  2 -4 -3 -2 -1 -5 -2 -2    2  14   0   0   0   7   4   0   0   1   6  55   6   0   0   1   4   0   1   2  0.80 0.35
   49 N   -2  1 -1 -2 -3 -1  3 -3 -2  1  0  0 -1  2 -3 -1  2 -1 -1  1    1   8   1   0   0   1  22   0   0   7   8   4   1   9   0   4  19   1   2  12  0.20 0.17
   50 T   -3 -4 -5 -5 -3 -4 -4 -5 -5  5  1 -4  1  2 -5 -4 -1 -4 -1  4    0   0   0   0   0   0   1   0   0  33  12   0   2   8   0   0   3   0   2  40  0.78 0.30
   51 K   -1  3  0  1 -4  2  3 -2 -1 -4 -4  3 -3 -3  1  0 -1 -4 -3 -4    4  17   2   9   0  10  20   1   1   0   0  23   0   1   5   5   2   0   0   0  0.48 0.22
   52 G    4 -4 -2 -3 -4 -4 -4  6 -4 -5 -5 -2 -4 -5 -4 -1 -3 -5 -3 -4   36   0   1   1   0   0   0  58   0   0   0   2   0   0   0   1   0   0   1   0  1.23 0.42
   53 L    0  5 -1 -2 -4  0  0 -2  0 -2 -2  3 -3 -4 -3  0  1 -4 -3 -1    8  34   1   1   0   2   6   2   2   1   2  22   0   0   0   5   9   0   0   4  0.48 0.24
   54 I   -3 -5 -6 -6 -3 -5 -5 -6 -6  7  2 -5 -1 -1 -5 -5 -3 -5 -3  3    0   0   0   0   0   0   0   0   0  68  15   0   0   2   0   0   0   0   0  14  1.27 0.42
   55 K    0  3 -2  0 -4  0  2 -3 -2 -2 -1  4 -2 -4 -3 -1 -1 -4 -3 -1    7  17   0   5   0   2  11   1   0   2   7  38   0   0   0   4   1   0   0   6  0.46 0.24
   56 E   -1  2 -1  1 -4  1  5 -2  0 -4 -3  1 -3 -4 -3  1  0 -4 -1 -3    2  12   1   5   0   4  45   2   2   0   2   6   0   0   0  10   6   0   2   1  0.59 0.27
   57 I   -2 -5 -5 -5 -3 -4 -5 -6 -5  6  1 -5  3  0 -5 -4 -3 -4 -2  3    3   0   0   0   0   0   0   0   0  60   9   0   8   4   0   0   0   0   1  15  1.03 0.37
   58 N   -2 -2  3  7 -5 -2  0 -3 -1 -5 -4 -2 -5 -5 -4  1 -1 -6 -5 -5    2   1  16  60   0   1   3   0   1   0   2   1   0   0   0   9   4   0   0   0  1.17 0.40
   59 L   -4 -5 -5 -6 -4 -5 -5 -6 -4  0  4 -5  2  6 -5 -3 -4 -3 -1 -2    0   0   0   0   0   0   0   0   0   3  50   0   4  40   0   2   0   0   0   0  1.16 0.40
   60 M   -1 -2 -1 -3 -3 -1 -2 -3 -2  1  3 -3  4 -2 -4  0  0 -4 -3  2    5   1   2   1   0   3   1   1   1   4  38   0  17   0   0   7   4   0   0  14  0.38 0.22
   61 S   -1  1  3  2 -4  0  1  0  1 -4 -4  4 -3 -5 -3  0 -2 -5 -3 -4    5   7  16  14   0   3  10   8   3   0   0  29   0   0   0   5   1   0   0   0  0.47 0.22
   62 H   -4 -3  1 -4 -6  1 -3  0 10 -6 -6 -3 -5 -5 -5  0 -4 -5 -2 -6    0   0   5   0   0   6   0   9  74   0   0   0   0   0   0   6   0   0   0   0  2.14 0.61
   63 T   -2  4 -2 -2 -4  0  1 -3 -1 -3 -3  4 -3 -3 -3  1  1 -4 -2 -2    1  27   0   0   0   1  10   0   1   1   2  33   0   1   0   9  11   0   1   3  0.59 0.28
   64 V   -1 -5 -5 -5 -3 -5 -5 -5 -5  6  0 -5  0 -1 -5 -4 -2 -5 -3  4    5   0   0   0   0   0   0   0   0  52   5   0   1   1   0   0   1   0   0  36  1.08 0.38
   65 V   -2 -3 -4 -5 -3 -4 -3 -5  0  4  2 -4  1  0 -4 -3  0 -3  1  3    0   1   0   0   0   0   1   0   2  31  20   0   2   2   0   0   6   0   6  28  0.58 0.25
   66 I   -3 -4 -5 -6 -3 -4 -5 -6 -5  4  5 -5  1  1 -5 -4 -3 -4 -3  1    0   0   0   0   0   0   0   0   0  21  64   0   1   6   0   0   0   0   0   7  0.99 0.35
   67 E   -2  1 -1  1 -5  1  5 -4 -2 -5 -5  4 -4 -5 -3  0 -1 -5 -4 -4    1   5   1   4   0   5  51   0   0   0   0  25   0   0   0   4   3   0   0   0  0.89 0.33
   68 R    1  3 -1 -1 -4  1  3 -3 -2 -4 -3  3 -3 -4  2 -1 -2 -4 -3 -2   12  21   2   0   0   3  23   0   0   0   1  26   0   0   8   2   0   0   0   1  0.50 0.19
   69 V   -2 -3 -4 -4 -2 -3 -4 -5 -4  4  3 -3  2 -1 -4 -3 -2 -3 -2  3    0   0   0   0   0   0   0   0   0  34  39   0   4   0   0   0   0   0   0  23  0.57 0.14

                      K         Lambda
Standard Ungapped    0.1397     0.3193
Standard Gapped      0.0410     0.2670
PSI Ungapped         0.1829     0.3177
PSI Gapped           0.0560     0.2670
