
Last position-specific scoring matrix computed, weighted observed percentages rounded down, information per position, and relative weight of gapless real matches to pseudocounts
           A  R  N  D  C  Q  E  G  H  I  L  K  M  F  P  S  T  W  Y  V   A   R   N   D   C   Q   E   G   H   I   L   K   M   F   P   S   T   W   Y   V
    1 M   -1 -1 -2 -3 -1  0 -2 -2 -1  1  2 -1  5  0 -2 -1 -1 -1 -1  1    0   0   0   0   0   0   0   0   0   0   0   0   0   0   0   0   0   0   0   0  0.00    0.00
    2 A    4 -1 -1 -2  0 -1 -1  0 -1 -1 -1 -1 -1 -2 -1  1  0 -2 -2  0    0   0   0   0   0   0   0   0   0   0   0   0   0   0   0   0   0   0   0   0  0.00    0.00
    3 S    1 -1  1  0 -1  0  0  0 -1 -2 -2  0 -1 -2 -1  4  1 -3 -2 -1    0   0   0   0   0   0   0   0   0   0   0   0   0   0   0   0   0   0   0   0  0.00    0.00
    4 K   -1  2  0 -1 -3  1  1 -1 -1 -2 -2  4 -1 -3 -1  0 -1 -3 -2 -2    0   0   0   0   0   0   0   0   0   0   0   0   0   0   0   0   0   0   0   0  0.00    0.00
    5 L   -1 -2 -3 -3 -1 -2 -3 -3 -3  1  4 -2  2  0 -3 -2 -1 -1 -1  1    0   0   0   0   0   0   0   0   0   0   0   0   0   0   0   0   0   0   0   0  0.00    0.00
    6 P   -1 -2 -2 -1 -3 -1 -1 -2 -2 -3 -3 -1 -2 -3  7 -1 -1 -3 -3 -2    0   0   0   0   0   0   0   0   0   0   0   0   0   0   0   0   0   0   0   0  0.00    0.00
    7 F   -2 -3 -3 -3 -2 -3 -3 -3 -1  0  0 -3  0  6 -3 -2 -2  1  3 -1    0   0   0   0   0   0   0   0   0   0   0   0   0   0   0   0   0   0   0   0  0.00    0.00
    8 M   -1 -1 -2 -3 -1  0 -2 -2 -1  1  2 -1  5  0 -2 -1 -1 -1 -1  1    0   0   0   0   0   0   0   0   0   0   0   0   0   0   0   0   0   0   0   0  0.00    0.00
    9 S    1 -1  1  0 -1  0  0  0 -1 -2 -2  0 -1 -2 -1  4  1 -3 -2 -1    0   0   0   0   0   0   0   0   0   0   0   0   0   0   0   0   0   0   0   0  0.00    0.00
   10 L   -1 -2 -3 -3 -1 -2 -3 -3 -3  1  4 -2  2  0 -3 -2 -1 -1 -1  1    0   0   0   0   0   0   0   0   0   0   0   0   0   0   0   0   0   0   0   0  0.00    0.00
   11 T    0 -1  0 -1 -1 -1 -1 -1 -2 -1 -1 -1 -1 -2 -1  1  4 -2 -1  0    0   0   0   0   0   0   0   0   0   0   0   0   0   0   0   0   0   0   0   0  0.00    0.00
   12 V    0 -2 -3 -3 -1 -2 -2 -3 -3  2  1 -2  1 -1 -2 -1  0 -3 -1  3    0   0   0   0   0   0   0   0   0   0   0   0   0   0   0   0   0   0   0   0  0.00    0.00
   13 P   -1 -2 -2 -1 -3 -1 -1 -2 -2 -3 -3 -1 -2 -3  7 -1 -1 -3 -3 -2    0   0   0   0   0   0   0   0   0   0   0   0   0   0   0   0   0   0   0   0  0.00    0.00
   14 G    0 -2  0 -1 -2 -2 -2  5 -2 -3 -3 -1 -2 -3 -2  0 -1 -2 -3 -3    0   0   0   0   0   0   0   0   0   0   0   0   0   0   0   0   0   0   0   0  0.00    0.00
   15 L   -1 -2 -3 -3 -1 -2 -3 -3 -3  1  4 -2  2  0 -3 -2 -1 -1 -1  1    0   0   0   0   0   0   0   0   0   0   0   0   0   0   0   0   0   0   0   0  0.00    0.00
   16 A    4 -1 -1 -2  0 -1 -1  0 -1 -1 -1 -1 -1 -2 -1  1  0 -2 -2  0    0   0   0   0   0   0   0   0   0   0   0   0   0   0   0   0   0   0   0   0  0.00    0.00
   17 V    0 -2 -3 -3 -1 -2 -2 -3 -3  2  1 -2  1 -1 -2 -1  0 -3 -1  3    0   0   0   0   0   0   0   0   0   0   0   0   0   0   0   0   0   0   0   0  0.00    0.00
   18 R   -1  5  0 -1 -3  1  0 -2  0 -3 -2  2 -1 -3 -2 -1 -1 -2 -2 -2    0   0   0   0   0   0   0   0   0   0   0   0   0   0   0   0   0   0   0   0  0.00    0.00
   19 D   -2 -1  1  5 -3  0  1 -1 -1 -3 -3 -1 -3 -3 -1  0 -1 -4 -3 -3    0   0   0   0   0   0   0   0   0   0   0   0   0   0   0   0   0   0   0   0  0.00    0.00
   20 P   -1 -2 -2 -1 -3 -1 -1 -2 -2 -3 -3 -1 -2 -3  7 -1 -1 -3 -3 -2    0   0   0   0   0   0   0   0   0   0   0   0   0   0   0   0   0   0   0   0  0.00    0.00
   21 S    1 -1  1  0 -1  0  0  0 -1 -2 -2  0 -1 -2 -1  4  1 -3 -2 -1    0   0   0   0   0   0   0   0   0   0   0   0   0   0   0   0   0   0   0   0  0.00    0.00
   22 S    1 -1  1  0 -1  0  0  0 -1 -2 -2  0 -1 -2 -1  4  1 -3 -2 -1    0   0   0   0   0   0   0   0   0   0   0   0   0   0   0   0   0   0   0   0  0.00    0.00
   23 L   -1 -2 -3 -3 -1 -2 -3 -3 -3  1  4 -2  2  0 -3 -2 -1 -1 -1  1    0   0   0   0   0   0   0   0   0   0   0   0   0   0   0   0   0   0   0   0  0.00    0.00
   24 L   -1 -2 -3 -3 -1 -2 -3 -3 -3  1  4 -2  2  0 -3 -2 -1 -1 -1  1    0   0   0   0   0   0   0   0   0   0   0   0   0   0   0   0   0   0   0   0  0.00    0.00
   25 E   -1  0  0  1 -3  2  4 -2  0 -3 -3  1 -2 -3 -1  0 -1 -3 -2 -2    0   0   0   0   0   0   0   0   0   0   0   0   0   0   0   0   0   0   0   0  0.00    0.00
   26 L   -1 -2 -3 -4 -1 -2 -3 -4 -3  2  4 -2  2  0 -3 -2 -1 -2 -1  1    0   0   0   0   0   0   0   0   0   0 100   0   0   0   0   0   0   0   0   0  0.46 0.00
   27 V   -1 -2 -3 -3 -1 -2 -3 -3 -3  2  3 -2  1  0 -3 -2 -1 -2 -1  3    0   0   0   0   0   0   0   0   0   0  50   0   0   0   0   0   0   0   0  50  0.32 0.00
   28 Q   -1  1  0  0 -3  5  2 -2  0 -3 -2  1  0 -3 -1  0 -1 -2 -1 -2    0   0   0   0   0 100   0   0   0   0   0   0   0   0   0   0   0   0   0   0  0.66 0.01
   29 L    0 -2 -1 -2 -1 -1 -2 -2 -2  1  3 -2  1  0 -2  1  0 -2 -1  0    0   0   0   0   0   0   0   0   0   0  66   0   0   0   0  34   0   0   0   0  0.22 0.01
   30 E    0  0  0  1 -3  1  4 -2  0 -3 -3  0 -2 -3 -1  2  0 -3 -2 -2    0   0   0   0   0   0  74   0   0   0   0   0   0   0   0  26   0   0   0   0  0.58 0.03
   31 S    0 -1  3  3 -2 -1  0  2 -1 -3 -3 -1 -2 -3 -2  2  0 -3 -2 -3    0   0  26  27   0   0   0  25   0   0   0   0   0   0   0  23   0   0   0   0  0.44 0.02
   32 L    1 -1 -2 -1 -1  0  2 -2 -2  0  2 -1  1 -1 -2 -1 -1 -2 -2  0   27   0   0   0   0   0  26   0   0   0  48   0   0   0   0   0   0   0   0   0  0.16 0.02
   33 E   -1  3  0  1 -4  2  4 -2  0 -3 -3  1 -2 -3 -1  0 -1 -3 -2 -3    0  27   0   0   0   0  73   0   0   0   0   0   0   0   0   0   0   0   0   0  0.63 0.03
   34 C    3 -2 -2 -3  5 -2 -2 -1 -2  0  1 -2  0 -1 -2  0 -1 -2 -2  0   51   0   0   0  23   0   0   0   0   0  26   0   0   0   0   0   0   0   0   0  0.29 0.02
   35 K   -1  3  0  0 -3  1  2  2 -1 -3 -3  2 -2 -3 -2  0 -1 -3 -2 -3    0  25   0   0   0   0  26  27   0   0   0  23   0   0   0   0   0   0   0   0  0.39 0.02
   36 R   -2  5 -1 -2 -3  0  0 -2 -1 -2 -2  2 -1  2 -2 -1 -1 -2  0 -2    0  59   0   0   0   0   0   0   0   0   0  21   0  21   0   0   0   0   0   0  0.49 0.05
   37 R   -1  4 -1 -2 -3  0  0 -2 -1 -1  1  2  0 -2 -2 -1 -1 -3 -2 -2    0  59   0   0   0   0   0   0   0   0  21  21   0   0   0   0   0   0   0   0  0.45 0.04
   38 A    3  2 -2 -2 -1 -1 -1 -1  0 -2 -2  0 -1  0 -2  0 -1 -1  3 -1   58  21   0   0   0   0   0   0   0   0   0   0   0   0   0   0   0   0  21   0  0.28 0.04
   39 D   -1 -2  0  5 -3  0  2 -2 -1 -1 -2 -1 -2 -3 -2 -1 -1 -4 -3  0    0   0   0  60   0   0  21   0   0   0   0   0   0   0   0   0   0   0   0  20  0.53 0.04
   40 V    0 -2 -1 -1 -2  0  1  2 -2  0 -1 -1 -1 -2 -2  1  0 -3 -2  2    0   0   0   0   0   0  21  21   0   0   0   0   0   0   0  21   0   0   0  38  0.15 0.03
   41 H    0  0  0 -1 -2  0  0 -1  3 -3 -3  2 -2 -2 -1  3  0 -3 -1 -2    0   0   0   0   0   0   0   0  18   0   0  21   0   0   0  61   0   0   0   0  0.37 0.05
   42 K   -1  3 -1 -1 -3  1  2 -2 -1 -1  0  3  0 -2 -2 -1 -1 -3 -2 -1    0  20   0   0   0   0  21   0   0   0  21  39   0   0   0   0   0   0   0   0  0.29 0.03
   43 T    0  2  0  0 -2  0  2 -2 -1 -2 -2  0 -1 -3 -1  2  3 -3 -2 -1    0  21   0   0   0   0  20   0   0   0   0   0   0   0   0  21  39   0   0   0  0.32 0.03
   44 S    0  2  4  0 -2  0  0 -1  0 -3 -3  0 -2 -3 -2  2  0 -3 -2 -2    0  21  40   0   0   0   0   0   0   0   0   0   0   0   0  39   0   0   0   0  0.43 0.04
   45 K    2  1 -1 -1 -2  1  2 -1 -1 -2 -2  3 -1 -3 -1  0 -1 -3 -2 -1   41   0   0   0   0   0  21   0   0   0   0  39   0   0   0   0   0   0   0   0  0.32 0.04
   46 L   -1  3 -2 -3 -2 -1 -1 -3 -2  1  2  0  1 -1 -3 -2 -1 -2 -1  1    0  41   0   0   0   0   0   0   0   0  39   0   0   0   0   0   0   0   0  20  0.26 0.03
   47 A    1  0 -1 -1 -2  0  2 -1 -1 -1 -1  2 -1 -2 -1  1  0 -3 -2  1   18   0   0   0   0   0  21   0   0   0   0  20   0   0   0  21   0   0   0  21  0.17 0.02
   48 L   -1  2 -2 -2 -2 -1 -2 -3 -2  2  2 -1  1 -1 -2 -1  1 -2 -1  1    0  21   0   0   0   0   0   0   0  20  39   0   0   0   0   0  21   0   0   0  0.18 0.03
   49 L   -1 -1 -1 -2 -1  2 -1 -2 -1  1  2 -1  1 -1 -1 -1 -1 -1 -1  1    2   1   1   1   0  21   1   2   0   1  40   1   0   1   1   1   1   0   1  22  0.13 0.02
   50 L   -1  2 -1  2 -2  0  0 -2 -1  0  2  0  0 -1 -1 -1 -1 -2 -1 -1    2  22   1  22   0   1   1   2   0   1  40   1   0   1   1   1   1   0   1   1  0.13 0.02
   51 A    2 -1  0 -1  0  0  0  0 -1 -1 -1  0 -1 -1  0  2  0 -1 -1  0   42   2   2   2   1   2   3   3   1   2   4   2   1   2   2  23   2   1   1   3  0.17 0.01
   52 L   -1 -1 -1 -2 -1 -1 -1 -2 -1  1  3 -1  1  0 -1 -1 -1 -1 -1  0    3   2   2   2   1   2   3   3   1   2  63   2   1   2   2   3   2   1   1   3  0.16 0.01
   53 T    0 -1  0 -1 -1  2  0 -1 -1 -1 -2  0 -1 -2 -1  2  3 -2 -2 -1    1   1   1   1   0  16   1   1   0   1   1   1   0   1   1  31  42   0   0   1  0.33 0.06
   54 V   -1 -1 -1 -1 -1 -1  1 -2 -2  2  1 -1  0 -1 -2 -1  1 -2 -1  2    1   1   1   1   0   1  15   1   0  15  17   1   0   1   1   1  16   0   0  28  0.12 0.03
   55 R    0  4 -1  1 -3  0  0 -2 -1 -2  0  1 -1 -2 -2 -1 -1 -3 -2 -2   14  58   0  14   0   0   0   0   0   0  14   0   0   0   0   0   0   0   0   0  0.39 0.07
   56 N   -2 -1  5  1 -3  0  1 -1  0 -3 -3 -1 -2 -1 -2  0 -1 -2  2 -3    0   0  72   0   0   0  14   0   0   0   0   0   0   0   0   0   0   0  15   0  0.67 0.10
   57 Q   -1  2  2  0 -3  4  2 -2  0 -2  0  1 -1 -3 -2 -1 -1 -3 -2 -2    0  13  12   0   0  50  13   0   0   0  13   0   0   0   0   0   0   0   0   0  0.44 0.09
   58 L   -1  1  1 -2 -2 -1 -1 -3 -2  0  3  1  1 -1 -2 -1 -1 -2 -2  1    0  13  14   0   0   0   0   0   0   0  48  12   0   0   0   0   0   0   0  13  0.18 0.06
   59 M   -1 -1 -2 -1 -2  1  2 -3 -2  1  2 -1  2 -1 -2 -1 -1 -2 -2  0    0   0   0   0   0  12  26   0   0  13  39   0  10   0   0   0   0   0   0   0  0.24 0.06
   60 E    0  0  1  0 -3  1  4 -2 -1 -3 -3  2 -2 -4 -2  0 -1 -3 -2 -3    9   0  10   0   0   0  60   0   0   0   0  21   0   0   0   0   0   0   0   0  0.60 0.13
   61 T   -1  1  0  1 -2  2  1 -1 -1 -1  0  0 -1 -2 -1  1  1 -2 -1 -1    2  11   1  11   0  21  12   2   0   1  12   1   0   1   1  12   9   0   1   1  0.17 0.04
   62 K   -1  0 -1 -1 -2  3  1 -2 -1 -1  0  2 -1 -2 -1  1 -1 -2 -2  0    1   1   1   1   0  21  11   1   0   1  11  28   0   0   1  11   1   0   0  11  0.20 0.06
   63 L   -1 -2 -2 -2 -2  1 -2  0 -2  1  3 -2  2  1 -2 -2 -1 -1 -1  0    1   1   0   1   0  10   1   9   0  10  45   1  10   9   1   1   1   0   0   1  0.20 0.07
   64 H   -2  2  0  1 -3  2  2 -2  5 -3 -3  1 -2 -2 -2 -1 -1 -3 -1 -3    1  18   0   9   0   9  17   1  31   0   1  10   0   0   0   1   1   0   0   1  0.49 0.11
   65 T   -1 -1  2  2 -2  2  1 -2 -1 -2 -1  0 -1 -2 -2  0  2 -3 -2 -2    1   0  18  18   0  17   9   1   0   0   9   1   0   0   0   1  23   0   0   1  0.29 0.09
   66 A    2  0  1  0 -2  1  2 -1 -1 -2 -1  1 -1 -2 -1  1  1 -2 -2 -1   24   0   9   1   0   9  18   1   0   0  10   8   0   0   0   9   9   0   0   1  0.17 0.06
   67 D   -1 -1  1  3  2  0  1 -2  2 -3 -3  1 -2 -2 -2  1 -1 -2  1 -2    1   0   8  30   8   0   8   1   8   0   1   9   0   0   0  16   0   0   8   1  0.31 0.09
   68 A    3 -1 -2 -2 -2  1 -1  1 -2 -2 -2  1 -1  1 -1  0 -1 -2 -1 -1   56   0   0   0   0   8   1   9   0   0   1  14   0   8   0   1   0   0   0   1  0.33 0.14
   69 H   -1  2  1 -1 -3  2  2 -2  5 -2 -2  1 -2 -2 -2 -1 -1 -3 -1 -1    1  16   8   0   0   8  21   1  27   0   1   8   0   0   0   1   0   0   0   8  0.41 0.12
   70 I   -1  0 -3 -3  2 -2 -3 -3 -2  3  2 -2  1  0 -3 -2 -1 -2  1  1    1   8   0   0   7   0   1   1   0  27  36   0   0   0   0   1   0   0   8   9  0.27 0.10
   71 I    1  1 -1 -1 -2  3  1  0 -1  0  0  1 -1 -2 -2  0 -1 -2 -2 -1   14   9   0   0   0  22   8   8   0  13   7   7   0   0   0   8   0   0   0   1  0.14 0.07
   72 S    1 -1  1 -1 -2  2  1  1 -1 -3 -3  0 -2 -3 -1  3  0 -3 -2 -2   15   0   8   0   0  15   8   8   0   0   1   0   0   0   0  41   0   0   0   1  0.34 0.12
   73 Y    0  1 -1 -2 -2 -1 -1  0 -1  0  1 -1  0 -1 -2  1  0 -2  0  0    9  15   0   0   0   0   1   9   0   0  27   0   0   0   0  15   8   0   6   8  0.08 0.06
   74 V   -1  2 -1 -2 -2  1  0 -2 -2  1  0  1  0 -2 -2 -1  1 -3 -2  1    1  13   0   0   0   7   7   1   0  15   7  15   0   0   0   1  14   0   0  19  0.14 0.08
   75 G    0  1  1 -1 -2  2  1  2 -1 -3 -3  0 -2 -3 -2  2  1 -3 -2 -2    7   8   8   0   0  20   8  19   0   0   1   0   0   0   0  21   7   0   0   0  0.29 0.10
   76 K    0  0  3 -1 -3  4  1 -2 -1 -3 -3  3 -2 -4 -2 -1 -1 -3 -2 -3    6   0  17   0   0  37   6   0   0   0   1  30   0   0   0   0   0   0   0   0  0.62 0.23
   77 L   -2 -3 -4 -4 -2 -3 -4 -4 -4  3  4 -3  1 -1 -3 -3 -2 -3 -2  1    0   0   0   0   0   0   0   0   0  19  73   0   0   0   0   0   0   0   0   5  0.80 0.27
   78 Q   -1  2  1  0 -3  4  2 -2  1 -2 -1  2 -2 -3 -2 -1 -1 -3 -2 -1    4   9   9   5   0  26  14   0   5   0   5  18   0   0   0   0   0   0   0   4  0.37 0.17
   79 R   -1  4  2 -1 -3  0  4 -3 -1 -1 -3  0 -2 -3 -2  0 -2 -4 -3 -1    4  32  13   0   0   0  35   0   0   4   0   0   0   0   0   5   0   0   0   5  0.54 0.25
   80 S    0 -1  0  1 -2  2 -1 -2 -2 -1  1  0  1 -2 -2  1  2 -3 -2  0    5   0   4   9   0  15   0   0   0   0  16   5   5   0   0  16  22   0   0   4  0.21 0.16
   81 K   -2  2  2 -1 -4  3  1 -2  2 -4 -3  4 -2 -4 -2 -1 -2 -4 -2 -3    0  10  13   0   0  16   9   0   5   0   0  44   0   0   0   0   0   0   0   0  0.66 0.26
   82 S    2  2  0  1 -2  0  2  0 -1 -1 -2  1 -2 -3 -2  0  1 -3 -2 -2   24  14   5  10   0   0  16   4   0   5   0  10   0   0   0   3   9   0   0   0  0.22 0.13
   83 S    1 -1 -1 -1 -3  2  3 -2  1 -3 -1  1 -2 -3 -2  2 -1 -3 -2 -2   18   0   0   0   0  12  25   0   4   0   8  12   0   0   0  19   0   0   0   0  0.33 0.19
   84 L   -1 -3 -3 -4 -2 -3 -3 -4 -3  1  4 -3  3  1 -3 -1  0 -3 -2  0    4   0   0   0   0   0   0   0   0   4  65   0   8   4   0   5   7   0   0   0  0.59 0.26
   85 Q    0  1  0  0 -4  5  2  0 -1 -3 -3  2  0 -4 -2 -1 -2 -3 -3 -3   11   5   4   3   0  37  17   8   0   0   0  12   4   0   0   0   0   0   0   0  0.53 0.26
   86 S    1  0  1  0 -2  2  2  0 -1 -1 -2  0 -2 -3 -2  2  1 -3 -2 -1   15   3   8   5   0  11  16   4   0   4   0   4   0   0   0  19   8   0   0   4  0.23 0.13
   87 K    2  0 -1 -2 -2  1  1 -2  1 -2 -1  0  1 -2 -2  1  2 -3  0  0   24   3   0   0   0   8  12   0   4   0   5   6   7   0   0   7  15   0   4   4  0.17 0.14
   88 K   -1  2  1 -2 -4  1  1 -3  1 -3 -2  4 -2 -1 -2 -1  0 -4 -2 -1    4  10   8   0   0   4   7   0   3   0   4  49   0   4   0   0   4   0   0   4  0.48 0.25
   89 K    1  0  0 -2 -4  4  1 -3 -2 -3 -2  4 -2 -4 -2  0 -2 -4 -3 -3   11   0   4   0   0  30   4   0   0   0   4  40   0   0   0   8   0   0   0   0  0.65 0.31
   90 Q   -2  2  0  0 -4  4  3 -3 -1 -4 -3  2 -2 -4 -2  1  0 -4 -3 -3    0  14   4   3   0  24  26   0   0   0   0  13   0   0   0  11   4   0   0   0  0.58 0.25
   91 L   -2 -1 -1 -3 -2 -2 -1 -4 -3  1  3 -3  2  1 -4 -3 -2 -2  1  2    0   4   4   0   0   0   4   0   0   7  48   0   7   7   0   0   0   0   4  15  0.41 0.21
   92 V    1  0  0  0 -2  3  1 -2  1  0 -2  2 -1 -2 -2  0  0 -3  0  0   12   4   4   3   0  19   8   0   4   6   0  14   0   0   0   6   7   0   4   9  0.17 0.13
   93 S    0  2  0  0 -3  1  2 -1 -2 -3 -3  0 -2 -4 -2  3  1 -4 -3 -3    7  15   4   4   0   4  15   4   0   0   0   4   0   0   0  34  10   0   0   0  0.38 0.20
   94 V    0  0  0 -2 -2  0  0 -3 -2  1  2  0  1 -2 -2 -1  1 -3 -2  1   11   4   4   0   0   4   8   0   0   4  26   7   3   0   0   0  11   0   0  18  0.13 0.12
   95 L   -1  0  0 -1 -3  2  3 -3  1 -2  1  1 -1 -2 -2  0  0 -3 -2 -2    4   4   3   0   0  12  26   0   4   0  22  11   0   0   0   7   8   0   0   0  0.26 0.18
   96 E   -2  1  0  1 -4  3  3 -1  1 -3 -2  2 -2 -4 -2  0  0 -4 -2 -3    0   8   4   4   0  15  32   4   4   0   4  14   0   0   0   4   7   0   0   0  0.43 0.20
   97 E    0 -1  0  3 -4  3  4 -3 -2 -4 -4  1 -3 -4 -2 -1  0 -4 -3 -3    8   0   4  15   0  15  44   0   0   0   0   7   0   0   0   0   7   0   0   0  0.68 0.29
   98 L   -1 -3  2 -3 -3  1 -1 -4 -3  2  4 -3  0 -1 -4 -2 -2 -3 -2 -1    4   0  14   0   0   8   3   0   0  11  60   0   0   0   0   0   0   0   0   0  0.53 0.28
   99 D   -1  1  2  3 -3  1  3 -2 -1 -1 -3  1 -2 -3 -2  0  1 -4 -3 -1    4   7  10  18   0   3  23   0   0   4   0  11   0   0   0   4  11   0   0   4  0.34 0.17
  100 E   -1  2  2  1 -4  1  4 -1 -1 -4 -3  1 -3 -4 -2  0  0 -4 -3 -3    4  17  10   6   0   4  37   3   0   0   0   8   0   0   0   4   7   0   0   0  0.49 0.22
  101 N    0  2  0  2 -3  3  1 -2 -1 -3 -2  1 -2 -3 -2  1  1 -3 -3 -2    8  16   2  15   0  16   7   0   0   0   3  11   0   0   0  11  10   0   0   0  0.33 0.17
  102 E    0  1 -1  0 -2  2  2 -1  1 -1 -1  1  0 -2 -2  0  1 -3 -2  0    9   6   0   4   0  11  17   4   3   4   4  10   4   0   0   8   9   0   0   7  0.14 0.10
  103 N    1 -1  2  1 -2  1  0 -1 -1 -1 -2 -1  0 -3 -2  1  1 -3 -2  0   19   0  13   7   0  10   4   3   0   4   0   0   3   0   0  16  12   0   0   8  0.19 0.14
  104 K   -2  2  0  1 -3  3  1 -1 -1 -3 -2  4 -2 -3 -2 -1  0 -3 -3 -1    0  11   3   6   0  18   9   4   0   0   4  35   0   0   0   0   4   0   0   4  0.42 0.21
  105 L   -1 -1 -3 -4 -2 -3 -3 -4 -3  2  4 -3  0 -1 -3 -1  0 -3 -2  2    4   5   0   0   0   0   0   0   0  11  55   0   0   0   0   4   4   0   0  15  0.47 0.22
  106 G    0  0 -1  1 -3  2  2  1  1 -2 -2  2 -2 -3 -2  0  0 -3 -2  0    5   4   0   7   0  12  14  15   4   0   1  15   0   0   0   8   4   0   0   9  0.20 0.11
  107 S   -1  1  0 -1 -3  3  2  0 -1 -3 -3  1 -2 -3 -2  2  1 -3 -2 -2    1   9   3   0   0  15  18   8   0   0   1  11   0   0   0  23   9   0   0   0  0.35 0.18
  108 A    0  1 -2 -2 -2  1 -1 -1  0  1  2  1  1 -1 -2  0  0 -2 -2 -1   11  10   0   0   0   9   0   3   3   9  29  11   4   0   0   4   4   0   0   0  0.12 0.11
  109 E   -2  0  0  1 -4  3  4 -3 -1 -3 -3  3 -2 -4 -2 -1  0 -4 -3 -1    0   4   4   8   0  17  35   0   0   0   0  20   0   0   0   0   6   0   0   6  0.57 0.26
  110 K    0  0 -1  1 -3  1 -1  0  1 -3 -3  3 -2 -3 -2  2  1  2 -2 -3    8   4   0   8   0   7   0   4   3   0   0  28   0   0   0  23  10   4   0   0  0.35 0.21
  111 E    0 -2  0  3 -4  2  5 -3 -2 -4 -4  0 -3 -4 -2  0 -2 -4 -3 -1    7   0   4  17   0   8  53   0   0   0   0   3   0   0   0   4   0   0   0   4  0.76 0.31
  112 L   -1  0 -3 -3 -2  0 -2 -3  0  2  3 -1  0  0 -3 -1 -2 -3 -2  1    4   5   0   0   0   5   0   0   2  20  47   4   0   3   0   4   0   0   0   4  0.33 0.19
  113 V    0  0  0  0 -2  1  0 -2 -2  0  0 -1 -1 -2 -2  1  0 -2  0  2    8   5   4   4   0  11   4   1   0   0  10   0   0   0   0  13   4   0   4  29  0.11 0.12
  114 Q    1  3  0  1 -3  2  2 -2 -1 -3 -3  2 -2 -3 -2  1 -1 -3 -2 -2   18  20   4   7   0   9  18   0   0   0   0  11   0   0   0  12   0   0   0   0  0.37 0.17
  115 L    1 -1 -3 -3 -2 -2 -3 -3 -3  0  4 -1  1 -1 -3 -1  1 -3  0 -1   14   3   0   0   0   0   0   0   0   0  56   4   4   0   0   4  12   0   3   0  0.41 0.24
  116 K   -2  2 -1 -1 -4  3  2 -1 -2 -3 -3  4 -2 -4 -2 -1 -1 -4 -3  0    0  14   0   0   0  14  19   4   0   0   0  34   0   0   0   0   4   0   0  10  0.53 0.26
  117 E    1 -1  1  1 -3  2  2  0 -1 -2 -2  1 -2 -3 -2  1  0 -3 -3 -1   16   0   7   7   0  11  23   8   0   0   4   7   0   0   0   8   4   0   0   4  0.25 0.14
  118 E   -1  1 -2 -1 -4  3  3 -3 -2  0 -3  4 -2 -4 -2  0 -2 -4 -3 -1    4   4   0   0   0  14  29   0   0   6   0  35   0   0   0   4   0   0   0   5  0.55 0.27
  119 Y   -1 -1  0 -2 -2 -2 -1 -2 -2  3  2 -2  1  0 -3 -1  0 -2  1  1    3   4   7   0   0   0   4   3   0  35  19   0   4   3   0   3   4   0   6   4  0.20 0.15
  120 K   -1  1  1  0 -3  2  2 -2 -1 -3 -3  3 -2 -4 -2  1  2 -4 -3 -1    0   4   7   4   0  11  18   0   0   0   0  24   0   0   0  14  15   0   0   4  0.39 0.20
  121 Q    0  2  1  0 -3  3  1  0 -1 -3 -2  2 -2 -3 -2  2  0 -3 -2 -2    7  13   6   4   0  22   7   4   0   0   4  11   0   0   0  17   4   0   0   0  0.31 0.17
  122 L   -1  0 -3 -3 -3  1  1 -4 -3  0  4 -1  2 -1 -3 -2 -1 -3 -2 -1    4   4   0   0   0   7  11   0   0   4  55   3   7   0   0   0   4   0   0   0  0.42 0.24
  123 Q   -2  1  1 -1 -4  4  3 -3 -1 -4 -2  2 -2 -4 -3 -1  0 -4 -3 -3    0   8   7   0   0  31  30   0   0   0   4  12   0   0   0   0   7   0   0   0  0.65 0.29
  124 E   -2  1 -1  2 -4  1  3 -1  1 -3 -2  1 -2 -4 -2  1 -1 -4 -3 -2    0   9   0  17   0   7  33   4   4   0   3   9   0   0   0  10   0   0   0   4  0.43 0.21
  125 D   -1 -1  0  4 -4  3  3 -3 -2 -3 -1  1 -2 -4 -2  0 -2 -4 -3 -3    4   0   4  34   0  15  22   0   0   0   8  10   0   0   0   3   0   0   0   0  0.57 0.25
  126 L   -2 -2 -3 -3 -2  0 -1 -4 -3  3  3  1  2 -1 -3 -2 -2 -3 -2  1    0   0   0   0   0   3   4   0   0  25  40  11   6   0   0   0   0   0   0   8  0.39 0.20
  127 I    1  0 -1  0 -2  2  2  0  2 -1 -1  0 -1 -2 -2  1  0 -3 -2 -2   11   5   0   4   0  12  16   7   8   5   7   4   0   0   0  16   4   0   0   0  0.16 0.11
  128 K    0  1  0  1 -3  2  2 -1  1 -3 -3  3 -2 -3 -2  0  0 -3 -2 -1    4   4   4   7   0  11  20   3   4   0   0  27   0   0   0   5   7   0   0   4  0.33 0.16
  129 L    0 -2 -3 -3 -2 -2 -3 -1 -3  1  3 -1  3 -1 -3 -1  0  3 -2  0   11   0   0   0   0   0   0   4   0   3  48   4  11   0   0   4   4   4   0   4  0.34 0.20
  130 S   -1  0  0  0 -3  2  3 -2  3 -3 -3  2  0 -3 -2  0  0 -3 -2 -2    4   4   3   4   0  11  21   0  13   0   0  19   4   0   0   6   8   0   0   0  0.36 0.18
  131 K    1  2  0  0 -3  1  0 -1 -2 -1 -2  3  0 -3 -2  0  0 -3 -3 -2   14  10   4   4   0   7   4   4   0   4   0  35   4   0   0   7   3   0   0   0  0.31 0.18
  132 K   -1  3 -1 -1 -3  2  2 -3 -2 -2 -1  3  1 -3 -2  1  0 -3 -3 -1    0  18   0   0   0  11  14   0   0   0   6  28   4   0   0  11   4   0   0   4  0.39 0.21
  133 T   -1  0  2 -1 -3  1  2 -3 -1  0  1 -1  1  1 -3  0 -1 -3 -1  0    3   4  16   0   0   8  19   0   0   5  18   0   4   8   0   4   2   0   0  10  0.14 0.13
  134 Y    0  0  1  1 -3  1  2  0  1 -1 -1  0 -1 -2  0 -1  1 -3 -1 -2    7   4   6   8   0  10  19   8   4   4   9   3   0   0   3   0  13   0   2   0  0.14 0.10
  135 E   -2 -1 -2  1 -5  3  5 -1 -2 -4 -4  1 -3 -5 -3 -2 -1 -4 -3 -4    0   0   0   4   0  16  64   4   0   0   0   8   0   0   0   0   4   0   0   0  1.03 0.39
  136 S    0  1  2  1 -3  2 -1 -2 -1  0 -1  1 -1 -1 -2  1  0 -3  0 -1    8  10  16   7   0  12   0   0   0   8   8  11   0   3   0  10   4   0   4   0  0.14 0.12
  137 E   -1  2  1  2 -3  3  2 -1  1 -3 -3  1 -2 -3 -2  0  0 -3  0 -2    3  14   8  14   0  17  17   4   3   0   0   4   0   0   0   4   4   0   4   4  0.32 0.16
  138 E    1  0 -1  1 -3  2  3  1 -2 -3 -3  0 -2 -4  0  0  1 -4 -3 -3   11   4   0   8   0  11  34   9   0   0   0   4   0   0   4   4  11   0   0   0  0.41 0.20
  139 T   -1 -1  0  2 -3  1  3 -3 -2 -1  0  1  1 -3 -2  0  2 -3 -3 -2    3   0   3  11   0   4  28   0   0   4  10   7   4   0   0   4  21   0   0   0  0.28 0.18
  140 I    0 -3  0 -3 -2 -2 -3 -3 -3  3  3 -3  2 -1 -3 -2 -2 -3 -2  1   11   0   8   0   0   0   0   0   0  28  39   0   8   0   0   0   0   0   0   4  0.43 0.22
  141 R    0  2  1  0 -3  2  1 -2  2 -2 -2  2 -2 -3  1 -1  0 -3 -2 -1   11  13   7   4   0  12   8   0   8   0   1  16   0   0   6   0   8   0   0   4  0.25 0.13
  142 L   -1  1 -1  0 -2  1  1 -2  1 -1  2  1  0  0 -2  0  1 -2 -1 -1    5   8   0   4   0   8   8   1   4   1  27   9   0   4   1   5  15   0   0   1  0.11 0.10
  143 L    0  0 -2 -2 -2 -1 -1 -2 -2  2  2 -2  2 -1 -2  0  1 -2  0  1    8   5   0   1   0   0   4   1   0  17  31   1   5   0   1   8   8   0   4   5  0.15 0.11
  144 K   -2  2  2  0 -3  3  2 -2 -1 -3 -2  3 -2 -3 -2 -1  0 -3 -2 -3    1  15  10   4   0  22  12   1   0   0   4  26   0   0   0   0   4   0   0   0  0.47 0.21
  145 S    0  1  0  0 -3  1  2  1 -1 -2 -2  2 -2 -2 -2  0  0 -2  0 -1    7   4   3   4   0   8  18  11   0   0   1  23   0   0   0   6   4   0   4   4  0.23 0.12
  146 S    0 -1  0  3 -3  3  3 -1 -1 -3 -2  0  0 -3 -2  0  0 -4 -3 -2    7   0   4  22   0  18  22   4   0   0   4   4   4   0   0   6   6   0   0   0  0.37 0.19
  147 K   -1  2 -2 -2 -3  2  1 -3 -2  0  2  2 -1 -2 -2 -1  0 -3  0  0    4  11   0   0   0  16   7   0   0   4  25  20   0   0   0   2   4   0   4   4  0.22 0.16
  148 E    0  2 -1  1 -4  0  4 -1 -2 -1 -3  2 -3 -4 -2 -1  0 -4 -3 -3    8  12   0   7   0   0  45   4   0   4   0  13   0   0   0   0   7   0   0   0  0.54 0.26
  149 S    0  0  0 -1 -3  3  3 -2  2 -3 -3  2 -2 -4 -2  1  1 -4 -2 -1    4   4   3   0   0  15  27   0   6   0   0  19   0   0   0  10  10   0   0   3  0.42 0.21
  150 G    1  0 -1 -2 -2  0  0  0 -2  0  0  2  1 -2 -2  0  0 -2  0  0   13   4   0   0   0   4   7   9   0   7  11  21   4   0   0   4   8   0   4   3  0.09 0.10
  151 E   -1  0  1 -1  1  2  4 -3 -1  0 -2  1 -2 -3  0  0 -2 -4 -3 -2    4   4   8   0   4  14  37   0   0   7   4  12   0   0   4   3   0   0   0   0  0.40 0.22
  152 S    1 -1  1  1 -3  2  2 -2 -1 -3 -3  0 -2  0 -2  3  0 -3  1 -2   11   0   7   7   0  11  15   0   0   0   0   4   0   4   0  30   4   0   7   0  0.32 0.20
  153 A    1 -1 -1  2 -2  1  1 -2 -2  0  0 -1  1 -2  0  0  1 -3 -2  0   21   0   0  15   0  11   8   0   0   4   8   0   4   0   4   5  15   0   0   4  0.17 0.13
  154 T    0  1  0 -2 -2  1  0 -2 -2  1  2  0  0 -1 -2  1  0 -3 -2  0    8   8   4   0   0   8   4   0   0  11  30   4   0   0   0  14   3   0   0   5  0.12 0.11
  155 F   -1 -1  0  0  1  1  0 -2  1 -1  0  2  0  1 -2  0 -1 -1  2 -1    4   1   4   5   4   7   5   1   4   4   8  18   4   7   1   9   1   0  13   1  0.10 0.09
  156 G    1  1  0 -1 -2  2  1  0 -1 -2 -2  3  0 -3 -2  0  1 -3 -2 -2   12   5   4   1   0  12  12   7   0   1   1  28   4   0   1   4   8   0   0   1  0.28 0.15
  157 K    0  1  1 -1 -2  0  0 -2  1  0 -1  2  0 -2 -2  1  2 -3 -2  0    7   5   8   0   0   4   5   0   3   4   5  21   4   0   0   7  17   0   0   8  0.14 0.11
  158 N   -1  2  3 -1 -3  2  1 -2 -1  0  0  2 -1 -2 -2 -1 -1 -3 -2 -2    5  12  23   0   0  11  11   0   0   8  12  15   0   0   0   0   0   0   0   0  0.26 0.16
  159 V    0  1 -1  0 -2  2  1 -2 -2  1  0 -1 -1 -2 -2  0  0  2 -2  1    7   7   0   4   0  19   8   0   0   8  13   0   0   0   0   6   7   4   0  15  0.14 0.13
  160 E   -1  0  1  1 -3  1  4 -2 -1 -1 -3 -1 -2 -3 -2  3 -1 -3 -3 -3    1   4   8   4   0   7  39   1   0   4   1   0   0   0   0  30   0   0   0   0  0.53 0.25
  161 S    1  0 -1 -1  1  0  1  1 -2 -2  0  1 -1 -2 -2  1  0 -3 -2 -1   19   4   0   0   4   5  12  12   0   0  16  11   0   0   0  12   4   0   0   0  0.14 0.11
  162 S    0  1  0  1 -3  1  2 -2  1 -2 -2  2 -2 -3 -2  1  0 -3 -2  0    8   8   3   7   0   5  22   0   4   0   1  16   0   0   0  12   4   0   0   8  0.25 0.13
  163 S    1  0  1  1 -2  1  2 -1 -1 -2 -2  2 -2 -3 -1  1  1 -3 -2 -2   12   4  10   9   0   8  15   1   0   1   4  15   0   0   1  10   8   0   0   1  0.23 0.11
  164 S    0 -1 -1  0 -2  1  2  0 -1 -1 -1  1 -1  1  0  1  0 -2 -1 -1    6   1   1   5   0   8  15   5   0   1   5  12   0  11   5  11   8   0   0   5  0.11 0.08
  165 T    0  0 -1 -2 -1 -1  0 -2 -2  2  0  1  0 -1 -2  0  1 -2  0  1    8   5   1   1   0   1   5   1   0  19   9  12   0   1   1   5  11   0   5  15  0.08 0.07
  166 T    2  0 -1  2 -2 -1  0 -1 -2 -2 -2 -1 -2  1  0  2  2 -2 -1 -1   22   5   1  13   0   1   5   1   0   1   1   1   0  11   4  17  17   0   0   1  0.21 0.14
  167 R    1  3  0  1 -2  1  1 -2 -1 -2  0  1 -1 -2 -2  1 -1 -3 -2  0   15  23   4   9   0   4   7   1   0   0   9   7   0   0   0  12   0   0   0   7  0.18 0.12
  168 L    0  0 -3 -3 -3 -2 -1 -4 -3  0  4  0  0  0 -3 -3 -2 -3 -2 -1    9   4   0   0   0   0   5   0   0   0  69   7   0   4   0   0   0   0   0   0  0.57 0.28
  169 H   -2  0  1  3 -4  2  3 -3  5 -4 -3  0 -3 -1 -2 -1  0 -3 -1 -3    0   4   4  18   0  11  22   0  26   0   0   4   0   4   0   0   5   0   0   0  0.61 0.25
  170 N    0  3  0  0 -3  2  0 -2 -1 -2  0  2 -1  0 -2  0  0 -2  1 -2    6  20   6   4   0  15   4   0   0   0  11  16   0   4   0   4   4   0   7   0  0.23 0.15
  171 A    0  0 -1  0 -3  1  3 -3 -2  1 -1  2 -1 -3 -2 -1  1 -3 -2  0   11   3   0   3   0   7  25   0   0  10   4  15   0   0   0   0  14   0   0   8  0.23 0.16
  172 V   -1 -2  0 -1 -2  0 -2 -3 -2  3  1  1  2 -1 -3 -2 -1 -3 -2  2    4   0   7   5   0   4   0   0   0  31  12  11   7   0   0   0   0   0   0  17  0.24 0.16
  173 N    2  1  1 -2 -3  1 -1 -2  1 -3 -2  3  0 -3  1 -1  1 -3 -2 -2   24   4  10   0   0   7   0   0   4   0   0  30   4   0   7   0   8   0   0   0  0.33 0.20
  174 E   -1  0  2  1 -3  1  4 -2 -1 -3 -2  0 -2  0 -2  1  0 -3 -2 -1    0   3  11   4   0   3  41   0   0   0   4   4   0   4   0  15   4   0   0   5  0.41 0.21
  175 Y   -1 -3 -4 -4 -2 -3 -3 -4 -3  0  5 -3  0 -1 -3 -1 -1 -3 -1  1    4   0   0   0   0   0   0   0   0   0  75   0   0   0   0   4   3   0   2   8  0.72 0.30
  176 K   -1  2 -1  0 -4  3  3 -1  1 -1 -3  4 -2 -4 -2 -1 -2 -4 -3 -3    4   8   0   3   0  18  23   4   4   4   0  32   0   0   0   0   0   0   0   0  0.53 0.25
  177 K    0  1  0  0 -3  3  1 -1 -1 -3 -3  3 -2 -4 -2  1  1 -3 -3 -1    7   4   4   4   0  23   8   3   0   0   0  26   0   0   0  11   7   0   0   4  0.36 0.19
  178 L    0  0  0 -1 -3  3  1 -2 -1 -2 -1  1  0 -2 -2  2  1 -2  1 -2    8   4   4   0   0  22   6   0   0   0   6  11   4   0   0  19   8   0   8   0  0.27 0.18
  179 L   -2 -1 -3 -1 -3 -3 -1 -4 -3  2  4 -3  0 -1 -3 -3 -2 -2  2  0    0   4   0   4   0   0   4   0   0  13  63   0   0   0   0   0   0   0  10   0  0.57 0.27
  180 K   -1  2 -1  1 -3  1  2 -1 -1 -3 -3  3 -2  0 -2  0  1 -3  0 -3    0  15   0   8   0   4  22   4   0   0   0  22   0   5   0   4  11   0   4   0  0.34 0.17
  181 A    0 -1  1  1 -3  1  4 -2 -1 -1 -3  2 -2 -3  1  1 -1 -4 -3 -1    6   0   8   4   0   4  36   0   0   4   0  15   0   0   7  10   0   0   0   4  0.39 0.19
  182 K    1  1 -2 -2 -3  3 -1 -2  0 -2  1  3 -1 -2 -2 -1  0 -3  0 -2   12   8   0   0   0  16   0   0   3   0  19  33   0   0   0   0   4   0   3   0  0.32 0.21
  183 E    0 -1  1  3 -3  1  3 -1 -1 -3 -2  1 -2 -4 -2  1  0 -4 -3 -3    8   0   7  19   0   4  28   4   0   0   4  11   0   0   0  12   4   0   0   0  0.39 0.18
  184 Q    2 -1  0  0 -2  3 -1 -2 -2 -1 -2  0  0 -1 -2  2  1 -3 -2 -2   23   0   5   4   0  24   0   0   0   4   0   4   4   4   0  21   7   0   0   0  0.32 0.22
  185 D   -1 -1 -1  2 -4  3  5 -3  1 -4 -4  1 -3 -4 -3 -1 -2 -4 -3 -2    3   0   0  10   0  15  53   0   4   0   0  10   0   0   0   0   0   0   0   3  0.83 0.33
  186 I   -2 -2 -3 -3  1 -2 -3 -4  0  3  2  0  0  0 -3 -1  0 -2  0  2    0   0   0   0   4   0   0   0   4  27  27   8   0   4   0   4   4   0   4  15  0.29 0.17
  187 T   -1  0  1 -1 -3  1  2 -1  1 -1 -2  2 -2 -3 -2  1  2 -3 -2 -2    0   3   9   0   0   4  21   4   4   4   3  17   0   0   0  14  17   0   0   0  0.28 0.18
  188 K   -1  2  0  2 -3  2  2 -2  1 -2 -2  3 -2 -3 -2 -1  0 -4 -2 -1    4  12   3  13   0  11  16   0   3   0   4  23   0   0   0   0   4   0   0   6  0.34 0.17
  189 L    1 -3 -3 -4 -2 -3 -3 -3 -3  1  4 -3  4 -1 -3 -1  0 -3 -2  0   12   0   0   0   0   0   0   0   0   4  53   0  17   0   0   3   8   0   0   3  0.56 0.27
  190 Q   -2  2 -1 -1 -4  3  2 -1  0 -1 -2  4 -2 -4 -2  0 -2 -4 -3 -3    0  12   0   0   0  19  14   4   2   4   4  37   0   0   0   4   0   0   0   0  0.54 0.26
  191 S    1 -1  1  0 -3  3  2  0 -1 -3 -3  0 -2 -4 -2  2  0 -4 -3 -3   14   0   7   4   0  20  19   7   0   0   0   4   0   0   0  22   3   0   0   0  0.40 0.21
  192 S    0  1 -1  0 -3  3  2 -1  2 -3 -3  1  0 -3 -2  0  1 -3 -2 -2    6   8   0   4   0  20  21   4   7   0   0  10   4   0   0   3  13   0   0   0  0.34 0.18
  193 V   -1 -1 -3 -4 -2 -2 -3 -4 -3  3  3 -2  2 -1 -3 -2  0 -3 -2  2    4   5   0   0   0   0   0   0   0  20  35   0   8   0   0   0   4   0   0  22  0.42 0.19
  194 S    1 -1  2  0 -2  1  1 -2  1 -3 -3  2 -2 -3 -2  2  1 -3  0 -2   14   0  10   4   0   6   7   0   4   0   0  20   0   0   0  18  10   0   4   0  0.26 0.15
  195 A    2  1  0  1 -2  0  0 -1  1 -2 -2  1  0 -3  0  1  1 -3 -2 -2   28   7   4   8   0   4   3   1   4   0   1   9   4   0   4  12  11   0   0   0  0.20 0.12
  196 R    0  2  0 -2 -3  2  0 -2 -2 -2  1  3  2 -2 -2  0 -1 -3 -2 -2    6  10   4   0   0  11   4   0   0   0  16  32   7   0   0   8   0   0   0   0  0.29 0.18
  197 D   -2  2  0  2 -4  2  4 -3 -1 -3 -3  2 -3 -4 -2 -1 -2 -4 -3 -1    0  11   4  10   0   7  49   0   0   0   0  12   0   0   0   0   0   0   0   4  0.68 0.27
  198 T    1 -1  1 -1 -2  0  1 -1 -1 -1 -2  1  0 -2 -2  2  2 -3  0 -1   10   0  10   0   0   3  11   4   0   4   0   8   4   0   0  23  17   0   4   3  0.21 0.15
  199 E   -1 -1 -2 -1 -4  3  5 -3 -2 -4 -1  1 -2  0 -3 -2 -2 -4 -3 -3    4   0   0   0   0  16  61   0   0   0   7   7   0   4   0   0   0   0   0   0  0.88 0.37
  200 I    1 -1 -3 -3 -2 -2 -3 -3 -3  2  3  0  2 -1 -3 -2  0 -3 -2  1   15   4   0   0   0   0   0   0   0  20  42   7   4   0   0   0   4   0   0   4  0.35 0.20
  201 D    0 -1  3  2 -3  0  2 -2  1 -2 -3 -1 -2 -3  0  1  1 -3 -2 -1    8   0  24  13   0   4  16   1   5   0   1   0   0   0   5   8   7   0   0   7  0.31 0.15
  202 R   -1  3  0  0 -3  2  2 -2 -1 -1 -2  3 -2 -3 -2  1  0 -3 -2 -2    1  21   3   5   0   8  16   1   0   5   1  21   0   1   1   9   5   0   0   1  0.32 0.14
  203 W    1 -2 -2 -1 -2 -2 -2 -1 -2  0  2 -2  1  1 -2 -1  0  4  1  0   17   1   1   5   0   1   1   5   0   1  26   1   4   9   1   1   4   8   6   9  0.17 0.11
  204 R   -1  2  0  0 -3  3  0 -2  1 -1 -2  2 -2 -3  2  0 -1 -3 -2 -2    5  17   3   4   0  20   1   1   5   4   1  20   0   1   9   5   1   0   0   1  0.33 0.15
  205 I    0  0 -1  0 -2  1  2  0 -1  1 -1  1 -1 -1 -1  0 -1 -2  0  0    8   5   1   5   0   8  19   6   0  12   4  13   0   1   1   5   1   0   5   5  0.10 0.07
  206 R    0  2  1  1 -3  3  2 -2 -1 -3 -3  3 -2 -3 -2  0 -1 -3 -2 -3    8  10   9  10   0  16  11   1   0   0   1  26   0   0   0   5   1   0   0   1  0.38 0.17
  207 V   -1  1 -1 -2 -2  0 -2 -3 -2  1  3  1  0 -1 -2 -1  0 -2 -2  1    5  12   3   1   0   4   1   1   0  11  39   9   0   0   0   1   6   0   0   7  0.19 0.13
  208 E    1  0  1  0 -3  1  4 -2  1 -3 -3  1 -2 -3 -2 -1  1 -3 -2 -3   12   4   6   0   0   4  50   0   4   0   1   8   0   0   0   0   8   0   0   0  0.57 0.25
  209 T    0  0  0 -1 -2  1  1 -2 -2 -2 -1  2 -1 -3 -2  2  3 -3 -2 -1    5   4   4   0   0   7   8   0   0   0   4  15   0   0   0  16  30   0   0   4  0.28 0.17
  210 I   -1  0 -1 -1 -3  2  2  0 -1  1  1  1  1 -2 -2 -1  0 -3 -2  0    0   4   0   0   0  12  24   8   0  10  15  11   4   0   0   0   4   0   0   4  0.18 0.13
  211 E    0 -1 -1  1 -3  2  4 -3 -2 -3  0  1 -2 -3 -2  0 -2 -3 -3 -2    7   0   0   8   0  10  46   0   0   0  12  10   0   0   0   4   0   0   0   0  0.52 0.24
  212 A    1 -1  1  2 -2  1  1 -1  1 -2 -1  1 -1 -2 -1  1  1 -3 -2 -2   15   1   5  13   0   7   5   1   4   1   5  13   0   0   1  14  13   0   0   1  0.18 0.10
  213 N   -1 -1  3  2 -2  2  2 -1 -1 -2 -1  0 -1  0 -1  0 -1 -2 -1 -2    2   1  23  10   0  17  14   2   1   1   6   6   1   5   1   6   1   0   1   2  0.27 0.12
  214 W    0  0 -1 -2 -2 -1  0 -2  2  0  0  0 -1  1 -2  0  0  6  1 -1    9   5   1   1   0   1   5   2   9   5  14   5   1   5   1   6   5  17   5   2  0.24 0.10
  215 K    0  2  0 -1 -2  1  1 -2  1 -2 -2  3  0 -2 -1  0 -1 -2 -1 -2    6  14   5   1   0   7  12   2   5   1   2  29   4   1   1   6   1   0   1   1  0.28 0.12
  216 A    0  0 -1  1 -1  1  0 -2 -1  1  1 -1  1 -1 -1  0 -1 -2 -1  1    8   5   1   9   0   9   6   1   0   9  17   1   5   1   1   9   1   0   1  15  0.06 0.06
  217 R   -1  4 -1  0 -3  2  2 -2 -1 -3 -3  2 -2 -3 -2  0  1 -3 -2 -2    1  33   1   5   0  12  18   1   0   1   1  12   0   0   1   5   9   0   0   1  0.48 0.19
  218 V   -1 -1  0 -1 -2 -1  0 -2 -2  2  2  0  0 -1 -2  1  1 -2 -2  1    1   1   5   1   0   1   5   1   0  16  24   9   0   1   1  13   9   0   0  11  0.11 0.09
  219 Q   -1  1  1  0 -3  4  3  0  1 -3 -3  0 -2 -3 -2  0 -1 -3 -2 -3    5   8   7   4   0  35  25   5   3   0   1   0   0   0   0   5   0   0   0   0  0.54 0.23
  220 V    0  0 -2 -2 -2 -1  1 -2 -2  0  1  0  2 -2 -2 -1  2 -2 -2  2    5   5   1   1   0   1  14   1   0   1  14   5   9   0   1   1  21   0   0  22  0.17 0.14
  221 L    1 -2 -2 -1 -2  0  0 -2 -2  0  3 -2  2 -1 -2 -1 -1 -2  0  0   12   1   1   5   0   5   5   1   0   1  46   1   9   0   1   5   1   0   4   3  0.24 0.15
  222 E   -1  0 -1  0 -3  3  4 -3 -1 -1 -3  2 -2 -3 -2 -1  0 -3 -3 -2    5   3   0   0   0  17  48   1   0   4   1  15   0   0   0   1   4   0   0   0  0.64 0.26
  223 S    1  0 -1 -1 -2  3  1 -2 -1 -3 -3  0 -2 -3 -2  3  2 -3 -2 -2    9   4   0   0   0  21   8   1   0   0   1   4   0   0   0  36  13   0   0   0  0.44 0.22
  224 K   -2  0  0 -1 -3  3  1 -2 -1 -3 -1  5 -2 -3 -2 -1  0 -3 -2 -3    1   1   5   1   0  21   5   1   0   1   5  52   0   0   1   1   5   0   0   1  0.63 0.26
  225 L   -1 -2 -1 -3 -2 -1 -2 -1  1  2  2 -2  1 -1 -3 -2 -1 -2  1  2    5   0   5   0   0   4   1   5   4  13  30   0   4   0   0   1   0   0   5  22  0.19 0.12
  226 A    2  1 -1  0 -2  1  1  0 -1 -1 -1  1 -1 -3  0  1  0 -3 -2 -1   25   8   0   4   0   8  13   4   0   4   5   8   0   0   4  13   4   0   0   0  0.18 0.11
  227 T    1  0  0  0 -2  1 -1 -2 -2 -1  0  0 -1 -2 -2  1  2 -3 -2  1   17   4   4   4   0   9   0   0   0   0   9   5   0   0   0  12  20   0   0  15  0.16 0.13
  228 L    0  1  0 -1 -2  2 -1  0  1  0  1  0  1 -2 -2 -1  0 -3 -2  0    7   8   4   4   0  14   0   8   5   6  25   4   4   0   0   0   4   0   0   4  0.08 0.09
  229 E   -2  1  2  4 -4  1  3  1 -2 -4 -4  0 -3 -4 -3 -1 -2  3 -3 -4    0   8  12  32   0   4  25  10   0   0   0   4   0   0   0   0   0   5   0   0  0.61 0.24
  230 K   -1  2 -1  0 -2  1  1 -1  1 -2  0  2 -1 -2 -2  1  1 -3 -2 -2    3  12   0   5   0   7   9   4   4   0  16  19   0   0   0   9  12   0   0   0  0.16 0.11
  231 K   -1  2 -1  0 -3  3  2 -2  1 -3 -1  3 -2 -3 -2  0  0 -3 -2 -3    0   9   0   5   0  20  16   0   4   0   5  27   0   0   0   8   5   0   0   0  0.42 0.19
  232 T   -1 -2 -2  0 -2 -1 -1 -1 -2  1  2  0  2 -1 -2  1  1 -2  1  0    0   0   0   4   0   0   4   4   0   8  24   7  11   0   0  16   8   0   8   4  0.12 0.13
  233 R    0  4 -1 -1 -3  2  2 -3  0 -3 -3  2 -2 -4  0  1  1 -4 -2 -3    5  29   0   0   0  12  16   0   3   0   0  16   0   0   4   9   8   0   0   0  0.47 0.21
  234 L    0  1 -2 -2 -2 -1  1 -3 -2  0  2  2  3 -2 -2 -1  0 -3 -2  0    9   9   0   0   0   0  15   0   0   4  26  16  11   0   0   0   4   0   0   4  0.20 0.15
  235 S    1  0 -1 -2 -2  1  1 -2 -2  0  1 -1 -1 -2 -2  2  0 -2  0  0   19   4   0   0   0  11   9   0   0   4  16   0   0   0   0  19   4   0   4   8  0.14 0.13
  236 R    1  3 -1  0 -3  3  2 -2 -1 -2 -3  2 -2 -3 -2  0 -1 -3 -2 -1   16  24   0   4   0  16  12   0   0   0   0  15   0   0   0   5   0   0   0   7  0.38 0.19
  237 S    0  2  0 -1 -2  2  2 -2  1 -1  0  1  0 -2 -2  0 -1 -3 -2  0    9  13   4   0   0  14  17   0   4   3   8   7   4   0   0   7   0   0   0   9  0.17 0.11
  238 A    2  2  0 -1 -3  2  2 -2 -1 -3 -3  2 -2 -3  1  0  0 -3 -3 -2   25  11   4   0   0   8  17   0   0   0   0  17   0   0   8   3   7   0   0   0  0.35 0.17
  239 H    1 -1  2 -1 -2  1  1  0  2 -2 -1  1 -1 -2 -2  1  1 -3  0 -2   13   0  15   0   0   9   9   4   8   0   9   9   0   0   0   9  12   0   4   0  0.17 0.12
  240 D   -2 -1 -1  2 -4  2  4 -1  2 -3 -3  0 -3 -4  0  0  0 -4 -3 -1    0   0   0  11   0  10  46   4   5   0   0   4   0   0   5   4   5   0   0   5  0.54 0.23
  241 R    0  2 -1  1 -2  1  2 -2 -2  1 -1  0  1 -2 -2  0  0 -3 -2  1    9  20   0  10   0   4  18   0   0   9   5   0   4   0   0   5   5   0   0  12  0.17 0.12
  242 K    0  0  0 -1 -3  1  2 -2  1 -1 -1  3 -1 -3  2  1  1 -3 -2 -2    5   0   4   0   0   4  14   0   5   5   8  27   0   0   9   9   9   0   0   0  0.23 0.14
  243 S   -1  3  1 -2 -3  0 -1 -1  1 -2  1  0 -1 -2 -3  1  1 -3 -2 -1    0  30   9   0   0   5   0   5   4   0  18   0   0   0   0  15  10   0   0   4  0.25 0.17
  244 T    0 -2  0 -2 -2  1 -1 -2 -2  1  2  0  0 -2  0  2  0 -3 -2 -1    5   0   5   0   0   9   0   0   0  14  27   5   0   0   5  27   3   0   0   0  0.18 0.16
  245 S    0  1  0 -1 -2  2  1 -2 -1 -2 -1  2 -1  0 -2  2 -1 -2  0  0    5   5   5   0   0  14   9   0   0   0   5  17   0   5   0  22   0   0   5   8  0.19 0.13
  246 S   -1  0  1  0 -2  1  2 -2 -2 -2  0 -1 -1 -3  1  3  1 -3 -2 -2    0   5   5   5   0   5  15   0   0   0  15   0   0   0   5  35  10   0   0   0  0.27 0.16
  247 T    0 -2  0 -1  2  1  2  0 -2 -3 -3 -1 -2 -3  3  1  2 -4 -3 -2    5   0   5   0   5   5  20   5   0   0   0   0   0   0  19  14  21   0   0   0  0.43 0.18
  248 M    0  2 -1  0 -2  2  1 -2 -1  0  1  0  2 -2 -2  0 -1 -3 -2 -1   11  21   0   6   0  11  10   0   0   5  14   0   8   0   0  10   0   0   0   0  0.16 0.11
  249 L    1 -2 -3 -3 -2 -2 -2 -1 -3  1  2 -1  0 -1  0 -1  0 -3 -2  2   16   0   0   0   0   0   0   5   0   3  35   5   0   0   5   0   6   0   0  25  0.23 0.14
  250 S    0  1  2  1 -2  0  1 -2 -1 -2 -3  1 -2 -3  2  2  1 -3 -2 -1    5  10  11   5   0   0  10   0   0   0   0  10   0   0  11  23   9   0   0   6  0.28 0.12
  251 S    1  0 -1  0 -2  1  0  0 -2  0 -1  0 -1 -2  2  1  1 -3 -2  0   10   6   0   5   0   6   6   5   0   5   5   6   0   0   9  18  11   0   0  10  0.12 0.06
  252 P    0 -1 -2 -2 -3  1 -1  0 -2 -1 -1  2 -2 -3  5 -1  0 -3 -3 -2    6   0   0   0   0  11   0   9   0   6   6  15   0   0  39   0   6   0   0   0  0.64 0.19
  253 Q   -1  1 -1  0 -3  4  0  0 -1 -2 -1  2 -1  0 -2  0  1 -3 -2 -1    0   6   0   6   0  30   0   6   0   0   4  19   0   6   0   6  11   0   0   6  0.26 0.15
  254 L    1 -1  0 -1 -2 -1  1 -2 -2  0  1  0  0 -2 -2  0  2 -3 -2 -1   16   0   6   0   0   0  11   0   0   6  24   5   0   0   0   6  24   0   0   0  0.16 0.12
  255 V    1 -1 -2 -2 -2 -1  0  0 -2  0 -1  1 -1  1  3  0  0 -2 -1  1   16   0   0   0   0   0   5   6   0   0   5  11   0  10  16   4   6   0   0  20  0.17 0.10
  256 T    1 -1  1  0 -2 -1  0 -1  1  0  1 -1 -1 -2 -2  2  1 -3 -2 -1   17   0  11   6   0   0   6   1   6   5  17   1   0   0   0  21   9   0   0   1  0.13 0.09
  257 N    1  1  2  0 -2  0 -1  0 -1 -1 -2 -1 -1 -2 -2  2  0 -3 -2  1   12  11  17   6   0   6   1   6   0   0   1   1   0   0   0  21   1   0   0  17  0.17 0.11
  258 S    0  1  1  0 -2  1  0 -2  1 -1 -1  1 -1 -2  2  1  1 -3 -2 -1    5   6   6   5   0   6   6   0   5   6   6  10   0   0  12  18   9   0   0   0  0.17 0.07
  259 P    1 -1 -2 -2 -3  1  0 -3 -2 -3 -3  2 -3 -4  6  0  0 -4 -3 -3   11   0   0   0   0   6   5   0   0   0   0  19   0   0  49   6   5   0   0   0  1.02 0.26
  260 S   -1  1  0 -2 -2  1 -1  0 -2 -1 -2  2  1 -3 -2  2  1 -3 -2  1    0  11   5   0   0   5   0   6   0   0   0  16   5   0   0  31   5   0   0  17  0.23 0.16
  261 P    0 -1  1  0 -3 -1  0 -2  1 -2 -3  1 -2 -3  4  1  0 -4 -2 -1    6   0   6   5   0   0   5   0   6   0   0  15   0   0  30  16   6   0   0   5  0.51 0.16
  262 Q    0 -1 -1  0 -2  2  1 -2 -1  0  1  1  0 -2  1  0 -1 -3 -2  0   12   0   0   5   0  13  12   0   0   6  21  12   0   0   6   6   0   0   0   6  0.11 0.08
  263 K    1 -1 -1 -2 -1 -1 -1  0 -2  0  0  0  1 -2 -1  2  1 -2 -2  1   16   1   1   1   0   0   1   7   0   1  12   9   6   0   1  21  12   0   0  12  0.12 0.08
  264 S    0 -1 -1 -1 -2 -1  0 -2 -2  0  0  0 -1 -2  3  2  0 -3 -2  1    6   1   1   1   0   0   6   1   0   5  12   6   0   0  21  27   1   0   0  12  0.28 0.11
  265 S    1 -1  0 -1 -2  1 -1  0 -2 -1  0  0  3 -2 -2  2  1 -3 -2 -1   10   0   6   0   0   6   0   7   0   0  12   6  16   0   0  28   7   0   0   0  0.17 0.12
  266 L    0 -1  0 -1 -2 -1  0  1 -2  0  2  0  0 -1 -2  0 -1 -2 -2  0    7   0   6   0   0   0   6  17   0   6  31   6   0   0   0  12   0   0   0   6  0.10 0.08
  267 S    0  0 -1 -2 -2  0 -1  0 -2  1 -2 -1 -1 -2  2  2  2 -3 -2  0    6   6   0   0   0   6   0   6   0  12   0   0   0   0  12  21  22   0   0   6  0.23 0.12
  268 S   -1  0 -1  0 -2  1  0 -2 -1  0 -1  0 -1  0  1  1  2 -3 -1  1    0   5   0   6   0  12   6   0   0   6   0   6   0   6   6  15  18   0   0  13  0.13 0.09
  269 R    0  1 -1 -1 -2  3  2 -2  2 -2  0  1 -1 -2 -2  1 -1 -3 -2 -2    7  10   0   0   0  24  12   0   7   0  12   6   0   0   0  19   0   0   0   0  0.27 0.13
  270 R    0  3  0 -1 -2  0  0 -2 -1 -2  0  0  1 -2  3  1 -1 -3 -2 -2    7  27   6   0   0   0   7   0   0   0  13   0   7   0  17  13   0   0   0   0  0.29 0.12
  271 S    0 -1  3  3 -2  0  1  1 -1 -3 -3  0 -2 -3 -2  1  0 -3 -2 -2    7   0  17  19   0   0  13  13   0   0   1   7   0   0   0  15   6   0   0   0  0.33 0.10
  272 I    1  0 -1 -2 -2  2 -1 -2 -2  1  0 -1 -1 -2  0  2  1 -3 -2 -1   11   7   0   0   0  13   0   0   0  11  13   0   0   0   4  26  13   0   0   0  0.16 0.11
  273 R   -1  1  1 -2 -3  1 -1  0 -2 -2 -1  0 -2 -3  5 -1  2 -3 -3 -2    0  11   7   0   0   7   0   7   0   0   7   6   0   0  35   0  17   0   0   0  0.57 0.15
  274 E   -1  1 -1 -1 -2  1  2 -2 -1 -1  0  2 -1 -2 -2  2 -1 -2  1  0    0   7   0   0   0   7  16   0   0   0  13  17   0   0   0  24   0   0   6   7  0.18 0.11
  275 K    0  1  1 -1 -2  2  1  0 -1 -1 -1  1 -1 -2  2  1 -1 -3 -2 -1    7   7   6   0   0  12   6   5   0   7   7  14   0   0  13  13   0   0   0   0  0.19 0.07
  276 S    0  1  1  1 -2  1  0  0 -1 -2 -1  0 -1 -2 -2  2  1 -3 -2 -2    7   7   7   6   0   7   0   7   0   0   7   6   0   0   0  32  12   0   0   0  0.21 0.10
  277 S   -1 -2  1  0 -3 -2 -2  0 -2 -3  0 -2 -2 -3  6  2 -1 -4 -3 -3    0   0   6   6   0   0   0   7   0   0  12   0   0   0  46  22   0   0   0   0  0.86 0.22
  278 L    0 -3 -2 -3 -2 -2 -3  0 -3  1  3 -2  0  2  1  0 -1 -2 -1  0    7   0   0   0   0   0   0   6   0  13  40   0   0  13   7  14   0   0   0   0  0.22 0.12
  279 S    0  2  1 -1 -2  0  1 -2 -1 -3 -1  1 -2 -3  1  3  0 -3 -2 -2    6  17   7   0   0   0   7   0   0   0   6   7   0   0   7  43   0   0   0   0  0.34 0.16
  280 M    0 -2 -2 -3 -2 -2 -2 -3 -2  0  1 -2  4 -1 -2 -1  3 -3 -2  2    8   0   0   0   0   0   0   0   0   0   8   0  26   0   0   0  28   0   0  25  0.35 0.16
  281 T   -1  1  1 -1 -2 -1  0 -2 -2 -2 -3 -1 -2 -3 -2  2  5 -3 -3 -2    0   7   7   0   0   0   7   0   0   0   0   0   0   0   0  14  64   0   0   0  0.65 0.24
  282 P    1 -2  1 -2 -3 -2  0  0 -2 -3 -3 -2 -3 -4  6 -1  0 -4 -3 -3   14   0   7   0   0   0   7   7   0   0   0   0   0   0  57   0   8   0   0   0  1.13 0.23
  283 F   -1 -2 -1  0 -3  1  0  0  3  0  0 -1 -1  3  1  0 -1 -1  1 -1    0   0   0   7   0   7   8   7  14   7   7   0   0  23   7   7   0   0   5   0  0.17 0.10
  284 L    0 -3 -3  0 -2 -3 -3 -3 -3  1  4 -3  1  1 -3 -2 -2 -2 -1  1    7   0   0   7   0   0   0   0   0   7  64   0   0   7   0   0   0   0   0   7  0.44 0.16
  285 K   -1  1  1 -1 -3  4  2 -2 -1 -3 -1  2 -1 -3 -2  1 -1 -3 -2 -2    0   7   7   0   0  31  15   0   0   0   7  19   0   0   0  14   0   0   0   0  0.42 0.16
  286 K   -1  4 -1 -2 -3  0 -1 -2 -1 -3 -3  3 -2 -3  1  1  1 -3 -2 -3    0  40   0   0   0   0   0   0   0   0   0  24   0   0   7  14  14   0   0   0  0.57 0.19
  287 T   -1 -1 -1 -1  2  2 -1  0 -1 -2 -1  1  1  0  1  1  2 -2 -1 -1    1   0   0   0   8  15   0   7   0   0   1  14   7   8   7   8  22   0   0   0  0.18 0.10
  288 S    3 -2 -1 -1 -1 -1 -1 -1 -2 -2 -2 -1 -2 -3  1  3  1 -3 -2 -1   36   0   0   0   0   0   0   1   0   0   1   0   0   0   8  44   7   0   0   0  0.48 0.17
  289 V    1 -1 -1 -1 -2  2 -1 -2  2 -1 -1 -1  1 -2 -2  2  3 -3 -1  0   13   0   0   0   0  14   0   1   7   0   1   0   8   0   0  22  27   0   0   5  0.26 0.13
  290 A    0 -2  2 -1 -2 -1  0  1 -2  2 -1 -1 -1 -2  1  1 -1 -3 -2  0    4   0  15   0   0   0   8  14   0  26   0   0   0   0   7  20   0   0   0   7  0.17 0.11
  291 L   -1  0 -3 -3 -2 -2 -2 -3 -3  2  2 -2  2 -1  1 -2  1 -3 -2  2    0   7   0   0   0   0   0   0   0  19  26   0   7   0   7   0  15   0   0  19  0.26 0.11
  292 G   -1 -1  1 -1 -2  1 -1  3  3 -3 -3 -1 -2 -3  2  2 -1 -3 -2 -3    1   0   8   0   0   8   0  29  15   0   1   0   0   0  14  22   0   0   0   0  0.45 0.14
  293 L    1  2 -2 -2 -2 -1 -1 -2 -2  0  2  1  0 -1 -2 -1  1 -2 -2 -1   15  15   0   0   0   0   0   1   0   0  37  15   0   0   0   0  14   0   0   0  0.19 0.11
  294 S    0 -1 -1  0 -2  1 -1 -2 -1 -2 -3  0 -2 -2  3  3  0 -3  1 -1    7   0   0   7   0   7   0   0   0   0   0   8   0   0  19  37   0   0   7   7  0.38 0.15
  295 S   -1  1  2  0 -3  0  2  0 -1 -3 -3  0 -2 -3  3  2  1 -4 -3 -3    0   7  14   0   0   0  21   7   0   0   0   0   0   0  14  28   7   0   0   0  0.41 0.14
  296 S    1 -1  2 -1 -2  2 -1  1 -1 -2 -2 -1  1 -3 -2  3  0 -3 -2 -2    8   0  15   0   0  14   0   8   0   0   0   0   7   0   0  45   0   0   0   0  0.38 0.16
  297 P   -1  2 -2 -2 -3 -1 -2  0 -2  0 -2 -1 -2 -3  6  0  0 -3 -3 -2    0  15   0   0   0   0   0   8   0   8   0   0   0   0  52   7   8   0   0   0  0.94 0.19
  298 L   -1  0 -2 -3 -2 -2 -2  0 -2  0  2  0  0  2  2 -1 -1 -2 -1 -1    0   8   0   0   0   0   0   7   0   0  41   8   0  14  14   5   0   0   0   0  0.23 0.11
  299 R   -1  1  1 -1 -2  2  1  0 -1 -2 -1  1 -1 -2  1  0  2 -2  1 -2    0  12   7   0   0  12   7   7   0   0   8   7   0   0   8   0  22   0   8   0  0.17 0.08
  300 R    1  2 -1  1 -2  0 -1 -1 -1 -3 -2  2 -2  0 -2  3  0 -3 -2 -2   13  12   0   8   0   0   0   0   0   0   0  15   0   7   0  42   0   0   0   0  0.30 0.14
  301 D    0 -2 -1  1 -2 -1  0  0 -2  0 -1 -1  1 -2  1  2  1 -3 -2  0    7   0   0  12   0   0   8   8   0   7   0   0   7   0   8  27   7   0   0   8  0.16 0.08
  302 A    1 -2 -2 -2 -2  1 -1 -2 -2  1 -1 -1  3  1  4  0 -1 -2 -1  0   12   0   0   0   0   8   0   0   0  15   0   0  14   7  26   8   0   0   0   8  0.36 0.12
  303 K    1  1 -1 -1 -2  0  1 -2 -2 -2 -2  2 -2 -3 -2  3  2 -3 -2  0    7   7   0   0   0   0   7   0   0   0   0  18   0   0   0  34  20   0   0   7  0.32 0.14
  304 T    2 -1 -1 -2 -1 -1 -1  0 -2  0  0  0 -1 -2  1  1  2 -3 -2  0   28   0   0   0   0   0   0   7   0   5   7   8   0   0   5   7  26   0   0   7  0.20 0.11
  305 L   -1  1  1 -2 -2 -1 -1  0 -2  0  1 -1 -1 -2  3  1  1 -3 -2 -1    0  12   7   0   0   0   0   7   0   7  19   0   0   0  20  21   7   0   0   0  0.25 0.11
  306 P    0 -1  1 -1 -3  1 -1 -2 -2 -3 -3  1 -2 -4  5  2  1 -4 -3 -2    7   0   7   0   0   5   0   0   0   0   0  14   0   0  40  19   7   0   0   0  0.75 0.18
  307 K    2  3 -1 -2 -2  2 -1  0 -1 -2 -2  1  1 -3  1  2 -1 -3 -2 -2   21  21   0   0   0  14   0   5   0   0   0   4   7   0   7  20   0   0   0   0  0.29 0.13
  308 P    0 -2  0 -2 -2 -1  0  0 -1  0  0 -1 -1  1  3  0 -1  4  1  0    7   0   7   0   0   0   7   7   0   5   7   0   0   7  18  12   0   7   8   7  0.22 0.08
  309 L    0 -2 -1 -1 -2 -1  1  0 -2  0  0 -1 -1 -2  3  0  0 -3 -2  1    8   0   0   0   0   0  15   8   0   7  12   0   0   0  20   8   5   0   0  15  0.22 0.07
  310 S    0 -1  2 -1 -2 -1  1 -1 -1 -3 -3  0 -2 -3  1  3  2  4 -2 -2    7   0  14   0   0   0   8   0   0   0   0   7   0   0   7  31  19   7   0   0  0.36 0.14
  311 P    2 -2 -2 -2 -2 -2 -2  0 -2 -2 -1 -1 -2 -3  5  1  2 -3 -3 -2   20   0   0   0   0   0   0   7   0   0   7   0   0   0  33  14  19   0   0   0  0.59 0.16
  312 N   -1  3  0 -1 -2  2 -1  1 -1 -3 -3  0 -2  0 -2  2  1 -3 -2 -2    0  22   4   0   0  13   0  15   0   0   0   0   0   7   0  27  12   0   0   0  0.30 0.14
  313 K    0  1 -1  1 -2  1  1 -2  2 -2 -1  2 -1 -3  1  1 -1 -3 -2 -1    7   7   0   7   0   5   8   0   7   0   7  26   0   0   7  12   0   0   0   7  0.19 0.08
  314 S    0  1  1 -1 -2  1 -1 -2 -1 -2 -3 -1 -2 -2  3  2  3 -3  1 -2    7   8   7   0   0   7   0   0   0   0   0   0   0   0  21  17  27   0   7   0  0.41 0.14
  315 F    1 -2 -2 -2 -2  1 -1 -2 -2  0 -1 -1 -1  2  2  1  0 -2 -1  1   14   0   0   0   0  12   0   0   0   7   0   0   0  18  12  14   7   0   0  15  0.19 0.11
  316 S    0 -2  2 -1 -2 -1  1 -2  2  1 -2 -1 -2 -2  2  2 -1 -3  1 -1    7   0  12   0   0   0  15   0   7  14   0   0   0   0  12  25   0   0   7   0  0.24 0.12
  317 E    1  1 -1 -1 -2  1  2  1  2 -1 -2  0 -2  0  1 -1 -1 -3 -1 -1   22   7   0   0   0   7  19  14   7   7   0   5   0   5   7   0   0   0   0   0  0.17 0.09
  318 T    1 -2 -2  0 -2 -2 -2  1 -2  0  0 -2 -1  1  1  0  1 -2  1  1   14   0   0   5   0   0   0  14   0   0  15   0   0   7   7   5  11   0   7  14  0.09 0.06
  319 R   -1  2  1  0 -2  0  2 -2 -1 -2 -2  1 -2  0  1  0  1 -2 -1 -2    1  17   8   1   0   1  23   1   0   1   1   8   0   8   8   8  15   0   0   1  0.24 0.09
  320 S   -1  2  0  2 -2 -1  0  0 -1 -2 -2  1 -2 -2 -2  2  1 -2  1 -1    0  15   0  20   0   0   0   7   0   0   0   8   0   0   0  26   7   0   7   8  0.21 0.11
  321 R    1  0  1 -1 -2  1  1 -2 -1 -1  0  1  1 -1  1  0 -1 -2  1 -1   15   5   7   0   0   8   8   0   0   0  14  13   7   0   7   8   0   0   7   0  0.10 0.06
  322 L    0  0  2  0 -2  1 -1 -2 -1 -1  1 -1 -1  1 -2 -1 -1 -1  3 -1   14   7  14   7   0   7   0   0   0   0  19   0   0   8   0   0   0   0  20   0  0.16 0.10
  323 P   -1  0 -1  0 -2 -1 -1  0  2 -2  0  0 -1 -2  4  0  0 -3 -2 -2    0   7   0   8   0   0   0   7   7   0  15   7   0   0  31   8   8   0   0   0  0.41 0.11
  324 R    0  0 -1 -1 -2 -1  0 -2  1 -2 -2 -1 -1  1  4  1  1 -2  1 -2    8   5   1   1   0   1   8   1   6   1   1   1   0   7  22  15  15   0   8   1  0.31 0.09
  325 P   -1 -2 -2 -2 -3  2 -1  0 -2  0 -3 -1 -2  0  6  1 -1 -3 -2 -2    0   0   0   0   0  14   0   7   0   8   0   0   0   7  47  17   0   0   0   0  0.85 0.21
  326 S   -1  2 -1 -1 -2  1  0  0 -1 -1 -1  0 -1  0  1  1  2 -2 -1  0    0  15   0   0   0   7   7   7   0   0   7   0   0   7   7  16  20   0   0   7  0.14 0.09
  327 L    0 -2  2  0 -2 -1 -1 -2 -2  1  0 -2  0  1 -2  0  2 -3 -1  1    7   0  14   7   0   0   0   0   0  14   9   0   0   7   0   7  21   0   0  12  0.13 0.09
  328 S    1  1 -1 -2 -2 -1 -1 -2 -1 -1 -2  0 -2  1 -2  4  0 -2  1 -2    7   7   0   0   0   0   0   0   0   5   0   7   0   7   0  60   0   0   7   0  0.41 0.20
  329 P    0 -2 -1 -1 -3 -1  0  3 -2 -3 -3  0 -3 -4  4  1  0 -3 -3 -3    8   0   0   0   0   0   7  26   0   0   0   7   0   0  31  14   7   0   0   0  0.63 0.15
  330 S    2 -1  1 -1 -2  1 -1 -1 -2 -2 -2  0  1 -3 -2  3  2 -3 -2 -1   28   0   7   0   0   7   0   0   0   0   0   7   7   0   0  29  15   0   0   0  0.31 0.14
  331 K    2  1 -1 -1 -2  1  1 -1 -1 -3 -3  2 -2 -3  1  1  1 -3 -2 -2   26   5   0   0   0   7   7   0   0   0   0  26   0   0   7  14   7   0   0   0  0.32 0.12
  332 R   -2  3  2 -2 -3  1 -1 -3 -1 -2 -1  1 -1  1  1 -1 -1 -2  2 -1    0  30  14   0   0   7   0   0   0   0   8   7   0   7   7   0   0   0  13   7  0.27 0.13
  333 T    1  1 -1 -1 -2 -1  0 -2 -2 -2  0  0 -1 -2  1  3  1 -3 -2 -1    8   8   0   0   0   0   8   0   0   0  14   5   0   0   8  37  13   0   0   0  0.24 0.11
  334 S    0 -1  2  0 -3  2  3  0  2 -3 -3  1 -2 -3 -2  1 -1 -3 -2 -3    8   0  14   0   0   8  36   8   8   0   0   6   0   0   0  13   0   0   0   0  0.40 0.13
  335 T    2 -1  1 -1 -2  0  1 -1 -2 -1 -2  1 -1 -3 -2  1  3 -3 -2  0   24   0   8   0   0   0   9   0   0   0   0  14   0   0   0   9  28   0   0   8  0.25 0.11
  336 N   -1 -1  3  1 -3  2  1 -2  3 -3 -3 -1 -2  1  3  0 -1 -3 -1 -3    0   0  19   8   0  16   8   0  15   0   0   0   0   9  16   8   0   0   0   0  0.41 0.12
  337 V   -1 -1 -2 -2 -2 -1  0 -3 -2  2  2  2  0  1 -2 -2 -1 -2 -1  1    0   0   0   0   0   0   8   0   0  14  32  24   0   8   0   0   0   0   0  14  0.19 0.10
  338 D   -1 -1  2  4 -3  0  1 -2 -1 -2 -3  1 -2 -3 -2  1  1 -4 -3  0    0   0   9  45   0   0   9   0   0   0   0   9   0   0   0   9   9   0   0   9  0.48 0.12
  339 G    1 -1  0  1 -2 -1 -1  2 -2 -2 -2  1 -2 -3 -1  2  2 -3 -2 -1   18   0   0   9   0   0   0  16   0   0   1  10   0   0   0  25  18   0   0   0  0.26 0.08
  340 D    0  0  0  3 -3 -1  0  1 -2 -3 -3 -1 -2  0  2  1  0 -3 -2 -2    9   9   0  32   0   0   0  16   0   0   0   0   0   9   9   8   9   0   0   0  0.29 0.09
  341 S    1 -2  1 -1 -2 -1  0  2 -2  1  0 -1 -1 -2 -2  2  1 -3 -2  0    9   0   7   0   0   0   9  18   0  17   9   0   0   0   0  24   7   0   0   0  0.14 0.07
  342 I    3 -2 -2  0 -1 -1 -1 -1 -2  2 -1  0 -1 -2 -2  0  1 -3 -2  1   43   0   0   8   0   0   0   0   0  22   0   9   0   0   0   0   9   0   0   9  0.21 0.11
  343 S   -1  1  1 -1 -2 -1  0 -2 -2 -2 -1 -1 -2 -3  5  2  1 -3 -2 -2    0   9   9   0   0   0   7   0   0   0   9   0   0   0  34  24   9   0   0   0  0.55 0.12
  344 Q   -1  0 -1 -1 -3  2  2  2 -1 -2  0  2  1 -2 -2  1 -1 -3 -2 -2    0   0   0   0   0  15  15  18   0   0   8  18   9   0   0  16   0   0   0   0  0.23 0.09
  345 N   -1  1  4  2 -3  0  2 -1  3 -3 -3  0 -2 -3 -2  2 -1 -4 -2 -3    0  10  32   9   0   0  19   0  10   0   0   0   0   0   0  20   0   0   0   0  0.46 0.11
  346 L    0 -2 -2 -2 -2 -1 -2 -2 -2 -1  1 -1  2 -2  5 -1  2 -3 -2 -1   10   0   0   0   0   0   0   1   0   0  18   0  10   0  37   1  20   0   0   1  0.58 0.10
  347 V    0 -1 -1  1 -2 -1 -1 -2 -2  0  0  1  0  1 -2 -1  2 -2 -1  2    7   0   0  10   0   0   0   0   0   0  10  19   0  10   0   0  19   0   0  25  0.10 0.07
  348 Q    2 -1 -1 -1 -1  1  1 -1 -2  0 -1 -1 -1 -2 -1  2  1 -3 -2  1   29   0   0   0   0   7  10   0   0  10   0   0   0   0   0  25  10   0   0  10  0.21 0.08
  349 E    0 -1 -1  1 -2  2  3  1 -1 -2 -2  0 -2 -3 -2  1  1 -3 -2  0    9   0   0   8   0   9  36  10   0   0   0   0   0   0   0   7  10   0   0  10  0.28 0.08
  350 A    2 -2 -1 -1 -1 -1  0  1 -2  1 -1 -1 -1 -2 -2  1  1 -3 -2  1   26   0   0   0   0   0   9   9   0  18   0   0   0   0   0  17  10   0   0  10  0.16 0.07
  351 L   -1 -1  2 -1 -2 -1 -2  2 -2  0  1  0  2 -2  1 -1 -1 -3 -2  0    0   0  18   0   0   0   0  19   0   0  24   9  10   0  10   0   0   0   0  10  0.16 0.07
  352 G   -1  2 -1 -1 -3  1  1  1  2 -2 -1  0 -1 -1 -2  0  0 -2  2 -2    0  19   0   0   0  10  10  16   8   0  10   0   0   0   0   9   7   0  10   0  0.17 0.06
  353 N   -1 -1  2  1 -3 -1 -1 -2 -2 -2  0  1 -2 -3  5 -1 -1 -3 -2 -2    1   0  15  10   0   0   1   1   0   0  11  10   0   0  47   1   1   0   0   1  0.79 0.11
  354 G    0  2  0  2 -2  0  1  0 -1 -3 -2  1 -2 -3 -1  1  0 -3 -2 -2   11  20   0  18   0   0  10   7   0   0   1  10   0   0   0  18   1   0   0   1  0.26 0.06
  355 S   -1  1 -1 -1 -2  0 -1  1  4 -3 -2  2 -2 -2  3  0  1 -3 -1 -2    1  10   0   1   0   0   1  10  18   0   1  18   0   0  20   7  10   0   0   1  0.36 0.08
  356 L    0  2 -1  1 -2 -1 -1 -2 -2  0  1  1  0 -1  2 -1 -1 -2 -2 -1   11  20   0  11   0   0   1   1   0   8  25  10   0   0  10   1   1   0   0   1  0.14 0.05
  357 K   -1  3 -1 -1 -2  3  0 -2 -1 -2  0  3 -1 -2 -1 -1 -1 -2 -1 -2    2  18   1   1   0  21   1   1   0   1  11  35   0   1   1   1   1   0   1   1  0.32 0.08
  358 K   -1  1 -1 -1 -2  0  0 -2 -1 -2  0  4 -1 -2  3 -1 -1 -2 -2 -2    2   1   1   1   0   1   1   1   0   1  12  52   0   1  21   1   1   0   1   1  0.44 0.10
  359 K    1  0 -1 -1 -2  1  0  1 -1 -1  0  3 -1 -2 -1  0 -1 -2 -2 -1   21   1   1   1   0  11   1  11   0   1  12  32   0   1   1   1   1   0   1   1  0.17 0.06
  360 R    0  4 -1 -2 -3  0 -1 -2  4 -3 -2  2 -2 -1 -2 -1 -1 -2  2 -2   11  41   0   1   0   0   1   1  20   1   1  10   0   0   1   1   1   0  11   1  0.45 0.11
  361 K    0  1 -1 -1 -2  0  1 -1 -1 -3 -2  4 -2 -3  2  1 -1 -3 -2 -2   10   1   0   1   0   0  10   1   0   1   1  52   0   0  11  10   1   0   0   1  0.41 0.10
  362 L   -2 -2 -3 -3 -2  1 -2 -4 -2  1  3 -2  1  4 -3 -2 -2 -1  0  1    0   0   0   0   0  10   0   0   0  10  43   0   0  27   0   0   0   0   0  10  0.37 0.10
  363 E   -1  3 -1 -1 -4  0  2  2 -1 -3 -3  2 -2 -3  2 -1 -1 -3 -3 -3    0  30   0   0   0   0  24  19   0   0   0  18   0   0  10   0   0   0   0   0  0.47 0.11
  364 A    2 -2 -1  3 -2 -1 -1 -2 -2  0  0 -1 -1 -2 -2  0  2 -3 -2  0   26   0   0  28   0   0   0   0   0  10  10   0   0   0   0   0  27   0   0   0  0.26 0.10
  365 P   -1 -1  0  3 -2 -1  0  0 -2  0 -2  0 -1 -3  3  0  0 -3 -2  0    0   0   0  27   0   0   0  10   0  10   0  10   0   0  16   9   8   0   0  10  0.27 0.07
  366 S    0 -2 -1 -1 -2 -1  0  2 -2 -1  1 -1 -1 -2 -2  1  2 -3 -2  0    0   0   0   0   0   0  10  19   0   0  19   0   0   0   0  17  27   0   0   8  0.18 0.08
  367 L    1  1 -1 -1 -2 -1  0  2 -2  0  0 -1 -1 -2 -2  1  0 -3 -2 -1    9  10   0   0   0   0  10  20   0   9  17   0   0   0   0  18   7   0   0   0  0.11 0.05
  368 E   -1 -1  1  1 -2  0  2 -2 -1  0  1  1 -1 -2 -2  1 -1 -3 -2 -1    0   0   8   9   0   0  17   0   0  10  20  17   0   0   0  19   0   0   0   0  0.14 0.07
  369 V   -1 -2 -1  0  2 -2 -2  0 -1  0 -1  0 -1  1 -2 -1  1 -1  3  2    0   0   0   9   8   0   0  10   0   0   0   9   0   7   0   0  10   0  20  27  0.14 0.08
  370 Q   -1  0  1  0 -3  3  3 -2 -1 -3 -3  2 -2 -3  2  2 -1 -3 -2 -3    0   0   9   0   0  17  25   0   0   0   0  19   0   0   9  20   0   0   0   0  0.43 0.10
  371 P    0 -2 -1  2 -3 -1  2 -2 -2 -1  1 -1 -1  1  4 -1 -1 -3 -2 -2    9   0   0  19   0   0  17   0   0   0  20   0   0   8  26   0   0   0   0   0  0.41 0.09
  372 V   -1  0 -1  0 -3  0  3 -3 -1 -1 -1  2 -1  1 -2 -1  0 -2  2  0    0   0   0   0   0   0  39   0   0   0   7  20   0   9   0   0   8   0  10   7  0.27 0.10
  373 D    0 -2  2  5 -4  0  2 -2 -1 -3 -4 -1 -3 -4 -2 -1 -1 -4 -3 -3   10   0  10  63   0   0  17   0   0   0   0   0   0   0   0   0   0   0   0   0  0.83 0.16
  374 E    0  0  1  2 -3  2  3 -2 -1 -2 -2  1 -2 -3 -2  0 -1 -3 -2  0   10   0   9  10   0  10  41   0   0   0   0  10   0   0   0   0   0   0   0  10  0.38 0.10
  375 E    0 -2 -1  2 -2 -1  0 -2 -2  0  0 -1 -1 -2  3  0 -1 -3 -2  0   11   0   0  18   0   0   7   1   0  10  11   0   0   0  19  10   0   0   0  10  0.23 0.05
  376 N   -1  1  1  1 -2 -1 -1 -2  2  1 -1 -1 -1  1  2  1 -1 -2 -1 -1    1  10   7  10   0   0   0   1  10  20   1   0   0  10  10  18   0   0   0   0  0.12 0.06
  377 E    0 -1  1  0 -2  1  2  1 -1  0  0 -1 -1  1 -2 -1 -1 -2 -1 -1   10   0  10   0   0  10  25  10   0  10  10   0   0  11   0   1   0   0   0   0  0.10 0.05
  378 L   -1 -1 -1 -1 -2  1 -1 -2 -2 -1  1 -1  0 -2  4  1 -1 -2 -2 -1    1   1   1   1   0  11   1   1   0   1  28   1   0   1  29  21   1   0   0   1  0.41 0.08
  379 H   -1 -1  0  1 -3  1  1  0  3 -2 -1 -1 -1 -2  3  0 -1 -3 -1 -2    1   0   0  10   0  11  10  10  17   0  10   0   0   0  20   8   0   0   0   0  0.32 0.07
  380 S    1 -1  0 -1 -2  3  1 -1 -1 -3 -3  0 -2 -3 -2  3  1 -3 -2 -2   10   0   0   0   0  30  10   0   0   0   0   0   0   0   0  41   9   0   0   0  0.45 0.14
  381 D    0 -1  1  2 -3  2  3 -2 -1 -1  1 -1 -1  1 -2 -1 -1 -2 -1 -2   10   0  10  14   0  10  30   0   0   0  19   0   0   8   0   0   0   0   0   0  0.23 0.08
  382 E   -1 -2 -2 -2 -2 -1  0 -3 -2  0  2 -2  2  1  2 -1  2 -2 -1  1    0   0   0   0   0   0   7   0   0   0  28   0  10   9  10   0  26   0   0  10  0.22 0.08
  383 D   -1 -1  0  2 -2  2  0 -2 -1  0  1  1 -1 -2 -2  2  0 -3 -2 -1    0   0   0  16   0  20   0   0   0  10  17   9   0   0   0  27   0   0   0   0  0.19 0.09
  384 L   -1  1 -2 -1 -2  1  2 -3 -2  0  2 -1  2 -1 -2 -2 -1 -2 -2  1    0  11   0   0   0  11  19   0   0   0  40   0   8   0   0   0   0   0   0  11  0.21 0.08
  385 T   -1 -1 -1  1 -2  1 -1 -2 -2  0  1 -1  0  1 -2  1  2 -2 -1  0    0   0   0  11   0  11   0   0   0   0  21   0   0  11   0  11  24   0   0  11  0.13 0.06
  386 L   -1 -1  1 -1 -2  1  0 -2 -1  0  0  1  1 -2  2  1  1 -3 -2 -1    0   0  12   0   0  13   0   0   0  10   8  12   9   0  12  11  12   0   0   0  0.17 0.05
  387 A    0  0 -1 -1 -2  2  0  1 -1 -1  0  1 -1 -2 -2  1  1 -3 -2  0    8   0   0   0   0  22   0  13   0   0  11  12   0   0   0  12  12   0   0   9  0.14 0.05
  388 P   -1 -2 -2  1 -3 -1 -1 -3 -2 -3 -3  1 -3 -4  7 -1 -2 -4 -3 -3    0   0   0  12   0   0   0   0   0   0   0  13   0   0  75   0   0   0   0   0  1.59 0.16
  389 P   -1 -2  3 -1 -3 -1  1 -2 -1  0  0 -1 -1 -2  4 -1  1 -3 -2 -1    0   0  24   0   0   0  13   0   0  12   9   0   0   0  32   0  10   0   0   0  0.48 0.08
  390 K   -1  0 -1 -1 -2  1  1 -2 -1 -1  0  2  2 -2 -2  0  2 -3 -2 -1    0   0   0   0   0   9  12   0   0   0  13  30  12   0   0   0  24   0   0   0  0.22 0.07
  391 R   -1  2  3 -1 -2  0 -1 -2 -1 -1 -2  1 -1 -2 -2  0  2 -3 -2  0    1  21  25   1   0   0   1   1   0   1   1  13   0   0   1   1  22   0   0  12  0.24 0.06
  392 A    2  0  2 -1 -1  0  0 -1 -1 -2 -2  2 -1 -2 -1  2  1 -3 -2 -1   21   1  13   1   0   0   1   1   0   1   1  22   0   0   1  24  13   0   0   1  0.24 0.06
  393 S    0 -2  2 -1 -1 -1 -1 -1 -1  0 -1 -1 -1  1 -2  3  2 -2 -1  1    0   0  12   0   0   0   0   0   0   0   0   0   0  11   0  43  12   0   0  21  0.23 0.09
  394 S    0 -1  0 -1 -2 -1 -1  1 -2 -2 -2  1 -2 -3 -1  3  3 -3 -2 -1    0   0   0   0   0   0   0  14   0   0   0  14   0   0   0  36  36   0   0   0  0.37 0.08
  395 I    1 -1 -1 -2 -1  1 -1 -2 -2  1  1 -1  0 -1 -2  1  1 -2 -2  1   14   0   0   0   0  14   0   0   0  10  22   0   0   0   0  14  13   0   0  14  0.12 0.04
  396 V    1  1 -2 -2 -2 -1  1 -2 -2  0  0 -1  0 -2  4 -1 -1 -3 -2  1   14  11   0   0   0   0  14   0   0   0  13   0   0   0  24   0   0   0   0  24  0.30 0.05
  397 R   -1  5  0 -2 -3  0  0 -2  3 -3 -3  2 -2 -3 -2  1 -1 -3 -1 -3    0  58   0   0   0   0   0   0  14   0   0  14   0   0   0  14   0   0   0   0  0.61 0.10
  398 A    1 -1 -1 -1 -1 -1  1 -2 -2  1 -1 -1  0 -2 -2  1  2 -3 -2  1   12   0   0   0   0   0  16   0   0  15   0   0   0   0   0  13  29   0   0  16  0.17 0.04
  399 I   -2 -3 -4 -4 -2 -3 -4 -4 -4  5  1 -3  1 -1 -3 -3 -1 -3 -2  2    0   0   0   0   0   0   0   0   0 100   0   0   0   0   0   0   0   0   0   0  0.69 0.11
  400 S    1 -1  0 -1 -1 -1 -1 -1 -1 -2 -3 -1 -2 -3 -1  4  2 -3 -2 -2    0   0   0   0   0   0   0   0   0   0   0   0   0   0   0  84  16   0   0   0  0.59 0.10
  401 P   -1 -2 -2 -2 -3 -2 -1 -2 -2 -3 -3 -1 -3 -4  7  1 -1 -4 -3 -3    0   0   0   0   0   0   0   0   0   0   0   0   0   0  83  17   0   0   0   0  1.77 0.12
  402 L    1 -2 -3 -3 -2 -2 -2 -2 -3  0  3 -2  1 -1  4 -1 -1 -2 -2  0   17   0   0   0   0   0   0   0   0   0  55   0   0   0  28   0   0   0   0   0  0.49 0.06
  403 K   -1  4 -1 -1 -3  1  0 -2 -1 -3 -3  5 -2 -3 -2 -1 -1 -3 -2 -3    0  32   0   0   0   0   0   0   0   0   0  68   0   0   0   0   0   0   0   0  0.70 0.09
  404 A    2  0 -1 -1 -2  2  0 -1 -1 -2 -2  2 -1 -3 -1  2  0 -3 -2 -1   40   0   0   0   0  15   0   0   0   0   0  29   0   0   0  17   0   0   0   0  0.32 0.06
  405 R   -2  6 -1 -2 -4  1  0 -3 -1 -3 -3  2 -2 -3 -2 -1 -1 -3 -2 -3    0 100   0   0   0   0   0   0   0   0   0   0   0   0   0   0   0   0   0   0  1.01 0.10
  406 S    0 -1  5  1 -2  0  0 -1  0 -3 -3  0 -2 -3 -2  3  0 -3 -2 -3    0   0  63   0   0   0   0   0   0   0   0   0   0   0   0  37   0   0   0   0  0.59 0.05
  407 E    1 -1  0  3 -3  1  4 -1 -1 -3 -3  0 -2 -3 -1  0 -1 -3 -2 -2   21   0   0  19   0   0  59   0   0   0   0   0   0   0   0   0   0   0   0   0  0.52 0.04
  408 T    0 -1  0  0 -1  0  2 -1 -1 -2 -2  0 -1 -3 -1  3  3 -3 -2 -1    0   0   0   0   0   0  19   0   0   0   0   0   0   0   0  42  39   0   0   0  0.38 0.04
  409 V   -1 -3 -3 -3 -1 -3 -3 -4 -3  3  2 -3  1  0 -3 -2 -1 -3 -1  3    0   0   0   0   0   0   0   0   0  42  19   0   0   0   0   0   0   0   0  39  0.38 0.03
  410 N   -1 -1  4  0 -2 -1 -1  3 -1 -1 -2 -1 -1 -2 -2  0  0 -3 -2  1    0   0  47   0   0   0   0  28   0   0   0   0   0   0   0   0   0   0   0  24  0.33 0.02
  411 S    2  0  0  0 -2  1  2 -1 -1 -2 -2  2 -1 -3 -1  2  0 -3 -2 -2   24   0   0   0   0   0  24   0   0   0   0  28   0   0   0  23   0   0   0   0  0.29 0.01
  412 L   -1 -2 -3 -4 -1 -2 -3 -4 -3  3  3 -3  2  0 -3 -2 -1 -2 -1  1    0   0   0   0   0   0   0   0   0  28  72   0   0   0   0   0   0   0   0   0  0.43 0.02
  413 K    2  1 -1 -1 -2  1  0 -1 -1 -2 -2  4 -1 -3 -1  0 -1 -3 -2 -2   28   0   0   0   0   0   0   0   0   0   0  72   0   0   0   0   0   0   0   0  0.39 0.03
  414 K    1  1  0  3 -2  0  1 -1 -1 -2 -2  3 -2 -3 -1  0 -1 -3 -2 -2   28   0   0  24   0   0   0   0   0   0   0  47   0   0   0   0   0   0   0   0  0.31 0.02
  415 G    0 -1  0 -1 -3 -1 -1  5 -2 -4 -3  2 -2 -3 -2  0 -1 -3 -3 -3    0   0   0   0   0   0   0  76   0   0   0  24   0   0   0   0   0   0   0   0  0.74 0.02
  416 F   -2 -3 -3 -4 -3 -3 -3 -3 -1  0  0 -3  0  6 -4 -3 -2  1  3 -1    0   0   0   0   0   0   0   0   0   0   0   0   0 100   0   0   0   0   0   0  0.87 0.04
  417 S    0  0  0 -1 -1  0  0 -1 -1 -2 -2  2 -1 -2 -1  2  3 -3 -2 -1    0   0   0   0   0   0   0   0   0   0   0  24   0   0   0  23  52   0   0   0  0.34 0.02
  418 V   -1 -2 -3 -3 -1 -1 -2 -3 -2  3  1 -2  4  0 -3 -2 -1 -2 -1  2    0   0   0   0   0   0   0   0   0  28   0   0  49   0   0   0   0   0   0  23  0.33 0.03
  419 K   -1  1  0 -1 -3  1  0  3 -1 -3 -3  4 -2 -3 -1  0 -1 -3 -2 -3    0   0   0   0   0   0   0  28   0   0   0  72   0   0   0   0   0   0   0   0  0.46 0.03
  420 Q   -1  2  0 -1 -3  3  1 -2 -1 -3 -2  4 -1 -3 -1  0 -1 -3 -2 -2    0   0   0   0   0  23   0   0   0   0   0  77   0   0   0   0   0   0   0   0  0.54 0.03
  421 L   -1 -2 -3 -3 -1 -2 -3 -3 -3  1  4 -2  2  0 -3 -2 -1 -1 -1  1    0   0   0   0   0   0   0   0   0   0   0   0   0   0   0   0   0   0   0   0  0.00    0.00
  422 E   -1  0  0  1 -3  2  4 -2  0 -3 -3  1 -2 -3 -1  0 -1 -3 -2 -2    0   0   0   0   0   0   0   0   0   0   0   0   0   0   0   0   0   0   0   0  0.00    0.00
  423 D   -2 -1  1  5 -3  0  1 -1 -1 -3 -3 -1 -3 -3 -1  0 -1 -4 -3 -3    0   0   0   0   0   0   0   0   0   0   0   0   0   0   0   0   0   0   0   0  0.00    0.00
  424 T    0 -1  0 -1 -1 -1 -1 -1 -2 -1 -1 -1 -1 -2 -1  1  4 -2 -1  0    0   0   0   0   0   0   0   0   0   0   0   0   0   0   0   0   0   0   0   0  0.00    0.00
  425 S    1 -1  1  0 -1  0  0  0 -1 -2 -2  0 -1 -2 -1  4  1 -3 -2 -1    0   0   0   0   0   0   0   0   0   0   0   0   0   0   0   0   0   0   0   0  0.00    0.00

                      K         Lambda
Standard Ungapped    0.1209     0.3056
Standard Gapped      0.0410     0.2670
PSI Ungapped         0.1001     0.3172
PSI Gapped           0.0306     0.2670
