
Last position-specific scoring matrix computed, weighted observed percentages rounded down, information per position, and relative weight of gapless real matches to pseudocounts
           A  R  N  D  C  Q  E  G  H  I  L  K  M  F  P  S  T  W  Y  V   A   R   N   D   C   Q   E   G   H   I   L   K   M   F   P   S   T   W   Y   V
    1 M   -1 -1 -2 -3 -2  0 -2 -3 -2  1  2 -1  6  0 -3 -2 -1 -2 -1  1    0   0   0   0   0   0   0   0   0   0   0   0 100   0   0   0   0   0   0   0  0.33 0.00
    2 T    0 -1  0 -1 -1 -1 -1 -2 -2 -1 -1 -1 -1 -2 -1  1  5 -3 -2  0    0   0   0   0   0   0   0   0   0   0   0   0   0   0   0   0 100   0   0   0  0.48 0.01
    3 R   -1  3 -2 -3 -2 -1 -2 -3 -2  3  0  0  0 -1 -3 -2 -1 -3 -2  2    0  37   0   0   0   0   0   0   0  36   0   0   0   0   0   0   0   0   0  27  0.22 0.01
    4 T    0 -1  0  2 -2  0  3 -2 -1 -2 -3  0 -2 -3 -1  2  3 -3 -2 -2    0   0   0   9   0   0  35   0   0   0   0   0   0   0   0  20  35   0   0   0  0.41 0.06
    5 R   -1  5  0 -1 -3  0  0 -2 -1 -3 -3  3 -2 -3 -2  2  0 -3 -2 -3    0  45   0   0   0   0   0   0   0   0   0  22   0   0   0  33   0   0   0   0  0.54 0.10
    6 M   -2 -3 -4 -4 -2 -2 -3 -4 -3  3  3 -3  4  0 -3 -3 -1  4 -1  2    0   0   0   0   0   0   0   0   0  32  36   0  20   0   0   0   0   6   0   6  0.46 0.08
    7 E    0  0  2 -1  1  4  2 -2 -1 -3 -3  2 -1  0 -2 -1 -1 -3 -2 -3    6   0  12   0   5  43  10   0   0   0   0  18   0   7   0   0   0   0   0   0  0.40 0.09
    8 N   -2  2  6  2 -3  1 -1  0  0 -4 -4  0 -3 -4 -3  0 -1 -4 -3 -4    0  13  61   9   0   5   0   7   0   0   0   0   0   0   0   6   0   0   0   0  0.68 0.12
    9 E   -1 -1 -1 -1 -2  1  2 -2  3 -1  1  1  0  1 -2  1 -1 -2  0 -1    0   0   0   0   0   5  20   0  12   0  26   9   0  10   0  14   0   0   0   0  0.14 0.06
   10 L   -2  1 -3 -3  1 -2 -2 -3 -1  0  1 -1  2  3 -3 -2 -2  0  5  0    0   9   0   0   3   0   0   0   0   3  18   3  10  14   0   0   0   0  33   4  0.37 0.10
   11 I   -1 -2  1  0 -3  0  4 -3 -2  1  1  0  1 -2 -2 -1 -1 -3 -2 -1    3   0   8   3   0   0  39   0   0  16  21   3   5   0   0   0   3   0   0   0  0.26 0.11
   12 V   -1 -2 -2 -2 -2 -1 -1  0 -2  2  2  0  1 -1  1  1  0 -2  0  0    0   0   0   0   0   0   4   8   0  15  30   7   4   0   6  17   2   0   3   4  0.11 0.07
   13 S   -1  1  1  0 -3  0  0 -1  1  1 -1  1  1  1 -2  0 -1 -3 -1 -1    0   8  10   6   0   0   8   5   6  15   3  14   8   8   0   6   3   0   0   0  0.07 0.06
   14 K   -2  5 -1 -2 -4  1  1 -2 -2  0  0  2 -1 -1 -3 -2 -1 -3 -2 -2    0  46   2   0   0   4   8   2   0  10   9  15   0   2   0   0   3   0   0   0  0.46 0.16
   15 N   -2  3  2  1 -3  1 -1 -2  5 -2 -2  1 -2 -3 -1 -1  1 -4 -1 -3    1  18  12   8   0   5   1   2  23   3   2   6   0   0   2   0  15   0   1   0  0.38 0.16
   16 M   -2  0  1 -1 -3  2  2 -3  2 -2 -2  4  3 -3 -1  2 -1 -4 -2 -3    0   0   7   0   0   7  12   0   7   2   1  33  12   0   2  17   1   0   0   0  0.39 0.19
   17 Q   -2  3  0  2 -4  2  2 -1 -2 -4 -2  4 -1 -4 -2 -1 -1 -4 -3 -3    0  19   3  11   0   7  14   5   0   0   3  32   2   0   1   0   2   0   0   0  0.48 0.19
   18 N    0  1  1 -2  1 -2 -2 -3 -1 -2 -1  0 -2 -3  5  1  2 -4 -2 -2    9   8   8   1   4   0   0   0   1   1   5   5   0   0  28  10  19   0   1   2  0.46 0.18
   19 I    1 -4 -4 -4  3 -3 -4 -4 -3  3  2 -3  0  1 -4 -2 -2 -3  1  3   14   0   0   0   8   0   0   0   0  21  17   0   0   5   0   0   0   0   5  29  0.41 0.17
   20 I   -1 -3  0 -3 -2 -1 -1 -4 -3  4  2 -3  0  1 -4 -3 -2 -3 -1  3    3   0   6   0   0   2   5   0   0  33  22   0   0   6   0   0   0   0   2  21  0.40 0.18
   21 I   -2 -3 -4 -4 -3 -3 -1 -5 -4  5  1  0 -1 -2 -4 -3 -2 -4 -3  4    0   0   0   0   0   0   5   0   0  42   6   9   0   0   0   0   0   0   0  37  0.70 0.26
   22 A    4 -3 -3 -3  1 -2 -3 -2 -3  2 -1 -2 -1 -3 -3  1 -1  2 -3  2   44   0   0   0   3   0   0   0   0  13   1   0   0   0   0  10   2   4   0  22  0.44 0.21
   23 G   -1 -4 -2  1  3 -3 -3  6 -4 -5 -5 -3 -4 -5 -4  0 -3 -5 -5 -5    3   0   0   9   6   0   0  76   0   0   0   0   0   0   0   6   0   0   0   0  1.34 0.34
   24 N   -3 -3  7 -1 -4 -2 -3 -2 -2 -4 -2 -2 -3  2  0  1 -2 -5 -3 -4    0   0  68   0   0   0   0   2   0   0   5   0   0   9   6  10   0   0   0   0  1.14 0.37
   25 G   -1 -4  0 -3 -4 -4 -4  6 -4  0 -1 -3 -3 -4 -4 -2 -3 -4 -5 -3    2   0   4   0   0   0   0  80   0   8   6   0   0   0   0   0   0   0   0   0  1.33 0.35
   26 P   -1 -4 -4 -4 -4 -3 -3 -4 -4  2 -3 -3 -3 -5  8 -3 -1 -6 -5 -1    4   0   0   0   0   0   1   0   0  14   1   1   0   0  72   0   2   0   0   5  1.77 0.40
   27 S    0 -3 -2 -3 -3 -2 -2 -3 -3 -4 -5 -2 -4 -5 -3  6  1 -5 -4 -4    4   0   0   0   0   0   0   0   0   0   0   0   0   0   0  88   7   0   0   0  1.38 0.45
   28 L    0 -3 -1 -2 -1 -2  1 -3 -3  1  3 -2  1 -2 -3  1 -1 -3 -2  0    6   0   3   0   1   0  14   0   0   9  43   0   4   0   0  14   1   0   0   6  0.29 0.17
   29 K    2  1  1 -2 -3  0  0 -2 -2 -3 -2  3 -2 -4 -2  2 -1 -4 -3 -2   18   8   8   0   0   1   5   1   0   0   5  27   0   0   0  24   1   0   0   2  0.34 0.18
   30 N   -1 -1  4  3 -4  3  3 -2 -1 -4 -4  0 -1 -2 -3  0  0 -4  0 -3    2   1  22  14   0  14  22   1   0   0   0   5   2   1   0   7   4   0   4   0  0.47 0.19
   31 I   -1 -4 -4 -4 -3 -4 -4 -5  0  5  1 -4  1  1  0 -3 -2 -4 -2  2    3   0   0   0   0   0   0   0   4  56  10   0   3   5   5   0   1   0   0  12  0.67 0.24
   32 N   -1  0  4  6 -4 -2  0 -3 -2 -2 -4 -1 -2 -2 -1 -1  0 -5 -4 -4    4   5  20  52   0   0   3   0   0   3   0   1   1   2   3   2   4   0   0   0  0.83 0.27
   33 Y   -1 -1 -1  2 -3 -1 -1 -3 -1 -2  0  0  0  2  1 -1 -2 -1  5 -2    4   2   3  15   0   1   2   0   0   0  11   5   3   7   9   2   1   0  32   2  0.39 0.19
   34 K    1  0  0 -1 -2  0  0  1 -1 -1 -3  0 -2 -2  0  3  0 -3  2 -2   14   6   3   3   0   4   4  10   0   5   0   7   0   0   3  29   3   0   9   0  0.20 0.13
   35 R    0  4 -1  0  2  1  0 -3 -2 -2  2  1 -1 -2 -3 -1 -2 -3 -3 -2    7  29   3   7   5   8   5   0   0   0  27   6   0   1   0   1   0   0   0   1  0.29 0.16
   36 L   -1 -3 -3 -2 -2 -2 -1 -4 -3  2  3 -1  2  1 -3  0 -2 -3 -2  2    2   0   0   2   0   0   4   0   0  15  42   6   4   5   0   9   0   0   0  12  0.31 0.15
   37 P   -2 -3 -2 -1 -4  0 -1 -4 -3  0  0  1 -2 -4  7 -1 -2 -5 -4 -1    0   0   2   2   0   4   3   0   0   8   9   9   0   0  54   5   0   0   0   5  1.06 0.27
   38 R    0  1  1  2 -3  1  2 -1 -2 -1  0  2  1 -3 -1  0 -1 -3 -3 -1   11   5   5  12   0   5  16   4   0   4   8  18   7   0   2   3   0   0   0   2  0.16 0.09
   39 E   -1 -2  2  5 -4  0  3 -2 -2 -4 -4  0 -4 -5  1  2 -1 -5 -4 -4    2   0  12  37   0   2  19   0   0   0   0   4   0   0   6  17   2   0   0   0  0.67 0.22
   40 Y    1 -2 -1  1  0 -2 -2 -2 -2  1  1 -2 -1  2 -1 -2 -2 -1  3  1   15   2   4  10   2   0   0   2   0   7  13   0   0  12   2   0   0   0  17  14  0.17 0.12
   41 D   -1 -2  1  3 -3 -1  0 -3  1  0 -1 -1 -2  0 -3  0  1 -2  2  1    1   1   7  28   0   0   2   0   4   6   2   3   0   5   0   4  11   0  12  14  0.23 0.12
   42 V   -2 -2 -4 -4 -2 -3 -4 -4 -4  5  1 -3  1  1 -4 -3  1 -3 -2  3    0   3   0   0   0   0   0   0   0  46   4   0   2   6   0   0   9   0   0  30  0.58 0.20
   43 F   -1 -4 -4 -4  0 -4 -4 -1 -3  2  0 -4 -1  6 -4 -3 -3  1  2  1    3   0   0   0   2   0   0   6   0  12   3   0   0  54   0   0   0   1   6  13  0.73 0.22
   44 R   -2  6 -2 -3  1 -1 -2 -4 -2 -2 -1  2 -2  0 -3  0 -2 -4 -2 -3    0  63   0   0   4   0   0   0   0   3   7   9   0   6   0   8   0   0   0   0  0.80 0.26
   45 C   -1  0  1 -3  7 -2 -3 -3 -3 -1 -1 -1  2 -3 -3  0  2 -4 -3  0    2   7  11   0  36   0   0   0   0   2   3   3   9   0   0   8  15   0   0   5  0.61 0.22
   46 N   -2 -2  7 -1 -4 -2 -2  0 -1 -4 -1 -2 -3 -4  1  1  0 -5 -4 -4    0   0  66   0   0   0   0   4   0   0   8   0   0   0   6  13   3   0   0   0  0.93 0.31
   47 Q   -1 -1  2 -1 -3  3  1 -2  1  1 -2  1  0  0 -3  1 -1  3 -1 -1    1   0  15   1   0  17   8   0   4  19   0  11   2   5   0  10   2   5   0   0  0.20 0.13
   48 F   -3 -4 -3  0 -4 -3  0 -4 -3  0 -2 -3 -2  7 -4  0 -3  5  1 -2    0   0   0   7   0   0   8   0   0   6   0   0   0  61   0   9   0   8   0   0  0.94 0.30
   49 Y   -3 -3  0 -4 -4  1 -3 -4 -1  0  1 -3  1  5 -4 -3 -3  0  6 -2    0   0   5   0   0   8   0   0   0   6  11   0   3  31   0   0   0   0  36   0  0.77 0.25
   50 F   -1 -2 -3 -1  0 -2 -2 -3  0  1  1 -1  0  5 -3 -2 -1 -1  3 -1    5   0   0   5   2   0   1   1   2  11  16   4   2  38   0   1   2   0   8   1  0.37 0.14
   51 E   -2  1  1  0 -4  0  5 -3 -1 -3 -1  2 -2 -2 -2 -1 -2 -3  2 -3    1   6   6   0   0   0  52   1   0   0   9  12   0   0   0   1   1   0   9   1  0.53 0.20
   52 D   -1 -1  1  3 -4  1  3 -3 -2 -4 -4  1 -3 -2  2  1  0 -4 -3 -3    5   3   7  21   0   5  23   0   0   0   0   7   0   3  12   8   5   0   0   0  0.44 0.23
   53 K    0  1  1  0 -4  2  3 -1  1 -3 -2  1 -2 -3 -3  0  0 -4 -1 -2    6   9   7   4   0   9  28   5   4   0   3   9   0   0   0   3   6   0   3   3  0.29 0.21
   54 Y   -1  0 -1 -4  1 -3 -3 -4 -1  0  1 -1 -2  2  1 -1  1 -1  6 -2    3   5   4   0   3   0   0   0   0   4  13   5   0   6   6   4   9   0  38   0  0.53 0.34
   55 Y    0  1  1 -3  3  1 -2 -3  2  0  0 -2 -2  1  1  0 -2  4  2 -2    8   8   8   0   8   8   0   0   8   8   8   0   0   8   8   8   0   8   8   0  0.21 0.20
   56 L   -2 -2 -3 -3 -3 -2 -2 -3  2  0  2  0  1  3  1 -1  0 -1  3  0    0   0   0   0   0   0   0   0   6   3  28   9   3  18   9   7   4   0  10   3  0.26 0.18
   57 G    0  0  1 -2 -3 -2 -2  5 -2 -3 -2  0 -2  0 -1  0 -2 -3  0 -2    5   6   7   0   0   0   1  50   0   0   4   6   0   5   3   5   1   0   3   3  0.46 0.21
   58 K    0  2  1  1 -3  1  0  0 -1 -3 -2  3 -2 -3  1  0 -1 -3 -2 -2    6  14   9   7   0   5   5   8   0   0   5  29   0   0   6   5   1   0   0   1  0.26 0.15
   59 K    0  1  2  1 -2  0  1  1  2 -3 -3  1 -2 -3 -2  1  1 -3 -2 -2   10  10   9  10   0   0  10  10   9   0   1  10   0   0   0  10  10   0   0   1  0.20 0.10
   60 I   -2 -1 -3 -1  2 -3 -3 -2 -4  4  0 -2 -1 -2 -3 -1 -1 -4 -3  4    0   4   0   3   6   0   0   4   0  35   4   3   0   0   0   4   3   0   0  33  0.49 0.30
   61 K   -2  0  1  4 -4  0  1 -3 -2 -1 -2  4  0 -1 -3 -1  0 -4 -3 -2    0   3   5  26   0   2   7   0   0   4   3  33   3   4   0   3   4   0   0   2  0.43 0.30
   62 A    1 -1 -2 -2  0  1  0  0 -2  1  1 -1 -1  0  0  0 -1 -2  1  0   18   3   0   0   3   7   5   7   0  11  16   4   0   3   4   5   0   0   7   5  0.06 0.12
   63 V    1 -1 -2 -1  2 -2 -2 -2 -2  1  0 -1  1  1  1 -1 -1  2  1  2   13   4   1   5   6   1   1   1   0  10   8   4   4   6   8   1   1   4   6  17  0.11 0.12
   64 F   -2 -2  1  0  3  1 -2 -3 -2  1  0 -2  2  1 -3 -1  0  4  2  0    1   0   8   8   8   8   0   1   0   8   8   0   8   8   0   1   8   8   8   8  0.18 0.16
   65 F   -2 -4 -2 -3 -1 -1 -4 -5  1  2 -1 -4  2  5 -5 -1 -2  6  2 -1    4   0   2   2   1   4   0   0   3  14   5   0   6  30   0   5   1  12   7   4  0.79 0.46
   66 N    0 -4  6 -1 -4 -3 -3  0  0  0 -1 -3 -3 -1 -2  1  0 -5  0  0    9   0  37   2   0   0   0   7   2   6   6   0   0   2   2  12   5   0   3   6  0.55 0.42
   67 P    0 -4 -1 -2 -2  0 -2  1  2 -1 -2 -2 -3  0  6 -1 -2 -5 -2 -1    8   0   3   2   1   4   3  12   5   5   4   2   0   4  38   3   2   0   1   5  0.68 0.40
   68 G   -1 -1  0  2  2  0  0  1  1  1 -2 -1 -2  0 -1  1 -1  1  0 -1    4   3   3  16   6   4   4  11   5  10   4   2   0   5   3  10   3   2   3   2  0.11 0.15
   69 V   -1  0  1 -4  1 -3 -2 -2 -1  1  0 -3  0  1  2 -2  0 -4  0  3    3   5   7   0   3   0   2   2   2   9  10   0   2   8  11   2   5   0   3  25  0.25 0.25
   70 F    0  2 -2 -5 -4 -2 -2 -5  2  2  1 -1 -2  5 -5 -4 -4  2  1 -1    8  13   2   0   0   2   2   0   5  11  13   4   0  27   0   0   0   2   5   3  0.52 0.37
   71 L   -1 -2  0  1  1 -2  0 -2  2  0  0 -1  0  2 -2  0 -1  2  1  0    5   1   5   9   4   0   8   2   6   7  10   4   2  12   2   8   2   3   5   5  0.08 0.13
   72 Q    0 -3  2  2 -4  0  3 -1  2 -2  0 -1 -1 -1  1 -1 -1 -4 -1 -1    8   0  10  12   0   3  23   5   5   2  10   2   2   2   6   3   2   0   2   3  0.23 0.25
   73 Q   -3 -1  0 -1 -5  5  0 -2  3 -1 -1  0  2 -2  2 -2 -1 -4  1 -4    0   3   4   4   0  30   6   4   6   3   7   6   6   1  11   2   3   0   5   0  0.47 0.41
   74 Y   -1 -2 -2 -4 -4  0 -1 -4  0  1  1 -1  4  3 -4 -1 -3  2  4 -1    4   2   2   0   0   3   5   0   2   9  11   4  14  13   0   5   0   2  18   4  0.43 0.34
   75 H   -2  0  0 -1 -3  0  0 -4  3  0  1  0  2  1 -3 -1 -1 -2  4 -1    3   6   4   3   0   3   6   0   8   7  12   6   6   4   0   4   3   0  20   5  0.25 0.25
   76 T   -1 -1  0 -1  0 -1  0 -1  1  0 -1 -1  1  1 -1 -1  4 -3 -1 -1    5   2   4   3   2   3   7   3   4   5   6   4   4   7   3   2  29   0   2   3  0.19 0.25
   77 A    1  0  0 -1  1 -2  0 -3  0  0  1  1  3  0 -3  0  0 -3  0  0   11   5   5   3   4   0   5   0   2   3  19   8   9   3   0   6   6   0   4   6  0.09 0.16
   78 K   -1  1 -1  0 -2  1  0 -2  3  0 -1  2 -1 -2 -1  0  1 -4  0 -2    3   8   2   4   1   7   7   2  10   7   7  17   1   2   2   6  11   0   4   0  0.19 0.21
   79 Q   -1  1  0 -1 -4  1  2 -4  3  0  1  2 -2 -1 -3  0  0 -3  1 -1    4   7   4   2   0   6  14   0   8   5  19  12   0   2   0   6   6   0   4   3  0.18 0.22
   80 L   -1  0 -4 -5  2 -2 -3 -5 -1  1  4 -1  1  0 -5  0 -1  2 -1  1    5   5   0   0   5   2   2   0   2   8  39   3   2   4   0   7   2   3   2  11  0.39 0.31
   81 I   -1  1  1 -1 -3  1 -1 -2  0  2  1  0  0  0 -2 -1  0  0 -2  1    3   7   7   3   0   7   3   2   3  19  13   7   3   4   2   3   5   2   0   9  0.10 0.15
   82 L    1  1  0 -1  2  2  0 -2  2 -1 -1  1 -1  0 -1 -1 -1  1  1 -2   13   8   4   3   6  10   6   3   6   3   8  10   2   4   3   2   1   2   5   2  0.10 0.14
   83 K    1  2  3 -1  1  1  0 -1  1 -1 -1  1 -2 -3 -3  1  0 -4 -3 -1   10  11  17   2   3   6   4   3   4   5   4  11   0   0   0  11   5   0   0   4  0.18 0.20
   84 N   -1  0  2  1 -4  2  2  2  1 -3 -2  1 -2 -1 -3 -1 -1 -3  0 -1    4   4  13   7   0   9  12  16   4   0   3   8   0   4   0   3   3   0   4   4  0.21 0.20
   85 E    0  0  0  1 -3  1  3 -1  0  0 -1  0  2 -1 -3  0 -1 -3 -1 -1    7   4   3   8   0   5  28   3   2   7   4   4   6   3   0   5   3   0   2   4  0.20 0.21
   86 Y   -1 -4 -5 -5 -5 -4 -1 -2 -2 -2 -4 -1 -4  3 -5 -4 -4  2  8 -4    6   0   0   0   0   0   5   3   0   2   0   4   0   9   0   0   0   2  65   0  1.74 0.76
   87 E   -1  0  0  2  0  1  2  0  3 -1 -3  1 -2 -1 -3  0  0  1  0 -3    4   2   4  10   2   5  13   7  10   5   0  12   0   3   0   8   8   2   4   0  0.19 0.18
   88 I   -2 -1 -3 -4  0 -1 -3 -1 -3  3  1 -1 -1  3 -1 -2  0  2  1  1    0   4   0   0   3   3   0   5   0  22  14   5   0  16   3   0   7   3   6  10  0.25 0.22
   89 K    0  0  0  2  1  1  2  1  1 -2 -2  1 -2 -3 -2 -1  0 -3 -1 -2    6   6   5  15   3   4  20   9   4   3   3   8   0   0   0   3   5   0   2   3  0.20 0.17
   90 N    0  1  2  1 -3  0  0  0  1 -1 -1  1 -2  0 -2  1  0 -2  2 -2    6   8  16   7   0   4   5   8   4   5   5   7   0   3   0   9   4   0   9   0  0.13 0.14
   91 I    0  0  0 -2  2 -2 -2 -3 -2  0  0  0  2  1 -3  0  0  4  1  0    7   7   7   0   7   0   0   0   0   7   7   7   7   7   0   7   7   7   7   7  0.12 0.15
   92 F   -1 -4 -1 -2  2 -4 -3 -5 -3  3 -1 -2  2  4 -5 -1 -1 -3  4  2    5   0   3   2   4   0   2   0   0  15   4   3   4  20   0   5   4   0  14  13  0.48 0.35
   93 C   -1 -4 -2 -2  8 -4 -4 -2 -1  0  0  0  1 -1 -4  1 -1 -4  1  0    4   0   2   2  31   0   1   3   1   6  11   7   3   2   0  10   4   0   6   6  0.70 0.42
   94 S   -1  1  1 -3 -1  0 -3 -2  1  0 -2  0 -1 -1  2  3  0 -3  3 -1    4   7   6   0   1   3   0   3   4   5   4   4   2   3  11  24   6   0  10   3  0.25 0.28
   95 T   -2 -2  2 -1  0  1 -1 -1  2 -1  0 -1  1  0  0  1  1 -4  1  0    0   2  13   3   2   5   2   5   5   3   8   2   3   4   5  14  11   0   5   7  0.13 0.21
   96 F   -2 -1 -1 -2 -4 -1 -2 -2  2 -1  1 -1  2  4  1 -1 -2  1  3  0    3   4   2   2   0   2   3   2   6   2  11   3   6  20   8   4   2   2  10   7  0.32 0.27
   97 N   -2  1  3  1 -1  0  0  0  1 -2 -1  0 -3  1  0  0 -1 -4  1 -1    2   7  19   7   2   4   7   7   3   3   6   5   0   7   4   5   3   0   4   4  0.15 0.18
   98 L   -1 -1  1  1 -3  0  0 -3 -1  0  1  1 -2  1 -1  0 -1  2  0  0    5   2   6   9   0   4   6   0   2   6  15  10   0   7   3   5   3   3   3   9  0.08 0.13
   99 P    0  0  1 -1  0  0  1 -1  0 -1 -1  0 -2 -1  2  1  0  1  0 -1    9   6   7   3   2   5   8   4   2   4   6   5   0   3  12   9   4   2   4   3  0.10 0.11
  100 F   -2  0 -2  1  0 -1  0 -2  4 -2 -1 -1 -1  3 -1 -1 -1  2  4 -2    3   5   2   8   2   3   7   3  11   1   5   3   1  14   3   4   3   2  16   2  0.34 0.30
  101 I    0  1  0  0 -3 -1 -1 -2 -3  2  1 -1  1  2 -1 -1  0 -3 -1  1    8   7   4   5   0   2   3   2   0  15  11   3   4  10   3   3   7   0   1  11  0.12 0.16
  102 E   -1  0  1  3 -4  1  3  0  0 -2 -1  1 -3 -1 -2  0 -1 -4  0 -2    3   4   8  18   0   6  17   6   2   3   6   9   0   3   2   5   3   0   3   2  0.24 0.24
  103 S   -1  1  2  0 -3  0  1  0 -1  0 -1  0  0 -1  1  1  1 -3 -1 -1    3   6  11   4   0   3   9   8   2   7   5   6   2   3   7  10   8   0   2   2  0.09 0.13
  104 N   -2  2  3  1  1  1  0  1  0 -4 -1  2 -1  0 -1 -1  0 -4  0 -3    3  10  16   7   3   5   6   9   2   0   6  13   1   4   3   1   4   0   4   2  0.19 0.22
  105 D   -3  1  2  2 -4  1  1 -1  1  0 -2  2 -1  0 -1  0 -1  0  2 -1    0   6   9  12   0   5  10   4   3   6   4  12   2   3   2   7   3   1   8   4  0.16 0.19
  106 F   -1 -3 -1 -1  0  1 -2 -2  0  0  2  0  1  3 -4 -2 -2  1  3  1    5   0   4   3   2   7   2   2   2   3  21   5   3  13   0   2   2   2  12   9  0.25 0.25
  107 L   -1  0  0 -1  0  0 -1 -1 -2  1  1  0  1  1  0  0  1 -3  0  0    4   5   4   3   3   3   4   5   0  11  15   8   4   7   5   5   8   0   3   5  0.03 0.08
  108 H   -1  0  1  1 -3  1  0 -1  2 -1 -1  2  0 -1 -1  0 -1 -3  1  0    5   4   7   9   0   7   5   5   7   4   6  13   2   3   2   6   3   0   4   6  0.09 0.12
  109 Q   -1  1  1  1 -1  2  0 -2  0  0 -2  2 -1  0  1  0 -1  1  0 -2    3   6   9   7   2   9   5   3   2   6   4  12   2   4   8   7   3   2   4   2  0.12 0.15
  110 F   -2 -1  1  0  0 -3  0 -2  2 -1  1 -1 -2  4 -1 -1 -1 -3  2 -1    4   3   7   5   2   0   7   3   5   3  16   3   0  21   3   4   3   0   8   3  0.26 0.25
  111 Y    0  0  0  0 -3  1  0  0  2  0 -1  0  1  1  0  0 -2  3  1  0    6   6   5   6   0   5   6   6   5   6   6   6   5   5   6   6   0   5   5   6  0.07 0.11
  112 N   -1  0  2  2 -3 -1  0 -1  2 -1 -1  1  1  0  1  0  0 -3  2 -1    5   5  10  11   0   0   6   3   5   5   5   9   4   4   6   7   4   0   7   3  0.10 0.14
  113 F   -1 -1 -1 -1  0 -3 -2 -4  2  1  1 -1  1  4 -1 -2 -1  1  3  0    6   4   3   3   2   0   3   0   6   9  13   3   4  19   3   2   2   2   9   5  0.24 0.22
  114 F   -3 -1 -5 -1  1 -2 -1 -3  2 -1  0 -4  1  6 -5 -2 -2 -3  4 -2    2   4   0   3   3   2   5   2   5   3   8   0   3  39   0   3   2   0  14   3  0.86 0.53
  115 P   -2  0  2 -2  1  0 -2 -5 -1  1 -1  0 -1 -5  6 -2 -1 -6 -5  0    2   5   9   2   3   4   2   0   1   7   5   6   2   0  38   2   4   0   0   6  0.74 0.49
  116 D   -1 -2  0  3 -3 -1  0  0  0  1  0 -1  2  0  2 -1  0 -3  0 -1    3   2   5  18   0   3   4   9   2   9   8   2   7   4   9   4   6   0   3   3  0.14 0.17
  117 A    1 -1 -1  1  0 -1  0 -4  0  2 -1 -2 -2 -1  0  0  1 -4 -1  2   12   3   3   7   2   2   6   1   3  11   6   2   0   2   6   7   8   0   2  18  0.15 0.17
  118 K   -1  1 -1  1  0  0 -1 -2  1  1  1  1  0  1 -3 -1  1 -3  1 -1    3   8   3   7   2   5   2   3   5  11  14   8   2   6   0   4   8   0   5   4  0.08 0.12
  119 L   -1 -1  1  3  1  0  0 -1  2  0  0  0  1  0 -1 -1 -1 -3  0  0    5   4   8  16   3   3   4   4   5   6  10   5   4   4   3   5   2   0   4   6  0.09 0.11
  120 G   -1  0  0  0  2  0  0 -1  2  0 -1  0  1  0  0  0  0  3  1 -1    5   5   5   5   5   5   5   5   5   5   5   5   5   5   5   5   5   5   5   5  0.06 0.08
  121 Y   -2 -2  0 -1  1  0 -1 -2  4 -1 -2  0 -4  2 -2 -1 -3  5  6 -3    3   2   4   4   3   5   5   3   8   4   3   6   0   8   2   5   2   8  25   2  0.58 0.41
  122 E    1  1  1  2 -2  0  3 -2  2 -3 -3  1 -4 -2 -2  1 -1  1 -1 -4   11   7   6  13   1   4  18   2   5   1   2   7   0   2   2  11   3   2   2   0  0.29 0.28
  123 V   -2 -2 -1 -3 -4 -1 -2 -4 -1  4  2 -2  1  2 -5 -3 -2  0  4  1    4   2   3   2   0   3   2   1   1  22  19   2   3   7   0   2   2   1  13  11  0.44 0.33
  124 I   -1 -2 -1 -2 -4 -1 -3 -3 -4  2  3 -2  1  3 -2 -2 -2  1  0  0    6   2   3   3   0   3   1   2   0  13  35   3   3  11   2   2   2   2   3   6  0.39 0.30
  125 E    0  0  1  0 -1  0  1  0 -3 -1 -2  3 -3 -2 -2  2 -2 -4  1 -3    8   5   6   6   1   4   9   6   0   4   4  17   0   1   2  17   1   0   6   1  0.22 0.26
  126 N   -1  1  3  0 -2  2  0 -2  2 -3 -3  3  0 -2 -4  0 -1 -5 -4 -3    6   6  17   5   1  10   6   2   4   1   3  22   2   2   0   7   3   0   0   2  0.40 0.34
  127 L   -1 -3 -1  1  2 -1 -2 -5  3  2  3 -1  1  1 -4 -2 -2 -4  1  0    4   1   3   8   4   3   3   0   6  14  27   3   4   5   0   3   1   0   5   4  0.30 0.25
  128 K    0 -1  0  1  2  0  2 -4  1 -5 -2  4 -5 -6  2  0 -2 -6 -1 -3    6   3   5   7   4   4  13   1   4   0   5  24   0   0  11   6   2   0   2   2  0.43 0.36
  129 E    0  0  1  2 -5  0  2 -4  1 -1 -2  0  1 -1  1  0  0 -5 -2 -2    9   4   8  14   0   3  16   0   4   5   4   6   3   3   6   5   6   0   1   2  0.24 0.24
  130 F   -6 -2 -2 -7  0 -3 -4 -7  1  3  3 -6  0  6 -7 -2 -2  1 -1 -2    0   3   2   0   2   2   2   0   3  14  25   0   2  33   0   3   2   2   1   2  1.01 0.57
  131 Y    0 -1  2  0 -1  0 -1 -1  1  0  0  0  0  2 -1  0 -1  1  4 -1    8   3   9   5   1   4   3   4   3   5   9   6   3   7   3   6   2   2  15   3  0.14 0.16
  132 A    2  1  3  1 -1  1  1 -3  0 -1 -2  1 -4 -1 -2 -1  0 -5  0 -2   20   8  13   7   1   6   7   2   2   4   4   7   0   2   2   5   5   0   4   2  0.23 0.24
  133 Y   -1 -1  0 -1  0  1 -2 -3  2 -2  1 -1  0  3  0 -2 -2  2  5 -2    4   3   4   4   2   6   2   2   5   2  15   3   3  12   4   3   3   3  18   2  0.32 0.28
  134 I   -1 -1 -1  0  1  0 -1 -1  1  2  1 -1  1  0 -1 -1  0 -3  0  1    4   4   3   5   3   4   3   4   5  15  13   4   5   5   3   4   4   0   4   9  0.04 0.09
  135 K    0  1  0 -1  1  0 -1 -1  1  0  0  2  2  0 -1  0  0 -3  0 -1    6   7   5   3   3   4   3   3   3   8   8  14   6   4   3   5   7   0   4   3  0.05 0.10
  136 Y   -1 -2  0 -2 -4 -1 -2 -2  1 -1  0  0  1  5 -4  1 -1  2  4 -3    6   2   5   2   0   2   2   3   3   3   8   6   3  23   0  10   4   2  15   0  0.40 0.33
  137 N   -1  2  3  0  0  1  1 -2  3  0 -2  0 -1 -1 -2  0 -1  2  1 -2    4  14  14   4   2   5   7   2   9   6   3   6   1   3   2   5   2   3   4   2  0.22 0.22
  138 E   -1  0  1  1  2  0  3 -3  1 -1 -1  1 -3  0  1  0 -2  1  1 -2    3   4   8   6   4   3  21   0   4   4   7   8   0   5   6   9   0   2   4   2  0.18 0.22
  139 I   -3 -1  2 -2  2 -1  0 -4 -3  2  2  1  2  0 -4  0 -1 -4 -1  0    0   4  13   2   4   2   6   0   0  12  23   8   6   3   0   6   3   0   2   5  0.22 0.24
  140 Y   -3 -2  0 -2 -1 -2 -2 -3  3  0 -1 -1  1  3 -4 -1 -1  5  6 -1    1   2   4   3   2   2   2   2   6   7   4   4   4  11   0   4   4   7  27   4  0.56 0.38
  141 F   -1  0  0  0 -1 -1  0 -1  2 -1 -1  1 -2  2 -1  0 -1 -2  4 -3    4   5   5   4   2   2   6   4   4   3   7  10   0   8   4   7   4   0  20   1  0.21 0.22
  142 N   -1  1  3  1  0  1  0  1  1 -2 -2  1 -2 -1  0 -1 -1 -3  0 -2    5   8  14   8   3   7   5  12   3   3   2  10   0   3   5   4   2   0   3   3  0.16 0.16
  143 K   -2  1  1 -1  1  2 -1 -2  0  0 -1  3  1 -3  0  1  0 -4 -1 -1    2   8   6   3   3   9   2   2   2   5   6  23   4   0   4   9   5   0   2   4  0.20 0.22
  144 R   -1  2  1 -2 -3  1  0 -3  1 -1  0  1  0  1 -1  0 -1  2  2 -1    4  15   6   1   0   7   5   1   4   5   9  11   2   6   3   5   3   3   7   3  0.14 0.15
  145 I   -2  0  0 -1 -4  0 -2 -2 -3  2  0 -2 -1  4  4 -1 -3  1  0 -1    2   5   5   4   0   5   2   3   0  14   8   2   1  17  20   6   1   2   2   3  0.34 0.27
  146 T    0 -2  2 -2 -3 -1 -1 -3  0 -1 -2  2 -1  0 -1  1  4 -4 -1 -1    6   1   8   2   0   2   3   1   2   3   3  11   2   5   3  10  33   0   2   3  0.37 0.33
  147 S   -1  1  1  0  0  1 -1 -2  0  0 -1 -1  0 -2 -3  3  2 -3  1 -2    5   7   8   4   2   6   2   2   2   6   6   2   2   2   1  23  14   0   5   1  0.20 0.23
  148 G    0 -1  0 -3 -4 -1 -2  5  1 -1 -2  0 -3  0 -2  0 -2 -4 -1 -3    7   2   4   1   0   3   2  43   4   4   4   7   0   4   2   8   2   0   2   1  0.52 0.33
  149 V   -2 -3  1 -1 -3 -3 -3 -4 -4  4  1 -2  3  1 -4 -2  0 -4 -3  3    3   1   7   4   0   1   1   1   0  26  12   2   7   6   1   2   6   0   0  21  0.45 0.30
  150 Y   -2 -3 -1 -1  2  3 -3 -4  0  0  0  0  1  3 -2 -1 -1 -1  5 -1    2   0   2   3   5  16   0   1   1   5   7   5   4  15   2   4   3   1  20   4  0.44 0.35
  151 M    1 -3 -1  0 -3  0  0 -2 -3  0  1  0  5 -1 -1 -1  0 -4 -2 -1   15   0   3   6   0   4   7   3   0   6  12   5  20   3   3   4   5   0   1   2  0.25 0.27
  152 C   -1 -3 -2 -4  2 -1 -1 -3 -4  2  3 -1  1  0  0  0 -2 -4 -1  1    3   0   2   0   5   3   5   2   0  16  29   4   3   4   6   7   2   0   2   7  0.26 0.24
  153 A    2 -1  0 -1 -2 -1  0 -2 -3  2  1  1  0  2 -3  0 -1 -3 -2  0   18   2   4   3   1   3   5   2   0  13  14   8   1  10   0   7   3   0   1   5  0.12 0.18
  154 I   -1 -2  2 -1 -1  0 -1 -3 -1  1  0 -1  2  1 -1  0  1  1  1  1    5   1  12   3   1   5   4   0   2   9   7   2   7   8   3   6  10   2   5   9  0.10 0.16
  155 A    3 -2  2 -1 -3  1 -1 -1 -3 -2  0  0 -1  0 -2  0 -2 -4 -1 -2   33   2  13   3   0   6   4   5   0   2   8   6   2   5   2   6   2   0   2   1  0.29 0.30
  156 I   -1 -2  1 -1  1  0 -2 -2  3  2  1 -2  0 -1  0  0 -1 -3  1  0    5   1   8   3   3   5   1   3   8  15  12   1   1   2   5  10   3   0   5   7  0.10 0.15
  157 A    1 -1 -1 -1  1  0 -1  0  0  1  0  0  0  0 -2  0 -1 -2  1  0   13   3   3   3   3   3   4   6   2  12   9   9   1   4   1   8   2   0   7   6  0.03 0.08
  158 L   -2  0 -1 -1 -1 -1 -1 -2  0  2  2 -1  2  2 -3 -2 -1  1  0  0    2   4   4   4   1   1   3   3   2  11  28   5   7   8   0   3   4   2   3   3  0.15 0.17
  159 G   -2 -1 -1  1 -1 -1  0  5 -3 -2 -2  0 -3 -4 -1  0 -1 -4 -1 -1    1   3   3   7   1   3   8  44   0   2   5   5   0   0   3   6   3   0   2   5  0.50 0.35
  160 Y    0  0  0 -3 -1  0 -1 -1  2 -1 -2  0 -1  2 -4  1 -2 -2  5 -1    8   6   6   0   2   3   3   4   5   3   3   6   1  10   0  10   0   0  26   3  0.36 0.31
  161 K   -2  1  0  1 -4  0  1 -2  1 -4 -2  5  0 -2 -2  0  0 -5 -3 -2    2   7   4   9   0   3   8   3   3   0   4  36   2   2   2   7   5   0   0   3  0.42 0.34
  162 T   -2  1  4  3  1 -1  2 -3  0 -1 -2  0 -3 -2 -1  1  0 -4 -1 -2    2   7  21  14   3   1  13   0   2   4   4   5   0   2   3   9   5   0   3   2  0.30 0.27
  163 I   -2 -4 -4 -2  1 -1 -1 -5  0  6  0  1 -2  0 -4 -1 -1 -4 -3  1    3   0   0   3   3   2   4   0   2  48   8   9   0   4   0   4   3   0   0   6  0.62 0.41
  164 Y   -1 -1  0  0 -3  0 -1 -1  3  0  0  0 -2  2 -1 -1 -1 -2  5 -1    4   3   5   5   0   3   3   4   7   4   8   7   0  10   3   4   2   0  21   5  0.23 0.23
  165 L   -2  0  0 -3  1  0 -1 -3 -2  1  2  0  2  1 -3 -1 -1  2  1  1    0   4   5   0   3   6   5   0   0  11  21   6   6   7   0   4   4   3   4   7  0.16 0.18
  166 C    1 -1  1  0  2  0 -1  0  1  0 -1  0 -1  0  0  1  0 -3  0  0   14   3   7   4   5   5   0   5   4   9   7   4   0   4   4  12   6   0   3   5  0.05 0.10
  167 G    0  0 -1 -1  1 -1 -3  4 -3 -1 -2  2 -3  0 -2  0 -2 -4  1 -1    8   5   2   4   3   3   0  28   0   4   4  13   0   3   2   9   2   0   5   5  0.27 0.26
  168 I   -3 -2 -2 -4 -1 -3 -1 -5 -1  4  1  0  3  2 -2 -2 -1  1  0  1    0   2   2   0   1   0   5   0   2  26  14   6   9   9   2   3   3   2   3  10  0.39 0.31
  169 D   -2 -4  2  5 -6 -1  0 -3  1 -2 -3  0  0 -1 -1 -1 -2  1  2 -2    3   0  10  37   0   3   5   2   3   2   2   7   2   2   3   3   3   2   7   3  0.66 0.48
  170 F   -3 -2  1 -2 -1 -1 -2 -3  2 -1  1 -2  1  5 -2  0  0  0  2 -2    2   2   7   2   1   3   3   2   5   3  14   3   3  26   2   7   6   1   6   2  0.39 0.33
  171 Y   -2 -5  0 -3  0 -1 -1 -1  1  0 -1 -1  1  2 -2 -1 -2 -3  7 -2    2   0   4   2   2   3   4   6   2   7   5   4   4   9   2   4   3   0  34   3  0.65 0.48
  172 E    0  0  1  0 -4  2  2 -2  1 -1 -1  1  0 -1 -1  0 -1  1  0 -1    8   4   6   5   0  12  15   3   3   4   6   7   2   2   2   8   4   2   4   3  0.13 0.17
  173 G    0  0  1  0  1  0  1  0  1  0 -1  0  0  0  0  0  0 -2  1  0    5   3  10   5   3   4   9   8   3   6   5   6   3   3   4   7   5   0   6   6  0.03 0.06
  174 D    0  0  0  0 -3  0  0  0  2  0 -1  0 -1  0  1  0  0  3  1  0    6   6   5   6   0   5   6   6   5   6   6   6   0   5   6   6   6   5   5   6  0.06 0.08
  175 V   -1 -1  3  1 -4  0  0 -1 -1 -1 -1  2 -1 -1 -1  0  0  1  0 -2    5   3  16   9   0   3   7   5   1   4   8  13   2   3   3   6   6   2   4   2  0.15 0.17
  176 I   -1  1  0  0 -1  1  0  0 -1  1  0  0 -1  1 -2  0  0 -1  1 -1    5  11   4   6   2   5   6   8   1  10   8   7   2   6   2   5   4   1   6   1  0.04 0.08
  177 Y   -3 -6 -1 -3 -1 -2 -2 -7  3 -2 -1  0 -5  1 -7 -2 -6  4  8 -6    3   0   3   2   2   2   3   0   7   2   6   5   0   6   0   3   0   5  50   0  1.54 0.80
  178 P    3 -3 -1 -2  0 -1 -2 -2  0  0 -1 -2  0  3  1  1 -2  0  0  0   24   1   2   2   2   3   2   2   3   5   4   3   2  14   8   9   1   1   3   8  0.24 0.25
  179 F   -5 -1 -1 -6 -6 -2 -1 -3  3  0 -1 -2 -4  6 -6 -2 -5  4  5 -3    0   3   3   0   0   2   5   2   6   6   6   2   0  32   0   3   0   6  21   2  1.07 0.59
  180 E   -1 -2  3  2  0  0  2 -4  2 -1 -1  1 -1  0 -1 -1 -1 -5 -1 -2    4   2  14  13   2   4  14   0   6   3   6   9   2   4   3   4   4   0   2   3  0.25 0.24
  181 A   -1 -2  1  0 -3  0  0 -2  1  2  0  0  0  0  1  0  0 -3  0  1    4   0   7   4   0   3   7   3   4  12   9   8   3   3   6   7   6   0   4  10  0.07 0.11
  182 M   -1 -1  1  0  1  1  0 -1  0 -1 -1  2  1  2  1  0  0  1  0 -1    4   3   7   5   4   6   4   5   2   3   4  12   4   9   8   5   4   2   3   4  0.09 0.13
  183 S   -1  0  0  0  1  1  1  0  1 -1 -1  2  0  1  0  0  0 -3  1 -1    3   4   4   5   3   5   8   7   4   5   4  14   3   6   5   9   4   0   5   3  0.07 0.11
  184 T    0  0  0  0  2  0  0 -1  1  0 -1  0 -2  0  0  0  0  3  1 -1    5   5   5   5   5   5   5   5   5   5   5   5   0   5   5   5   5   5   5   5  0.06 0.08
  185 N   -2 -2  6  0 -6  2 -1 -3  3  0 -2  0 -1 -1 -3  0 -3 -6 -1 -1    3   2  34   5   0   8   5   2   6   6   4   5   2   3   2   7   1   0   2   4  0.60 0.44
  186 I   -1  0  0 -2 -1  0 -1 -2 -1  2  2  1  0  1 -3 -1 -1 -4  2  0    5   4   4   2   1   5   4   3   1  13  22  10   2   6   1   5   3   0   6   4  0.16 0.16
  187 K    0  0  0  1 -1  0  1 -2 -3  1  0  2 -1 -1 -2  0  0 -4  0  0    8   5   5   7   1   4   8   3   0   8  11  13   1   3   1   7   5   0   4   5  0.08 0.11
  188 T   -1  1  1 -1 -4  1  0 -2  1 -1  0  2 -1  1 -2  1  0 -1  0 -1    5   7   7   3   0   5   6   3   3   4  10  14   2   5   2  10   5   1   4   4  0.10 0.13
  189 I   -2 -2 -1 -2 -1 -2 -3 -3  1  2  3  1  2  2 -2 -2 -1 -5  1  0    4   2   3   3   1   2   2   2   3  11  31   7   4   7   2   3   3   0   4   6  0.38 0.25
  190 F   -2 -4  0 -3  0 -1 -3 -2  2  1  1  0 -2  4 -4 -1 -2  2  3  0    4   1   5   1   2   2   2   4   5   9  14   5   1  18   1   5   3   3   9   7  0.37 0.24
  191 P   -2 -3  1  0 -6 -1 -1 -2  0  1  0  1 -5  2  4 -2  0  0  0 -2    3   1   7   5   0   3   5   3   2   9   9   7   0   7  21   4   5   1   3   4  0.31 0.26
  192 G   -2 -2  2  1  0  0  0  0  2 -1 -2  2  0 -1 -3  0 -1  2  3 -3    3   1  10   8   2   5   7   7   5   4   5  13   2   2   1   7   4   2   8   2  0.21 0.20
  193 I   -2 -1  0  0  0  1 -1 -2  2  1  1  1 -1  3 -3  0 -2  0  1 -1    3   3   5   5   2   5   4   3   6   9  12   7   2  14   2   6   3   1   5   3  0.19 0.15
  194 K   -2  0  1 -1 -6 -1  1 -2 -1  0  0  4  1  0 -2  1 -2  0  1 -3    4   4   6   4   0   3   8   3   1   5   9  24   3   4   2  10   3   1   4   2  0.29 0.25
  195 D   -2 -1  3  3  1  1  1 -2  1  1 -3  2 -1 -2 -3 -1 -2  0  0 -3    4   4  15  15   3   7   9   3   3   8   3  10   2   2   2   4   2   1   3   2  0.32 0.25
  196 F   -1 -1  0 -1  0 -1 -1  0  2  1  1 -1  0  3 -1 -1  0  1  3 -2    4   4   5   4   2   2   4   6   4   9  12   4   3  12   3   4   5   2   9   3  0.15 0.12
  197 K   -1  0  2  0  0  1 -1 -1  1 -1 -2  2  0 -1 -1  0  0 -4  2 -1    5   3  10   5   2   5   4   6   4   4   4  16   2   3   3   6   5   0   9   4  0.12 0.16
  198 P   -1 -1  0 -1 -5  0  0 -2  1  0 -1  1  1  0  2  0  1  2  1 -1    5   4   5   4   0   3   7   3   4   6   6   8   4   4   9   7   8   3   5   4  0.11 0.12
  199 S   -1  0  0  0  2  0  0 -1  2  0 -1  0  2  1  0 -1  0  3  1 -1    5   5   5   5   5   5   5   5   5   5   5   5   5   5   5   5   5   5   5   5  0.08 0.08
  200 N   -3 -1  4  2  0 -1  2 -2  1 -2 -2  2 -2 -2  1  0 -1 -1  1 -3    1   4  21   9   2   2  11   2   4   3   4  12   1   2   6   8   3   1   4   2  0.36 0.31
  201 C    0 -2  0 -1  3 -1 -1 -2 -1  2  0  0  0  2 -3 -1 -1  2  1  0    6   2   5   3   6   3   4   3   2  16  10   5   2   9   1   5   4   3   6   4  0.12 0.14
  202 H   -4 -3  1 -2 -6 -2  1 -3  8  0 -2 -1 -2  0 -5 -1 -1 -5  4 -3    1   1   5   3   0   2  10   3  32   5   5   3   1   4   0   4   3   0  15   2  0.99 0.60
  203 S   -1 -1  2  2 -1  0  1 -2  1  0 -2  1  0 -3 -1  2  0 -2 -1 -2    5   3  10  10   1   5   8   2   3   5   4   8   3   1   3  19   6   1   3   2  0.19 0.22
  204 K   -1 -1 -1 -1 -2  1  0 -3  0  1  1  4  1 -1 -1  0 -1 -4  1 -2    3   2   3   3   1   6   7   2   2   9  12  25   3   2   3   6   4   0   5   2  0.23 0.25
  205 E   -1  0  3  2 -1  0  2 -3  0  0 -2  1 -1 -1 -2  0 -1  0  2 -2    4   5  13   9   1   4  17   2   2   6   4   7   1   2   1   6   3   1   8   2  0.23 0.23
  206 Y   -2 -3 -2 -3  1 -2 -2 -4 -4  2  2 -1  0  3 -3 -2  0  3  5  0    3   2   2   1   2   2   2   2   0  10  18   4   2  12   1   3   6   3  19   5  0.44 0.34
  207 D   -2 -2  2  5 -6 -1  2 -4 -1 -1 -2  1 -2 -1 -3 -2 -1 -1  0 -4    3   2   9  33   0   3  12   1   1   3   5   9   1   3   1   3   4   1   3   1  0.60 0.45
  208 I   -2 -1  1 -3 -2  0 -2 -4  1  3  2  0  2  3 -3 -2 -1 -4  2 -1    3   4   6   1   1   5   3   1   3  15  18   6   4  12   1   3   3   0   8   4  0.26 0.23
  209 E   -1  0  1  1 -2  1  2 -2  0 -1 -1  1 -1  0 -2  1 -1 -4  0 -2    5   4   6   8   1   6  16   2   2   5   7  10   1   4   2  11   4   0   3   2  0.15 0.18
  210 A    1 -3  1 -1 -1 -1 -1 -2  2  2 -1 -1  0  3 -2  0  0 -1  1  0   11   1   7   3   1   2   4   3   5  12   6   5   2  11   2   7   7   1   4   5  0.16 0.13
  211 L   -3 -3 -1 -2 -1 -1 -1 -7  1  3  4  1  2  1 -4 -3 -2 -1  0 -1    3   1   3   2   1   3   4   0   3  13  34   9   4   6   1   3   3   1   3   4  0.52 0.32
  212 K   -2  1  1  0  1  1  2 -4  0  0 -1  3  1  0 -3 -2 -2 -1  2 -2    4   8   6   6   3   6  12   1   2   6   6  15   3   4   2   3   3   1   6   3  0.22 0.19
  213 L   -2 -2 -2 -2 -6 -2  1 -4 -1  1  2 -1  1  3  0 -2 -2  0  3  0    4   2   2   3   0   2   9   2   2   9  20   5   3  12   6   3   3   1   8   5  0.29 0.21
  214 L   -1 -2 -1  0  1 -1 -2 -3 -1  2  2 -1  2  1 -1 -2 -1  1  2 -1    5   3   3   5   3   3   3   2   2  10  23   4   4   7   4   4   5   2   6   5  0.19 0.14
  215 K   -1  0  2  0  1  1  0 -2  0 -1  0  2  1  0 -1 -1 -1 -5  0 -1    5   6  10   5   3   7   7   3   3   4  11  10   3   4   4   4   5   0   3   3  0.10 0.10
  216 S   -1  0  0  0  2  0  0 -1  2  0 -1  0  2  1  0 -1  0  4  1 -1    5   5   5   5   5   5   5   5   5   5   5   5   5   5   5   5   5   5   5   5  0.09 0.08
  217 I   -1  0  0  0  2  0  0 -3  2  0 -1  0  1  1  0  0  0  3  1  0    5   5   5   5   5   5   5   0   5   5   5   5   5   5   5   5   5   5   5   5  0.08 0.12
  218 Y   -1 -1  0  0  2  0  0 -2  1 -1 -2  0  1  2  0 -1 -2  2  5 -2    5   3   5   5   4   5   7   4   3   3   5   5   3   7   5   5   3   3  17   3  0.27 0.21
  219 K   -1  0  0  0  2  0  0 -1  2  0 -1  0  2  1  0 -1  0  4  1 -1    5   5   5   5   5   5   5   5   5   5   5   5   5   5   5   5   5   5   5   5  0.09 0.08
  220 V   -1 -1  0  0  0  0 -1 -2  1  3  1 -1  0  0 -2 -1  0 -5  0  1    6   3   4   5   2   4   5   3   4  16  13   4   2   4   2   4   5   0   3   9  0.12 0.09
  221 N   -1 -1  1  1  1  0  1 -2  1  0 -2  2  0 -1 -1 -1  0  2  2 -1    6   3   7   8   3   5   9   3   4   7   5  11   3   3   3   4   5   3   6   4  0.10 0.10
  222 I   -1  0  0  0  2  0  0 -1  2  0 -1  0  2  1  0 -1  0  4  1 -1    5   5   5   5   5   5   5   5   5   5   5   5   5   5   5   5   5   5   5   5  0.09 0.08
  223 Y   -2 -2  2 -1 -7  1  1 -4  1  0 -1  2 -1  1 -3 -2  0  1  4 -1    4   2   9   4   0   7   9   2   4   5   7  10   1   6   2   3   6   2  14   4  0.31 0.24
  224 A   -1  0  2 -1  2  1  1 -2  0  0  0  1  0  1 -2  1 -2 -5  0 -3    6   5   9   4   3   6   9   3   3   5  10   9   2   5   2  12   3   0   3   2  0.13 0.13
  225 L   -1 -2  0 -1  0 -1 -1 -3  0  1  2 -1  0  1 -1 -2 -2  2  3  0    5   2   4   3   2   4   5   3   2   9  22   5   2   6   3   3   2   2  10   5  0.22 0.16
  226 C   -1 -2  2 -1  4 -1 -1 -2  2  1 -1  1  0  0 -1  1 -1  2  0 -1    5   2   9   4   8   3   4   4   4   7   7  10   2   4   4   9   3   2   4   4  0.15 0.13
  227 D   -1  0  1  1  1  1  0 -2  2  0 -1  0  1 -1  2  0 -1  2  0 -2    5   4   6   8   3   6   7   3   5   5   6   7   3   3   9   6   4   3   3   3  0.09 0.10
  228 D   -1  0  0  0  2  0  0 -1  2  0 -1  0  2  1  0 -1  0  4  1 -1    5   5   5   5   5   5   5   5   5   5   5   5   5   5   5   5   5   5   5   5  0.09 0.08
  229 S   -2  1  2 -1  1  0  1 -3 -1  2 -3  0  1 -1 -1  2 -1  0 -1 -2    3   7   8   3   3   5   8   2   2  11   3   7   3   3   3  17   4   2   2   3  0.20 0.20
  230 I   -1 -1  0  1  1 -1 -1 -2  0  1  0  1  0  0  1  0 -1 -5  2 -1    4   3   5   9   3   3   5   3   3   9  10   8   3   5   8   7   4   0   7   5  0.09 0.09
  231 L   -1  0  0 -1  1 -1 -1 -2  0  1  1  1  1  0  0 -1  0  2  1  0    4   5   6   4   3   3   3   4   3   9  16   8   3   4   5   4   5   3   4   5  0.06 0.06
  232 A   -1  0  0  0  2  0  0 -1  2  0 -1  0  2  1  0 -1  0  4  1 -1    5   5   5   5   5   5   5   5   5   5   5   5   5   5   5   5   5   5   5   5  0.09 0.08
  233 N   -1  0  3  1  1  1  1 -3  2 -2 -2  3 -1 -1  0 -1 -2 -7  0 -3    5   4  15   6   2   7   8   2   4   3   4  18   2   3   5   5   3   0   3   2  0.34 0.27
  234 H   -2 -2  1  0  0  0  1 -3  3  2  0  0  0  1 -2 -1 -1  2  3 -1    4   3   6   5   2   4   8   3   6  10  11   6   2   7   2   4   3   3  10   3  0.17 0.13
  235 F   -1 -1  0 -1  1  0  0 -2  1  2  0  1  1  2 -1 -1 -1 -4  1  0    4   4   5   3   3   5   7   3   3  10   9   8   3  10   3   5   3   0   5   5  0.09 0.08
  236 P   -1  0  0  0  2  0  0 -1  2  0 -1  0  2  1  0 -1  0  4  1 -1    5   5   5   5   5   5   5   5   5   5   5   5   5   5   5   5   5   5   5   5  0.09 0.08
  237 L   -1 -1  1  0  1  0  0 -2  1  0  1  0  1  1 -1 -1 -1  2  0  0    5   3   6   4   3   4   5   3   4   6  14   7   3   6   3   5   4   3   3   7  0.05 0.05
  238 S    0  0  0  0  2  0  0 -1  1  0 -1  0  1  0  0  0  0 -2  1  0    5   5   5   5   5   5   5   5   5   5   5   5   5   5   5   5   5   0   5   5  0.03 0.05
  239 I   -1  0  0  0  2  0  0 -1  2  0 -1  0  2  1  0 -1  0  4  1 -1    5   5   5   5   5   5   5   5   5   5   5   5   5   5   5   5   5   5   5   5  0.09 0.08
  240 N   -1  0  0  0  2  0  0 -1  2  0 -1  0  2  1  0 -1  0  4  1 -1    5   5   5   5   5   5   5   5   5   5   5   5   5   5   5   5   5   5   5   5  0.09 0.08
  241 I   -1  0  0  0  2  0  0 -1  2  0 -1  0  2  1  0 -1  0  4  1 -1    5   5   5   5   5   5   5   5   5   5   5   5   5   5   5   5   5   5   5   5  0.09 0.08
  242 N   -1  0  0  0  2  0  0 -1  2  0 -1  0  2  1  0 -1  0  4  1 -1    5   5   5   5   5   5   5   5   5   5   5   5   5   5   5   5   5   5   5   5  0.09 0.08
  243 N   -1  0  0  0  2  0  0 -1  2  0 -1  0  2  1  0 -1  0  4  1 -1    5   5   5   5   5   5   5   5   5   5   5   5   5   5   5   5   5   5   5   5  0.09 0.08
  244 N   -1  0  2  0  1  0  1 -2  1  0 -1  1  0 -1 -1  1  0  2  0 -1    4   4   9   5   3   5   8   4   3   5   7  11   3   3   3   9   5   3   4   4  0.08 0.09
  245 F   -1  0  0  0  2  0  0 -1  2  0 -1  0  2  1  0 -1  0  4  1 -1    5   5   5   5   5   5   5   5   5   5   5   5   5   5   5   5   5   5   5   5  0.09 0.08
  246 T   -1  0  1 -1  1  0  0 -2  0  1  0  0  0  1 -1  0  0  2  1 -1    4   4   6   4   3   5   6   3   3   8   8   6   3   6   3   8   7   3   4   5  0.04 0.05
  247 L   -1 -1  0 -1  1  0 -1 -2  0  2  0  1  0  0  0 -1  0  3  0  0    4   3   5   4   3   4   5   3   3  13  11   9   3   4   5   5   5   3   3   5  0.08 0.08
  248 E   -1  0  0  0  2  0  0 -1  2  0 -1  0  2  1  0 -1  0  4  1 -1    5   5   5   5   5   5   5   5   5   5   5   5   5   5   5   5   5   5   5   5  0.09 0.08
  249 N    0  0  0  0  2  0  0 -1  1  0 -1  0  1  0  0  0  0 -2  1  0    5   5   5   5   5   5   5   5   5   5   5   5   5   5   5   5   5   0   5   5  0.03 0.05
  250 K   -1  0  1  0  0  1  0 -1  1  0  0  1  0  0  0 -1  0  1  1 -1    4   5   7   5   2   7   7   3   3   6   9  12   3   4   5   4   5   2   5   3  0.05 0.08
  251 H   -1  0  1  0  0  0  0 -1  1  0 -1  1  0  1  0  0  0 -2  1 -1    4   4   7   4   3   4   8   4   4   6   7  10   3   6   5   6   5   0   6   4  0.04 0.07
  252 N    0  0  0  0  2  0  0 -1  1  0 -1  0  1  0  0  0  0 -2  1  0    5   5   5   5   5   5   5   5   5   5   5   5   5   5   5   5   5   0   5   5  0.03 0.05
  253 N   -1 -1  2  0  1  0  1 -2  1 -1 -1  1  0  0 -1 -1  0  2  1 -2    5   4  11   6   3   5   8   4   4   4   8  10   3   5   3   5   5   2   5   3  0.10 0.10
  254 S   -1  0  0  0  2  0  0 -1  2  0 -1  0  2  1  0 -1  0  4  1 -1    5   5   5   5   5   5   5   5   5   5   5   5   5   5   5   5   5   5   5   5  0.09 0.08
  255 I   -2  0  0 -1  1  0  0 -2  0  2  0  1  0  2 -1 -1 -1  3  1 -1    4   4   4   3   3   4   5   3   3  13   9   7   3   9   3   4   4   4   5   5  0.13 0.10
  256 N   -1  0  0  0  2  0  0 -1  2  0 -1  0  2  1  0 -1  0  4  1 -1    5   5   5   5   5   5   5   5   5   5   5   5   5   5   5   5   5   5   5   5  0.09 0.08
  257 D   -1 -1  2  2 -1  1  1 -2  1  0 -2  0 -1  0 -3  0 -1 -1  2 -2    4   4   9  11   1   7  10   3   4   6   5   7   2   4   2   6   4   1   8   3  0.17 0.16
  258 I   -1 -1  0 -1  1  0 -1 -3 -1  3  1  1  0  1 -2 -1 -1  0  0  0    5   3   5   3   2   4   5   2   1  14  15   9   2   6   2   5   3   2   4   6  0.13 0.11
  259 L   -1 -1  0 -1  2  1  0 -3  0  1  1  1  1  1 -2  0 -1  2  1 -1    5   3   5   4   4   6   5   2   2   9  15   8   3   6   2   6   4   3   5   4  0.10 0.09
  260 L   -1 -1  0  0  1  1  0 -2  1  1  0  1  1  1 -1  0  0  3  1 -1    4   3   5   5   3   6   7   3   3   8  10   8   4   6   3   6   5   4   5   4  0.06 0.07
  261 T   -1  0  0  0  2  0  0 -1  2  0 -1  0  2  1  0 -1  0  4  1 -1    5   5   5   5   5   5   5   5   5   5   5   5   5   5   5   5   5   5   5   5  0.09 0.08
  262 D   -1  0  0  0  2  0  0 -1  2  0 -1  0  2  1  0 -1  0  4  1 -1    5   5   5   5   5   5   5   5   5   5   5   5   5   5   5   5   5   5   5   5  0.09 0.08
  263 N   -2 -1  3  0 -1  1  1 -1  1  0  0  2 -1  1  0  0 -1  0  0 -3    3   3  15   4   1   5   8   5   3   5   8  11   2   6   5   6   4   1   3   2  0.18 0.17
  264 T   -1  0  1 -1  0  1  0 -3  0  1  0  1  1  0 -1  1  1  1  1 -1    4   4   8   4   2   6   6   2   2   9   9   9   3   4   3   9   8   2   5   3  0.09 0.10
  265 P   -1  0  1 -1  0  0  0 -2  0  1  0  1  0  1  1  0 -1  1  1 -1    6   4   6   4   2   4   7   3   3   8   9   9   3   6   7   6   3   2   5   4  0.05 0.05
  266 G   -1  0  1 -1  1  1  0 -2  2  0 -1  0  1  1  1  0 -1  2  2 -1    4   4   6   4   3   5   5   3   4   6   6   7   3   7   6   7   4   3   7   4  0.08 0.09
  267 V   -1  0  0  0  2  0  0 -1  2  0 -1  0  2  1  0 -1  0  4  1 -1    5   5   5   5   5   5   5   5   5   5   5   5   5   5   5   5   5   5   5   5  0.09 0.08
  268 S   -1  0  1  0  1  1  0 -2  1  0 -1  2  0  0 -1  0 -1  2  0  0    5   4   7   5   3   5   7   3   4   5   5  11   3   5   4   7   4   3   4   6  0.07 0.07
  269 F   -1  0  0  0  2  0  0 -1  2  0 -1  0  2  1  0 -1  0  4  1 -1    5   5   5   5   5   5   5   5   5   5   5   5   5   5   5   5   5   5   5   5  0.09 0.08
  270 Y   -1  0  0  0  2  0  0 -1  2  0 -1  0  2  1  0 -1  0  4  1 -1    5   5   5   5   5   5   5   5   5   5   5   5   5   5   5   5   5   5   5   5  0.09 0.08
  271 K   -1  0  1 -1  1  0  0 -2  1  0  0  2  0  0  0  0 -1  2  1 -1    5   4   6   4   4   5   6   3   3   6   8  12   3   5   4   7   4   3   5   5  0.06 0.07
  272 N   -1  0  0  0  2  0  0 -1  2  0 -1  0  2  1  0 -1  0  4  1 -1    5   5   5   5   5   5   5   5   5   5   5   5   5   5   5   5   5   5   5   5  0.09 0.08
  273 Q   -1  0  0  0  2  0  0 -1  2  0 -1  0  2  1  0 -1  0  4  1 -1    5   5   5   5   5   5   5   5   5   5   5   5   5   5   5   5   5   5   5   5  0.09 0.08
  274 L   -1  0  0 -1  1  0  0 -2  1  2  1  0  1  1 -1 -1 -1  2  0  0    4   4   4   3   3   4   7   3   4  12  14   6   4   5   3   5   3   3   4   7  0.08 0.07
  275 K   -1  0  0  0  2  0  0 -1  2  0 -1  0  2  1  0 -1  0  4  1 -1    5   5   5   5   5   5   5   5   5   5   5   5   5   5   5   5   5   5   5   5  0.09 0.08
  276 A   -1 -1  1  0  1  0  0 -2  2  0  0  0  1  1  0 -1 -1  3  2 -1    5   4   7   5   3   5   7   3   4   7   8   6   4   5   5   5   3   4   6   4  0.07 0.07
  277 D   -1  0  0  0  2  0  0 -1  2  0 -1  0  2  1  0 -1  0  4  1 -1    5   5   5   5   5   5   5   5   5   5   5   5   5   5   5   5   5   5   5   5  0.09 0.08
  278 N   -1  0  0  0  2  0  0 -1  2  0 -1  0  2  1  0 -1  0  4  1 -1    5   5   5   5   5   5   5   5   5   5   5   5   5   5   5   5   5   5   5   5  0.09 0.08
  279 K   -1 -1  1  0  1  1  1 -2  2  0 -1  2  1  1 -1 -1  0  2  1 -2    5   4   6   5   3   5   9   3   4   5   7  12   3   6   4   5   5   3   4   3  0.09 0.09
  280 I   -1  0  0  0  2  0  0 -1  2  0 -1  0  2  1  0 -1  0  4  1 -1    5   5   5   5   5   5   5   5   5   5   5   5   5   5   5   5   5   5   5   5  0.09 0.08
  281 M   -1  0  0  0  2  0  0 -1  2  0 -1  0  2  1  0 -1  0  4  1 -1    5   5   5   5   5   5   5   5   5   5   5   5   5   5   5   5   5   5   5   5  0.09 0.08
  282 L   -2 -1  1 -1  0  0  0 -3  1  2  2  1  0  0 -2 -1 -1  0  0 -2    3   3   6   4   2   5   7   2   3  13  17  10   2   5   2   6   4   2   3   3  0.15 0.13
  283 N   -2 -1  3  1  0  0  0 -2  0  0 -1  2  0  1 -1  0 -1 -6  0 -3    3   4  15   8   2   5   7   3   2   5   8  11   2   5   4   6   4   0   3   2  0.21 0.18
  284 F   -2 -1  1  0  1  2  0 -2  1  1  0  1  2  1 -1 -2 -1  3  2 -2    4   3   7   5   3  10   6   3   3   7   9   7   4   7   4   4   5   4   6   3  0.13 0.13
  285 Y   -1  0  0  0  2  0  0 -1  2  0 -1  0  2  1  0 -1  0  4  1 -1    5   5   5   5   5   5   5   5   5   5   5   5   5   5   5   5   5   5   5   5  0.09 0.08
  286 N   -2 -1  3  1  0  2  0 -3  3 -1  0  2  1  0 -2 -1 -1  1  1 -4    3   3  15   8   2   7   6   2   5   4   8  10   3   5   2   4   3   2   5   1  0.25 0.21
  287 I   -2 -1  1 -1  0  1  0 -3  0  2  1  1  1  0 -1 -1 -1  2  1 -1    3   4   7   3   2   6   5   2   2  13  11  10   3   4   3   5   4   3   5   4  0.13 0.12
  288 L   -1  0  0 -2  0  0 -1 -2  0  1  1  1  0  1 -1  0  0  4  0 -1    5   5   4   3   2   5   5   3   3   8  13   9   2   6   3   7   5   6   4   5  0.10 0.09
  289 H   -1  0  1  0  0  2  1 -3  2  0 -1  1  0  1 -1  0 -1  2  1 -2    4   5   6   6   2   8   9   2   4   5   7  10   2   5   3   6   4   2   6   3  0.11 0.11
  290 S   -1  0  1  0  1  1  0 -2  1  0  0  1  0  1  0  0 -1  2  1 -1    5   4   7   5   3   7   7   3   3   5  10   8   3   5   4   7   4   2   5   3  0.06 0.07
  291 K   -1  0  0  0  2  0  0 -1  2  0 -1  0  2  1  0 -1  0  4  1 -1    5   5   5   5   5   5   5   5   5   5   5   5   5   5   5   5   5   5   5   5  0.09 0.08
  292 D   -1  0  0  0  2  0  0 -1  2  0 -1  0  2  1  0 -1  0  4  1 -1    5   5   5   5   5   5   5   5   5   5   5   5   5   5   5   5   5   5   5   5  0.09 0.08
  293 T   -2 -1  2  0  0  2  2 -3  1  0  0  2  0 -1 -1 -1 -1 -6 -1 -1    4   4   9   5   2   7  15   2   3   5   8  11   2   3   3   5   4   0   2   5  0.17 0.16
  294 L   -1  0  1 -1  1  1  0 -2  0  2  1  1  0  0 -2 -1  0  1  1 -1    4   4   6   4   3   6   6   3   2  11  14   9   2   4   2   4   5   2   5   4  0.08 0.08
  295 I   -1  0  0  0  2  0  0 -1  2  0 -1  0  2  1  0 -1  0  4  1 -1    5   5   5   5   5   5   5   5   5   5   5   5   5   5   5   5   5   5   5   5  0.09 0.08
  296 K    0  0  0  0  2  0  0 -1  1  0 -1  0  1  0  0  0  0 -2  1  0    5   5   5   5   5   5   5   5   5   5   5   5   5   5   5   5   5   0   5   5 -0.00 0.06
  297 F   -2  0  1 -1  0  0 -1 -3  0  1  1  0  0  3 -2 -1 -1  1  2 -2    4   5   8   4   2   4   5   2   2   8  12   7   2  10   2   5   4   2   7   2  0.11 0.13
  298 L   -1  0  0  0  2  0  0 -1  2  0 -1  0  2  1  0 -1  0  4  1 -1    5   5   5   5   5   5   5   5   5   5   5   5   5   5   5   5   5   5   5   5  0.09 0.08
  299 N   -2 -1  4  0 -1  1  0 -2  0 -1  0  1  0 -1 -1  0 -1 -6  1 -2    4   4  18   5   2   7   7   4   2   4   8   9   2   3   3   8   4   0   4   3  0.22 0.20
  300 K   -2  0  1  1  1  1  0 -2  2  0 -1  2  1  0 -1 -1 -1  2  0 -1    4   5   7   8   3   7   6   4   5   6   5  12   3   4   3   5   4   2   4   3  0.11 0.11
  301 E   -1  0  0  0  2  0  0 -1  2  0 -1  0  2  1  0 -1  0  4  1 -1    5   5   5   5   5   5   5   5   5   5   5   5   5   5   5   5   5   5   5   5  0.09 0.08
  302 I    0  0  0  0  2  0  0 -1  1  0 -1  0  1  0  0  0  0 -2  1  0    5   5   5   5   5   5   5   5   5   5   5   5   5   5   5   5   5   0   5   5  0.03 0.05
  303 A   -1 -1  1  0  1  0  0 -2  1  0 -1  1  1  0  0  1 -1  2  1  0    4   4   7   6   3   5   5   3   3   5   7   9   3   5   5   9   4   2   5   6  0.06 0.07
  304 V   -1  0  0  0  2  0  0 -1  2  0 -1  0  2  1  0 -1  0  4  1 -1    5   5   5   5   5   5   5   5   5   5   5   5   5   5   5   5   5   5   5   5  0.09 0.08
  305 L    0  0  0  0  2  0  0 -1  1  0 -1  0  1  0  0  0  0 -2  1  0    5   5   5   5   5   5   5   5   5   5   5   5   5   5   5   5   5   0   5   5  0.03 0.05
  306 K    0  0  0  0  2  0  0 -1  1  0 -1  0  1  0  0  0  0 -2  1  0    5   5   5   5   5   5   5   5   5   5   5   5   5   5   5   5   5   0   5   5  0.03 0.05
  307 K    0  0  0  0 -2  1  0  0  1  0 -1  0  1  0  1  0  0 -2  1  0    6   6   5   6   0   5   6   6   5   6   6   6   5   5   6   6   6   0   5   6  0.03 0.06
  308 Q    0  0  0  0  2  0  0 -1  1  0 -1  0  1  0  0  0  0 -2  1  0    5   5   5   5   5   5   5   5   5   5   5   5   5   5   5   5   5   0   5   5  0.03 0.05
  309 T   -1  0  1  0  1  1  0 -1  1  0  0  1  1  0  0  0  0 -3  0 -1    4   4   8   4   3   6   4   5   3   6   8  10   5   4   4   6   6   0   4   4  0.03 0.06
  310 T    0  0  0  0  2  0  0 -1  1  0 -1  0  1  0  0  0  0 -2  1  0    5   5   5   5   5   5   5   5   5   5   5   5   5   5   5   5   5   0   5   5  0.03 0.05
  311 Q   -2 -1  3 -1  1  1  0  2  1  0 -1  0  0 -1 -1 -1  0  2  1 -2    4   3  12   3   3   7   5  13   3   6   6   7   3   3   3   4   5   3   4   3  0.13 0.12
  312 R    0  0  0  0  2  0  0  0 -1  0 -1  0  1  0  1  0  0 -2  1  0    6   6   5   6   5   5   6   6   0   6   6   6   5   5   6   6   6   0   5   6  0.03 0.06
  313 A    6 -1 -1 -1 -5 -4 -4 -1  0 -5 -3 -2  1 -6 -1 -1 -2 -6 -5 -1   62   3   3   3   0   0   0   4   2   0   3   3   3   0   3   4   3   0   0   4  1.03 0.63
  314 K   -1 -1 -7 -1  2 -1 -1 -2 -7  1 -2  4  1 -1 -1 -1 -1 -8  0  2    5   4   0   3   4   3   5   3   0   7   4  24   3   3   4   4   5   0   3  14  0.39 0.28
  315 A   -1  0  0  0  2  0  0 -1  2  0 -1  0  2  1  0 -1  0  4  1 -1    5   5   5   5   5   5   5   5   5   5   5   5   5   5   5   5   5   5   5   5  0.09 0.08
  316 R   -1  4  0 -2 -3  0  0 -3  1  1 -1  1 -2  0  0 -1 -1 -3  0 -1    4  31   3   0   0   4   6   1   3  12   4   7   0   4   4   4   4   0   4   4  0.27 0.20
  317 I    0 -2  1 -2 -2 -1 -2 -2 -1  1  1 -2  2  2 -2  0  1 -1  2  1   10   0   9   0   0   0   1   1   0  10  10   1   9   9   0  10  10   0   9  10  0.10 0.10
  318 Q   -3  2 -3 -3  2  2  0 -4  2 -1 -2  5 -3  0  0 -1 -1 -4  1 -3    0  11   0   0   4   8   5   0   6   4   5  36   0   4   4   4   4   0   5   0  0.49 0.36
  319 N   -1 -1  6  0  1  0  0 -1  1 -4 -2 -1  0 -1 -4  0  0  2  0 -4    4   4  38   4   3   4   5   4   3   0   3   3   3   3   0   6   4   3   4   0  0.52 0.36
  320 H   -2  0 -1  1  0  3  2  0  3  0 -2 -1  0 -1 -3  1  1 -3  0 -3    0   4   2   9   2  14  14   7   9   6   2   3   2   2   0  11   9   0   4   0  0.22 0.21
  321 L   -4 -4 -5 -6 -4 -4 -5 -6 -5  2  4  0  2  1  0 -1 -4 -4  2  0    0   0   0   0   0   0   0   0   0  10  50   6   6   6   6   6   0   0   6   6  0.73 0.37
  322 S    1  1  0 -1  2  0  1 -1  1 -3 -2  0 -3 -1  2  2  0 -4  0 -1   15   9   4   3   4   3  10   4   3   0   3   4   0   3   9  16   3   0   3   4  0.16 0.14
  323 Y   -5 -5 -5 -6 -1 -5 -5 -6  2 -5 -5 -5 -4  1 -6 -5 -5  1  9 -5    0   0   0   0   2   0   0   0   4   0   1   0   0   4   0   0   0   2  83   0  2.72 0.87
  324 K   -3  4 -2 -4 -5  1 -1 -4 -3 -3 -3  6 -2 -5 -4 -2 -3 -5 -4 -4    1  25   1   0   0   5   2   0   0   2   3  54   1   0   0   1   1   0   0   1  1.20 0.51
  325 L   -4 -5 -5 -6 -4 -1 -5 -6 -5  3  5 -5  0 -1 -3 -3 -2 -4 -4  0    0   0   0   0   0   4   0   0   0  18  66   0   1   2   1   2   1   0   0   3  1.12 0.48
  326 G   -4 -2 -4 -5  0 -5 -5  7 -5 -6 -7 -1 -6 -6 -6 -2 -2 -6 -6 -3    0   2   0   0   2   0   0  83   0   0   0   4   0   0   0   2   2   0   0   2  1.96 0.78
  327 Q    0  0  1 -2 -2  3  1 -3  0 -1 -1  2 -1  0 -2  0 -2 -3  3 -2    6   4   7   1   1  16   9   1   1   4   6  16   1   4   1   8   1   0  12   2  0.23 0.23
  328 A    3 -2 -3 -3  1 -1  2 -2 -3  1  0 -1  0 -3 -3 -1  2 -4 -1  1   29   2   0   0   3   2  14   1   0  10   7   4   2   0   0   3  13   0   2   9  0.28 0.26
  329 L   -2 -5 -6 -6  1 -5 -5 -6 -5  4  3 -2  6  1 -6 -5 -1 -4  1  1    3   0   0   0   3   0   0   0   0  21  26   3  24   6   0   0   3   0   5   6  0.87 0.47
  330 I   -1 -4 -1 -2  1 -1 -2 -5 -4  5  2 -4  2  0 -5 -4 -1 -4  0  2    4   0   3   3   4   3   3   0   0  38  16   0   4   3   0   0   3   0   3  13  0.60 0.39
  331 I    0  1  1  0  0  2  1 -1  1 -1 -1  1  0 -1 -2  1 -1 -3 -1 -1    5   6   7   5   2  10   9   5   3   4   6  12   3   3   0  10   3   0   2   4  0.09 0.11
  332 N    0  0  0  0  2  1  0  0  2  0 -1  0 -1  0 -2  0  0 -2  1  0    6   6   6   6   6   6   6   6   6   6   6   6   0   6   0   6   6   0   6   6  0.03 0.07
  333 S    0  0  1  0  2  0 -1 -1  1 -3 -1  1  0  0 -3  2  0 -3  1 -1    5   4   6   5   5   3   3   4   3   0   5   9   3   4   0  23   6   0   6   4  0.12 0.21
  334 K   -2  1  2 -1 -5  0 -1 -2  1 -2 -3  6 -4 -2 -4 -2  0 -5 -1 -3    2   7  11   2   0   3   3   3   3   2   2  47   0   2   0   2   5   0   2   2  0.72 0.47
  335 S   -2 -1  3 -1 -4 -1 -1 -1  2 -5 -5  2 -4 -1 -4  4  1 -5 -1 -4    2   2  16   3   0   2   2   4   4   0   0  12   0   2   0  35  10   0   3   0  0.59 0.45
  336 V   -2 -2 -2 -4 -1 -3 -3  0 -1  3  1  0  0  3  1 -1 -1  1  0  0    2   2   2   0   2   0   0   9   2  20  15   8   2  15   7   3   2   2   2   4  0.23 0.23
  337 L    0  0  0 -2 -3  1  0 -1  2  0 -1  0  1  1  0  0  0  3  1  0    6   6   5   0   0   5   6   6   5   6   6   6   5   5   6   6   6   5   5   6  0.07 0.11
  338 G   -1  0  0  0 -4  0 -1  3  0 -2 -1  2 -3 -1 -1  0 -1  2  0 -2    3   6   4   5   0   4   4  26   3   3   5  12   0   3   3   6   3   3   3   3  0.20 0.20
  339 F    0  0 -2 -3  2  0 -2  0  2  0  0  0  1  1  1  0  0  4  1  0    6   6   0   0   6   6   0   6   6   6   6   6   6   6   6   6   6   6   6   6  0.10 0.14
  340 L    0 -2  0  0  2 -2 -2  0 -2  0  0  0  1  1  1  0 -1  4  1  0    7   0   7   7   6   0   0   7   0   7   7   7   6   6   7   7   0   6   6   7  0.09 0.14
  341 S   -1  1  1 -1 -1  0 -1 -1  0  0 -1  2  1  0 -3  1  1  0  0 -1    4   8   7   2   1   2   1   3   2   7   7  19   4   4   0  13   9   1   4   3  0.10 0.15
  342 L   -1 -3 -2 -4  0 -1 -2 -4 -3  2  3 -3  5  0  0 -1 -1  1 -2  0    3   0   3   0   2   2   3   0   0  10  37   0  17   4   6   4   3   2   0   3  0.40 0.28
  343 P   -1 -4 -4 -4 -4 -3 -3 -4 -4  1  0 -1 -3  1  6 -1  0 -4  1  0    5   0   0   0   0   0   0   0   0   8  12   5   0   7  41   5   5   0   5   5  0.79 0.38
  344 F    0  0 -2 -2  2  1  0  0  2  0  0  0  1  1 -3 -2  0  4  1  0    6   6   0   0   6   6   6   6   6   6   6   6   6   6   0   0   6   6   6   6  0.10 0.15
  345 I   -1  0  1 -1  1  0 -1 -1  0  2  0  1  0  0 -3 -1 -1 -3  0  1    4   6   7   3   3   3   4   3   3  14   9  13   3   3   0   4   3   0   3  11  0.05 0.09
  346 I    0 -2 -2 -2 -2  1 -1 -2  2  1  0 -1  2  1  1  0  1 -2 -1  1    9   0   0   0   0   9   1   1   9   9   9   0   9   9   9   9   9   0   0   9  0.11 0.12
  347 L   -1 -1 -2 -5 -1 -2 -4 -4 -2  3  2 -2  0  2 -1  1 -2  1  3  0    5   4   2   0   2   1   1   1   1  18  18   3   2   8   3  13   1   2  10   5  0.31 0.28
  348 S    0  1 -1 -2  0  0 -2 -3  0 -2 -1  3  0  1 -5  1 -2  0  5 -2    7   6   3   2   2   4   1   1   2   2   5  22   3   5   0   9   2   1  19   2  0.43 0.35
  349 I   -3 -5 -3 -2  1 -2  1 -5 -2  6  0 -2  1 -1 -6 -3  1 -6 -3  2    2   0   1   3   3   2   9   1   1  42   7   2   3   2   0   1   9   0   1  10  0.76 0.48
  350 V    0 -1 -2 -5  1 -2 -4 -3 -2  3  0  3 -1  0 -5 -1  0 -4  3  1    7   3   1   0   4   2   0   2   1  15   9  22   1   4   0   3   5   0  12   9  0.37 0.32
  351 I   -2  1 -1  1 -1  0  0 -3 -1  2  0  3  0  0 -1 -2 -2  1  1 -1    3   6   2   8   2   5   7   1   1  12  11  20   2   4   2   2   2   2   4   3  0.17 0.20
  352 S    0  0  1 -1 -1  3  2 -2  0 -2 -1  3 -1 -1 -3  1  0  0 -2 -2    6   5   6   3   1  12  11   3   2   3   5  18   2   3   0  10   4   1   1   3  0.21 0.23
  353 H   -3 -1 -1 -2 -6 -2 -2 -6  9 -6 -2 -3 -5  3 -6 -3 -2  1  4 -3    2   3   3   2   0   2   3   0  45   0   4   2   0  10   0   2   2   2  13   2  1.55 0.82
  354 K   -2  2  0 -2 -6  2 -2 -3  1 -1 -2  5  0 -1 -5 -2 -2  1  0 -3    3  11   5   2   0   7   2   2   3   4   3  40   2   3   0   2   2   2   3   2  0.65 0.49
  355 Q   -2  2  0 -2  0  2 -1 -2  0  2 -1  3  0  1 -2 -2 -1 -4 -1 -1    3  10   3   2   2   9   4   2   2  12   5  23   3   6   2   3   3   0   2   3  0.25 0.26
  356 E   -1  0  1  1  0  1  4 -2  0 -1 -1  1 -1 -1 -4 -1 -2  1  0 -2    4   5   6   7   2   6  30   2   2   3   5   8   2   3   0   4   2   2   3   2  0.34 0.32
  357 Q   -2  1  0 -2 -5  5  0 -2  0  0 -1  3  0 -2 -4 -2 -1  0  0 -2    3   6   5   2   0  26   5   2   2   6   8  17   2   2   0   3   4   1   4   2  0.45 0.39
  358 K   -2  2  0 -1 -1  1  0 -2 -1  0 -2  5 -1 -2 -2 -1 -1  0  0 -3    4   9   5   3   1   6   6   4   2   5   4  32   2   2   2   5   4   1   3   2  0.38 0.32
  359 A    0 -1  1  0 -2  1  0 -2 -2  3  0  1  0  1 -2 -1  0 -4  0 -1    9   3   7   4   1   6   7   2   1  23   7   8   2   5   2   4   4   0   3   3  0.15 0.18
  360 Y   -2 -1  1 -3 -2 -2 -4 -4  1 -1 -2 -1 -2  2 -3 -2 -3  1  8 -3    3   4   6   1   1   2   1   2   3   4   5   4   1   7   1   3   2   2  48   2  1.24 0.67
  361 K   -1  2  1 -1  0  3  1 -1  0 -2 -3  3  0 -2 -4 -1 -1 -4  0 -4    4   9   7   3   2  15  10   4   2   2   3  21   2   2   0   5   3   0   3   0  0.36 0.32
  362 F   -1  0  1  0  1  2  2 -2  0  0 -1  2  0  0 -3 -1 -1  1  1 -1    4   5   6   5   3   8  14   2   2   5   6  14   3   5   0   4   3   2   4   4  0.12 0.16
  363 K   -1  1  1  0  0  0  0 -2  0  2  0  2  1 -1 -1 -1 -1 -3  0  0    4   6   6   5   2   3   5   2   3  14  10  16   4   3   3   3   4   0   3   4  0.08 0.12
  364 V    0  0  0  0  2  1  0 -3  2  0 -1  0  1  0  0  0  0 -2  1  0    6   6   5   6   5   5   6   0   5   6   6   6   5   5   6   6   6   0   5   6  0.05 0.09
  365 K   -1  0  1  0 -4  1  0 -2 -3  0  0  4  0 -1 -1  0 -1 -4 -1 -2    5   5   7   5   0   6   6   3   0   6   8  27   2   3   3   6   3   0   3   2  0.23 0.24
  366 K    0  0  0  0  0  0  0 -1  0  0  0  2  0 -1 -1  0  0  1  0  0   10   3   5   4   2   3   5   3   3   7   7  17   2   3   3   8   4   2   3   7  0.05 0.09
  367 N   -2  0  5  2  0  0 -1 -1  1 -1 -2  1  0  1 -2 -1 -2 -4  0 -3    3   4  28  11   2   4   4   5   3   4   3   8   2   6   2   4   2   0   4   1  0.38 0.28
  368 P   -1 -1 -1 -2  0  0  0 -2  0 -1 -1  0 -3 -1  5  0 -2 -4  1 -1    5   3   3   2   2   4   6   3   2   4   5   5   0   3  31   8   2   0   5   5  0.46 0.32
  369 N   -1 -1  3  0  0  1  0 -1  2 -1 -1  1  1 -1 -2  1 -1  0  0 -2    4   3  14   4   2   6   7   5   6   5   5  11   4   3   2  11   3   1   3   2  0.14 0.15
  370 L   -1 -1  0 -1  0  0 -1 -3  0  1  3 -1  0  1 -2 -1  0 -4  0 -1    4   3   5   3   2   4   4   2   2   6  35   4   2   5   3   4   5   0   3   3  0.23 0.20
  371 A    0  0  2 -1 -6  1 -1 -2  1 -1 -3  5 -5 -6  0 -1 -1 -6 -5 -2    8   5   9   3   0   5   4   3   3   3   3  37   0   0   5   4   4   0   0   3  0.59 0.42
  372 L    0  0  0 -2  2  1  0 -3  2  0  0  0  1  1  1  0  0 -2  1  0    6   6   6   0   6   6   6   0   6   6   6   6   6   6   6   6   6   0   6   6  0.07 0.11
  373 P   -1 -1  0 -1 -3  0 -1 -1 -3  0  1  0 -2  0  5 -1 -1 -4  0  0    3   4   4   3   0   4   4   4   0   5  13   6   0   4  28   5   4   0   3   6  0.34 0.26
  374 P   -1 -2  0  0  0 -1  0 -3 -1 -2 -3  1 -1 -3  6  1 -1 -5 -4 -4    5   2   4   5   2   2   5   1   1   2   3   8   2   1  38  13   3   0   0   0  0.74 0.45
  375 L   -4 -4 -5 -2 -4 -2 -2 -6 -5  3  5 -2  2  0 -2 -4 -1 -4 -4 -1    0   0   0   2   0   2   3   0   0  17  55   3   4   4   2   0   5   0   0   2  0.86 0.51
  376 E   -1  0  0  0  1  0  4 -2  2 -1 -3  0  0 -1 -1  0 -1 -4  2 -2    3   4   5   4   3   4  28   3   6   3   1   6   3   3   3   7   3   0   7   3  0.28 0.29
  377 T   -1  0  1  0  1  2  1 -1  1  0  0  0  1  0 -3  1  1 -3  0 -1    4   3   6   5   4  10   8   3   4   6   8   5   4   4   0  11   8   0   4   3  0.07 0.12
  378 Y   -5 -1 -5 -2  5 -4 -2 -6  1 -4 -2 -1 -4  2 -5 -2 -2 -3  8 -2    0   3   0   3  10   0   3   0   3   0   4   3   0   7   0   3   3   0  52   3  1.46 0.72
  379 P    0  0  2  0 -1  0  0 -1  1  0 -1  0 -2  0  2  0  0  0  0 -1   10   5  10   3   1   3   8   5   3   6   6   4   0   4  12   8   5   1   3   3  0.09 0.10
  380 D    0 -2  1  1  2 -1  0  0 -1  0  0  0 -1  1 -2  0 -1 -2  1  0    8   0   7   8   7   0   8   8   0   8   8   8   0   7   0   8   0   0   7   8  0.04 0.09
  381 Y   -1 -2 -1 -2  0 -1 -2 -5  2 -1 -2  1  0  1 -5 -2 -4 -2  7 -2    6   2   3   3   2   2   3   0   4   4   2   8   2   5   0   3   0   0  48   2  0.99 0.57
  382 N    0  0  1  1 -3  2  2 -2  1 -1 -2  2  1 -1 -1  0 -1 -3  1 -2    7   4   9   6   0   8  14   2   3   5   3  15   4   2   3   4   2   0   6   3  0.16 0.17
  383 E   -2 -1  1  2 -4  2  4 -4  0 -2 -2  1  0 -1 -3 -1 -1 -4 -1 -2    3   3   5   9   0   9  36   0   2   3   3   8   2   3   0   4   4   0   2   3  0.46 0.35
  384 A    5 -3 -1 -4  1 -3 -3  0 -4  0 -1 -1  0 -1 -3  1 -1 -4  0 -1   47   0   4   0   3   0   0   5   0   7   4   4   3   3   0   9   3   0   3   4  0.50 0.40
  385 L   -2 -2 -1 -1  1  1  1 -4 -1  1  3  0  1 -1 -4 -2 -2  0  0  0    2   2   2   4   3   5  12   0   2   7  35   6   4   2   0   2   2   2   3   4  0.27 0.26
  386 K    0  0  0  0  2  1  0 -3  2  0 -1  0 -1  1 -3  0  0  3  1  0    6   6   6   6   6   6   6   0   6   6   6   6   0   6   0   6   6   6   6   6  0.09 0.13
  387 E   -1 -3 -2 -1  2 -2  1 -4 -1  3  0 -2  2  1 -4 -3 -1 -3  3  1    5   0   2   3   4   0  12   0   2  24   7   2   5   4   0   0   4   0  14  11  0.30 0.27
  388 K   -3  1  0 -3 -4  2  0 -2  1 -4 -2  6  1 -4 -3 -1 -1 -4  0 -2    1   5   3   0   0   9   4   3   3   0   3  51   4   0   0   3   3   0   3   3  0.73 0.47
  389 E   -1  0  4  1  0  2  1 -1  3 -3 -2  2 -1 -1 -3  0  0 -4 -1 -3    2   4  21   6   2   9  10   4   7   0   2  13   2   3   0   5   6   0   2   0  0.29 0.24
  390 C   -2  0  1  0  2  1  0  0  2  0 -1  0 -2  1 -3  0  0  4  1 -2    0   6   6   6   6   6   6   6   6   6   6   6   0   6   0   6   6   6   6   0  0.11 0.15
  391 F   -1 -1 -3 -1 -3  0 -1 -3  0  1  2  0  2  2 -1 -1 -1 -2  1  0    4   3   0   3   0   3   4   0   3   6  28   7   6  12   4   3   4   0   4   4  0.16 0.19
  392 T   -1  0 -1 -2  0 -1  0 -1 -2  0 -1 -2 -2  1  1  2  2 -3  2 -1    4   5   3   0   2   2   7   5   0   6   5   0   0   8   6  19  14   0  10   4  0.15 0.23
  393 Y   -5 -6 -6 -7  2 -5 -6 -7 -2  1 -4 -6 -4  2 -7 -2 -5 -2  9 -1    0   0   0   0   5   0   0   0   0   7   0   0   0   7   0   3   0   0  73   4  2.21 0.83
  394 K   -3  3  1 -3 -1  3  1 -4  0 -2 -2  5  2 -2 -4 -2 -3 -5 -1 -4    0  14   7   0   2  17   7   0   2   2   4  37   5   2   0   2   0   0   2   0  0.67 0.40
  395 L   -4 -5 -6 -6 -4 -5 -5 -6 -5  3  5 -5  1  2 -5 -5 -1 -4  0  1    0   0   0   0   0   0   0   0   0  15  60   0   2   7   0   0   4   0   3   7  1.01 0.42
  396 G   -3 -6 -4  1 -6 -5 -5  7 -5 -7 -7 -5 -6 -7 -6 -4 -5 -6 -7 -7    0   0   0   7   0   0   0  93   0   0   0   0   0   0   0   0   0   0   0   0  2.26 0.63
  397 E   -1 -1  2  0 -2  3  4 -3  0 -3 -1  2 -3 -2 -3  0 -2 -4 -2 -2    4   1   9   3   1  17  27   1   1   1   5  16   0   1   0   5   1   0   1   3  0.44 0.27
  398 E    4 -1 -2 -3  0 -1 -1  0 -3  0  0  1  0 -2 -3  0 -1 -4 -2  1   38   4   1   0   2   1   5   7   0   5   8   8   3   1   0   4   2   0   1  10  0.26 0.21
  399 F   -3 -3 -6 -6 -4 -5 -6 -6 -5  3  4 -5  2  5 -6 -5 -3  0  0  0    1   1   0   0   0   0   0   0   0  15  45   0   4  26   0   0   1   1   2   3  1.00 0.40
  400 I   -3 -5 -5 -6 -1 -5 -4 -6 -5  6  3 -4  3 -2 -3 -4 -2 -5 -2  2    1   0   0   0   1   0   1   0   0  48  29   1   6   0   1   1   1   0   1   9  0.99 0.40
  401 K   -2  1  2 -1 -2  3  1 -3  0 -3 -3  5 -4 -5 -4 -1 -1 -5 -1 -3    3   6  10   3   1  14  10   1   2   2   2  41   0   0   0   2   2   0   2   1  0.67 0.36
  402 A    4  0  3 -2  2 -3 -2 -1  2 -3 -3 -2 -2 -3 -4  1 -1 -2 -1 -2   45   5  13   1   5   0   1   3   5   1   1   1   1   1   0  11   3   0   2   1  0.54 0.34
  403 G   -1 -2  2  1  3 -1 -2 -2  5 -1 -2 -1  0  1  1  0  1 -3  2 -2    3   1   9   8   6   2   1   3  16   4   3   3   2   6   7   5   9   0   9   1  0.25 0.20
  404 K   -3  2  1 -2 -2  1 -1 -2 -3 -5 -3  6 -1 -3 -4  0 -2 -5 -2 -4    1  11   7   1   1   4   2   2   0   0   2  56   1   1   0   6   1   0   1   1  0.97 0.45
  405 N   -1 -1  4 -1 -3  1 -1  0 -1  0 -3  1 -2 -2 -3  2  2 -1 -1 -2    4   3  23   2   0   5   2   6   1   5   1   8   1   2   0  16  15   1   2   2  0.32 0.24
  406 W   -4  0 -3 -5 -3 -3 -3  1 -4 -3 -2  0 -2  0  3 -3 -3 10  0 -4    1   4   1   0   1   1   2  10   0   2   3   6   1   4  14   2   1  43   2   1  1.59 0.59
  407 Y   -3 -2 -3 -4 -1 -3 -3  0  2 -1  0 -3 -2  3 -2 -1 -1  4  7 -3    2   2   1   1   1   0   1   9   5   3  10   2   1  11   2   4   3   4  37   1  0.79 0.37
  408 G   -2  0 -2 -2 -2 -2 -2  2 -3 -2 -2  6 -2  0 -1 -2 -2 -1 -3 -4    2   5   1   1   1   1   2  18   0   3   4  49   1   4   2   1   2   1   0   1  0.75 0.39
  409 E   -2 -4 -2 -2  2 -3 -3  5 -4  0  0 -1 -2  0 -4 -2 -2  4 -2 -2    2   1   1   2   4   1   1  51   0   5   9   4   1   5   1   2   2   5   2   2  0.74 0.35
  410 G    0 -1  0 -2 -2 -3 -2  6 -4 -2 -3  0 -4 -1 -1 -1 -3 -4 -2 -3    5   3   5   1   1   1   2  55   0   3   3   7   0   4   3   3   1   0   1   2  0.78 0.38
  411 Y   -3 -2 -3 -5 -2 -4 -4 -3 -2  1  1 -2 -1  3 -3 -3 -2  4  7 -1    2   2   1   0   1   0   1   3   0   9  15   2   1  12   1   1   3   6  36   3  0.83 0.41
  412 I   -3 -4 -4 -6 -3 -5 -5 -6 -5  5  3 -4  1  5 -5 -4 -3 -4 -1  1    1   1   1   0   0   0   0   0   0  32  28   1   3  23   0   1   1   0   2   6  0.95 0.45
  413 K   -2  1 -1 -3 -4 -2 -2 -3 -1  0 -2  5 -2  0  2 -1  1  2 -1 -2    3   7   2   0   0   1   1   1   2   6   4  37   1   4  11   5   9   3   2   1  0.48 0.34
  414 F   -4 -5 -5 -6 -1 -5 -5 -6 -4  0  3 -5  2  7 -6 -4 -3  1  1 -2    1   0   1   0   1   0   0   0   0   4  33   0   5  45   0   1   1   1   4   1  1.26 0.54
  415 I   -2 -3 -5 -5 -3 -3 -4 -4 -4  2  2 -3 -1  2  3 -3 -3  6  2  0    4   1   0   0   0   1   0   1   0  15  24   1   1   7  17   1   0  12   8   6  0.65 0.35
  416 F   -3 -5 -3 -5 -2 -5 -5 -4 -1  1  0 -2 -1  7 -2 -3 -3  2  3 -2    1   0   1   0   1   0   0   1   1   6   9   3   1  56   2   1   1   2   9   1  1.30 0.55
  417 K    0  1  0 -2  0  0  0 -2 -1 -1 -2  4 -1  1 -2  0 -2  0 -1 -1    9   7   4   2   2   3   4   2   1   3   4  36   1   7   2   5   1   1   2   4  0.31 0.22
  418 D   -1 -1  1  3 -3  0  3 -3  0  1  0  1 -1 -2 -2 -1 -1 -3 -1 -2    3   1   8  16   0   4  24   1   2  10   9   8   1   1   1   4   3   0   2   2  0.27 0.20
  419 V    0 -4 -5 -5  0 -3 -4 -4 -4  5  1 -3  1 -1 -4 -1 -1  0  0  3    7   1   0   0   2   1   0   0   0  35  13   1   3   2   1   5   2   1   3  23  0.61 0.34
  420 P   -2  4  0 -3 -2  0 -1 -3  0 -2 -2  4 -1 -1  2 -1 -2 -2  2 -3    2  21   4   1   1   3   2   1   2   3   3  28   1   3   9   3   2   0   9   1  0.48 0.33
  421 R   -2  4  1 -1 -4  2  1 -2 -2 -1 -1  5 -3 -1 -4 -2 -2 -5 -4 -3    2  20   6   2   0   7   7   2   0   4   6  34   0   3   0   2   1   0   0   1  0.59 0.38
  422 L    0 -3 -4 -4 -3 -2 -2 -4 -4  4  2 -1  0  3 -4 -3  0 -4  0  1    8   1   0   0   0   2   3   0   0  29  24   3   1  12   0   1   5   0   2   7  0.47 0.31
  423 K   -2  2  0 -4 -1 -1 -3 -5 -2  0 -3  6 -4 -2 -5 -3 -2 -2  4  0    3   8   4   0   1   2   1   0   1   5   2  51   0   1   0   1   1   1  13   6  0.91 0.52
  424 R   -3  4  1 -3 -5  0 -1 -4  0 -4 -4  6 -3 -5 -5 -2 -4 -6 -3 -4    1  23   6   1   0   3   2   0   2   1   2  53   0   0   0   2   0   0   1   1  1.20 0.60
  425 E   -3 -1  0  2 -6  2  5 -4  1 -2 -3  2 -3 -1 -4 -2 -3 -3 -3 -3    1   2   4  10   0   9  44   1   3   3   3  13   0   3   0   1   1   0   1   1  0.77 0.45
  426 F   -4  0 -4 -3 -1 -2 -4 -5  3 -1 -2 -1 -2  7 -6 -4 -3  4  5 -3    1   5   0   1   1   2   0   0   6   4   2   3   1  41   0   1   1   5  22   1  1.16 0.54
  427 E   -4  4 -1 -3 -5  1  1 -2 -3 -4 -3  6 -2 -5 -5 -2 -4 -6 -1 -4    0  22   3   1   0   4   7   4   0   1   2  50   1   0   0   1   0   0   2   1  1.05 0.55
  428 K   -4  3  2 -2 -6  2  1 -4 -4 -6 -6  6 -5 -6 -5 -3 -4 -6 -4 -6    0  12  10   1   0   8  10   1   0   0   0  58   0   0   0   1   0   0   1   0  1.32 0.61
  429 G   -1  1  3  0 -3  0  1  2 -2 -4 -4  4 -4 -4 -3  0  1 -5 -4 -4    3   5  18   3   1   2   9  16   0   0   1  31   0   0   0   5   7   0   0   0  0.52 0.31
  430 E   -3  4 -2 -1 -6  1  1 -4  0 -5 -5  6 -4 -5 -4 -3 -3 -5 -4 -5    0  20   0   2   0   6  10   0   2   0   0  60   0   0   0   0   0   0   0   0  1.20 0.48

                      K         Lambda
Standard Ungapped    0.1400     0.3219
Standard Gapped      0.0410     0.2670
PSI Ungapped         0.1007     0.3178
PSI Gapped           0.0308     0.2670
