
Last position-specific scoring matrix computed, weighted observed percentages rounded down, information per position, and relative weight of gapless real matches to pseudocounts
           A  R  N  D  C  Q  E  G  H  I  L  K  M  F  P  S  T  W  Y  V   A   R   N   D   C   Q   E   G   H   I   L   K   M   F   P   S   T   W   Y   V
    1 M   -1 -1 -2 -3 -1  0 -2 -3 -2  1  2 -1  5  0 -2 -1 -1 -1 -1  1    0   0   0   0   0   0   0   0   0   0   0   0   0   0   0   0   0   0   0   0  0.00    0.00
    2 G    0 -2  0 -1 -2 -2 -2  5 -2 -4 -4 -2 -3 -3 -2  0 -2 -2 -3 -3    0   0   0   0   0   0   0   0   0   0   0   0   0   0   0   0   0   0   0   0  0.00    0.00
    3 L   -1 -2 -3 -4 -1 -2 -3 -4 -3  2  4 -2  2  0 -3 -2 -1 -2 -1  1    0   0   0   0   0   0   0   0   0   0   0   0   0   0   0   0   0   0   0   0  0.00    0.00
    4 H   -2  0  1 -1 -3  0  0 -2  7 -3 -3 -1 -2 -1 -2 -1 -2 -2  2 -3    0   0   0   0   0   0   0   0   0   0   0   0   0   0   0   0   0   0   0   0  0.00    0.00
    5 E   -1  1  0  1 -3  4  4 -2  0 -3 -3  1 -1 -3 -1  0 -1 -3 -2 -3    0   0   0   0   0  50  50   0   0   0   0   0   0   0   0   0   0   0   0   0  0.60 0.00
    6 I   -1 -2 -3 -4 -1 -2 -3 -4 -3  3  3 -2  4  0 -3 -2 -1 -2 -1  2    0   0   0   0   0   0   0   0   0  34  33   0  33   0   0   0   0   0   0   0  0.32 0.01
    7 M   -2 -3 -3 -4 -2 -2 -3 -4 -3  3  1 -3  8 -1 -4 -2  0 -3 -2  0    0   0   0   0   0   0   0   0   0  19   0   0  74   0   0   0   7   0   0   0  0.87 0.21
    8 T    1 -1  3  0 -3  0  3 -2 -1 -3 -3  1 -2 -4  3  1  0 -4 -3 -2   13   0  23   0   0   0  28   0   0   0   0   6   0   0  18   6   7   0   0   0  0.44 0.09
    9 D   -1 -1  2  4 -4  0  3 -2 -1 -3 -3  1  0 -4 -2  1 -1 -4 -3 -3    0   0  11  35   0   0  26   0   0   0   0   8   6   0   0  14   0   0   0   0  0.54 0.13
   10 K   -2  0  1  2 -3  0  2 -3 -2  1 -1  3 -1 -3 -2 -1 -1 -4 -2  1    0   0   6  17   0   0  15   0   0  11   5  31   0   0   0   0   0   0   0  15  0.24 0.10
   11 I   -2 -4 -4 -4 -2 -3 -4 -5 -4  5  3 -3  2  1 -4 -3 -2 -3 -1  2    0   0   0   0   0   0   0   0   0  49  32   0   6   7   0   0   0   0   0   7  0.59 0.16
   12 G   -1  2  2  2 -3  0  2 -1 -1 -2 -2  2 -2 -3  2  0  0 -4 -3 -2    0  11  17  10   0   0  14   5   0   4   4  15   0   0   9   6   4   0   0   0  0.25 0.08
   13 L   -1  2 -1 -1 -3  1  3 -2  1 -2  0  2  1  0 -2  1 -1 -3 -2 -2    0  10   0   0   0   5  25   0   4   0  10  19   6   4   0  16   0   0   0   0  0.25 0.11
   14 I   -2 -4 -4 -4 -2 -4 -4 -5 -4  5  1 -4  0 -1 -4 -3  0 -4 -2  4    0   0   0   0   0   0   0   0   0  57  10   0   0   0   0   0   4   0   0  29  0.72 0.21
   15 G    0 -1 -3 -4 -2 -3 -3  0 -2  2  2 -2  0  3 -3 -2 -2 -1  1  1    8   5   0   0   0   0   0   8   0  20  22   0   0  20   0   0   0   0   5  11  0.23 0.10
   16 E   -1  1  2  0 -3  0  3  2 -1 -4 -3  2  0 -4 -2  1 -1 -4 -3 -3    0   9  11   0   0   0  31  17   0   0   0  14   4   0   0  14   0   0   0   0  0.38 0.14
   17 R   -1  2  0  0  1  0  4 -3  1 -3 -2  1 -2 -3  1 -1  0 -4 -2 -3    5  16   4   3   4   0  41   0   5   0   6   4   0   0   8   0   4   0   0   0  0.38 0.14
   18 I   -2 -4 -5 -5  2 -3 -4 -5 -4  2  5 -4  1 -1 -4 -3 -2 -3 -2  1    0   0   0   0   5   0   0   0   0  12  78   0   0   0   0   0   0   0   0   6  0.78 0.22
   19 N   -1  1  2 -1 -3 -1 -1  0  2 -3 -2  1 -2 -3 -2  4  1 -4 -2 -3    0   8  10   0   0   0   0   4   5   0   4  11   0   0   0  54   5   0   0   0  0.44 0.18
   20 S    0  0  2  2 -3  0  3 -1 -1 -1 -3  2 -2 -4 -2  1 -1 -4 -3 -2    9   4  10  15   0   0  30   4   0   5   0  15   0   0   0   9   0   0   0   0  0.34 0.12
   21 L   -2  1 -3 -4  1 -2 -3 -4 -1  1  2 -2  3  3 -4 -3 -2  4  4  0    0   9   0   0   3   0   0   0   0   5  23   0  15  14   0   0   0   5  20   4  0.41 0.14
   22 L    0 -3 -4 -4  1 -3 -4 -4 -4  3  3 -3  2 -1 -3 -3 -2 -3 -2  2    8   0   0   0   3   0   0   0   0  30  44   0   5   0   0   0   0   0   0  10  0.49 0.16
   23 K    1  2  2  0 -2  1  1 -2  1 -1 -2  1  0 -3 -2  1  1 -3 -2 -2   16  13  12   5   0   3  11   0   5   4   0   9   4   0   0   8   8   0   0   0  0.17 0.07
   24 E    0  1  1  1 -4  0  4  3 -2 -4 -4  1 -3 -4  0 -1 -2 -4 -3 -3    8   9   5   5   0   0  36  25   0   0   0   7   0   0   4   0   0   0   0   0  0.45 0.15
   25 R   -2  5  1 -2  0 -1  0 -3 -1 -3 -2  1 -2 -1 -3 -2  0 -2  4 -3    0  43  10   0   3   0   5   0   0   0   4   8   0   0   0   0   5   0  23   0  0.56 0.21
   26 G   -1  3  0 -1 -4  0  3 -1 -1 -3 -3  4 -2 -4 -2  1 -1 -4 -3 -1    0  17   4   0   0   0  25   4   0   0   0  36   0   0   0  10   0   0   0   5  0.49 0.18
   27 I    1 -4 -4 -4 -2 -3 -4 -4 -4  4  1 -3  0 -2 -3 -2 -1 -4 -2  4   14   0   0   0   0   0   0   0   0  39   9   0   0   0   0   0   0   0   0  37  0.57 0.20
   28 I   -2 -4 -4 -4 -2 -3 -4 -5 -4  5  1 -3  0 -1 -4 -3  1 -4 -2  4    0   0   0   0   0   0   0   0   0  47  11   0   0   0   0   0   8   0   0  34  0.67 0.21
   29 A    2 -2 -1 -2 -2 -2 -2 -2 -3 -3 -3 -2 -2 -4 -2  5  4 -4 -3 -2   19   0   0   0   0   0   0   0   0   0   0   0   0   0   0  54  27   0   0   0  0.72 0.26
   30 R   -1  4 -1 -1 -5  1  5  0 -1 -4 -4  1 -3 -4 -3 -1 -2 -4 -3 -4    3  32   0   0   0   5  48   7   0   0   0   5   0   0   0   0   0   0   0   0  0.75 0.24
   31 C   -2 -2 -2  1  5 -1  3  0 -2 -3 -1  0 -2 -2  0 -2 -2  3  2 -1    0   0   0   7  16   0  33  10   0   0   5   5   0   0   5   0   0   4  11   4  0.35 0.17
   32 E   -3 -2 -2  0 -6  0  7 -4 -2 -5 -5 -1 -4 -5 -3 -2 -3 -5 -4 -4    0   0   0   0   0   0 100   0   0   0   0   0   0   0   0   0   0   0   0   0  1.68 0.42
   33 L   -3 -4 -5 -5 -2 -4 -4 -5 -4  4  5 -4  1 -1 -4 -4 -2 -3 -2  1    0   0   0   0   0   0   0   0   0  27  69   0   0   0   0   0   0   0   0   5  0.83 0.24
   34 L   -1  5 -2 -2 -4  0  2 -4 -2 -2  2  1  3 -2 -3 -2 -2 -3 -3 -2    3  40   0   0   0   0  18   0   0   0  24   4  11   0   0   0   0   0   0   0  0.49 0.20
   35 H    0  3 -2 -2  1  0  0 -1  2 -1  0  0  2 -2 -3 -1  0  2 -2 -1    9  30   0   0   5   4   4   4   8   4  12   0   7   0   0   0   9   3   0   0  0.20 0.12
   36 R   -1  4 -2 -2 -4  0 -1 -3 -2 -2 -3  5 -2 -4 -3 -1  0 -4 -3  1    4  31   0   0   0   0   0   0   0   0   0  48   0   0   0   0   4   0   0  13  0.68 0.24
   37 I    1 -4 -4 -4  2 -3 -4 -3 -4  5  0 -3  0 -2 -3 -2  1 -4 -3  1   17   0   0   0   6   0   0   0   0  58   5   0   0   0   0   0  11   0   0   4  0.54 0.22
   38 Y   -1  3 -2  0 -3 -1 -1  0 -1  0 -1  2 -2  1  0 -1 -2 -1  4 -2    3  22   0   7   0   0   0   7   0   9   4  16   0   5   4   4   0   0  19   0  0.21 0.12
   39 Q   -2  4 -1  3 -4  2  3 -3 -1 -4 -4  1 -3 -4 -2  1 -2 -4 -3 -4    0  31   0  23   0   7  20   0   0   0   0   5   0   0   0  13   0   0   0   0  0.60 0.19
   40 A    3 -2 -3 -2  4 -1  2 -2 -3  1  1 -2 -1 -2 -2  0 -1 -3 -3  0   34   0   0   0  14   0  18   0   0  12  14   0   0   0   0   3   0   0   0   6  0.29 0.15
   41 V   -1 -3 -4 -4 -2 -3 -3 -4  0  3  2 -3  2 -1 -3 -3 -1 -3 -2  4    5   0   0   0   0   0   0   0   3  24  22   0   4   0   0   0   0   0   0  41  0.51 0.18
   42 R   -1  3 -1  1 -3  1  1 -2  1  0  1  1  0 -2 -2 -1 -1 -2 -2 -1    1  24   1   9   0   5  11   1   5   5  24   5   0   1   1   4   1   0   0   1  0.18 0.09
   43 E   -1  3 -1  0 -3  2  2 -2 -1 -2  0  2 -1 -2 -2  0 -1 -3 -2 -1    4  20   1   6   0   8  14   1   0   1  13  19   0   1   1   5   1   0   0   5  0.21 0.08
   44 A    2 -1 -1 -2 -1  1  0  0 -1  1  0 -1  0 -1 -2  1 -1 -2  0  1   26   1   1   1   0   9   4   5   0  13  11   1   0   1   1  10   1   0   5   9  0.09 0.07
   45 D   -1 -1  3  2 -2 -1  0  0  3  0 -1  0 -1 -2  0  1 -1 -3 -1 -1    1   1  20  11   0   1   4   5  14   9   9   5   0   0   5  13   1   0   0   1  0.18 0.09
   46 L   -2 -3 -3 -3 -2 -3 -3  0 -3  1  4 -3  2  3 -3 -1 -2 -2 -1  0    1   0   0   0   0   0   1   9   0   8  50   0   5  18   0   4   0   0   0   1  0.38 0.15
   47 S    0 -2  1  2  2 -1 -1  2 -2  0 -2 -1 -2 -3 -2  3  1 -3 -3 -2    5   0   4  13   6   0   1  20   0   9   1   0   0   0   0  31   7   0   0   1  0.27 0.12
   48 D    1 -1 -1  2 -3  0  4 -2 -2 -3 -3  1  0 -3  3 -1 -1 -3 -3 -2   15   0   0  15   0   0  38   1   0   0   1  10   3   0  14   1   1   0   0   1  0.48 0.15
   49 A    2  1  1  3 -2  1  2  0  2 -3 -3  0 -2 -3 -2  1 -1 -3 -2 -2   23   8   4  19   0   4  12   4   6   0   1   5   0   0   0  10   1   0   0   1  0.25 0.09
   50 E   -1 -1  1  2 -3  0  5 -2  1 -1 -1  0 -2 -3 -2  0 -1 -3 -2 -2    5   1   5   9   0   1  51   1   5   5   6   4   0   1   1   4   1   0   0   1  0.45 0.15
   51 M   -1  3 -2 -2 -3  1  0  0 -2  0  0  2  1  0 -2 -1 -1 -3 -2  1    0  21   0   0   0   9   4   8   0   6   9  19   4   5   0   0   0   0   0  14  0.15 0.09
   52 D   -1  1  0  2 -3  1  3  0 -1  0 -2  2 -2 -3 -2 -1 -1 -3 -3 -1    0   4   4  13   0   5  26   9   0   8   0  22   0   0   0   0   0   0   0   6  0.29 0.12
   53 I    0 -1  2  0 -3  0  4 -2  2  0 -1 -1  0  0 -2  0 -1 -3 -2 -2    9   0  13   0   0   0  46   0   5   8   4   0   4   5   0   4   0   0   0   0  0.36 0.17
   54 L   -2 -3 -1  1  1 -2 -1 -3 -3  1  3 -3  1  2 -3 -2 -2 -2 -1  0    0   0   4   9   5   0   6   0   0   4  48   0   3  14   0   0   0   0   0   5  0.29 0.13
   55 R    1  0  0  1 -3  2  4 -2 -1 -1 -3  1 -2 -3  1 -1 -1 -3  0 -2   18   4   5   9   0   8  34   0   0   4   1   7   0   0   5   0   0   0   4   0  0.32 0.12
   56 R   -1  1  1  2 -3  1  3 -2 -1 -3 -3  2 -2  0 -2  0 -1 -3 -2 -1    4   7   9  11   0   4  28   0   0   0   1  19   0   5   0   5   0   0   0   5  0.31 0.11
   57 M   -1  0  2  1 -2  1  0 -2 -1  0  1  0  2 -2 -2  0  1 -3 -2  0    0   3  14   9   0   8   5   0   0   0  24   4   9   0   0   3  11   0   0   9  0.12 0.08
   58 V   -2 -1 -3 -4 -2 -3 -3 -4 -2  3  2 -3  0  3 -3 -3 -2 -1  2  2    0   5   0   0   0   0   0   0   0  28  18   0   0  16   0   0   0   0   9  20  0.36 0.13
   59 G   -1 -2  0  1 -3 -1  3  4 -2 -4 -4 -1 -3 -4 -2  0 -2 -3 -3 -3    1   1   4   5   0   0  33  45   0   1   1   1   0   0   1   6   1   0   0   1  0.64 0.18
   60 D   -1  0  1  2 -3  0  2  1 -1 -2 -2  1 -2 -2  0  1 -1 -2  0 -1    1   5   6  15   0   1  16  15   0   1   1  13   0   1   5   9   1   0   5   6  0.19 0.07
   61 R   -1  2  0  2 -2  0  2 -1 -1 -2 -2  1 -1  0  1  0  0 -2 -1 -1    2  17   1  18   1   1  15   5   1   1   2   5   1   6   6   5   6   0   1   6  0.16 0.06
   62 P    0 -2  0 -2 -2 -2 -2 -2 -2  2  1 -2  0 -1  4 -1  0 -2  1  1    6   1   5   1   0   1   1   2   0  15  20   1   0   1  23   2   6   0   6   8  0.25 0.07
   63 A    1 -1 -1  1  2  0  1  0 -1  0  0  0 -1 -2 -1  0  0 -2 -2 -1   21   1   1  11   5   1  13   6   0   6  14   9   0   1   1   2   6   0   1   1  0.08 0.05
   64 P    0  0  1  0 -2  1  2 -1  1 -2  0  0 -1 -2  3  1 -1 -2 -2 -2    6   5  10   4   0   5  18   2   4   1  12   1   0   1  17  10   1   0   1   1  0.22 0.06
   65 G    0 -1 -1 -2 -2 -1  0  2 -1 -1  0  0  0  1 -2  0  0 -2  1 -1    8   1   1   1   0   1   5  24   0   1  12   8   4  10   1  10   6   0   5   4  0.11 0.06
   66 I   -1 -3 -3 -4 -2 -3 -3 -4 -3  5  2 -3  0  1 -3 -3 -2 -3 -2  2    5   0   0   1   0   0   1   1   0  59  15   1   0   5   1   1   1   0   0   9  0.55 0.18
   67 F   -3 -4 -4 -4 -3 -4 -4 -4 -3  0  0 -4  2  7 -4 -3 -2 -1  1  3    0   0   0   0   0   0   0   0   0   0   5   0   5  60   0   0   0   0   0  26  0.92 0.26
   68 S    0  0  0  0  1  1  1 -2  1 -1  0  2 -1  0 -2  0 -1 -2 -1  0    9   3   3   4   4   9  12   0   4   0   9  17   0   7   0   4   0   0   0  12  0.08 0.06
   69 S    0  0  2 -1 -2 -1  2  1 -1 -3 -3 -1 -2 -3 -2  4  0 -3  0 -3    5   6   9   0   0   0  13  12   0   0   0   0   0   0   0  47   0   0   5   0  0.40 0.17
   70 M    0 -3 -3 -3 -2 -2 -3 -3 -3  4  1 -2  1  0 -3  1 -1 -3  0  3    6   0   0   0   0   0   0   0   0  33   5   0   4   4   0  17   0   0   4  24  0.28 0.13
   71 M   -2 -2 -2 -3 -2 -2 -2 -3 -3  2  2 -1  4  2 -3 -1  3 -2 -1  1    0   0   0   0   0   0   0   0   0  17  18   5  16   9   0   0  28   0   0   4  0.30 0.15
   72 S   -1 -2  1  0  1 -1  1  2 -2 -2  0  0 -1 -3 -2  2  1 -3 -2 -2    0   0   5   5   4   0   9  16   0   0  14   5   0   0   0  28  12   0   0   0  0.19 0.11
   73 G    0  1  1  2  3  0  1  2  0 -3 -3  1 -3 -4  0  1 -1 -4 -3 -3    3   9   4  16   8   0  11  16   3   0   0  11   0   0   5  14   0   0   0   0  0.27 0.10
   74 H    0 -1  0  0  2  0  4 -2  1  1 -2 -1 -1 -2 -2 -1  1 -3 -2  0    6   1   4   4   5   1  39   1   4  13   1   1   0   0   1   1  14   0   0   5  0.26 0.13
   75 P   -2 -1 -3 -3 -4 -2 -2 -4 -3 -4 -4  2 -4 -5  8  0 -1 -5 -4 -4    0   3   0   0   0   0   0   0   0   0   0  15   0   0  72   5   4   0   0   0  1.72 0.34
   76 V   -1 -3 -3 -1 -2 -3 -3 -4  1  4  2 -3  0 -1 -3 -3 -2 -3  2  3    3   0   0   4   0   0   0   0   5  36  22   0   0   0   0   0   0   0   8  21  0.39 0.16
   77 F   -1 -3 -1 -2 -3 -2 -2 -2 -2 -3 -3 -2 -2  3 -3  5  2 -3 -1 -3    0   0   0   0   0   0   0   0   0   0   0   0   0  19   0  66  15   0   0   0  0.77 0.30
   78 P   -2 -3 -4 -4 -2 -3 -3 -4 -4  4  2 -3  0  1 -1 -3 -2 -3 -1  3    0   0   0   0   0   0   0   0   0  42  19   0   0   8   4   0   0   0   0  24  0.50 0.16
   79 D   -1 -1  2  1 -3 -1 -1  0  3 -2 -1  1 -2  4 -3  1  0 -2  0 -2    0   0  12   7   0   0   0   5   9   0   4  13   0  27   0  18   5   0   0   0  0.25 0.14
   80 T    2 -2 -1 -2  3 -2 -2 -2 -3 -2  1 -2 -1 -3 -2  4  1 -4 -3 -2   18   0   0   0   8   0   0   0   0   0  16   0   0   0   0  49   9   0   0   0  0.45 0.21
   81 P   -3 -4 -4 -3 -4 -3 -3 -4  1 -1  1 -3 -2  0  7 -3 -3 -4 -3 -3    0   0   0   0   0   0   0   0   5   4  17   0   0   6  68   0   0   0   0   0  1.51 0.31
   82 K   -2  0 -1  3 -4 -1 -1 -1  6 -1 -3  0 -3 -2 -3  1 -2 -3  1 -2    0   3   0  23   0   0   0   5  35   4   0   7   0   0   0  13   0   0   6   4  0.52 0.20
   83 L   -2 -3 -4 -4 -3 -3 -4 -4 -3  0  4 -3  3  4 -4 -1 -2 -1  2  0    0   0   0   0   0   0   0   0   0   0  52   0  10  22   0   6   0   0   8   3  0.58 0.20
   84 D   -1 -1 -1  3 -3  0 -1 -2  5 -1 -3 -1 -2 -3 -3  3  0 -4 -2  0    0   3   0  20   0   3   0   0  21   4   0   0   0   0   0  35   5   0   0   9  0.42 0.20
   85 S   -1  1 -1 -1 -3  0  5 -3 -2 -2 -3 -1 -2 -4 -2  1  2 -4 -3  1    0  10   0   0   0   0  48   0   0   0   0   0   0   0   0  12  16   0   0  14  0.52 0.22
   86 F   -2  3 -1 -2  1  1  0 -3  1 -3 -3  4 -2  2 -3  0 -2 -3  1 -2    0  18   0   0   4   3   4   0   4   0   0  41   0  13   0   5   0   0   4   4  0.41 0.17
   87 I   -1 -1 -2 -3 -2 -2 -3 -1 -3  3  1 -2  1  1 -3 -2  1 -2 -1  2    1   5   0   1   0   0   1   5   0  33  13   1   4   9   0   1  13   0   0  13  0.21 0.10
   88 V   -2 -1  4  1 -3  2  3 -2 -1 -1 -3  1 -2 -4 -2  0  0 -4 -3  0    0   0  31   4   0   7  27   0   0   5   0   9   0   0   0   4   5   0   0   8  0.41 0.17
   89 I   -2 -3 -3 -4 -3 -3 -3 -4  3  3  1 -3  2  0 -4 -3 -2 -1  6  1    0   0   0   0   0   0   0   0   8  25  13   0   7   0   0   0   0   0  37  10  0.62 0.22
   90 H   -2  0  2  1 -3  1  2  1  2 -2  0  1 -1 -3 -3 -1 -2 -3 -2 -2    0   5  15   8   0   9  14  14   8   0  18   9   0   0   0   0   0   0   0   0  0.21 0.11
   91 G   -1 -3  1  3 -4  0 -2  6 -3 -5 -5 -2 -4 -5 -3  0 -2 -4 -4 -4    0   0   5  17   0   4   0  68   0   0   0   0   0   0   0   6   0   0   0   0  1.03 0.25
   92 R    0  3 -2 -1 -3  0  4 -3 -2  1 -1 -1  1 -3 -3 -2 -2 -4 -3  2    6  19   0   0   0   0  35   0   0   9   4   0   4   0   0   0   0   0   0  22  0.33 0.17
   93 I   -1 -2 -2 -1 -2 -2 -2 -3 -3  4  0 -1  1 -1 -3  0  3 -3  0  2    0   0   0   4   0   0   0   0   0  37   5   4   4   0   0   8  23   0   5  10  0.29 0.15
   94 F   -4 -5 -5 -5 -4 -5 -5 -5 -3 -2 -1 -5 -2  8 -6 -4 -4 -1  3 -3    0   0   0   0   0   0   0   0   0   0   0   0   0  94   0   0   0   0   6   0  1.93 0.41
   95 H   -3  0 -3 -4  2  0 -3 -4  5 -3 -3 -3 -3  2 -4 -3 -3  0  7 -3    0   4   0   0   5   5   0   0  19   0   0   0   0   7   0   0   0   0  60   0  1.24 0.33
   96 F   -1 -3  0 -3  6 -2 -3 -4  6 -3 -3 -3 -2  4 -4 -2 -1 -2  4 -3    4   0   5   0  25   0   0   0  30   0   0   0   0  19   0   0   3   0  14   0  0.86 0.26
   97 P   -1 -3 -3 -3 -2 -2 -3 -1 -3  2  2 -2  1 -2  4  1 -1 -3 -3  1    0   0   0   0   0   0   0   4   0  14  30   0   3   0  26  14   0   0   0   8  0.44 0.15
   98 L   -3 -2 -2  0 -5 -2 -2 -4  9 -5 -2 -3 -3 -3  4 -3 -3 -4 -1 -5    0   0   0   5   0   0   0   0  69   0   4   0   0   0  23   0   0   0   0   0  1.64 0.39
   99 S   -1 -3 -2 -3 -2 -2 -2  0 -3 -1 -2 -2 -2 -3 -3  2  6 -4 -3  2    0   0   0   0   0   0   0   6   0   0   0   0   0   0   0  15  63   0   0  17  0.72 0.27
  100 G   -2 -2 -2 -3  5  0 -2  0  6  0 -2  0 -1  1 -3 -2 -1 -3 -1  1    0   0   0   0  17   5   0   8  27   5   0   8   0   9   0   0   4   0   0  15  0.36 0.16
  101 K   -2  3 -1  1 -4  0  0 -1 -2 -4 -3  5 -3 -4  0  0 -1 -4 -3 -3    0  13   0  10   0   0   0   5   0   0   0  57   0   0   5   4   3   0   0   0  0.61 0.21
  102 Y   -3  0  0 -3 -4 -3 -3 -4 -1 -1 -1 -2 -2  2  5 -1 -2 -1  6 -3    0   5   4   0   0   0   0   0   0   4   5   0   0   8  37   4   0   0  34   0  0.92 0.28
  103 D    0 -2 -1  1 -3 -1  1  0 -2 -2 -1  0  4  1 -3  1  1 -3 -2 -2    4   0   0  11   0   0  13   8   0   0   3   4  24   7   0  16  10   0   0   0  0.22 0.17
  104 R    0  3 -1  2 -3  2  1 -1 -1 -2 -3  2 -2 -4  2  1 -1 -4 -3 -3    7  19   0  12   0  11   7   3   0   4   0  15   0   0  10  12   0   0   0   0  0.32 0.13
  105 P    0 -1 -1  3 -4  2  4 -3 -2 -3 -3  2 -2 -4  1 -1 -1 -4 -3  0   10   0   0  17   0   8  35   0   0   0   0  12   0   0   7   0   3   0   0   8  0.45 0.19
  106 D   -1 -2 -1  5 -4  2  4 -3 -2 -2 -2  0 -3 -4 -3  0 -2 -4 -3 -3    4   0   0  34   0   7  38   0   0   4   4   4   0   0   0   4   0   0   0   0  0.68 0.24
  107 F   -3 -4 -4 -5 -3 -4 -4 -5 -3  2  3 -4  2  5 -4 -3 -2 -1  2  0    0   0   0   0   0   0   0   0   0  15  39   0   4  31   0   0   0   0   8   3  0.66 0.22
  108 E    1 -2 -1  1 -4  1  5 -3  3 -1 -2 -1 -2 -4 -2  1 -2 -4 -3 -3   13   0   0   4   0   4  53   0   8   4   4   0   0   0   0   9   0   0   0   0  0.59 0.25
  109 R   -1  2  1  2 -4  2  3 -3 -1 -4 -3  3 -2 -1 -2 -1 -1 -4 -2 -3    3  14   4  14   0  12  22   0   0   0   0  23   0   5   0   0   3   0   0   0  0.45 0.17
  110 A    5 -3 -3 -3 -2 -2 -2  1 -3 -3 -1 -1 -2 -4 -2  0  0 -4 -3 -2   76   0   0   0   0   0   0  11   0   0   4   4   0   0   0   0   4   0   0   0  0.79 0.31
  111 Y   -3 -1 -1 -4 -4 -3 -4 -4 -1 -2 -1 -3 -2  5 -4  0 -3  3  7 -3    0   4   3   0   0   0   0   0   0   0   4   0   0  27   0   9   0   4  49   0  1.05 0.32
  112 E   -2  0  2  1 -3  0  3 -1  1 -2  0  1 -1  0 -2  0  0 -2  1 -2    0   3  11   7   0   0  24   4   4   0  16   9   0   4   0   4   4   0   8   0  0.17 0.11
  113 T   -1  5 -2 -1 -4  2  4 -3 -2 -4 -4  2 -3 -4 -3  0 -1 -4 -3 -4    4  41   0   0   0   7  32   0   0   0   0   8   0   0   0   4   3   0   0   0  0.74 0.26
  114 F   -2 -3 -4 -5 -3 -3 -4 -4 -2  0  2 -4  2  4 -4 -3 -2  5  5  1    3   0   0   0   0   0   0   0   0   4  29   0   5  17   0   0   0  11  24   8  0.66 0.22
  115 K    0  0 -2 -2  1 -1 -1 -2  1  1  1  0  1 -1 -2  0  0 -2  1  1   10   4   0   0   4   0   4   0   4   8  16   7   3   0   0  10   4   0   8  15  0.06 0.06
  116 R   -1  3  2  1 -3  1  1 -2 -1 -2 -3  3 -2 -3 -2 -1  1 -4 -3 -2    4  19  11   8   0   4  11   0   0   4   0  26   0   0   0   0  12   0   0   0  0.36 0.15
  117 L    1 -2 -2 -2 -2  1  0 -2 -2  0  1 -2  2  2 -3  3 -1 -3 -1 -1   12   0   0   0   0   8   4   0   0   3  20   0   6  12   0  35   0   0   0   0  0.24 0.18
  118 R   -1  5  0 -2 -4  0  0 -3 -2 -3 -3  4  0 -3 -3 -2 -2 -4  0 -1    4  45   4   0   0   0   4   0   0   0   0  31   3   0   0   0   0   0   4   4  0.70 0.26
  119 G   -1  2  1  0 -3  0  1  1 -1 -2 -1  1 -2 -3  3  0 -1 -3 -2 -2    1  12  10   5   0   1   8  12   0   1  10  13   0   0  17   8   1   0   0   1  0.25 0.09
  120 E   -1 -1 -2 -1 -3  1  3 -2 -1 -2  0  1 -1  3  2 -1 -2 -2  0 -2    6   1   1   1   0   5  31   1   0   1   8  10   0  21  10   1   1   0   1   1  0.29 0.14
  121 L    0  1 -2 -2 -1 -1  0 -2 -2  1  3 -1  0  1 -2  0 -1 -1 -1  0    7  10   1   2   1   1   6   2   1   5  43   2   1   5   2   6   2   0   1   2  0.13 0.08
  122 L   -1  1 -1 -1 -1 -1 -1  0 -1  0  1 -1  0  2 -1  1 -1 -1  0 -1    3  13   2   2   1   2   2   7   1   7  19   2   1  15   2  15   2   1   1   3  0.05 0.04
  123 E   -1  0 -1  1 -2  0  2  0 -1  1 -1  0 -1 -2  3  0 -1 -2 -2 -1    3   5   2  11   1   2  15   8   1  13   3   5   1   1  16   6   2   1   1   2  0.17 0.06
  124 L   -1 -1 -1  0 -2  0  1 -2 -1  2  1  0  3  0 -1 -1 -1 -1 -1  0    3   2   2   6   1   1  15   3   1  17  16   6  14   5   2   2   2   0   1   2  0.09 0.07
  125 V    0 -2 -1  0 -1 -1 -1 -2 -2  2  1 -1  3 -1  0  0  0 -2 -1  2    6   2   1   5   1   1   2   2   1  13   9   2  18   1   5   5   5   0   1  19  0.12 0.07
  126 R   -1  3 -1 -2 -2 -1  0 -2 -1  1  1  1  0  0  1  0  0 -2  0 -1    1  20   1   1   0   1   6   1   0  14  15  10   0   4   6   8   5   0   3   1  0.11 0.08
  127 F   -1 -1 -1  3 -3  2  2 -1 -1 -2 -1  0 -2 -1  0  1  0 -3 -2 -1    1   1   1  20   0  13  19   4   0   1   7   6   0   4   4   9   5   0   0   4  0.24 0.11
  128 N   -1  1  1  1  2  0  1 -1  1  0  0  1 -1 -2 -2  0  0 -3 -2  0    3  12  11   7   7   0  10   4   3   7  10   8   0   0   0   6   3   0   0   6  0.07 0.06
  129 L   -2 -3 -3 -4 -2 -3 -3 -4 -3  1  3 -3  5  2 -4 -3  1 -3 -2  2    0   0   0   0   0   0   0   0   0   3  32   0  26   9   0   0  10   0   0  17  0.54 0.23
  130 E   -1  2 -1  4 -4  1  3 -3 -2 -3 -2  3 -2 -4 -2 -1 -2 -4 -3 -1    3  10   0  26   0   4  22   0   0   0   5  25   0   0   0   0   0   0   0   5  0.48 0.20
  131 D   -1  1  2  3 -4  1  2  0 -1 -3 -3  2 -2 -3 -2  0 -1 -3  0 -2    4   8   9  17   0   7  19   7   0   0   0  16   0   0   0   4   3   0   4   2  0.32 0.14
  132 L    0 -1 -3 -4 -2 -3 -3 -4 -3  2  2 -3  2  3 -4 -2  0  2 -1  2    6   4   0   0   0   0   0   0   0  17  16   0   6  19   0   0   7   3   0  23  0.34 0.16
  133 T   -1 -3 -4 -4 -2 -3 -4 -4 -3  3  2 -3  0  4 -4 -1  0 -2 -1  3    3   0   0   0   0   0   0   0   0  19  24   0   0  21   0   5   6   0   0  22  0.43 0.18
  134 T   -1  0  0  2 -3  0  2 -2 -1 -1 -1  2 -2 -1 -2  1  0 -2  2 -1    3   5   3  12   0   3  14   0   0   5   5  14   0   0   0  13   3   0  13   6  0.17 0.11
  135 D   -1  0  1  3 -3  0  1  2  1 -4 -2  1 -3 -4 -2  2  0 -4 -3 -3    0   5   6  25   0   2   9  15   4   0   4   8   0   0   0  17   5   0   0   0  0.35 0.14
  136 F   -4 -4 -5 -5 -4 -4 -5 -5 -2  0  1 -4 -1  7 -5 -4 -3 -1  5  0    0   0   0   0   0   0   0   0   0   6  14   0   0  53   0   0   0   0  21   6  1.16 0.33
  137 L   -2 -3 -3 -3 -3 -2  0 -3 -3 -1  3 -3  5  4 -3  0 -2 -2 -1 -1    1   0   0   0   0   0   7   1   0   0  39   0  19  19   0  11   0   0   0   0  0.47 0.21
  138 I    1  1  0 -1 -2  1  1 -2  0  0 -1  0 -1 -2 -2  1  0 -3 -2  1   14  10   5   1   0   8  11   1   2   4   5   4   0   1   1  12   6   0   0  15  0.10 0.07
  139 R   -1  3  1  1 -3  2  1  0 -1 -3 -3  4 -2 -3 -2 -1 -1 -3  0 -2    4  17   6   7   0   8   8   5   0   1   2  31   0   1   1   1   1   0   3   1  0.34 0.12
  140 A    4 -2 -1  2  2 -2  0  1 -2 -3 -2 -2 -2 -3 -2  2 -1 -4 -3 -2   42   0   0  16   5   0   6   7   0   0   4   0   0   0   0  16   0   0   0   0  0.41 0.19
  141 G   -2  0  1  0 -4 -2  0  6 -3 -5 -5 -2 -4 -5 -4  0 -3 -4 -4 -5    0   7   6   5   0   0   7  69   0   0   0   0   0   0   0   8   0   0   0   0  1.08 0.30
  142 Y   -4 -4 -5 -6 -5 -4 -5 -6 -1 -3 -3 -4 -3  4 -5 -4 -4  0  9  1    0   0   0   0   0   0   0   0   0   0   0   0   0  12   0   0   0   0  78   9  1.96 0.49
  143 S    0  2 -1  0 -3  1  2 -1  1  0 -1  0  1  1 -2  0  0 -3 -1  0    7  13   0   5   0   5  16   4   5   9   0   5   7   8   0   6   4   0   0   6  0.10 0.08
  144 Q   -1  2 -2 -2 -3  1  0 -2 -2  2  1 -1  0 -2  0 -1 -1 -3 -2  1    5  16   0   0   0   8   8   2   0  20  17   0   0   0   5   4   2   0   0  13  0.15 0.12
  145 S    0 -1 -1  0 -3  1  3  0 -2 -1 -1  2 -2 -3  0  1  0 -4 -3 -1    6   0   0   3   0   3  31   6   0   3   6  14   0   0   4  16   3   0   0   4  0.27 0.17
  146 H    0 -2  0  0 -3 -1  1 -1  1 -2 -2  0  2  1  1 -1  0 -2  4 -2    9   0   3   6   0   0  12   5   3   0   0   8  10   5   8   3   8   0  20   0  0.21 0.16
  147 R   -1  2 -1 -2 -3  1  2 -1  1  0 -1 -1  2 -3  0  2  0 -3 -2  0    0  16   0   0   0   4  14   3   3   4   5   0   7   0   5  19   6   0   0  11  0.16 0.14
  148 G   -1 -2  1  2 -3  0  2  3 -2 -3 -1  0 -2 -3  0  2 -1 -4 -3 -3    0   0   6  10   0   3  14  24   0   0  11   6   0   0   4  20   0   0   0   0  0.29 0.16
  149 L   -1  1  0  3 -3 -1  1  1 -2 -1  0  1 -2 -3 -2  1  0 -3 -3 -1    1   8   4  19   0   0   7  10   0   4  11  14   0   0   0  15   3   0   0   4  0.17 0.11
  150 G   -1  3  1 -2 -4  1  0  3  1 -3 -2  2 -2 -3 -3 -1 -2 -3  0 -2    3  19   9   0   0   4   6  26   3   0   4  18   0   0   0   0   0   0   3   3  0.37 0.19
  151 R    1  2 -1 -2 -3  1  2 -3  3 -2 -1  3 -2 -3 -2 -1  0 -4 -2  0   12  11   0   0   0   4  14   0   9   0   5  27   0   0   0   0   7   0   0  11  0.27 0.16
  152 L    1 -3 -3 -1 -2 -2 -3 -3 -2  2  2 -3  3  0 -3 -1  0 -2  4  0   13   0   0   4   0   0   0   0   0  18  21   0  13   0   0   4   8   0  20   0  0.30 0.19
  153 S    1  1 -2 -2 -2 -1 -2 -1 -2 -1  1  2 -1  2 -2  0  1 -2 -1  0   11   8   0   0   0   0   0   5   0   0  19  16   0  13   0   9  11   0   0   7  0.10 0.10
  154 F    2 -1 -3 -3 -2 -2  0 -1 -2  1 -1 -2 -1  4 -3  0 -2  2  0  1   29   4   0   0   0   0   8   5   0   9   0   0   0  26   0   5   0   4   0   9  0.25 0.17
  155 V   -1  0 -2 -2 -2 -1  0 -3 -2  1 -1  1 -1 -1 -3  2  1 -2  3  1    0   4   0   0   0   0   7   0   0  11   4   9   0   0   0  29   7   0  14  16  0.20 0.17
  156 K    1  0  1 -1 -3  0  1 -2 -2 -2 -1  3 -2 -3 -2  2  2 -3 -3 -2   13   0   8   0   0   0   7   0   0   0   8  33   0   0   0  16  13   0   0   0  0.29 0.17
  157 G    0 -2  3  2 -3 -1  2  2 -1  0 -2 -1  0 -3  0  0 -1 -3 -3 -2    5   0  17  10   0   0  18  21   0   9   1   1   4   0   4   8   1   0   0   1  0.25 0.13
  158 D   -2  1  3  3 -3  2  3 -2 -1 -2 -3  2 -2 -3 -2 -1 -1 -3 -3 -3    1   9  21  16   0   8  21   1   0   4   1  14   0   0   0   1   1   0   0   1  0.43 0.16
  159 D   -1  3  2  4 -3  0  1 -2 -1 -3 -3  1 -3 -1 -2  0  1 -4 -2 -3    4  19  12  28   0   0   8   0   0   0   0  11   0   3   0   4   9   0   0   0  0.40 0.16
  160 R   -1  4 -1 -2 -3  2  1 -1  1 -2 -2  3 -2 -3 -2  0  0 -3 -2  0    0  29   0   0   0   8   7   4   4   0   0  19   0   0   0   8   5   0   0  12  0.33 0.16
  161 L    0 -2 -3 -3 -2 -2 -1 -3 -1  1  1 -1  2  4 -3 -2 -2 -1  4  1    9   0   0   0   0   0   4   0   0   8  17   4   7  20   0   0   0   0  22   7  0.33 0.16
  162 E   -1  2 -1  1 -3  2  3 -1 -1 -2 -2  2  0 -3 -2  0  0 -3  0  0    0  11   0   6   0  10  25   4   0   0   0  16   4   0   0   5   4   0   4   8  0.26 0.13
  163 V    1 -3 -2  0  2 -2 -2 -3 -3  2  1 -2  0  2 -3 -1  0 -2 -1  2   15   0   0  10   7   0   0   0   0  14  12   0   0  14   0   0   7   0   0  22  0.15 0.08
  164 L   -2  1 -3 -4 -3 -2 -3 -4  2  0  2 -2  0  3 -4 -3 -2  5  3  1    0  11   0   0   0   0   0   0   8   0  28   0   0  17   0   0   0  10  10  15  0.36 0.12
  165 V   -1 -1 -1 -1 -2 -2 -3 -3 -3  2  2 -2  0  3 -3 -1 -1 -2  0  2    4   3   4   5   0   0   0   0   0  17  22   0   0  22   0   4   0   0   0  18  0.23 0.11
  166 Y   -1 -3 -4 -4 -3 -3 -4 -4 -1  1  1 -3 -1  5 -4 -3 -1  0  5  2    3   0   0   0   0   0   0   0   0   6  15   0   0  29   0   0   3   0  28  16  0.61 0.18
  167 P   -2 -2 -2 -2  2 -2 -1 -1  3 -3 -1 -1  0 -3  6  0  0 -4 -2 -3    0   0   0   0   5   0   3   4  12   0   9   4   4   0  44   9   7   0   0   0  0.77 0.19
  168 R    0  0 -1  1 -2 -1  0  0 -2 -3 -1 -1 -2 -1 -2  4  1 -3 -2 -2    3   7   0   7   0   0   5   5   0   0   7   0   0   4   0  52   7   0   0   0  0.34 0.16
  169 I   -2 -3 -3 -1 -2 -2 -1  0 -3  4  1 -3  0  0 -3 -2 -1 -2  0  2    1   0   0   4   0   0   5  11   0  45  11   0   0   4   0   1   0   0   4  11  0.27 0.12
  170 S    0  2 -1  0 -2  0  0  0 -1  0  0  1 -1 -2  0  1 -1 -3 -2  0    8  13   0   6   0   3   5   9   0   8   9  10   0   0   4  14   0   0   0   8  0.07 0.04
  171 M   -1 -2 -1  2 -2 -1  1 -2 -2  0 -1 -2  0  4 -2  1  1 -1  0 -1    4   1   1  14   0   1   9   1   0   8   1   1   4  31   1  14  10   0   0   1  0.23 0.11
  172 L    0  1 -2 -1 -2 -1  0 -3 -2  1  2 -1  0 -1 -2 -2 -1 -2 -2  2    5  10   1   4   0   1   8   1   0   4  35   1   0   1   1   1   1   0   1  24  0.17 0.09
  173 D    0 -1  2  4 -2  1  1  0  1 -2 -2 -1 -2 -2  0  0  0 -3 -2 -2    8   1  12  28   0   6   9   4   4   1   5   1   0   1   5   5   5   0   1   1  0.25 0.07
  174 V    0  0 -2  0 -2 -1  1 -2  1  2  1 -1  0 -1 -2 -1 -1 -2  1  1    8   5   1   5   0   1  14   1   4  22  14   1   0   1   1   1   1   0   7  12  0.07 0.05
  175 E    1  1  1  3 -3  2  2 -2 -1 -2 -2  0 -2 -1  0 -1 -1 -2  0 -1   14   7   7  21   0  12  18   1   0   1   1   1   0   4   4   1   1   0   4   4  0.24 0.09
  176 E    0  0 -1  0 -2  0  1 -1  2  0  0  1 -1 -1 -2  0 -1 -2  0  0   10   4   1   4   0   1  16   5   7   8   8  13   0   0   1   7   1   0   4  12  0.06 0.04
  177 C    0 -1 -1  0  2 -1  1 -1  3 -1  1  0  0  1 -2 -1 -1 -2 -1 -1   10   1   1   5   7   1  15   4  10   1  24   8   0   8   1   1   1   0   0   4  0.08 0.07
  178 I   -2  3 -1  1 -3  0  1 -2  2  0  1  2  0 -2 -2 -1 -1 -3 -2  0    1  18   0   8   0   0  14   1   7   7  15  17   3   0   1   1   1   0   0   5  0.17 0.08
  179 L    0  0 -2 -1  2 -1 -1 -2 -2  1  2 -1  1  1 -2  0 -1 -2  0  0   11   8   0   4   5   0   3   1   0   7  28   4   6   7   0   7   1   0   4   3  0.07 0.05
  180 A    2 -2  1 -2 -2  0 -1  1 -1  1 -1 -1 -1  1 -2  1 -1 -2  0  0   24   0   8   0   0   4   4  10   0  14   4   1   0  10   0  12   1   0   3   3  0.09 0.07
  181 S   -1  1 -1  1  1  0  1  0 -1 -1 -2  1 -2 -2 -2  2  0  2  0 -2    0   9   0   7   5   0  14   6   0   7   1  10   0   0   0  25   6   4   4   0  0.16 0.09
  182 E   -1  0  0  1 -3  1  4 -1 -1 -3 -2  2 -2 -3  0  0 -1 -3 -2 -1    1   3   4   4   0   5  43   5   0   1   5  12   0   0   4   7   1   0   0   4  0.37 0.12
  183 L   -1 -2  0  0 -2  0  1 -3 -1  0  0 -1 -1  3 -2 -1 -1 -1  4  1    4   1   4   6   0   4  11   1   0   3  11   4   0  17   1   1   1   0  20  11  0.18 0.08
  184 Y    0 -1  2  3 -2 -1  0  1 -1 -2 -1 -1 -1 -2  1  1  0 -2  0 -2   10   1  11  21   0   1   5  15   0   1   8   1   0   1   5   8   5   0   4   1  0.17 0.05
  185 D    0 -1 -1  2 -3  0  3  3 -2 -3 -3  0 -2  0 -2 -1 -1 -3 -2 -1    9   1   1  14   0   0  29  25   0   1   1   7   0   5   1   1   1   0   0   4  0.32 0.11
  186 S   -1 -1  2  3  0  0  3  2 -1 -3 -3 -1 -3 -3 -2  1  0 -4 -3 -3    1   3  15  19   3   0  23  15   0   0   1   0   0   0   0  14   4   0   0   0  0.38 0.12
  187 M   -2  0  1  0  1  1 -1 -3  3 -1 -1  0  0  0 -3 -1 -1 -1  5 -1    0   4   7   5   3   8   0   0  10   3   4   4   3   0   0   3   4   0  34   4  0.33 0.14
  188 A    0 -4 -4 -4  1 -4 -4 -4 -4  4  0 -4 -1 -2 -4 -3 -1 -4 -3  5    7   0   0   0   3   0   0   0   0  23   0   0   0   0   0   0   0   0   0  67  0.81 0.25
  189 A    0 -4 -4 -4 -2 -3 -4 -4 -4  4  2 -3  0  2 -4 -3 -2 -3 -1  3    6   0   0   0   0   0   0   0   0  43  23   0   0   8   0   0   0   0   0  19  0.54 0.17
  190 I    1 -4 -4 -4 -2 -3 -4 -4 -4  4  1 -3  0 -2 -3 -2 -1 -4 -2  4   16   0   0   0   0   0   0   0   0  30   9   0   0   0   0   0   0   0   0  45  0.57 0.19
  191 V    0 -4 -4 -4 -2 -3 -4 -4 -4  3  1 -3  0 -2 -4 -3  0 -4 -3  5    7   0   0   0   0   0   0   0   0  11   9   0   0   0   0   0   3   0   0  70  0.73 0.23
  192 P   -3 -4 -4 -3 -5 -3 -3 -4 -4 -4 -1 -1 -4 -5  8 -3 -3 -5 -5 -4    0   0   0   0   0   0   0   0   0   0   6   3   0   0  90   0   0   0   0   0  2.34 0.40
  193 H    0 -2 -1 -2 -2  1 -1 -2  3 -2 -3 -1 -2 -3  3  2  4 -4 -2  0    6   0   0   0   0  10   0   0   9   0   0   0   0   0  14  14  41   0   0   6  0.49 0.19
  194 E   -1 -2 -1  0 -4  0  5  3 -2 -3 -4 -1 -3 -4 -2  0 -2 -4 -3 -1    3   0   0   0   0   0  54  31   0   0   0   0   0   0   0   4   0   0   0   5  0.71 0.22
  195 E    0  1  0  0 -3  1  3 -2 -1 -1 -3  3 -2 -4 -2  1  0 -4 -3 -1    6   7   3   3   0   4  28   0   0   4   0  28   0   0   0   8   5   0   0   5  0.35 0.13
  196 N   -1  0  3  2 -2 -1  0 -2 -2 -3 -3  0 -2 -3 -2  3  3 -4 -3 -2    0   4  14  10   0   0   6   0   0   0   0   4   0   0   0  28  31   0   0   0  0.43 0.16
  197 L   -2 -3 -3 -3 -3 -2 -1 -4 -3  2  1 -2 -2 -3  7 -2 -2 -4 -3 -1    0   0   0   0   0   0   5   0   0  18  17   0   0   0  57   0   0   0   0   0  1.17 0.24
  198 D    2 -2  1  1 -3  0  2  0  3 -2 -2  0 -2 -1 -2 -1 -1  2 -1 -2   24   0  10   7   0   0  21   7  11   3   4   3   0   3   0   0   3   4   0   0  0.21 0.11
  199 P   -1 -3 -1 -2 -4 -2  1 -3  4 -4 -2 -1 -3 -4  7 -2 -2 -5 -3 -4    4   0   3   0   0   0  10   0  12   0   4   4   0   0  64   0   0   0   0   0  1.44 0.29
  200 F   -4 -4 -5 -5 -4 -5 -5 -5 -2 -2  0 -5 -2  8 -5 -4 -4  0  5 -2    0   0   0   0   0   0   0   0   0   0   5   0   0  79   0   0   0   0  16   0  1.61 0.34
  201 M   -2 -4 -4 -4 -2 -3 -4 -5 -3  5  2 -4  4  1 -4 -3 -2 -3  1  2    0   0   0   0   0   0   0   0   0  50  13   0  13   6   0   0   0   0   4  14  0.62 0.19
  202 A    0  2  3  1 -4  2  2 -2 -1 -4 -4  2 -2 -4 -2  0 -1 -4 -3 -3    6  10  23   6   0  11  16   0   0   0   0  19   0   0   0   7   0   0   0   0  0.44 0.14
  203 F   -4 -5 -5 -5 -4 -5 -5 -5 -3  1 -1 -5 -2  8 -5 -4 -4 -1  1  0    0   0   0   0   0   0   0   0   0   6   0   0   0  88   0   0   0   0   0   6  1.64 0.36
  204 Y   -3 -4 -4 -5 -3 -4 -4 -5 -1  1  1 -4 -1  6 -5 -4 -3  0  6 -1    0   0   0   0   0   0   0   0   0  11  17   0   0  38   0   0   0   0  34   0  0.96 0.24
  205 R   -1  5 -2 -2 -4  2 -1 -3 -2  0 -3  4 -2 -4 -3 -2 -2 -4 -3 -3    3  38   0   0   0  11   0   0   0   9   0  39   0   0   0   0   0   0   0   0  0.74 0.23
  206 E   -2  3  0 -1 -4  2  5 -3 -1 -2 -2  2 -2 -1 -3 -1 -2 -4 -3 -3    0  21   3   0   0   7  50   0   0   4   4   9   0   3   0   0   0   0   0   0  0.62 0.20
  207 H   -2  1  2 -2 -4  0 -1 -3  6 -3 -3  3 -2  1 -3 -1 -2 -2  4 -3    0   4  11   0   0   4   0   0  27   0   0  23   0   7   0   4   0   0  19   0  0.56 0.18
  208 V    1 -2 -1 -1 -2 -1  1  2 -2 -2 -2 -1  1  0  0  3 -1 -3 -2 -1   12   0   0   0   0   0  13  16   0   0   0   0   7   7   4  35   0   0   0   4  0.26 0.14
  209 S   -2 -1  2  4 -4  1  4 -2  1 -3 -2  0 -3 -3 -2  0 -2 -3  1 -3    0   0  13  27   0   4  35   0   3   0   4   3   0   0   0   4   0   0   7   0  0.54 0.16
  210 H    0  0  1  0 -3  0  2 -3  2 -1  0  3 -2 -3  2 -1 -2 -4 -2 -2    7   0   6   3   0   0  20   0   7   6  10  31   0   0   9   0   0   0   0   0  0.28 0.13
  211 L    2 -3 -4 -4 -2 -3 -3 -3 -3  4  1 -3  0  0 -3 -2 -1 -3  0  2   22   0   0   0   0   0   0   0   0  41  13   0   0   3   0   0   0   0   4  17  0.42 0.16
  212 E   -2  1  0 -1 -4  0  3 -1 -2 -2  1  4 -1 -2  1 -1 -2 -3  1 -2    0   4   3   0   0   0  23   4   0   0  18  34   0   0   7   0   0   0   6   0  0.33 0.16
  213 D   -1  1  0  3 -3  0  3 -1 -2  0  0  1 -1 -3 -2 -1 -1 -3 -3 -2    3   6   3  17   0   0  31   4   0  10  12  10   0   0   0   3   0   0   0   0  0.24 0.11
  214 T    2  0  2 -1  1  1  0 -1 -1 -2 -3  1 -2 -3 -2  2  1 -4 -3 -1   28   3  11   0   4   9   6   0   0   0   0   7   0   0   0  21   7   0   0   3  0.28 0.12
  215 D   -1 -1  1  2 -3  1  3  3 -2 -3 -2  1  0 -3 -2 -1  0 -4 -3 -3    3   0   7  11   0   5  23  25   0   0   4  11   4   0   0   0   6   0   0   0  0.32 0.12
  216 V    1 -3  0 -1 -2 -2 -3 -3 -3  2  2 -2  1  2 -3 -2  0  2 -1  2   15   0   6   4   0   0   0   0   0  13  27   0   4  11   0   0   4   3   0  14  0.18 0.09
  217 Q    0  1 -1 -2 -3  4  0 -3 -1 -2 -1  3  2  0 -2  1  0 -3  0  0    4   6   0   0   0  26   0   0   0   0   4  21  11   4   0  10   5   0   3   6  0.27 0.14
  218 I   -2 -4 -4 -5 -2 -4 -4 -5 -4  5  2 -4  0 -1 -4 -3 -2 -4 -2  4    0   0   0   0   0   0   0   0   0  49  16   0   0   0   0   0   0   0   0  35  0.78 0.22
  219 W   -5 -5 -6 -7 -5 -4 -5 -5 -5 -5 -1 -5 -3 -1 -6 -5 -5 12  0 -5    0   0   0   0   0   0   0   0   0   0   6   0   0   0   0   0   0  94   0   0  3.72 0.56
  220 V   -2 -4 -4 -5 -2 -4 -4 -5 -5  2  2 -4  0 -2 -4 -3 -2 -4 -3  5    0   0   0   0   0   0   0   0   0   7  20   0   0   0   0   0   0   0   0  73  0.86 0.26
  221 A    3 -3 -3 -3  1 -3 -3 -3 -3  2 -1 -3  1 -2 -3  0  0 -4 -2  4   30   0   0   0   4   0   0   0   0  11   0   0   3   0   0   6   3   0   0  43  0.41 0.17
  222 N   -3 -2  6  5 -5  0 -1 -2 -1 -5 -5 -2 -4 -5 -3 -1 -2 -6 -4 -5    0   0  53  43   0   4   0   0   0   0   0   0   0   0   0   0   0   0   0   0  1.26 0.31
  223 M   -2 -3 -3 -3 -3 -2 -1 -4 -3  3  1 -3  2 -2  4 -1  0 -4 -3  1    0   0   0   0   0   0   3   0   0  31  10   0   9   0  27   4   6   0   0  10  0.52 0.16
  224 E    0 -2  0  1 -5  2  6 -3 -2 -4 -2 -1 -3 -4 -3 -1 -2 -4 -3 -4    6   0   4   5   0   7  74   0   0   0   4   0   0   0   0   0   0   0   0   0  1.00 0.28
  225 E   -2  3  2  1 -4  0  2 -1 -1 -4 -3  3 -3 -4 -2  0  1 -4 -3 -3    0  17  10   7   0   0  19   3   0   0   0  29   0   0   0   6   8   0   0   0  0.44 0.14
  226 G   -1  1 -1  1 -4 -1  2  4 -2 -4 -4  2 -3 -4 -3  0 -2 -4 -3 -4    0   7   0   9   0   0  21  40   0   0   0  19   0   0   0   4   0   0   0   0  0.58 0.17
  227 T    1 -2  2 -2  1 -2 -2 -2 -2 -2 -3  0 -2 -2 -2  1  5 -3  3 -2   10   0  10   0   3   0   0   0   0   0   0   5   0   0   0  10  49   0  13   0  0.50 0.21
  228 I   -2 -4 -5 -5 -2 -4 -4 -5 -5  5  1 -4  0 -2 -4 -3 -2 -4 -3  4    0   0   0   0   0   0   0   0   0  51   7   0   0   0   0   0   0   0   0  42  0.86 0.24
  229 D   -2 -3  2  6 -4 -2  0 -2 -2 -4 -5 -2 -4 -5 -3  3 -1 -5 -4 -4    0   0  11  53   0   0   0   0   0   0   0   0   0   0   0  36   0   0   0   0  0.98 0.27
  230 P   -3 -4 -4 -3  4 -3 -3 -4 -4 -4 -5 -3 -4 -5  8 -2  0 -5 -5 -4    0   0   0   0   9   0   0   0   0   0   0   0   0   0  86   0   5   0   0   0  2.28 0.39
  231 F   -4 -4 -5 -5 -4 -5 -5 -5 -3  1  1 -5 -1  8 -5 -4 -3 -1  2 -2    0   0   0   0   0   0   0   0   0   6  13   0   0  77   0   0   0   0   3   0  1.38 0.31
  232 M   -2 -4 -4 -5 -2 -4 -4 -5 -4  6  2 -4  2  1 -4 -3 -2 -3 -2  3    0   0   0   0   0   0   0   0   0  63  12   0   7   4   0   0   0   0   0  14  0.79 0.22
  233 G   -1 -4  1 -3 -4 -3 -4  7 -3 -5 -5 -3 -4 -5 -4 -2 -3 -4 -5 -2    0   0   6   0   0   0   0  90   0   0   0   0   0   0   0   0   0   0   0   4  1.53 0.31
  234 F   -3 -1  0  2 -4 -2 -2 -4 -1 -2 -1 -3 -2  1 -4 -2  0  5  6  0    0   3   4  14   0   0   0   0   0   0   4   0   0   3   0   0   8   9  46   8  0.73 0.23
  235 T   -2 -3 -3 -3  1 -2  0 -4 -3 -4 -4 -2 -4 -5  7  0  2 -5 -4 -3    0   0   0   0   4   0   7   0   0   0   0   0   0   0  69   6  13   0   0   0  1.60 0.31
  236 T   -2  4 -1 -2 -3  0  1 -1 -2 -2 -2  3  0  0 -2 -1  1 -3 -2 -1    0  26   0   0   0   0   7   4   0   0   0  31   3   7   0   0  15   0   0   4  0.37 0.15
  237 D   -4 -3  1  7 -5 -2  0 -3 -2 -5 -5 -2 -5 -4 -3 -2 -3 -5  1 -5    0   0   5  89   0   0   0   0   0   0   0   0   0   0   0   0   0   0   6   0  1.61 0.35
  238 P   -2  1 -1  1 -3 -1  0  0 -2 -1  1  2  0  1  0 -1 -2 -2  1 -1    0   8   0  12   0   0   7   9   0   3  19  17   3   8   3   0   0   0   6   3  0.08 0.07
  239 E    0  1  2  2  1  0  3 -2 -1 -3 -2  2 -2 -3 -2  0  0 -3  1 -3    7   7  14  10   4   0  29   0   0   0   3  13   0   0   0   3   4   0   6   0  0.30 0.12
  240 I   -2 -4 -4 -5 -2 -4 -4 -5 -4  4  3 -4  0  3 -4 -3 -2 -2 -1  2    0   0   0   0   0   0   0   0   0  34  33   0   0  19   0   0   0   0   0  14  0.60 0.18
  241 Y   -2  0  0 -3 -3 -2  0 -3 -1  1  0 -1  1  0 -3 -2  0  6  4  0    0   5   7   0   0   0   7   0   0  12  10   4   4   0   0   0   6  14  22   8  0.35 0.14
  242 M   -1  2  1  0 -3  1  1 -1  1 -3 -3  3  1 -3  1  1 -1 -4 -2 -3    4  13   6   4   0   5   8   3   5   0   0  27   7   0   6  11   0   0   0   0  0.29 0.11
  243 A   -1  1  3 -1 -3  3 -1  1  3 -3 -1  0 -2  0 -3 -1 -2 -3  1 -3    3  10  25   0   0  19   0  12   8   0  10   3   0   5   0   0   0   0   5   0  0.28 0.14
  244 F   -4 -5 -5 -5 -4 -5 -5 -5 -3 -2  1 -5 -1  8 -5 -4 -4 -1  1 -2    0   0   0   0   0   0   0   0   0   0  13   0   0  87   0   0   0   0   0   0  1.67 0.36
  245 K    0  2 -1  1 -3  0  1 -1  0 -3 -1  3 -2 -3 -2  1  1 -4 -2 -2    7  10   0   7   0   0   7   4   3   0   6  34   0   0   0   9  13   0   0   0  0.27 0.12
  246 N   -3 -2  7  2 -4 -1 -1 -2  2 -5 -5  1 -4 -5  1  0 -2 -5 -3 -4    0   0  70   7   0   0   0   0   4   0   0   9   0   0   6   4   0   0   0   0  1.09 0.29
  247 P   -2 -4 -3  0 -5 -3 -3 -4 -4 -5 -5 -3 -4 -5  8  0 -3 -6 -5 -4    0   0   0   6   0   0   0   0   0   0   0   0   0   0  86   8   0   0   0   0  2.20 0.38
  248 K   -2  4 -1  0 -4  1  2 -3 -2 -1 -3  4  0 -4 -2  0 -2 -4 -3 -3    0  28   0   4   0   4  16   0   0   4   0  34   3   0   0   6   0   0   0   0  0.53 0.18
  249 L    0  1  0 -3 -2  0 -2 -3 -3  1  3 -2  1  0 -3 -2 -2 -3 -2  0   10  11   6   0   0   7   0   0   0   9  51   0   3   3   0   0   0   0   0   0  0.30 0.15
  250 A    5 -2 -2 -3 -2 -2 -2 -1 -3  0 -3  0 -2 -3 -2  2  0 -4 -3 -1   68   0   0   0   0   0   0   0   0   6   0   4   0   0   0  17   5   0   0   0  0.66 0.24
  251 S    0  3 -1 -1 -3  0  2 -2 -2 -2  0  0  0 -3 -2  2  2 -3 -3 -2    7  20   0   0   0   0  23   0   0   0  12   0   3   0   0  16  19   0   0   0  0.28 0.14
  252 L   -2  1 -2 -3 -3  2 -1 -3 -2  1  1  1  4  1 -3 -2 -2  4  1  0    0   8   0   0   0  11   3   0   0   9  15  14  20   6   0   0   0   7   4   4  0.25 0.12
  253 V    3 -3 -3 -4 -2 -3 -3 -3 -3  4  1 -3  0 -2 -3 -1 -1 -4 -2  3   33   0   0   0   0   0   0   0   0  31   7   0   0   0   0   4   0   0   0  26  0.42 0.17
  254 R    1  2  2 -1 -2  0  0 -2 -1 -1 -1  1 -1 -3 -2  2  0 -4 -2  0   11  14  14   0   0   0   5   0   0   4   4  10   0   0   0  25   4   0   0   8  0.19 0.09
  255 S    0  3  1 -1 -3  2 -1  0 -1 -3 -3  1 -2 -4 -2  3  0 -4 -3 -3    6  18   7   0   0   9   0   7   0   0   0  10   0   0   0  39   4   0   0   0  0.39 0.15
  256 R   -2  1  2 -2 -2 -2 -2 -3  3  1  2 -2  2  2 -3 -2 -1 -2  1  1    0  10  15   0   0   0   0   0  10   7  21   0   8  10   0   0   0   0   3  16  0.19 0.10
  257 W   -5 -5 -6 -7 -5 -4 -5 -5 -5 -5 -4 -5 -4  1 -6 -5 -5 12  0 -5    0   0   0   0   0   0   0   0   0   0   0   0   0   5   0   0   0  95   0   0  3.69 0.50
  258 R   -2  6 -1 -2 -4  3 -1 -3 -1 -4 -3  2 -2 -4 -3 -2 -2 -4 -3 -4    0  77   0   0   0  16   0   0   0   0   0   8   0   0   0   0   0   0   0   0  1.07 0.21
  259 F   -1 -2 -1 -2 -2 -2 -2 -2 -2  0  0 -2  0  5 -2  0  3  0  2  0    0   0   0   0   0   0   0   0   0   0   0   0   0  50   0   0  50   0   0   0  0.32 0.00
  260 I   -1 -2 -3 -3 -1 -1 -3 -3 -2  3  2 -2  4  0 -3 -2 -1 -2 -1  2    0   0   0   0   0   0   0   0   0  50   0   0  50   0   0   0   0   0   0   0  0.30 0.00
  261 R   -1  5  0 -1 -3  1  0 -2 -1 -3 -2  4 -1 -3 -2 -1 -1 -3 -2 -3    0  50   0   0   0   0   0   0   0   0   0  50   0   0   0   0   0   0   0   0  0.56 0.00

                      K         Lambda
Standard Ungapped    0.1425     0.3254
Standard Gapped      0.0410     0.2670
PSI Ungapped         0.1354     0.3170
PSI Gapped           0.0414     0.2670
