
Last position-specific scoring matrix computed, weighted observed percentages rounded down, information per position, and relative weight of gapless real matches to pseudocounts
           A  R  N  D  C  Q  E  G  H  I  L  K  M  F  P  S  T  W  Y  V   A   R   N   D   C   Q   E   G   H   I   L   K   M   F   P   S   T   W   Y   V
    1 M   -1 -1 -2 -3 -1  0 -2 -3 -2  1  2 -1  5  0 -2 -1 -1 -1 -1  1    0   0   0   0   0   0   0   0   0   0   0   0   0   0   0   0   0   0   0   0  0.00    0.00
    2 E   -1  0  0  2 -4  2  5 -2  0 -3 -3  1 -2 -3 -1  0 -1 -3 -2 -2    0   0   0   0   0   0   0   0   0   0   0   0   0   0   0   0   0   0   0   0  0.00    0.00
    3 A    4 -1 -2 -2  0 -1 -1  0 -2 -1 -1 -1 -1 -2 -1  1  0 -3 -2  0    0   0   0   0   0   0   0   0   0   0   0   0   0   0   0   0   0   0   0   0  0.00    0.00
    4 A    4 -1 -2 -2  0 -1 -1  0 -2 -1 -1 -1 -1 -2 -1  1  0 -3 -2  0    0   0   0   0   0   0   0   0   0   0   0   0   0   0   0   0   0   0   0   0  0.00    0.00
    5 M   -1 -2 -3 -4 -2 -1 -3 -3 -2  1  2 -2  6  4 -3 -2 -1 -1  1  0    0   0   0   0   0   0   0   0   0   0   0   0  71  29   0   0   0   0   0   0  0.36 0.02
    6 L   -2 -2 -3 -4 -2 -2 -3 -4 -3  2  3 -2  5  0 -3 -2 -1  6  0  0    0   0   0   0   0   0   0   0   0   9  32   0  42   0   0   0   0  17   0   0  0.51 0.05
    7 Q   -1 -1  2  4 -3  3  3 -2 -1 -3 -3  0 -2 -4 -2  0  1 -4 -3 -3    0   0   8  39   0  21  18   0   0   0   0   0   0   0   0   0  14   0   0   0  0.50 0.04
    8 M    1 -2 -2 -3 -1 -2 -2 -2 -2  2  2 -2  2 -1 -2  0  1 -3 -2  1   14   0   0   0   0   0   0   0   0  19  21   0  14   0   0   8  14   0   0  10  0.16 0.02
    9 L   -2 -3 -4 -4 -2 -3 -3 -4 -3  4  3 -3  2  0 -3 -3 -1 -2 -2  2    0   0   0   0   0   0   0   0   0  42  44   0   7   0   0   0   0   0   0   7  0.42 0.04
   10 E   -1 -1  1  0 -3  2  4 -2 -1  0 -2  0 -1 -3 -2  0  2 -3 -2  0    0   0  10   0   0   6  47   0   0  10   0   0   0   0   0   0  20   0   0   7  0.31 0.04
   11 K    0  0  0 -1 -2  2  2  1  1 -1 -2  2 -1 -3 -2  1  1 -3 -2 -1    6   0   0   0   0  10  14  14   6   7   0  26   0   0   0   7  10   0   0   0  0.19 0.02
   12 V   -1 -3 -3 -3 -1 -3 -3  1 -3  3  2 -3  1 -1 -3 -2 -1 -3 -2  3    0   0   0   0   0   0   0  13   0  23  14   0   0   0   0   0   0   0   0  50  0.29 0.04
   13 V   -2 -3 -4 -4 -2 -3 -3 -4 -3  2  4 -3  2  2 -3 -3 -2 -2  0  1    0   0   0   0   0   0   0   0   0  10  70   0   0  13   0   0   0   0   0   6  0.44 0.04
   14 A    1 -2 -1  2 -2 -1  1  1 -2  2 -1 -1 -1 -2 -2  0  1 -3 -2  0   13   0   0  14   0   0  13  10   0  28   0   0   0   0   0   6  16   0   0   0  0.11 0.02
   15 H    0  3  0 -1 -3  2  0 -2  4 -3 -3  3 -2 -3 -2  0 -1 -3 -1 -2   13  14   0   0   0  14   0   0  19   0   0  41   0   0   0   0   0   0   0   0  0.40 0.04
   16 N   -2 -1  6  0 -3 -1 -1 -1  0 -3 -3 -1 -2 -1 -3  0 -1 -2  3 -3    0   0  80   0   0   0   0   0   0   0   0   0   0   0   0   0   0   0  20   0  0.76 0.08
   17 G    2 -2  0 -1 -2 -1 -1  4 -2 -3 -3 -1 -2 -3 -2  3  0 -3 -3 -2   16   0   0   0   0   0   0  50   0   0   0   0   0   0   0  34   0   0   0   0  0.57 0.05
   18 L   -2 -3 -4 -4 -2 -3 -3 -4 -3  1  5 -3  2  0 -4 -3 -2 -2 -2  1    0   0   0   0   0   0   0   0   0   0 100   0   0   0   0   0   0   0   0   0  0.64 0.07
   19 V   -1 -3 -3 -4 -1 -3 -3 -4 -3  3  2 -3  2  0 -3 -2 -1 -3 -1  3    0   0   0   0   0   0   0   0   0  29  25   0   9   0   0   0   0   0   0  36  0.36 0.03
   20 A    1 -2 -1 -2 -1 -1 -2 -2 -2  0 -1 -1 -1  2 -2  1  4 -2 -1  1   20   0   0   0   0   0   0   0   0   0   0   0   0  15   0   0  51   0   0  13  0.26 0.04
   21 S    4 -2 -2 -2 -1 -1 -1  2 -2 -2 -2 -1 -2 -3 -1  1  0 -3 -2 -1   81   0   0   0   0   0   0  13   0   0   0   0   0   0   0   6   0   0   0   0  0.48 0.06
   22 F   -3 -3 -4 -4 -3 -4 -4 -4 -2  0  1 -4  0  7 -4 -3 -3  0  3 -1    0   0   0   0   0   0   0   0   0   0  10   0   0  90   0   0   0   0   0   0  0.92 0.08
   23 A    4 -2 -2 -3 -1 -2 -2 -1 -2  0  1 -2  0 -2 -2  0  0 -3 -2  2   64   0   0   0   0   0   0   0   0   0  15   0   0   0   0   0   0   0   0  20  0.28 0.04
   24 L   -1 -3 -3 -4  3 -3 -3 -4 -3  2  1 -3  0  5 -3 -2 -1 -1  1  2    0   0   0   0   9   0   0   0   0   7  11   0   0  43   0   0   0   0   0  30  0.38 0.04
   25 V   -1 -3 -3 -4 -1 -2 -3 -4 -3  2  1 -3  2 -1 -3 -2  1 -3 -2  5    0   0   0   0   0   0   0   0   0   6   0   0   6   0   0   0   9   0   0  79  0.43 0.07
   26 G    0 -3 -1 -2 -3 -2 -2  6 -2 -4 -4 -2 -3 -4 -3  1 -1 -3 -3 -4    0   0   0   0   0   0   0  87   0   0   0   0   0   0   0  13   0   0   0   0  1.04 0.08
   27 L    0 -2 -3 -3 -1 -2 -3 -1 -3  2  3 -2  1 -1 -3 -1  0 -3 -2  2    8   0   0   0   0   0   0   5   0  21  39   0   0   0   0   6   5   0   0  15  0.19 0.03
   28 I   -1 -2 -3 -3 -1 -2 -3 -3 -3  3  3 -2  2  0 -3 -1  1 -3 -2  2    0   0   0   0   0   0   0   0   0  24  35   0   9   0   0   0  18   0   0  15  0.28 0.03
   29 M    1 -2 -3 -3 -2 -1 -2 -3 -3  2  1 -2  5 -1 -3 -1  1 -3 -2  2   12   0   0   0   0   0   0   0   0  18   0   0  45   0   0   0   8   0   0  17  0.29 0.06
   30 W   -1 -3 -4 -4 -2 -3 -3 -3 -3  1  2 -3  0  0 -4 -3 -2  9  2 -1    8   0   0   0   0   0   0   0   0   8  35   0   0   0   0   0   0  43   6   0  0.97 0.08
   31 L   -1 -3 -4 -4 -2 -3 -3 -4 -3  2  3 -3  2  3 -3 -3 -1 -1  0  2    0   0   0   0   0   0   0   0   0  12  35   0   7  20   0   0   0   0   0  26  0.34 0.04
   32 S    1 -1  0 -1 -1 -1 -1 -1 -2 -3 -3 -1 -2 -3 -1  5  1 -3 -2 -2    7   0   0   0   0   0   0   0   0   0   0   0   0   0   0  93   0   0   0   0  0.64 0.09
   33 S   -1 -1  3 -1 -3  1 -1 -2  3 -2 -2 -1 -1  1 -3  1 -1  0  5  0    0   0  23   0   0   7   0   0   8   0   0   0   0   0   0  13   0   0  39   9  0.36 0.06
   34 I   -1  0 -3 -3 -2  0  0 -3 -2  0  1  0  0  2 -3 -2 -2  7  1  0    4   5   0   0   0   4   7   0   0   4  24   8   0  15   0   0   0  24   0   6  0.40 0.04
   35 A   -1 -3 -3 -4 -2 -2 -3 -4 -3  2  4 -3  1  1 -3 -2  0 -2 -1  1    4   0   0   0   0   0   0   0   0   9  62   0   0   8   0   0   8   0   0   9  0.33 0.04
   36 S    2 -1  0 -1 -1 -1 -1 -1 -2 -3 -3 -1 -2 -3 -1  5  2 -3 -2 -2   13   0   0   0   0   0   0   0   0   0   0   0   0   0   0  76  11   0   0   0  0.52 0.08
   37 R    0  2  1  3 -3  1  1 -2 -1 -3 -3  4 -2 -4 -2  0 -1 -4 -3 -3    8   8   5  24   0   0   6   0   0   0   0  50   0   0   0   0   0   0   0   0  0.43 0.05
   38 K   -2  4 -1 -2 -4  0 -1 -3  4 -3 -3  2 -2 -1 -3 -1 -2 -1  4 -3    0  44   0   0   0   0   0   0  16   0   0  18   0   0   0   0   0   0  21   0  0.53 0.06
   39 L   -2 -3 -4 -4 -2 -3 -3 -4 -3  2  4 -3  2  2 -3 -3 -1 -2 -1  2    0   0   0   0   0   0   0   0   0   9  72   0   0   8   0   0   0   0   0  11  0.46 0.05
   40 T   -1 -2 -1 -2 -1 -1 -2 -2 -2 -1  0 -1 -1 -2 -2  1  5 -3 -2  0    0   0   0   0   0   0   0   0   0   0  11   0   0   0   0   7  82   0   0   0  0.55 0.08
   41 F    0  2  3 -1 -3  0 -1 -1  3 -3 -2  2 -2  1 -2  0 -1 -2  0 -2   15  15  26   0   0   0   0   0  11   0   0  20   0  13   0   0   0   0   0   0  0.24 0.04
   42 G    0 -2  0 -1 -3 -1  1  6 -2 -4 -4  0 -3 -4 -2 -1 -2 -3 -3 -4    0   0   4   0   0   0  11  76   0   0   0   9   0   0   0   0   0   0   0   0  0.82 0.07
   43 R   -2  5 -1 -2 -4  1  0 -3  2 -3 -3  3 -2 -2 -2 -1 -2 -2  1 -3    0  59   0   0   0   0   0   0   5   0   0  28   0   0   0   0   0   0   8   0  0.64 0.07
   44 V   -1 -3 -4 -4 -1 -3 -3 -4 -3  2  3 -3  1  2 -3 -3 -1 -2  0  3    0   0   0   0   0   0   0   0   0   8  50   0   0  11   0   0   0   0   0  31  0.34 0.02
   45 H   -2  0  0 -1 -4  3  0 -3  8 -4 -3 -1 -2 -2  2 -1 -2 -3  1 -3    0   0   0   0   0  20   0   0  68   0   0   0   0   0  12   0   0   0   0   0  0.82 0.06
   46 G    0 -3 -1 -2 -3 -2 -2  6 -2 -4 -4 -2 -3 -3 -3  0 -2  5 -2 -3    0   0   0   0   0   0   0  80   0   0   0   0   0   0   0  10   0  10   0   0  0.92 0.04
   47 S    1 -1  0 -1 -1 -1 -1 -1 -1 -2 -2 -1 -2 -3 -1  5  1 -3 -2  0    0   0   0   0   0   0   0   0   0   0   0   0   0   0   0  92   0   0   0   8  0.50 0.06
   48 A    5 -2 -2 -2 -1 -1 -1  0 -2 -2 -2 -1 -1 -3 -1  1  1 -3 -2  0   90   0   0   0   0   0   0   0   0   0   0   0   0   0   0   0  10   0   0   0  0.47 0.05
   49 I   -2 -3 -4 -4 -2 -3 -4 -4 -4  5  1 -3  1 -1 -3 -3 -1 -3 -2  3    0   0   0   0   0   0   0   0   0  87   0   0   0   0   0   0   0   0   0  13  0.52 0.05
   50 A    5 -2 -2 -2 -1 -1 -1  0 -2 -1  0 -1 -1 -2 -1  1  0 -3 -2  0   90   0   0   0   0   0   0   0   0   0  10   0   0   0   0   0   0   0   0   0  0.43 0.05
   51 I   -2 -3 -4 -4 -2 -3 -4 -4 -4  5  1 -3  2  0 -3 -3 -1 -3 -2  2    0   0   0   0   0   0   0   0   0  90   0   0  10   0   0   0   0   0   0   0  0.51 0.05
   52 V    0 -3 -3 -3 -1 -2 -3 -3 -3  3  1 -2  1  2 -3 -1  1 -2  0  2    9   0   0   0   0   0   0   0   0  34   9   0   0  15   0   0  10   0   0  22  0.21 0.02
   53 I   -2 -3 -4 -4 -2 -3 -3 -4 -3  4  3 -3  3  1 -3 -3 -1 -2 -1  2    0   0   0   0   0   0   0   0   0  60  26   0  10   5   0   0   0   0   0   0  0.39 0.03
   54 G    0 -3 -1 -2 -3 -2 -3  6 -3 -4 -4 -2 -3 -4 -3 -1 -2 -3 -4 -4    0   0   0   0   0   0   0 100   0   0   0   0   0   0   0   0   0   0   0   0  1.20 0.06
   55 L   -2 -3 -4 -4 -2 -3 -3 -4 -3  1  5 -3  2  0 -3 -3 -2 -2 -1  1    0   0   0   0   0   0   0   0   0   0 100   0   0   0   0   0   0   0   0   0  0.59 0.05
   56 A    1 -2 -2 -3 -1 -2 -2 -3 -3  3  2 -2  1 -1 -2  0  0 -3 -2  3   11   0   0   0   0   0   0   0   0  21  19   0   0   0   0  12   0   0   0  37  0.21 0.02
   57 L    1 -2 -3 -4 -2 -2 -3 -3 -3  2  3 -2  3  2 -3 -2 -1 -2 -1  1   17   0   0   0   0   0   0   0   0  11  46   0  15  11   0   0   0   0   0   0  0.28 0.04
   58 A    4 -2 -2 -2 -1 -1 -1  0 -2 -1 -2 -1 -1 -3 -1  2  0 -3 -2  0   80   0   0   0   0   0   0   0   0   0   0   0   0   0   0  12   0   0   0   9  0.45 0.08
   59 Y   -2 -3 -3 -4  3 -2 -3 -4  0 -2 -1 -3 -1  4 -4 -2 -2  7  7 -2    0   0   0   0   9   0   0   0   0   0   0   0   0  15   0   0   0  16  60   0  0.99 0.09
   60 V   -2 -3 -3 -4 -2 -3 -3 -4 -2  3  2 -3  2  3 -3 -3 -1  3  2  2    0   0   0   0   0   0   0   0   0  27  18   0   6  17   0   0   0   6   6  21  0.32 0.04
   61 G    2 -3 -1 -2 -2 -2 -2  6 -3 -4 -4 -2 -3 -4 -2  0 -2 -3 -3 -3   22   0   0   0   0   0   0  78   0   0   0   0   0   0   0   0   0   0   0   0  0.92 0.08
   62 G   -1 -3 -1  1 -3 -2 -2  6 -3 -5 -4 -2 -3 -4 -3 -1 -2 -3 -4 -4    0   0   0  11   0   0   0  89   0   0   0   0   0   0   0   0   0   0   0   0  1.12 0.10
   63 A    0 -2 -2 -2 -1 -1 -2 -2 -2  1  0 -2  1  1  2  0  1  3 -1  2    4   1   1   1   0   0   1   1   0   7   4   1   5   7  10   9  14   5   0  30  0.14 0.03
   64 L   -1 -2 -2 -3 -2 -2 -2 -3 -1  2  2 -2  1  1 -2 -1 -1  3  4  1    4   1   1   1   0   0   1   1   0  19  21   1   5   0   1   4   1   4  25  10  0.21 0.03
   65 T   -1 -2 -1 -2 -1 -1 -1 -2 -2 -1 -2 -1 -1 -2 -1  1  5 -2  1 -1    1   1   1   1   0   0   1   1   0   1   1   1   0   0   1   1  81   0   8   1  0.56 0.09
   66 G    0 -2  1  1 -3  1  0  5 -1 -3 -3 -1 -2 -3 -2  0 -1 -3 -3 -3    1   1   7   7   0   8   9  62   0   1   1   1   0   0   1   1   1   0   0   1  0.60 0.05
   67 G    0 -2 -1 -2 -3 -2 -2  6 -2 -4 -3  0 -3 -3 -2 -1 -2 -3 -3 -3    1   1   1   1   0   0   1  83   0   1   1   7   0   0   1   1   1   0   0   1  0.93 0.08
   68 E   -1  1  0  3 -3  3  2 -2 -1 -3 -3  2 -2 -3 -2  1  1 -3 -2 -3    0   9   0  17   0  19  19   0   0   0   0  12   0   0   0  17   7   0   0   0  0.37 0.04
   69 K   -1  2  1 -1 -4  2  0 -2 -1 -3 -3  5 -2 -4 -2  0 -1 -4 -2 -3    0   5   6   0   0   6   0   0   0   0   0  76   0   0   0   6   0   0   0   0  0.61 0.09
   70 G    0 -3 -1 -2 -3 -3 -3  7 -3 -5 -5 -2 -4 -4 -3 -1 -2 -3 -4 -4    0   0   0   0   0   0   0 100   0   0   0   0   0   0   0   0   0   0   0   0  1.35 0.11
   71 L   -2 -3 -4 -4 -2 -3 -3 -4 -4  3  3 -3  1  0 -3 -3 -1 -3 -2  2    0   0   0   0   0   0   0   0   0  34  48   0   0   0   0   0   0   0   0  17  0.45 0.06
   72 A    4 -2 -1 -2 -1 -1 -1  0 -2 -2 -2 -1 -1 -3 -1  2  0 -3 -2  0   73   0   0   0   0   0   0   0   0   0   0   0   0   0   0  22   0   0   0   5  0.48 0.08
   73 D   -2 -2  2  6 -4 -1  2 -2 -1 -4 -4 -1 -4 -4 -2 -1 -2 -5 -4 -4    0   0  11  79   0   0   9   0   0   0   0   0   0   0   0   0   0   0   0   0  1.02 0.10
   74 V   -2 -3 -4 -4 -2 -3 -4 -4 -4  5  1 -3  1 -1 -3 -3 -1  5 -1  3    0   0   0   0   0   0   0   0   0  64   8   0   0   0   0   0   0   9   0  18  0.53 0.08
   75 P    2 -2 -2 -2 -2 -1 -1  0 -2 -2 -3 -1 -2 -3  5  1  2 -3 -3 -1   32   0   0   0   0   0   0   6   0   0   0   0   0   0  36   6  20   0   0   0  0.65 0.06
   76 L   -1  0 -3 -4 -2 -2 -3 -4 -3  2  3 -2  1  0 -3 -2 -1 -3 -2  2    5   9   0   0   0   0   0   0   0  15  53   0   0   0   0   0   0   0   0  17  0.31 0.05
   77 F   -2 -3 -3 -4 -3 -3 -3 -4 -2  0  2 -3  0  6 -4 -1 -2  0  2 -1    0   0   0   0   0   0   0   0   0   0  26   0   0  64   0   9   0   0   0   0  0.62 0.09
   78 A    3 -2  0 -1 -1 -1 -1  0 -2 -2 -3 -1 -2 -3 -1  4  1 -3 -2 -2   35   0   0   0   0   0   0   5   0   0   0   0   0   0   0  55   5   0   0   0  0.45 0.08
   79 G    0 -3 -1 -2 -3 -3 -3  7 -3 -5 -5 -2 -4 -4 -3 -1 -2 -3 -4 -4    0   0   0   0   0   0   0 100   0   0   0   0   0   0   0   0   0   0   0   0  1.35 0.11
   80 I   -2 -3 -4 -4 -2 -3 -3 -4 -3  4  2 -3  3  1 -3 -3 -1 -2 -1  2    0   0   0   0   0   0   0   0   0  49  18   0  11   7   0   0   0   0   0  14  0.40 0.06
   81 G    2 -3 -1 -2 -2 -2 -2  6 -2 -3 -3 -2 -3 -3 -2  0 -2 -3 -3 -3   28   0   0   0   0   0   0  72   0   0   0   0   0   0   0   0   0   0   0   0  0.83 0.07
   82 L   -2 -3 -4 -4 -2 -3 -3 -4 -3  2  4 -3  2  2 -3 -3 -1 -2 -1  1    0   0   0   0   0   0   0   0   0  11  72   0   0   8   0   0   0   0   0   9  0.46 0.05
   83 M   -2 -2 -3 -4 -2 -2 -3 -4 -3  1  3 -2  6  2 -3 -2 -1 -2 -1  0    0   0   0   0   0   0   0   0   0   0  41   0  51   8   0   0   0   0   0   0  0.51 0.08
   84 G    0 -3 -1 -2 -3 -2 -3  7 -3 -5 -4 -2 -3 -4 -3 -1 -2 -3 -4 -4    0   0   0   0   0   0   0 100   0   0   0   0   0   0   0   0   0   0   0   0  1.28 0.08
   85 G    0 -3 -1 -2 -3 -2 -3  7 -3 -5 -4 -2 -3 -4 -3 -1 -2 -3 -4 -4    0   0   0   0   0   0   0 100   0   0   0   0   0   0   0   0   0   0   0   0  1.28 0.08
   86 A    4 -2 -1 -2 -1 -1 -1  1 -2 -2 -2 -1 -2 -3  2  1  1 -3 -2 -1   61   0   0   0   0   0   0  10   0   0   0   0   0   0  10   8  11   0   0   0  0.40 0.05
   87 M   -2 -2 -3 -4 -2 -1 -3 -4 -2  1  2 -2  8 -1 -3 -2 -1 -2 -2  0    0   0   0   0   0   0   0   0   0   0   0   0 100   0   0   0   0   0   0   0  0.92 0.13
   88 L   -2 -3 -4 -4 -2 -3 -4 -4 -3  1  4 -3  2  3 -4 -3 -2 -1  0  0    0   0   0   0   0   0   0   0   0   0  83   0   0  17   0   0   0   0   0   0  0.55 0.06
   89 R   -2  6 -1 -2 -4  2  0 -3 -1 -4 -3  2 -2 -4 -3 -1 -2 -3 -2 -3    0  89   0   0   0  11   0   0   0   0   0   0   0   0   0   0   0   0   0   0  0.94 0.09
   90 D   -2 -2  1  6 -4 -1  2 -2 -2 -1 -3 -1 -3 -4 -2 -1 -1 -5 -3 -2    0   0   0  79   0   0  11   0   0  10   0   0   0   0   0   0   0   0   0   0  0.85 0.07
   91 F    0 -3 -4 -4 -2 -3 -3 -3 -2  0  2 -3  0  6 -4 -2 -2  0  2 -1   10   0   0   0   0   0   0   0   0   0  26   0   0  64   0   0   0   0   0   0  0.58 0.06
   92 A    5 -2 -2 -2 -1 -1 -1  0 -2 -2 -2 -1 -1 -3 -1  1 -1 -3 -2 -1  100   0   0   0   0   0   0   0   0   0   0   0   0   0   0   0   0   0   0   0  0.63 0.08
   93 I    0 -3 -4 -4 -2 -3 -3 -4 -4  5  1 -3  1 -1 -3 -2 -1 -3 -2  3   10   0   0   0   0   0   0   0   0  80   0   0   0   0   0   0   0   0   0  10  0.47 0.07
   94 V    1 -3 -3 -3 -1 -2 -3 -3 -3  2  0 -3  0 -1 -3 -1  0 -3 -2  4   16   0   0   0   0   0   0   0   0   5   0   0   0   0   0   0   0   0   0  78  0.41 0.06
   95 A    4 -2 -1 -1 -1 -1 -1  0 -2 -2 -2 -1 -2 -3 -1  3  0 -3 -2 -1   59   0   0   0   0   0   0   0   0   0   0   0   0   0   0  41   0   0   0   0  0.46 0.06
   96 T   -1  1 -1 -2 -2 -1 -1 -2 -2 -1  0 -1 -1 -2 -2  1  5 -3 -2 -1    0  10   0   0   0   0   0   0   0   0  11   0   0   0   0   0  79   0   0   0  0.49 0.08
   97 A    4 -2 -2 -2 -1 -1 -1  1  2 -1 -2 -1 -1 -2 -2  0 -1 -3 -2  1   74   0   0   0   0   0   0   5  10   0   0   0   0   0   0   0   0   0   0  11  0.37 0.06
   98 F    0 -3 -3 -3 -2 -2 -3  0 -1 -1  0 -3  2  5 -3 -2 -2  0  4 -1   11   0   0   0   0   0   0  10   0   0   4   0  10  44   0   0   0   0  22   0  0.42 0.05
   99 E    0 -2  0  0 -3  0  2  5 -2 -4 -4 -1 -3 -4 -2  2 -1 -3 -3 -3    0   0   0   0   0   0  25  55   0   0   0   0   0   0   0  20   0   0   0   0  0.60 0.05
  100 V    2  0 -3 -3 -1 -2 -2 -2 -3  2  0 -1  0 -2 -2 -1  0 -3 -2  4   25  10   0   0   0   0   0   0   0   0   0   0   0   0   0   0   0   0   0  65  0.28 0.06
  101 Q   -1  1  0  5 -4  2  1 -2  1 -3 -3  2 -2 -4 -2  0 -1 -4 -2 -3    0   5   0  48   0  14   0   0   5   0   0  23   0   0   0   5   0   0   0   0  0.52 0.05
  102 P    1 -3 -3 -3 -2 -2 -2 -3 -3  2  2 -2  1  2  2 -1 -1 -2 -1  2   16   0   0   0   0   0   0   0   0  15  22   0   5  13  14   0   0   0   0  16  0.22 0.02
  103 T    0  2  1  0 -2  1  1 -2 -1 -2 -2  2 -1 -3 -1  2  2 -3 -2 -1    0   9   5   0   0   5  11   0   0   0   0  23   0   0   0  29  14   0   0   5  0.26 0.03
  104 E    1 -1 -1  2 -3  2  2 -2 -1 -2  0  1 -1 -3  3 -1 -1 -3 -2 -2   14   0   0  14   0  14  14   0   0   0  14  14   0   0  14   0   0   0   0   0  0.27 0.08
  105 A    1 -2 -3 -3 -2 -2 -2 -3  3  2  2 -2  1  2 -3 -2 -1 -2  0  1   19   0   0   0   0   0   0   0  12  21  30   0   0  12   0   0   0   0   0   6  0.20 0.05
  106 R   -2  5 -1 -2 -4  1  0 -3 -1 -4 -3  5 -2 -4 -2 -1 -2 -4 -3 -3    0  35   0   0   0   0   0   0   0   0   0  65   0   0   0   0   0   0   0   0  0.80 0.13
  107 K   -1  3  3 -1 -3  3  0 -2  0 -3 -3  2 -1 -3 -2  0  2 -3 -2 -2    0  20  20   0   0  20   0   0   0   0   0  20   0   0   0   0  20   0   0   0  0.36 0.06
  108 A    4 -2 -2 -2 -1 -1 -1 -1 -1 -2 -2 -1 -2  0 -2  2  0 -1  4 -1   58   0   0   0   0   0   0   0   0   0   0   0   0   0   0  18   0   0  25   0  0.41 0.08
  109 G    2 -3 -1 -2 -2 -2 -2  6 -3 -4 -4 -2 -3 -4 -2  0 -2 -3 -3 -3   25   0   0   0   0   0   0  75   0   0   0   0   0   0   0   0   0   0   0   0  0.93 0.09
  110 L    1 -1 -2 -3 -2 -1 -2 -3 -2  0  1  1  3  2  3 -1 -1 -2 -1  1   14   0   0   0   0   0   0   0   0   0  14  14  14  14  14   0   0   0   0  14  0.19 0.08
  111 V    1 -1 -3 -3 -1 -2 -2 -3 -3  3  0 -2  0 -1 -3  0 -1 -3 -2  3   19   5   0   0   0   0   0   0   0  28   0   0   0   0   0   5   0   0   0  42  0.27 0.07
  112 G    2 -3 -1 -2  3 -2 -3  6 -3 -4 -4 -2 -3 -4 -3 -1 -2 -3 -4 -3   18   0   0   0   8   0   0  73   0   0   0   0   0   0   0   0   0   0   0   0  0.91 0.10
  113 V    1 -3 -3 -4 -1 -3 -3 -3 -3  2  3 -3  1 -1 -3 -2 -1 -3 -2  3   14   0   0   0   0   0   0   0   0  11  33   0   0   0   0   0   0   0   0  42  0.34 0.06
  114 V    0  1 -3 -3 -2 -2 -2 -3 -3  3  2 -2  1 -1 -3 -1 -1 -3 -2  3    7  12   0   0   0   0   0   0   0  20  24   0   0   0   0   4   0   0   0  33  0.23 0.05
  115 S    3 -2 -1 -2 -1 -1 -1  2 -2 -3 -3 -1 -2 -3 -2  3  0 -3 -3 -2   43   0   0   0   0   0   0  12   0   0   0   0   0   0   0  45   0   0   0   0  0.47 0.09
  116 L   -2  2 -3 -3 -2 -1  0 -4 -2  1  3 -1  1 -1 -3 -2 -1 -3 -2  1    0  16   0   0   0   0  12   0   0   4  56   0   0   0   0   0   0   0   0  12  0.27 0.07
  117 L    1 -2 -2 -3 -2 -2 -2 -1 -2  0  3 -2  1  2 -3  1 -1 -2  0  0   16   0   0   0   0   0   0   4   0   0  43   0   0  15   0  16   0   0   0   7  0.18 0.05
  118 L    1 -2 -2 -3 -1 -2 -2 -3 -3  2  3 -2  3 -1 -3  1 -1 -3 -2  1   12   0   0   0   0   0   0   0   0  14  40   0  12   0   0  16   0   0   0   5  0.22 0.05
  119 G   -1 -2 -1 -2 -3  1 -2  6 -2 -5 -4 -2 -3 -4 -3 -1 -2 -3 -4 -4    0   0   0   0   0  12   0  88   0   0   0   0   0   0   0   0   0   0   0   0  1.15 0.12
  120 T   -1 -3 -2 -3  6 -2 -3 -3 -3  1  0 -3  0 -2 -3 -1  3 -3 -2  3    0   0   0   0  25   0   0   0   0   7   8   0   0   0   0   0  29   0   0  31  0.43 0.08
  121 V    1 -2 -2 -3 -1 -2 -2 -2 -2  2  1 -2  0  2 -2  1  0 -2 -1  2   14   0   0   0   0   0   0   0   0  20   9   0   0  14   0  21   0   0   0  24  0.17 0.05
  122 L   -1 -3 -3 -3 -2 -2 -3 -4 -2  2  2 -3  0  0  4 -2 -1 -2  1  3    0   0   0   0   0   0   0   0   0  13  28   0   0   0  21   0   0   0   9  30  0.39 0.06
  123 P    0 -2 -1 -2 -3 -1 -1 -2 -2 -4 -4 -1 -3 -4  7  3  0 -4 -3 -3    0   0   0   0   0   0   0   0   0   0   0   0   0   0  54  46   0   0   0   0  1.19 0.13
  124 F   -2 -2 -2 -3 -3 -2 -3 -3 -2 -1 -1  0 -1  7 -3  1 -2  0  2 -2    0   0   0   0   0   0   0   0   0   0   0   9   0  70   0  21   0   0   0   0  0.69 0.12
  125 I    1 -2 -1 -2 -1 -2 -2  1 -2  2 -1 -2 -1  0 -2  2  1 -3 -2  2   14   0   0   0   0   0   0   9   0  18   0   0   0   4   0  27   8   0   0  19  0.15 0.05
  126 V    0  2 -2 -3 -2 -1 -2 -3 -2  1  1 -1  2  0 -3  0 -1 -2  1  2    5  22   0   0   0   0   0   0   0   9   7   0  11   3   0   8   0   0   6  29  0.15 0.05
  127 G   -1 -3 -2 -2 -3 -3 -3  6 -3 -2 -3 -3 -2 -3 -3 -1 -2 -3 -3  1    0   0   0   0   0   0   0  78   0   0   0   0   0   0   0   0   0   0   0  22  0.91 0.12
  128 A    3 -2 -2 -3 -1 -2 -2 -1 -3  0  1 -2  0 -2 -2  1  0 -3 -2  1   52   0   0   0   0   0   0   0   0   0  22   0   0   0   0   7   6   0   0  13  0.27 0.07
  129 C    1 -2 -2 -2  1 -2 -2  3 -2  0  1 -2  1  0 -2  0 -1 -3 -2  0   20   0   0   0   4   0   0  27   0   7  20   0   4   4   0  10   0   0   0   5  0.17 0.04
  130 V   -1 -3 -4 -4 -2 -3 -3 -4 -4  4  2 -3  2 -1 -3 -3 -1 -3 -2  3    0   0   0   0   0   0   0   0   0  31  22   0   8   0   0   0   0   0   0  38  0.45 0.08
  131 A    4 -2 -2 -2 -2 -2 -2  1 -3 -3 -3 -2 -2 -3  4  0 -1 -4 -3 -1   70   0   0   0   0   0   0   8   0   0   0   0   0   0  22   0   0   0   0   0  0.68 0.11
  132 R   -1 -1 -4 -4 -3 -3 -3 -3 -3  2  0 -3 -1  1 -4 -3 -2 10  3  0    8   4   0   0   0   0   0   0   0  18   8   0   0   4   0   0   0  47   8   3  1.12 0.12
  133 A    2 -2 -2 -3 -2 -2 -2  0 -3  1  3 -2  1 -1 -2  1 -1 -3 -2  0   24   0   0   0   0   0   0   5   0   6  49   0   3   0   0  13   0   0   0   0  0.23 0.06
  134 F   -3 -3 -4 -4 -3 -3 -4 -4 -2  0  2 -3  4  6 -4 -3 -2  0  1 -1    0   0   0   0   0   0   0   0   0   0  22   0  17  61   0   0   0   0   0   0  0.76 0.12
  135 G    2 -3 -1 -2 -3 -2 -3  6 -3 -4 -4 -2 -3 -4 -3 -1 -2 -3 -4 -3   22   0   0   0   0   0   0  78   0   0   0   0   0   0   0   0   0   0   0   0  1.03 0.12
  136 Y   -2 -3 -2 -4 -3 -2 -3 -4  0 -2 -2 -3 -2  3 -3 -2  2  1  7 -2    0   0   0   0   0   0   0   0   0   0   0   0   0   8   0   0  22   0  69   0  0.98 0.15
  137 T   -2  5  1 -1 -3  0  1 -3 -1 -3 -3  1 -2 -3 -2  0  3 -4 -2 -2    0  55   8   0   0   0   7   0   0   0   0   0   0   0   0   0  30   0   0   0  0.59 0.11
  138 D   -2 -2  3  6 -4 -1  1 -2 -1 -3 -3 -1  1 -4 -2 -1 -1 -5 -3 -3    0   0  14  76   0   0   0   0   0   0   0   0  10   0   0   0   0   0   0   0  0.90 0.09
  139 A    3 -2 -3 -2 -2 -2 -2 -2 -3  1 -2 -2 -2 -3  6  0 -1 -4 -3 -1   46   0   0   0   0   0   0   0   0  14   0   0   0   0  40   0   0   0   0   0  0.74 0.07
  140 V   -1 -3 -3 -2 -1 -2  0 -4 -3  3  1 -2  1 -1 -3 -2 -1 -3 -2  4    0   0   0   0   0   0  10   0   0  40   0   0   0   0   0   0   0   0   0  50  0.29 0.02
  141 S    2 -1  0  1 -1  0  0  0 -1 -3 -3  0 -2 -3 -1  4  1 -3 -2 -2   11   0   0   8   0   0   0   0   0   0   0   0   0   0   0  80   0   0   0   0  0.44 0.03
  142 M   -1 -2 -3 -4 -2 -2 -3 -4 -3  3  2 -2  5  0 -3 -2 -1 -2 -1  1    0   0   0   0   0   0   0   0   0  34  15   0  50   0   0   0   0   0   0   0  0.37 0.03
  143 T    1 -1  0 -1 -1 -1 -1 -2 -2 -1 -2 -1 -1 -3 -1  1  5 -3 -2  0   14   0   0   0   0   0   0   0   0   0   0   0   0   0   0   0  86   0   0   0  0.48 0.03
  144 T    0 -1  0 -1 -1 -1 -1 -2 -2 -1 -2 -1 -1 -3 -1  1  5 -3 -2  0    0   0   0   0   0   0   0   0   0   0   0   0   0   0   0   0 100   0   0   0  0.59 0.04
  145 I   -2 -3 -4 -4 -2 -3 -4 -4 -4  5  1 -3  1  0 -3 -3 -1 -3 -2  3    0   0   0   0   0   0   0   0   0 100   0   0   0   0   0   0   0   0   0   0  0.50 0.03
  146 G    1 -3 -1 -2 -3 -2 -2  6 -2 -4 -4 -2 -3 -3 -2  0 -2 -3 -3 -3    8   0   0   0   0   0   0  92   0   0   0   0   0   0   0   0   0   0   0   0  1.01 0.03
  147 A    4 -2 -1 -2 -1 -1 -1  2 -2 -2 -2 -1 -1 -3 -1  1  0 -3 -2 -1   79   0   0   0   0   0   0  14   0   0   0   0   0   0   0   6   0   0   0   0  0.41 0.02
  148 G    0 -3 -1 -2 -3 -2 -3  6 -2 -4 -4 -2 -3 -4 -3 -1 -2 -3 -4 -4    0   0   0   0   0   0   0 100   0   0   0   0   0   0   0   0   0   0   0   0  1.14 0.03
  149 A    5 -2 -2 -2 -1 -1 -1  0 -2 -2 -2 -1 -1 -3 -1  1  0 -3 -2  0  100   0   0   0   0   0   0   0   0   0   0   0   0   0   0   0   0   0   0   0  0.49 0.03
  150 V    1 -2 -3 -3  2 -1 -2 -2 -2  2  1 -2  3 -1 -2 -1  0 -3 -1  3   20   0   0   0   6   0   0   0   0   0   0   0  30   0   0   0   0   0   0  44  0.19 0.01
  151 T    0 -1  0 -1 -1 -1 -1 -2 -2 -1 -1 -1 -1 -2 -1  1  5 -3 -2  0    0   0   0   0   0   0   0   0   0   0   0   0   0   0   0   0 100   0   0   0  0.51 0.01
  152 Y   -2 -2 -2 -4 -3 -2 -2 -3  1 -1 -1 -2 -1  4 -3 -2 -2  2  7 -1    0   0   0   0   0   0   0   0   0   0   0   0   0  14   0   0   0   0  86   0  0.84 0.01
  153 I   -1 -3 -4 -3 -1 -3 -3 -4 -4  4  2 -3  1  0 -3 -3 -1 -3 -1  3    0   0   0   0   0   0   0   0   0  86   0   0   0   0   0   0   0   0   0  14  0.40 0.01
  154 V    0 -3 -3 -4 -1 -2 -3 -4 -3  3  1 -3  1 -1 -3 -2  0 -3 -1  4    0   0   0   0   0   0   0   0   0   0   0   0   0   0   0   0   0   0   0 100  0.38 0.01
  155 G    0 -3 -1 -2 -3 -2 -2  6 -2 -4 -4 -2 -3 -3 -2  0 -2 -3 -3 -4    0   0   0   0   0   0   0 100   0   0   0   0   0   0   0   0   0   0   0   0  1.07 0.01
  156 P   -1 -2 -2 -2 -3 -1 -1 -2 -2 -3 -3 -1 -3 -4  8 -1 -1 -4 -3 -3    0   0   0   0   0   0   0   0   0   0   0   0   0   0 100   0   0   0   0   0  2.07 0.01
  157 V    0 -3 -3 -3 -1 -3 -3 -4 -3  3  1 -3  1 -1 -3 -2  0 -3 -1  4    0   0   0   0   0   0   0   0   0  16   0   0   0   0   0   0   0   0   0  84  0.36 0.01
  158 T    0 -1  0 -1 -1 -1 -1 -2 -2 -1 -1 -1 -1 -2  2  1  5 -3 -2  0    0   0   0   0   0   0   0   0   0   0   0   0   0   0   8   0  92   0   0   0  0.48 0.01
  159 G    0 -3 -1 -2 -3 -2 -2  6 -2 -4 -4 -2 -3 -3 -2  0 -2 -3 -3 -4    0   0   0   0   0   0   0 100   0   0   0   0   0   0   0   0   0   0   0   0  1.07 0.01
  160 A    2 -1 -1 -1 -1  0  1 -1 -1 -2 -2  0 -1 -3 -1  2  3 -3 -2 -1   38   0   0   0   0   0  10   0   0   0   0   7   0   0   0  13  32   0   0   0  0.26 0.01
  161 A    4 -2 -1 -2 -1 -1 -1  0 -2 -1 -2 -1 -1 -2 -1  1  1 -3 -2  0   87   0   0   0   0   0   0   0   0   0   0   0   0   0   0   0  13   0   0   0  0.38 0.02
  162 I   -2 -3 -4 -4 -1 -3 -3 -4 -3  3  3 -3  2  0 -3 -3 -1 -2 -1  2    0   0   0   0   0   0   0   0   0  45  55   0   0   0   0   0   0   0   0   0  0.39 0.01
  163 G    0 -2  0 -1 -3 -2 -2  6 -2 -4 -4 -2 -3 -3 -2  1 -1 -3 -3 -3    0   0   0   0   0   0   0  87   0   0   0   0   0   0   0  13   0   0   0   0  0.90 0.02
  164 A    5 -2 -2 -2 -1 -1 -1  0 -2 -2 -2 -1 -1 -3 -1  1  0 -3 -2  0  100   0   0   0   0   0   0   0   0   0   0   0   0   0   0   0   0   0   0   0  0.45 0.02
  165 S    1 -1  0 -1 -1 -1 -1  1 -1 -2 -3 -1 -2 -3 -1  4  3 -3 -2 -2    0   0   0   0   0   0   0   6   0   0   0   0   0   0   0  67  26   0   0   0  0.45 0.05
  166 S    1 -1  0  1 -1  0  0  1 -1 -3 -3 -1 -2 -3 -1  5  1 -3 -2 -2    0   0   0   9   0   0   0   6   0   0   0   0   0   0   0  86   0   0   0   0  0.50 0.06
  167 D   -1 -1  0  5 -3  0  3 -2 -1 -2 -3  0 -2 -3 -2  0  0 -4 -3 -1    4   0   0  50   0   0  30   0   0   0   0   0   0   0   0   0   9   0   0   7  0.53 0.04
  168 V    0 -3 -3 -4 -1 -3 -3 -3 -4  3  1 -3  0 -1 -3 -2  0 -3 -2  5    7   0   0   0   0   0   0   0   0   6   0   0   0   0   0   0   0   0   0  87  0.42 0.06
  169 I   -1 -3 -3 -4 -2 -2 -3 -4 -3  4  1 -3  4  0 -3 -2 -1 -3 -2  2    4   0   0   0   0   0   0   0   0  61   0   0  26   0   0   0   0   0   0   9  0.37 0.05
  170 A    4 -2 -2 -2 -1 -1 -1  0 -2 -2 -2 -1 -1 -3 -1  1  2 -3 -2  0   86   0   0   0   0   0   0   0   0   0   0   0   0   0   0   0  14   0   0   0  0.45 0.06
  171 L   -2 -3 -4 -4 -2 -3 -3 -4 -3  2  4 -3  2  0 -3 -3 -1 -2 -1  1    0   0   0   0   0   0   0   0   0  14  86   0   0   0   0   0   0   0   0   0  0.52 0.05
  172 S    1 -1  0 -1 -1  0 -1 -1 -1 -3 -3 -1 -2 -3 -1  5  1 -3 -2 -2    0   0   0   0   0   0   0   0   0   0   0   0   0   0   0 100   0   0   0   0  0.61 0.08
  173 I   -1 -3 -4 -4 -1 -3 -3 -4 -4  4  1 -3  1 -1 -3 -2 -1 -3 -2  4    0   0   0   0   0   0   0   0   0  55   0   0   0   0   0   0   0   0   0  45  0.45 0.05
  174 A    5 -2 -2 -2 -1 -1 -1  0 -2 -2 -2 -1 -1 -3 -1  1  0 -3 -2 -1  100   0   0   0   0   0   0   0   0   0   0   0   0   0   0   0   0   0   0   0  0.55 0.07
  175 T    3 -2 -1 -2 -1 -1 -1 -1 -2  1 -1 -1 -1 -2 -1  0  2 -2 -2  0   43   0   0   0   0   0   0   0   0  14   0   0   0   0   0   0  23   0   0   0  0.10 0.03
  176 G    0 -2 -1 -1 -2 -2 -2  6 -2 -3 -3 -1 -2 -3 -2  0 -1 -2 -3 -3    2   1   1   1   0   1   1  82   0   1   2   1   0   1   1   1   1   0   1   1  0.80 0.04
  177 L   -1 -2 -2 -2 -1 -1 -2 -2 -2  1  3 -2  2  0 -2 -2 -1 -1 -1  1    2   1   1   1   1   1   2   2   1   1  62   2   4   1   1   2   2   0   1  11  0.23 0.03
  178 V   -1 -2 -2 -2 -1 -2 -2 -2 -2  3  1 -2  1  0 -2 -1  0 -2 -1  3    2   1   1   1   1   1   2   2   1  21  10   2   1   4   1   2   7   0   1  40  0.14 0.02
  179 K   -1  2  0 -1 -2  1  0 -1 -1 -2 -2  5 -1 -2 -1  0 -1 -2 -2 -2    2   1   1   1   1   1   2   2   1   1   2  74   1   1   1   2   2   0   1   2  0.41 0.06
  180 A    2 -1  0 -1 -1  0  0  0 -1 -1 -2  0 -1 -2  2  2  2 -2 -1 -1   24   1   1   1   1   1   2   2   1   1   2   2   1   1  10  31  15   0   1   2  0.23 0.03
  181 I   -1 -2  0 -2 -1 -1 -2 -2 -2  3  1 -2  0 -1 -2 -1  0 -2 -1  3    2   1  10   1   1   1   2   2   1  39   2   2   1   1   1   2   2   0   1  29  0.14 0.03
  182 I   -1 -2 -2 -2 -1 -1 -2 -2 -2  1  2 -2  2  2 -2 -1  0 -1  0  1    2   1   1   1   0   1   2   2   1  10  31   1   7  16   1   2   9   0   1   9  0.13 0.02
  183 V    0 -2 -2 -2 -1 -2 -2  0 -2  2  0 -2  0  1 -1 -1  0 -2  0  3    9   1   1   1   0   1   2   9   1   9   2   1   1  10   1   2   5   0   1  42  0.09 0.03
  184 M   -1 -1 -1  0 -1 -1 -1 -2 -2  1  1 -1  6 -1 -2 -1  0 -2 -1  0    2   1   1   9   0   1   2   2   1   9   2   1  53   1   1   2   8   0   1   2  0.23 0.06
  185 V   -1 -2 -1  0 -1 -1 -1 -2 -2  3  1 -2  0 -1 -2 -1  1 -2 -1  3    2   1   1   9   0   1   2   2   1  36   2   1   1   1   1   2   8   0   1  27  0.14 0.03
  186 G    1  0 -1 -1 -2 -1 -1  4 -1 -2 -1 -1  0 -2 -1  0 -1 -2 -2 -2   13   9   1   1   0   1   2  51   1   1   6   1   4   1   1   2   1   0   1   2  0.37 0.04
  187 T    1 -1  0 -1 -1 -1 -1 -1  2 -1 -1 -1 -1 -2 -1  1  4 -2 -1  0   10   1   1   1   0   1   2   2   8   1   2   1   1   1   1   2  61   0   1   2  0.31 0.06
  188 P   -1 -2 -2 -1 -2 -1 -1 -2 -2 -2 -2 -1 -2 -3  7 -1 -1 -3 -2 -2    2   1   1   1   0   1   2   2   1   1   2   1   1   1  76   2   1   0   1   2  1.46 0.08
  189 V   -1 -2 -2 -2 -1 -1 -2 -2 -2  1  3 -2  2  2 -2  0 -1 -1  0  1    2   1   1   1   0   1   2   2   1   9  41   1   7  12   1   9   1   0   1   6  0.13 0.02
  190 A    1 -2 -2 -2 -1 -1 -2 -2 -2  2  1 -1  1 -1 -1 -1  0 -2 -1  2   15   1   1   1   0   1   2   2   1  16  19   1   1   1   1   2   5   0   1  29  0.11 0.02
  191 A    4 -1 -1 -1 -1 -1 -1  0 -1 -1 -1 -1 -1 -2 -1  1  0 -2 -2  0   77   1   1   1   0   1   2   2   1   1   2   1   1   1   1   2   1   0   1   2  0.36 0.06
  192 N   -1  2  1 -1 -2  2  0 -1 -1 -2 -2  3 -1 -2  2  0 -1 -2 -2 -2    2  15   6   1   0   8   2   2   1   1   2  39   1   1   9   6   1   0   1   2  0.29 0.03
  193 F    0  0 -1 -2 -2 -1 -1 -1  0  0  0  0  2  2 -1  0 -1  4  2 -1    8   6   1   1   1   1   2   2   3   1   9   8  13  18   1   8   2   7   6   2  0.09 0.01
  194 M   -1 -2 -2 -2 -1 -1 -2 -2 -2  3  1 -2  3  0 -2 -1 -1 -2 -1  2    2   1   1   1   1   1   2   2   1  41   2   2  22   1   1   2   2   0   1  14  0.17 0.03
  195 G    0 -1 -1 -1 -2 -1 -1  5 -1 -2 -2  0 -2 -1 -1  0 -1 -1  2 -2    2   1   1   1   1   1   2  57   1   1   2   8   1   1   1   2   2   0  12   2  0.43 0.03
  196 L   -1 -2 -2 -2 -1 -2 -2 -2 -2  2  4 -2  1  0 -2 -2 -1 -1 -1  1    2   1   1   1   1   1   2   2   1   9  67   2   1   1   1   2   2   0   1   2  0.25 0.03
  197 K   -1  0  4  3 -2  0  0 -1  0 -2 -2  1 -2 -2 -1  0  0 -2 -2 -2    2   1  34  27   1   1   2   2   1   1   2  16   1   1   1   2   2   0   1   2  0.33 0.03
  198 T   -1 -1  5  1  2  0  0 -1  0 -2 -2  0 -2 -2 -1  1  1 -2 -2 -2    2   1  53   1   6   1   2   2   1   1   2   2   1   1   1  13   6   0   1   2  0.34 0.04
  199 P    0 -1 -1 -1 -2 -1 -1 -1 -2 -2 -2 -1 -2 -2  7  1 -1 -2 -2 -2    2   1   1   1   1   1   2   2   1   1   2   2   1   1  61  15   2   0   1   2  1.05 0.05
  200 R   -1  4  0 -1 -2  2  0 -2  3 -2 -2  2 -1 -2 -1  0 -1 -2 -1 -2    2  40   1   1   1   9   2   2  12   1   2  17   1   1   1   2   2   0   1   2  0.32 0.03
  201 S    2 -1  0 -1 -1  0  0  0 -1 -2 -2  0 -1 -2 -1  3  1 -2 -1 -1   19   1   1   1   1   1   2   2   1   1   2   2   1   1   1  57   2   0   1   2  0.28 0.04
  202 A    4 -1 -1 -1 -1 -1 -1  0 -1 -1 -1 -1 -1 -2 -1  1  0 -2 -1  0   75   1   1   1   1   1   2   2   1   1   2   2   1   1   1   2   2   0   1   2  0.31 0.04
  203 M   -1 -1 -2 -2 -1 -1 -2 -2 -2  1  2 -1  5  0 -2 -1 -1 -1 -1  1    2   1   1   2   1   1   2   2   1   8  10   2  52   1   1   2   2   0   1   8  0.21 0.04
  204 I    1 -2 -2 -2 -1 -1 -1 -2 -2  2  1 -1  1 -1 -1 -1  0 -2 -1  2   12   1   1   2   1   1   5   2   1  23  12   2   1   1   1   2   2   0   1  30  0.09 0.01
  205 F   -2 -2 -2 -2 -2 -2 -2 -2  0 -1  0 -2  0  6 -2 -2 -1  1  4 -1    2   1   1   2   1   1   2   2   1   1   3   2   1  58   1   2   2   0  16   2  0.43 0.04
  206 G    0 -1  0 -1 -2 -1 -1  5 -1 -2 -2 -1 -1 -2 -1  0 -1 -1 -2 -2    3   2   2   2   1   2   3  61   1   2   4   2   1   2   2   3   2   1   1   3  0.43 0.00
  207 G    2 -1 -1 -1 -1 -1 -1  3 -1 -2 -2 -1 -1 -2 -1  0  0 -2 -2 -1   36   2   1   2   1   1   2  36   1   2   3   2   1   1   2   2   2   0   1   2  0.26 0.00
  208 L   -1 -2 -3 -3 -1 -2 -2 -3 -2  1  3 -2  2  1 -2 -2 -1 -1 -1  2    1   1   1   1   0   1   1   1   0   1  62   1   4   5   1   1   1   0   1  17  0.25 0.02
  209 A    1  0 -2 -2 -1  0 -1 -2 -1  1  1  1  4 -1 -2 -1 -1 -2 -1  1   18   1   1   1   0   1   1   1   0   4   1  18  44   1   1   1   1   0   0   6  0.13 0.03
  210 G    1 -2 -1 -1 -2 -1 -2  5 -2 -3 -3 -1 -2 -3 -2  0 -1 -2 -2 -2   18   1   1   1   0   1   1  70   0   1   1   1   0   1   1   1   1   0   0   1  0.65 0.03
  211 T    0 -1  2 -1 -1 -1 -1 -1 -1 -1 -1 -1  0 -2 -1  1  4 -2 -2 -1    1   1  18   1   0   1   1   1   0   1   1   1   5   1   1   1  65   0   0   1  0.32 0.03
  212 V    0 -1  0 -1 -1 -1 -1 -2 -2  1  0  0  0 -2 -1  0  3 -2 -1  2    1   1   4   1   0   1   1   1   0   1   1   8   0   1   1   1  36   0   0  41  0.16 0.02
  213 S    1 -1  0 -1 -1  0  0  2 -1 -2 -2  0 -2 -2 -1  4  1 -2 -2 -2    1   1   1   1   0   1   1  18   0   1   1   1   0   1   1  70   1   0   0   1  0.36 0.03
  214 G    0  0 -1 -2 -3 -2 -2  6 -2 -4 -4 -1 -3 -4 -3 -1 -2 -3 -3 -4    0   8   0   0   0   0   0  92   0   0   0   0   0   0   0   0   0   0   0   0  0.99 0.05
  215 V    0 -3 -3 -3 -1 -2 -3 -3 -3  2  0 -2  0 -1 -3 -1  1 -3 -2  4    0   0   0   0   0   0   0   0   0   0   0   0   0   0   0   0  14   0   0  86  0.36 0.04
  216 S    2 -1 -1 -1 -1 -1 -1 -1 -2  0 -1 -1 -1 -2 -1  1  2 -2 -1  0   36   1   1   1   0   1   1   1   0   8   2   1   0   1   1  12  27   0   1   6  0.18 0.01
  217 A    3 -1 -1 -1 -1 -1 -1  4 -2 -2 -2 -1 -1 -2 -1  1  0 -2 -2 -1   48   1   1   1   0   1   1  36   0   1   2   1   0   1   1   1   1   0   1   1  0.33 0.00
  218 G    0 -3  0 -1 -3 -2 -2  6 -2 -4 -4 -2 -3 -3 -2  0 -2 -3 -3 -3    0   0   0   0   0   0   0 100   0   0   0   0   0   0   0   0   0   0   0   0  1.05 0.01
  219 L   -2 -2 -4 -4 -1 -2 -3 -4 -3  2  4 -3  2  0 -3 -3 -1 -2 -1  1    0   0   0   0   0   0   0   0   0   0 100   0   0   0   0   0   0   0   0   0  0.45 0.00
  220 A    4 -2 -2 -2  0 -1 -1  0 -2 -1 -2 -1 -1 -2 -1  1  0 -3 -2  0  100   0   0   0   0   0   0   0   0   0   0   0   0   0   0   0   0   0   0   0  0.40 0.00
  221 A    4 -2 -1 -2 -1 -1 -1  2 -2 -2 -2 -1 -1 -3 -1  1  0 -3 -2 -1   81   0   0   0   0   0   0  19   0   0   0   0   0   0   0   0   0   0   0   0  0.38 0.00
  222 T    0 -2 -1 -2 -1 -1 -1 -2 -2  0 -1 -1 -1 -2 -2  1  5 -3 -2  1    0   0   0   0   0   0   0   0   0   4   0   0   0   0   0   0  89   0   0   7  0.50 0.04
  223 D   -2 -2  1  7 -4 -1  1 -2 -1 -4 -4 -1 -4 -4 -2 -1 -1 -5 -4 -4    0   0   0 100   0   0   0   0   0   0   0   0   0   0   0   0   0   0   0   0  1.09 0.05
  224 R    0  2 -1 -1 -3  0  1 -2 -2 -2 -2  1 -1 -3  6 -1 -1 -4 -3 -1    5  14   0   0   0   0  16   0   0   0   0  12   4   0  46   0   0   0   0   4  0.75 0.02
  225 R   -1  5  0 -1 -3  1  1 -2 -1 -3 -3  4 -2 -3 -2  0 -1 -3 -2 -3    0  47   0   0   0   0   6   0   0   0   0  37   0   0   0   9   0   0   0   0  0.52 0.03
  226 L   -2 -3 -4 -4 -2 -2 -3 -4 -3  1  4 -3  2  0  0 -3 -1 -2 -1  1    0   0   0   0   0   0   0   0   0   0  95   0   0   0   5   0   0   0   0   0  0.50 0.03
  227 V   -1 -3 -3 -4 -1 -3 -3 -4 -4  3  1 -3  1 -1 -3 -2  0 -3 -2  5    0   0   0   0   0   0   0   0   0   0   8   0   0   0   0   0   0   0   0  92  0.43 0.04
  228 P   -1 -2 -2 -2 -3 -2 -1 -2 -3 -3 -3 -1 -3 -4  8  0 -1 -4 -3 -3    0   0   0   0   0   0   0   0   0   0   0   0   0   0  92   8   0   0   0   0  1.94 0.05
  229 Y   -2 -2 -3 -4 -3 -2 -3 -4  2 -2 -1 -2 -1  3 -4 -2 -2  2  8 -2    0   0   0   0   0   0   0   0   0   0   0   0   0   0   0   0   0   0 100   0  1.11 0.06
  230 G    0 -3 -1 -2 -3 -2 -3  6 -2 -4 -4 -2 -3 -4 -3 -1 -2 -3 -4 -4    0   0   0   0   0   0   0 100   0   0   0   0   0   0   0   0   0   0   0   0  1.16 0.04
  231 A    4 -2 -2 -2 -1 -1 -1  0 -2 -1 -1 -1 -1 -2 -1  1  0 -3 -2  1   91   0   0   0   0   0   0   0   0   0   0   0   0   0   0   0   0   0   0   9  0.43 0.03
  232 L   -2 -2 -3 -4 -2 -2 -3 -4 -3  1  4 -2  5  0 -3 -2 -1 -2 -1  1    0   0   0   0   0   0   0   0   0   0  57   0  43   0   0   0   0   0   0   0  0.45 0.03
  233 V    0 -2  0 -1 -1 -1 -1 -2 -2  0 -1 -1 -1 -2 -1  2  5 -3 -2  1    0   0   0   0   0   0   0   0   0   0   0   0   0   0   0   9  78   0   0  12  0.44 0.03
  234 A    4 -2 -1 -2 -1 -1 -1  0 -2 -2 -2 -1 -1 -3 -1  1  1 -3 -2  0   84   0   0   0   0   0   0   0   0   0   0   0   0   0   0   6   9   0   0   0  0.42 0.03
  235 T    1 -2  0 -1 -1 -1 -1 -2 -2 -1 -2 -1 -1 -3 -1  1  5 -3 -2  0    9   0   0   0   0   0   0   0   0   0   0   0   0   0   0   0  91   0   0   0  0.54 0.04
  236 F   -3 -3 -4 -4 -3 -4 -4 -4 -2  0  0 -4  0  7 -4 -3 -3  1  3 -1    0   0   0   0   0   0   0   0   0   0   0   0   0 100   0   0   0   0   0   0  0.95 0.05
  237 H   -2 -2 -1 -3 -3 -1 -2 -3  6 -2 -2 -2 -1  3 -3 -2 -2  1  7 -2    0   0   0   0   0   0   0   0  33   0   0   0   0   4   0   0   0   0  63   0  0.80 0.04
  238 T    0 -2  0 -1 -1 -1 -1 -2 -2 -1 -2 -1 -1 -3 -1  1  6 -3 -2  0    0   0   0   0   0   0   0   0   0   0   0   0   0   0   0   0 100   0   0   0  0.62 0.05
  239 G    1 -3 -1 -2 -3 -2 -2  6 -2 -4 -4 -2 -3 -4 -2  0 -2 -3 -3 -3    7   0   0   0   0   0   0  93   0   0   0   0   0   0   0   0   0   0   0   0  1.04 0.04
  240 V   -1 -3 -4 -4 -2 -3 -3 -4 -3  3  3 -3  1  2  0 -2 -1 -2 -1  2    0   0   0   0   0   0   0   0   0  21  46   0   0   9   5   0   0   0   0  19  0.30 0.01
  241 G    0 -3 -1 -2 -3 -2 -3  6 -2 -4 -4 -2 -3 -4 -3 -1 -2 -3 -4 -4    0   0   0   0   0   0   0 100   0   0   0   0   0   0   0   0   0   0   0   0  1.16 0.04
  242 C   -1  0 -3 -4  9 -3 -4 -3 -3 -1 -2 -3 -2 -3 -3 -1 -1 -3 -3 -1    0   8   0   0  87   0   0   0   0   5   0   0   0   0   0   0   0   0   0   0  1.21 0.05
  243 L   -2 -3 -4 -4 -2 -3 -3 -4 -3  1  5 -3  2  0 -3 -3 -2 -2 -1  1    0   0   0   0   0   0   0   0   0   0 100   0   0   0   0   0   0   0   0   0  0.55 0.03
  244 L   -1 -3 -3 -4 -2 -2 -3 -1 -3  2  3 -3  2  0 -3 -2 -1 -2 -1  2    0   0   0   0   0   0   0   8   0   7  61   0   8   0   0   0   0   0   0  16  0.31 0.02
  245 G    2 -3 -1 -2  4 -2 -2  4 -2 -2 -2 -2 -2 -3 -2  0 -1 -3 -3 -1   29   0   0   0  16   0   0  49   0   0   0   0   0   0   0   0   0   0   0   7  0.48 0.02
  246 P   -1 -3 -3 -2 -3 -2 -2 -3 -3 -3 -3 -1 -3 -4  8 -1 -1 -4 -4 -3    0   0   0   0   0   0   0   0   0   0   0   0   0   0 100   0   0   0   0   0  2.17 0.05
  247 S    1 -1  0 -1 -1  0  0 -1 -1 -3 -3  0 -2 -3 -1  5  2 -3 -2 -2    0   0   0   0   0   0   0   0   0   0   0   0   0   0   0  95   5   0   0   0  0.54 0.04
  248 L   -1 -3 -3 -3 -1 -3 -3 -4 -3  3  2 -3  1 -1  1 -2 -1 -3 -2  4    0   0   0   0   0   0   0   0   0  13  21   0   0   0   8   0   0   0   0  58  0.32 0.02
  249 L   -2 -3 -4 -4 -2 -3 -3 -4 -3  2  4 -3  2  3 -3 -3 -2 -1  0  1    0   0   0   0   0   0   0   0   0   7  65   0   0  24   0   0   0   0   0   4  0.41 0.02
  250 F   -2 -3 -3 -4 -3 -3 -3 -4  0 -1 -1 -3 -1  6 -4 -2 -2  2  6 -1    0   0   0   0   0   0   0   0   0   0   0   0   0  48   0   0   0   0  52   0  0.83 0.04
  251 F    0 -3 -3 -4 -2 -3 -3 -3 -3  1  3 -3  1  4 -3 -2 -1 -1  1  1    9   0   0   0   0   0   0   0   0   8  48   0   0  28   0   0   0   0   0   6  0.30 0.02
  252 T    1 -2 -2 -3 -1 -2 -2 -1 -3  3  1 -2  2  1 -2 -1  1 -2 -1  1   21   0   0   0   0   0   0   4   0  38   9   0   8   7   0   0  12   0   0   0  0.13 0.01
  253 T   -1 -3 -3 -4 -1 -3 -3 -4 -3  3  2 -3  1 -1 -3 -2  0 -3 -1  4    0   0   0   0   0   0   0   0   0  14  18   0   0   0   0   0   4   0   0  64  0.34 0.02
  254 R   -1  5  2  1 -3  0  0 -2 -1 -3 -1  2 -1 -3 -2  0 -1 -3 -2 -2    0  61  11   7   0   0   0   0   0   0   8   3   0   0   0   9   0   0   0   0  0.43 0.02
  255 A    4 -2 -2 -2 -1 -1 -1 -1 -2 -1  1 -1  0  0 -1  1  1 -2 -1  0   66   0   0   0   0   0   0   0   0   0  17   0   0   6   0   0  12   0   0   0  0.24 0.02
  256 L   -1 -3 -4 -4 -1 -3 -3 -4 -3  4  3 -3  2  0 -3 -3 -1 -2 -1  2    0   0   0   0   0   0   0   0   0  48  37   0   6   0   0   0   0   0   0   8  0.38 0.02
  257 V   -1 -2 -3 -3 -2 -2 -3 -3 -2  2  1 -2  3  4 -3 -2  0 -1  1  2    0   0   0   0   0   0   0   0   0   7   0   0  22  29   0   0  10   0   0  32  0.24 0.02
  258 G    0 -3 -1 -2 -3 -2 -2  6 -2 -4 -4 -2 -3 -4 -2  0 -2 -3 -3 -4    0   0   0   0   0   0   0 100   0   0   0   0   0   0   0   0   0   0   0   0  1.10 0.02
  259 A    3 -1  0 -1 -1  0  0  0 -1 -2 -2  0 -1 -3 -1  4  1 -3 -2 -1   34   0   0   0   0   0   0   0   0   0   0   0   0   0   0  66   0   0   0   0  0.37 0.00

                      K         Lambda
Standard Ungapped    0.1392     0.3248
Standard Gapped      0.0410     0.2670
PSI Ungapped         0.1416     0.3174
PSI Gapped           0.0433     0.2670
