
Last position-specific scoring matrix computed, weighted observed percentages rounded down, information per position, and relative weight of gapless real matches to pseudocounts
           A  R  N  D  C  Q  E  G  H  I  L  K  M  F  P  S  T  W  Y  V   A   R   N   D   C   Q   E   G   H   I   L   K   M   F   P   S   T   W   Y   V
    1 M   -1 -2 -3 -4 -1 -2 -3 -4 -3  3  3 -2  4  0 -3 -2 -1 -2 -1  2    0   0   0   0   0   0   0   0   0  34  34   0  32   0   0   0   0   0   0   0  0.33 0.01
    2 R   -2  6 -1 -2 -4  1  0 -3  0 -3 -2  2 -2 -3 -2 -1 -1 -3 -2 -3    0 100   0   0   0   0   0   0   0   0   0   0   0   0   0   0   0   0   0   0  0.80 0.02
    3 P    0 -2 -1 -2 -2 -1 -1 -2 -2 -2 -1 -1 -1  4  5  2  0 -1  1 -2    0   0   0   0   0   0   0   0   0   0   0   0   0  34  32  34   0   0   0   0  0.50 0.01
    4 K   -1  1  0  4 -3  3  1 -2  0 -3 -3  3 -2 -4 -1  0 -1 -3 -2 -3    0   0   0  34   0  34   0   0   0   0   0  32   0   0   0   0   0   0   0   0  0.47 0.01
    5 M    0 -2 -1 -2 -2 -1 -2 -2 -1  0  0 -1  3  4 -2  2  0 -1  1 -1    0   0   0   0   0   0   0   0   0   0   0   0  32  34   0  34   0   0   0   0  0.20 0.01
    6 L   -1 -3 -4 -4 -1 -3 -3 -4 -3  3  3 -3  2  0 -3 -3 -1 -2 -1  2    0   0   0   0   0   0   0   0   0  20  60   0   0   0   0   0   0   0   0  20  0.39 0.03
    7 C   -1 -4 -3 -4  8 -3 -4 -3 -4  3  0 -3  0 -2 -3 -2 -1 -3 -2  1    0   0   0   0  59   0   0   0   0  41   0   0   0   0   0   0   0   0   0   0  0.79 0.06
    8 G    2 -2 -1 -1 -2 -1 -2  5 -2 -3 -3 -1 -2 -3 -2  2 -1 -3 -3 -2   20   0   0   0   0   0   0  59   0   0   0   0   0   0   0  21   0   0   0   0  0.61 0.04
    9 K    2  0 -1 -1 -1  2  0 -1 -1 -2 -2  2 -1 -2 -1  1  2 -2 -2 -1   35   1   1   1   0  18   1   1   0   1   1  16   0   1   1   1  18   0   1   1  0.20 0.03
   10 N   -1 -1  2 -1 -1 -1 -2 -2 -2  0  3 -1  1 -1 -2 -1  1 -2 -1  0    1   1  16   1   0   1   1   1   0   1  53   1   0   1   1   1  18   0   1   1  0.16 0.03
   11 I    1 -2 -2 -2 -1 -1 -2 -2 -2  2  1 -2  1 -1 -2  1  0 -2 -1  2   16   1   1   1   0   1   1   1   0  28  17   1   0   1   1  15   1   0   0  15  0.12 0.03
   12 V   -2 -3 -3 -4 -2 -3 -3 -4 -2  3  2 -3  1  3 -3 -3 -1 -1  3  2    0   0   0   0   0   0   0   0   0  43  16   0   0  14   0   0   0   0  14  13  0.35 0.05
   13 V   -1 -2 -3 -4 -2 -2 -3 -4 -3  1  2  0  2  2 -3 -2 -1 -2 -1  3    0   0   0   0   0   0   0   0   0   0  22  11   9  11   0   0   0   0   0  48  0.29 0.10
   14 H   -1  1  3 -1 -3 -1 -1 -2  2 -2  0 -1 -1  3 -3  1 -1 -2  0 -2    0  11  28   0   0   0   0   0   8   0  11   0   0  22   0  20   0   0   0   0  0.24 0.09
   15 L   -2  0 -3 -4  2 -2 -3 -4 -3  2  3  1  4  1 -3 -3 -2 -2 -1  0    0   6   0   0   5   0   0   0   0  17  35  11  19   7   0   0   0   0   0   0  0.34 0.16
   16 I    1 -2  1  0 -2 -1 -1 -2 -2  0  0 -1  1 -2 -2  2  2  4 -2 -1   15   0   6   6   0   0   0   0   0   5   7   0   7   0   0  27  18   7   0   0  0.23 0.13
   17 L   -1  0 -3 -3 -2 -2 -3 -3 -3  1  4 -2  2  1  1 -1  0 -2 -2  0    6   6   0   0   0   0   0   0   0   5  53   0   5   5   6   6   5   0   0   0  0.30 0.15
   18 W   -3 -4 -4 -4 -3 -3 -4 -1  1  0 -1 -4 -2  5  0 -3 -1  9  2 -2    0   0   0   0   0   0   0   4   5   5   4   0   0  33   5   0   5  32   5   0  1.11 0.31
   19 D   -1  0 -1  2  2 -1  1 -2  1  0 -2  1  0 -2  1  1  0 -3  0  0    1   5   0  17   5   0   8   1   5   5   1   9   4   0   8  12   5   0   5   8  0.13 0.09
   20 G    0  1 -2 -2 -3  0 -2  1  1  0 -1  2  4  0 -3  0 -2 -3  0 -1    7   9   0   0   0   4   0  12   4   6   4  19  19   3   0   8   0   0   3   0  0.18 0.17
   21 R   -1  5 -2 -3 -5  0 -1  2  4 -5 -3  3 -3 -4 -1 -2 -3 -5 -3 -4    3  43   0   0   0   3   2  16  11   0   2  17   0   0   3   0   0   0   0   0  0.78 0.36
   22 E   -2  3 -1 -2 -3  0 -1 -1  1  0  1  2 -1 -2 -1  1 -1 -3 -1 -1    0  22   2   0   0   4   2   3   3   7  16  12   0   0   2  18   3   0   2   5  0.19 0.18
   23 Y    1  1 -3 -3 -3 -2 -1 -3 -2  2  1  1  2  2 -1 -2  0 -2  1  1   13   8   0   0   0   0   2   0   0  17  13   9   7   9   2   0   6   0   6   6  0.15 0.15
   24 L    0 -1 -2 -4 -3 -1 -3 -2 -3  2  2 -2  4  2 -2 -1  0 -3  0  1    6   3   1   0   0   2   0   2   0  11  24   1  17  10   2   4   6   0   3   8  0.31 0.23
   25 L   -3  1 -4 -5 -1 -2 -4 -5 -4  1  4 -2  5  1 -2 -1 -2 -1 -3  1    0   8   0   0   1   1   0   0   0   6  38   3  17   5   2   5   2   1   0  10  0.56 0.36
   26 V   -1  2 -3 -4 -1 -1 -3 -3 -1  3  2 -1  0 -1 -2 -1  1 -4 -3  3    5  13   1   0   1   2   0   2   1  16  20   3   1   2   1   4   9   0   0  21  0.29 0.25
   27 Y    0 -1 -3 -5  3 -2 -3 -3  2  1 -2 -1 -2  5 -2 -2 -1  4  2 -1    7   4   1   0   6   1   1   2   6  10   3   5   1  30   2   2   3   5   7   4  0.53 0.36
   28 V    0 -2 -4 -6 -3 -5 -4 -5 -3  2  2 -4  6  1 -4 -1  0 -5 -3  2    9   2   0   0   1   0   1   1   0   9  21   1  23   6   1   6   7   0   1  12  0.66 0.45
   29 K    0  4 -2 -5  0 -1 -3 -5 -2  0  1  4 -2 -3  0  0  0  2 -2 -1    7  23   2   0   2   2   0   0   1   6  12  23   0   1   4   6   6   2   1   4  0.45 0.37
   30 R    1  4 -1 -4 -1 -1 -3 -2 -1 -1  0  2 -1 -1 -1  1 -1  2 -2 -1   11  24   2   0   1   1   0   2   2   3  12  13   1   3   3   9   4   3   1   5  0.30 0.29
   31 I    0 -2 -5 -6  2 -5 -5 -4 -3  3  3 -4 -2  2 -3 -1 -1  2  0  1    8   3   0   0   4   0   0   2   1  17  31   1   0   8   1   6   3   2   3  10  0.50 0.35
   32 I    0 -4 -6 -6  0 -3 -5 -2 -5  3  3 -5  0  3 -2 -2 -2  2  0  1    7   1   0   0   2   1   0   4   0  18  29   0   2  13   2   3   2   3   3  10  0.54 0.37
   33 A    3 -3 -2 -5  2 -3 -4  0 -3  0  2 -3 -1  2 -1  1 -1  0 -2  1   23   1   2   0   4   1   0   6   0   4  19   1   1   8   3  11   3   2   1  10  0.28 0.28
   34 I    0 -5 -6 -6  3 -4 -6 -2 -4  3  3 -5  2  4 -3 -4 -1  2 -2  2    7   0   0   0   6   0   0   3   0  15  26   0   5  15   1   1   4   2   1  12  0.61 0.40
   35 L    1 -4 -6 -6  2 -4 -5  0 -4  2  3 -5 -1  3 -4 -2 -1  1 -2  1   13   1   0   0   4   0   0   7   0  10  31   0   1  13   1   2   4   2   1   9  0.52 0.37
   36 L    0 -5 -5 -6  1 -5 -5 -1 -3  2  3 -5  2  3 -3  0  0  1 -2  1   10   0   0   0   3   0   0   4   1   9  28   0   5  12   1   7   6   2   1  11  0.46 0.34
   37 L    1 -4 -6 -6  2 -5 -6 -1 -4  1  4 -6  2  3 -2 -2 -1 -1 -3  0   10   1   0   0   4   0   0   5   0   7  41   0   5  10   3   3   3   1   0   5  0.66 0.44
   38 V    1 -4 -5 -5  2 -3 -4 -3 -4  2  3 -5  2  2 -3  0  1 -1 -2  2   10   1   0   1   4   1   0   2   0  10  27   0   4   9   1   6   8   1   1  14  0.43 0.32
   39 A    3 -4 -4 -4  1 -3 -4 -1 -2  1  1 -4 -1  1 -1  2  0  0 -2  1   26   1   0   0   3   1   0   5   1   7  15   0   1   7   3  13   5   1   1   9  0.33 0.31
   40 A    2 -5 -3 -4  3 -3 -4  0 -1  0  1 -4 -2  2  1  1  0 -2 -2  1   21   0   1   1   5   1   0   7   1   5  12   0   1   9   8  13   5   1   1  10  0.31 0.30
   41 M    1 -3 -3 -5  2 -1 -2 -2 -3  0  3 -4  2  2  0  0  0 -1 -1  0   11   1   1   0   5   3   3   4   0   6  26   0   4  10   5   8   6   1   2   5  0.26 0.24
   42 E    2 -2 -2 -3  0 -2 -2 -1 -1  0  0 -2 -3 -2  3  2  1  1 -2  0   18   1   1   1   2   2   3   4   2   6  10   2   0   2  14  16   8   2   1   6  0.26 0.26
   43 G    2 -2 -2 -3  1 -1 -2  1 -3 -1  0 -3 -1  0  2  2  0 -1 -3  0   18   2   2   1   3   3   2  13   0   3  10   0   1   4  10  13   6   1   1   6  0.20 0.22
   44 R    2 -2 -1 -2  1 -1 -2 -1 -2  0  0 -2 -1  0  2  1  1  1  0 -1   17   2   4   2   3   3   2   4   1   5  10   1   1   5  12  10   8   2   3   4  0.15 0.18
   45 G    3 -2 -2 -2 -2  0 -2  1 -1 -2 -1 -3 -1 -1 -1  2  0 -1 -2  0   30   2   2   2   1   4   2  10   1   2   6   1   2   2   3  14   5   1   1   8  0.29 0.29
   46 N    1 -1  0  0  0  1 -1  0  3 -1 -1 -1  0 -1  1  1  0  0 -2  0   15   3   4   5   2   7   2   8   8   3   6   2   2   3   7  10   5   1   1   6  0.10 0.14
   47 A    5 -3 -3 -1  0  1 -1 -1 -3 -3 -2 -2 -2 -2 -1  1 -1 -5 -3 -1   45   1   1   3   2   6   4   5   1   1   5   2   1   2   3   9   4   0   1   5  0.55 0.43
   48 D    1  1  0  2 -1  2  2  0  0 -3 -2 -1 -1 -2  0  0 -1 -1 -3 -2   13   7   4  11   1   9  16   6   3   1   3   2   2   2   5   8   3   1   1   3  0.20 0.21
   49 P    3 -1  0  0 -3  0  1 -1 -1 -2 -3 -2 -3 -3  4  1 -1  0  0 -3   23   3   5   6   0   4   8   5   1   2   2   1   1   1  18  10   3   1   3   2  0.36 0.31
   50 L    0  0 -1  0 -2  0  0 -1 -1  0  0 -1  0  1  0  1  0  0  1  1   10   5   1   4   0   5   6   4   1   5   9   1   3   8   5  10   5   1   5  10  0.04 0.08
   51 V    0 -1  0  1  0  0  1  0 -1 -1  0 -1 -1  0  0  0  0  0  0 -1   10   4   4  10   2   3  12   7   2   3  13   1   1   5   5   6   4   1   3   4  0.05 0.08
   52 I    1  0 -1 -1 -2 -1 -1 -2  0  0  0 -1  1  2  1  0 -1  0  1  1   11   5   2   3   0   3   4   3   2   7  11   3   3  10   7   8   3   1   5   9  0.06 0.09
   53 D    0  0 -1  0 -3  1  1  5 -2 -3 -4 -2 -2 -5 -3  0  0 -2 -2 -3    8   6   2   4   1   5  10  38   1   2   2   2   1   0   1   7   6   1   1   2  0.51 0.36
   54 P   -2 -6 -4 -4 -6 -4 -3 -3 -4 -4 -3 -5 -6 -5  8 -4 -4 -2 -6 -4    4   0   1   1   0   1   2   3   1   1   3   1   0   1  77   2   1   1   0   1  2.32 1.10
   55 F   -3 -4 -5 -6 -5 -5 -6 -6 -5  2  5 -4  1  5 -4 -5 -4 -4  0 -2    2   1   1   0   0   0   0   1   0  10  48   1   2  25   1   1   1   0   3   2  1.20 0.63
   56 Y    0  2  0  0 -4  2  0 -1  1 -3 -1 -1 -1 -1  3  0 -1  0  1 -2   10  11   5   4   0   8   6   4   4   1   6   3   2   3  16   6   4   1   5   3  0.20 0.20
   57 T    0 -4 -2 -3 -4 -3 -3 -3 -1  2  1 -3  1 -1 -3  0  3  0 -2  3    7   0   2   1   0   1   1   2   2  12  12   1   3   2   1   8  19   1   2  21  0.37 0.31
   58 F   -1  6 -2 -3 -5  0 -2 -1  1 -3 -3  1 -2 -1 -1  0 -1 -5  1 -2    5  42   2   2   0   3   2   6   4   1   2   7   1   3   3   6   4   0   5   3  0.71 0.46
   59 N    0 -2  7  2 -5 -1 -1 -3 -3 -3 -4 -4 -5 -2 -2  2  0 -6 -5 -4    7   2  46  10   0   2   3   2   1   2   2   0   0   2   2  12   5   0   0   2  1.05 0.63
   60 Q   -2  0 -1 -3 -6  6  0 -4  1 -3  1 -3  2  1 -2 -2 -2 -3 -1 -4    4   4   3   1   0  39   5   1   3   1  14   1   6   5   3   3   2   0   2   1  0.80 0.58
   61 S    1 -2  4 -4 -5 -1 -4 -1  5 -5 -4 -4 -1  2 -4  4 -1 -1  2 -4   10   2  16   1   0   3   1   4  11   0   2   1   2   8   1  27   3   1   7   1  0.65 0.50
   62 P   -1 -7 -7 -7 -7 -4 -7 -4 -7 -3 -3 -6 -4 -5  8 -4 -3 -8 -5 -4    6   0   0   0   0   1   0   1   0   2   3   0   1   1  78   2   2   0   0   2  2.48 1.25
   63 L   -1 -4 -4 -6 -5 -4 -4 -4 -5  2  4 -5  2  4  0 -4 -2  1 -1  1    5   1   1   0   0   1   1   1   0  10  38   0   4  16   5   1   3   2   1  10  0.72 0.45
   64 V    1 -1  0 -3 -4  3 -2 -2  1  1 -1 -1  0  0 -3  0  0 -1  2  1   13   3   4   1   0  17   1   3   3   7   5   3   3   5   1   7   7   1   7  11  0.20 0.25
   65 Q    1  0 -2 -2 -5  4 -2 -1 -1 -1  3 -3  1 -2 -3  1 -1  0 -2 -1   10   6   1   2   0  17   1   5   2   2  25   1   4   2   1  11   3   1   1   4  0.30 0.32
   66 I   -1 -2  0 -3 -4 -1 -3  0  0  2  3 -3  2  0  1  0  0 -2 -2  0    6   1   4   1   0   3   1   6   2  13  25   1   5   4   6   6   5   0   1   6  0.20 0.21
   67 Y   -2  2 -3 -3 -2 -3 -5 -3  3 -1  0 -4 -1  6 -3  0 -2 -2  3 -1    4  13   1   1   1   1   0   2   7   3   7   1   2  30   2   7   3   1  10   5  0.68 0.45
   68 G    0 -4 -2 -2 -5 -3 -3  3  0 -1  3 -4  1  0 -1 -1 -2 -4  1 -2    6   1   2   3   0   1   2  26   3   2  30   0   3   4   4   5   2   0   4   2  0.45 0.35
   69 L    0 -1 -1 -1 -2  1 -1 -1 -1  0  3 -3  0 -1 -1  0  1 -2 -1  0    7   3   3   3   1   7   3   4   2   4  28   0   2   3   3   9  10   0   2   6  0.17 0.21
   70 P   -3 -6 -3 -3 -7 -3 -6 -4 -6 -3  1 -6  3  3  7 -5 -1 -1 -2 -2    2   0   1   1   0   1   0   1   0   1  11   0   6  10  53   1   4   1   2   3  1.48 0.85
   71 S    0  1 -1  0 -4  1 -1 -1 -1 -1  0 -2  0 -1  2  1  1 -2  0  0    9   7   2   4   0   8   3   3   2   4   8   2   3   2  12  10   8   1   4   7  0.12 0.16
   72 A    1 -5 -3 -3 -2 -1 -3 -1 -2  0  1 -3  1  0  5 -1  0 -1 -2 -1   13   0   1   2   1   3   2   5   1   4  15   1   3   3  28   4   6   1   2   4  0.49 0.39
   73 E   -1  3 -3  2 -5  1  4 -1  0 -2 -2 -3 -1 -3 -2 -1  0 -1 -3 -1    5  17   1   9   0   7  23   5   2   3   4   1   2   1   2   5   7   1   1   4  0.38 0.34
   74 S    0  1  0  2 -5  0  0  1  0 -4 -5 -1 -2 -4  2  3  1 -2 -3 -4    7   8   4  11   0   4   5  10   2   1   0   3   1   1   9  26   7   1   1   1  0.38 0.37
   75 A    5 -4 -2 -4 -6 -4 -4  2 -1 -4 -3 -5 -3 -2  3  0  0 -3 -3 -3   45   1   2   1   0   1   1  13   2   1   3   0   1   2  14   6   6   1   1   1  0.85 0.59
   76 T    1  1 -1  0 -2  0  1  0  0 -1 -1  0 -1  1  0  0  0  1  0  0   10   9   2   5   1   5  10   6   3   3   4   5   1   7   4   7   7   2   3   7  0.06 0.09
   77 V    0 -2 -2 -2 -4 -1 -2 -2 -1  1  2 -3  0 -2  1 -1  2  2 -2  3    7   2   2   2   0   3   2   2   1   8  17   1   2   1   8   5  14   2   1  18  0.26 0.25
   78 Q    0 -1 -2 -2 -2  1 -1 -4 -2 -1  4 -2  1 -2  1  0  0  1 -2  0    8   4   2   2   1   5   4   1   1   3  36   2   3   1   6   6   6   2   1   6  0.29 0.28
   79 P    1  0 -1  1 -2  0  1  1 -2 -3 -4  0 -5 -2  5  0 -2 -6 -3 -4   12   5   3   7   1   4   9  10   1   2   1   6   0   2  27   7   2   0   1   1  0.51 0.39
   80 I    1  1 -1  0 -1  1  1 -1  0 -2 -2  2 -2 -3  2  1 -1  0 -2 -1   12   9   3   5   1   7   7   5   2   2   3  12   1   1  10   9   3   1   1   5  0.17 0.18
   81 G   -2 -1  0  0 -5 -2 -1  6 -1 -6 -3 -2 -2 -3 -2 -1 -2 -2 -3 -4    4   4   5   6   0   2   4  53   1   0   2   3   1   1   2   5   3   1   1   1  0.91 0.55
   82 K    0  2  0  0 -2  3  2  0  2 -3 -2  2 -3 -1 -2  1  0 -1 -2 -2    7  11   3   5   1  13  11   8   4   2   3  10   0   3   2   9   6   1   1   2  0.21 0.22
   83 A   -1 -1 -1 -3 -2 -2 -2 -2 -1  0  1 -1 -1  2 -2  0  1  7  1  0    4   3   4   1   1   2   2   4   2   5  14   4   1   9   2   9   8  16   3   7  0.36 0.29
   84 L    0  2  0  0 -2  2  2 -2  0 -2 -2  0 -2 -2 -2  1  0  2 -2 -1    6  13   4   5   1  11  16   3   2   2   3   4   1   2   1  13   4   3   1   6  0.22 0.24
   85 T    0 -4 -2 -3 -4 -2 -3 -1 -4  1  2 -3  1  3 -5 -2 -1  6  1  2   10   0   2   1   0   2   1   4   0   8  19   1   3  12   0   3   5  10   4  16  0.40 0.31
   86 L    0  2  0  0 -4  1  1  1  2 -3 -2  0 -1 -1 -3  2  0 -1  0 -2    7  12   4   6   0   5   8   9   5   1   4   3   2   3   0  16   7   1   3   2  0.16 0.19
   87 L    0 -3 -3 -3 -4 -2 -3 -3 -1  1  3 -4  0  3 -2 -1 -1  1 -1  2    9   1   1   1   0   1   2   2   2   8  30   0   2  13   2   5   4   2   1  12  0.33 0.29
   88 S    0  0  1  1 -3  1  0  0  1 -1 -2 -1  0 -1 -1  2  1  1  0 -1    7   6   6   9   0   5   5   8   4   3   3   2   2   2   2  16  10   2   3   4  0.11 0.15
   89 L    0 -1 -1 -3  1  0 -1 -1  1  0  1 -2  1  2 -1  0  0  3  1  0    9   3   4   0   3   5   3   5   5   6  17   0   3   9   3   5   5   4   5   7  0.08 0.13
   90 D    0 -1  1  2 -3  0  0 -1  1 -1 -1 -1  0  0 -1  1  1 -3  2 -1    8   3   6  14   0   4   6   4   4   3   4   3   3   3   3   9  11   0   7   4  0.10 0.15
   91 V    0 -2 -2 -4 -5  0 -2 -3  1  2  0 -4  0  1 -4 -3 -2  5  5  1    7   3   2   1   0   4   3   2   4  11  10   1   3   4   1   2   3   8  22   8  0.54 0.38
   92 A    4 -4 -1 -3 -5 -2 -3  0 -6 -3 -4 -4 -4 -3 -5  4  3 -1 -4 -2   32   1   2   2   0   2   2   6   0   2   1   1   0   1   1  27  15   1   1   3  0.80 0.59
   93 N   -3 -1  7 -2 -7 -1 -4 -3  0 -8 -6 -4 -7 -4 -3  3 -1 -2 -1 -6    2   4  48   2   0   3   1   2   2   0   1   1   0   1   2  23   3   1   2   1  1.42 0.83
   94 S   -2 -3  2 -1 -5 -1  0 -2  2  2 -2 -3  0 -1 -3  1  3  0  0  1    2   1  11   4   0   2   5   3   5  10   3   1   3   3   1  10  18   1   3  10  0.28 0.27
   95 S   -1 -4  0 -2 -2 -3 -3 -4 -1  0  0 -4  0  5 -2  1 -1  5  4 -2    6   1   4   3   1   1   2   1   1   6   8   1   2  24   3   9   5   8  12   2  0.59 0.39
   96 S    1  0  0 -1 -2 -1  0 -1 -1  0  0 -2  0  0 -2  1  1 -1  0  1   11   4   5   3   1   2   8   4   2   6  10   1   2   5   1  11   9   1   4  10  0.05 0.09
   97 D   -1  0  1  1 -2  0  0  0  0  0 -1 -1  0  1 -1  1  0 -1  0  1    4   6   7   8   0   4   7   6   2   7   4   3   2   7   2  11   6   1   3  10  0.05 0.08
   98 W   -1  1  0  2 -3  1  1  0  0 -3 -2  0 -2 -1  0  1  0  4  0 -2    5   7   4  12   1   7   9   8   2   2   3   4   1   2   4  12   4   7   3   2  0.20 0.20
   99 E    0  0  1  2 -3  0  0  0  1 -2 -1  0 -1 -1  0  1  0  0  0 -1    7   6   5  13   0   4   7   6   3   2   6   4   2   3   5  14   7   1   3   4  0.10 0.12
  100 T    1  0  1  0 -3  1  0  1  0 -2 -1 -1 -3 -2  0  1  1 -1  1 -1   10   5   8   6   0   5   4  10   2   2   5   3   0   2   4  12  11   1   4   4  0.10 0.14
  101 A    0 -1  1  2 -4  0  0  2 -1 -1 -2  0 -1 -1  1  0  0 -4 -2 -1   10   3   7  10   0   3   5  17   2   4   3   6   1   2   8   7   5   0   1   5  0.14 0.14
  102 Q    0  2  1  2 -2  0  0  2 -1 -3 -2 -1 -1 -3  0  0  1 -1 -2 -1    6  10   7  10   1   5   6  15   2   1   5   3   1   1   4   8   8   1   2   4  0.16 0.16
  103 E    0  0  0  2 -2  0  3  1  0 -3 -2 -2 -1 -1 -2  0 -1  2  1 -2    8   6   3  11   1   3  22  10   2   1   3   1   2   3   2   6   4   3   5   3  0.22 0.22
  104 K    0  1  0  0 -3  1  1  0  1 -1 -1  0  0  0 -2  1  1  0  0 -1    7   8   5   4   0   7   8   6   3   3   6   4   2   3   1  13  11   1   4   3  0.08 0.12
  105 L    0 -1 -1 -2 -3 -2 -1 -2 -1  1  2 -2  1  2 -3 -2  0  0  3  1    7   3   3   2   0   2   3   3   1  10  17   1   3   8   1   2   5   1  14  12  0.19 0.18
  106 I    0 -1  0  0 -2 -1  0 -1  0  1  1 -1  0  1 -1  0  0  0  2  1    6   4   4   7   0   2   4   3   3  10  12   2   2   6   2   6   8   1   8   8  0.04 0.07
  107 L   -1 -1 -2 -2 -3 -1 -1 -2 -1  2  2 -3  1  2 -2 -1  0  1  1  1    5   4   2   2   0   3   4   2   1  11  27   0   4   9   2   4   4   2   5  10  0.18 0.16
  108 D   -3 -1  1  6 -5 -1  0 -2  0 -5 -5  1 -4 -5  0 -1 -1 -5 -1 -2    0   3   5  54   0   3   3   3   3   0   1  10   0   0   4   4   3   0   3   3  0.93 0.51
  109 G    0  0 -1 -1  0  0  0  0  0  0  0 -1  0  2 -3  0  0  2  2 -1   11   7   3   3   3   4   5   8   3   5   8   3   3   9   0   5   7   3   8   3  0.06 0.08
  110 E    0  1  1  1 -3  1  1  0  2 -2 -2  1 -2 -2 -2  0  0 -2  1 -1    8   8   7   8   0   7   8   8   7   0   1   8   0   0   0   8   8   0   7   8  0.13 0.12
  111 S   -1 -1 -2 -2 -1  1 -2 -2  1  1  0 -2  1 -1 -4  1  4  0  0  0    4   3   2   2   2   7   2   3   3   7  10   1   4   3   0  12  24   1   3   7  0.25 0.28
  112 E    0 -1  1 -1 -1  0 -2 -2  1 -1  1  0  0  0 -4  0  1  4  2  0    8   3   9   3   1   4   2   3   3   4  14   4   3   4   0   7   9   6   6   6  0.12 0.15
  113 R   -2  4 -1  1  0  3  1 -3  1 -1 -2 -1 -1 -1 -2  0  0  1  0 -1    3  24   3   7   2  12   7   2   3   3   4   3   2   2   2   5   7   2   3   4  0.32 0.31
  114 M    0 -1  0 -1 -3  0 -1 -1  0  1  1 -1  1  1  0 -1  0  2  1  0    7   3   4   3   0   5   3   3   3   7  16   4   3   6   4   4   8   3   7   7  0.05 0.09
  115 T    0  0  0  0  2  0  0 -1  1  0 -1  0  1  0  0  0  0 -2  1  0    5   5   5   5   5   5   5   5   5   5   5   5   5   5   5   5   5   0   5   5  0.03 0.05
  116 L    0 -5 -3 -5 -2 -2 -3 -2 -4  1  4 -4  1  3 -1 -2 -1  2  0  1    7   0   1   0   1   2   2   3   0   7  36   0   3  15   3   2   3   3   3  10  0.47 0.36
  117 A    0  2  0  0 -2  0  0  2 -1 -2 -2 -1 -1 -2 -2  1  2  0 -2 -1    7  11   3   4   1   4   7  18   2   3   3   2   1   2   2   9  15   1   1   4  0.17 0.21
  118 L    1 -2 -3 -4 -1 -2 -2 -1 -1  1  2 -3  1  3 -3 -2 -2  3  3  1   11   2   1   0   1   1   2   6   1   7  21   0   3  12   1   2   2   5  11  10  0.27 0.26
  119 R    0  4  0  0  0  1 -1 -1  1 -2 -2  1  2 -2 -4  1  0 -4 -1 -2    9  27   3   4   2   5   3   4   3   2   3   7   6   2   0  10   6   0   2   2  0.30 0.31
  120 Y   -2  2 -2 -5  0  0 -2 -1  2 -2 -2  0  0  1 -5 -2 -2  6  6 -1    2  11   2   0   2   4   2   4   5   3   3   5   2   5   0   2   3  11  30   4  0.74 0.52
  121 G    0  0  0 -1 -3  1 -1  3  1 -1 -2 -1  1 -1 -1  0  1 -3  0 -1    6   6   3   3   0   6   3  24   4   3   3   4   5   3   3   6   8   0   4   5  0.15 0.18
  122 V    0  0 -2  0  2  0  0 -1  2  0 -1 -2  1  1  0  0  0  3  1  0    6   6   0   6   5   5   6   6   5   6   6   0   5   5   6   6   6   5   5   6  0.07 0.13
  123 A    0 -1  1  0 -3 -2 -3  2  0 -3 -2 -2 -1 -1 -2  3  3 -1 -1 -3    8   4   7   5   0   1   1  16   3   1   5   2   1   3   2  19  20   1   2   1  0.34 0.33
  124 R   -2  0  2  5 -6  0  3  0  0 -6 -5  1 -5 -5  2 -1 -2 -2 -5 -5    2   5   9  28   0   3  15   7   2   0   1   7   0   0  11   5   2   1   0   0  0.64 0.45
  125 G   -2  5  3  1 -2  0 -2  2  1 -4 -3  0 -4 -3 -4 -1 -1  1 -3 -3    3  29  13   8   1   3   2  16   4   1   2   5   0   1   0   4   4   2   1   2  0.53 0.39
  126 V   -2 -4 -4 -6 -5 -5 -6 -4 -2  0  3 -4  1  3 -6 -2 -1  9 -2  1    4   1   1   0   0   0   0   1   1   6  24   1   4  12   0   3   4  28   1   9  1.18 0.63
  127 E   -1  0 -2  3 -6  2  5 -1 -2 -4 -3 -2 -1 -1 -5  0  1 -6 -4 -4    4   4   2  14   0   8  37   5   1   1   2   2   1   3   0   8   7   0   1   1  0.65 0.48
  128 L    0 -5 -6 -6 -3 -5 -5 -3 -5  3  3 -5  0  2 -5 -3 -1  3 -1  3    9   0   0   0   0   0   0   3   0  18  31   0   1   8   0   2   3   4   2  18  0.66 0.43
  129 G   -1  0  0 -1 -3 -1  2  4 -1 -3 -3 -2 -1 -1 -5  1 -1 -1 -1 -3    4   6   3   4   1   2  15  33   1   1   2   1   1   2   0  13   4   1   2   2  0.45 0.37
  130 V    1 -6 -6 -6 -4 -5 -6 -1 -6  3  3 -5  2  2 -4 -3 -2 -1 -2  3   11   0   0   0   0   0   0   5   0  14  29   0   4   7   1   1   2   1   1  24  0.67 0.44
  131 D    0  0  0  2 -4  1  3  0 -1 -2 -3 -1 -1 -2 -4  2  1 -2 -1 -2    7   6   5  12   0   5  20   6   1   2   2   3   1   1   0  13  10   1   2   3  0.27 0.27
  132 V   -1 -5 -4 -4 -2 -4 -5 -3 -3  3  3 -5  0  2 -4 -3 -2  2  3  3    6   0   1   1   1   1   0   2   1  18  25   0   2   7   1   1   2   2  10  19  0.60 0.39
  133 P   -1  2 -1 -2 -7  0 -2 -3 -2 -5 -5 -4 -6 -7  7  1 -3 -1 -6 -4    4   9   4   3   0   4   2   3   1   1   1   1   0   0  56   9   1   1   0   1  1.46 0.82
  134 V   -2 -4 -3 -2 -5 -2 -4 -4  0  1  1 -4  0  3 -6 -2 -3  5  6  1    4   1   1   3   0   2   1   2   2   7  14   1   2  13   0   3   1   8  24  11  0.71 0.47
  135 V   -2  2 -2 -3 -2 -1 -3 -4  0  3  2 -3  0 -1 -5 -2  0  0  0  3    2  10   2   2   1   3   2   1   2  15  18   1   2   2   0   2   5   1   3  24  0.38 0.30
  136 A   -1  2 -2  0 -2  0 -2 -1  3 -1 -3 -1  0  1 -5  2 -1  5  4 -2    5  11   2   6   1   3   3   5   6   3   2   4   3   5   0  15   3   7  13   3  0.32 0.29
  137 Y    0  3 -2 -3 -2  2 -2 -2  5  1 -2 -2 -1  2 -3 -1 -1 -1  2 -1    7  15   2   1   1  10   2   3  16   7   4   1   1   8   1   5   5   1   6   5  0.36 0.31
  138 S    0 -1  1  1 -1  1 -1  2  0 -2 -2 -1 -1 -1 -3  3  1  3  1 -1    5   4   6   8   1   6   2  13   3   2   2   2   1   3   0  23   8   4   4   4  0.21 0.24
  139 G    0  0  1  2 -1  0 -1  4  0 -4 -3  0 -4 -2 -1  1 -1 -4 -2 -2    6   6   6  10   1   3   4  32   3   0   2   5   0   2   3   9   3   0   2   3  0.36 0.28
  140 G   -1 -2  1 -1 -4  0 -1  5 -4 -2 -3 -2  0 -1  0 -1 -1 -4 -1 -2    4   3   7   3   0   4   5  45   0   3   3   2   2   2   5   3   4   0   2   3  0.57 0.38
  141 I   -1 -1  0 -1  0 -1 -1  0  2  0 -1 -1  0  3 -3  0  1  3  1  0    3   4   5   2   2   3   3   9   5   6   5   3   2  15   0   7  10   4   5   9  0.11 0.14
  142 F    0 -2  1 -2 -2  1  0  0 -2  0  0 -1  1  1 -2  0  0  4 -1  0    7   0   7   0   0   7   7   7   0   7   7   0   7   7   0   7   7   7   0   7  0.05 0.13
  143 D   -2 -4  0  7 -5 -1 -1 -1 -4 -5 -3 -2 -5 -5 -4 -1 -1 -6 -5 -1    3   0   4  64   0   3   3   4   0   0   3   3   0   0   0   5   3   0   0   5  1.33 0.65
  144 G    1  1  1 -1 -3  0 -1  2  0 -1 -2 -1 -1 -2  1  1  0  0 -1 -1   15   7   6   3   0   5   3  14   2   3   2   3   2   2   8  15   4   1   3   3  0.15 0.15
  145 F   -1 -1  0 -2 -3  0  0 -1  0  0  1 -1  1  2  1 -1  0  2  0  1    5   3   5   0   0   3   6   4   3   5  12   3   3  12   7   4   6   4   3  11  0.08 0.11
  146 I    0  0 -1  0  2  1  0  0 -2  0  0 -1  1  0  1  0  0 -3 -2  0    7   7   0   7   6   7   7   7   0   7   7   0   6   6   7   7   7   0   0   7  0.05 0.10
  147 E   -1  0  1  2 -4  1  2 -1  2  0 -2  0  0 -1 -1  0 -1  2  0 -1    4   5   5  13   0   5  15   5   5   5   4   4   3   3   3   5   4   3   3   4  0.13 0.16
  148 E    0  0  1  2 -3  0  0  1  1 -1 -2  0  0  0  0  0  0  3  0 -1    6   5   8  11   0   4   6  12   4   3   3   4   3   3   4   8   5   5   3   3  0.12 0.14
  149 W   -2 -2 -2 -4 -3 -3 -2 -3 -2 -1 -2 -3 -1  6 -4 -1 -1  7  3  1    3   2   2   1   0   1   3   3   1   4   2   2   1  29   1   4   4  16  10  12  0.87 0.44
  150 H   -2 -2 -1  0 -4 -2  2 -1  9 -3 -3 -3 -4 -4 -2 -2 -3 -4 -1 -3    3   3   2   5   0   2  13   4  51   2   3   1   0   1   2   2   1   0   2   2  1.52 0.67
  151 R   -1  2  0  3 -4  1  1  0  1 -2 -3  0 -2 -2 -2  1 -2  0 -3 -2    4  12   5  21   0   7   9   7   3   2   2   6   1   2   2  11   2   1   1   2  0.30 0.24
  152 F    1 -1 -1 -2 -3 -1 -2 -1 -2  1  1 -2  1  2 -2 -1  1  1 -1  0   16   3   3   2   0   3   2   3   1   6  15   2   4  11   2   4  11   2   1   7  0.14 0.16
  153 F   -1 -4 -3 -3 -1 -2 -3 -3 -4  2  1 -3  1  6 -2 -2  0  1 -1  1    5   1   1   2   1   2   2   2   0   9  11   1   3  33   2   3   7   2   2  11  0.56 0.37
  154 G   -1 -1  1 -1 -4 -1 -3  5  0 -3 -4 -2 -1 -2 -3  0  0 -5 -2 -2    4   4   5   3   0   3   1  48   3   2   2   2   2   2   2   6   6   0   2   3  0.71 0.46
  155 L   -1 -1 -1 -2 -3 -1 -2 -1 -1  1  2 -1  1  3 -1 -1  0  1  0  1    5   2   3   2   0   2   2   5   2   9  22   3   3  12   4   4   6   2   3   8  0.13 0.14
  156 P    0  0  0  0 -4 -1 -1  1 -1 -2 -2 -1 -1 -1  5  0  0  0 -2 -1    7   5   4   6   0   2   4  10   2   2   4   3   2   3  25   8   7   2   1   4  0.33 0.28
  157 Q   -1  1  3  2 -4  2  0  1  0 -2 -3 -1  0 -2 -1  0  0 -5 -1 -2    5   9  17  13   0  11   4  10   2   2   2   2   2   2   3   5   6   0   2   3  0.28 0.27
  158 G    0 -1  1  0 -4 -2 -1  3  1 -2 -3 -1 -1  0  2  0  0 -1  0 -2    8   4   8   5   0   1   4  25   3   3   2   3   1   4  10   6   5   1   4   2  0.25 0.23
  159 N    1 -1  1  1 -4  0  0  3 -1 -1 -2 -1 -3 -1 -1  0 -1 -1 -2 -1   10   4   7   7   0   3   6  27   2   3   4   2   0   3   3   5   4   1   1   5  0.22 0.20
  160 R    0  0  0  0 -2  1  0  0  1  0 -1  0  1  0  1  0  0 -2  1  0    6   6   5   6   0   5   6   6   5   6   6   6   5   5   6   6   6   0   5   6  0.03 0.06
  161 I   -1  0  0  3 -4  0  3 -1  2  0 -2 -1 -1 -2  1  0  0 -1 -3 -1    5   4   4  15   0   3  18   4   5   6   3   4   2   2   8   7   5   1   0   5  0.20 0.21
  162 D   -1  1  1  2 -3  1  1  1  1 -2 -1  0 -1 -1 -1  0 -1 -1 -1 -1    5   7   6  11   0   7  10  12   3   2   6   6   2   3   3   6   4   1   2   3  0.10 0.11
  163 T    0  1 -1 -1 -3  0 -1 -1  2  0  0 -1  0  1 -1  0  0  2  1  1    8  10   3   3   0   4   4   4   5   4   8   3   3   7   3   5   7   3   5  13  0.06 0.10
  164 K    0  0  0  0 -5  0  1 -1  1 -2 -3 -1 -1 -1  5 -1 -1 -5 -1 -2    8   5   4   5   0   5   9   6   3   2   3   4   2   3  30   4   4   0   2   3  0.45 0.35
  165 E   -1  0  0  0 -3  0  0 -1  2  0 -1  0  1  0  0  0  0  3  1  0    5   5   5   5   0   5   5   5   5   5   5   5   5   5   5   5   5   5   5   5  0.06 0.08
  166 D   -1 -1  3  4 -5  0 -1  1  2 -4 -2 -1  0  0 -1  0 -1 -4  0 -2    4   3  16  21   0   3   4   9   6   0   3   3   3   4   3   5   4   0   4   4  0.32 0.28
  167 R   -1  0  0  0 -3  0  0 -1  2  0 -1  0  1  0  0  0  0  3  1  0    5   5   5   5   0   5   5   5   5   5   5   5   5   5   5   5   5   5   5   5  0.06 0.08
  168 L   -1 -2  0 -1  1 -1 -2 -1  1  1  1 -2  1  4 -1 -1 -1  2  2  0    5   3   4   4   3   3   3   5   3   7  13   3   3  14   3   5   4   3   7   6  0.17 0.12
  169 L   -1  0  0  0 -3  0  0 -1  2  0 -1  0  1  0  0  0  0  3  1  0    5   5   5   5   0   5   5   5   5   5   5   5   5   5   5   5   5   5   5   5  0.06 0.08
  170 F   -1  0  0  0  2  0  0 -1  2  0 -1  0  2  1  0 -1  0  4  1 -1    5   5   5   5   5   5   5   5   5   5   5   5   5   5   5   5   5   5   5   5  0.09 0.08
  171 E   -1  0  0  0 -3  0  0 -1  2  0 -1  0  1  0  0  0  0  3  1  0    5   5   5   5   0   5   5   5   5   5   5   5   5   5   5   5   5   5   5   5  0.06 0.08
  172 Y   -1  0  0  0  2  0  0 -1  2  0 -1  0  2  1  0 -1  0  4  1 -1    5   5   5   5   5   5   5   5   5   5   5   5   5   5   5   5   5   5   5   5  0.09 0.08
  173 D    0  1  1  1 -3  1  1 -1  1 -1 -1  0  0 -1  1  0  0  1 -1 -1    6  10   7   8   0   6   9   5   3   4   4   5   4   2   6   8   6   2   2   5  0.07 0.09
  174 K   -1  2  0  1 -3  1  0 -1  1 -1 -1  0  0 -1  0  0  0  2  1 -1    5  12   5  10   0   6   5   5   3   4   4   5   3   3   5   6   4   3   5   5  0.08 0.11
  175 N    0  0  0  0  2  0  0 -1  1  0 -1  0  1  0  0  0  0 -2  1  0    5   5   5   5   5   5   5   5   5   5   5   5   5   5   5   5   5   0   5   5  0.03 0.05
  176 G   -1  0  0  0  2  0  0 -1  2  0 -1  0  2  1  0 -1  0  4  1 -1    5   5   5   5   5   5   5   5   5   5   5   5   5   5   5   5   5   5   5   5  0.09 0.08
  177 Q    0  1  1  0 -3  1  0  0  1 -1 -1  0  0 -1  0  0  0  2  0  0    5   8   6   5   0   9   7   8   4   4   4   4   3   3   4   7   6   3   3   6  0.06 0.09
  178 E    0  0  0  0  2  0  0 -1  1  0 -1  0  1  0  0  0  0 -2  1  0    5   5   5   5   5   5   5   5   5   5   5   5   5   5   5   5   5   0   5   5 -0.00 0.06
  179 R   -1  0 -1  0 -2  0  0 -1  0  0  0  0  0  0  0  0  0  2  1  0    4   7   3   6   0   5   5   5   3   8  11   3   2   5   4   6   7   3   4   8  0.02 0.04
  180 L   -1 -1 -1 -1  1 -1 -1 -2  1  2  0 -2  1  3 -1 -1 -1  2  1  1    6   4   4   4   3   3   4   4   3  10   9   3   3  11   3   5   4   3   5   9  0.11 0.08
  181 R   -1  0  0  0 -3  0  0 -1  2  0 -1  0  1  0  0  0  0  3  1  0    5   5   5   5   0   5   5   5   5   5   5   5   5   5   5   5   5   5   5   5  0.06 0.08
  182 M    0  0  0  0 -2  0  0  0  0  0  0  0  1  0  0  0  0  1  0  0    6   6   5   5   0   4   6   9   2   6  10   5   5   6   4   5   5   2   4   7  0.01 0.02
  183 D   -1  0  1  3 -4  1  1  0  1 -2 -2  0  0 -1  0  0  1 -4 -1 -2    6   6   7  16   0   6   8   8   3   2   3   4   2   2   5   8   9   0   2   3  0.17 0.18
  184 N   -1  1  0  2 -6  0  0  0  2 -2 -2 -1  0 -1  0  2  0  2  0 -2    5   7   5  10   0   5   7   8   4   3   4   4   3   3   5  13   5   3   3   4  0.12 0.14
  185 S   -1  0  0  0  2  0  0 -1  2  0 -1  0  2  1  0 -1  0  4  1 -1    5   5   5   5   5   5   5   5   5   5   5   5   5   5   5   5   5   5   5   5  0.09 0.08
  186 T    0  0  0  2  0  1  0  3  0 -2 -3 -2 -1 -1 -2  0  0  1 -1 -1    7   6   4  10   2   6   6  19   2   2   3   3   2   3   2   6   7   2   3   5  0.15 0.15
  187 V   -1  0  0 -1  1  0 -1 -1  0  1  1 -1  1  1  0  0  1  3  0  0    6   4   5   3   3   4   4   5   3   7  12   3   3   7   4   6   9   4   3   5  0.06 0.06
  188 R    0  0  0  0  2  0  0 -1  1  0 -1  0  1  0  0  0  0 -2  1  0    5   5   5   5   5   5   5   5   5   5   5   5   5   5   5   5   5   0   5   5  0.03 0.05
  189 L    0  0  0 -2 -3  1  0 -1  2  0 -1  0  1  1  0  0  0  3  1  0    6   6   5   0   0   5   6   6   5   6   6   6   5   5   6   6   6   5   5   6  0.07 0.11
  190 G    0 -2  0 -3 -5 -1 -1  6 -5 -4 -3 -2 -1 -2 -5  0 -1 -5 -2 -3    7   2   4   1   0   3   5  54   0   1   3   2   2   2   0   7   4   0   2   2  0.92 0.52
  191 D   -2 -2  1  7 -6 -2 -1 -2 -1 -6 -4 -5 -6 -2 -2 -2 -3  0 -6 -6    4   2   7  62   0   2   3   4   2   0   2   0   0   2   2   4   2   2   0   0  1.51 0.73
  192 V    0 -3 -3 -5 -4 -2 -3 -3 -2  3  2 -2  1  1  0 -1  0  0 -2  2    6   2   1   0   0   2   2   1   1  19  21   2   4   5   5   4   7   1   1  15  0.33 0.24
  193 R    0  1  0 -1 -1  0  0 -2  1  1 -1 -1 -1 -1 -1  1  2  0  0  1    5   8   3   2   1   3   6   2   3   7   5   3   1   3   3  11  13   1   4  14  0.08 0.12
  194 V    0 -5 -6 -6 -5 -2 -5 -1 -6  2  4 -5  2  2 -2 -3 -1 -5 -4  2    8   0   0   0   0   2   0   5   0   9  42   0   4   9   2   2   4   0   0  12  0.69 0.41
  195 S    0  0  0  0 -1  0 -1  1  0 -1 -2 -1 -1  0 -2  2  1  2  3 -2    7   4   5   4   1   4   4  13   2   3   3   3   2   4   2  15   8   3  10   2  0.14 0.16
  196 G    2 -2 -3 -4 -2 -3 -5  1 -1  0  3 -5  0  1 -3 -2 -1  1  0  1   21   2   1   1   1   1   0  12   1   4  25   0   2   6   1   3   4   2   3  11  0.35 0.30
  197 G    0  2 -2 -2 -6  1 -1  1 -1 -4 -4  5 -2 -4 -5  0  0 -6 -3 -1    9  10   2   2   0   7   3  11   2   1   2  31   1   1   0   8   7   0   1   4  0.50 0.39
  198 W   -4  2 -4 -5 -7 -1 -5 -3  2 -2 -2 -1 -1  1 -7 -5 -4  7  7 -2    2   9   1   1   0   2   1   2   4   2   4   4   1   6   0   1   1  16  38   3  1.40 0.75
  199 Q   -1  3  1 -2 -3  4  0 -2  0 -3 -1 -1 -1 -3  0  0  1  0 -1 -2    6  17   6   1   1  21   5   3   2   1   7   3   1   1   5   6   8   1   2   3  0.34 0.32
  200 L   -2 -4 -6 -5 -2 -3 -3 -5  0  3  4 -4  0  3 -3 -4 -3  2 -2  1    4   1   0   1   1   2   2   1   3  14  40   1   2  13   2   1   2   3   1   8  0.73 0.43
  201 Y   -1  0  0 -1  1 -1 -2 -1  1  0  0 -1  1  1  1 -1  0  3  2  0    5   4   6   3   3   3   3   5   3   5  11   3   3   7   6   5   6   4   8   7  0.09 0.08
  202 H   -1  1  0  0  1  1  1 -1  2 -2 -2  0  0 -1  0  1 -1  3  0 -2    5   8   5   6   3   6  10   4   5   3   4   5   3   3   5   9   4   4   3   3  0.12 0.12
  203 D   -1  0  1  2 -1  0  3  1  0 -2 -2 -1 -1 -2  1  0 -2  1 -1 -2    6   4   5  11   1   5  18  10   2   3   5   4   1   2   6   7   3   2   2   3  0.20 0.19
  204 G    0  0  0  0 -1 -1  1  2  0 -2 -3  0 -5 -1  0  1  0  1 -1 -2    8   6   4   6   2   3   8  17   2   2   3   5   0   3   5  12   7   2   2   3  0.17 0.16
  205 A    1  1  0  1  0  0  1  1  0 -2 -3  0  0 -1  1  0  0  1 -1 -2   12   7   5   8   2   5   8   9   2   3   3   6   2   2   7   6   5   2   2   3  0.09 0.10
  206 A    0  0  0  0  0  0 -1  1  0 -1 -2  0  0 -1  0  1  0  4  0 -2    7   5   4   6   2   4   3  11   2   3   3   5   2   3   5  12   7   6   4   3  0.11 0.14
  207 N   -1  0  1  0  0  0  0  0  1 -1  0  0  0  0 -1  0 -1  4  0 -1    5   6   7   6   2   5   5   9   3   4   9   5   3   4   4   6   4   6   3   3  0.08 0.08
  208 P   -1  2 -2 -1 -2 -2 -2  1  1 -3 -1 -2 -1 -1  5 -1 -2  2 -2 -2    6   9   2   4   1   2   3   9   4   2   6   3   2   3  31   4   3   3   2   3  0.55 0.39
  209 N    0  1 -1  0  0  0 -2 -1  1  1 -1 -1  1  1  2 -1  0  4  0 -1    8   7   3   7   2   4   3   5   3   8   6   3   3   6   9   5   6   5   4   5  0.09 0.08
  210 A    2  0  0 -1  0  0 -1  1  0 -1 -1 -1  0 -1 -2  1  0  1  0  0   17   5   4   4   2   5   3   9   2   4   6   4   2   3   2  12   6   2   3   5  0.09 0.10
  211 L   -2 -2 -7 -3  0 -1 -6 -3  0  3  3 -2  1  2 -2 -2 -1  4 -1  2    4   3   0   2   2   3   0   3   2  13  24   3   3   7   2   3   5   6   2  14  0.45 0.27
  212 A    4 -2 -1 -1 -3 -2 -3  1 -2 -2 -2 -3 -2 -3 -3  3  0 -5 -3 -1   35   2   3   3   1   2   1   8   1   2   4   1   1   1   1  23   5   0   1   5  0.52 0.43
  213 L    0 -2 -3 -5 -4 -4 -3 -1 -4  2  3 -3  2  1 -2 -3 -1  3  1  2    9   2   1   0   0   0   1   6   0   9  32   2   4   6   2   1   3   5   4  14  0.37 0.28
  214 R    0  3  0 -2 -4  0 -1  1  0 -2 -1  0 -1 -1 -3  2  1  0 -1 -1    9  16   5   1   0   3   3  13   2   2   6   5   2   3   0  15   7   1   2   3  0.17 0.20
  215 A    2 -4 -4 -4 -4 -3 -3  2 -2  0  2 -3  0  1  1 -1 -1  0 -1  1   18   0   0   0   0   1   1  18   1   6  21   1   2   7   6   5   4   1   2   8  0.28 0.28
  216 S    1  0 -1  0 -2  1  0  2 -1 -2 -1  0  0 -1 -2  2  1 -2  0 -1   13   6   2   4   1   6   5  14   1   2   4   4   2   3   1  15  10   1   3   4  0.12 0.16
  217 L    0 -5 -5 -5 -1 -4 -5 -3 -1  1  3 -3  0  1 -5 -2 -2  3  2  4    8   0   0   0   1   0   0   2   2   8  27   2   2   6   0   2   2   4   7  26  0.55 0.38
  218 K   -1  2  0 -1 -5  1  0 -3 -1 -2 -3  5 -4 -1 -2 -1 -1 -5  2 -3    4   9   3   3   0   5   6   2   1   2   2  41   0   2   2   5   3   0   9   2  0.61 0.45
  219 L   -1 -2 -3 -2 -4 -1 -2 -2  1  0  2 -2  1  3  0  0  0  2  4  0    4   2   0   2   0   2   2   3   4   5  19   2   4  11   5   8   5   3  15   5  0.25 0.25
  220 P    0 -2  3  1 -5 -1 -1 -1  0 -3 -5 -2 -1 -5  6  0 -1 -6 -2 -2    6   2  16   7   0   2   3   5   2   2   0   2   2   0  36   6   3   0   2   4  0.78 0.53
  221 T   -2 -1  0  0 -3 -1 -2 -1  0  0  0 -2  0  0 -4  1  4  1  1  0    2   3   4   5   0   2   2   4   2   6  11   2   2   3   0  11  27   2   5   6  0.24 0.28
  222 G    1  1 -1 -1 -1  0 -1  4  1 -2 -3 -3 -1 -2 -2  0 -1  1  0  0   10   7   2   3   1   3   3  35   3   2   2   0   2   2   2   5   3   2   3   8  0.35 0.30
  223 S   -1  0  2  4 -4 -1  0 -1  0 -3 -2  0 -1 -2  1  1  1 -5 -2 -3    5   6  10  24   0   2   4   3   2   1   3   5   1   2   7  12   8   0   2   1  0.31 0.28
  224 S    1  0  0  2 -1  0  1  0  1 -3 -2  0 -2  0  0  1 -1  2  0 -2   12   6   4  10   1   4  10   9   4   1   2   4   1   4   4  12   4   3   3   2  0.12 0.15
  225 S    0  0  0  0 -2  1  0  0  1  0 -1  0  1  0  1  0  0 -2  1  0    6   6   5   6   0   5   6   6   5   6   6   6   5   5   6   6   6   0   5   6  0.03 0.06
  226 R   -1  1  1  2 -4  1  1  0  0 -2 -1  1 -1  1  1 -1 -1  0  0 -2    5   9   6  10   0   6  10   6   2   2   5  10   1   7   6   3   4   1   3   2  0.13 0.15
  227 L   -1 -2 -2 -1 -4 -1 -1  2 -1  0  2 -2  0  3 -1 -1 -1  2  0 -1    5   2   2   3   0   3   4  20   1   5  20   2   3  14   3   4   3   2   2   3  0.21 0.21
  228 T   -1  0 -1 -1 -3 -1 -1 -2  1  1  2 -2  0  2 -1 -1  0  1  1  0    4   7   4   4   0   2   5   3   3   8  22   2   2   8   2   3   8   2   5   7  0.10 0.13
  229 G   -1 -1 -1 -1 -6 -3 -2  6 -2 -3 -6 -1 -2 -2 -3  1 -2 -6 -2 -4    4   4   3   3   0   1   3  54   1   1   0   3   1   2   2  12   3   0   1   1  0.97 0.59
  230 S   -2 -1  1  1 -5 -1 -1 -2  2 -3 -4 -2 -5 -5 -2  5  3 -6 -1 -3    3   4   7   7   0   3   3   3   4   1   2   2   0   0   2  38  18   0   2   2  0.65 0.52
  231 G   -3 -2  0  0 -6 -2 -1  6 -2 -5 -6 -2 -6 -2 -4 -2 -4 -2 -6 -5    2   3   5   6   0   2   4  66   1   1   1   2   0   2   1   2   1   1   0   1  1.42 0.76
  232 S    1  0  0  0 -4  0  1  2  0 -3 -3  1 -2 -1  0  1  0 -4 -2 -3   12   6   3   4   0   3  10  19   2   1   2   8   1   3   5  12   6   0   1   2  0.21 0.20
  233 T    0 -3  0 -2 -4 -2 -2 -2 -2  0  0 -3  0  2  0 -1  2  6 -1  2    8   1   5   3   0   1   2   2   1   5   8   1   2  10   5   3  15  11   2  15  0.34 0.29
  234 D   -2 -1 -2  7 -6 -1 -1  0 -3 -5 -4 -3 -6 -4 -4  0 -1 -6 -6 -4    3   4   1  61   0   3   4   6   1   1   2   1   0   1   1   6   3   0   0   2  1.40 0.77
  235 L    0 -2 -4 -2 -1 -2 -2  0  1  0  1 -2  0  3 -1 -1 -1  3  4  1    8   2   0   2   1   2   3   7   3   5  14   2   2  12   3   3   4   4  13  11  0.23 0.21
  236 A    1 -2 -1 -1  0  0 -1  3  0 -2 -2 -1  0  0 -2  2  0  1  0 -2   13   2   3   3   2   4   4  24   3   2   4   3   2   5   2  13   4   2   3   3  0.22 0.22
  237 L    0 -2 -1 -2 -4 -1 -4 -1  0  2  3 -4  1  2  0 -2 -1  2  0  1    9   2   3   2   0   3   0   5   2   9  25   0   4   9   4   3   3   3   3  10  0.23 0.21
  238 W    0  0 -1  0 -4  0 -1  2  0 -2 -1 -1  0  1 -1  0  0  4  2 -1    8   4   3   5   0   5   4  19   2   3   5   2   3   5   3   7   5   5   6   4  0.15 0.16
  239 L    0 -7 -3 -4 -1 -1 -3 -3 -2  2  4 -7  0  3 -4 -4 -2  1 -1  2    8   0   1   1   1   3   2   3   1   9  32   0   2  10   1   2   3   2   2  13  0.59 0.34
  240 S    1  0 -1 -1 -1  0  0  0  0  2  0 -2  0 -1 -2  1  0  0 -2  0   14   4   3   3   1   4   5   7   3  10  11   2   3   3   2  11   6   2   1   6  0.08 0.08
  241 G    3 -3 -3 -4 -2 -1 -3  1 -1 -1  2 -3  0  1 -2 -2 -1  2  1  1   19   2   1   1   1   3   2  11   1   3  19   1   2   6   2   3   4   2   5   9  0.29 0.21
  242 S    0 -1 -1  1 -2  3  0  0 -1 -2 -3 -3 -3 -2 -3  4  2 -1 -2 -4    7   4   3   7   1  12   6   8   1   3   3   2   1   2   2  24  11   1   2   2  0.40 0.35
  243 S   -1  0  0  0  2  0  0 -1  2  0 -1  0  2  1  0 -1  0  4  1 -1    5   5   5   5   5   5   5   5   5   5   5   5   5   5   5   5   5   5   5   5  0.09 0.08
  244 D    0  1  1  1  0  1  0  0  1 -1 -2  0  0 -1  1  0  0  2  0 -1    7   7   6   9   2   5   6   6   3   4   4   4   3   3   6   6   7   3   3   3  0.04 0.08
  245 H   -1  0 -1 -2  0 -1 -2 -1  1  1  1 -1  1  2 -1  0 -1  3  1  0    6   6   4   3   2   3   3   5   3   7  16   3   3   9   4   6   3   4   5   5  0.10 0.08
  246 A    1  0 -1 -1 -1 -1  0  1  0 -1 -1 -1 -1  0 -1  2  0  2  0 -1   10   6   3   3   1   3   5  12   2   4   6   4   2   4   4  13   6   3   3   4  0.07 0.09
  247 L   -1  1  0  0 -4  0 -1 -1  1 -1  0  1  1  1  1  0  0  3  1  0    5   7   4   6   0   4   5   4   3   4  10   7   3   5   7   6   5   4   5   6  0.07 0.07
  248 S   -1  1  0  0  1  0 -1  0  2 -1 -1  0  0  0  0  1  0  3  1 -1    5   8   5   5   3   5   4   6   5   4   5   5   3   5   5   9   6   4   4   5  0.06 0.07
  249 W    0 -1 -2 -2 -3 -3 -2 -1  0  0  0 -3 -2  4 -1  0 -1  7  2 -2    8   4   3   3   1   2   3   5   2   6   8   2   1  14   3   8   4  15   7   3  0.53 0.31
  250 G   -1  1 -1  0 -3  0 -1  4  2 -2  0 -1 -1 -1 -1 -1 -2  2  0 -2    6   8   3   5   1   4   4  27   4   3   9   3   2   3   3   4   2   2   4   3  0.28 0.21
  251 H   -2  3  1  0 -3 -1 -2 -1  4 -2 -1 -1 -1 -1  2  0  0  1  0 -2    4  16   7   5   1   3   3   5   8   3   7   4   1   3   9   7   6   2   4   3  0.23 0.20
  252 A    0 -1 -2 -3 -2 -3 -4 -2  2  0  2 -5  0  3 -7 -1 -1  6  2  1    9   4   3   2   1   2   1   4   5   5  18   1   2  10   0   4   4  11   5   9  0.46 0.29
  253 T    0 -1  2 -2 -2 -1 -3  0  2 -1  0 -4  0 -1 -4  2  3  1  1  0    8   3   8   3   1   2   2   8   4   4   8   1   2   3   1  13  15   2   4   7  0.21 0.20
  254 V    0 -2  1 -2 -2 -2 -3 -1  1  0  2 -4  0  2  0 -2 -2  5  2  1    9   2   6   3   1   2   2   5   3   6  18   1   3   8   4   3   3   6   6  10  0.24 0.17
  255 F   -1  0  1 -1 -6  0 -2  0  3 -1  0 -6  1  3 -1 -2 -1  3  4 -1    5   5   7   3   0   5   3   6   7   4   9   0   3  13   3   4   4   3  11   4  0.33 0.23
  256 G    1 -2 -1 -2  1 -1 -2  3  2 -1 -1 -2  0  0 -1 -2 -2  3  2 -1   12   3   3   3   2   3   3  19   5   4   8   3   3   4   3   4   3   3   7   5  0.19 0.17
  257 A    0 -2  3  0 -2  0 -2  1  0 -2 -2 -3  1 -1 -3  1  2  2  1 -1    8   2  14   5   1   4   3  11   3   2   5   1   3   2   2  10  10   3   5   5  0.22 0.21
  258 V    1 -2  0 -3 -1 -2 -4  0  0  1  2 -2  1  1 -2 -2  0  0 -1  2   13   3   5   1   1   2   1   7   3   6  17   3   3   7   2   3   5   1   2  14  0.19 0.15
  259 G    1 -1  1 -1 -2 -2 -2  5  1 -3 -2 -4 -2 -1 -2  0 -1 -1 -1 -2   11   4   6   4   1   2   3  35   4   2   4   1   1   3   3   6   4   1   2   3  0.51 0.36
  260 G    0 -1  0 -2 -2 -2 -3  3  1  0 -1 -3  0  1 -3 -2 -2  2  4  1    8   3   4   3   1   2   2  18   4   5   7   2   3   6   2   3   2   2  14   9  0.31 0.22
  261 M   -1  0 -1 -3 -2 -1 -3 -1  0  1  1 -1  0  1 -3 -1  2  3  1  2    5   5   3   2   1   2   2   6   3   7  13   3   3   6   2   5  14   4   5  12  0.16 0.14
  262 A   -1  0 -1 -1 -3 -2 -2 -1  3  0  0 -1 -1  3 -3 -1 -2  5  3  0    6   6   3   4   1   2   3   6   5   6   9   4   1  10   1   6   3   7  10   7  0.25 0.18
  263 M    0  1  1 -3 -2  0 -1 -3  1  1  1 -1  1  0  2 -2  0 -2  1  0    7   7   6   2   1   4   3   2   4   8  14   3   4   4   9   3   7   1   5   6  0.13 0.12
  264 T   -2  0  1  1 -7  0 -2  5 -2 -2 -2 -3 -3 -2  0  0  1 -2 -2 -2    4   5   6   6   0   5   3  34   1   3   4   2   1   2   4   7   9   1   1   3  0.49 0.36
  265 D   -1  1  1  4 -8  0  2  1 -1 -3 -3  0 -7 -2  0 -1  0 -8 -2 -4    6   7   5  21   0   4  12   9   1   2   3   6   0   2   6   6   6   0   2   2  0.37 0.30
  266 G    0 -1  1  0 -3 -3 -3  3  0 -4 -4 -2  0 -2  2  2  0  1 -1 -4    7   3   6   5   1   1   2  23   2   1   2   3   2   2  11  15   5   2   3   2  0.39 0.32
  267 E    0  1  1  4 -7 -1  2  0  0 -3 -4 -1 -2 -1  0  0 -2 -2 -3 -2    7   7   6  22   0   3  14   7   2   2   2   4   1   3   5   7   3   1   1   3  0.38 0.29
  268 V    0 -1  0  0 -2 -1 -1 -1  0  1  1 -2  0  0  0  0  0  0  0  2    8   4   4   4   1   3   5   5   3   7  17   2   2   4   4   6   6   1   3  14  0.07 0.06
  269 L   -1 -2 -2 -1 -5 -2 -1  0 -3  0  3 -1  1  3 -1 -2 -2 -1  1 -1    6   3   3   3   0   2   4   7   1   6  27   4   3  12   4   4   2   1   4   5  0.29 0.19
  270 K    1  1  1  1 -3  0  1  1 -2 -3 -2 -1 -2 -2  3  0 -1 -2 -2 -3   12   8   6   9   1   4   9  12   1   2   4   3   1   2  13   6   4   1   1   2  0.22 0.20
  271 G   -1 -1  1  2 -3  0  0  1  0  0  0 -1  0 -1  0  0  0  1  0 -1    5   3   7  11   0   5   7  13   3   7   8   2   2   3   4   5   5   2   3   5  0.06 0.08
  272 Q    0  0  0  1  0  1  1 -1  0  0  0  0  0  0  0  0  0  1  0  0    8   5   3   8   2   8   8   3   2   6   9   6   3   3   5   7   4   2   3   5  0.04 0.05
  273 R   -1  2  0  1  0  2  0 -1  0  0  0  0  0  0  0  0  0 -3  0 -1    4  10   5   7   2  12   5   5   3   5   9   4   3   4   6   5   4   0   4   4  0.07 0.11
  274 E   -2  3  1  0 -4  0  1 -2  1 -1  0  1 -1 -1  1 -1 -1  0  1 -1    3  18   6   5   0   3   7   3   3   3   8  10   1   3   6   5   3   1   6   5  0.15 0.17
  275 N   -1  2  3  2 -4  1  0  0  2 -3 -3  0 -3 -2  0  1  0  0  0 -2    4  12  12  14   0   5   5   7   5   1   2   4   0   2   5   8   5   1   4   3  0.23 0.23
  276 L   -1 -1  1  2 -4  0 -1 -2  1 -1  0 -2 -1  1  0 -1  0  5  1  0    5   2   9  11   0   3   4   3   4   3  12   2   2   7   5   4   6   8   4   6  0.15 0.17
  277 V   -1  0  0  0 -3  0  0 -1  2  0 -1  0  1  0  0  0  0  3  1  0    5   5   5   5   0   5   5   5   5   5   5   5   5   5   5   5   5   5   5   5  0.06 0.08
  278 G    0 -3 -3 -3 -1 -1 -4  1 -1 -1 -1 -4 -1  4  0  0 -1  6  2  0    8   2   1   2   1   3   1  12   2   4   7   1   2  14   4   6   5  11   6   7  0.41 0.28
  279 F   -2 -1 -1 -3 -1  0 -2 -1  3 -1 -1 -4  2  4 -4  1  1  3  4 -2    4   4   3   2   2   4   3   6   5   4   6   1   5  17   1  10   7   4  11   3  0.40 0.27
  280 G    2 -4 -2 -3 -2 -3 -3  3 -1  0  0 -3 -1  1 -3 -1 -1  1  2 -1   16   1   2   2   1   2   2  24   1   6  11   2   2   5   2   5   4   2   7   4  0.36 0.25
  281 S    0 -2 -1 -1 -1 -1  0  2  3 -2 -2 -2  2  0 -3  3  0  0  0 -3    8   3   3   3   1   2   7  15   6   2   5   3   5   4   1  18   5   2   4   2  0.24 0.21
  282 L    0  0 -1 -3  1 -1 -1  0 -2  1  1 -2  1  1 -1  0  0  2  0  1    8   6   3   0   3   3   3   8   0   7  13   0   4   6   3   5   6   4   3  12  0.06 0.10
  283 G    1 -1 -1 -1 -3  0 -1  3  0 -1 -1 -2  0  1 -1  1  0  2  0  0   13   3   3   3   0   3   4  24   3   3   4   0   3   6   3   9   4   3   3   7  0.16 0.19
  284 A    0 -2 -2 -2  0  0 -2  0 -3  1  2 -2  1  2 -2 -1  0  1  1  1    8   2   2   2   2   5   2   7   0   8  20   2   3   9   2   4   4   2   6  10  0.10 0.13
  285 G   -1  0 -1  0  1  0  3  2  1 -2 -3 -2  1 -1 -2  1 -1  2 -1 -2    6   6   3   5   2   4  16  15   3   3   3   3   3   3   3  11   4   2   3   4  0.19 0.19
  286 W   -2  0 -2 -7  1 -1 -2 -3  1 -1  0 -1  0  2 -2 -3 -2  8  5 -1    4   5   3   0   3   3   3   3   3   4   8   4   2   9   3   3   3  17  14   4  0.69 0.46
  287 S    0  3 -1  0  0  2 -1 -2  1 -2 -1  1  0 -1  1  0 -1  1 -1 -2    7  16   3   5   2  10   5   4   3   3   6   7   2   3   7   6   4   2   2   3  0.19 0.19
  288 P    0 -3 -2 -4 -1 -3 -7 -4  0  1  3 -3  0  3  1 -3 -2  4  0  2    8   2   2   1   1   1   0   2   3   8  23   2   2  10   8   2   3   5   3  12  0.42 0.28
  289 M   -1 -1  2 -1 -2 -1 -3  0  0 -2 -1 -3 -1 -1 -1  2  3  4 -2 -2    6   4  10   3   1   3   2   9   2   2   7   2   2   3   3  15  16   6   2   3  0.29 0.27
  290 E   -2  1  0  3 -2  0  2  1  0 -4 -3  0 -7 -4  3  1 -2 -1 -3 -4    3   7   5  14   1   4  13  10   2   1   3   7   0   1  14   9   2   1   1   1  0.38 0.33
  291 K   -1  5  3  0 -3  0 -2 -1  1 -5 -5  1 -2 -4 -1  0  0  4 -2 -4    5  24  11   6   1   4   3   5   3   1   1   8   1   1   3   8   6   5   2   1  0.53 0.39
  292 F   -4 -4 -3 -2 -2 -2 -5 -5  2  1  3 -8 -1  3 -8 -2  1  7  0  1    2   1   2   3   1   2   1   1   4   8  24   0   2  12   0   4   8  12   3   9  0.74 0.44
  293 A    1  0  0  1 -6  0  0 -1  0 -2 -3 -2 -3 -3 -3  4  1 -1 -2 -3    9   5   5   7   0   4   5   4   3   2   3   2   1   1   1  33   9   1   1   2  0.44 0.40
  294 L    1 -6 -7 -5 -1 -6 -5 -2 -6  1  4 -6  0  3 -2 -4 -3  4 -1  2   10   0   0   1   1   0   1   3   0   8  37   0   2  12   2   2   1   5   2  11  0.74 0.47
  295 K   -1 -1 -1 -2 -2 -1 -2  0 -1  1  1  1  1  0 -4 -1  0 -1  0  2    4   3   3   2   1   3   2   9   1   9  17  11   3   4   0   5   5   1   3  14  0.12 0.14
  296 V    2 -5 -2 -6 -2 -5 -5  2 -6  1  3 -5  1  1 -4 -2  0 -2 -3  2   20   0   2   0   1   0   0  13   0   7  24   0   4   6   1   3   5   1   1  13  0.48 0.37
  297 E    0  0  0  0  2  0  0 -1  1  0 -1  0  1  0  0  0  0 -2  1  0    5   5   5   5   5   5   5   5   5   5   5   5   5   5   5   5   5   0   5   5  0.03 0.05
  298 F   -1 -4 -2 -2  0 -2 -3 -1 -1  1  2 -4  0  3 -5 -2 -1  2  5  1    5   0   2   2   2   2   2   4   2   8  19   0   2  10   0   3   5   3  18  10  0.38 0.31
  299 S   -1  0  0  3  0  0  1 -1  1 -1  0 -1  0  0 -3  0  0  1  1 -1    3   5   5  17   2   4   9   4   4   2  11   3   3   4   0   7   5   2   5   5  0.12 0.15
  300 S    0 -2 -1 -2 -1 -1 -1  2  1  0  0 -3  0  1 -2  0 -1  5  2  0   10   2   2   2   1   3   4  14   4   6   7   0   2   5   2   6   4   7   8   9  0.16 0.17
  301 H    0  2  1 -1 -4  2  1 -1  3 -2 -2 -1 -1 -1 -2  1  0  1  3 -2    6  11   8   3   0   8   8   5   9   2   3   3   2   3   1  10   6   2  10   2  0.23 0.25
  302 T   -2  0 -1 -1 -4  2  0 -1 -1 -3 -3 -2 -1 -2 -2  3  3  0  0 -1    3   5   2   4   0   8   7   6   1   1   2   2   1   2   1  24  19   1   4   6  0.33 0.36
  303 P    2  0  0 -2 -4 -1  0  1 -1 -3 -3 -1 -4 -2  3  3 -1  0 -1 -2   17   5   4   2   0   2   5  12   1   2   2   4   0   1  13  20   4   1   2   3  0.31 0.31
  304 F    0  0 -2 -2 -4 -2 -2 -2 -1  1  1 -1  1  2  4 -2 -1 -1  1  0   10   5   1   2   0   2   2   2   2   9  11   3   4  10  19   3   4   1   4   7  0.25 0.22
  305 Y    0 -2 -2 -2 -4 -1  0 -2 -1  1  0 -3  0  3 -1 -1  0  1  4  1    7   2   2   2   0   2   6   3   1   8   9   1   2  13   3   5   6   2  16   9  0.24 0.22
  306 K    0  2  0  2 -2  1  1 -1  1 -3 -3  1 -2 -2  1  0  1 -1 -2 -1    8  13   5  11   1   6   8   5   3   1   2   9   1   2   6   6   8   1   1   4  0.17 0.18
  307 E    0  0  1  3  0  0  1  2  1 -2 -2 -1 -3 -1 -1  0 -1  1 -1 -2    7   6   7  16   2   4   8  15   4   3   3   4   0   2   3   6   4   2   2   3  0.17 0.17
  308 S    0  0  0  0 -3  0  0 -1  0 -1 -1 -1  0 -1  0  2  2  1  0 -1    6   5   4   4   0   4   7   4   2   3   5   4   2   3   4  19  14   2   3   5  0.13 0.19
  309 D   -1  0  1  3  0  0  1  2  0 -2 -2  0 -1 -4  1  0 -1  1 -1 -2    5   6   6  16   2   3   9  15   3   2   3   4   2   0   7   6   4   2   2   3  0.18 0.19
  310 M   -1 -1 -1  1 -3 -1 -1 -1 -1  1  1 -1  0  1 -1  0  1  0  0  0    5   4   3   9   0   2   2   5   1  10  18   2   2   7   2   5   9   1   4   8  0.05 0.10
  311 K    0  1  1  1 -3  0  1  0  0 -2 -2  1 -1 -1  1  1  0  0 -1 -2    9   8   6  10   0   4   8   7   2   2   4   7   1   2   8   9   4   2   2   2  0.10 0.12
  312 P    0  0  0  1 -4  1  2  0  0 -2 -2  0 -1 -1  2  0 -1 -1 -2 -1    9   5   5   6   0   8  15   8   2   2   3   4   1   3  10   8   3   1   1   5  0.15 0.17
  313 L   -1 -2 -2 -2 -3 -2 -2 -2 -1  1  4 -2  1  3 -1 -1 -1  1 -1  0    4   2   2   2   0   2   3   4   2   7  36   2   3  13   3   5   3   2   2   6  0.34 0.27
  314 T    0 -1  1  3 -4 -2  0  3 -1 -2 -3 -1 -4 -2 -1  2  0 -4 -3 -2    6   4   7  20   0   1   5  20   1   3   3   3   0   2   3  15   5   0   1   2  0.33 0.29
  315 S    0  2  1  2 -4  1  1  1  1 -4 -3  1 -2 -3 -2  1  0  0 -2 -3    8  11   5  14   0   6  10   9   3   1   2   7   1   1   2  11   4   1   1   2  0.24 0.23
  316 P    0 -1  1  2 -3 -2  0 -1  0 -3 -3 -3 -2 -2  4  0  1  2 -1 -1    9   4   7  10   0   2   6   6   3   2   2   1   1   2  21   6   9   3   3   5  0.32 0.29
  317 A    2 -1 -1 -2 -3  0 -2  0  0  0 -2 -2 -1 -1  1  3  1 -1  0  0   16   3   2   1   0   5   3   6   2   5   3   1   2   2   8  20   9   1   3   8  0.20 0.25
  318 L    1  0  0 -2 -1 -1 -2 -1  3  0  1 -2  1  1 -3 -1  0  1  1  1   12   5   4   1   1   2   1   5   7   5  16   1   4   5   1   4   7   2   4  11  0.11 0.15
  319 V   -1 -2 -1  1 -5  4  3 -2 -2 -1 -1 -3  1 -1 -3 -1  0 -1  1 -1    6   1   3   7   0  19  22   3   1   4   6   1   3   3   1   5   5   1   4   5  0.35 0.35
  320 L    0 -4 -3 -6 -3 -2 -4 -2 -1  2  4 -5  1  3 -4 -3 -3  0 -1  2    8   1   1   0   1   2   1   3   1  12  37   0   3  10   1   1   1   1   2  14  0.60 0.41
  321 L    0 -1  1  0 -4 -1 -3  0 -1  0  0 -2  0 -2 -4  2  3 -1 -2  0    7   4   6   6   0   2   1   7   2   5  11   2   2   2   0  17  18   1   1   8  0.20 0.25
  322 F    0 -5 -6 -6 -2 -4 -4 -1 -5  2  3 -5  1  4 -1 -3 -1  0 -1  2    9   0   0   0   1   1   1   6   0  11  29   0   4  17   3   1   3   1   2  12  0.57 0.40
  323 G   -1 -5 -3 -6 -7 -5 -5  7 -7 -6 -6 -3 -4 -2 -7 -1 -4 -7 -2 -5    4   1   1   0   0   1   1  77   0   1   1   2   1   2   0   4   1   0   2   1  1.90 1.00
  324 G    1 -4 -4 -5 -3 -4 -4  2 -2  0  2 -4  0  3 -4 -2 -1  3  2  2   13   1   1   0   0   0   1  14   1   5  19   1   2  13   0   2   3   3   7  13  0.40 0.32
  325 T   -1  4  1 -2 -3  0 -2 -2  1 -1 -3  2 -1 -4 -5  2  2  0 -2 -2    6  23   7   2   0   4   1   2   3   3   2  11   1   1   0  14  13   2   1   3  0.43 0.38
  326 Y   -3  0 -5 -5 -3 -3 -5 -2  3  0  0 -4 -3  2 -6 -4 -3  7  7 -1    2   6   1   1   1   1   0   3   7   5   8   1   1   7   0   1   2  16  32   4  1.23 0.72
  327 A    0  4 -1  0 -3  2  0 -2  2 -2 -1  2 -2 -3 -3  0 -1  0 -1 -3   10  25   3   5   0   9   5   3   4   2   5  10   1   1   1   6   3   1   2   2  0.34 0.31
  328 F   -1 -4 -4 -5 -3 -4 -5 -3 -2  3  3 -5  1  3  0 -3 -1  2  0  2    5   1   1   1   0   1   1   2   1  14  32   0   4  10   5   2   4   3   3  12  0.56 0.38
  329 S    0  0  2  0 -2 -3 -2  1 -1 -4 -3 -1 -2 -3  0  3  3 -1 -2 -3    8   6  10   6   1   1   2  12   1   1   2   3   1   1   4  23  15   1   1   1  0.36 0.35
  330 P   -1  2  0  2 -6  1  2  0  0 -4 -4  1 -5 -4  3  0 -3 -1 -3 -4    4  12   4  12   0   5  13   7   2   1   1   9   0   1  17   7   1   1   1   1  0.44 0.37
  331 V   -1  3  3  1 -3  1 -2  2  3 -6 -3  1 -5 -4 -4  0 -1 -2 -1 -4    6  15  13   9   1   5   2  16   6   0   2   8   0   1   0   7   4   1   2   1  0.42 0.35
  332 T    0 -1 -2 -3 -3 -2 -4 -1 -1 -1  2 -3  1  2 -2  0  2  6  0  0    7   3   2   2   0   2   1   5   1   4  17   2   3   7   2   7  13  12   3   8  0.35 0.30
  333 A    1  1  0  0 -1  1  0 -2  0  0  0  0 -1 -1 -3  1  1  1 -1  0   13   9   3   4   1   6   4   3   2   5   8   5   1   3   0  13   9   2   2   7  0.08 0.13
  334 L   -2 -7 -7 -8 -4 -7 -7 -5 -7  3  4 -6  0  3 -6 -5 -3  6  0  2    4   0   0   0   0   0   0   1   0  12  42   0   2  11   0   1   1  10   3  11  1.13 0.64
  335 D   -2 -1  2  4 -6  3  3 -1  0 -5 -4 -3 -3 -2 -5  1  1 -2 -1 -5    3   4   8  22   0  12  20   4   2   1   2   1   1   2   0   9   7   1   2   1  0.59 0.47
  336 I    2 -5 -7 -7 -4 -6 -7 -1 -3  2  3 -5  0  5 -5 -4 -2 -1 -2  2   15   1   0   0   0   0   0   5   1  12  24   0   2  23   1   1   3   1   1  12  0.76 0.49
  337 A    2 -4 -3 -4 -5 -4 -6  5 -4 -5 -3 -6 -2 -3 -5  3 -3 -1  2 -4   17   1   1   1   0   1   0  43   0   1   3   0   1   1   0  18   2   1   7   1  1.05 0.68
  338 L   -1 -7 -7 -7 -3 -6 -7 -2 -6  3  3 -6  1  5 -7 -5 -4 -2 -1  3    5   0   0   0   1   0   0   3   0  13  22   0   3  25   0   1   1   0   2  22  0.99 0.56
  339 A    0 -2 -2 -2 -3 -1 -2  2 -1  1 -1 -2 -1 -3 -4  3  3 -2 -3  1    7   2   1   2   0   3   2  13   1  10   5   2   2   1   0  20  17   1   1   9  0.30 0.29
  340 E   -2 -1 -2 -2 -4  0  7 -4 -1 -3 -4 -1 -3 -3 -4 -3 -2 -3 -2 -3    3   3   2   2   0   3  64   2   1   2   2   3   1   1   1   1   3   0   2   2  1.41 0.80
  341 D   -4 -3  5  6 -5 -3 -2  2 -3 -4 -5 -2 -4 -4 -4 -3 -3 -6 -5 -4    2   2  26  38   0   1   3  16   1   1   1   2   1   1   1   2   2   0   0   1  1.22 0.66
  342 L   -1 -3 -4 -4 -3 -4 -4 -1 -4  3  4 -3  0  1  0 -2 -2  1 -2  1    5   2   1   1   1   1   1   6   0  19  36   2   2   5   4   3   2   2   2   7  0.52 0.31
  343 N    0 -1  3  0 -2 -1 -1 -1 -1  0 -1 -1 -1  2 -1  0  1 -1 -1  0    8   4  17   4   1   2   3   5   1   6   6   3   2   8   3   8   9   1   2   8  0.14 0.15
  344 V    0 -2 -1 -2 -3 -1 -2 -1  0 -1 -2 -2  1  1  1  0  3 -3  1  2    7   2   3   2   0   3   2   4   2   3   4   2   3   7   7   6  21   0   5  15  0.24 0.22
  345 D   -1  1  3  5 -5 -1  0  1  0 -4 -4 -1 -4 -1 -3  0 -2 -2  1 -4    6   7  12  28   0   3   6  12   3   1   2   3   0   2   1   6   2   1   4   1  0.51 0.37
  346 A    2 -2  4 -2 -5 -2 -2  2  0 -3 -4 -4 -2 -5 -3  2  3 -6 -4 -3   19   2  18   2   0   2   2  14   2   2   1   0   1   0   1  14  17   0   1   2  0.58 0.45
  347 S    4 -5 -3 -3 -5 -6 -2  1 -6 -6 -5 -5 -4 -6 -5  5  2 -4 -7 -3   28   0   1   2   0   0   3   9   0   0   1   0   0   0   0  41  11   0   0   2  1.08 0.75
  348 P    2 -7 -5 -4 -7 -4 -3 -6 -4 -4 -5 -6 -7 -6  8 -2  0 -8 -5 -3   14   0   1   1   0   1   2   1   0   1   1   0   0   0  64   3   7   0   1   2  1.93 1.06
  349 D   -6 -5 -3  9 -9 -6 -3 -6 -5 -7 -9 -7 -9 -9 -6 -4 -5 -10 -9 -7    1   1   1  91   0   0   1   1   0   0   0   0   0   0   0   1   1   0   0   0  3.05 1.42
  350 V   -2 -4 -6 -8 -7 -5 -7 -8 -2  3 -1 -7 -2  6 -6 -5 -3  4  3  4    3   1   0   0   0   1   0   0   1  17   6   0   1  31   0   1   1   6   7  23  1.24 0.67
  351 A    2 -1 -2 -4 -5 -1 -3  4 -4 -2 -4 -4 -1 -4 -6  2  3 -7 -5  0   14   3   2   1   0   3   1  26   0   3   2   1   2   1   0  15  18   0   0   8  0.58 0.46
  352 L    0 -7 -8 -8 -6 -7 -7 -4 -7  2  3 -7  0  6 -5 -4 -3  0 -1  3    7   0   0   0   0   0   0   2   0   9  25   0   2  31   1   1   2   1   1  18  1.09 0.61
  353 H   -2  0  0 -3 -5  1 -3  2  5 -3  0 -3  0  2 -5  1  2 -3  1 -3    2   4   5   1   0   8   1  17  14   2   8   1   2   8   0  11  11   0   4   2  0.40 0.35
  354 L    2 -6 -6 -6 -4 -6 -6 -2 -6  2  4 -6  1  3 -5 -2  0 -2 -3  2   15   0   0   0   0   0   0   3   0   9  33   0   2  12   1   3   6   0   1  14  0.66 0.44
  355 G    1  1  0 -5 -6  0 -3  5 -4 -4 -5 -3 -1 -7 -5  2  0 -7 -5 -4   10   7   4   0   0   4   2  46   0   1   1   1   1   0   0  14   5   0   0   2  0.90 0.59
  356 L   -2 -6 -7 -8 -3 -5 -7 -5 -7  2  4 -6  1  3 -7 -6 -4  5  2  3    4   0   0   0   1   0   0   1   0  11  39   0   3  10   0   0   1   7   6  17  1.01 0.57
  357 S   -1  4 -1 -3 -4  0  0  0 -1 -4 -4 -1 -4 -3  0  3  3 -4 -3 -2    6  21   2   1   0   4   7   7   1   1   1   3   0   1   5  19  17   0   1   2  0.48 0.42
  358 H   -2  2 -5 -7 -7  0 -6 -5  3 -1 -1 -2  1  2 -7 -4 -2  8  6  0    3  10   0   0   0   4   0   1   6   4   5   3   3   9   0   1   3  17  24   6  1.06 0.62
  359 R   -2  6  0 -1 -6  1 -2  0  1 -3 -3  0 -3 -3 -4  0  1 -3 -3 -2    2  41   5   4   0   5   2   7   3   1   3   5   1   1   1   7   7   0   1   3  0.71 0.49
  360 F   -8 -9 -9 -10 -9 -9 -9 -9 -7 -6 -6 -9 -6  9 -10 -9 -8  5  2 -7    0   0   0   0   0   0   0   0   0   0   0   0   0  88   0   0   0   8   5   0  3.42 1.39

                      K         Lambda
Standard Ungapped    0.1370     0.3189
Standard Gapped      0.0410     0.2670
PSI Ungapped         0.1161     0.3169
PSI Gapped           0.0355     0.2670
