
Last position-specific scoring matrix computed, weighted observed percentages rounded down, information per position, and relative weight of gapless real matches to pseudocounts
           A  R  N  D  C  Q  E  G  H  I  L  K  M  F  P  S  T  W  Y  V   A   R   N   D   C   Q   E   G   H   I   L   K   M   F   P   S   T   W   Y   V
    1 M   -3 -4 -5 -6 -4 -3 -5 -5 -4  2  3 -4  9 -2 -5 -4 -3 -4 -3  0    0   0   0   0   0   0   0   0   0   9  23   0  65   0   0   0   0   0   0   3  1.51 0.46
    2 M   -1 -2 -5 -4  0 -2 -4 -5 -5  0  0  3  8 -4 -3 -2 -3  0 -4 -2    6   1   0   1   2   1   0   0   0   4   8  19  50   0   1   3   1   2   0   2  1.24 0.58
    3 T    1  3  1 -3 -1 -1 -1 -2  0 -1 -4  2 -3 -1 -3  2  2 -4 -2 -1   11  18   6   0   2   1   2   1   2   3   0  13   0   3   0  17  15   0   1   3  0.33 0.26
    4 F   -2  0 -4 -5 -4 -2 -4 -1  0  2  2 -3  5  4 -4 -1 -3  2  0  0    2   5   0   0   0   1   0   6   2  12  18   1  20  17   1   4   1   3   3   4  0.53 0.33
    5 L   -2  0 -4 -4 -3  0 -4 -4 -2  3  3 -2  3  1 -4  0  0  0 -2  1    2   6   0   0   0   4   0   1   1  17  28   2  10   7   1   8   6   1   1   8  0.37 0.26
    6 R    0  5  0 -4 -1 -1 -3 -1 -2 -1  0  2  0  1  0  0 -1 -4 -3 -2    8  32   5   0   1   2   0   4   0   4   9  10   2   7   4   6   4   0   0   2  0.36 0.28
    7 C    0 -1 -3 -4  7 -3 -4 -3  1  1  0  0  0  0  0  0  0 -4 -1  1    8   3   1   0  24   0   0   1   4   9   8   7   2   4   5   9   5   0   2   9  0.45 0.29
    8 T    2 -2 -3 -4 -1 -3 -4  0 -3  1  1 -3 -1  3 -2  1  1 -1 -1  1   16   2   0   0   1   0   0   7   0  10  15   0   0  14   2  11   9   1   1   8  0.24 0.22
    9 I    1 -1 -3 -4 -1 -3 -4 -3 -4  3  1 -2  2  1 -3  0  1 -1 -1  2   14   3   1   0   1   0   0   1   0  17  13   2   5   7   1   8   9   1   2  16  0.26 0.21
   10 Y    0 -4 -5 -5 -3 -3 -5 -3 -1  2  3 -4 -2  3  0 -1 -1  2  2  2    7   0   0   0   0   1   0   1   1   9  27   0   0  15   5   4   4   3   7  15  0.46 0.29
   11 F   -2 -3 -6 -6  0 -5 -4 -2 -5  3  3 -5 -2  5 -4 -1 -2 -4  1  1    3   2   0   0   2   0   1   3   0  15  30   0   0  23   1   6   2   0   4   9  0.70 0.38
   12 L    1 -3 -5 -6  1 -5 -5 -2 -5  2  3 -4  0  1 -2  0 -2  0 -4  2   12   1   0   0   3   0   0   3   0  12  34   1   2   6   2   9   2   1   0  12  0.48 0.31
   13 L    0 -4 -4 -5 -1 -1 -4 -1  1  2  3 -3  1  2 -1 -1 -1 -1 -2  1    8   0   0   0   1   3   0   4   4  11  33   1   3  10   3   5   3   1   1   8  0.34 0.25
   14 L    1 -6 -6 -6  3 -5 -6 -2 -4  1  3 -5  0  5 -5 -2 -3 -2 -1  1   10   0   0   0   6   0   0   3   0   6  31   0   2  24   0   3   1   0   1  11  0.75 0.40
   15 L    0 -4 -3 -2 -2 -5 -5 -2 -5  1  4 -5  1  2 -4  1 -1 -5 -3  1    8   1   1   2   1   0   0   3   0   8  38   0   2   8   0  12   3   0   0  11  0.50 0.33
   16 L    0 -3 -4 -3 -1 -1 -4 -1  0  2  3 -4  1  0 -3 -1 -2 -4 -2  3    9   1   0   2   1   3   0   4   3   9  32   0   2   4   1   5   2   0   1  19  0.38 0.26
   17 P    1 -3 -1  1  1 -2 -2  0  0  1  1 -3 -1  0  1  0  0 -2 -3  1   15   0   2  11   4   1   1   7   3   8  13   0   1   5   8   8   5   0   0   8  0.14 0.15
   18 H    1 -1 -2 -2 -1  0 -2  2  2  0  0 -2  0  1 -4  1  1  1 -2  0   14   3   1   2   1   6   1  18   5   6   8   1   2   6   0   9   8   2   1   6  0.16 0.16
   19 V    1 -4 -2 -3  2 -2 -3  1 -1  1  0 -2  0  1 -2  0 -1 -2 -2  3   12   0   1   1   4   1   2  13   2   9  11   1   1   6   2   8   3   1   1  21  0.21 0.18
   20 V    2 -4 -2 -1  5 -1 -4 -2 -1  1  2 -4  0 -2 -4 -1 -1 -3 -3  2   20   0   2   4  12   2   1   4   2   6  23   0   2   2   1   4   3   0   1  12  0.39 0.27
   21 F    1 -2 -1 -2 -1 -1 -2  0 -1  0  1 -2 -2  2 -2  2  1 -1 -2  0   15   1   2   2   1   3   1   6   2   5  13   1   0  10   2  20   7   1   0   6  0.18 0.18
   22 S    3 -3 -1  2  0 -1 -1  0 -3 -2 -3 -2 -1 -5 -2  3  2 -5 -3 -1   24   1   2  12   2   3   3   6   0   2   3   2   1   0   2  20  13   0   1   3  0.39 0.29
   23 R    1  2 -1 -2 -2  0 -2  1 -2 -2 -1  0 -1  3 -2  0  0 -1 -2  0   14  12   2   2   1   4   2  11   1   2   5   4   1  15   2   8   6   1   1   7  0.15 0.15
   24 P    1 -3 -2 -3  0 -2 -3  0 -3 -2  0 -2 -1 -2  6 -1  0 -5 -1  0   10   1   2   1   2   2   2   8   1   2   8   3   1   2  35   5   7   0   2   7  0.60 0.33
   25 L    1 -1 -2 -2  0  0 -1 -2 -1  2  2 -1  0  2 -2 -1 -1 -1 -1  1   11   4   2   2   2   4   3   3   1  16  19   4   2   8   1   4   3   1   1   8  0.11 0.10
   26 F    1 -1 -1 -1 -1 -1 -1 -1  0  0  1 -1  0  1 -1  0  2  1  2  0   12   3   2   2   1   3   3   3   3   4  13   4   2   8   2   7  15   2   7   4  0.08 0.09
   27 P    1 -2 -2 -2  1 -1 -1  1 -4 -2 -2 -1 -3 -3  5  0 -1 -4 -3 -1   13   3   2   3   3   3   5   9   0   2   4   3   1   1  34   8   3   0   1   4  0.60 0.31
   28 L    0 -1  1 -1 -1  0 -1 -1  0  0  1 -1  0 -1  0  1  0  2 -1  0    9   2   7   4   1   4   3   5   2   6  19   2   2   2   5  12   6   3   1   4  0.06 0.08
   29 P    1 -1 -3 -1 -3 -2  0 -2  0 -3 -2 -1 -3 -2  6  0  0 -4 -3 -2   14   3   1   4   1   2   6   3   2   2   4   3   1   2  38   7   5   0   1   3  0.72 0.36
   30 S    3 -1  0 -2 -3 -1 -2  0  0 -2 -3  0 -2 -2 -1  3  1 -4 -2 -1   26   3   4   2   0   3   2   7   2   2   3   5   1   1   3  22  10   0   1   3  0.32 0.25
   31 K    1 -1 -1  0  3  0 -1 -2  0 -1 -2  1 -1 -2  2  1  2 -4 -2  0   11   2   2   5   7   3   3   2   2   3   3  11   1   2  12  11  12   0   1   6  0.20 0.17
   32 S    1 -1  0 -1 -1  0 -1  1  0 -2 -1 -1 -2  1  1  1  0  0  1 -2   16   3   4   4   1   4   4  10   2   1   5   3   1   8   7  13   5   1   5   3  0.10 0.11
   33 N    1  0  3  1 -2  1 -1 -1  2 -3 -3  0 -2 -3  2  2  0 -4 -3 -2   10   4  13   8   1   5   4   4   5   1   2   5   1   1  10  18   4   0   1   3  0.27 0.21
   34 G    1  0  1  0 -3 -1 -1  1  3 -2 -2  0 -2 -2  0  0  2 -3 -1 -1   11   5   7   4   0   3   3  11   9   3   3   5   1   1   5   8  16   0   2   3  0.17 0.15
   35 I    1  0 -1 -1 -1  0  0 -1 -1  1  1  0  0 -1  0  1  1 -2 -1  1   12   4   3   2   1   5   4   4   1   8  14   5   3   2   4  10   7   0   1   9  0.04 0.05
   36 E    0  0  1  2 -2  0  1  1  0 -2 -2  1 -2 -3  1  0  0 -1 -2 -1   10   4   7  12   1   4   9  10   2   1   4  11   1   1   7   8   5   1   1   3  0.15 0.11
   37 K    0  1  0 -1 -3  0 -1  1 -2 -2 -1  1 -2 -1  0  0 -1  7  0 -2    8   8   4   2   0   3   4  11   1   2   7   9   1   3   5   5   4  17   3   2  0.37 0.23
   38 R    0  1  3 -1 -3  2 -1 -2  0 -2 -1  2  0 -2  1  0 -1  0 -1 -2    9   7  19   2   1   9   3   2   2   1   7  14   2   1   6   5   3   2   2   3  0.22 0.18
   39 P    2 -2 -1 -1 -4 -1 -2 -3 -2 -2 -2 -1 -3 -3  4 -1  5 -3 -3 -2   15   2   2   4   0   2   2   2   1   2   3   3   1   1  19   4  34   0   1   3  0.61 0.35
   40 L   -1 -2 -2 -1 -2 -2 -2 -2 -2  0  4 -2  0 -1  1 -1 -1  0 -2  0    6   2   1   3   1   1   2   3   1   5  43   2   2   2   8   5   4   2   1   5  0.33 0.23
   41 Q   -1 -1  2  2 -4  3  0  0  0 -3 -3  1 -2 -4  1  1  1 -4 -3 -2    4   3  10  13   0  14   6   6   2   1   2   7   1   1   8  13   7   0   1   2  0.28 0.20
   42 T    0  0  0 -1 -3  1 -2  4  0 -1 -2 -1  0 -3  0  1  1 -3 -2 -2    6   4   4   2   0   6   2  32   2   4   2   3   3   1   5  11   7   0   2   3  0.29 0.20
   43 F    0  0  1  2 -2  1  0  0  0 -2 -2  0 -1  1  1  0 -1 -2  0 -1    8   5   7  11   1   8   6   7   2   1   3   7   1   7   6   8   3   0   4   5  0.10 0.09
   44 R    1  4 -1  0 -4  0  0 -3  0 -3 -4  2 -2 -4  2  1 -1 -3 -1 -3   12  26   2   6   0   4   5   1   2   1   1  13   1   1  11   8   2   0   2   1  0.42 0.26
   45 P   -3 -5 -4 -4 -5 -3 -4 -5 -5 -2 -1 -3 -3  1  8 -3 -1 -6 -5 -2    1   0   1   1   0   1   0   0   0   2   6   1   0   6  70   2   4   0   0   2  1.90 0.70
   46 Y    0 -2 -4 -4 -2 -1 -3 -4 -2  3  4 -2  1  0 -4 -1 -1  0  1  1    7   2   0   1   0   3   1   1   1  16  42   2   2   2   0   4   3   1   5   7  0.47 0.28
   47 N   -3 -5  1 -4 -4 -5 -5 -5 -5  4  0 -4 -2 -3 -5 -1 -2 -6 -4  6    1   0   8   1   0   0   0   0   0  24   5   1   0   1   0   4   2   0   0  52  1.09 0.51
   48 I   -3 -7 -7 -7 -5 -7 -7 -7 -7  8 -1 -7 -1 -1 -7 -5 -4 -6 -3  2    2   0   0   0   0   0   0   0   0  78   2   0   1   2   0   1   1   0   1  13  2.01 0.74
   49 A    6 -4 -5 -1 -5 -5 -5  3 -5 -6 -6 -5 -5 -6 -5  1 -1 -6 -6 -5   61   1   0   3   0   0   0  22   0   0   0   0   0   0   0  11   3   0   0   0  1.32 0.64
   50 H   -6  1 -1 -4 -8 -4 -4 -3 11 -8 -6  0 -7 -5 -5 -4 -7 -7 -2 -8    0   7   2   1   0   0   0   2  78   0   0   6   0   0   1   1   0   0   1   0  2.96 1.05
   51 R   -5  8  1 -3 -4 -3 -4  1 -2 -8 -6  0 -6 -7 -6 -5 -5 -7 -3 -7    1  72   7   2   0   1   1  12   1   0   0   3   0   0   0   0   0   0   1   0  1.92 0.80
   52 G   -1 -7 -2 -6 -7 -4 -7  7 -7 -8 -8 -6 -7 -8 -7 -4 -6 -7 -8 -8    4   0   2   0   0   1   0  92   0   0   0   0   0   0   0   1   0   0   0   0  2.53 0.93
   53 S    6 -5 -4 -3 -3 -5 -2 -3 -5 -5 -2 -5 -5  2 -5  1 -3 -6 -2 -3   66   0   1   1   0   0   3   1   0   0   4   0   0   9   0  11   1   0   1   1  1.24 0.65
   54 N    0 -3  0 -5  1 -3 -5 -2 -3 -6 -6 -1 -6 -4  1  6 -3 -1 -6 -6    6   1   4   0   3   1   0   3   0   0   0   3   0   1   7  68   1   1   0   0  1.41 0.74
   55 G    2 -4 -3 -5 -3 -3 -4  7 -4 -6 -5 -4 -6 -3 -6 -2 -3 -3 -2 -3   15   1   1   0   1   1   1  69   0   0   1   1   0   1   0   2   1   0   2   2  1.57 0.69
   56 E   -4 -3 -3  1 -4 -3  0 -6  3  0  1 -3  1  1 -5 -3 -2  0  7  0    1   1   1   8   0   1   8   0   6   4  15   2   4   4   0   1   2   1  34   5  0.77 0.44
   57 I    2  3 -5 -5  0 -3 -3 -4 -2 -1  2 -3  3  4 -5 -4 -3  0  3 -1   16  16   0   0   2   1   1   1   1   3  22   0   6  17   0   0   1   1  10   3  0.56 0.36
   58 P   -4 -5 -5 -5 -8 -6 -6 -7 -7 -4 -5 -6 -2 -8  9 -3 -5 -8 -8 -5    1   1   0   1   0   0   0   0   0   1   1   0   1   0  89   2   1   0   0   1  2.96 1.14
   59 E   -3 -4 -5  2 -8 -2  7 -1 -3 -8 -7 -2 -7 -4 -4 -3 -3 -7 -7 -7    2   1   0   9   0   1  74   6   1   0   0   2   0   1   1   2   1   0   0   0  1.81 0.83
   60 E   -4 -5  2 -3  3 -2  1 -4  9 -8 -4 -5 -3 -7 -7  3 -5 -7 -3 -7    1   0  10   1   5   1   8   1  52   0   2   0   1   0   0  18   0   0   1   0  1.94 0.83
   61 T   -3 -6 -3 -6 -6 -5 -6 -6 -6 -3 -6 -5 -6 -7 -6  3  7 -7 -6 -5    1   0   1   0   0   0   0   0   0   1   0   0   0   0   0  24  71   0   0   0  2.09 0.94
   62 A    0 -1 -3  0 -4 -1 -1 -4 -2  1  4 -2  2  0 -2 -1 -2 -1 -2  0    7   4   1   6   0   3   4   1   1   9  41   2   4   4   2   5   1   1   1   4  0.35 0.25
   63 A    3 -3 -2 -2 -2 -1  3  0 -4  0  0 -3 -2 -1  2 -1 -2 -5 -2 -2   29   1   2   2   1   2  21   8   0   5   9   1   1   2  10   3   1   0   1   2  0.38 0.31
   64 A    6 -6 -5 -6 -5 -5 -5  2 -6 -7 -7 -5 -6 -7 -6  4 -4 -7 -7 -5   61   0   0   0   0   0   0  12   0   0   0   0   0   0   0  27   0   0   0   0  1.65 0.80
   65 Y   -3 -6 -2 -5 -6 -3 -5 -7 -2 -3 -3 -1 -3  3 -6 -4 -2 -1  9 -1    2   0   2   1   0   1   1   0   1   2   2   3   1  11   0   1   2   1  65   4  2.03 0.81
   66 L    1  1  0  1 -2  2  3 -2  0 -3 -2  1  1 -3 -3  0  0 -1 -2 -2   12   9   5   6   1  10  19   2   2   1   4   7   4   1   0   6   6   1   1   3  0.25 0.22
   67 R   -1  0 -2 -3 -4 -1 -2 -3 -2 -1  3  1  3  3 -4 -2 -1 -1 -1  0    4   5   2   1   0   3   2   1   1   3  35   8   9  11   0   3   3   1   2   4  0.36 0.27
   68 A    6 -5 -5 -2 -4 -4 -4  0 -5 -5 -5 -1 -5 -6 -5 -1 -2 -6 -5 -1   73   0   0   2   0   0   0   7   0   0   1   3   0   0   0   4   2   0   0   4  1.46 0.72
   69 I    0 -1 -3 -3 -1 -1 -2 -3  2  4  1 -1  2  1 -4 -2 -2  1  1  1   10   3   1   1   1   3   2   2   6  26  13   3   5   5   0   2   2   2   4  10  0.28 0.23
   70 E    1  1 -1  1 -3  2  2 -1 -1 -2 -2  1 -1 -2 -1  1  0 -1 -1 -2   14   8   2   8   0   8  17   5   1   3   3   7   1   2   2  11   4   1   2   1  0.19 0.19
   71 E   -1 -1 -1  1 -1  3  0 -2 -1 -1  1 -1  5 -1 -3  0  0  0 -1 -1    4   2   2   8   1  17   4   2   2   2  18   2  18   2   0   7   5   1   2   2  0.27 0.29
   72 G   -1  0  1  0  0 -1 -1  5  0 -4 -4 -1 -3 -2  0  1 -2 -4 -3 -3    2   4   7   5   2   3   2  47   3   0   1   4   0   2   4  11   0   0   0   2  0.59 0.33
   73 A    4 -3 -3 -1  0 -2 -1  0 -3 -1 -1 -1 -2 -3  0  1  0 -4 -1  0   46   0   0   4   2   0   2   7   0   3   4   3   0   0   5   8   4   0   2   7  0.38 0.31
   74 D   -2 -1  0  6 -4 -1  0 -2  1 -4 -4 -1 -4 -5  1 -1  1 -5 -4 -2    3   4   3  52   0   2   3   3   3   0   1   3   0   0   6   4   9   0   0   4  0.81 0.44
   75 F    0 -2 -3  0  1 -3 -2 -2  0  0 -1 -3  1  4 -4 -2 -1  3  5  1    7   2   0   7   3   0   2   2   2   6   4   0   4  19   0   2   3   4  22  11  0.38 0.27
   76 I   -5 -7 -5 -7 -4 -5 -7 -7 -7  7  2 -6 -1 -2 -7 -6 -5 -4 -5  2    0   0   0   0   0   0   0   0   0  62  19   0   1   1   0   0   0   0   0  14  1.74 0.75
   77 E   -5 -5 -4  4 -8 -3  7 -6 -3 -7 -4 -4 -7 -5 -6 -5 -6  2 -2 -7    0   0   0  19   0   0  71   1   1   0   2   0   0   1   0   0   0   3   1   0  2.03 0.96
   78 T   -2 -6 -5 -6  8  2 -4 -5 -4  1  0 -5 -2 -2  5 -4 -1 -6 -5 -2    3   0   0   0  31  11   1   1   0   7   9   0   1   2  25   1   4   0   0   3  1.27 0.65
   79 D   -4 -6 -1  8 -8 -5 -3 -6 -6 -6 -8 -6 -7 -8  1  1 -3 -4 -7 -7    2   0   2  77   0   0   1   0   0   0   0   0   0   0   7   8   1   0   0   0  2.26 1.00
   80 I   -4 -6 -7 -7 -4 -2 -6 -7 -7  2  4 -6 -2 -4 -7 -6 -4 -6 -4  5    1   0   0   0   0   2   0   0   0  10  44   0   1   0   0   0   1   0   0  41  1.39 0.68
   81 L   -2 -3 -5 -6 -1  7 -4 -3  1 -2 -2 -3 -3 -5 -6 -5 -4 -7 -3  5    3   1   0   0   1  42   1   3   4   1   4   1   1   0   0   0   1   0   1  36  1.36 0.77
   82 A   -1  1 -5 -6 -3 -4 -5 -6 -6  0  3 -5  7 -1  1  0 -3 -6 -5  1    6   7   0   0   0   1   0   0   0   4  26   0  30   2   7   7   1   0   0   9  0.92 0.55
   83 S   -4 -6 -3 -6 -3 -6 -6 -6 -7 -6 -7 -6 -6 -7 -2  4  7 -8 -7 -6    1   0   1   0   1   0   0   0   0   0   0   0   0   0   2  26  68   0   0   0  2.10 1.05
   84 K    0  3 -3 -5 -7 -1 -3 -4 -4 -7 -6  7 -3 -6 -2  1 -4 -7 -6 -6    7  17   1   0   0   2   1   1   0   0   1  56   1   0   2  11   0   0   0   0  1.43 0.76
   85 D   -7 -3 -3  9 -9 -6 -2 -7 -7 -8 -9 -6 -8 -9 -7 -6 -7 -9 -8 -8    0   2   1  94   0   0   2   0   0   0   0   0   0   0   0   0   0   0   0   0  3.08 1.26
   86 G   -3 -2  0 -1 -3 -4 -4  7  0 -7 -1 -3 -6 -4 -7 -3 -6 -7 -6 -7    2   2   4   3   1   1   1  73   2   0   6   2   0   1   0   1   0   0   0   0  1.69 0.80
   87 A   -2 -1 -4 -5 -4  1  0 -6  4  2 -2  0 -2 -2 -5 -4 -1 -6 -3  5    3   4   1   0   0   8   6   0  10  11   3   5   1   1   0   0   4   0   1  42  0.77 0.48
   88 L   -1 -6 -7 -7 -6 -6 -7  0 -7 -2  5 -6 -2 -1  4 -4 -5 -6 -6 -2    5   0   0   0   0   0   0   7   0   2  60   0   1   2  19   1   0   0   0   2  1.30 0.71
   89 I   -4 -7 -7 -8 -6 -7 -7 -8 -7  6 -1 -7  0  4 -7 -6 -5 -6 -3  5    1   0   0   0   0   0   0   0   0  35   3   0   2  15   0   0   0   0   1  41  1.63 0.77
   90 C    3 -7 -6 -5  9 -7 -7 -6 -7 -1 -3 -7 -3 -7 -7 -3 -4 -7 -7  3   26   0   0   1  42   0   0   0   0   4   2   0   1   0   0   2   1   0   0  22  1.90 0.88
   91 F   -3  5 -2 -6 -2 -3 -4 -6  1  1  3 -3  4  2 -6  0 -3 -4 -2 -2    1  29   2   0   1   0   0   0   3   7  25   1  12   8   0   6   1   0   1   2  0.75 0.49
   92 H   -5 -2 -2 -1 -8 -4 -3 -3 10 -8 -8 -6 -7 -7 -2  1 -4 -7 -4 -8    1   2   2   4   0   1   2   2  72   0   0   0   0   0   3  10   1   0   0   0  2.79 1.18
   93 D   -5 -3 -1  6 -7 -3  4 -3 -4 -7 -7 -5 -7 -7 -6  3 -4 -7 -5 -7    1   1   2  49   0   1  24   2   0   0   0   0   0   0   0  18   1   0   0   0  1.56 0.81
   94 V    0 -2  2  0 -1 -2  0 -3  0  2  0 -2 -1 -3  3 -1  0 -5 -3  0    7   2  10   4   1   1   6   2   2  15  11   1   1   1  17   4   6   0   1   7  0.27 0.24
   95 T   -1 -2  3  3 -3 -2  1 -3  0 -2 -2 -2 -1 -1 -4 -1  3  3  1 -3    4   2  14  16   1   1  10   1   2   3   4   2   2   3   0   4  22   3   5   1  0.43 0.35
   96 L   -4 -7 -8 -8 -6 -7 -7 -8 -7  2  6 -7  1 -3 -7 -7 -6 -6 -6  0    1   0   0   0   0   0   0   0   0  10  77   0   3   1   0   0   0   0   0   6  1.81 0.84
   97 D   -1 -2  1  4 -3  0  1  0 -3  0 -2 -1  0 -4 -4  2  0 -5 -4 -3    5   1   7  27   0   3  10   8   0   5   4   4   2   0   0  15   5   0   0   1  0.44 0.33
   98 A    0  4  3  2 -5 -1  1  1  0 -3 -2  0 -3 -4 -3 -1  0 -4 -3 -3    7  23  13  12   0   2   8  10   2   1   4   4   1   0   1   3   5   0   1   2  0.39 0.30
   99 T   -3 -3 -1 -3 -1 -2 -5 -2 -6 -2 -3 -3 -2 -5 -6  2  7 -7 -3  0    2   1   3   1   1   2   0   3   0   2   3   1   1   0   0  15  56   0   1   6  1.23 0.77
  100 T   -3 -6 -4 -6 -6 -6 -5 -5 -7 -3 -5 -6 -3 -7 -6  0  8 -7 -7 -4    3   0   1   0   0   0   1   1   0   1   1   0   1   0   0   6  83   0   0   1  2.37 1.20
  101 D   -4 -1  6  6 -6 -4 -2 -4 -5 -4 -4 -4 -2 -6 -4 -3  1 -7 -6 -6    1   4  34  42   0   0   2   1   0   1   2   1   1   0   1   1   8   0   0   0  1.51 0.80
  102 V   -1 -5 -5 -5 -3 -3 -5  1 -5  4 -3 -5 -2 -4 -4 -4 -1 -3 -5  6    6   0   0   1   0   1   1   9   0  19   1   1   1   0   1   1   4   0   0  52  1.18 0.62
  103 A    5 -2 -3 -2 -3 -1 -1 -2  1 -2 -2 -1 -2 -3  1  0  1 -2 -2 -2   45   2   1   2   0   2   5   3   3   2   3   4   1   1   6   6   8   0   1   3  0.55 0.38
  104 S    1 -1  0  3 -3  1  2  0 -2 -3 -2 -1 -1 -2 -2  1  1 -3 -3 -2   11   3   4  16   0   6  13   7   1   1   3   3   2   2   2  13  10   0   1   2  0.25 0.21
  105 R   -3  4 -1 -1 -1  1  1 -3  5 -2 -1  1  1 -1 -2 -1 -2 -2 -1 -1    2  21   2   3   1   7   9   2  16   3   7   8   4   2   2   3   2   1   2   4  0.42 0.29
  106 K    0  0 -2 -2 -2  0  0 -2 -1 -2 -3  0 -3  0  5  1  1 -3  0 -1    6   4   2   2   1   4   7   2   1   2   2   6   0   4  27  11   7   0   4   5  0.42 0.28
  107 E   -1 -2 -1  0 -2  1  4 -2 -2 -1 -2  0 -2 -1  2 -1  0 -4 -3  1    6   1   2   4   1   5  29   3   1   4   4   5   1   4   9   4   6   0   1  10  0.31 0.27
  108 F   -4 -1 -4 -4 -5 -5 -4 -2 -1 -2 -1 -4 -4  8 -3 -5 -3 -1  3 -3    2   4   1   1   0   1   1   3   2   2   7   1   0  60   2   1   2   1   8   2  1.63 0.74
  109 S    3  1  0 -2 -2 -1 -1 -2 -2 -2 -2  0  0 -2  4  0 -2 -4 -1 -2   28   7   4   2   1   3   3   3   1   2   4   5   2   2  20   8   2   0   2   3  0.44 0.34
  110 N   -1 -2  3  4 -4 -1  0  0  3 -4 -4 -1 -2 -4 -1  2 -1 -4 -4 -3    6   2  12  25   0   3   6   9   6   1   1   3   1   1   4  15   3   0   0   1  0.48 0.33
  111 R   -3  7 -2 -3 -2 -1 -3 -2 -1 -4  1  0 -4 -4 -3 -3 -3 -4 -1 -4    2  58   2   2   1   2   2   3   1   1  11   5   0   1   1   2   2   0   2   1  1.27 0.64
  112 R    1  4 -1 -3 -2  0 -2 -2  0 -2 -2  4 -1 -1 -2  0 -2  0  0 -1   13  20   2   1   1   4   2   2   2   2   4  23   2   3   2   7   2   1   3   5  0.38 0.28
  113 R   -1  5 -2 -2 -1 -1 -2 -3 -3 -2 -3  2 -1 -4 -3  1  3 -4 -3 -2    5  31   2   2   1   3   2   2   0   2   2  10   2   1   1  11  19   0   1   3  0.63 0.40
  114 T    0  0  0 -2 -2 -2 -1 -2 -2 -1 -3 -1 -3 -3 -2  1  5 -1 -1  0    7   4   5   2   1   2   4   3   1   4   3   3   1   1   2   8  40   1   2   7  0.54 0.35
  115 Y   -1  1 -1 -1 -2 -1 -1 -1  0  0 -1  2 -1  0 -1 -1 -2  0  4  1    4   6   3   3   1   3   3   6   2   7   4  17   1   4   3   5   2   1  15  11  0.19 0.16
  116 E   -1 -1  0  0 -2  0  1 -1 -1  1 -1  0  0 -1  2  0  1 -1 -1  1    4   3   5   6   1   3   9   4   1   8   5   6   2   2  10   5  11   1   2  13  0.09 0.09
  117 V   -1 -1 -1 -1 -2 -1  0 -1 -2  3  0 -2  0 -1  1 -1 -1  1 -1  3    4   4   3   4   1   2   6   5   1  18   9   2   2   3   7   4   2   2   2  21  0.17 0.13
  118 E   -1 -1  1  4 -3  1  2  0 -1 -1 -2 -1 -1  0  1 -1 -2 -3 -1 -2    4   4   7  25   1   6  12   6   1   4   5   3   1   4   6   4   2   0   3   3  0.28 0.19
  119 W   -1 -1 -1 -1 -3 -1 -2  4 -3  1  0 -1 -1 -1 -1 -2 -1  0 -1 -1    5   3   2   3   1   3   3  38   1   8   9   3   1   3   3   3   5   1   2   4  0.37 0.22
  120 F    0  0  0  1 -1  1  1 -1  0  0 -1  1  0  0 -1  0  0 -2 -1  1    5   5   3   7   1   8  11   5   2   4   5   7   2   5   2   8   6   0   2  11  0.05 0.06
  121 N    0  0  3  1 -3  0  2  0 -1 -2 -2  0 -1 -2  1  1  0 -1 -1 -2    6   5  15   9   0   4  12   6   1   2   5   5   1   2   6  10   6   1   2   3  0.17 0.15
  122 V   -1  0 -1  1 -1 -1  0  0  0  1  0  0  0 -1 -1 -1  0 -1  0  1    5   6   3  11   2   2   4   6   2   7  10   7   2   1   2   3   6   1   4  16  0.04 0.07
  123 T   -1  0  0 -1 -2 -1  1  2 -1 -3 -3 -1 -2 -3 -1  1  4 -2 -2 -3    5   5   4   3   1   3   8  18   2   2   2   3   1   1   3  10  27   1   1   2  0.37 0.31
  124 G   -1  0  0  1 -4 -1  0  4  0 -2 -3  0 -3 -2  0  0 -1  3 -1 -3    3   6   4   8   0   3   5  33   3   3   3   5   0   1   5   8   2   4   2   2  0.35 0.26
  125 W   -3 -3 -2  0 -4  0 -4  1  0  0 -1 -3 -3  2 -3 -2 -3  9  3 -1    2   1   2   5   0   4   1  11   2   7   5   2   0   7   2   4   2  28   8   4  0.86 0.50
  126 F   -1 -1  0 -1 -1 -3 -2 -4 -1 -2 -1 -2 -3  6  0 -1 -2  3  4 -2    5   4   4   4   1   1   2   1   2   1   7   2   0  31   4   4   2   3  15   3  0.55 0.40
  127 V    2 -3 -3 -3  0 -3 -3 -2 -2  2  0 -3 -1 -2 -2  0  1 -1 -2  3   19   1   0   1   2   0   1   2   1  11   6   0   1   2   2   9  10   1   1  26  0.32 0.31
  128 V    0  0  0  0  0  0  1  0  0  0 -1  0 -1  1 -1  1 -1  0 -1  0    6   6   4   6   2   3  11   5   2   5   6   5   1  10   2  12   2   1   1   5  0.02 0.08
  129 D   -2 -2  1  6  1 -1  1 -2  0 -5 -3 -2  1 -5 -4  0  0 -6 -5 -3    3   2   5  47   3   3   7   3   2   0   2   2   4   0   0   7   6   0   0   2  0.82 0.54
  130 F   -4 -1 -2 -1 -4 -2 -4 -5  1 -1  2 -1  1  6 -5 -2 -1  1  3 -2    1   4   2   5   0   2   0   1   3   2  17   4   4  37   0   3   4   2   9   3  0.70 0.44
  131 T   -1 -1 -1  0 -4  0 -1 -3 -1 -2 -2 -1 -1 -2 -2  1  6 -5 -2 -1    4   3   2   5   0   3   4   2   1   1   3   3   1   1   2   9  51   0   1   4  0.75 0.54
  132 L    0  0  1 -2 -2 -2 -2 -3  2  0  0 -2  2  1  1  0  0  4  2  0    7   7   7   0   0   0   0   0   7   7   7   0   7   7   7   7   7   7   7   7  0.14 0.15
  133 E    2  0  0  3 -3  1  2 -2  0 -2 -3  1 -3  1  0  0 -1 -4 -3 -1   22   4   5  16   0   5  13   2   2   2   1   9   0   6   4   5   3   0   0   3  0.24 0.21
  134 E   -2 -3 -2  2 -5  2  6 -3  2 -5 -5 -2 -4 -5  0 -2 -2 -5 -4 -2    2   0   2  10   0   7  59   2   5   0   1   0   0   0   5   2   2   0   0   3  1.13 0.57
  135 L   -3 -4 -4 -5 -3 -4 -4 -2 -4  4  4 -1  1  0 -4 -4 -1 -4 -3  1    1   0   0   0   0   0   0   4   0  26  44   5   3   3   0   0   5   0   0   7  0.72 0.39
  136 K   -1  2  1 -1 -4  2  0 -2  0  0 -1  4 -1 -4 -3 -1 -2 -4 -1 -3    4  11   8   2   0  11   4   2   2   7   6  32   2   0   0   5   2   0   2   0  0.40 0.29
  137 T   -1  1  1  0 -3  2  0 -1  0 -2 -2  0 -1 -3 -1  2  3 -4 -1 -2    4   8   7   5   0  11   6   3   2   2   4   5   2   0   3  15  20   0   2   2  0.23 0.21
  138 L   -1 -4 -4 -5  2 -4 -4 -2  1  0  4  0  2  0 -5  0 -3  4  1  1    4   0   0   0   5   0   0   4   4   5  36   6   4   4   0   6   0   5   5   9  0.46 0.31
  139 K    0  0  0  0  2  0  0 -1  1  0 -1  0 -2  0  0  0  0  3  1 -1    5   5   5   5   5   5   5   5   5   5   5   5   0   5   5   5   5   5   5   5  0.06 0.08
  140 V    4 -1 -5 -5  0 -3 -3 -2 -2 -1  0 -2  0  0  3 -3 -2 -1 -2  2   32   3   0   0   2   1   1   3   1   3  11   2   2   4  13   1   3   1   1  16  0.49 0.42
  141 N   -1  2  1 -2 -4 -1 -2  1  2  1 -2  1 -1 -2 -4  0  1  0 -2  1    3  12   7   2   0   3   2  13   4   8   4  11   1   1   0   8   7   2   1  10  0.16 0.20
  142 Q   -2 -2 -2 -1 -1  5  4 -3 -1  2 -3 -2  2 -3 -1  1 -1 -5 -5 -3    2   2   1   3   1  23  25   2   1  10   2   2   5   1   3   9   4   0   0   2  0.59 0.49
  143 R   -1  4  0 -1  0  0 -1 -2 -1 -2 -3 -1  0 -1  2  0  0  5  0 -2    6  23   4   3   2   5   3   4   2   2   2   4   2   3  11   7   6   7   3   4  0.35 0.32
  144 Y   -2  0  2 -1 -4  0 -2 -2  1  1 -1 -2  0  3 -2  0  0  1  3  0    2   5   9   3   0   4   3   3   3  10   6   2   3  14   2   7   5   2  11   6  0.21 0.22
  145 P   -1 -2  1  0  1 -1 -2  0  0 -2 -2 -2 -5  0  5  0 -2  1  0 -2    5   3   8   5   3   2   3   7   2   2   5   2   0   4  31   8   3   2   3   3  0.52 0.41
  146 F    0  0  0  1 -3  1  1  0  0 -1 -1  0 -1  1 -1  0  0  0  0 -1    8   4   5   8   0   7  12   8   2   2   4   6   2   7   2   8   5   1   2   4  0.08 0.11
  147 R   -1  5 -2 -1 -5  0  0 -2  0 -2 -1  1  0 -1 -2 -2 -1  1  0 -3    6  38   2   3   0   4   5   3   2   3   5   7   3   3   2   3   4   2   3   2  0.52 0.41
  148 D    0  1  3  1  0 -1 -1 -1  0 -3 -2 -1 -1  1  1  0  0  1  0 -2   10   9  16   7   2   2   4   5   2   0   3   2   2   6   7   8   7   2   4   2  0.16 0.20
  149 Q    0  0  0  0 -3  1  0  0  1  0 -1  0  1  0  0  0  0  3 -1  0    6   6   5   6   0   5   6   6   5   6   6   6   5   5   6   6   6   5   0   6  0.06 0.09
  150 Q    1  1  0  0 -3  0  1  0  0 -1 -1  1  0 -1  1  0  0  0  0 -1   11   9   4   6   0   4   8   5   3   2   6   7   2   2   6   8   5   1   3   6  0.07 0.08
  151 Y   -1 -1  1  0 -1 -1  1  0  2 -2 -2 -1 -1  4 -2 -1 -1  2  4 -2    5   3   6   5   1   2  10   8   4   2   4   3   2  17   2   4   3   3  13   3  0.25 0.24
  152 N   -1  0  2  1 -4  0  0 -1  1 -1 -2  0  0  1  0  0 -1  2  3 -1    5   4  11  10   0   4   6   4   4   4   4   7   3   5   4   5   4   3  10   3  0.12 0.15
  153 G    0  0  1  0 -3  0  0  2  0 -1 -1 -1  0 -1  0  0  0  2  0 -1    6   4   9   6   0   3   5  17   3   4   5   4   3   3   5   9   4   3   4   4  0.09 0.11
  154 K    0  1  0  0  0  1  0  2  0 -1 -1  0  0 -1  0  0 -1  1 -1 -1    6   7   5   6   2   7   5  15   3   3   6   6   3   2   5   8   4   3   2   3  0.08 0.10
  155 F    0 -3 -5 -2  0  0  0  1 -1 -2  0 -5  0  6 -2 -2 -1  1  3 -2    7   2   0   3   2   4   5  10   2   2  11   0   2  29   3   2   3   2  11   2  0.52 0.39
  156 S    0  0  0  0 -2  1  0  0  1  0 -1  0  1  0  1  0  0 -2  1  0    6   6   5   6   0   5   6   6   5   6   6   6   5   5   6   6   6   0   5   6  0.03 0.06
  157 I   -2 -1 -2 -3 -4 -2 -2 -2 -2  4  1 -3  1  2 -1 -3 -1 -4 -1  2    3   4   2   2   0   2   3   3   1  29  11   1   4   8   4   1   3   0   2  17  0.37 0.27
  158 I    0 -3 -5 -3 -1 -2  0 -4 -1  2  1 -4  3 -2  5 -2 -2 -1 -2  0    7   1   0   1   1   2   8   1   2  10  16   0   8   1  29   2   2   1   1   7  0.57 0.39
  159 T   -2  1 -2 -3 -5 -1 -4 -4 -2 -2 -1 -2  0 -5 -2  2  6 -6 -5 -2    3   8   2   1   0   2   0   1   1   2   6   2   2   0   2  14  52   0   0   2  0.99 0.62
  160 F   -2 -5 -5 -5 -4 -5 -5 -2 -4  1  4 -5  1  5 -2 -4 -2  2  0  1    3   0   0   0   0   0   0   3   0   7  40   0   3  22   3   0   3   3   2   9  0.76 0.41
  161 E    0  0  0  2 -1  2  3 -2 -1 -2 -3 -1 -1 -2  1  0 -1  0 -1 -1    9   5   3  12   1  10  23   2   1   1   2   3   1   1   7   6   3   1   2   5  0.27 0.23
  162 E   -2 -2 -1  3 -5  1  5 -2  0 -5 -2 -1 -1 -5  0 -1 -2 -5 -5 -5    3   2   2  18   0   5  44   3   2   0   5   3   2   0   4   4   3   0   0   0  0.81 0.48
  163 F   -2 -2 -4 -4  0 -2 -2 -3  0  2  2 -4  0  4 -4 -2 -1  1  1  3    3   2   0   0   2   2   2   2   2  12  18   0   2  16   0   2   4   2   5  22  0.41 0.27
  164 I   -1  0 -2 -1 -4  0 -2 -3 -2  4  3 -2  0  1 -3 -2 -2 -4 -2  1    5   5   2   3   0   4   3   2   1  21  31   2   1   5   1   2   2   0   1   7  0.38 0.27
  165 S    1  0  0  3 -4  2  2  0  0 -1 -3 -1 -1 -2 -4  0  0 -1 -2 -1   10   5   5  17   0   9  13   7   2   3   2   4   2   2   0   6   7   1   1   4  0.23 0.21
  166 I   -2 -2 -4 -4  1 -2 -3 -4 -1  2  4 -3  1  2 -2 -3 -1  1  0  0    3   2   1   1   3   2   2   1   2  10  44   2   3   8   2   2   3   2   3   5  0.56 0.36
  167 A    2 -3  1 -1 -2 -2 -2 -2 -1  1  0 -2  0  1 -2 -1 -1 -4 -1  2   23   1   8   3   1   2   2   3   2   7   9   2   3   7   1   4   3   0   2  18  0.21 0.21
  168 L    0  2  0 -1 -4  2  0 -2  0 -2  0  3  0 -1 -3 -1 -1 -4 -2 -2    9  13   4   4   0  11   5   3   2   3   9  22   2   3   1   3   4   0   1   2  0.27 0.25
  169 D    0  2  2  2 -4  1  2  0  1 -3 -3  0 -2 -3 -2  0  0 -4 -2 -3    8  11  10  13   0   6  14   8   3   1   2   5   1   1   2   8   5   0   1   2  0.28 0.24
  170 A    1  0  0 -2 -2  1  0 -1  0 -2  0  0 -1  1 -2  0  2  0  1 -2   14   4   5   1   1   5   7   3   3   1  11   5   1   7   2   8  13   1   6   2  0.10 0.15
  171 S   -1 -1  2  0  0 -1 -1  4  0 -2 -3 -1 -1 -2  0  0  0 -4 -1 -4    5   3  11   5   2   2   3  37   3   2   2   3   2   2   4   7   5   0   2   0  0.44 0.33
  172 R   -2  4  0 -1  0  0 -1 -1  4 -2 -2  2  0 -4 -1  0  0 -4 -1 -2    3  27   3   3   2   4   3   4  10   2   3  13   2   0   4   6   5   0   2   3  0.38 0.31
  173 T   -1  1  0  0 -4  0  0 -1  1 -1 -1  2  0 -4  3  0  1 -4 -3  0    4   7   5   5   0   4   5   4   4   3   7  15   2   0  15   6   8   0   0   6  0.20 0.20
  174 V    0 -2 -2 -4 -1 -1 -2 -3 -1  3  0 -2  0 -1  1  0  1 -4 -2  3    7   2   1   0   1   2   2   2   1  18   6   2   2   2   7   6   9   0   1  25  0.27 0.25
  175 G   -1 -1  1 -2  0 -1 -3  6  0 -3 -2 -1 -4 -5 -2 -1 -2 -1 -3 -2    4   4   8   2   2   2   1  54   2   1   4   3   0   0   2   3   2   1   1   3  0.85 0.50
  176 I    0 -2 -2 -2 -2  1  0 -3  2  1  0 -2  2  1 -3 -1  0  4  2  0    8   0   0   0   0   8   8   1   8   8   8   0   8   8   0   1   8   8   8   8  0.17 0.15
  177 Y   -2 -3 -1 -2  0 -1 -2 -4  1  0  0 -2  0  2 -4 -2 -1  4  6  1    3   0   2   2   3   2   2   1   3   3   7   2   3   8   0   2   2   5  37  10  0.58 0.35
  178 P    0 -1 -3 -3  1 -3 -3 -3  0  3  1 -3  1 -1  4 -1 -1 -4 -2  1    9   3   0   0   3   0   0   0   3  21  10   0   3   3  24   3   4   0   0  12  0.41 0.26
  179 E   -3 -1  1  0 -5  0  6 -3  0 -2 -3 -1 -3 -5 -3 -1 -2 -5 -4 -3    0   2   6   2   0   2  67   2   2   3   3   2   0   0   0   4   2   0   0   2  1.01 0.53
  180 M   -1 -3 -3 -3 -2 -3 -1 -2 -3  3  2 -3  1  0 -2 -1  2 -3 -1  2    4   0   0   0   0   0   4   2   0  23  25   0   4   3   2   2  15   0   2  13  0.29 0.22
  181 K   -3  0 -3 -4 -6  2  2 -3 -4 -6 -4  7 -4 -6 -4 -2 -2 -6 -5 -5    2   3   0   0   0   8  10   2   0   0   1  66   0   0   0   2   3   0   0   0  1.43 0.70
  182 D   -1  0  4  0 -4  0 -1 -2  6 -3 -3 -1 -2 -2 -2  2 -1  0  1 -2    6   5  19   5   0   3   2   2  23   2   3   3   1   2   2  14   2   1   4   2  0.51 0.34
  183 P    3 -3 -2 -1  0 -3 -3 -2 -2 -5 -5 -4 -5 -4  7 -2 -2 -6 -2 -3   23   1   2   4   2   1   1   2   1   0   0   0   0   1  52   3   2   0   2   1  1.34 0.63
  184 V    2 -1 -1  0 -3  0  1 -1 -1 -2 -2 -1 -1 -2  0  1  2  1 -1  0   25   2   3   6   0   3  10   4   1   2   2   2   1   1   4  11  12   2   3   6  0.19 0.19
  185 F   -2 -1 -2 -2 -4 -1 -2 -4  1 -2  0 -2 -1  5 -3 -2 -2  5  6 -2    3   4   2   3   0   3   2   1   4   2   7   2   1  23   1   2   2   9  28   2  0.83 0.42
  186 I   -4 -4 -2 -4 -4 -2 -2 -4  5  0  2 -4  2  4 -3 -3 -2  0  5 -2    1   0   1   0   0   1   3   1  17   5  18   1   5  21   1   1   2   1  19   2  0.79 0.41
  187 N    1  1  2  0 -1  1  0 -1  1 -1 -1  0 -1 -2  0  0  0  2 -1 -1   14   9  12   6   1   5   6   4   4   4   5   5   2   2   4   6   5   3   1   3  0.10 0.09
  188 K    0  0  0  0 -2  2  1  0  0 -1 -1  1 -1 -1 -1  1  0 -2  0 -1    8   5   4   5   1  13   9   8   2   4   5   8   1   2   3   9   5   0   3   5  0.09 0.07
  189 H   -1  0  1  0 -1  2  1 -1  3  0  0  1 -1 -1 -1 -1 -1 -2  0 -1    4   5   8   5   1   9   9   4   8   7  13   8   1   2   2   4   3   0   3   4  0.08 0.07
  190 V    0  0  0  0  0  0  0  0  0  0  0  0  0  0  1  0  0  0  0  0    7   5   4   4   2   6   4   8   2   4  10   7   2   5   7   5   4   1   3  10  0.02 0.01
  191 K    0  2  0 -1  0  0  0  1  0 -1 -1  1  0 -2  0  0  0 -3 -1 -1    9  11   5   3   2   5   4  10   3   4   6  11   3   1   4   5   7   0   2   4  0.07 0.08
  192 W    0  1 -1 -1  0  0 -1 -1  2 -1  0 -1  0  1 -1  0 -1  5  1 -1    8  10   3   3   2   4   3   3   5   3  10   4   2   6   3   9   3   9   6   4  0.15 0.15
  193 D    0  0  2  1 -3  0  1 -1  0 -1  0  0 -2 -1  1  0 -1  1 -1 -1    9   4  10  10   0   4  11   3   2   4   9   7   0   2   6   8   3   2   2   5  0.09 0.12
  194 G    1  0  0  2  0  1  0  1  0 -1 -1  0  0 -1  0  0  0 -3 -1 -1   11   4   5  11   2   6   4  14   2   5   7   8   2   2   3   4   5   0   2   4  0.07 0.08
  195 G   -1 -3  2 -1 -1 -2 -2  5 -1 -2 -3 -2 -4 -1  0 -1  0 -5 -2 -2    4   1  11   4   2   2   2  43   2   2   3   3   0   3   5   4   6   0   2   2  0.59 0.42
  196 K   -1  1 -2 -2 -1  0 -1 -1  2 -1  1  1 -1 -1  2 -1  1 -3  1 -1    5   8   2   2   1   3   3   4   5   3  17  10   1   3  11   3   9   0   5   4  0.13 0.17
  197 K   -1  0  0  3 -4 -2  0  0 -1 -2 -1  0 -2 -2  3  1  0  0  0 -2    5   5   3  18   0   1   5   9   1   2   5   5   1   2  14   9   7   1   3   3  0.22 0.22
  198 F   -2 -5 -3 -3 -5 -2 -3 -3 -2  3  2 -2  5  4 -2 -3 -1 -4 -1  1    4   0   1   1   0   2   1   2   1  18  19   3  17  15   2   2   3   0   2   7  0.63 0.42
  199 E    1 -2  0 -1 -2 -1  5 -2  1 -1 -2 -2 -2 -4 -1  1  0 -5 -3  0   11   2   4   3   1   2  36   3   3   3   4   1   1   0   3   9   5   0   1   8  0.46 0.38
  200 D    1  0  1  3 -4  2  2 -1  0 -3 -3  1 -2 -4 -1  0  0 -5 -2 -3   10   6   5  18   0   8  16   3   2   2   2   8   1   0   3   6   5   0   2   2  0.32 0.28
  201 K    1  0 -1  0 -3  0  0 -2 -2  1  1  1  0 -2  1 -1  0  0  0 -1   16   5   3   5   0   4   5   2   1   7  15  10   2   1   6   3   4   1   3   4  0.09 0.14
  202 F   -2 -3 -2 -3 -2 -5 -3 -2 -3  2  4 -5  0  1 -3 -2  0 -5 -2  3    3   1   2   2   1   0   2   4   1   9  36   0   2   5   1   2   6   0   1  21  0.53 0.38
  203 V    0 -3 -3 -3 -2 -3 -3 -2 -2  3  3 -3  1 -1 -3 -1 -2 -1 -1  2    8   1   1   1   1   1   2   3   1  14  33   2   3   2   1   5   2   1   2  16  0.43 0.32
  204 D    2  1  1  3 -5  0  2 -1 -1 -3 -4  0 -2 -3 -2  1 -1 -5 -3 -3   15   7   7  18   0   4  16   4   1   1   1   7   1   1   1  10   3   0   1   1  0.37 0.32
  205 T    2 -2 -1 -1 -2  0  0 -2 -2  1  1 -1  1 -2 -1 -1  2 -1 -2  1   18   1   2   4   1   4   7   2   1   7  13   3   4   1   3   4  13   1   1  10  0.13 0.18
  206 L   -3 -3 -2 -4 -2 -5 -4 -6 -2  1  6 -6  0  0 -3 -4 -3 -5 -2  0    2   2   2   1   1   0   1   0   1   6  67   0   2   4   1   1   1   0   2   5  1.21 0.67
  207 L    1  1  1  0 -3  1  1 -2  0  0  0  2  0 -2 -2  0  0 -2 -2  0   11   8   6   5   0   5  11   2   2   5   9  13   2   1   1   6   5   1   1   6  0.10 0.13
  208 K    1  2  0  1 -2  1  2 -1  0 -2 -2  2 -1 -2 -2 -1 -2 -5 -2 -3   13  11   5   9   1   7  13   4   2   2   4  15   1   1   2   4   2   0   2   1  0.25 0.24
  209 Y    1  0  1 -1 -2 -2 -2 -2  4 -3  0  0 -2  1 -2 -1  0 -1  4 -2   12   5   7   4   1   2   3   2  11   1  11   5   1   5   2   5   5   1  17   3  0.31 0.27
  210 G   -1 -2  0  1 -5 -1 -2  5 -1 -3  0 -2 -3 -3 -2 -1 -1 -5 -5 -2    4   2   5   8   0   2   2  43   2   2  11   2   1   1   2   5   4   0   0   3  0.65 0.42
  211 Y   -2 -2 -3 -3 -5 -3 -2 -4 -1 -1  3 -2  2  3 -2 -3 -3  5  5  0    3   2   1   2   0   1   2   2   1   3  24   3   4   9   2   2   2   8  22   7  0.69 0.42
  212 K    0  1  0  1 -2  0  0 -1  0  0 -1  1 -1 -2 -1  0  2 -2 -2  0    8   7   4  10   1   4   5   5   2   5   8   7   1   1   2   8  14   1   1   6  0.08 0.10
  213 G    0  0  2  2 -3  0  0  1  0 -2 -1  1 -1 -2 -1  0  0 -3 -2 -1    8   4  11  12   0   3   5  13   2   2   7   8   1   1   3   8   5   0   1   4  0.14 0.13
  214 Q    1  2  1  0 -3  1  0 -1  0 -1 -2  1 -1 -1  1  0  0 -1  0 -1   13  10   6   6   0   7   6   5   3   3   4   9   2   2   6   4   6   1   4   3  0.10 0.10
  215 Y    0  0  0  0 -1  0  0  0  1  0  0  0 -1  0  0  0  0  0  1  0    8   4   5   4   1   3   6   8   4   5  10   4   1   6   5   7   8   1   6   5  0.02 0.02
  216 M   -1  0  0  0  2  0  0 -1  2  0 -1  0  2  1  0 -1  0  4  1 -1    5   5   5   5   5   5   5   5   5   5   5   5   5   5   5   5   5   5   5   5  0.09 0.08
  217 S    0 -1  1  0 -1  0  0  0  0 -1 -1  0 -1 -1  1  2  0  2  0 -1    8   3   6   5   1   4   6   6   2   3   5   5   2   2   6  20   6   3   3   4  0.10 0.10
  218 E   -1 -1  0  1 -1  1  1  0 -1  0 -1  1 -1 -1  0  0  0  0  0  0    5   3   5  10   2   6  12   6   1   5   5   9   1   3   5   6   5   1   4   6  0.07 0.06
  219 N    0  0  3  2  0  1  0  0 -2 -1 -2  0 -1 -2 -1  0 -1 -3 -2 -1    9   5  15  11   2   6   5   7   1   5   4   6   1   2   3   8   4   0   2   4  0.15 0.12
  220 W    0  0  0  0 -1  0 -1  0  1  0 -1 -1 -2  0  0  1  1  4  1  0    6   6   4   7   1   4   4   6   4   6   5   4   1   3   5  10   8   7   5   6  0.08 0.08
  221 L    0  1  0 -1 -1 -1 -1 -1 -1  0  0  0  0 -1  2  1  1 -2 -1  0    8  10   5   2   2   3   4   4   1   6   9   5   2   3  11  10   9   0   2   5  0.08 0.08
  222 K   -1  1  1  2 -1 -1  0 -1  0 -2 -1  1 -1 -2  2  0  0 -3 -2 -1    5   8   6  11   2   2   5   4   2   3   6  10   1   1  11   8   7   0   1   5  0.14 0.13
  223 Q    1  1  0  2 -2  1  0  1 -1 -1 -1  0 -1 -2  0  1  0  0 -1 -1   12   6   3  12   1   6   5  10   1   4   5   6   1   1   5  10   4   1   2   4  0.10 0.12
  224 P   -2  3 -1 -2 -5  0 -1 -2  0 -2 -3  1 -2 -3  6 -2 -2 -5 -2  0    3  15   3   2   0   4   4   3   2   3   2   8   1   1  36   2   2   0   1   6  0.78 0.50
  225 L   -2 -6 -3 -3  1 -6 -3 -3 -2  3  1 -4  0 -2 -6 -3 -3 -6 -3  6    4   0   2   2   3   0   2   2   1  16  11   1   2   2   0   2   1   0   1  48  1.00 0.58
  226 F   -3 -3 -7 -4 -6 -3 -5 -5 -3  4  0 -6  4  5 -7 -4 -2  2  4  2    2   2   0   1   0   1   1   1   1  20   8   0   8  23   0   1   2   2  12  14  0.94 0.55
  227 I   -5 -7 -7 -8 -6 -7 -7 -4 -7  6  2 -7 -1  1 -5 -5 -4  1 -3  4    1   0   0   0   0   0   0   2   0  44  18   0   1   5   1   1   1   2   1  22  1.36 0.70
  228 Q   -5 -4 -4 -6 -8  8  2 -7  1 -8 -5 -1  1 -5 -7  0 -4 -7 -7 -5    1   1   1   0   0  66  11   0   3   0   1   3   4   1   0   6   1   0   0   1  2.09 1.10
  229 S   -2 -4 -2 -5  5 -6 -6 -5 -7 -5 -8 -4 -2 -8 -5  7 -1 -8 -8 -5    3   1   2   1  11   0   0   1   0   1   0   1   1   0   1  73   4   0   0   1  2.02 1.08
  230 F   -4 -6 -5 -1 -8 -8 -5 -7 -7  0 -4 -5 -4  9 -1 -4 -1 -6  0 -4    2   0   1   4   0   0   1   0   0   5   1   1   0  71   4   2   4   0   2   1  2.29 1.04
  231 A   -1 -4  1  5 -4 -5  5 -3 -1 -6 -6 -3 -2 -4 -7  2 -4 -3 -3 -6    6   1   7  27   0   0  36   2   2   0   1   2   1   1   0  12   1   0   1   0  1.11 0.69
  232 P    1 -2 -3 -2 -5 -2  1 -2 -1  0 -1 -1 -1  1  4  1  0  0 -2  1   10   2   0   2   0   2   9   3   2   5   6   4   1   6  19  10   5   1   1  10  0.24 0.23
  233 T    2 -2  1  2 -1  0  2  1 -1 -4 -3  0 -3 -3 -1  2  0 -4 -4 -3   14   1   5  12   2   3  12  10   1   1   3   6   0   1   3  15   6   0   0   2  0.27 0.26
  234 S    0 -3  2 -3  0 -3  0 -4 -2 -1 -4 -3 -3  2 -2  3  0 -3 -3  3    8   1  11   1   2   1   6   1   1   3   1   1   0   7   2  26   6   0   1  19  0.47 0.39
  235 L   -2 -3 -2 -7 -3 -6 -7 -7 -7  0  6 -7  0 -3 -7 -3 -3 -6 -6  0    4   2   3   0   1   0   0   0   0   4  73   0   2   1   0   2   2   0   0   6  1.56 0.78
  236 V   -2  4 -3 -2 -4  2  0 -3 -2  1 -1  4  1 -4 -3 -2 -2 -2 -4  1    3  20   1   2   0  10   6   2   1   7   6  23   3   0   1   3   2   1   0  10  0.51 0.37
  237 H   -1  3  1  0 -3  0  1 -1  1 -2 -1  2  1  0 -3  0  0  1  1 -2    5  18   6   4   0   4   7   3   3   2   6  12   4   3   0   7   4   2   6   2  0.15 0.17
  238 A    0 -3 -3 -1  1 -2 -3 -1  0  2  2 -1  2  1 -1 -1 -1  2  0  0    8   0   0   3   3   0   0   4   3  16  22   3   6   8   3   3   4   3   3   6  0.15 0.17
  239 S    0  2  0  0  1  1  1 -1  3 -3 -2  2 -2 -1 -3  0  0 -3  0 -2    7  13   4   3   3   7   9   4   9   0   4  16   0   3   0   7   4   0   3   3  0.19 0.19
  240 K    0  0  1  1 -1  1  1  0  2 -2 -1  1  0 -1 -1  0  0 -3  0 -2   10   5   7   7   1   6  12   5   5   2   6   9   2   3   2   6   6   0   3   2  0.09 0.10
  241 L   -1  1 -1 -1 -3  1  0  1  0  0  1  1  2 -1 -3 -2 -1  0  0 -1    5   9   3   3   0   6   5  13   2   5  18  11   6   2   0   2   2   1   4   3  0.11 0.16
  242 T   -1 -2  0 -1  1 -2 -1  0 -1  0  0 -1  0 -1  1  1  3 -4 -1  0    4   2   5   3   3   1   3   7   1   6   8   3   3   2   6  11  22   0   2   7  0.15 0.19
  243 D   -2  1  2  4 -1 -1  0 -1  0 -3 -4  1 -2 -3  2 -1 -1  0 -4 -3    2   9   9  26   2   3   6   5   2   1   2   9   1   1  11   4   4   1   0   2  0.43 0.33
  244 S    0 -2 -1 -2  0 -1 -2 -1 -1  2  2 -2  0  0 -3 -1  0  1  2  1    7   2   4   2   2   2   2   5   1  13  23   2   2   3   1   5   6   2   7  10  0.14 0.16
  245 P   -2  1 -2 -2 -1 -2 -1 -3 -2 -2 -3  2 -2 -4  6 -2 -1 -6 -1 -2    3   8   2   2   1   2   4   2   1   3   3  14   1   1  40   2   3   0   2   4  0.87 0.58
  246 K   -3  2 -2 -3 -1 -1 -1 -2 -1 -1  4  1  0 -2  1 -3 -1 -2 -2 -2    2  10   2   1   1   2   4   3   2   3  43   8   2   2   6   2   4   1   1   2  0.46 0.38
  247 I   -2 -2 -4 -3 -2 -4 -4 -4  0  4  1 -6  1 -2 -6 -3  0 -2 -2  5    3   2   1   2   1   1   1   2   3  18  12   0   3   1   0   2   5   1   2  41  0.85 0.52
  248 F   -2 -2 -4 -4 -3  6 -1 -1 -2 -2  0 -1  1  3 -2 -4 -4  0  3  0    4   2   1   1   1  33   3   4   1   2  10   3   3  11   3   1   1   1   9   7  0.69 0.53
  249 L   -3  0 -4 -7 -2 -1 -5 -5 -3 -3  6 -1  0 -1 -5 -4 -4 -6  1 -1    2   5   1   0   1   3   1   1   1   1  65   4   2   2   1   2   1   0   4   3  1.18 0.70
  250 I   -2 -5 -6 -6 -1 -3 -4 -3 -5  4  3 -3  2  2 -3 -3 -1 -5  0  3    2   0   0   0   1   1   1   2   0  26  24   2   5   7   2   1   4   0   3  17  0.69 0.42
  251 D   -1 -2  0  3 -4  1  1  2 -1 -2  0 -1  0  0 -2  0 -2 -1  1 -1    5   2   3  16   0   6   9  16   1   2  12   3   3   4   2   5   1   1   5   4  0.18 0.19
  252 D    0  0  0  1 -1 -1  2  0 -1 -2 -1  0  0 -2  2  0 -1  1  0 -1    8   6   5   9   2   2  13   8   1   2   8   5   2   1  10   5   4   2   4   4  0.09 0.11
  253 F    0 -1  1  0 -2 -1  1  0  0 -1 -1  1 -1  1  0  0  0  1  2  0    6   2   6   6   1   2   8   7   2   4   4   8   1   7   5   6   7   2  10   6  0.07 0.09
  254 S    0 -2  1  4 -4 -1  0  2 -1 -1 -2 -1  0 -4 -1  1  0 -1 -2 -2    7   2   6  20   0   3   6  14   2   5   3   4   2   0   3  11   7   1   2   2  0.26 0.22
  255 V    1 -1 -1  0 -2 -1  0  1 -1  1  0 -1  0  0 -2 -1 -1  4  0  1   11   3   2   5   1   3   6  10   1   7  10   3   3   4   2   5   3   7   3  11  0.10 0.10
  256 R    1  1  1  1 -2  1  0  0 -2 -1 -2  0 -1 -2  2  0  0 -4 -2  0   10  10   6   7   1   6   5   6   1   3   5   6   1   1  11   6   6   0   1   8  0.13 0.13
  257 T    2 -2 -2  1 -2 -1  2 -1 -1  0  0 -2 -1 -2  2 -1  0 -2 -1  0   17   2   2   7   1   3  14   5   2   5   8   2   1   1   9   5   7   1   2   6  0.14 0.15
  258 Q    1  0 -1  2 -3  1  0 -1  1 -2 -1  0  0 -2  2  1 -1 -1 -1 -2   15   4   2  12   0   8   5   4   3   2   7   4   2   2  12   9   3   1   2   3  0.17 0.16
  259 D   -1 -1 -1  4 -3 -1  0  2 -2 -3 -2  0 -2 -3  0  0  0  1 -2 -2    4   4   3  23   0   2   6  18   1   2   5   5   1   1   5   7   6   2   2   3  0.33 0.22
  260 T    0 -1  0  2 -2 -1  0 -1 -1 -1 -1 -1 -1 -2  0  1  3  0 -2  0    8   4   3  14   1   2   4   6   2   4   5   3   1   2   5  10  17   1   2   7  0.15 0.14
  261 N    0 -1  3  1 -3 -1 -1  1 -1 -2 -2  1 -2 -2  1  1  0 -3 -2 -1    8   4  14   8   1   2   4   9   1   3   5   8   1   2   8  12   6   0   1   4  0.17 0.14
  262 Q    0  2  0 -1 -2  2  0  0  0 -1 -1  0  0  0  0  0  1  1  0 -1    6  13   3   4   1  10   6   6   3   3   7   5   2   4   5   6   8   2   4   4  0.08 0.08
  263 S   -1  0  0  1 -1 -1 -1 -1  0 -1 -1  0 -1 -1  0  1  3  1  0 -1    5   5   5   8   1   3   4   4   2   4   5   5   1   3   5   8  21   2   4   5  0.14 0.12
  264 Y   -2 -2  0 -1 -1 -1 -2 -2  0 -1 -1 -2 -2  2 -1 -2 -2  2  7 -2    4   3   5   4   1   3   3   4   2   4   5   3   1   7   4   4   3   2  37   3  0.78 0.36
  265 W    1  0  0  1 -1  0  0  1 -1 -1 -1  0 -1 -1  0  0  0  2  0 -1   14   5   4   8   1   4   5  13   2   4   5   4   1   3   4   7   4   3   3   4  0.07 0.07
  266 D    0  0 -2  4 -2  0  2 -1 -1 -3 -3 -1 -2 -1 -1  1 -1  3 -1 -2    9   5   2  24   1   4  11   5   2   2   3   3   1   3   3   9   4   4   2   3  0.32 0.20
  267 I   -2 -1 -1 -1 -1 -1 -1 -2 -3  1  3 -2  5  0 -1 -2 -1  2  0  0    4   3   3   4   1   3   4   3   1   8  26   2  13   3   4   3   4   3   3   5  0.28 0.18
  268 T    0  0 -1 -1  0  0 -2 -2 -1  1  2 -1  1  0 -1 -1  1 -1  0  1    6   5   2   3   2   3   2   3   2  10  18   3   4   4   3   4  11   1   3  10  0.08 0.08
  269 S   -1 -1 -1 -2 -4 -2 -2 -3 -2 -2 -3  0 -3 -2 -2  4  5 -1 -3 -3    4   3   3   2   0   2   3   2   1   2   2   6   1   2   2  25  34   1   1   2  0.73 0.48
  270 D    0 -1  1  3 -2 -1  1 -2 -2 -3 -2  0 -4 -2  5 -1 -2 -2 -2 -3    7   3   7  17   1   2   9   4   1   2   4   5   0   2  25   4   3   1   1   2  0.51 0.35
  271 D    2  0 -1  1 -4  1  3 -1 -1 -2 -3  1 -2 -3 -1  1 -1 -2 -2 -2   20   4   2   7   0   6  20   4   1   2   3   7   1   1   3  10   4   1   1   3  0.29 0.25
  272 Y    1 -1 -1  0 -3  0  0  4 -1 -2 -3 -1 -2 -1 -3  0 -1 -1  1 -2   11   3   2   4   1   4   6  34   2   2   3   3   1   3   2   6   3   1   5   3  0.41 0.27
  273 L   -4 -4 -5 -7 -4 -7 -6 -7 -7  2  6 -5  2  1 -7 -7 -4 -1 -2  0    2   1   1   0   0   0   1   0   0  11  62   1   5   6   0   0   1   1   1   6  1.42 0.74
  274 A    3  2 -1  3 -6  2  2 -2 -3 -5 -4  2 -3 -6 -3 -1  0 -6 -6 -4   23   9   3  14   0   8  13   3   1   1   1  14   1   0   2   3   5   0   0   1  0.53 0.42
  275 Y    1  0 -2  2 -6  1  5 -2 -1 -3 -3  0 -1  1 -4 -1 -3  1  0 -2   12   4   2  11   0   5  33   3   1   1   2   4   1   6   1   5   2   2   3   3  0.52 0.42
  276 I   -1 -7 -4 -7 -6 -7 -7 -6 -3  6  1 -5  2  0 -5 -6 -2 -2 -2  3    5   0   1   0   0   0   0   1   1  43  14   1   4   4   1   0   2   1   1  21  1.22 0.65
  277 S    5  1 -3 -4 -4 -2 -3 -3 -2 -5 -5  4 -4 -6 -4  1 -2 -7 -7 -4   41   7   1   1   0   2   1   2   1   0   1  24   0   0   1  12   2   0   0   1  0.99 0.67
  278 N    0  1  0 -1 -4  1  2  0 -1 -5 -4  3 -3 -4 -2  1  3 -6 -3 -4    8   7   4   4   0   7  12   6   1   1   1  17   1   1   2  10  18   0   1   1  0.40 0.36
  279 Y   -6 -3 -6 -6 -8 -4 -5 -4  0 -1 -4 -3 -3  5 -8 -5 -4  3  8 -2    1   2   0   0   0   1   1   2   2   3   2   2   1  22   0   1   1   3  52   3  2.01 1.01
  280 V    6 -7 -7 -7  1 -7 -6 -4 -7 -1 -3 -7 -3 -4 -7 -3 -3 -8 -4  2   70   0   0   0   2   0   1   2   0   3   3   0   1   1   0   2   2   0   1  13  1.69 0.95
  281 V   -1 -4  1  6 -4  1  1 -3  1 -2 -5 -3 -2 -5 -6  1  0 -4 -1  0    6   1   6  37   0   5   8   2   3   3   1   1   1   0   0  10   5   0   3   8  0.72 0.52
  282 G    2 -6 -4 -6 -4 -5 -6  6 -4 -2 -5 -7 -4 -2 -7 -2 -3  1  0 -2   16   0   1   0   0   1   0  60   1   3   1   0   0   2   0   4   2   2   3   3  1.43 0.82
  283 L   -4 -8 -6 -9 -7 -5 -8 -7 -8  6  1 -8 -2 -1 -8 -6 -4 -4 -2  5    2   0   0   0   0   1   0   0   0  46  11   0   1   3   0   1   1   0   2  32  1.65 0.83
  284 G    0 -5  1 -3 -3 -4 -5  6 -2 -3 -3 -5 -3 -4 -7  1 -5 -8 -7  0    8   1   6   1   0   1   0  56   1   2   3   1   1   1   0  11   1   0   0   6  1.22 0.72
  285 P   -2 -6 -7 -7 -3 -7 -6 -8 -8  1  0 -7 -1 -3  7 -4 -2 -8 -5  3    4   0   0   0   1   0   1   0   0   9  10   0   1   1  49   1   3   0   1  19  1.48 0.85
  286 W   -1  0  0  0  2  0  0 -1  2  0 -1  0  2  1  0 -1  0  4  1 -1    5   5   5   5   5   5   5   5   5   5   5   5   5   5   5   5   5   5   5   5  0.09 0.08
  287 K   -2  1 -2 -2 -1 -1 -4 -3  0  0 -1  6  1 -2 -3 -3 -1  1  0 -3    4   7   2   2   1   3   1   3   2   4   7  41   3   2   2   2   4   2   4   2  0.76 0.45
  288 D    0  1  1  3 -2  1  1  0  0 -3 -3  0 -2 -3  0  2 -1  0 -2 -2    7   8   7  15   1   5   8   7   2   2   3   5   1   1   5  12   4   1   2   3  0.21 0.19
  289 T   -2 -1 -1 -1 -1  1 -3 -3  0 -2  2 -3  3 -1 -3  3 -1  1  3 -1    4   3   3   4   1   6   2   3   2   3  18   2   7   2   1  18   4   2   9   5  0.31 0.24
  290 V   -2 -7 -7 -3  0 -6 -7 -7 -7  5  3 -7  1 -1 -1 -3 -3  1 -6  4    3   0   0   2   2   0   1   1   0  25  23   0   3   3   3   3   2   2   0  25  1.00 0.48
  291 V   -1 -3 -2 -1 -1 -1  0 -3  0  2  1 -2  0  2 -3 -3 -1  3  2  3    5   2   2   3   1   3   6   2   2  12  13   2   2   8   2   2   4   3   6  18  0.29 0.16
  292 P    0 -1  0  0 -5 -1 -1 -1 -1  0 -4 -2 -2  0  6 -1  0 -5 -5 -3    8   4   5   6   0   3   4   4   1   6   3   2   1   3  34   6   6   0   1   2  0.65 0.41
  293 A    1  2 -1  0 -2 -1 -1  0 -1  0  0  0  0 -1 -1 -1  0  1  0  1   12  12   3   5   1   2   4   7   2   5   8   4   2   2   4   5   7   2   4  11  0.08 0.07
  294 A    1 -1  2  3 -2 -1  0  0 -2 -3 -3  0 -2  0 -1  1 -1 -1  0 -2   12   3   8  17   1   3   7   8   1   2   3   5   1   4   4  10   4   1   3   4  0.21 0.16
  295 K    1  0  1  3 -2  1  1  1  0 -3 -2  1 -2 -4 -1 -1 -1 -1 -2 -2   13   5   7  16   1   5   8  10   2   2   4   7   1   1   4   5   4   1   2   3  0.22 0.17
  296 N    0  1  3  3 -2  0 -1  2  0 -3 -4  0 -5 -2 -3  2 -2 -2 -1 -3    6   7  13  14   1   4   4  15   2   2   2   5   0   2   2  14   2   1   3   2  0.35 0.24
  297 Y   -1  1 -1 -2 -2 -1 -2  3  0 -3 -2  0 -2  3 -1 -3  0  0  3 -1    5   7   3   3   1   3   3  22   2   2   4   5   1  12   3   2   6   1  10   4  0.36 0.22
  298 T    0  0  0 -2 -2  0 -1 -2 -1  1  2 -1  0 -1 -1  0  2 -1 -1  0    9   5   4   2   1   3   4   3   1   8  17   4   2   3   3   6  14   1   3   6  0.13 0.10
  299 M    0 -1 -3 -2 -3  0 -3  2 -1  1  2 -2  1 -2 -1 -2  2  0  0  0    8   3   1   2   1   4   2  13   1   8  20   2   3   1   4   3  11   2   3   6  0.19 0.14
  300 A    1  0  0 -1 -1  0  1  1 -1  0 -1  0  0 -2  1  0  0  0 -1  0   13   4   5   3   1   5  10  12   2   6   6   5   2   1   6   4   5   1   2   6  0.06 0.07
  301 P   -1 -2  1  2 -5  0 -1 -2  0 -1 -2 -1 -1 -1  4 -1  1  2 -1  0    5   2   7  10   0   4   4   3   2   4   4   4   1   3  19   5  11   3   2   7  0.27 0.25
  302 T   -1  1  0 -2 -5 -1  0 -3  0 -3 -3  0 -2 -3  2  1  5  2 -2 -3    6   6   3   2   0   3   6   2   2   1   3   6   1   1  10  10  31   2   1   2  0.49 0.42
  303 D    0 -1  1  2 -6  1  1 -1  1 -6 -3  1  1 -6  2  0  0  4 -6 -1    7   4   5  10   0   5   8   5   4   0   3   8   3   0  10   8   6   6   0   5  0.28 0.24
  304 L   -2 -2 -1 -2  1 -1 -2 -3  1  0  3 -2  2  2 -2 -2 -1  3  2  1    3   3   4   3   3   3   3   3   3   6  28   3   4   7   3   3   3   3   6   8  0.31 0.19
  305 V   -1 -5 -2 -5 -1 -3 -5 -3 -5  3  0 -4  0 -2 -3 -2  0 -5 -2  5    6   0   2   0   1   1   0   2   0  15   7   0   2   2   1   2   5   0   2  50  0.84 0.49
  306 A    1  1  0  1 -4  3  2 -1  1 -3 -3  2 -1 -4 -1  0 -1 -4 -2 -3   12   8   5   7   0  12  12   4   3   1   2  14   1   0   3   8   4   0   1   1  0.25 0.23
  307 R    0  3  0  2 -4  1  1 -2  1 -2 -2  1  1 -2 -2  0 -1  2 -1 -3    9  16   4  13   0   6   9   1   3   2   3  10   4   2   1   6   4   3   2   1  0.23 0.21
  308 A    5 -5 -3 -5  0 -4 -5 -3 -5  1  0 -4  1 -1 -5 -2 -1  0 -4  1   57   0   2   0   2   0   0   2   0   7  11   0   3   2   0   2   3   1   0   8  0.91 0.58
  309 H   -3  2 -2 -3 -7  2 -3 -4  9 -4 -3  2 -2 -6 -6 -3 -3 -6 -3 -4    2  10   2   1   0   8   1   1  53   1   3  11   1   0   0   1   2   0   0   1  1.74 0.84
  310 A    2  1  0  2 -4  2  2 -1  0 -4 -3  2 -4 -5 -3  1 -2 -5 -3 -3   21   9   5  10   0   8  13   3   2   1   2  12   0   0   0  10   2   0   1   1  0.37 0.31
  311 H    3  2  1 -2  0 -1 -1 -2  3 -2  0  0 -1 -1 -4 -1 -2 -2  1 -1   28  10   6   1   2   3   3   2   9   1  11   5   2   3   0   4   2   1   5   3  0.25 0.26
  312 N   -3 -1  3 -1 -2 -1 -3  6  0 -6 -6 -1 -6 -6 -5 -3 -5 -1 -3 -6    1   3  12   4   1   2   2  63   2   0   0   4   0   0   0   2   0   1   1   0  1.36 0.67
  313 L   -4 -3 -6 -6 -1 -5 -6 -4 -6  0  6 -4  4  0 -6 -5 -5  0 -2 -1    1   1   0   0   1   0   0   1   0   3  71   1   9   3   0   0   0   1   1   3  1.37 0.68
  314 Q    0  1 -1  0 -2  2  1 -2 -1 -1  1  1  0 -1  0  0  0 -2 -2  0    6   6   3   3   1   9  11   2   1   2  13  12   2   3   4   7   4   1   1   8  0.08 0.12
  315 V   -3 -6 -6 -6 -1 -4 -6 -6 -6  3  0 -6 -1 -3 -3 -3 -1 -6 -3  7    1   0   0   0   1   1   0   0   0  13   6   0   1   1   1   2   4   0   1  66  1.43 0.71
  316 H   -3 -3 -3 -4 -3 -3 -4 -4  9 -2 -3 -4 -2  2 -6 -3 -2  0  5 -2    2   1   1   1   1   1   0   1  49   2   3   0   1   9   0   2   3   1  17   4  1.69 0.78
  317 P    2 -5 -5 -5 -1 -4 -4 -2 -3  0 -2 -4 -2 -3  5 -2  0 -6 -3  4   17   0   0   0   1   0   1   3   1   5   3   0   1   1  33   2   6   0   1  26  0.90 0.53
  318 Y   -5 -4 -6 -5 -6 -2 -1 -4 -1 -6 -5 -5 -5  2 -7 -1 -4  9  8 -5    1   1   0   1   0   2   4   2   1   0   0   1   0   7   0   5   1  31  43   1  2.18 0.94
  319 T   -3 -3 -3 -3 -5 -5 -4 -3 -3 -3 -2 -4 -3 -3 -4 -2  7 -6 -2 -1    2   1   1   1   0   0   1   2   1   1   4   1   1   1   1   2  75   0   2   4  1.65 0.86
  320 Y   -3 -5 -5 -6 -2 -5 -4 -6 -1  2  2 -5  0  6 -6 -4 -4 -3  1  3    2   0   0   0   1   0   1   0   2   9  20   0   2  36   0   1   0   0   4  21  1.00 0.51
  321 R   -2  7  3 -1 -3  0 -4 -4 -1 -5 -5 -1 -2 -6 -4 -1 -4 -6  0 -4    4  56  15   4   1   4   0   1   1   1   1   3   1   0   1   4   1   0   3   1  1.29 0.68
  322 N    1 -1  5  3 -5 -1 -1 -3 -1 -3 -4  0 -3 -4  1  0 -1 -5 -3 -3   13   3  29  18   0   2   4   1   1   2   1   5   1   1   7   7   4   0   1   2  0.57 0.39
  323 E   -2 -3 -3  4 -6  0  6 -4 -4 -5 -5 -1 -3 -6 -1  0 -3 -3 -5 -4    3   1   1  24   0   3  48   1   0   0   1   4   1   0   3   7   1   0   0   1  1.16 0.63
  324 N    0  0  3  1 -2  0  1 -1  0 -2 -2  0 -2  2  0  0  0  2  1 -2   10   5  16   7   1   4   8   4   1   2   3   4   0  11   4   5   5   3   5   2  0.17 0.17
  325 Q    1  0 -1  1 -2  1  1 -2 -1  0  0 -1  0 -1  0  0  0 -3 -1  1   11   7   2   7   1   9   9   2   1   5  11   2   3   2   4   5   6   0   2  11  0.06 0.09
  326 F   -1 -2 -1 -2 -3 -2 -2 -1 -1 -2 -2 -3  4  5  3  1 -1 -1  2 -3    5   2   4   2   1   1   2   6   2   2   4   1  11  21  13  10   4   1   7   1  0.44 0.30
  327 L   -1  0 -2 -2 -2  1 -1 -3 -2  0  3  1  1 -1 -1  0 -1 -2 -2  0    5   5   2   2   1   7   4   2   1   5  33   8   3   2   4   6   3   1   1   5  0.20 0.18
  328 H    2  1 -1 -1 -3 -1 -2  1  2 -3 -2  0 -2 -2  4  0  0 -2 -2 -2   19   7   3   3   1   2   2  10   5   1   4   5   1   1  21   5   6   1   1   2  0.35 0.24
  329 L    0  0 -2 -2 -1 -1 -1 -1 -1  0  1 -1  0  3  1 -1 -1  4  2  0   10   5   2   3   1   2   3   4   1   4  12   3   2  14   7   5   4   6   7   7  0.14 0.11
  330 N    0 -1  3  4 -2  0  0  0  0 -2 -2  0 -2 -3 -1  0  0 -3 -3 -2    8   4  14  24   1   3   7   6   2   2   4   5   1   1   3   5   7   0   1   2  0.34 0.21
  331 F   -2 -1 -2 -3  1 -3 -2 -1  0 -2  0 -3 -1  5  0  0 -1  0  6 -2    4   3   2   2   3   1   2   5   2   2   8   1   1  20   5   7   3   1  23   2  0.56 0.29
  332 H    0  2  0  1 -1  0 -1  0  2 -2 -1  0 -1  2 -1  0 -1  1  0 -1    7  12   5   7   1   4   4   6   5   2   6   4   1  12   3   9   4   2   4   4  0.09 0.09
  333 Q    0 -1  0  0  0  2  0  2 -2 -2 -2  0 -1 -1  0  1  0 -2  0 -2    9   4   3   6   2   9   6  18   1   2   3   4   1   2   4  13   6   1   4   3  0.17 0.14
  334 D   -2 -1  2  6 -3 -1 -1 -1 -2 -3 -3 -2 -3 -4 -2  0  1 -4 -4 -3    3   3   8  44   1   2   4   5   1   2   3   3   1   1   2   6   9   0   1   2  0.83 0.40
  335 P    1 -1 -1 -1 -2 -2 -1 -2 -2 -1 -1 -2  0  0  5 -1 -2  1 -1  0   13   3   3   4   1   2   4   3   1   3   7   2   3   4  31   5   2   2   2   6  0.49 0.27
  336 Y    1  0 -1  0 -2  0  2 -2  0  0  0  0  0  0 -1 -1  1  0  2  0   11   5   3   4   1   4  13   3   2   5   7   5   2   3   3   3  12   1   7   7  0.08 0.09
  337 A    2  0 -1  0 -1  1  1 -1 -1 -1 -1  0  0 -2 -2  0  0 -3 -3  1   22   5   3   4   1   6  10   5   2   3   6   6   3   1   2   6   5   0   1  12  0.13 0.13
  338 E   -2 -2 -3 -1 -4  0  6 -3  1 -4 -1 -2  1 -2 -3 -2 -3 -2 -3 -3    4   2   1   4   0   3  57   2   3   1   7   2   3   2   2   2   2   1   1   2  1.11 0.56
  339 Y   -2 -3 -3 -3 -3 -2 -1 -2  0  3  2 -4  3  1 -4 -3 -3  1  5  0    3   1   1   1   1   2   4   4   2  16  21   1   6   5   1   2   2   2  20   5  0.55 0.31
  340 D    1  2  2  2 -2  1  1 -2 -1 -2  0  0  0 -1 -3 -1 -1 -1 -1 -1   11  11   9  11   1   5  11   2   1   2  11   6   3   2   1   4   3   1   3   4  0.13 0.13
  341 F    1  1 -1 -1 -3  2 -1 -2  0 -1 -1 -1  0  1 -2  0  1  1  2 -1   13  10   3   3   1  11   4   2   2   4   7   3   3   6   1   7   8   2   8   4  0.13 0.14
  342 W    0 -1 -3 -4 -3 -1 -3 -3  0 -2  2 -2  0  6 -4 -3 -3  3  5 -3    7   3   1   1   1   3   2   2   2   2  17   2   2  28   1   2   1   3  17   2  0.75 0.39
  343 I   -3 -4 -5 -5 -2 -4 -5 -5 -4  4  3 -5  2  4 -5 -4 -3 -1  2  3    2   1   1   1   1   1   0   1   0  19  29   0   4  15   0   1   1   1   6  17  0.84 0.44
  344 N    0  1  2  1 -1  1  0 -2  0  0  0  0 -1  1 -2 -1 -1 -1  0 -1    7   8  10   9   2   8   4   3   2   5  10   6   2   7   1   4   3   1   4   4  0.07 0.09
  345 S    2  0  1  2 -3  1  2  1 -2 -3 -3  1 -3 -3 -3  0  0 -3 -4 -2   16   4   5  12   1   5  15  10   1   1   2   9   0   1   1   8   5   0   0   3  0.26 0.22
  346 M    2 -3 -4 -4 -3 -2 -3 -3 -3  1  3 -4  3  2 -4 -2 -1  4  1  0   18   1   1   1   0   2   1   2   1   7  30   1   6   7   0   3   4   5   4   6  0.46 0.31
  347 G   -4 -2  0 -2 -5 -1 -3  7 -2 -8 -7  1 -3 -8 -5 -2 -5 -7 -7 -8    1   2   4   2   0   3   1  69   1   0   1   9   1   0   1   3   1   0   0   0  1.68 0.83
  348 V    0 -8 -8 -8 -4 -7 -8 -6 -8  4 -1 -7  1 -5 -6 -6 -6 -8 -6  7    8   0   0   0   0   0   0   1   0  19   6   0   3   0   0   0   0   0   0  61  1.72 0.83
  349 D   -5 -8 -1  8 -9 -3 -2 -5 -2 -9 -9 -5 -9 -9 -8 -3  0 -10 -9 -9    1   0   3  82   0   1   2   1   1   0   0   0   0   0   0   2   5   0   0   0  2.59 1.18
  350 G    0 -7 -6 -6 -8 -5 -7  7 -8 -9 -8 -7 -4 -9 -8 -5 -6 -3 -4 -6    9   0   0   0   0   0   0  85   0   0   0   0   1   0   0   1   1   1   1   1  2.45 1.12
  351 L   -3 -7 -7 -8 -6 -5 -7 -5 -7  4  2 -7  2  4 -5 -6 -2 -3  0  4    2   0   0   0   0   0   0   1   0  21  20   0   5  13   1   0   2   0   3  32  1.10 0.58
  352 F   -6 -9 -7 -10 -3 -9 -9 -9 -4  4 -2 -9 -3  9 -10 -8 -6 -4 -1 -1    0   0   0   0   1   0   0   0   0  19   3   0   1  69   0   0   0   0   1   5  2.53 1.08
  353 T   -1 -7 -5 -5  2 -7 -7 -5 -8 -3 -6 -7 -5 -5 -7  2  7 -9 -8 -1    6   0   0   1   3   0   0   1   0   2   0   0   0   0   0  13  69   0   0   5  1.93 1.02
  354 D   -8 -7  3  8 -10 -5  2 -6 -7 -10 -10 -7 -9 -10 -8 -5 -7 -10 -9 -9    0   0  12  74   0   0  12   1   0   0   0   0   0   0   0   1   0   0   0   0  2.54 1.14
  355 F   -4 -1  2 -1 -5  1 -6 -7  5 -6 -5 -4 -4  7 -8 -3 -5 -3  4 -6    2   4  10   4   0   5   0   0  11   0   1   1   0  46   0   2   0   0  13   0  1.60 0.78
  356 T    0 -2  1  1  3 -2 -2  0 -2  0  0 -2  1 -2  1  0  1 -3 -2  0    8   0   8   8   8   0   0   8   0   8   8   0   8   0   8   8   8   0   0   8  0.10 0.11
  357 G   -1  0  0  0 -3  0  0 -1  1  0 -1  0  1  0  0  0  0  3  1 -1    5   5   5   5   0   5   5   5   5   5   5   5   5   5   5   5   5   5   5   5  0.02 0.09
  358 S   -1  0 -1  0 -4 -1  0 -1  1 -1 -1 -1  1 -1 -1  1  4 -4  0 -1    4   4   3   5   0   3   5   4   3   3   7   3   4   3   3  11  29   0   3   4  0.26 0.31
  359 L    3 -2 -4 -4  0 -3 -4  1  0  0  1 -3  1  0  0 -1 -1  1 -1  1   31   2   0   0   2   0   0  10   2   4  15   0   3   4   4   3   4   2   2  10  0.30 0.30
  360 H    0  2  0  0 -1 -1 -1 -2  2  0 -1 -1  0 -1 -1  1 -1 -4  0  2    9  15   4   5   2   2   3   2   5   5   6   3   3   2   2  10   4   0   3  16  0.11 0.16
  361 R    1  4  1 -1 -2  1  1 -2  0 -2 -1  1  0 -3 -2 -1 -1  0 -2 -3   10  26   7   3   1   7   9   2   2   3   5   7   2   1   2   5   3   1   1   1  0.34 0.31
  362 Y    2 -3 -3 -2 -2 -3 -4 -5  0  0 -1 -3 -1  4 -5 -2 -2  3  5  2   20   2   1   3   1   1   1   0   2   5   5   1   2  16   0   2   3   4  19  13  0.64 0.44
  363 Q   -3  5 -2 -2 -5  1 -4 -5 -1  1  1  2 -1 -2 -5 -3 -4  1 -1  0    2  34   2   2   0   6   0   0   2   8  16  12   1   2   0   2   0   2   2   6  0.65 0.46
  364 E    0  1  1  4 -5  1  3 -1 -1 -3 -4  1 -2 -3 -4  0 -2 -5 -2 -3    8   9   6  21   0   5  19   6   2   1   1   9   1   1   0   6   2   0   1   1  0.44 0.35
  365 L    2  1  2 -2  3  1 -1 -2 -2  0  0 -1  2 -2 -2  0 -2  3 -2 -1   16   9  10   2   7   7   3   3   1   6   9   3   5   1   1   5   1   4   1   4  0.18 0.21
  366 V   -1  1 -1 -2 -1 -1 -2 -2 -2  1  1 -1  0  2  0  0  1  0 -1  1    4  10   3   2   1   3   1   3   1   9  15   2   2  12   4   7   9   2   2  10  0.11 0.14
  367 A    2 -1 -2 -2  6  0 -1 -1 -2 -3 -2 -2 -4 -1 -3  2  1 -5  1 -1   20   4   1   2  15   3   4   5   1   1   3   2   0   2   1  17  10   0   5   4  0.41 0.35
  368 P   -1  0  0  0  2  0  0 -1  2  0 -1  0  2  1  0 -1  0  4  1 -1    5   5   5   5   5   5   5   5   5   5   5   5   5   5   5   5   5   5   5   5  0.08 0.08
  369 H   -1  0  2  1  0  0  0  0  2 -2  0 -1  0  0 -1  1 -1  2  0 -2    5   4   8   9   2   3   7   7   5   3   9   4   3   4   3   9   4   3   4   3  0.07 0.08
  370 A    0  0  0 -1  0  2  0  0  0 -1  0  0  1  1  1  0  0 -4 -1  0    8   5   5   3   2   9   6   6   3   3   8   5   4   6   7   7   5   0   2   5  0.05 0.07
  371 K   -1  0  0  0 -3  0  0 -1  2  0 -1  0  1  0  0  0  0  3  1  0    5   5   5   5   0   5   5   5   5   5   5   5   5   5   5   5   5   5   5   5  0.06 0.08
  372 D   -1  2  2  2 -4  0  0 -1  1 -1 -2  1 -3 -4 -1  1  0  2  0 -2    5  12   9  15   0   3   5   4   4   3   4   7   0   0   3  10   6   3   3   3  0.19 0.20
  373 E   -1  0  1  2  0  0  1 -1  1 -1 -1  1  0 -1  0  1  0 -4 -2  0    5   5   7  11   2   5   8   4   3   4   4   8   2   3   5  15   4   0   0   6  0.10 0.13
  374 T    1 -1  1  0 -4  0  0 -2 -3 -1  0 -1  0 -4  4  0  2 -5 -4 -1   10   3   7   5   0   3   6   3   0   3   8   4   3   0  19   6  14   0   0   4  0.27 0.26
  375 A    2 -1  0  1 -4  1 -1 -1 -3 -2 -2 -1 -3 -2  5  1  0 -5 -1 -1   17   3   4   7   0   5   3   3   0   2   3   4   0   2  25  11   4   0   2   4  0.42 0.33
  376 N   -1  1  3 -1 -1  0 -1  0  1 -2 -1  0 -3  0  1  1  0 -3  2 -3    5   8  16   3   1   4   3   6   3   2   5   4   0   3   8  12   6   0   9   0  0.18 0.21
  377 S    0  0 -1 -1 -1 -1 -1  0 -1 -2 -2  0  0 -1  3  1  0 -3  3  0    7   4   3   3   2   3   3   7   1   2   3   5   2   1  15  11   6   0  14   8  0.20 0.22
  378 L    0  0  0  0 -2  1  0  0 -2  0  0  0  1  0 -2  0  0  3 -1  0    6   6   6   6   0   6   6   6   0   6   6   6   6   6   0   6   6   6   0   6  0.06 0.10
  379 L    0  0  0  0 -2  0 -1 -1 -2  0  1  0  1  1  0  0  0 -2  0  1    7   4   4   4   0   4   3   4   0   4  16   7   4   7   5   4   4   0   3  15  0.03 0.08
  380 F    0  0  0  0 -3  0  0  0  2  0 -1  0 -1  0  0  0  0  3  1  0    6   6   5   6   0   5   6   6   5   6   6   6   0   5   6   6   6   5   5   6  0.06 0.08
  381 L    0  0  0  0  2  1  0 -2 -2  0  0  0  1  1  1  0  0 -2  1  0    6   6   6   6   6   6   6   0   0   6   6   6   6   6   6   6   6   0   6   6  0.05 0.09
  382 E   -1  0  0  0  2  1  2  0  1  1 -1  0  0  0  0 -1  0  2 -2 -1    3   3   5   5   5   8  14   6   3  10   5   5   3   4   5   4   5   3   0   3  0.08 0.13
  383 T    0 -1 -1 -1  0  1 -1 -1  0 -1 -1 -1  0  2  2  1  1 -3  0 -1   10   4   2   3   2   7   2   4   3   3   6   2   2  11  11  12   8   0   3   4  0.11 0.16
  384 K    0  0  2  0 -3  0  0  2  0 -2 -2  1 -1 -2 -1  1  0  0 -1 -1    7   5  12   4   0   3   6  17   3   2   4   7   2   2   3   9   6   1   2   3  0.14 0.15
  385 F    0  0  0  0 -2 -1  0  0  2  0  0 -1  1  1  1  0  0 -2  1  0    6   6   6   6   0   0   6   6   6   6   6   0   6   6   6   6   6   0   6   6  0.04 0.09
  386 I    0  0  0  0 -2  1  0  0  1  0 -1  0  1  0  1  0  0 -2  1  0    6   6   5   6   0   5   6   6   5   6   6   6   5   5   6   6   6   0   5   6  0.03 0.06
  387 D    0  0  0  0 -3  1  0  0 -1  0 -1  0 -1  1  1  0  0  3  1  0    6   6   6   6   0   6   6   6   0   6   6   6   0   6   6   6   6   6   6   6  0.06 0.08
  388 G    0  0  0  0  1  1  0  2 -2 -1 -1  1 -2 -1  0  0  0 -3 -2 -1    8   4   4   4   3   7   4  20   0   4   5  12   0   3   5   8   4   0   0   4  0.12 0.14
  389 Y    0  0  0  0 -2  1  0  0  1  0 -1  0  1  0  1  0  0 -2  1  0    6   6   5   6   0   5   6   6   5   6   6   6   5   5   6   6   6   0   5   6  0.03 0.06
  390 I    0 -2  0  0 -3  0  0  0  2  0 -1  0  1  1  0  0  0  3  1  0    6   0   5   6   0   5   6   6   5   6   6   6   5   5   6   6   6   5   5   6  0.07 0.11
  391 E    0  0  0 -1 -4  1  0  0 -3 -1 -2 -1 -3  1  4  0  0 -4  0 -1    6   5   3   4   0   7   6   8   0   3   4   4   0   8  23   7   5   0   4   4  0.29 0.24
  392 M    1 -1 -2  0 -3 -1  0  0  0  1  0  1  0 -3  2  0  0  2 -2  0   11   3   0   6   0   2   4   8   3  10  11   8   2   0   9   8   4   3   0   6  0.08 0.13
  393 E    0  0  1  0 -3  1  0  1 -1 -1 -1  0 -1 -1  2  0  0  2 -1  0    7   5   7   5   0   7   6  11   1   4   7   4   2   3  11   4   5   3   2   7  0.08 0.08
  394 L    0  0 -1  0  1 -1 -1 -1 -2  0  1 -1  1  0  1  0  1 -2  0  0   10   7   2   5   3   2   3   5   0   5  17   3   4   5   7   6   8   0   4   6  0.04 0.07
  395 F    0  0  0  0 -3  0  0  0 -2  0 -1  0  1  1  0  0  0  3  1  0    6   6   5   6   0   5   6   6   0   6   6   6   5   5   6   6   6   5   5   6  0.06 0.08
  396 G    1  0  1 -1 -3  1  0  0  1 -1 -1 -1  0 -1  2  1  0  2  0 -1   11   6   8   3   0   6   5   7   3   3   5   3   3   3  11   9   4   3   4   4  0.11 0.13
  397 Q   -1  0  2  0 -3  0  0  0  2 -1  1  0  1  0  1  0  0 -3 -2 -1    5   6  13   6   0   4   4   8   6   3  15   4   4   4   6   4   4   0   0   4  0.08 0.12
  398 V    0 -1 -2  0  1  0 -1 -1 -3  1  2 -1  1  0  0 -1  0 -3 -2  1    9   4   0   5   4   4   4   5   0   9  22   4   4   3   4   3   5   0   0  11  0.08 0.12
  399 V    1 -1  1  1 -2  0 -1 -1  0  1  0 -1  1  0  0  0  0 -3  0  0   15   3   6   9   0   4   3   4   3   9   8   3   4   4   5   5   7   0   3   6  0.04 0.08
  400 R    0  2  0 -1 -3  1  0  1  1 -1 -1  0 -2 -1  1  0  0 -3  0 -1    7  12   3   2   0   7   8  14   4   4   8   4   0   2   7   6   4   0   4   3  0.10 0.13
  401 N    0  0  1 -1 -4 -1 -2 -2  3 -1 -1 -2 -1 -2  3  3  0 -4  0 -1    5   4   8   3   0   2   2   3   8   3   8   1   2   1  15  22   5   0   3   5  0.29 0.29
  402 S    0  0  0 -1  1 -1 -1 -2  1 -1 -1 -1  1  0  3  1 -1 -3  2  0    7   5   4   4   4   3   3   3   3   4   5   3   4   4  13  15   3   0   7   7  0.13 0.17
  403 G    0 -1  1  0 -3  0 -1  2  0 -1  0 -1  0 -1  0  0  0 -3  0 -1    8   3   9   4   0   3   4  19   3   4   9   3   3   3   5   8   5   0   3   4  0.10 0.12
  404 C    2 -2 -2 -1  3 -3  0  0 -4 -2 -2 -2 -4  2  4  0  0 -5 -2 -1   18   2   2   4   7   0   6   7   0   2   3   2   0  10  22   5   4   0   1   3  0.41 0.35
  405 K    1  0  1  2 -4  0  2 -1  1 -4 -1  1 -1 -4  1  1  0 -5 -4 -2   12   6   6  10   0   2  12   4   4   0   5  11   1   0   8  12   4   0   0   3  0.21 0.23
  406 S    1 -2 -1 -1 -1 -1 -2  3 -1 -2 -2 -2 -3 -1  2  1  0 -4 -2  0   12   2   2   3   2   3   2  25   2   2   4   2   0   3  11  10   7   0   1   8  0.27 0.25
  407 S    0  0  0  0  2  1  0  0  2  0 -1  0  1 -2  1  0  0 -3  1  0    6   6   6   6   6   6   6   6   6   6   6   6   6   0   6   6   6   0   6   6  0.05 0.09
  408 A    1  1  0  0 -3 -2  0  0 -2  0 -1 -1 -2  0  1  0  0  2  1  0   12  10   4   5   0   0   5   6   0   4   7   3   0   5   9   6   6   3   5   8  0.07 0.12
  409 P   -1 -1 -2 -2 -5 -4  0 -2 -4  1 -2 -1 -4 -2  6  0  0 -5  1 -1    5   3   2   2   0   0   6   3   0   8   4   3   0   2  41   6   7   0   5   4  0.75 0.49
  410 L    0  0  1 -1  0  0  0 -1  0  0  1  0  0  0  2  1  0 -3 -2  0    6   4   8   2   2   2   5   5   2   5  16   5   2   4   9  13   3   0   0   6  0.06 0.10
  411 P   -1  0  0  0  0  2  2 -2  0 -2 -1 -3 -1 -4  5 -1 -2 -5 -2 -2    6   6   4   4   3   9  15   3   2   2   7   0   1   0  29   3   2   0   2   3  0.50 0.38
  412 H    1  0 -1  0 -1 -1 -1 -2  5 -2 -5 -2 -4 -5  4  2  0 -5 -1 -2   11   5   2   6   2   2   3   2  17   3   0   2   0   0  21  16   4   0   2   2  0.56 0.42
  413 K    0  0  1  0 -2  1  0  0  1  0 -1  0 -1  0  1  0  0 -3 -1  0    6   6   6   6   0   6   6   6   6   6   6   6   0   6   6   6   6   0   0   6  0.05 0.06
  414 R    0  1 -1  0 -3  1 -1 -2 -2  0  1  0  1 -1 -1  0  1 -3  0  0    9   8   2   4   0   7   3   2   0   6  19   5   5   2   3   9   9   0   3   5  0.07 0.13
  415 R    1  1 -1  0 -3  0  1 -2  0 -1 -1  0  0 -1  3 -1  1 -3 -1  0   11  10   2   4   0   3  10   3   2   4   4   6   2   2  15   3   8   0   2   9  0.17 0.16
  416 S    2  0  0  0  0 -2  0 -1  0 -1  0  0 -2 -3  1  0  1 -4 -1  0   22   7   3   5   2   0   4   4   2   4   9   5   0   0   7   7  10   0   2   7  0.11 0.16
  417 R    0  0 -1  0 -3  0  0 -2 -2 -1  0 -1 -2  0  0  0  0  3  4  0    7   5   2   7   0   5   5   2   0   3  12   3   0   4   4   6   6   5  19   6  0.18 0.22
  418 D   -1  0  1  2 -3  1  0 -2  0 -2 -2  1 -2 -2  2  0  1 -1 -1  0    4   5   8  12   0   6   3   1   2   2   3  10   0   2   9   7  11   1   2  10  0.17 0.20
  419 T    0 -1 -2  0 -3  1  0 -2  0 -1  0  1 -1  0  2  1  1 -3 -1 -1    5   3   0   6   0   9   5   3   2   2  12   8   1   5   9  13  12   0   1   4  0.12 0.18
  420 T    2  1  1  1 -3 -1  0 -1  0 -1 -1 -1 -1 -3  0  1  1 -4  0 -1   22   7   8   7   0   2   6   3   2   3   4   2   2   0   3  11  12   0   3   4  0.16 0.21
  421 L    0  0  0  0  2 -1  0  0  2  0  0 -1  1  1  1  0  0 -2  1  0    6   6   6   6   6   0   6   6   6   6   6   0   6   6   6   6   6   0   6   6  0.04 0.09
  422 C    0  0 -1  0  1  0 -1 -1  0 -1 -1  0 -2 -1  2  1  0  2  0  0   10   5   3   4   3   3   3   4   3   4   6   5   0   3  13  12   4   3   3  10  0.10 0.12
  423 C    0 -1  0  1  3  1 -2  0 -2 -1  0 -1  0 -3  0  1  0 -3  0  0    6   3   6  11   7   8   0   6   0   3  11   3   3   0   4  11   6   0   5   8  0.09 0.16
  424 C    0  0 -1 -1  2  0 -1  3 -3 -1  0 -1  0 -1 -1  0  0 -4 -1 -1    6   7   2   3   4   5   3  29   0   4   9   2   3   3   3   5   5   0   2   5  0.21 0.20
  425 A    3 -1 -1 -2  0  0 -3 -1  0 -2 -1 -2 -3 -4  3  2  0 -5 -4  1   26   3   2   2   2   5   0   5   2   2   6   2   0   0  14  15   7   0   0   9  0.33 0.33
  426 H   -1 -2  1  4 -4 -1  1 -1  4 -2 -2 -2 -1 -1  1  0 -1 -4  1 -1    4   2   6  23   0   2   8   4  11   3   4   2   1   3   7   6   4   0   5   4  0.29 0.26
  427 R    0  1 -1 -2 -3  0 -1  1  0  0 -2  0 -2  2  1  0  0 -2  2 -1   10  10   2   1   0   4   3  14   3   5   2   4   0  12   7   7   5   0   7   5  0.12 0.16
  428 Q    0  0  0 -2 -3  2  0 -1 -3  3  0 -1  0 -1  2  0  0 -4 -3  0    8   5   4   1   0  11   6   6   0  20   7   3   2   2  11   5   5   0   0   3  0.16 0.20
  429 Q    1 -1  0  0 -3  1  2  0  0 -1 -1  0 -2 -2  1  1  0 -4 -3 -1   12   3   5   6   0   6  17   8   3   4   5   3   0   2   6  12   5   0   0   3  0.15 0.16
  430 K   -2  0  2  0  2  0  0  0 -2 -1 -1  0  0  0  3  1  0 -3 -2 -1    0   4  11   4   6   4   6   8   0   5   4   6   4   6  15  10   5   0   0   4  0.16 0.16
  431 I    0  1  0  1 -3 -1 -1 -1 -2  1 -1  0  1 -2  2  0  0 -3  1  0   10   8   5  11   0   0   0   4   0  12   5   7   4   0  11   8   4   0   5   6  0.10 0.14
  432 A    1 -2  0 -2 -2  0  0  0 -2  0  0  0 -1  0  2  0  0 -2  0  1   17   0   6   0   0   5   5   7   0   5  10   5   0   4  11   7   5   0   4  11  0.09 0.11
  433 A    1  0  0  0  2  0 -1  0 -2  0 -1  0 -1 -3  1  2  1 -3 -3  0    8   4   4   4   6   6   0   8   0   5   5   6   0   0   6  22   7   0   0   8  0.12 0.15
  434 F    0 -1  0 -1 -3  1  0 -1 -1  0 -1 -1  1  1  1  0  0  2  2  0    6   3   6   3   0   6   5   5   0   5   4   3   6   7   8   8   4   3  10   8  0.07 0.11
  435 A    0 -1  1 -2 -3  0 -1 -1  1 -1 -1 -1  0 -1  2  2  2 -3  0 -1    9   3   7   0   0   3   4   4   4   2   5   3   3   3  11  19  13   0   3   3  0.18 0.20
  436 G   -1  0 -1 -3  0  1 -1  1  3 -1  1  0  2 -2 -1  0  0  2 -1 -1    2   5   2   0   2   6   4  12  11   3  14   6   6   0   3   7   7   3   2   4  0.11 0.16
  437 S    0  0  2  2 -4  0 -2 -1 -3 -1 -4  0 -3 -4  3  2  0 -4 -4  0    9   5   9  14   0   5   0   5   0   3   1   5   0   0  13  16   6   0   0   6  0.30 0.26
  438 R    0  0  1  0 -2  1 -1  0  2  0 -1  0 -1  0  1  0  0 -3 -1  0    7   7   7   7   0   7   0   7   6   7   7   7   0   6   7   7   7   0   0   7  0.05 0.08
  439 I    0  0  0 -2  2  0  0  0  2  0 -1  0  1  0  0  0  0 -2  1  0    6   6   5   0   5   5   6   6   5   6   6   6   5   5   6   6   6   0   5   6  0.04 0.08
  440 I    0  1  1  0 -2  1 -1  0 -2  0  0  0  1 -2  1  0  0 -3 -2  0    7   7   7   7   0   7   0   7   0   7   7   7   7   0   7   7   7   0   0   7  0.07 0.09
  441 F    1 -1  0 -3  1  0 -1 -1 -2  1 -1 -1  0  2  0  0  1  2  2  0   11   4   6   0   3   4   3   4   0  11   5   3   3  10   4   4   8   3   7   5  0.07 0.12
  442 S    2  1  0 -2  3  0  0  1 -2 -2 -1  0  0 -3  0  1  1 -3 -3 -1   17   8   4   0   7   4   6  12   0   0   6   5   4   0   4  12   8   0   0   3  0.16 0.18
  443 R    0  1  1  0 -3  1  0 -2  2  0  0  0  1  1 -2  0  0 -2  1 -1    7   7   7   7   0   7   7   0   6   7   7   7   6   6   0   7   7   0   6   0  0.08 0.12
  444 H    0  0  0 -1  1  1 -1 -1  3  0 -1  0  0  0  2  0 -2 -3  0  0    6   4   4   3   3   7   4   4   9   5   5   4   3   5  12   8   0   0   3   9  0.11 0.14
  445 V   -1  1  0  1 -3  2  2 -1  3 -2 -1  0 -2 -1 -3  2 -1 -4 -1  0    3   7   3   7   0   9  13   3   9   2   8   4   0   2   0  17   3   0   2   7  0.19 0.22
  446 I   -1  1  0  0 -3  1  0 -3  1  0  0  1  1 -1  2  0  0  1 -1 -1    4   9   5   4   0   7   6   0   3   7   9   7   4   2  12   9   5   2   2   3  0.12 0.13
  447 Q    1 -2  2  1  1  2  0 -1  2 -1  0 -1  1  0 -3  0 -1 -3  0 -1   12   0  10   7   3  10   3   4   6   4   8   3   6   4   0   8   3   0   3   4  0.09 0.14
  448 V    0 -1 -2 -3  1  0 -1  0  1  1  2 -1  1  1 -3  0 -1 -3 -2  0    8   4   0   0   4   4   4   7   5   8  26   5   3   7   0   6   4   0   0   6  0.11 0.15
  449 V    0 -2 -2  0  2  0  0 -1  2  0 -1  0  1  1  0  0  0  3  1  0    6   0   0   6   5   5   6   6   5   6   6   6   5   5   6   6   6   5   5   6  0.07 0.13
  450 V    0  0  0  0 -2  1  0  0  2  0  0  0  1  0 -2  0  0 -2  1  0    6   6   6   6   0   6   6   6   6   6   6   6   6   6   0   6   6   0   6   6  0.04 0.07
  451 V    0  0  1  0  2 -1 -2  0 -2  0  0 -1  1  1 -2  0  0 -2  1  0    7   7   7   7   7   0   0   7   0   7   7   0   7   7   0   7   7   0   7   7  0.05 0.10
  452 C    0  0  1  0  2 -1  0  0  2  0 -1  0 -1  1 -2  0  0 -2  1  0    6   6   6   6   6   0   6   6   6   6   6   6   0   6   0   6   6   0   6   6  0.03 0.08
  453 A    3 -1  0  0 -3 -2 -1  0  1 -2 -1 -2  1  0  1  1  1 -3  1 -1   28   4   5   5   0   0   4   5   3   0   4   0   4   3   5   9   8   0   6   4  0.15 0.20
  454 A    1  0  0  1 -2  0  0  1  0 -1 -1 -1  0  0  0  0  1 -3 -2  0   15   5   4  11   0   4   3  10   3   4   5   0   3   5   5   3  10   0   0   9  0.07 0.11
  455 R    0  4  1  1 -4 -2  0  1 -3 -4 -3  0 -3 -4 -1  1  1  1 -3 -4    6  30   6   7   0   0   5  12   0   0   3   3   0   0   3  14   8   2   0   0  0.40 0.32
  456 R   -1  4 -1 -3 -3 -1 -2  0 -3  0  0  0  0  1 -3  0  1 -4 -2  1    4  27   2   0   0   2   0   8   0   7   7   4   3   6   0   7  12   0   0  11  0.25 0.25
  457 R   -1  4  3  1 -4  0 -1 -3 -2  2 -1 -1  1 -1 -3  0 -1 -4 -3 -1    4  24  16   8   0   3   4   0   0  13   5   0   4   3   0   8   4   0   0   3  0.31 0.29
  458 R   -1  5  1 -1  1  0 -1 -4  0 -3 -1  0 -1 -1  0 -1  0  0  0 -2    4  38   9   3   3   4   3   0   2   1   7   4   2   3   5   3   5   2   3   2  0.43 0.32
  459 A    0  1  1  1 -2 -1  0  0 -1  0  0  0 -1  0 -2  0  0 -2 -1  0    8   8   7   8   0   0   8   8   0   8   8   8   0   7   0   8   8   0   0   8  0.04 0.06
  460 D    0  1  1  1 -3  1  0 -2  2  0  0  0 -1  1  1 -1 -1 -2  1  0    7   7   7   7   0   7   7   0   7   7   7   7   0   7   7   0   0   0   7   7  0.08 0.11
  461 I   -1 -1 -2  0 -2  0 -1 -1 -1  1  0  0  1  0 -3  1  3 -3 -1  0    3   3   0   4   0   6   2   4   1  12  10   5   5   4   0  10  23   0   2   5  0.12 0.17
  462 Q   -1  2  2  1 -3  1  0 -1 -2 -2 -1  0  1 -3  0  2  1 -3 -1 -1    0  12   9   6   0   5   5   4   0   1   8   5   4   0   3  24   7   0   3   3  0.17 0.19
  463 S   -1 -3  0  0 -4  1 -1 -1 -3 -2 -4  0 -3 -1 -3  1  5 -4  2 -3    3   0   4   5   0   6   4   4   0   2   0   7   0   2   0  10  45   0   9   0  0.58 0.43
  464 E   -2  0  0  3 -4  0  2  1 -3  0 -1 -1 -2 -3 -3  1  1  3 -3 -2    0   6   2  23   0   3  14  10   0   5   8   2   0   0   0   9  12   5   0   2  0.28 0.25
  465 T   -2 -3 -1 -3 -3 -2  0 -2  1  0 -1 -1 -2  0  0  0  5 -4 -3  2    0   0   3   0   0   0   6   3   4   6   6   4   0   4   5   4  41   0   0  14  0.41 0.35
  466 Y    1 -3  1  3 -4 -1  0 -2 -1 -2 -2 -3 -3  1 -2 -2 -1 -2  6 -2   14   0   6  20   0   2   5   2   1   2   3   0   0   5   2   2   4   0  31   1  0.53 0.38
  467 V   -1 -3 -2 -1 -3 -1 -1 -1 -3  3  0  0  1 -3  1 -2  0 -4 -3  4    3   0   1   4   0   2   5   4   0  17   8   8   3   0   7   1   4   0   0  33  0.28 0.25
  468 L    0  1  0 -3 -2  0 -1 -3  1  1  2  0  1  1 -3  0  0 -2  1  0    9  12   4   0   0   4   2   0   3   7  22   4   4   5   0   8   5   0   6   5  0.10 0.14
  469 M    0 -1 -2 -1 -3 -1  0 -2 -3 -1  2 -1  2 -2  3  0  2  2 -3 -1    8   2   0   2   0   1   8   2   0   2  22   2   7   0  15   8  13   4   0   3  0.24 0.23
  470 E   -3  3  0  0 -4  1  4 -2 -2  1 -1  0 -3 -3 -3 -1  0 -4  1 -3    0  16   4   3   0   4  35   2   0  11   5   5   0   0   0   4   6   0   5   0  0.42 0.34
  471 P   -2 -1 -1 -4 -5 -4 -4 -1 -4 -2 -2 -3 -3  4  7 -2 -2 -4 -3 -2    2   3   3   0   0   0   0   4   0   2   4   0   0  17  56   3   2   0   0   3  1.30 0.54
  472 G    2 -3  0 -1 -3 -2  1  5 -3 -4 -2 -2 -3 -4 -3  0 -1 -4 -1 -3   23   0   4   2   0   0  10  44   0   0   4   0   0   0   0   4   3   0   3   0  0.64 0.34
  473 E   -1  0 -1  2 -4  2  2 -3 -2  1 -2  2 -1  1 -3  0 -2  2 -2 -1    3   5   2  13   0  12  14   0   0  14   0  15   1   9   0   5   0   3   0   3  0.25 0.23
  474 E    1  3 -1  2 -4 -2  0 -2 -2 -3 -1 -1 -2  4 -3  1 -2 -2  1 -3   12  22   2  11   0   0   7   2   0   0   3   1   0  26   0  11   1   0   3   0  0.37 0.29
  475 E    1 -1  0  1 -3  0  3 -2 -2 -3 -2  1 -2  0  0  0  1 -3  0 -1   17   1   2   7   0   2  27   0   0   0   2  10   0   6   4   4  10   0   3   3  0.25 0.20
  476 E   -1  2  0  2 -3  2  2 -2 -1 -2 -3  2 -2  1  2 -1 -1 -3 -2 -2    2  13   4  11   0   9  16   1   0   1   1  12   0  10  10   2   4   0   0   3  0.27 0.17
  477 F   -2  3  0  1 -3 -2 -2 -3 -2  0  0 -1 -1  5 -3 -2  0 -2  0 -2    1  18   6  10   0   1   1   1   0   5   7   4   0  35   1   1   7   0   0   1  0.42 0.25
  478 V    1 -2 -2 -3 -2 -2 -2 -3 -2  1  2 -1  0  3 -2 -1  0 -2 -1  2   11   1   1   1   0   1   1   1   0   7  24   4   0  14   1   5   4   0   1  22  0.21 0.15
  479 S   -1 -3 -1  1 -3 -2  1 -3 -3 -3 -3 -1 -3 -4 -3  2  6 -4 -3 -2    2   0   1   6   0   0   8   1   0   0   1   3   0   0   0  17  59   0   0   0  0.87 0.42
  480 K    0  0 -2 -2 -2 -1  2 -3 -2  0  0  0 -1  0 -2 -1  2  3  0  1    9   6   0   0   0   1  16   1   0   6  10   8   0   3   0   1  22   4   2  10  0.15 0.15
  481 E   -1  0 -2  1 -4  0  3 -3 -1 -4 -1  5 -1 -4 -3 -2 -1 -4 -3 -3    3   0   0   6   0   1  25   0   1   0   5  52   2   0   0   0   2   0   0   0  0.76 0.36
  482 E   -2 -2  2  2 -3  0  4 -3 -2  0 -2 -1 -1 -3 -3 -2  0 -4 -3  2    0   1  11  11   0   3  35   0   0   7   0   1   1   0   0   0   6   0   0  21  0.43 0.26
  483 L   -3 -4 -4 -1 -3 -2 -4 -5 -4  4  4 -4  2 -2 -4 -4 -2 -4 -3  1    0   0   0   5   0   2   0   0   0  30  53   0   5   0   0   0   0   0   0   3  0.75 0.34
  484 E   -3  2 -1  5 -4  0  0  0 -2 -1 -4  3 -2 -4 -3 -2 -2 -5 -4 -3    0  14   0  44   0   3   4   6   0   5   0  20   1   0   0   0   0   0   0   0  0.71 0.32
  485 G    1 -3 -1 -1 -3 -2 -2  4 -3 -1 -2 -1 -1 -1 -3  1  0 -3 -3  0   12   0   1   2   0   0   2  44   0   5   1   3   1   3   0   8   7   0   0   7  0.43 0.20
  486 R    0  3  1 -1 -3  1  0 -2 -1 -1 -1  3 -2 -3 -1  0  0 -3 -1  0    5  23   8   2   0   4   6   0   0   2   4  20   0   0   2   7   7   0   2   9  0.24 0.15
  487 L   -2 -3 -3 -4 -3 -1 -4 -5 -4  3  4 -3  0 -1 -4 -3 -1 -3 -1  3    0   1   1   0   0   3   0   0   0  16  51   0   0   0   0   0   2   0   2  23  0.62 0.28
  488 R    0  2 -1  0 -3 -1 -1  1 -2 -3 -3  4 -3 -4 -3  0  3 -4 -3 -3    5  12   0   4   0   0   0  12   0   0   0  37   0   0   0   6  23   0   0   0  0.50 0.28
  489 G    0 -1  1 -1 -4 -2 -2  6 -3 -5 -5 -3 -4 -4  0  0 -2 -1  0 -4    6   4   5   3   0   1   1  65   0   0   0   0   0   0   4   5   1   1   5   0  0.94 0.34
  490 W   -2 -3 -5 -5 -4  0 -1 -4 -4 -4 -3 -2  1 -2  0 -2 -4 11  1 -5    4   1   0   0   0   4   5   0   0   0   1   2   4   0   4   4   0  67   2   0  2.39 0.62
  491 L   -4 -4 -5 -5 -4 -5 -5 -5 -3  2  3 -5 -1  7 -5 -4 -3 -2  2  0    0   0   0   0   0   0   0   0   0  13  27   0   0  53   0   0   0   0   4   3  1.11 0.39
  492 E   -3  0 -2  2 -5  2  6 -3 -2 -5 -5  0 -4 -4 -3  0 -2 -4  0 -4    0   5   0   7   0   5  70   1   0   0   0   4   0   0   0   4   0   0   3   0  1.07 0.39
  493 R   -1  6  5 -1 -2 -1 -2 -3 -2 -5 -4  1 -3 -5 -4 -1 -2 -5 -4 -4    6  51  32   3   1   0   0   0   0   0   0   6   0   0   0   1   0   0   0   0  1.00 0.38
  494 W   -3 -3  0 -3 -3 -3 -3 -3 -3  3  2  0 -1  0 -3 -3 -2  9 -1 -1    1   1   5   1   0   1   1   1   0  20  26   7   0   3   1   1   1  31   0   1  0.86 0.27
  495 P   -3 -4 -4 -3 -4 -3 -3 -4 -4 -4 -4 -1  2 -5  8 -3 -1 -5 -4 -4    0   0   0   0   0   0   0   0   0   0   0   5   6   0  82   0   4   0   0   0  2.14 0.51
  496 G    0 -1  2 -2 -3 -2  0  5 -2 -4 -3 -2 -3 -2 -3  1 -1 -4 -3 -3    7   3  15   0   0   0   8  50   0   0   3   0   0   2   0   8   1   0   0   2  0.62 0.23
  497 G    0 -1  2  1 -3  1  1 -1 -2 -3 -2  1 -2 -4  0  0  3 -4 -3 -2    9   1  11   9   0   5   7   2   0   0   1  10   0   0   5   4  32   0   0   2  0.30 0.18
  498 E    2  2  0  2 -3  0  3 -2  0 -3 -3  0 -2 -4 -2  1  1 -4 -3 -2   23  13   3  12   0   2  22   0   2   0   0   3   0   0   1   9  12   0   0   0  0.34 0.18
  499 L   -2 -1 -3 -4 -3 -1 -2 -4 -2  1  3 -3  0  5 -2 -2 -2 -1  2  0    2   5   0   0   0   3   2   0   0   6  33   0   0  32   2   1   0   0   8   4  0.46 0.21
  500 P   -2 -2  3  3 -4 -2  0 -3 -2 -3 -2 -2  0  0  5 -1 -2 -4 -1 -2    0   0  22  23   0   0   4   0   0   0   5   0   3   4  29   2   0   0   2   3  0.66 0.25
  501 P   -2  1  5  1 -4  0 -1 -2 -2 -3 -3 -1 -3  0  4 -1  0 -4 -3 -1    0   7  34   8   0   4   0   1   0   0   2   2   0   6  24   1   6   0   0   5  0.57 0.24
  502 D   -1 -3  1  6 -5 -2  2 -1 -1 -4 -5  0 -4 -5 -3 -2  0 -5 -4 -4    6   0   3  64   0   0   9   5   2   0   0   4   0   0   0   0   8   0   0   0  1.02 0.35
  503 L   -2  0 -1 -3 -3  1 -2  2  2  0  2  0  0  0 -3 -2 -1 -3 -2  0    0   4   3   0   0   7   0  19   6   4  35   8   1   5   0   0   3   0   0   4  0.18 0.15
  504 A    2 -3 -3 -3 -2 -2 -3 -1 -3  1  3 -3  0  3 -3 -2 -1 -2  1  0   28   0   0   0   0   1   0   5   0   6  34   0   0  13   0   0   1   0   4   4  0.30 0.18
  505 R   -2  4  0 -1 -4  1  3 -1 -2 -3 -3  4 -3  0 -3 -1 -1 -4 -2 -3    1  23   3   0   0   3  21   5   0   1   0  34   0   6   0   1   3   0   0   0  0.55 0.25
  506 F   -3 -4 -4 -2 -3 -4 -4 -5 -3  3 -1 -4 -1  5 -4 -3  0 -2  1  4    0   0   0   3   0   0   0   0   0  16   0   0   0  37   0   0   6   0   2  35  0.73 0.31
  507 D   -1 -2 -2  0 -4 -1  1  1 -3 -4 -3 -1  2 -4  6 -1 -2 -5 -4 -3    4   1   1   5   0   1  12  11   0   0   0   3   9   0  47   4   0   0   0   1  0.93 0.30
  508 T   -2 -3  0  0 -3 -2  0 -3 -3 -3 -3 -2 -3 -4 -3  0  6 -5 -4 -1    1   0   4   4   0   0   6   0   0   0   0   0   0   0   0   4  77   0   0   4  1.09 0.44
  509 V   -2 -4 -4 -5 -3 -4 -4 -5 -3  2  4 -4  0  2 -4 -3 -1 -2  2  1    1   0   0   0   0   0   0   0   0  14  56   0   0  11   0   0   2   0   7  10  0.63 0.24
  510 D    0 -2 -1  5 -4  2  3 -3 -1 -4 -4 -1 -3 -4 -3  0  0 -5 -4 -3    8   0   0  48   0  10  18   0   1   0   0   2   0   0   0   6   6   0   0   2  0.74 0.27
  511 D   -1  1 -1  5 -5  0  5 -3 -2 -5 -5 -1 -4 -5 -3 -2 -3 -5 -4 -4    5   7   0  33   0   0  56   0   0   0   0   0   0   0   0   0   0   0   0   0  1.11 0.37
  512 A    3 -4 -4 -4 -2 -3 -3 -3 -4  3 -1 -3 -1  2 -3 -2 -2 -3 -2  4   35   0   0   0   0   0   0   0   0  22   0   0   0   9   0   0   0   0   0  34  0.55 0.26
  513 V   -2 -4 -5 -5 -3 -4 -4 -5 -5  5  2 -4  0 -2 -4 -4 -2 -4 -3  4    1   0   0   0   0   0   0   0   0  54  17   0   0   0   0   0   0   0   0  28  0.89 0.30
  514 S   -1 -2  1  5 -3  1  1 -2 -2 -4 -3  0 -2 -3 -2  3  1 -4 -3 -3    2   0   5  36   0   5   8   0   0   0   1   7   1   1   0  27   7   0   0   0  0.56 0.23
  515 Y    0 -1 -1 -1 -1 -1 -1 -1  3 -1 -1 -1 -1  4 -1 -1 -1  0  3 -1    9   3   2   3   1   2   3   4  10   3   5   3   1  29   3   4   3   1  10   3  0.21 0.06
  516 L   -3 -4 -5 -5 -3 -4 -5 -5 -5  2  6 -4  0 -1 -5 -4 -3 -3 -3 -1    0   0   0   0   0   0   0   0   0   8  92   0   0   0   0   0   0   0   0   0  1.18 0.35
  517 V   -2 -4  1 -4 -3 -4 -4 -5 -4  1  0 -4 -1 -3 -4 -3 -2 -5 -3  6    0   0   9   0   0   0   0   0   0   3   2   0   0   0   0   0   0   0   0  86  1.03 0.34
  518 R   -2  3 -1 -2 -4  4  0 -3 -2 -4 -4  5 -2 -4 -3  1 -1 -4 -3 -4    0  14   0   0   0  22   0   0   0   0   0  50   0   0   0  13   1   0   0   0  0.79 0.27
  519 S    0 -1 -1  0 -3  5  2 -2 -2 -4 -3 -1 -2 -2 -2  4 -1 -4 -1 -3    5   0   0   4   0  36  10   0   0   0   1   1   0   2   0  38   1   0   1   0  0.60 0.25
  520 V   -1 -4 -4 -5 -2 -4 -4 -4 -4  2  0 -4 -1 -2 -4 -3 -1 -4  0  6    4   0   0   0   0   0   0   0   0   4   4   0   0   0   0   0   1   0   3  84  0.95 0.30
  521 C    0 -1  0 -1  7 -1 -1  1 -1 -1 -1 -1 -1 -1 -1  0 -1 -1 -1 -1    4   3   4   3  35   2   3  13   1   3   4   3   1   2   3   9   3   1   2   3  0.40 0.08
  522 E   -1 -1 -2  0 -5  1  6 -3 -2 -4 -4  1 -3 -5 -3 -2 -2 -4 -4 -3    6   0   0   0   0   4  80   0   0   0   0   9   0   0   0   0   0   0   0   2  1.15 0.33
  523 L    2 -1 -3 -3 -2 -1 -2 -2 -3  0  3  0  0 -1 -3 -1 -1 -3 -2  0   29   1   0   0   0   2   0   0   0   0  52   8   0   0   0   0   3   0   0   2  0.34 0.16
  524 E    0  0 -1  2 -4  1  6 -3 -2 -4 -4 -1 -3 -5 -3  0 -2 -4 -3 -4    8   3   0  11   0   3  71   0   0   0   0   0   0   0   0   4   0   0   0   0  0.97 0.28
  525 V   -2 -3 -2 -3 -2  0 -2 -4 -3  4  0 -2 -1 -2 -3 -1  5 -4 -3  2    0   0   0   0   0   5   0   0   0  33   3   0   0   0   0   0  50   0   0  10  0.57 0.21
  526 D   -1 -3 -1  4 -4 -2  0  5  0 -5 -5  0 -4 -4 -3 -1 -2 -4 -3 -4    2   0   0  30   0   0   3  56   3   0   0   5   0   0   0   0   0   0   1   0  0.87 0.20
  527 G   -2  5 -1 -2 -4  0 -2  4 -2 -3 -4  2 -3 -4 -3 -2 -2 -4 -3 -4    0  43   0   0   0   4   0  39   0   1   0  13   0   0   0   0   0   0   0   0  0.78 0.20
  528 E   -2  0  1  4 -4  1  3 -3 -2 -4 -4  4 -3 -4 -2 -1 -1 -4 -3 -4    0   1   4  29   0   5  17   0   0   0   0  42   0   0   0   0   2   0   0   0  0.67 0.19
  529 V   -2 -4 -4 -4 -2 -4 -4 -5 -5  6  0 -4  0 -2 -4 -3 -2 -4 -3  4    0   0   0   0   0   0   0   0   0  62   1   0   0   0   0   0   0   0   0  37  0.91 0.24
  530 G   -1 -4 -2 -3 -4 -3 -4  7 -4 -5 -5 -3 -4 -5 -4 -2 -3 -4 -5 -5    0   0   0   0   0   0   0 100   0   0   0   0   0   0   0   0   0   0   0   0  1.78 0.32
  531 S    1 -1  0 -1 -1 -1 -1 -1 -1 -3 -3 -1 -2 -3 -1  5  1 -3 -2 -2    0   0   0   0   0   0   0   0   0   0   0   0   0   0   0 100   0   0   0   0  0.70 0.08
  532 V   -1 -3 -4 -4 -1 -3 -3 -4 -4  4  1 -3  1 -1 -3 -2 -1 -3 -2  4    0   0   0   0   0   0   0   0   0  48   8   0   0   0   0   0   0   0   0  44  0.46 0.05
  533 Q   -1  0 -1 -1 -4  7  1 -3  0 -4 -3  1 -1 -4 -2 -1 -1 -3 -2 -3    0   0   0   0   0 100   0   0   0   0   0   0   0   0   0   0   0   0   0   0  1.03 0.10
  534 W   -3 -4 -5 -5 -3 -3 -4 -3 -3 -4 -3 -4 -2  0 -5 -4 -3 12  2 -4    0   0   0   0   0   0   0   0   0   0   0   0   0   0   0   0   0 100   0   0  2.98 0.14
  535 Y   -2 -2 -3 -4 -3 -2 -3 -4  1 -2 -2 -3 -2  3 -4 -2 -2  2  8 -2    0   0   0   0   0   0   0   0   0   0   0   0   0   6   0   0   0   0  94   0  1.25 0.10
  536 Q    0  0 -1  0 -4  5  4 -2  0 -3 -3  1 -2 -4 -2  0 -1 -3 -2 -3    5   0   0   0   0  51  44   0   0   0   0   0   0   0   0   0   0   0   0   0  0.71 0.06
  537 V   -1 -3 -4 -4 -1 -3 -3 -4 -4  2  0 -3  0 -1 -3 -2 -1 -3 -2  5    0   0   0   0   0   0   0   0   0   3   0   0   0   0   0   0   0   0   0  97  0.59 0.07
  538 Q   -2  6 -1 -2  0  2  1 -3 -1 -3 -3  2 -2 -3 -2 -1 -1 -3 -2 -3    0  75   0   0   4  13   6   0   0   0   0   0   0   0   0   2   0   0   0   0  0.73 0.06
  539 L   -2 -3 -4 -4 -2 -3 -3 -4 -3  1  5 -3  2  0 -3 -3 -2 -2 -2  1    0   0   0   0   0   0   0   0   0   0  97   0   0   0   0   0   0   0   0   3  0.63 0.06
  540 E   -1 -1 -1  2 -4  2  6 -3 -1 -4 -3  0 -3 -4 -2 -1 -1 -3 -3 -3    0   0   0   6   0   4  90   0   0   0   0   0   0   0   0   0   0   0   0   0  0.90 0.07

                      K         Lambda
Standard Ungapped    0.1373     0.3216
Standard Gapped      0.0410     0.2670
PSI Ungapped         0.1299     0.3175
PSI Gapped           0.0397     0.2670
