
Last position-specific scoring matrix computed, weighted observed percentages rounded down, information per position, and relative weight of gapless real matches to pseudocounts
           A  R  N  D  C  Q  E  G  H  I  L  K  M  F  P  S  T  W  Y  V   A   R   N   D   C   Q   E   G   H   I   L   K   M   F   P   S   T   W   Y   V
    1 M   -1 -1 -2 -3 -1  0 -2 -3 -2  1  2 -1  5  0 -2 -1 -1 -1 -1  1    0   0   0   0   0   0   0   0   0   0   0   0   0   0   0   0   0   0   0   0  0.00    0.00
    2 Q   -1  1  0  0 -3  5  2 -2  0 -3 -2  1  0 -3 -1  0 -1 -2 -1 -2    0   0   0   0   0   0   0   0   0   0   0   0   0   0   0   0   0   0   0   0  0.00    0.00
    3 H   -2  0  1 -1 -3  0  0 -2  7 -3 -3 -1 -2 -1 -2 -1 -2 -2  2 -3    0   0   0   0   0   0   0   0   0   0   0   0   0   0   0   0   0   0   0   0  0.00    0.00
    4 R   -1  5  0 -2 -3  1  0 -2  0 -3 -2  2 -1 -3 -2 -1 -1 -3 -2 -2    0   0   0   0   0   0   0   0   0   0   0   0   0   0   0   0   0   0   0   0  0.00    0.00
    5 T    0 -1  0 -1 -1 -1 -1 -2 -2 -1 -1 -1 -1 -2 -1  1  5 -2 -2  0    0   0   0   0   0   0   0   0   0   0   0   0   0   0   0   0   0   0   0   0  0.00    0.00
    6 A    4 -1 -2 -2  0 -1 -1  0 -2 -1 -1 -1 -1 -2 -1  1  0 -3 -2  0    0   0   0   0   0   0   0   0   0   0   0   0   0   0   0   0   0   0   0   0  0.00    0.00
    7 S    1 -1  1  0 -1  0  0  0 -1 -2 -2  0 -1 -2 -1  4  1 -3 -2 -2    0   0   0   0   0   0   0   0   0   0   0   0   0   0   0   0   0   0   0   0  0.00    0.00
    8 D   -2 -2  1  6 -3  0  1 -1 -1 -3 -4 -1 -3 -3 -1  0 -1 -4 -3 -3    0   0   0   0   0   0   0   0   0   0   0   0   0   0   0   0   0   0   0   0  0.00    0.00
    9 Q   -1  1  0  0 -3  5  2 -2  0 -3 -2  1  0 -3 -1  0 -1 -2 -1 -2    0   0   0   0   0   0   0   0   0   0   0   0   0   0   0   0   0   0   0   0  0.00    0.00
   10 E   -1  0  0  1 -4  2  5 -2  0 -3 -3  1 -2 -3 -1  0 -1 -3 -2 -2    0   0   0   0   0   0   0   0   0   0   0   0   0   0   0   0   0   0   0   0  0.00    0.00
   11 N   -2  0  6  1 -3  0  0  0  1 -3 -3  0 -2 -3 -2  1  0 -4 -2 -3    0   0   0   0   0   0   0   0   0   0   0   0   0   0   0   0   0   0   0   0  0.00    0.00
   12 E   -1  0  0  1 -4  2  5 -2  0 -3 -3  1 -2 -3 -1  0 -1 -3 -2 -2    0   0   0   0   0   0   0   0   0   0   0   0   0   0   0   0   0   0   0   0  0.00    0.00
   13 G    0 -2  0 -1 -2 -2 -2  6 -2 -4 -4 -2 -3 -3 -2  0 -2 -2 -3 -3    0   0   0   0   0   0   0   0   0   0   0   0   0   0   0   0   0   0   0   0  0.00    0.00
   14 L   -1 -2 -3 -4 -1 -2 -3 -4 -3  2  4 -2  2  0 -3 -2 -1 -2 -1  1    0   0   0   0   0   0   0   0   0   0   0   0   0   0   0   0   0   0   0   0  0.00    0.00
   15 G    0 -2  0 -1 -2 -2 -2  6 -2 -4 -4 -2 -3 -3 -2  0 -2 -2 -3 -3    0   0   0   0   0   0   0   0   0   0   0   0   0   0   0   0   0   0   0   0  0.00    0.00
   16 A    4 -1 -2 -2  0 -1 -1  0 -2 -1 -1 -1 -1 -2 -1  1  0 -3 -2  0    0   0   0   0   0   0   0   0   0   0   0   0   0   0   0   0   0   0   0   0  0.00    0.00
   17 K   -1  2  0 -1 -3  1  1 -2 -1 -3 -2  4 -1 -3 -1  0 -1 -3 -2 -2    0   0   0   0   0   0   0   0   0   0   0   0   0   0   0   0   0   0   0   0  0.00    0.00
   18 V    0 -2 -3 -3 -1 -2 -2 -3 -3  3  1 -2  1 -1 -2 -2  0 -3 -1  4    0   0   0   0   0   0   0   0   0   0   0   0   0   0   0   0   0   0   0   0  0.00    0.00
   19 P   -1 -2 -2 -1 -3 -1 -1 -2 -2 -3 -3 -1 -2 -4  7 -1 -1 -4 -3 -2    0   0   0   0   0   0   0   0   0   0   0   0   0   0   0   0   0   0   0   0  0.00    0.00
   20 H   -2  0  1 -1 -3  0  0 -2  7 -3 -3 -1 -2 -1 -2 -1 -2 -2  2 -3    0   0   0   0   0   0   0   0   0   0   0   0   0   0   0   0   0   0   0   0  0.00    0.00
   21 S    1 -1  1  0 -1  0  0  0 -1 -2 -2  0 -1 -2 -1  4  1 -3 -2 -2    0   0   0   0   0   0   0   0   0   0   0   0   0   0   0   0   0   0   0   0  0.00    0.00
   22 S    1 -1  1  0 -1  0  0  0 -1 -2 -2  0 -1 -2 -1  4  1 -3 -2 -2    0   0   0   0   0   0   0   0   0   0   0   0   0   0   0   0   0   0   0   0  0.00    0.00
   23 H   -2  0  1 -1 -3  0  0 -2  7 -3 -3 -1 -2 -1 -2 -1 -2 -2  2 -3    0   0   0   0   0   0   0   0   0   0   0   0   0   0   0   0   0   0   0   0  0.00    0.00
   24 S    1 -1  1  0 -1  0  0  0 -1 -2 -2  0 -1 -2 -1  4  1 -3 -2 -2    0   0   0   0   0   0   0   0   0   0   0   0   0   0   0   0   0   0   0   0  0.00    0.00
   25 S    1 -1  1  0 -1  0  0  0 -1 -2 -2  0 -1 -2 -1  4  1 -3 -2 -2    0   0   0   0   0   0   0   0   0   0   0   0   0   0   0   0   0   0   0   0  0.00    0.00
   26 V    0 -2 -3 -3 -1 -2 -2 -3 -3  3  1 -2  1 -1 -2 -2  0 -3 -1  4    0   0   0   0   0   0   0   0   0   0   0   0   0   0   0   0   0   0   0   0  0.00    0.00
   27 S    1 -1  1  0 -1  0  0  0 -1 -3 -3  0 -2 -3 -1  4  1 -3 -2 -2    0   0   0   0   0   0   0   0   0   0   0   0   0   0   0 100   0   0   0   0  0.46 0.00
   28 H   -1  0  0 -1 -3  4  1 -2  6 -3 -3  0 -1 -2 -2 -1 -1 -2  1 -3    0   0   0   0   0  50   0   0  50   0   0   0   0   0   0   0   0   0   0   0  0.57 0.00
   29 H   -2  0  1 -1 -3  0  0 -2  8 -4 -3 -1 -2 -1 -2 -1 -2 -3  2 -3    0   0   0   0   0   0   0   0 100   0   0   0   0   0   0   0   0   0   0   0  0.87 0.00
   30 R   -1  4 -1 -2 -3  0 -1 -2 -1 -3 -3  1 -2 -3  6 -1 -1 -3 -2 -3    0  50   0   0   0   0   0   0   0   0   0   0   0   0  50   0   0   0   0   0  0.98 0.00
   31 D   -1 -1  1  5 -4  1  4 -2 -1 -3 -3  0 -3 -4 -1  0 -1 -4 -3 -3    0   0   0  50   0   0  50   0   0   0   0   0   0   0   0   0   0   0   0   0  0.69 0.00
   32 R   -2  4 -2 -3 -2  0 -1 -3 -1  0  2  1  1 -1 -3 -2 -1 -2 -1  0    0  50   0   0   0   0   0   0   0   0  50   0   0   0   0   0   0   0   0   0  0.29 0.00
   33 D   -1 -2  0  4 -2 -1  0 -2 -2  1 -1 -2 -1 -2 -2 -1 -1 -4 -2  2    0   0   0  50   0   0   0   0   0   0   0   0   0   0   0   0   0   0   0  50  0.29 0.00
   34 V   -1 -3 -3 -4 -1 -2 -3 -4 -3  2  3 -3  2  0 -3 -2 -1 -2 -1  3    0   0   0   0   0   0   0   0   0   0  50   0   0   0   0   0   0   0   0  50  0.32 0.00
   35 S    1 -1  1  0 -1  0  0  0 -1 -3 -3  0 -2 -3 -1  4  1 -3 -2 -2    0   0   0   0   0   0   0   0   0   0   0   0   0   0   0 100   0   0   0   0  0.46 0.00
   36 N   -2 -1  6  1 -3  0  0  0  1 -4 -4  0 -2 -3 -2  1  0 -4 -2 -3    0   0 100   0   0   0   0   0   0   0   0   0   0   0   0   0   0   0   0   0  0.73 0.00
   37 I   -2 -1 -1 -2 -2 -1 -1 -3  6  2  0 -2  0 -1 -3 -2 -1 -3  1  1    0   0   0   0   0   0   0   0  50  50   0   0   0   0   0   0   0   0   0   0  0.31 0.00
   38 L   -2 -2 -4 -4 -1 -2 -3 -4 -3  2  4 -3  2  0 -3 -3 -1 -2 -1  1    0   0   0   0   0   0   0   0   0   0 100   0   0   0   0   0   0   0   0   0  0.46 0.00
   39 Y   -2 -2 -2 -3 -3 -2 -2 -3  2 -1 -1 -2 -1  3 -3 -2 -2  2  7 -1    0   0   0   0   0   0   0   0   0   0   0   0   0   0   0   0   0   0 100   0  0.87 0.00
   40 I   -1 -2 -1 -2 -1 -2 -2 -3 -3  3  1 -2  0 -1 -2  0  3 -3 -2  2    0   0   0   0   0   0   0   0   0  50   0   0   0   0   0   0  50   0   0   0  0.24 0.00
   41 D    0 -1  1  4 -2  0  1 -1 -1 -3 -3  0 -2 -3 -1  3  0 -4 -2 -3    0   0   0  50   0   0   0   0   0   0   0   0   0   0   0  50   0   0   0   0  0.49 0.00
   42 S    0 -2 -1 -2  7 -1 -2 -1 -2 -2 -2 -1 -2 -3 -2  3  0 -3 -2 -1    0   0   0   0  50   0   0   0   0   0   0   0   0   0   0  50   0   0   0   0  0.56 0.00
   43 V    3 -2 -2 -3 -1 -2 -2 -1 -2  1  0 -2  0 -2 -2  0  0 -3 -2  3   50   0   0   0   0   0   0   0   0   0   0   0   0   0   0   0   0   0   0  50  0.21 0.00
   44 K   -1  2  0 -1 -3  4  1 -2  0 -3 -2  4 -1 -3 -1  0 -1 -3 -2 -2    0   0   0   0   0  50   0   0   0   0   0  50   0   0   0   0   0   0   0   0  0.49 0.00
   45 T   -1 -2 -1 -2 -2 -2 -2 -2 -2  0  0 -2  0  5 -2  0  3  0  2  0    0   0   0   0   0   0   0   0   0   0   0   0   0  50   0   0  50   0   0   0  0.32 0.00
   46 S    1 -1  0 -1 -1  0 -1 -1 -1 -2 -2  0 -1 -2 -1  3  4 -3 -2 -1    0   0   0   0   0   0   0   0   0   0   0   0   0   0   0  50  50   0   0   0  0.39 0.00
   47 S    1 -1  1  0 -1  0  0  0 -1 -3 -3  0 -2 -3 -1  4  1 -3 -2 -2    0   0   0   0   0   0   0   0   0   0   0   0   0   0   0 100   0   0   0   0  0.46 0.00
   48 A    4 -2 -2 -2  0 -1 -1  0 -2 -1 -2 -1 -1 -2 -1  1  0 -3 -2  0  100   0   0   0   0   0   0   0   0   0   0   0   0   0   0   0   0   0   0   0  0.41 0.00
   49 V    0 -2 -1 -2 -1 -1 -2 -2 -3  1  0 -1  0 -2 -2  0  3 -3 -2  3    0   0   0   0   0   0   0   0   0   0   0   0   0   0   0   0  50   0   0  50  0.25 0.00
   50 R   -2  4  1  4 -4  0  1 -2 -1 -3 -3  1 -2 -3 -2 -1 -1 -4 -3 -3    0  50   0  50   0   0   0   0   0   0   0   0   0   0   0   0   0   0   0   0  0.56 0.00
   51 H   -1 -1  0 -1 -3  0 -1 -2  6 -3 -3 -1 -2 -2  6 -1 -1 -3  0 -3    0   0   0   0   0   0   0   0  50   0   0   0   0   0  50   0   0   0   0   0  1.03 0.00
   52 D   -1 -1  1  5 -3  0  1 -1 -1 -3 -3 -1 -3 -3 -1  2  0 -4 -3 -3    0   0   0  67   0   0   0   0   0   0   0   0   0   0   0  33   0   0   0   0  0.62 0.01
   53 V    2 -2 -3 -3 -1 -2 -2 -2 -3  1  2 -2  1 -1 -2 -1  0 -3 -1  2   35   0   0   0   0   0   0   0   0   0  33   0   0   0   0   0   0   0   0  33  0.19 0.00
   54 E    0 -1 -1  0 -2  0  3 -2 -1 -3 -3  0 -2 -1 -2  2  0  8  0 -2    0   0   0   0   0   0  33   0   0   0   0   0   0   0   0  35   0  33   0   0  0.65 0.01
   55 T    1 -1  0 -1 -1 -1 -1 -1 -2  0 -1 -1 -1 -2 -1  3  3 -3 -2  1    0   0   0   0   0   0   0   0   0   0   0   0   0   0   0  49  25   0   0  26  0.24 0.01
   56 D   -2 -1  3  5 -3  3  1 -1  0 -3 -3  0 -2 -4 -2  0 -1 -4 -3 -3    0   0  24  51   0  25   0   0   0   0   0   0   0   0   0   0   0   0   0   0  0.59 0.01
   57 C    3 -2 -2 -3  5 -2 -2 -1 -2  0  1 -2  0 -2 -2  0 -1 -2 -2  0   50   0   0   0  25   0   0   0   0   0  25   0   0   0   0   0   0   0   0   0  0.30 0.01
   58 A    2  1 -1 -2  4 -1 -1 -1 -1 -2 -2  0 -1 -3 -1  2  0 -3 -2 -1   34  16   0   0  16   0   0   0   0   0   0   0   0   0   0  35   0   0   0   0  0.30 0.02
   59 H   -2 -1 -1 -2 -3 -1 -1 -3  7 -1 -2 -2 -1  2  3 -1 -2 -2  1  0    0   0   0   0   0   0   0   0  57   0   0   0   0  14  15   0   0   0   0  15  0.53 0.03
   60 D    1  0  0  2 -2  0  2 -2 -1 -2 -3  2 -2 -3  3  0  1 -3 -2 -2   15   0   0  13   0   0  13   0   0   0   0  29   0   0  17   0  14   0   0   0  0.34 0.01
   61 M    0 -1 -1 -1 -1 -1 -1 -1 -2  0 -1 -1  2 -2  3  3  1 -3 -2  1    0   0   0   0   0   0   0   0   0   0   0   0  13   0  14  57   0   0   0  17  0.28 0.02
   62 S    0 -1  0  0 -2  0  2  1 -1 -1 -2  0 -2 -3 -1  3  0 -3 -2  0    0   0   0   0   0   0  29  15   0   0   0   0   0   0   0  42   0   0   0  14  0.25 0.02
   63 S    1 -2  0  2 -2 -1 -1  1 -2 -1 -2 -1 -1 -3  2  2  1 -3 -2  0   12   0   0  15   0   0   0  13   0   0   0   0   0   0  11  23  14   0   0  13  0.22 0.01
   64 S    2  3 -1 -2 -2  0  0 -1 -1 -3 -2  2 -2 -3  4  1 -1 -3 -2 -2   26  28   0   0   0   0   0   0   0   0   0  13   0   0  23  11   0   0   0   0  0.44 0.02
   65 Q    2 -1  2 -1 -2  2  0  1 -1 -1 -2  0 -1 -3  2  0 -1 -3 -2  0   26   0  14   0   0  23   0  13   0   0   0   0   0   0  12   0   0   0   0  13  0.22 0.01
   66 R    0  5 -1 -2 -3  2  0 -2 -1 -3 -3  1 -2 -3  4 -1 -1 -3 -2 -2    9  59   0   0   0  11   0   0   0   0   0   0   0   0  21   0   0   0   0   0  0.59 0.02
   67 L    1 -2 -1 -1 -1 -1 -1 -1 -2  0  0 -1 -1 -2  5  2  0 -3 -2  0   12   1   1   1   0   1   1   1   0  12  10   1   0   0  31  26   1   0   0   1  0.40 0.01
   68 K    0  4  0 -1 -3  2  0 -2  2 -3 -3  3 -1 -3  2  0 -1 -3 -2 -2    6  30   0   0   0  13   0   0   7   0   0  35   0   0   9   0   0   0   0   0  0.42 0.01
   69 T    1 -2 -2 -2 -2 -1 -1 -2 -2 -2 -2 -1 -2 -2  6  0  2 -2  1 -1   24   0   0   0   0   0   0   0   0   0   0   0   0   0  43   0  24   0   9   0  0.70 0.02
   70 L   -2 -2 -4 -4 -2 -2 -3 -4 -3  2  4 -3  3  0 -3 -3 -1 -2 -1  1    0   0   0   0   0   0   0   0   0   6  82   0  11   0   0   0   0   0   0   0  0.48 0.03
   71 Y   -2 -2 -3 -4 -3 -2 -3 -4  1 -2 -2 -3 -2  3 -4 -2 -2  2  8 -2    0   0   0   0   0   0   0   0   0   0   0   0   0   0   0   0   0   0 100   0  1.28 0.09
   72 T    0 -2  0 -1 -1 -1 -1 -2 -2 -1 -2 -1 -1 -3 -2  2  5 -3 -2 -1    0   0   0   0   0   0   0   0   0   0   0   0   0   0   0  15  85   0   0   0  0.64 0.08
   73 P    1 -2 -2  0 -3 -1  2 -2 -2 -3 -3 -1 -3 -4  7  0 -1 -4 -3 -2   13   0   0   5   0   0  18   0   0   0   0   0   0   0  60   4   0   0   0   0  1.14 0.06
   74 E    0  0 -1  1 -3  3  5 -2 -1 -3 -3  0 -2 -4 -2  0 -1 -3 -2 -3   12   0   0   4   0  16  68   0   0   0   0   0   0   0   0   0   0   0   0   0  0.64 0.06
   75 E   -1  0 -1  0 -3  5  4 -3  0 -2 -2  1 -1 -3 -2 -1 -1 -3 -2  0    0   0   0   0   0  52  37   0   0   0   0   0   0   0   0   0   0   0   0  11  0.59 0.07
   76 R   -2  5 -1 -2 -3  0 -1 -3 -1 -1  1  2  2 -2 -3 -1 -1 -3 -2 -1    0  55   0   0   0   0   0   0   0   0  25  10  10   0   0   0   0   0   0   0  0.42 0.05
   77 A    2  1 -1 -1 -2  1  2 -1 -1 -1  0  1 -1 -2 -2  0 -1 -3 -2  0   38   9   0   0   0   6  23   0   0   2   9   7   0   0   0   0   0   0   0   5  0.18 0.03
   78 R   -2  6 -1 -2 -4  1 -1 -3 -1 -3 -2  2  0 -3 -3 -1 -2 -3 -2 -3    0  86   0   0   0   0   0   0   0   0   0  10   5   0   0   0   0   0   0   0  0.86 0.08
   79 R   -2  6 -1 -2 -4  1  0 -3 -1 -4 -3  2 -2 -4 -3 -1 -2 -3 -2 -3    0  91   0   0   0   0   0   0   0   0   0   9   0   0   0   0   0   0   0   0  0.97 0.08
   80 D    0  1  3  5 -3  1  1 -1 -1 -3 -3  0 -2 -4 -2  0 -1 -4 -3 -3   12  11  22  47   0   7   0   0   0   0   0   0   0   0   0   0   0   0   0   0  0.52 0.04
   81 A    3  2  0 -1 -2  1  1 -1 -1 -2 -2  2 -1 -3 -1  1  0 -3 -2 -1   43  11   5   0   0   8   6   0   0   0   0  16   0   0   0  10   3   0   0   0  0.26 0.03
   82 T    1 -1  0 -1 -1 -1 -1 -1 -2 -2 -3 -1 -2 -3 -1  4  3 -3 -2 -2    0   0   0   0   0   0   0   0   0   0   0   0   0   0   0  72  28   0   0   0  0.54 0.07
   83 K    0  1 -2 -2 -2 -1 -1 -3 -2  1  0  2  0  0  2 -1 -1 -3 -1  2    4   8   0   0   0   0   0   0   0  12   0  28   0   6  12   0   0   0   0  31  0.17 0.03
   84 W   -4 -4 -5 -5 -3 -3 -4 -3 -3 -4 -3 -4 -2  0 -5 -4 -3 12  2 -4    0   0   0   0   0   0   0   0   0   0   0   0   0   0   0   0   0 100   0   0  2.97 0.14
   85 T   -1 -2 -1 -2 -1 -1 -1 -2 -2 -1 -1 -1  1 -3 -2  1  6 -3 -2  0    0   0   0   0   0   0   0   0   0   0   0   0   7   0   0   0  93   0   0   0  0.67 0.09
   86 L   -1 -2 -2  0 -2 -1 -1 -3 -2  1  2 -1  1  0  2 -1  2 -2 -2  0    0   0   0  10   0   0   0   0   0  11  36   5   3   3  11   0  21   0   0   0  0.17 0.02
   87 V   -1 -3 -3 -4 -1 -3 -3 -4 -4  3  1 -3  2 -1 -3 -2  0 -3 -2  4    0   0   0   0   0   0   0   0   0  28   0   0   5   0   0   0   0   0   0  67  0.41 0.04
   88 Q   -1  0  0 -1 -4  6  1 -2  5 -3 -3  1 -1 -3 -2 -1 -1 -3 -1 -3    0   0   0   0   0  79   0   0  21   0   0   0   0   0   0   0   0   0   0   0  0.74 0.06
   89 G    1 -2 -1 -2 -2 -2 -2  4 -2 -1 -2 -2 -2 -2  3  0 -1 -2  1 -1   19   0   0   0   0   0   0  45   0   8   3   0   0   0  17   0   0   0   8   0  0.44 0.02
   90 I   -1 -3 -4 -4 -1 -3 -3 -4 -4  4  1 -3  1  1 -3 -3 -1 -3 -1  3    0   0   0   0   0   0   0   0   0  65   4   0   0   4   0   0   0   0   0  26  0.42 0.04
   91 L   -2 -3 -3 -4 -2 -3 -3  1 -3  1  4 -3  1  3 -3 -2 -2 -1  0  0    0   0   0   0   0   0   0  15   0   0  68   0   0  17   0   0   0   0   0   0  0.32 0.03
   92 A    5 -2 -2 -2 -1 -1 -1  0 -2 -2 -2 -1 -1 -3 -1  1  0 -3 -2 -1  100   0   0   0   0   0   0   0   0   0   0   0   0   0   0   0   0   0   0   0  0.55 0.06
   93 P   -1 -3 -3 -2 -3 -2 -2 -3 -3  1 -1 -2 -1 -3  7 -1 -1 -4 -3 -1    0   0   0   0   0   0   0   0   0  17   7   0   0   0  76   0   0   0   0   0  1.42 0.05
   94 V    0 -3 -2 -3 -1 -2 -3  1 -3  2  2 -2  1 -1 -3 -1  0 -3 -2  2    6   0   0   0   0   0   0  17   0  27  17   0   6   0   0   0   8   0   0  19  0.17 0.02
   95 Q   -1  1 -1 -1 -4  7  1 -2  0 -4 -3  1 -1 -4 -2 -1 -1 -3 -2 -3    0   0   0   0   0 100   0   0   0   0   0   0   0   0   0   0   0   0   0   0  0.99 0.11
   96 F   -2 -3 -4 -4 -2 -3 -4 -4 -2  0  2 -3  0  6 -4 -3 -2  0  2  1    0   0   0   0   0   0   0   0   0   0  17   0   0  70   0   0   0   0   0  13  0.65 0.06
   97 L   -1 -3 -4 -4 -2 -3 -3 -4 -3  2  3 -3  1  2 -3 -2 -1 -2  0  2    6   0   0   0   0   0   0   0   0  15  50   0   0  13   0   0   0   0   0  16  0.34 0.05
   98 V    2 -3 -3 -3 -1 -2 -2 -2 -3  3  0 -2  1 -1 -2 -1  0 -3 -2  3   25   0   0   0   0   0   0   0   0  28   0   0   5   0   0   0   4   0   0  38  0.28 0.05
   99 F   -3 -3 -4 -4 -3 -4 -4 -4 -2  0  1 -4  1  7 -4 -3 -3  0  2 -1    0   0   0   0   0   0   0   0   0   0   9   0   5  86   0   0   0   0   0   0  0.97 0.11
  100 L    1 -3 -3 -3 -2 -2 -3 -1 -3  1  3 -3  1  2 -3 -2 -1 -2 -1  1   17   0   0   0   0   0   0   5   0   3  55   0   0  11   0   0   0   0   0   8  0.26 0.05
  101 I    1 -3 -3 -3 -1 -2 -3 -1 -3  3  1 -2  0 -1 -3 -1  0 -3 -2  3   11   0   0   0   0   0   0   6   0  37   5   0   0   0   0   0   6   0   0  34  0.26 0.05
  102 S    1 -2  0 -1 -2 -1 -1  3 -2 -3 -3 -1 -2 -3 -2  5  1 -3 -3 -3    0   0   0   0   0   0   0  21   0   0   0   0   0   0   0  79   0   0   0   0  0.60 0.10
  103 L   -1 -3 -4 -4 -2 -3 -3 -4 -3  2  4 -3  1  1 -3 -2  0 -2 -1  2    0   0   0   0   0   0   0   0   0   6  65   0   0   4   0   0   5   0   0  21  0.42 0.06
  104 A    1 -2 -2 -2  2 -2 -2  2 -2  0 -1 -2 -1 -1 -2  0  2 -2  0  1   20   0   0   0   6   0   0  20   0   5   0   0   0   3   0   0  24   0   5  18  0.19 0.06
  105 L   -2 -3 -4 -4 -2 -3 -4 -4 -4  1  4 -3  1  2 -4 -3 -2 -2 -1  2    0   0   0   0   0   0   0   0   0   0  72   0   0   8   0   0   0   0   0  20  0.58 0.12
  106 V   -1 -3  0 -3 -2 -2 -3 -3 -3  2  1 -2  0 -2 -3 -1  2 -3 -2  4    0   0   6   0   0   0   0   0   0   5  11   0   0   0   0   0  20   0   0  58  0.37 0.10
  107 L    0 -3 -3 -3 -2 -2 -3 -2 -2  3  2 -3  1  1 -3 -2  0 -2  2  3    7   0   0   0   0   0   0   2   0  24  20   0   0   5   0   0   6   0  10  26  0.24 0.06
  108 R   -2  4  1 -1 -3 -1 -2 -3  1 -1  2  0  0  0 -3 -2 -2  2  3  0    0  34   8   3   0   0   0   0   3   0  28   0   0   0   0   0   0   4  16   5  0.27 0.09
  109 Y   -3 -3 -3 -4 -3 -3 -3 -4  0 -2 -2 -3 -2  4 -4 -2  1  1  8 -2    0   0   0   0   0   0   0   0   0   0   0   0   0  15   0   0  12   0  73   0  1.16 0.18
  110 L    0 -3 -4 -4 -2 -3 -3 -3 -3  1  4 -3  2  2 -3 -2 -2  3 -1  0   12   0   0   0   0   0   0   0   0   6  64   0   6   7   0   0   0   5   0   0  0.44 0.10
  111 W    0  0 -1 -2 -2  0 -2 -2 -2  0  0 -1  0  2 -2  0  1  6  0  0    8   7   4   0   0   3   0   0   0   0  11   0   4  13   0  11  14  14   0  11  0.20 0.05
  112 I   -1 -2  2 -2 -2 -2 -2  0 -2  1 -1 -2 -1 -1 -2  1  4 -3 -2  1    0   0  11   0   0   0   0   7   0  14   0   0   0   3   0   4  52   0   0   9  0.32 0.10
  113 G    1 -2  0  2 -2 -1  0  2  4 -3 -3 -1 -2 -3 -2  2  2 -3 -1 -2   17   0   0  17   0   0   0  17  17   0   0   0   0   0   0  17  17   0   0   0  0.28 0.07
  114 D   -1  0  1  4 -3  1  3 -2  1 -2 -3  1 -2 -3 -2  0 -1 -4 -3 -1    2   4   4  36   0   7  20   0   3   0   0   8   0   0   0   6   0   0   0  10  0.41 0.09
  115 G   -1 -3 -2 -3 -3 -3 -3  5 -3  0  0 -3 -1  2 -3 -1  0 -2 -1 -2    0   0   0   0   0   0   0  56   0   6  15   0   0  16   0   0   8   0   0   0  0.53 0.12
  116 Y   -1 -3 -3 -3 -3 -2  0 -4  2 -2  0 -3 -1  5 -4 -2 -2  4  6 -2    5   0   0   0   0   0   7   0   5   0   8   0   0  29   0   0   0   6  41   0  0.71 0.14
  117 T    0 -2 -1  2 -3 -1  2 -1 -2 -3 -2 -2  0  0 -3  0  0  8  1 -2    6   0   0  16   0   0  17   2   0   0   3   0   5   3   0  11   7  28   3   0  0.57 0.11
  118 V    2 -3 -3 -3 -1 -2 -3 -2 -3  2  1 -2  0  1 -3 -1 -1 -3 -1  3   31   0   0   0   0   0   0   0   0  18   8   0   0   8   0   0   0   0   0  34  0.29 0.09
  119 A    3 -2 -1 -2 -1 -1 -1 -1 -1 -1 -2 -1 -1 -1 -1  1  2 -2  1  0   47   1   1   1   0   0   1   1   0   1   1   1   0   0   1  11  17   0   9   8  0.27 0.09
  120 T   -1 -2  2  0 -2 -1 -1 -2  2 -1 -1 -2 -1 -2 -2  1  4  4 -1 -1    0   0  14   5   0   0   0   0   8   5   6   0   0   0   0   5  49   8   0   0  0.41 0.13
  121 A    1 -3 -3 -3 -2 -2  0 -3 -3  3  1 -2  0  3 -3 -2 -1  3  0  3   14   0   0   0   0   0   8   0   0  23   5   0   0  17   0   0   0   5   0  27  0.24 0.08
  122 S    1 -2  0 -1 -2 -1 -1 -1 -2 -2 -2 -1 -2  2 -2  4  1 -2 -1 -2    8   1   0   1   0   0   1   1   0   1   1   1   0  12   1  66   7   0   0   1  0.46 0.13
  123 V   -2 -3  0 -3 -2 -3 -3 -4 -4  4  1 -3  0 -1 -3 -3 -1 -3 -2  4    0   0   7   0   0   0   0   0   0  46   8   0   0   0   0   0   0   0   0  39  0.50 0.13
  124 V    1 -3 -3 -4 -2 -2 -3 -3 -3  2  2 -2  2 -1 -3 -2  0  3 -1  2   14   0   0   0   0   0   0   0   0  11  31   0   7   0   0   0   6   5   0  27  0.28 0.08
  125 I    0 -3 -4 -4 -2 -3 -3 -3 -3  3  1 -3  0  4 -3 -2 -1 -2  0  3    9   0   0   0   0   0   0   0   0  26  11   0   0  24   0   0   0   0   0  29  0.37 0.10
  126 K   -2  1 -1 -2 -4  0  0 -3 -2 -4 -4  7 -3 -4 -2 -1 -2 -4 -3 -4    0   0   0   0   0   0   0   0   0   0   0 100   0   0   0   0   0   0   0   0  1.16 0.24
  127 T   -1 -2 -1 -2 -2 -2 -2 -3 -3  2 -1 -2 -1 -3 -2  0  6 -4 -3  1    0   0   0   0   0   0   0   0   0  12   0   0   0   0   0   0  77   0   0  11  0.71 0.19
  128 L    2 -3 -3 -3 -2 -2 -3 -1 -2  0  2 -2  1  3 -3 -1 -1 -2  0  0   31   0   0   0   0   0   0   4   0   3  38   0   3  21   0   0   0   0   0   0  0.25 0.07
  129 V   -1 -3 -3 -4 -2 -2 -3 -4 -3  2  3 -3  3  3 -3 -2 -1 -1  0  1    3   0   0   0   0   0   0   0   0   9  33   0  16  23   0   0   3   0   0  13  0.33 0.06
  130 L   -2 -3 -4 -4 -2 -3 -4 -4 -3  2  4 -3  3  3 -4 -3 -2 -2  0  0    0   0   0   0   0   0   0   0   0   7  67   0   8  18   0   0   0   0   0   0  0.54 0.09
  131 Y    0 -3 -3 -4 -2 -2 -3  0  0 -1  0 -3  0  2 -3 -2 -2  6  6  0   10   0   0   0   0   0   0   8   0   0  10   0   2   2   0   0   0  11  47   9  0.55 0.10
  132 T    1 -2 -2 -3 -2 -2 -2  0 -2  1  2 -2  0  2 -2 -1  2 -2 -1  1   16   0   0   0   0   0   0   8   0   5  29   0   0  12   0   0  23   0   0   6  0.15 0.05
  133 I    0 -3 -4 -4 -2 -3 -3 -4 -3  4  3 -3  4 -1 -3 -2 -1 -3 -2  1    8   0   0   0   0   0   0   0   0  51  25   0  16   0   0   0   0   0   0   0  0.44 0.09
  134 M   -1 -2 -3 -4 -2 -2 -3 -3 -2  0  1 -2  5  4 -3 -2  1 -1  0  1    4   0   0   0   0   0   0   0   0   0   8   0  41  26   0   0  14   0   0   8  0.40 0.10
  135 V   -1 -4 -4 -4 -2 -3 -4 -4 -4  5  1 -3  0 -1 -3 -3 -1 -3 -2  4    0   0   0   0   0   0   0   0   0  54   0   0   0   0   0   0   0   0   0  46  0.62 0.11
  136 T   -1 -2 -1 -2 -2 -2 -2 -2 -3 -2 -2 -2 -2 -3 -2  1  6 -3 -3 -1    0   0   0   0   0   0   0   0   0   0   0   0   0   0   0   4  96   0   0   0  0.93 0.17
  137 G   -1 -3 -1 -2 -3 -3 -3  7 -3 -5 -5 -2 -4 -4 -3 -1 -2 -3 -4 -4    0   0   0   0   0   0   0 100   0   0   0   0   0   0   0   0   0   0   0   0  1.44 0.15
  138 A    4 -2 -2 -2  1 -1 -2  1 -2 -1 -1 -2  4 -2 -2  1 -1 -3 -2 -1   52   0   0   0   3   0   0   9   0   0   0   0  25   0   0  11   0   0   0   0  0.35 0.10
  139 I   -1 -3 -4 -4 -2 -3 -3 -4 -2  3  2 -3  0  4 -3 -2 -2 -1  2  1    7   0   0   0   0   0   0   0   0  41  15   0   0  30   0   0   0   0   8   0  0.41 0.08
  140 W   -4 -4 -5 -5 -4 -3 -4 -4 -3 -3 -2 -4 -2  5 -5 -4 -4 11  2 -3    0   0   0   0   0   0   0   0   0   0   0   0   0  28   0   0   0  72   0   0  2.33 0.21
  141 E   -2 -1 -1  1 -5  1  6 -3 -1 -4 -4  0 -3 -4 -2 -1 -2 -4 -3 -4    0   0   0   0   0   0 100   0   0   0   0   0   0   0   0   0   0   0   0   0  1.19 0.17
  142 R   -2  1 -1  0 -4  0  0 -3 -1 -3 -1  5 -2 -2 -2 -1 -1 -3  1 -3    0   2   0   7   0   0   0   0   0   0   9  75   0   0   0   0   0   0   7   0  0.54 0.12
  143 E   -1 -1 -1  3 -3  2  4 -3 -1  0 -2 -1 -1 -3 -2 -1 -1 -4 -2  2    0   0   0  19   0  11  37   0   0   0   0   0   0   0   0   0   0   0   0  33  0.37 0.09
  144 V   -1 -3 -4 -4 -2 -3 -3 -4 -4  3  1 -3  2 -1 -3 -2 -1 -3 -2  5    0   0   0   0   0   0   0   0   0  18   0   0   7   0   0   0   0   0   0  75  0.59 0.11
  145 F   -3 -4 -4 -4 -3 -4 -4 -4 -1  0  0 -4 -1  7 -4 -3 -3  0  4 -1    0   0   0   0   0   0   0   0   0   6   0   0   0  80   0   0   0   0  15   0  1.10 0.15
  146 G   -1 -3  1  3 -4 -2 -1  5 -2 -4 -4 -2 -4 -4 -3 -1 -2 -4 -4 -4    0   0   8  23   0   0   0  69   0   0   0   0   0   0   0   0   0   0   0   0  0.91 0.11
  147 C    0  2 -1 -2  3  3  0 -2  3 -3 -3  3 -2 -2 -2 -1 -1 -2  1 -2    6  11   0   0  11  23   3   0  11   0   0  28   0   0   0   0   0   0   8   0  0.35 0.07
  148 Y   -3 -3 -3 -4 -3 -2 -3 -4  0 -2 -1 -3  2  3 -4 -3 -2  9  6 -2    0   0   0   0   0   0   0   0   0   0   0   0  11  10   0   0   0  39  40   0  1.25 0.12
  149 L    0 -3 -3 -4 -2 -2 -3 -3 -2  2  2 -3  1  3 -3 -2 -1  3  2  1   12   0   0   0   0   0   0   0   0  13  32   0   0  17   0   0   0   5   8  14  0.25 0.04
  150 F   -2 -3 -3 -4 -3 -2 -3 -4 -1  0  1 -3  3  5 -4 -3 -2  1  5 -1    0   0   0   0   0   0   0   0   0   0  14   0  17  43   0   0   0   0  26   0  0.59 0.08
  151 A    2 -2 -1 -2 -1 -1 -1  3 -2  0 -1 -1 -1 -2 -2  2  0 -3 -2  1   25   0   0   0   0   0   0  25   0   0   0   0   0   0   0  25   0   0   0  25  0.23 0.03
  152 P    0  1 -1 -1 -3  0  1 -2  2 -3 -3  2 -2 -4  6 -1 -1 -4 -2 -3    5  10   0   0   0   0  10   0   7   0   0  25   0   0  44   0   0   0   0   0  0.78 0.04
  153 A    3 -1 -1  0 -2  0  3 -1 -1 -2 -2  0 -2 -3  1  1  0 -3 -2 -1   51   0   0   0   0   0  36   0   0   0   0   0   0   0   7   7   0   0   0   0  0.38 0.04
  154 F   -3 -3 -4 -4 -3 -4 -4 -4 -2  0  0 -4  0  7 -4 -3 -3  1  3 -1    0   0   0   0   0   0   0   0   0   0   0   0   0 100   0   0   0   0   0   0  0.95 0.04
  155 F   -2 -3 -3 -4 -2 -3 -3 -4 -1  0  2 -3  0  6 -4 -3 -2  4  3 -1    0   0   0   0   0   0   0   0   0   0  21   0   0  64   0   0   0   7   8   0  0.63 0.03
  156 W   -3 -3 -4 -5 -3 -3 -3 -3 -3 -3 -2 -4 -2  3 -4 -3 -3 11  2 -3    0   0   0   0   0   0   0   0   0   0   0   0   0  14   0   0   0  86   0   0  2.23 0.06
  157 E   -1  0 -1  1 -4  2  6 -3  0 -4 -3  1 -2 -4 -1  0 -1 -3 -2 -3    0   0   0   0   0   0 100   0   0   0   0   0   0   0   0   0   0   0   0   0  0.87 0.04
  158 D   -2 -2  1  7 -4 -1  1 -2 -1 -4 -4 -1 -4 -4 -2 -1 -1 -5 -4 -4    0   0   0 100   0   0   0   0   0   0   0   0   0   0   0   0   0   0   0   0  1.09 0.04
  159 V    0 -3 -3 -3 -1 -2 -2 -3 -3  2  1 -2  0  2 -3 -1  1 -2  0  3    5   0   0   0   0   0   0   0   0   5   7   0   0  13   0   0  14   0   0  56  0.23 0.02
  160 F   -2 -4 -3 -4 -3 -3 -4  3 -3  0 -1 -3 -1  5 -4 -2 -2 -1  1  2    0   0   0   0   0   0   0  30   0   0   0   0   0  44   0   0   0   0   0  26  0.56 0.13
  161 S    0 -2  2 -1 -2 -1 -1 -1 -2 -3 -4 -1 -3 -4 -2  5  2 -4 -3 -3    0   0  11   0   0   0   0   0   0   0   0   0   0   0   0  81   8   0   0   0  0.78 0.18
  162 F    0 -3 -3 -3 -2 -2 -3 -3 -2  0  1 -2  5  4 -3 -1  2 -2  0  1   10   0   0   0   0   0   0   0   0   0  11   0  31  24   0   0  17   0   0   8  0.35 0.11
  163 L    0 -3 -4 -4 -2 -3 -3 -1 -3  3  3 -3  1  2 -3 -2 -1 -2 -1  2    8   0   0   0   0   0   0   5   0  22  35   0   0  14   0   0   0   0   0  16  0.32 0.10
  164 V    2 -3 -3 -4 -2 -3 -3 -3 -4  1 -1 -3 -1 -2 -3  0 -1 -4 -2  5   25   0   0   0   0   0   0   0   0   0   0   0   0   0   0   5   0   0   0  70  0.59 0.20
  165 L    0 -3 -4 -4 -2 -3 -3 -4 -3  3  4 -3  4 -1 -3 -3 -2 -3 -2  1   10   0   0   0   0   0   0   0   0  28  47   0  15   0   0   0   0   0   0   0  0.51 0.15
  166 A    3 -3 -3 -3 -2 -2 -2 -2 -3  2  0 -2 -1  1 -2  0  0 -3 -1  1   49   0   0   0   0   0   0   0   0  17   7   0   0   9   0   3   4   0   0  11  0.30 0.13
  167 L   -1 -3 -3 -4 -2 -3 -3 -1 -3  1  4 -3  1  2 -3 -1  0 -2 -1  1    3   0   0   0   0   0   0   5   0   0  62   0   0  10   0   4   5   0   0  10  0.40 0.13
  168 H   -3 -2  1 -3 -5  0 -2 -4 10 -5 -5 -2 -3 -3 -4 -2 -3 -4  0 -5    0   0   5   0   0   4   0   0  91   0   0   0   0   0   0   0   0   0   0   0  1.99 0.35
  169 T   -1 -2  0 -2 -2 -2 -2 -1 -3  0  1 -2 -1 -2 -3  1  5 -3 -3 -1    0   0   5   0   0   0   0   5   0   6  22   0   0   0   0   5  58   0   0   0  0.47 0.17
  170 A    4 -2 -2 -3 -2 -2 -2  1 -3 -1  2 -2 -1 -2 -2  1 -1 -3 -2  0   51   0   0   0   0   0   0   7   0   0  28   0   0   0   0  10   0   0   0   4  0.35 0.14
  171 Y   -3 -3 -4 -5  2 -3 -4 -5  0 -3 -3 -4 -3  2 -5 -3 -3  1  9 -3    0   0   0   0   4   0   0   0   0   0   0   0   0   0   0   0   0   0  96   0  1.92 0.35
  172 L   -2 -3 -4 -4 -2 -3 -4 -4 -3  2  3 -3  1  4 -4 -3 -2 -2  0  3    0   0   0   0   0   0   0   0   0   5  41   0   0  25   0   0   0   0   0  28  0.53 0.14
  173 V    1 -3 -3 -4 -2 -3 -3 -3 -3  3  0 -3  1  0 -3 -2 -1  4  1  3   20   0   0   0   0   0   0   0   0  22   3   0   3   3   0   0   0   8   5  36  0.37 0.12
  174 M    3 -3 -3 -3 -2 -2 -2  2 -3 -1  1 -2  4  0 -3 -1 -1 -3 -2 -1   45   0   0   0   0   0   0  16   0   0  12   0  24   4   0   0   0   0   0   0  0.39 0.16
  175 L    0 -2 -3 -3 -2  0 -3 -3 -3  0  3 -2  2  3 -3 -2 -1  3  0  0   10   0   0   0   0   5   0   0   0   0  52   0   4  14   0   0   3   5   0   4  0.34 0.11
  176 F   -1 -3 -3 -4 -2 -3 -3 -3 -2  0  2 -3  2  5 -3 -2 -2  5  3  0    5   0   0   0   0   0   0   0   0   0  21   0   6  34   0   3   0   8  13   6  0.47 0.12
  177 A    2 -2  0 -3 -2 -2 -2  1 -2  0  0 -2  2  0 -2  0  2  5 -1  0   21   0   4   0   0   0   0  11   0   4   7   0  12   3   0   0  24  11   0   3  0.26 0.11
  178 G   -1 -3  2 -1 -3 -2 -2  5  2 -1 -4 -1 -3 -3 -3 -1 -2  3 -2 -3    2   0  10   2   0   0   0  63   8   6   0   4   0   0   0   0   0   6   0   0  0.77 0.17
  179 I   -1 -2 -2 -2 -2 -1 -2  0 -2  0  0  0  1  2 -2 -1  0  7  2  0    4   1   1   1   0   3   1   6   0   7  10   7   6  10   1   5   6  19   6   9  0.28 0.07
  180 G    1 -2 -2  1 -2 -2 -2  2 -2 -1  1 -2  2  0  1  0 -1  4 -1 -1   13   0   0   9   0   0   0  19   0   0  25   0   8   3   8   5   0   8   0   0  0.19 0.08
  181 D    1 -2  1  3 -2 -1  2  0 -1 -2 -3 -1 -2 -2 -2  0  2 -3  1 -2   14   0   5  23   0   0  14   6   0   0   1   0   0   0   0   4  23   0   6   0  0.27 0.09
  182 P    1 -2 -2  0 -3  0  2 -2  2 -1 -1 -1 -2 -3  5 -1 -1 -3 -2 -1   12   0   0   5   0   3  18   1   8   4   6   0   0   0  35   1   0   0   0   5  0.56 0.12
  183 R   -1  3  0  0 -3  2  1 -3  3 -1 -2  1  2 -2 -2 -1  0 -3  0  0    0  21   3   5   0  14  12   0  10   0   0   4   9   0   0   0   6   0   3  11  0.23 0.10
  184 Q    1 -1 -1  0 -2  3  2  0  2 -1 -2 -1  0 -3  0  1  2 -3 -2 -1   10   0   0   3   0  18  12   5   6   7   0   0   3   0   3  11  21   0   0   0  0.22 0.10
  185 Q   -2  1 -2  0 -3  3 -1 -4  1  0  3 -1  0 -2 -3 -2 -2 -3 -2  1    0   8   0   5   0  23   0   0   5   0  43   0   0   0   0   0   0   0   0  16  0.31 0.15
  186 M   -1 -3 -4 -4 -2 -2 -3 -4 -3  3  2 -3  7 -1 -3 -3 -2 -3 -2  2    5   0   0   0   0   0   0   0   0  17  16   0  51   0   0   0   0   0   0  11  0.62 0.16
  187 L   -1 -3 -3 -4 -2 -2 -3  0 -2  1  2 -3  0  1 -3 -2 -1  5  3  1    5   0   0   0   0   0   0  10   0  11  25   0   0   5   0   0   3  11  14  16  0.28 0.07
  188 V   -1 -3 -3 -4 -2 -3 -3 -4 -3  3  3 -3  3 -1 -3 -2  0 -3 -2  3    0   0   0   0   0   0   0   0   0  17  31   0  11   0   0   0   6   0   0  35  0.43 0.10
  189 A    5 -2 -3 -3 -1 -2 -2 -1 -3  0  0 -2  3 -2 -2  0 -1 -3 -3 -1   74   0   0   0   0   0   0   0   0   6   8   0  13   0   0   0   0   0   0   0  0.54 0.16
  190 L   -2 -3 -4 -4  3 -3 -4 -4 -3  1  4 -3  1  1 -4 -3 -2 -2  2  1    0   0   0   0   8   0   0   0   0   0  68   0   0   5   0   0   0   0  11   8  0.54 0.13
  191 A    2 -3 -3 -3 -1 -2 -2 -2 -3  1  1 -2  0  2 -2 -1  0 -2 -1  2   32   0   0   0   0   0   0   0   0   9  18   0   0  13   0   3   3   0   0  24  0.22 0.08
  192 A    6 -3 -3 -3 -2 -2 -2  1 -3 -3 -3 -2 -2 -3 -2  0 -1 -4 -3 -1   95   0   0   0   0   0   0   5   0   0   0   0   0   0   0   0   0   0   0   0  0.88 0.20
  193 Y   -3 -3 -4 -5 -4 -3 -4 -5  0 -2  0 -3 -2  2 -4 -3 -3  1  9 -2    0   0   0   0   0   0   0   0   0   0   8   0   0   0   0   0   0   0  92   0  1.64 0.27
  194 A    3 -3 -3 -3 -2 -2 -2 -1 -3  1  1 -2  0  3 -2  0  0 -2 -1  0   47   0   0   0   0   0   0   3   0   8  19   0   0  17   0   0   8   0   0   0  0.26 0.10
  195 T    2 -2 -1 -2 -2 -2 -2 -2 -3 -1 -1 -2 -1 -3 -2  1  5 -3 -2  0   24   0   0   0   0   0   0   0   0   0   3   0   0   0   0   8  53   0   0   8  0.44 0.14
  196 Y   -3 -3 -4 -5 -4 -3 -4 -5  0 -2 -2 -3 -2  2 -4 -3 -3  1  9 -1    0   0   0   0   0   0   0   0   0   0   0   0   0   0   0   0   0   0  94   6  1.71 0.27
  197 V    1 -3 -4 -4  2 -3 -3 -3 -4  2  2 -3  0 -2 -3 -2 -1 -3 -2  4   16   0   0   0   5   0   0   0   0   3  17   0   0   0   0   0   0   0   0  59  0.43 0.12
  198 V    0 -3 -4 -4 -2 -3 -3 -4 -4  4  1 -3  2  1 -3 -2 -1 -3 -1  4    8   0   0   0   0   0   0   0   0  39   4   0   5   5   0   0   0   0   0  38  0.46 0.11
  199 N   -3 -2  8  0 -4 -1 -2 -2 -1 -5 -5 -1 -4 -5 -3 -1 -1 -5 -4 -4    0   0 100   0   0   0   0   0   0   0   0   0   0   0   0   0   0   0   0   0  1.56 0.26
  200 A    5 -3 -3 -3 -1 -2 -2 -1 -3 -2 -2 -2 -2  1 -2  0 -1 -3 -2  0   85   0   0   0   0   0   0   0   0   0   0   0   0   8   0   0   0   0   0   8  0.67 0.18
  201 I    1 -3 -2 -3 -2 -2 -3  3 -2  1  1 -2  0  0 -3 -1 -1 -2  0  1   19   0   0   0   0   0   0  32   0  10  16   0   0   3   0   0   3   0   5  13  0.22 0.07
  202 Q   -2  0 -1 -2 -4  8  1 -3 -1 -4 -4  0 -2 -5 -3 -1 -2 -3 -3 -4    0   0   0   0   0 100   0   0   0   0   0   0   0   0   0   0   0   0   0   0  1.53 0.29
  203 F   -3 -4 -4 -5 -4 -4 -4 -4 -1 -2 -1 -4 -1  7 -5 -3 -3  0  5 -2    0   0   0   0   0   0   0   0   0   0   0   0   0  76   0   0   0   0  24   0  1.37 0.22
  204 V    0 -3 -4 -4 -2 -3 -3 -4 -4  2  4 -3  1 -1 -3 -2 -1 -3 -2  3    8   0   0   0   0   0   0   0   0  11  51   0   0   0   0   0   0   0   0  30  0.46 0.11
  205 L   -2  1 -4 -4 -3 -2 -3 -4 -3  2  2 -2  0 -1 -4 -3 -2  8  0  2    0  13   0   0   0   0   0   0   0  14  25   0   0   0   0   0   0  33   0  16  0.80 0.14
  206 K   -2  5 -1 -2 -4  0  0 -3 -2 -4 -3  5 -2 -4 -2 -1 -2 -4 -3 -3    0  37   0   0   0   0   0   0   0   0   0  63   0   0   0   0   0   0   0   0  0.95 0.18
  207 L   -1 -3 -3 -4 -2 -3 -3  0 -3  2  3 -3  1  2 -3 -2  0 -2  1  1    6   0   0   0   0   0   0   8   0  10  47   0   0  12   0   0   8   0   5   5  0.25 0.07
  208 R    0  5 -2 -3 -3  1 -1 -3  2  1  0  1 -1 -2 -3 -1 -2 -3 -2  0    8  50   0   0   0   6   0   0   8  10  11   3   0   0   0   0   0   0   0   5  0.39 0.11
  209 A    2 -1 -2 -2 -2  4  0 -2 -2  0  1  0  0 -2 -2  0  0 -3 -2 -1   28   0   0   0   0  31   0   0   0   5  19   6   2   0   0   5   3   0   0   0  0.24 0.10
  210 A    4 -2  1 -1 -2 -1  2 -1  2 -3 -3 -1 -2 -3 -2  1 -1 -4 -2 -2   58   0  10   0   0   0  16   0   8   0   0   0   0   0   0   8   0   0   0   0  0.43 0.13
  211 R    0  5  1 -2 -4  1 -1 -3 -1 -4 -3  3 -2 -4 -3 -1 -2 -4 -3 -3    8  55   8   0   0   5   0   0   0   0   0  25   0   0   0   0   0   0   0   0  0.72 0.14
  212 R    0  3  0 -2 -3  2  0 -1  2  0  1  1  0 -2 -2 -1 -1 -3 -2 -1    6  22   6   0   0  19   3   4   7   4  26   3   0   0   0   0   0   0   0   0  0.18 0.06
  213 D    0  0  4  2 -3  4  1 -2  0 -4 -3  1 -2 -4 -2  0 -1 -4 -3 -3    8   0  28  13   0  37   4   0   0   0   0   6   0   0   0   3   0   0   0   0  0.51 0.10
  214 E   -1  0 -1  1 -3  3  4 -2 -1 -3 -1  2 -2 -3  0  1 -1 -3 -2 -2    0   0   0   3   0  15  38   0   0   0   7  17   0   0   4  15   0   0   0   0  0.40 0.08
  215 R    0  4  1 -1 -3  2  1  0 -1 -3 -3  2 -2 -3 -2 -1 -1 -3 -2 -3   10  39   6   0   0  13   9   5   0   0   0  17   0   0   0   0   0   0   0   0  0.43 0.07
  216 I    2 -1 -1 -2 -1  1  0 -2 -2  1  0  1  0 -2 -2  0  1 -3 -2  1   33   0   0   0   0   7   6   0   0  12   9  14   0   0   0   0  10   0   0   8  0.12 0.03
  217 A    1  1 -1  0 -2  1 -1  1 -2  0  1  0  1 -2 -2  0 -1 -3 -2  0   24  13   0   8   0   7   0   9   0  10  14   0   7   0   0   8   0   0   0   0  0.07 0.02
  218 A    3 -1 -2 -2 -1 -1 -1 -1 -2 -1  0  1 -1 -2  2  0  0 -3 -2  0   52   0   0   0   0   0   0   0   0   0   9  15   0   0   8   0   6   0   0   8  0.23 0.05
  219 M    1 -2 -2 -2 -2 -1 -2  2 -2  0  1 -2  2 -1  2  0 -1 -3 -2 -1   17   0   0   0   0   0   0  24   0   0  24   0  17   0   9   9   0   0   0   0  0.20 0.03
  220 S    2 -2  0  2 -1 -1  0  1 -2 -2 -3 -1 -2 -3 -1  3  1 -3 -2 -1   33   0   0  13   0   0   0  10   0   0   0   0   0   0   0  35   9   0   0   0  0.32 0.04
  221 G    0 -2 -1 -2 -2 -2 -2  5 -2 -2 -2 -2  2 -3 -2  1  1 -3 -3 -2    0   0   0   0   0   0   0  61   0   0   0   0  13   0   0  11  14   0   0   0  0.57 0.05
  222 P    1 -2 -2 -2 -2 -1 -1  2 -2 -3 -3 -1 -2 -3  6  0 -1 -4 -3 -2   23   0   0   0   0   0   0  17   0   0   0   0   0   0  59   0   0   0   0   0  1.08 0.02
  223 S    0 -1  0 -1 -1 -1 -1 -1 -2 -2 -2 -1 -2 -1 -2  3  2  7  0 -2    0   0   0   0   0   0   0   0   0   0   0   0   0   0   0  57  20  23   0   0  0.54 0.02
  224 V    2 -2 -2 -3 -1 -1 -2 -2 -2  1  1 -1  3 -1 -2  0  0 -2 -1  2   36   0   0   0   0   0   0   0   0   0   0   0  33   0   0   0   0   0   0  31  0.18 0.01
  225 S    1 -1  0 -1 -1  0  0 -1 -1 -2 -2  0 -1 -2 -1  3  1 -2 -2 -1    0   0   0   0   0   0   0   0   0   0   0   0   0   0   0  67   0   0   0   0  0.14 0.01
  226 G    0 -3 -1 -1 -3 -2 -2  6 -2 -4 -4 -2 -3 -3 -2  0 -2 -3 -3 -3    0   0   0   0   0   0   0 100   0   0   0   0   0   0   0   0   0   0   0   0  1.06 0.01
  227 S    3 -1  0 -1 -1  0  0  0 -1 -2 -2  0 -1 -3 -1  4  1 -3 -2 -1   33   0   0   0   0   0   0   0   0   0   0   0   0   0   0  67   0   0   0   0  0.38 0.01
  228 R   -1  5  0 -2 -3  1  0 -2  0 -3 -2  2 -1 -3 -2 -1 -1 -3 -2 -2    0   0   0   0   0   0   0   0   0   0   0   0   0   0   0   0   0   0   0   0  0.00    0.00
  229 A    4 -1 -2 -2  0 -1 -1  0 -2 -1 -1 -1 -1 -2 -1  1  0 -3 -2  0    0   0   0   0   0   0   0   0   0   0   0   0   0   0   0   0   0   0   0   0  0.00    0.00

                      K         Lambda
Standard Ungapped    0.1340     0.3242
Standard Gapped      0.0410     0.2670
PSI Ungapped         0.1349     0.3174
PSI Gapped           0.0413     0.2670
