
Last position-specific scoring matrix computed, weighted observed percentages rounded down, information per position, and relative weight of gapless real matches to pseudocounts
           A  R  N  D  C  Q  E  G  H  I  L  K  M  F  P  S  T  W  Y  V   A   R   N   D   C   Q   E   G   H   I   L   K   M   F   P   S   T   W   Y   V
    1 M   -1 -1 -2 -3 -1  0 -2 -3 -2  1  2 -1  5  0 -2 -1 -1 -1 -1  1    0   0   0   0   0   0   0   0   0   0   0   0   0   0   0   0   0   0   0   0  0.00    0.00
    2 F   -2 -3 -3 -3 -2 -3 -3 -3 -1  0  0 -3  0  6 -4 -2 -2  1  3 -1    0   0   0   0   0   0   0   0   0   0   0   0   0   0   0   0   0   0   0   0  0.00    0.00
    3 I   -1 -3 -3 -3 -1 -3 -3 -4 -3  4  1 -3  1  0 -3 -2 -1 -3 -1  2    0   0   0   0   0   0   0   0   0   0   0   0   0   0   0   0   0   0   0   0  0.00    0.00
    4 D   -2 -2  1  6 -3  0  1 -1 -1 -3 -4 -1 -3 -3 -1  0 -1 -4 -3 -3    0   0   0   0   0   0   0   0   0   0   0   0   0   0   0   0   0   0   0   0  0.00    0.00
    5 N   -1  0  6  1 -3  0  0  0  1 -3 -3  0 -2 -3 -2  1  0 -4 -2 -3    0   0   0   0   0   0   0   0   0   0   0   0   0   0   0   0   0   0   0   0  0.00    0.00
    6 G    0 -2  0 -1 -2 -2 -2  5 -2 -4 -4 -1 -3 -3 -2  0 -2 -2 -3 -3    0   0   0   0   0   0   0   0   0   0   0   0   0   0   0   0   0   0   0   0  0.00    0.00
    7 N   -1  0  6  1 -3  0  0  0  1 -3 -3  0 -2 -3 -2  1  0 -4 -2 -3    0   0   0   0   0   0   0   0   0   0   0   0   0   0   0   0   0   0   0   0  0.00    0.00
    8 A    4 -1 -1 -2  0 -1 -1  0 -2 -1 -1 -1 -1 -2 -1  1  0 -2 -2  0    0   0   0   0   0   0   0   0   0   0   0   0   0   0   0   0   0   0   0   0  0.00    0.00
    9 L   -1 -2 -3 -4 -1 -2 -3 -4 -3  1  4 -2  2  0 -3 -2 -1 -2 -1  1    0   0   0   0   0   0   0   0   0   0   0   0   0   0   0   0   0   0   0   0  0.00    0.00
   10 I   -1 -3 -3 -3 -1 -3 -3 -4 -3  4  1 -3  1  0 -3 -2 -1 -3 -1  2    0   0   0   0   0   0   0   0   0   0   0   0   0   0   0   0   0   0   0   0  0.00    0.00
   11 V   -1 -2 -3 -3 -2 -1 -2 -3 -2  1  2 -2  6  0 -3 -2 -1 -2 -1  2    0   0   0   0   0   0   0   0   0   0   0   0  77   0   0   0   0   0   0  23  0.39 0.04
   12 I    0 -2 -1 -2 -1 -2 -2  2 -2  3  0 -2  0 -1 -2  1  0 -3 -2  2    0   0   0   0   0   0   0  20   0  38   0   0   0   0   0  24   0   0   0  18  0.16 0.02
   13 V   -1 -1 -1 -2 -1  2  0 -2 -2  2  0 -1  0 -2 -2  0  3 -3 -2  2    0   0   0   0   0  24   0   0   0  18   0   0   0   0   0   0  39   0   0  19  0.20 0.02
   14 I    0 -3 -3 -3 -1 -2 -3 -3 -3  3  3 -2  1  0 -3 -2 -1 -2 -2  2   15   0   0   0   0   0   0   0   0  48  37   0   0   0   0   0   0   0   0   0  0.30 0.03
   15 M   -2 -3 -1 -1 -3 -2 -1 -4 -3 -1  1 -3  9 -2 -4 -3 -1 -3 -3 -1    0   0   4   4   0   0   3   0   0   0   6   0  79   0   0   0   4   0   0   0  1.15 0.32
   16 T    0 -2  2 -2 -2 -2 -2  0 -2 -2 -3 -2 -2 -3  1  2  5 -4 -3 -2    8   0  10   0   0   0   0   7   0   0   0   0   0   0   8  12  56   0   0   0  0.55 0.18
   17 T    1  0  1  2 -2  1  2 -1 -1 -3 -3 -1  0 -3  1  2  2 -3 -3 -2   14   5   6  11   0   4  14   3   0   0   0   0   3   0   6  19  15   0   0   0  0.25 0.10
   18 T    2 -2  2 -1 -2 -1  2 -2  0  0 -2 -1 -2 -3  0  0  3 -4 -3  0   20   0  12   0   0   0  23   0   3   5   2   0   0   0   4   0  26   0   0   4  0.29 0.16
   19 T    2 -2  1 -1 -2  0  0 -2 -2 -2  0 -1  0 -3  1  1  3 -3 -3 -1   24   0   8   2   0   3   6   0   0   0  12   0   2   0   7  10  24   0   0   2  0.24 0.13
   20 N    1 -2  1  1 -2 -1  0 -1 -2 -1  0 -1 -1 -1  1  0  2 -3 -2 -1   18   0   8  10   0   2   8   2   0   2  13   0   0   4   8   5  20   0   0   0  0.16 0.10
   21 S    1 -1  0 -2 -2 -1  0 -2 -2  0 -1 -1 -1 -3  2  2  2 -4 -2  2   13   3   3   0   0   1   4   0   0   4   3   0   0   0  11  21  16   0   0  20  0.24 0.13
   22 E    1  0 -1  0 -2  1  0 -1  4 -1 -2  1 -2 -3  3  0 -1 -3 -2  0   18   4   0   4   0   9   5   2  14   4   2   9   0   0  14   4   0   0   0   9  0.22 0.11
   23 T    0  0 -1  0 -2  1  0 -3 -2 -1  1 -1 -1 -3 -1  1  4 -3 -2  0    8   4   0   7   0   9   3   0   0   0  16   0   0   0   2   7  36   0   0   8  0.25 0.16
   24 N    1 -2  3  2 -3  0  1  1 -1 -3 -3 -1 -2 -4  2  1 -1 -4 -3 -2   11   0  23  12   0   3  11  12   0   0   2   0   0   0  11   9   2   0   0   4  0.33 0.13
   25 T    1 -1 -1  2 -2  0  1  1 -2 -2 -3 -1 -2 -1 -1  2  2 -3 -2 -2   12   2   0  17   0   4   8   8   0   2   0   2   0   4   2  20  18   0   0   0  0.25 0.14
   26 L    0 -2  0  2 -2 -1  1  0  1 -1  1 -1 -1 -2  0  1  2 -3 -2 -1   10   0   2  15   0   0   8   5   5   2  19   0   0   0   3   9  18   0   0   2  0.14 0.11
   27 L    1 -2 -2 -1 -2 -1  0  1 -2  0  1 -2  1 -2  2  0  0 -3 -2  0   17   0   0   3   0   2   5  11   0   7  19   0   4   0  12   9   4   0   0   6  0.13 0.08
   28 V    0 -2  0  0 -2 -1 -1 -2  0  1  1 -2  0  1 -1  0  0  3  2  1    7   0   7   5   0   0   3   1   2  10  15   0   0   5   2  10   5   4   9  14  0.08 0.07
   29 E    0 -1  0 -1 -2  0  2 -1 -1  0  0 -1  0  0  2  0  0 -2 -1  1   11   1   6   1   0   4  19   2   0   4  13   2   3   4  10   6   4   0   0  11  0.10 0.06
   30 Q    1  1  2  1 -3  3  2  0  3 -3 -3  0 -2 -3 -2  0 -1 -3 -2 -2   12   5  12   8   0  21  13   5   8   0   0   4   0   0   0   5   2   0   0   2  0.32 0.15
   31 S    0 -2  3  1 -3 -2 -1  0  1 -3 -3 -1 -3 -1 -1  3  2 -3  1 -3    6   0  14  10   0   0   0   6   3   0   0   2   0   2   1  36  13   0   5   0  0.39 0.21
   32 P   -1 -4 -1  2 -4 -3 -1 -1 -3 -2 -2 -3 -3 -2  7  0 -3 -5 -4 -2    3   0   2  14   0   0   4   5   0   2   5   0   0   2  53   7   0   0   0   2  1.11 0.33
   33 F   -5 -6 -6 -6 -5 -6 -6 -6 -4  1 -1 -6 -3  9 -6 -5 -5 -2  1 -2    0   0   0   0   0   0   0   0   0   8   3   0   0  85   0   0   0   0   3   2  2.14 0.60
   34 L   -1 -2 -1 -4  0  0 -3 -3 -3  2  3 -2  3  0 -4 -2 -1  0 -2  2    2   2   3   0   2   4   0   1   0  12  36   1   7   3   0   2   3   1   0  19  0.34 0.19
   35 Q   -1  3  0  1 -4  3  1 -1 -1 -3 -2  3 -2 -4 -1 -2 -1 -4 -3 -3    4  18   4   9   0  19   6   4   1   1   5  25   0   0   3   0   3   0   0   0  0.43 0.23
   36 S    0 -1 -1  0  6  1  4 -3 -2 -4 -4 -2 -1 -4 -3  1  0 -4 -1 -3    7   3   1   4  19   6  40   0   0   0   0   0   1   0   0  11   4   0   3   1  0.68 0.33
   37 L   -4 -4 -6 -6 -4 -4 -5 -6 -5  2  5 -5  3 -2 -5 -5 -3 -4 -1  0    0   0   0   0   0   0   0   0   0  11  76   0   8   0   0   0   0   0   2   3  1.20 0.43
   38 V    1 -4  1 -4  1 -3 -3 -4 -4  2  1 -3  0 -2 -1 -2 -1 -4 -3  4   11   0  10   0   3   0   0   0   0  14  16   0   2   0   3   1   3   0   0  37  0.41 0.24
   39 Q   -1  5 -1  0 -5  3 -1 -4  0 -2 -3  3 -1 -4 -3 -1 -1 -5 -3 -3    3  39   2   5   0  14   2   0   1   2   1  21   1   0   0   3   4   0   0   1  0.69 0.31
   40 Q   -3  0 -3 -3  0  6 -1 -4 -3  0  2  1  1 -2 -4 -3 -3 -4 -3  1    0   4   0   0   2  45   0   0   0   6  21   7   3   1   0   0   0   0   0   9  0.70 0.37
   41 I   -3 -4 -5 -5 -3 -4 -5 -5 -5  5  3 -4  3  2 -5 -4 -1  3 -2  1    0   0   0   0   0   0   0   0   0  46  23   0   7   8   0   0   2   5   0   8  0.83 0.34
   42 R   -4  7 -1  1 -6 -2 -2 -5  2 -2 -2  0 -4 -5 -5 -2 -4 -5 -4 -5    0  74   2   8   0   0   0   0   5   3   3   2   0   0   0   3   0   0   0   0  1.44 0.52
   43 A    5 -4 -3 -4 -3 -3 -1 -2 -1 -2 -1 -3 -3 -4 -3  1  0 -5 -4 -1   70   0   0   0   0   0   3   1   2   1   7   0   0   0   0   6   5   0   0   4  0.87 0.41
   44 Y    0  0 -1 -3  0  4  0 -2  2 -1  0 -1  0  0 -3 -1 -1 -2  3 -2    8   4   1   0   3  32   2   3   6   4  11   3   1   3   0   3   4   0  12   1  0.31 0.23
   45 D   -4 -4 -1  8 -6  0  0 -2 -3 -6 -6 -3 -5 -5 -4 -3 -4 -6 -1 -5    0   0   0  85   0   5   4   3   0   0   0   0   0   0   0   0   0   0   2   0  1.90 0.58
   46 H    0  0 -1 -2 -1  0 -1  0  1 -3 -2 -1 -1 -1  2  2  3 -4 -1 -2    7   5   1   0   1   4   2   7   5   1   2   2   1   3  10  19  29   0   2   0  0.32 0.23
   47 Y   -2 -3 -1 -4  0 -2 -3 -4  4 -2  0 -3 -2  4 -4 -1  0  3  6 -1    2   0   3   0   2   2   0   0  12   0   7   0   0  21   0   5   7   4  31   4  0.75 0.33
   48 G   -1 -2  1 -1  2 -4 -4  6 -4 -6 -5 -4 -5 -5 -4 -2 -4 -5 -5 -5    3   2   6   4   4   0   0  77   0   0   0   0   0   0   0   2   0   0   0   0  1.49 0.49
   49 V    1  0 -1 -2 -2  0 -1 -1  0  0  1  0 -1 -2 -2  1  2 -3 -2  1   10   5   2   2   0   3   2   4   3   5  18   4   0   0   0  14  16   0   0  13  0.12 0.13
   50 Y   -4 -1 -1 -5  3 -1 -3  0  1 -4 -2 -4 -3  1 -1 -1 -4  9  5 -4    0   3   4   0   6   2   1   7   4   0   3   0   0   5   3   5   0  31  26   0  1.24 0.46
   51 R    1  2  0  3 -4  3  3 -3 -2 -4 -4  2 -3 -5 -3  0 -2 -5 -4 -4   11  13   2  21   0  17  21   0   0   0   0  10   0   0   0   5   0   0   0   0  0.59 0.28
   52 T   -1  2  2  1 -3  0 -1  3  1 -4 -4  2 -3 -4 -1  0  0 -4 -3 -2    3  11  13   7   0   2   2  27   3   0   0  17   0   0   2   6   5   0   0   3  0.35 0.18
   53 W   -1  0 -2 -1 -3  0 -1 -2  0 -1  2  3  0  1 -3 -2 -2  7  2 -2    3   4   1   3   0   3   2   2   2   3  22  23   2   5   0   0   2  17   7   0  0.44 0.23
   54 T   -1 -2 -1  0 -3 -1 -2 -1 -1 -4 -4 -1 -4 -5  3  5  3 -5 -4 -4    1   1   1   4   0   1   1   3   2   0   0   2   0   0  13  54  16   0   0   0  0.78 0.39
   55 D   -2 -3  1  6 -5 -2  1 -4  0 -5 -5 -1 -4 -5  3 -2 -1 -5  0 -2    2   0   5  54   0   0   6   0   3   0   0   2   0   0  17   0   3   0   4   3  1.05 0.40
   56 E    2  0 -2  0 -3  1  4  0 -2 -1 -1  0 -1 -2 -1  0  0 -4 -3 -2   20   5   0   2   0   7  34   6   0   4   4   2   2   2   2   3   4   0   0   2  0.28 0.18
   57 L    0  1 -1  1 -3  3  3 -2 -1 -3 -1  1 -2 -3 -2  0  0 -3 -1 -2    8   8   0   5   0  16  30   2   0   0   8   8   0   0   0   6   4   0   2   2  0.31 0.14
   58 V   -2  0 -3 -3 -2 -1 -2 -4 -3  2  3  1  2 -1 -3 -2 -1 -3 -2  2    0   6   0   0   0   0   0   0   0  18  33  18   6   0   0   0   0   0   0  19  0.28 0.12
   59 I    0 -3 -4 -3 -2 -2 -1 -4 -3  3  4 -3  2 -1 -3 -2 -2 -3 -2  1    6   0   0   0   0   0   6   0   0  18  53   0   7   0   0   0   0   0   0   9  0.42 0.14
   60 A    2  0  0  1 -2  2  2  0 -1 -3 -2  1  0 -3 -2  1  0 -3 -2 -2   34   4   4   7   0  10  14   4   0   0   0  10   4   0   0   7   3   0   0   0  0.24 0.10
   61 P   -2  3  0  2 -4  1  0 -2 -1 -4 -2  2 -3 -4  4  0 -1 -4 -3 -3    1  19   3  12   0   4   5   1   1   0   6  14   0   0  26   7   1   0   0   0  0.53 0.21
   62 Y   -3 -4 -4 -5 -4 -4 -4 -5  1  0  2 -4  0  6 -5 -4 -3  2  5 -1    0   0   0   0   0   0   0   0   4   4  25   0   2  38   0   0   0   2  24   2  0.96 0.33
   63 V   -2 -4 -4 -4 -2 -3 -4 -4 -4  4  2 -4  1  3 -4 -3  0 -3  0  3    0   0   0   0   0   0   0   0   0  28  17   0   2  14   0   0   6   0   3  29  0.54 0.22
   64 I   -2  1 -3 -4 -3 -2 -3 -4  0  3  3  0  1 -2 -3 -2  1 -3 -2  2    0   9   0   0   0   0   0   0   3  19  35   5   3   0   0   0  12   0   0  12  0.35 0.23
   65 P    0  0  0  1  2 -1 -1 -2 -2 -2 -1  0 -2 -3  1  1  3 -3 -3  0    4   4   4   9   6   0   1   1   0   0   7   7   0   0   7  14  30   0   0   6  0.26 0.22
   66 K    0  3  0  1 -3  0  1 -1  0 -3 -2  3 -2 -3  0  1 -1 -3 -2 -1    5  17   3   6   0   0   9   5   3   0   4  23   0   0   4  14   1   0   0   4  0.25 0.18
   67 K    0  0  0  1 -3  0  3  1  0 -2 -1  1 -2 -3  0  1 -1 -3 -1 -1    5   4   3   6   0   3  27  12   3   0   6   8   0   0   4  10   0   0   3   6  0.19 0.15
   68 K   -1  1 -1  1 -3  3  3 -2  2 -3 -2  1 -2 -3  2  0 -1 -3 -2 -1    4   5   0  10   0  17  19   1   7   0   3  11   0   0   9   5   3   0   0   5  0.33 0.20
   69 R   -1  4 -2 -2  0  2 -1  0  1 -3 -2  3 -2 -4 -3  0 -1 -4 -3 -2    4  31   0   0   2  11   0   7   5   0   2  24   0   0   0   5   2   0   0   4  0.47 0.28
   70 R   -1  4 -1  0  0  1  0  0  0 -1 -3  2 -2 -3  1 -1 -2 -3 -3 -1    3  29   0   5   3   5   5   8   2   6   1  17   0   0   7   3   0   0   0   6  0.29 0.20
   71 E    2  1  1  0 -2  1  1 -1  0 -1 -1  1 -1 -3 -2  0  1 -3 -2  0   24   7   6   3   0   7   9   3   3   1   8  11   0   0   0   2  11   0   0   5  0.14 0.14
   72 I    0  1  1  1 -2 -1  1 -2  2  0  0 -1  1 -2 -2  0  1 -3 -2  0    8   8   8   8   0   0   8   1   8   8   8   0   8   0   0   8   8   0   0   8  0.08 0.10
   73 S    1  0  0  1  3  0  0  0 -2 -1 -3 -1 -2 -3  3  1  0 -3 -3 -2   14   7   4   7   8   4   6   6   0   5   1   0   0   0  16  15   5   0   0   0  0.25 0.17
   74 L    0  0  0  1 -2  0  0  0 -2  1  1 -1  0  1 -2  1  0 -2 -1  0    4   4   6   8   0   5   5   6   0  13  14   0   0   7   0  12   7   0   0   8  0.04 0.08
   75 E   -1  0  1  1  5 -1  0  0  0  0 -1 -1  1 -1 -2  0 -1 -3  0  0    3   7   9   8  18   0   5   7   3   7   5   4   5   3   1   7   1   0   3   5  0.16 0.15
   76 G    1 -3  0  0  5 -3 -3  4 -3 -3 -3 -2 -3  1 -3  0 -1 -3  0 -3   10   0   4   5  15   0   0  43   0   0   1   0   0   6   0   6   4   0   4   0  0.58 0.26
   77 D    1  0  2  2 -2  1  1  0  1 -2 -2  0 -2 -3  0  0  1 -3 -1 -2   18   6  11  18   0   7   6   4   3   1   4   4   0   0   3   5   8   0   2   1  0.18 0.11
   78 I    0  0 -2  0 -2 -1 -1 -3 -2  0  1  0  1 -1  4 -1  0 -3 -2  1    6   6   0   5   0   0   4   1   0   6  14   5   5   3  26   1   6   0   0  12  0.31 0.15
   79 D   -1 -2  1  5 -4 -2  1 -1 -2 -4 -4 -1 -3 -4  2  1  0 -5 -4 -4    4   0   5  46   0   0   5   4   0   0   0   3   0   0  11  12   6   0   0   0  0.69 0.31
   80 P    0  1 -1  1 -2  1  1 -2 -1  0  0  1 -1 -2  2  1  1 -3 -2 -1    9   9   0   9   0   9   9   1   0   9   9   9   0   0   9   9   9   0   0   1  0.13 0.09
   81 T    0  1 -1  1 -3  0  2 -1 -2  0  0  1  1 -1  0  0  0 -3 -1 -1    7  10   1  11   0   3  15   5   0   7  10   7   4   4   4   3   4   0   1   2  0.08 0.09
   82 T    0 -2  0  0 -2 -2 -2 -1  0  2  1 -1  1 -2 -3  0  2 -3 -1  2    5   0   5   7   0   0   0   3   2  11  14   3   5   0   0   6  20   0   2  16  0.16 0.17
   83 K   -2  2 -3 -3 -3  2 -1 -4 -2  2  2  1  3 -1 -3 -2 -1 -3 -1  1    2  14   0   0   0  13   4   0   0  14  20   8   9   2   0   0   4   0   2   9  0.25 0.21
   84 L    1  2  0 -2 -3  1 -2  0 -3 -1  0  0 -2  0 -3  0  0  7 -1 -2   15  12   4   2   0   7   0   6   0   5  13   4   0   4   0   7   5  18   0   0  0.36 0.24
   85 R   -3  6  0 -1 -4  3 -1 -2  0 -4 -1  1 -2 -1 -3 -2 -3 -4  0 -4    0  51   3   3   0  14   3   3   2   0   8   5   0   2   0   0   0   0   4   0  0.76 0.38
   86 I   -1 -4 -4 -4  2 -4 -4 -4 -4  5  2 -4  1  0 -4 -3  0 -3 -2  2    3   0   0   0   5   0   0   0   0  42  19   0   3   3   0   0   5   0   0  16  0.62 0.30
   87 L   -1  2  1  1 -3  0  1  0  0 -2 -1  2 -1 -1  0  0  1 -3 -2 -2    3  12   5   8   0   3   9   7   3   0   6  17   2   3   3   7  10   0   0   3  0.14 0.11
   88 C    0  0  0 -2  2  0 -2  0  2  0  0  0  1  1 -3  0  0  4  1  0    6   6   6   0   6   6   0   6   6   6   6   6   6   6   0   6   6   6   6   6  0.09 0.14
   89 Y   -3 -4 -4 -4 -3 -4 -4 -4 -2  0  0 -4 -2  7 -4 -2 -3 -1  4  1    1   1   1   1   0   0   1   1   0   3   5   1   0  57   1   4   1   0  14  10  1.07 0.33
   90 F   -3 -3 -3 -4 -3 -3 -3 -4  2 -2  0 -3 -2  4 -4 -3 -3  0  8 -2    1   1   1   1   0   1   1   1   4   1   7   1   0  17   1   1   1   0  62   1  1.37 0.37
   91 R    0  1  3  0 -3  3  1 -1  1 -3 -3  1 -2 -3 -2  0  2 -3 -2 -2    6   7  20   3   0  21   9   2   3   1   1   5   0   0   1   3  16   0   0   1  0.34 0.16
   92 A    5  1 -2 -3  3 -2 -2 -2 -2 -3 -3 -2 -2 -3 -2  1  1 -3 -3 -2   61  10   1   1   6   1   1   1   0   1   1   1   0   0   1   6   8   0   0   1  0.61 0.26
   93 I   -1  1 -3 -3 -2 -2 -3 -3 -3  4  1 -2  1 -2 -3 -1 -1 -3 -2  4    3  10   1   1   0   1   1   1   0  28   8   1   3   0   1   3   1   0   0  38  0.42 0.19
   94 A    5 -3 -3 -3  4 -3  0  3 -3 -4 -4 -3 -3 -4 -3  1 -2 -4 -4 -3   52   0   0   0   8   0   6  19   0   0   1   1   0   0   0   9   1   0   0   1  0.79 0.38
   95 A    1  0 -2 -3  1  1 -2 -1  1  0  1  0  1 -2 -3  0  0 -3  1  0   13   7   0   0   4   7   0   5   5   4  20   5   5   0   0   5   6   0   7   6  0.11 0.16
   96 L    1  1  0  0  1  0  0  0 -2  0  0 -1  1  0 -2  0  0  2 -2  0   13   8   3   5   4   5   7   7   0   4  13   0   4   5   0   4   5   3   0   8  0.04 0.09
   97 I   -1  2 -3 -4 -3 -3 -3 -4 -3  4  2 -2  2  1 -3 -3 -1 -3 -2  2    5  12   0   1   0   0   1   1   0  34  15   1   6   5   1   1   4   0   0  13  0.43 0.21
   98 E    0 -3 -3 -1 -4 -1  6  0 -3 -4 -4 -2 -4 -4 -3  1 -3 -4 -4 -4    6   1   0   1   0   0  70   7   0   1   1   1   0   0   1   9   1   0   0   1  1.25 0.46
   99 K   -1  3 -2 -2 -4  2  3 -3  0 -3 -4  4 -1 -4 -3 -2 -2  0 -1 -3    6  18   0   0   0  11  24   1   2   2   0  28   1   0   0   0   2   1   2   1  0.62 0.33
  100 E   -1  5  1  0 -2  1  3 -2 -2 -3 -3  1 -1 -5  1 -2 -1 -5 -4 -3    3  33   8   4   1   6  21   2   0   1   2   8   1   0   6   0   3   0   0   1  0.54 0.30
  101 T   -2  0 -2 -4  5 -3 -3 -4 -4  0 -1 -3 -3 -1  1  2  5 -5 -4 -3    1   6   1   0  13   0   0   0   0   6   4   0   0   3   6  18  42   0   0   0  0.73 0.42
  102 G   -2  0 -1  1 -1 -4 -4  7 -5 -6 -6 -3 -5 -6 -5 -1 -4 -6 -6 -6    1   5   2   8   1   0   0  78   0   0   0   1   0   0   0   4   0   0   0   0  1.61 0.58
  103 L    0  1 -2 -3  1  0 -1 -1  0  0  2  0  0 -1  0 -1 -1 -3 -1  1   10   9   0   0   3   5   4   4   3   6  29   8   1   2   4   1   2   0   2   9  0.10 0.13
  104 L   -2 -2 -4 -2 -4  3 -2 -2 -2  1  2 -3  6 -1  0 -2 -2 -4 -3  1    1   2   0   2   0  14   2   2   1   6  20   0  29   3   5   3   1   0   0   8  0.51 0.33
  105 C    3 -1 -3 -4  4 -3 -3 -2  2  2 -2 -2  0 -3 -2  0  2 -4 -3  1   27   4   0   0   9   0   0   1   6  13   1   1   2   0   1   4  18   0   0  13  0.36 0.27
  106 Q    0  1  1 -2 -1  2  0 -1 -2 -1 -1  0  0 -3  0  3  0 -4 -2  0    8  10   6   0   1  14   5   3   0   3   4   2   2   0   5  25   4   0   1   7  0.20 0.19
  107 V    0 -2 -3  0 -1 -1 -1 -3  2 -1 -2 -2 -3 -4  5  2  1 -4 -1  1    5   2   0   4   1   3   4   0   6   4   4   0   0   0  31  15   7   0   2  12  0.52 0.28
  108 V    0 -3 -3  0  2 -2 -3 -3 -3  2  1 -3  5  2 -3  0  0 -3 -2  1   10   0   0   6   4   0   0   0   0  12  10   0  27  10   0   5   7   0   0   8  0.30 0.22
  109 V    0 -3 -3 -3 -2 -1 -1 -3 -3  3  2 -2  4  1 -3 -1  0 -3 -2  2    8   0   0   0   0   4   4   0   0  24  16   0  16   5   0   5   6   0   0  13  0.27 0.18
  110 D    0  1  2  3 -3  1  2 -1  2 -3 -2  1  0 -3 -2  0  0 -4 -2 -3    6   6  11  17   0   3  20   4   5   0   3  10   4   0   0   7   5   0   0   0  0.28 0.15
  111 L   -1  0 -1 -4 -3 -3 -4 -4 -3  3  2 -3  6  1 -4 -3 -2 -3  0  1    5   5   4   0   0   0   0   0   0  18  20   0  28   5   0   0   0   0   4  10  0.52 0.28
  112 N   -2  1  4  1 -4  0 -1  1  2 -4 -4  3 -3 -4 -3  1  1 -5 -3 -4    0   7  26   8   0   3   0  10   6   0   0  22   0   0   0  12   7   0   0   0  0.49 0.25
  113 H   -1 -1  1 -1  2  0 -1  0  6 -3 -3 -2 -3  1  3  0  0 -3  2 -2    2   2   6   3   5   3   2   6  25   0   0   0   0   6  15   9   5   0   7   2  0.44 0.23
  114 E    0  1 -1  1 -2  1  1 -2 -2 -1  0  1  2 -2 -2  1  1 -3 -2  0    9   9   0   9   0   9   9   0   0   0   9   9   9   0   0   9   9   0   0   9  0.13 0.12
  115 G    0  1  1  1 -3 -1  1  4 -2 -4 -4  1 -3 -4 -2  0  1 -4 -3 -3    8   9   6   9   0   0   8  38   0   0   0   8   0   0   0   6  10   0   0   0  0.43 0.17
  116 F    1 -3 -1 -3 -2 -2 -3 -3 -2  0  0 -2  0  4  2  1  0  2  1  0   18   0   3   0   0   0   0   0   0   3   9   0   3  24  13  10   5   3   3   5  0.28 0.18
  117 G   -1 -3 -2  0 -4 -3 -3  6  2 -5 -5 -3 -4 -4 -3  2 -2 -4 -3 -4    0   0   0   4   0   0   0  70   6   0   0   0   0   0   0  15   0   0   0   0  1.12 0.34
  118 W   -1  5 -2  0 -3  0 -2 -1 -2 -4 -3  0 -3 -3  0  1 -1  7 -1 -3    3  38   0   6   0   2   0   4   0   0   1   2   0   0   5  14   3  17   2   0  0.64 0.26
  119 A    2 -2 -2  0  3 -2 -2  1 -3  1  0 -2  2 -2 -2  0 -1 -3 -2  2   23   0   0   7   8   0   0   9   0   6   7   0   7   0   0   6   0   0   0  22  0.17 0.14
  120 L    0 -2 -2 -3  3 -2 -2 -3  1  1  1 -2  1  2 -3 -1  0  3  0  1    8   0   0   1  10   0   1   1   5   9  19   1   5  11   0   5   5   5   0  14  0.18 0.11
  121 V    0 -2 -2  0  2 -2 -2 -3 -2  2  2 -2  0  2 -2 -1 -1 -2  1  2    6   1   0   7   7   0   1   1   0  13  19   1   0  10   1   6   1   0   4  22  0.15 0.10
  122 W   -1 -2 -2 -1  2 -2 -2 -3 -2  1  0 -2  1  3 -2  1  1  3  2  1    3   0   0   4   5   0   1   1   0  10   5   0   4  17   0  13  14   4  10   8  0.18 0.13
  123 G    1  0 -2 -2  6 -2 -2  0  2 -2 -2 -2 -2 -2 -2  1  2 -3  0  0   13   6   0   0  21   0   1   9   7   0   1   0   0   0   0  10  16   0   5  10  0.29 0.18
  124 G    0 -1  1  1 -3 -1  1  4 -2 -4 -4 -1 -3 -4  1  0 -2 -3 -3 -3    4   4   6   7   0   0  11  47   0   0   1   3   0   0   8   6   1   0   0   1  0.54 0.20
  125 K   -1  1  1  1 -3  0  1  1  3 -3 -3  1 -2 -1 -2  0 -1  5  2 -3    1  10   9  10   0   0  10  10   9   0   1  10   0   0   0  10   1   9   9   1  0.27 0.14
  126 L   -1 -1 -3 -3 -2 -2 -3  0 -3  1  3  0  1  1 -3 -2  0  1  0  1    5   4   0   1   0   0   1   8   0   7  41   6   2   5   1   1   4   2   4   8  0.22 0.16
  127 M    0 -3 -4 -4  2 -3 -3 -4 -4  4  1 -3  1 -2 -3 -3 -2  5 -2  3    8   1   0   1   4   0   1   1   0  30  14   1   4   0   1   1   1   9   0  24  0.54 0.25
  128 V    0 -3 -3 -3 -2 -3 -3  0 -3  2  2 -3  2 -2 -3  0 -1 -3 -2  3    8   1   0   1   0   0   1   8   0   9  24   1   5   0   1   9   1   0   0  30  0.33 0.22
  129 V    0 -3  0 -3  2 -2 -1  0 -2  1  1 -2  1  1 -3 -1 -1  2  1  2    5   0   7   0   5   0   4   8   0   5  16   0   4   8   0   4   0   3   5  25  0.15 0.15
  130 S   -1 -2  2  1  2  1  0 -1  0  0 -2 -2  0 -2 -3  2  1  5  0 -1    3   0  14   7   6   6   4   3   2   7   3   1   3   0   0  16   7   9   3   4  0.22 0.18
  131 R   -1  3 -1  0 -4  1  0 -1  1 -3 -2  3 -2  0 -1  2 -1 -3 -1 -2    2  15   2   4   0   5   6   3   3   0   2  26   0   6   2  16   2   0   2   2  0.32 0.24
  132 S    0 -1  0 -2 -2 -1 -2  0  3 -1  0 -2  0  1 -1  1  2 -2  2  1    5   3   3   0   0   3   1   6   9   2  10   0   2   7   2  14  14   0   7  10  0.12 0.15
  133 L   -2 -4 -4 -4  4 -3 -4 -2  0  1  4 -4  1  1 -1 -2 -2  2 -1  0    0   0   0   0  10   0   0   4   3   9  47   0   2   7   3   4   0   3   1   6  0.47 0.25
  134 R   -3  7 -3 -4  1 -2 -1 -5 -3 -5 -2  0 -4 -5  1 -1 -3  2 -4 -5    1  72   0   0   4   0   2   0   0   0   3   2   0   0   8   3   0   3   0   0  1.41 0.53
  135 D    0 -3  3  6 -5  0  0  2 -1 -5 -5  0 -4 -5 -4 -2 -3 -6 -5 -5   11   0  13  50   0   3   3  14   1   0   0   6   0   0   0   0   0   0   0   0  0.93 0.39
  136 A    2 -1 -3 -4 -3 -3 -3  1  1  2  0 -3 -1 -2 -3 -1  0 -4  0  4   17   3   0   0   0   0   0  12   4  10   5   0   0   0   0   3   6   0   3  38  0.34 0.24
  137 H   -2  3  2 -1 -4  2  1 -2  5 -1 -2  1 -2  0 -1  0 -2 -3  0 -3    0  16  14   2   0  11   6   2  21   4   3   7   0   5   2   5   0   0   2   0  0.38 0.19
  138 R   -1  5  0 -2  2  2 -1 -2  1 -4 -3  1 -3 -4  2  0  0 -4 -3 -3    4  37   3   0   6  10   0   2   3   0   0   8   0   0  11   8   7   0   0   0  0.52 0.22
  139 F   -4 -5 -5 -6 -5 -5 -5 -6 -3 -2  1 -5 -2  8 -6 -5 -4 -1  4 -3    0   0   0   0   0   0   0   0   0   0  14   0   0  74   0   0   0   0  11   0  1.77 0.47
  140 G    0 -3  1 -2  1  0 -2  4 -3 -3  0 -2  1 -3  2  0 -2 -3 -3 -3    9   0   7   0   4   4   0  41   0   0  12   0   4   0   9   7   0   0   0   0  0.45 0.19
  141 F   -1 -5 -4  0 -4 -5 -4 -5 -3 -2 -2 -5 -2  8 -5 -4 -4 -1  3 -3    6   0   0   8   0   0   0   0   0   0   0   0   0  81   0   0   0   0   6   0  1.63 0.41
  142 D    1  0  1  2 -3 -1  3 -1  1 -2 -2  0 -2 -4 -1  0  2 -4 -3 -2   12   5   5  15   0   0  23   3   5   2   2   4   0   0   2   4  18   0   0   1  0.30 0.17
  143 T   -1 -3  2  1 -3 -1 -1 -3  1 -4 -4 -2 -3 -4 -3  4  4 -5 -3 -3    3   0  10   7   0   2   3   0   3   0   0   0   0   0   0  45  26   0   0   0  0.71 0.34
  144 L   -1 -1 -4 -4  1 -2 -3 -4 -3  2  3 -2  2  2 -2 -2 -1  0  0  1    3   4   0   0   3   2   0   0   0  10  44   2   5  10   2   1   2   1   3   9  0.35 0.17
  145 E    0  1  0  3 -4  1  4 -1 -2 -3 -2  0 -3 -4 -3  0 -2  1 -3 -2    7   8   2  22   0   4  34   4   0   0   4   2   0   0   0   8   0   3   0   3  0.46 0.22
  146 K    0  1  0  0 -4  3  1 -3  1 -4 -4  4 -3 -4 -3  0 -1 -4 -3 -3    9   4   3   5   0  16  10   0   4   0   0  40   0   0   0   7   2   0   0   2  0.55 0.26
  147 L    0 -4 -5 -5  1 -4 -4 -5 -4  1  5 -4  3 -2 -2 -3 -1 -4 -3  1    7   0   0   0   2   0   0   0   0   6  68   0   6   0   2   0   3   0   0   6  0.79 0.31
  148 N    3 -1 -1  0  3  0  1 -1 -2  0 -2  0  0 -2 -2  0  0 -3 -1  0   31   3   3   4   7   4  11   2   0   5   2   6   3   2   1   5   3   0   1   7  0.16 0.14
  149 D    1  0  0  2 -3  2  3  0  0 -3 -1  1 -2 -3 -3  0 -1 -4 -3 -2   13   2   4  15   0   8  22   5   2   1   5  10   0   1   0   6   1   0   0   3  0.28 0.17
  150 Q    1  1 -2  0  0  1  3 -2 -2 -1 -1  2 -2  0 -3  0  0 -3  1 -2   14   6   0   4   2   5  22   2   0   4   4  15   0   3   0   3   7   0   7   1  0.20 0.16
  151 G    3 -5 -3 -4 -4 -4 -4  6 -5 -6 -6 -4 -5 -6 -4 -1 -2 -5 -5 -5   24   0   0   0   0   0   0  71   0   0   0   0   0   0   0   3   2   0   0   0  1.53 0.49
  152 T   -1  0 -1  3 -1  1  4 -1 -1 -3 -2 -2 -3 -4 -3 -1  1 -5 -4 -1    5   4   2  19   1   5  34   4   1   0   5   0   0   0   0   2  11   0   0   6  0.46 0.26
  153 K    0  2 -1 -2 -4  0  1 -1 -3 -2 -4  5 -3 -5 -3  1  0 -5 -4 -4    8  11   2   0   0   3   8   4   0   2   0  43   0   0   0  12   6   0   0   0  0.61 0.31
  154 L   -1 -3 -2 -4  3 -1 -2 -4  0  3  3 -2  0  1 -4 -2 -1  1  1  1    4   0   2   0   8   3   3   0   3  20  32   1   1   4   0   2   2   2   7   7  0.33 0.19
  155 A   -1 -5 -5 -5 -1 -4 -5 -5 -5  4  2 -4  0 -2 -5 -2  0 -5 -3  4    4   0   0   0   1   0   0   0   0  31  17   0   2   0   0   2   4   0   0  39  0.81 0.34
  156 N    0  1  1  2  1  1  2  0  2 -3 -3  1 -3 -4 -3  1 -1 -4 -3 -3    9   8   7  14   4   7  16   6   6   0   2   9   0   0   0   9   2   0   0   1  0.27 0.15
  157 A    0 -1  1  3 -3  1  3  0  1 -2 -2  1 -3 -3 -3  1 -1 -4  0 -1    6   0   5  16   0   6  21   7   4   1   2  12   0   0   0  10   2   0   4   4  0.27 0.17
  158 G    5 -4 -3 -4  1 -3 -4  4 -4 -2 -4 -3 -4 -5 -4 -1 -3 -5 -4 -2   62   0   0   0   3   0   0  28   0   2   0   0   0   0   0   3   0   0   0   2  1.10 0.44
  159 I   -1 -4 -4 -5  0 -3 -4 -5 -4  2  4 -4  3  0 -2 -2  1 -4 -3  3    3   0   0   0   2   1   0   0   0  11  42   0   7   4   1   1   9   0   0  19  0.56 0.26
  160 E    2  0  0  0 -3  1  3  0 -2 -3 -2  2 -3 -4 -1  0  1 -4 -3 -2   24   4   3   3   0   7  21   6   0   0   2  14   0   0   1   5   9   0   0   1  0.32 0.21
  161 L    1  2 -1 -4 -3 -1 -3 -3 -3  1  2  1  3  0 -3 -2 -1  4 -2 -1   13  12   3   0   0   2   0   0   0   9  26  10  10   3   0   1   4   7   0   0  0.29 0.21
  162 V    2 -1 -4 -5 -3 -3 -4 -4 -4  5  2 -2 -1 -1 -4 -3 -1  2  0  1   20   3   0   0   0   0   0   0   0  41  16   3   0   1   0   0   4   3   3   7  0.54 0.29
  163 N    0  2 -1  1 -4  1  5  0  1 -3 -4  0 -3 -2 -3  0 -2 -4 -1 -4    8  11   2   8   0   4  42   8   3   2   0   2   0   2   0   6   2   0   3   0  0.50 0.27
  164 K    1  4  0 -2  0  2  1 -3 -2 -2 -2  3 -2 -4 -2 -1  1 -4 -3 -3   12  24   4   1   3  10   7   0   0   3   2  22   0   0   1   2   8   0   0   0  0.42 0.24
  165 F   -4 -4 -4 -5  1 -4 -5 -5  3 -2 -2 -5 -3  5 -5 -3 -4  2  8 -3    0   0   0   0   3   0   0   0   8   2   3   0   0  29   0   1   0   2  51   0  1.61 0.52
  166 P   -3  2 -2 -3 -4 -3 -2 -2 -1 -4 -4  1 -4  3  6  1 -3 -4 -2 -4    0  11   1   0   0   0   2   2   1   0   0   8   0  16  46  11   0   0   0   0  1.05 0.38
  167 E   -1 -1 -1  4 -5  1  5 -2  1 -5 -5  0 -4 -5 -3 -1 -1 -5 -4 -4    5   1   2  27   0   3  49   1   3   0   0   4   0   0   0   2   2   0   0   0  0.90 0.35
  168 V    1 -4 -4 -5 -3 -4 -4 -4 -4  3  1 -4 -1  2 -2 -3 -2 -4 -2  5   13   0   0   0   0   0   0   0   0  15  11   0   0  10   2   0   0   0   0  51  0.65 0.29
  169 A    6 -2 -3 -3  1 -2 -3 -1 -3 -3 -2 -1 -3 -4  1  0 -2 -4 -4 -2   78   2   0   0   2   0   0   1   0   0   3   3   0   0   6   5   0   0   0   0  0.92 0.36
  170 R   -1  5  2 -2 -4  1  0  0  2 -4 -4  2 -3 -4 -3  0  0 -4 -3 -3    3  42  15   0   0   3   3   9   6   0   0  14   0   0   0   3   4   0   0   0  0.54 0.17
  171 L   -2 -3 -4 -4 -2 -3 -4 -4 -3  2  4 -3  1  3 -4 -3 -2 -2 -1  1    0   0   0   0   0   0   0   0   0  10  68   0   0  14   0   0   0   0   0   7  0.53 0.10

                      K         Lambda
Standard Ungapped    0.1388     0.3226
Standard Gapped      0.0410     0.2670
PSI Ungapped         0.1356     0.3178
PSI Gapped           0.0415     0.2670
