
Last position-specific scoring matrix computed, weighted observed percentages rounded down, information per position, and relative weight of gapless real matches to pseudocounts
           A  R  N  D  C  Q  E  G  H  I  L  K  M  F  P  S  T  W  Y  V   A   R   N   D   C   Q   E   G   H   I   L   K   M   F   P   S   T   W   Y   V
    1 M   -1 -1 -2 -3 -1  0 -2 -3 -2  1  2 -1  5  0 -3 -2 -1 -1 -1  1    0   0   0   0   0   0   0   0   0   0   0   0 100   0   0   0   0   0   0   0  0.33 0.00
    2 H   -2  0  1 -1 -3  0  0 -2  8 -3 -3 -1 -2 -1 -2 -1 -2 -2  2 -3    0   0   0   0   0   0   0   0 100   0   0   0   0   0   0   0   0   0   0   0  0.88 0.01
    3 S    0  4  0 -1 -2  0  0 -1 -1 -3 -2  1 -1 -3 -1  3  1 -3 -2 -2    0  45   0   0   0   0   0   0   0   0   0   0   0   0   0  55   0   0   0   0  0.39 0.00
    4 P   -1 -2 -2 -2 -3 -1 -1 -2 -2 -3 -3 -1 -3 -4  8 -1 -1 -4 -3 -2    0   0   0   0   0   0   0   0   0   0   0   0   0   0 100   0   0   0   0   0  2.08 0.03
    5 L   -1 -3 -3 -3 -1 -2 -3 -4 -3  3  3 -3  1  0 -3 -2 -1 -2 -1  3    0   0   0   0   0   0   0   0   0  31  36   0   0   0   0   0   0   0   0  33  0.34 0.01
    6 P   -1 -2 -1 -2 -3 -1 -1 -2  4 -3 -3 -1 -2 -3  7 -1 -1 -3 -1 -3    0   0   0   0   0   0   0   0  27   0   0   0   0   0  73   0   0   0   0   0  1.45 0.04
    7 P    0 -2 -1 -1 -2 -1 -1 -2 -2 -3 -3 -1 -2 -3  7  1  0 -4 -3 -2    0   0   0   0   0   0   0   0   0   0   0   0   0   0  77  23   0   0   0   0  1.50 0.04
    8 T    0 -1  0  0 -2  0  2 -2 -1 -1 -2  0 -1 -3 -1  1  4 -3 -2 -1    0   0   0   0   0   0  27   0   0   0   0   0   0   0   0   0  73   0   0   0  0.42 0.03
    9 S    1 -1  0  0 -1  0  0  0 -1 -3 -3  0 -2 -3 -1  4  1 -3 -2 -2    0   0   0   0   0   0   0   0   0   0   0   0   0   0   0 100   0   0   0   0  0.52 0.04
   10 T    0 -2 -1 -1 -2 -1 -1  2 -2 -2 -2 -1 -2 -3  4  1  3 -3 -2 -1    0   0   0   0   0   0   0  27   0   0   0   0   0   0  23   0  50   0   0   0  0.51 0.02
   11 R   -2  4 -1  2 -3  0  0 -2 -1 -1  1  1  0 -2 -2 -1 -1 -3 -2 -1    0  52   0  21   0   0   0   0   0   0  27   0   0   0   0   0   0   0   0   0  0.31 0.02
   12 D    0 -1  3  3 -2  0  0 -1  0 -2 -2  0 -2 -2 -1  2  0 -2 -2 -2    2   1  28  30   0   1   1   2   0   1   2   1   0   1   1  25   1   0   1   1  0.34 0.01
   13 D   -1 -1  0  3 -2  0  0 -2  4  1 -1 -1 -1 -1 -1 -1 -1 -2  0  0    2   1   1  30   0   1   1   2  28  24   2   1   0   1   1   1   1   0   1   1  0.20 0.01
   14 G    0 -1 -1 -1 -1 -1 -1  3 -1 -2 -2 -1 -1 -2  4  0 -1 -1 -1 -1    3   2   2   2   1   2   3  32   1   2   4   3   1   2  30   3   3   1   1   3  0.44 0.01
   15 R   -1  4  0 -1 -2  1  0 -1  0 -2 -1  1 -1 -1 -1  0 -1 -1 -1 -1    3  58   2   2   1   2   3   3   1   2   4   3   1   2   2   3   3   1   1   3  0.31 0.01
   16 G    0 -1  0 -1 -1 -1 -1  4 -1 -2 -2 -1 -1 -2 -1  1  0 -1 -1 -1    3   2   2   2   1   2   2  43   1   2   3   2   1   1   2  24   2   1   1   2  0.30 0.01
   17 M   -1 -1 -1 -1 -1  0 -1 -1  3  0  1 -1  4  0 -1 -1 -1 -1  0  0    3   2   2   2   1   2   2   3  18   2   3   2  46   1   2   3   2   1   1   2  0.15 0.03
   18 M   -1 -1 -1 -2 -1 -1 -1 -2 -1  2  2 -1  3  0 -1 -1  0 -1 -1  1    3   2   2   2   1   2   2   3   1  24  21   2  24   1   2   3   2   1   1   2  0.10 0.01
   19 D   -1 -1  0  4 -2  0  0  2 -1 -2 -2 -1 -2 -2 -1  0 -1 -2 -2 -2    3   2   2  42   1   2   2  25   1   2   3   2   1   1   2   3   2   1   1   2  0.31 0.02
   20 R   -1  4  2 -1 -2  0 -1 -1  0  1 -1  1 -1 -2 -2 -1 -1 -2 -1  0    2  41  23   1   0   1   1   1   0  19   2   1   0   1   1   1   1   0   1   1  0.22 0.02
   21 N   -1 -1  3 -1 -2 -1 -1 -1  4 -2 -2 -1 -1  2 -2  2  0 -2  1 -2    0   0  23   0   0   0   0   0  20   0   0   0   0  22   0  36   0   0   0   0  0.29 0.04
   22 V   -1  1 -2 -2 -1 -1 -2 -3 -2  2  0 -1  0 -1 -2 -1  2 -3 -2  3    0  17   0   0   0   0   0   0   0  18   0   0   0   0   0   0  20   0   0  45  0.20 0.03
   23 A    3 -2  2 -1 -2 -1 -1 -1 -2 -2 -2 -1 -2 -2  3  0 -1  6 -1 -2   48   0  17   0   0   0   0   0   0   0   0   0   0   0  18   0   0  17   0   0  0.55 0.08
   24 V   -1  1 -2 -2 -2 -1 -2 -2 -2  1  0 -1  0  1  3  1  0 -2 -1  2    0  12   0   0   0   0   0   0   0  17   0   0   0  12  17  18   0   0   0  23  0.20 0.04
   25 A    3 -2 -2 -2 -1 -1 -1 -1 -2  1 -1 -1 -1 -2  2  1  0 -3 -2  1   41   0   0   0   0   0   0   0   0  12   0   0   0   0  12  17   0   0   0  17  0.26 0.05
   26 T   -1  0 -1 -2 -1 -1 -1 -2 -2  1  1  2  0 -1 -2  0  2 -3 -2  2    0   0   0   0   0   0   0   0   0   0  25  25   0   0   0   0  25   0   0  25  0.14 0.03
   27 P   -1 -2 -2 -2 -3 -2 -2 -3 -3 -3 -3 -1 -3 -4  7 -1  0 -4 -3 -3    0   0   0   0   0   0   0   0   0   0   0   0   0   0  92   0   8   0   0   0  1.99 0.10
   28 S    0 -1  0  1 -2  1  0 -2 -1  0  1 -1  0 -2 -2  2  1 -3 -2  0    0   0   0  14   0   9   0   0   0   0  18   0   0   0   0  37   9   0   0  14  0.15 0.03
   29 H    1 -1  0 -2 -2  0 -1 -2  7 -2 -2 -1 -1 -2 -2 -1 -1 -3  1  0   18   0   0   0   0   0   0   0  69   0   0   0   0   0   0   0   0   0   0  14  0.68 0.08
   30 R   -1  4 -1 -2 -2  0 -1  1 -1 -2 -1  1 -1 -3 -2  1  1 -3 -2 -2    0  52   0   0   0   0   0  13   0   0   8   0   0   0   0  19   9   0   0   0  0.36 0.05
   31 K   -1  0  1 -1 -2  1  1 -2  2 -2  0  1 -1 -2  2  0  1 -3 -1 -1    0   0  11   0   0   8   9   0   8   0  13  17   0   0  13   7  15   0   0   0  0.21 0.02
   32 R   -1  3  0  1 -3  0  0 -2  3 -2  0  0  2 -2  1  0 -1 -3 -1 -2    0  31   0  13   0   0   0   0  16   0   9   0  13   0   7  11   0   0   0   0  0.23 0.04
   33 G    0  0  0 -1 -2 -1  0  4  4 -3 -3 -1 -2 -3 -2  0  0 -3 -1 -2    9   8   0   0   0   0   8  45  20   0   0   0   0   0   0   0  11   0   0   0  0.42 0.04
   34 G   -1  1  2 -1 -2  0  0  1  2 -2 -2  0 -1  1 -2  0  2 -2 -1 -2    0  13  16   0   0   0   8  17   8   0   0   0   0  13   0   0  26   0   0   0  0.18 0.03
   35 P   -1  0 -2 -2 -3 -2 -2 -2 -2 -2 -1 -1 -1  3  6 -1 -1 -2 -1 -2    1   6   0   1   0   0   1   1   0   1   7   1   0  20  59   1   1   0   0   1  1.04 0.08
   36 A    2  1  0  1 -1 -1 -1 -1 -1 -2 -2  0 -1  0 -1  2  2 -3 -1 -1   25  10   0  10   0   0   0   0   0   0   0   0   0   6   0  34  15   0   0   0  0.25 0.05
   37 F   -1 -1  0 -2 -2  1 -1 -2  1 -1  0 -1 -1  3 -2  1  2 -1  2 -1    0   0   6   0   0  15   0   0   6   0   8   0   0  26   0   9  25   0   5   0  0.20 0.05
   38 S    1 -2  1 -2 -2 -1 -1 -1 -1  0 -1 -1 -1  3 -2  2  1 -1  2 -1   14   0   7   0   0   0   0   0   0  12   0   0   0  21   0  31   6   0   9   0  0.18 0.05
   39 E   -1  1 -1 -1 -3  1  2 -2 -1 -2 -1  0 -2  0  5  1 -1 -3 -1 -2    0  10   0   0   0   6  22   0   0   0   5   0   0   8  37  13   0   0   0   0  0.59 0.06
   40 P    0 -2 -2 -2 -2  0 -1 -2 -2  0 -2 -1 -1  0  6  0  0 -2 -1 -1    8   1   1   1   0   5   1   1   0   9   1   1   0   7  51   7   6   0   0   1  0.79 0.06
   41 L   -1 -1 -1  1 -2  0  1 -2  2  0  1 -1  0  0  0 -1  0 -1  1  0    1   1   1  10   0   6  10   1   7   1  30   1   0   0   5   1   9   0   8   8  0.08 0.02
   42 A    1  1  1 -1 -2  2  0  1  2 -2 -1  1 -1 -3 -2  1  0 -3 -2 -2   12   8   8   0   0  20   0  15   7   0   6   6   0   0   0  13   5   0   0   0  0.19 0.03
   43 Y    1 -2 -2  0 -2 -2 -2 -2  0 -1  0 -2  1  3 -3  0 -1  0  5 -1   14   0   0   6   0   0   0   0   0   0   5   0   6  13   0  11   0   0  45   0  0.40 0.08
   44 H    0  2  2 -1  2  1  1 -1  3 -3 -2  0 -2 -2 -2  2  0  2 -1 -2    4  18  11   0   6   5   7   0  16   0   0   0   0   0   0  25   0   4   0   0  0.25 0.05
   45 T    0  0  1 -1 -1  0 -1 -2 -1  0  0 -1  2 -2 -2  1  3 -2 -2  0    0   5   6   0   0   5   0   0   0   7   7   0  14   0   0  18  33   0   0   4  0.18 0.06
   46 K   -1  2 -1  0 -2  2  1 -2 -1 -1 -1  3 -1 -2 -2 -1  0 -3 -2  0    3  11   0   5   0  14  11   0   0   4   5  30   0   0   0   0   6   0   0   9  0.22 0.06
   47 T   -1  0 -1  0 -2 -2 -2 -3 -2  2  2 -1  0 -1 -2  0  1 -3 -2  2    0   8   2   7   0   0   0   0   0  15  26   0   0   0   0   5  14   0   0  24  0.16 0.07
   48 A    0 -2 -1  0 -3 -2 -2  5 -3 -4 -4  0  0 -4 -2  1 -2 -4 -4 -3    4   0   0   6   0   0   0  68   0   0   0   6   3   0   1  11   0   0   0   0  0.89 0.21
   49 T   -2  5  0 -2 -3  0 -1 -1 -1 -3 -3  3 -2 -3 -2  0  0 -3 -3 -3    0  50   3   0   0   0   0   5   0   0   0  26   0   0   0   5   8   0   0   0  0.67 0.20
   50 V   -2 -3 -3 -3 -2 -3 -3 -3 -3  2  4 -3  1  0 -1 -2 -1 -2 -2  2    0   0   0   0   0   0   0   1   0  15  56   0   0   3   3   3   2   0   0  14  0.43 0.14
   51 T    2 -2 -2 -2 -2 -2 -2 -1 -3  0  0 -2 -1  1 -2  1  3 -3 -1  1   26   0   0   0   0   0   0   2   0   5   8   0   0   8   0   7  29   0   0  17  0.24 0.13
   52 A   -1  0  1 -2 -4 -1 -2 -2  9 -4 -2 -2 -3 -3 -3  0 -2 -4  0 -4    6   3   7   0   0   0   0   3  70   0   4   0   0   0   0   6   0   0   0   0  1.32 0.33
   53 Y   -2 -3 -3 -1 -3 -3 -3 -4 -1  0  2 -3 -1  3 -4 -1 -2  0  6  0    0   0   0   4   0   0   0   0   0   4  25   0   0  10   0   5   0   0  48   4  0.71 0.22
   54 H    3 -2 -2 -2 -2 -2 -2  1  3 -1 -1 -2 -1 -2 -2  1  1 -3 -2  0   50   0   0   0   0   0   0   8  10   2   5   0   0   2   0   9  10   0   0   5  0.34 0.16
   55 I    0 -3 -3  1 -3 -1 -2 -2 -2  2  0 -3 -1  5 -3 -2 -1 -1  0  1    9   0   0  10   0   4   0   3   0  13   2   0   0  41   0   0   3   0   0  15  0.36 0.16
   56 P   -3 -3  1  6 -5 -2  1 -3 -2 -4 -3 -2 -4 -5  3 -2 -2 -5 -4 -4    0   0   4  73   0   0   3   0   0   0   3   0   0   0  16   0   0   0   0   0  1.25 0.30
   57 P    4  2 -2 -3 -2 -1 -2 -2 -2 -2  1  0 -1 -3  0  0 -1 -3 -3 -1   62  13   0   0   0   0   0   0   0   0  15   4   0   0   3   0   3   0   0   0  0.47 0.21
   58 A    1 -3 -3 -4 -2 -1 -3 -3 -3  1  0 -3  1  0 -3 -2  0  2  0  4   14   0   0   0   0   4   0   0   0   2   3   0   3   4   0   0   4   3   2  61  0.46 0.20
   59 S   -1 -3 -3 -4 -2 -3 -3 -4  0  0  4 -3  1 -1  0 -1 -1 -3 -2  0    5   0   0   0   0   0   0   0   3   1  77   0   2   0   5   6   2   0   0   0  0.61 0.22
   60 V   -1 -3 -2 -3  2 -3 -2 -3 -3  3  1 -3  0  1 -1 -2 -1 -3 -1  3    0   0   3   0   6   0   3   2   0  29  11   0   0   7   2   0   2   0   2  34  0.32 0.14
   61 S    0  0  0 -2 -2 -1 -2 -1 -2 -3 -4 -1 -3 -4 -2  6  1 -4 -3 -2    0   4   1   0   0   0   0   2   0   0   0   0   0   0   0  87   3   0   0   3  0.96 0.32
   62 L    3  0 -2 -3 -2 -2 -2 -1  0  1 -1 -1  0 -1 -2  0  2 -3 -2  1   37   7   0   0   0   0   0   3   3  12   3   0   2   1   0   0  20   0   0  11  0.22 0.13
   63 G    0 -1 -1 -3  3 -2 -3  0 -1  1  0 -2  0  3 -3 -1 -1 -2  0  1    9   4   3   0  10   0   0   8   2  11   3   0   2  26   0   3   2   0   0  17  0.18 0.11
   64 Q   -2 -1 -4 -4 -2 -1 -2 -4 -1  0  4 -2  1  1 -3 -3 -2  1 -1  0    2   3   0   0   0   3   2   0   2   0  77   2   0   4   0   0   0   2   0   2  0.60 0.21
   65 V    4 -1 -2 -3  0 -2 -2 -1 -2 -1 -1 -2 -2 -1 -1  1  0 -3 -2  0   69   3   0   0   2   0   0   0   0   2   5   0   0   2   2   8   4   0   0   3  0.51 0.20
   66 G   -1 -3 -1 -2 -4 -3 -3  6 -1 -3 -3 -3 -3 -4 -3 -1 -2 -4 -4 -4    0   0   2   0   0   0   0  89   2   1   2   0   0   0   0   0   2   0   0   0  1.39 0.28
   67 S   -1 -1 -3 -3 -2 -2 -3 -3 -3  4  0 -2  3 -1 -1  0 -1 -3 -2  3    3   4   0   0   0   0   0   0   0  40   3   0  10   0   2   8   0   0   0  28  0.38 0.15
   68 P   -1  3  1 -2 -4  1  0 -2  2 -3 -3  4 -2 -4  1 -1 -2 -4 -2 -3    5  20   6   0   0   3   0   0   7   0   0  50   0   0   7   0   0   0   0   0  0.60 0.19
   69 D   -2  7 -2  0 -4  0  0 -3  0 -4 -3  1 -3 -4 -3 -2 -1 -4 -3 -4    2  82   0   6   0   2   3   0   1   0   0   0   0   0   0   0   3   0   0   0  1.21 0.30
   70 Q    1 -1  3 -1 -2  0 -1 -1  1 -3 -3  0 -2 -3 -2  4  0 -4 -2 -3    7   0  22   0   0   3   0   0   5   0   0   6   0   0   0  53   3   0   0   0  0.56 0.20
   71 P    1 -1 -1 -2 -2 -2 -2 -2 -2 -1 -1 -1 -2 -3  1  1  5 -3 -3 -1   10   2   0   0   0   0   0   0   0   3   3   2   0   0   6   7  64   0   0   0  0.62 0.22
   72 H   -1 -2 -2 -1 -4 -2 -3  6  2 -5 -4 -2 -4 -4 -3 -2 -3 -4 -3 -4    0   2   0   2   0   2   0  85   7   0   1   0   0   0   0   0   0   0   0   0  1.32 0.28
   73 F   -1 -1 -2 -1  0 -1 -1 -2 -1  1  3 -1  1  1 -1 -1 -1  1  1  0    5   2   2   4   2   2   2   3   1   9  43   2   1   5   2   3   2   2   5   3  0.13 0.05
   74 L   -1 -1 -1 -1 -1  0 -1 -2  0  1  2 -1  1  0  0  0  0  1 -1  1    3   2   2   3   1   4   2   3   3   3  41   2   1   1   3   6   8   2   1   8  0.09 0.04
   75 S    0  0  0 -1  0  0  0 -1 -1 -1 -1  0 -1  0  2  2  3 -1 -1 -1    3   4   2   2   2   5   4   3   1   2   4   2   1   4   9  19  29   0   1   2  0.19 0.06
   76 P   -1 -1 -1 -1 -2 -1 -1 -1 -2 -2 -2  0 -2 -2  6 -1 -1 -2 -2 -2    3   2   2   2   1   2   2   4   1   2   3   4   1   1  60   3   4   0   1   2  1.08 0.13
   77 S    2 -1  1 -1 -2  1 -1  0 -1 -2 -2  0 -2 -3 -1  3  2 -3 -2 -2   17   1   7   1   0   6   1   4   0   1   1   7   0   0   1  35  19   0   0   1  0.31 0.12
   78 L   -1 -2 -3 -3 -2 -2 -3 -3 -2  1  3 -3  0  4 -3 -2 -1 -1  0  2    4   1   1   1   0   1   1   1   0   6  33   1   0  24   1   1   1   0   0  24  0.36 0.12
   79 N    0  1  3  2 -3  0  1 -1 -1 -3 -3  3 -2 -3 -2  1 -1 -3 -2 -2    7   6  19  13   0   1   4   1   0   0   1  29   0   0   0  14   1   0   0   3  0.32 0.11
   80 S   -1  1 -1 -2 -2  0 -1 -2 -2 -1 -2  1 -1 -1  2  1  3 -3 -2  0    2   8   0   0   0   3   0   0   0   2   1  12   0   3  12  15  36   0   0   5  0.33 0.13
   81 Q   -1 -1  2  4 -2  0  3 -1 -1 -2 -2 -1 -2 -2 -1  1 -1 -3 -2 -2    2   1  10  31   0   3  23   3   0   4   2   1   0   1   1  13   1   0   1   1  0.39 0.10
   82 K    0  2  1  0 -2  2  0 -1  1 -2 -2  2 -1 -2 -1  1  1 -2 -1 -2    5  12   7   4   0  10   3   1   5   1   2  24   0   1   1  13   8   0   1   1  0.23 0.07
   83 I   -1 -2 -2 -2 -1 -2 -2 -2 -2  3  1 -2  1  3 -2 -2 -1 -1  0  2    4   1   1   1   0   1   2   2   1  34  11   1   3  20   1   2   1   0   1  12  0.23 0.07
   84 S    1 -1 -1 -1 -1 -1 -1  0 -2  1  0 -1  1 -1 -1  2  2 -2 -1  1    9   1   1   1   0   1   2   7   1  13   4   1   5   1   1  23  18   0   1   8  0.12 0.06
   85 D   -1  0 -1  2 -3  2  4 -1  1 -3 -3  0 -2 -3  2  0 -1 -3 -2 -3    1   4   1  14   0  11  39   3   4   1   1   4   0   0  10   4   1   0   0   1  0.48 0.12
   86 N   -1 -2  6  0 -3 -1 -1 -1 -1 -4 -4 -1 -3 -4 -3  3  0 -4 -3 -3    2   0  61   2   0   0   0   3   0   0   0   0   0   0   0  28   3   0   0   0  0.90 0.23
   87 P   -1  0 -1 -1 -4  1  2 -2 -2 -3 -3  4 -2 -4  3 -1 -1 -4 -3 -1    2   1   0   0   0   6  14   2   0   0   0  50   0   0  15   0   1   0   0   8  0.56 0.17
   88 Q   -2 -2  1  5 -4  0  3  0 -2 -4 -4 -1 -3 -4  0  0  0 -4 -3 -3    0   0   5  50   0   3  20   7   0   0   0   0   0   0   3   6   6   0   0   0  0.72 0.18
   89 V    0 -3 -3 -4 -2 -3 -3 -4 -3  3  2 -3  3  2 -3 -2 -1 -2 -1  3    8   0   0   0   0   0   0   0   0  28  20   0  11  10   0   0   2   0   0  23  0.40 0.12
   90 T   -2  5  1 -2 -4  2  0 -2  0 -4 -3  3 -2 -4 -3  0 -1 -4 -3 -3    1  49   7   0   0   8   2   1   1   0   1  22   0   0   0   5   3   0   0   0  0.70 0.17
   91 K   -1  2  2 -1 -3  1  0  0  0 -3 -3  3 -2 -1 -2  0  0 -3  0 -2    1  13  14   0   0   8   2   9   2   0   0  33   0   4   0   5   5   0   3   1  0.31 0.11
   92 W    0 -3 -4 -5 -3 -3 -4 -4 -2 -1  1 -4  0  1 -4 -3 -3  9  4  0    8   0   0   0   0   0   0   0   0   3  13   0   1   4   0   0   0  42  21   7  1.32 0.24
   93 L   -1 -3 -3 -4 -2 -3 -3 -2 -3  3  2 -3  2  2 -3 -2 -1 -2 -1  3    3   0   0   0   0   0   0   3   0  24  16   0   6  13   0   2   2   0   0  31  0.36 0.11
   94 E   -1  1  1  4 -4  1  3  1 -1 -3 -3  1 -3 -4 -2 -1 -1 -4 -3 -2    2   9   6  31   0   4  23  13   0   0   0   6   0   0   0   0   2   0   0   4  0.44 0.12
   95 S   -1  2  3 -1 -3  0 -1 -1  0 -2 -3  4 -2 -3 -2  1  0 -4 -2 -1    0  11  19   0   0   2   0   1   2   3   0  38   0   0   0  16   4   0   0   4  0.41 0.14
   96 Y   -4 -3 -4 -5 -4 -3 -4 -5  0 -3 -3 -4 -3  3 -5 -3 -3  4  8 -3    0   0   0   0   0   0   0   0   0   0   0   0   0   6   0   0   0   4  89   0  2.01 0.36
   97 L   -3 -3 -5 -5 -3 -3 -4 -5 -4  0  5 -4  1  1 -4 -4 -3 -3 -2 -1    0   0   0   0   0   0   0   0   0   0  96   0   0   4   0   0   0   0   0   0  1.10 0.25
   98 G    0 -2  2  2 -3 -1  2  3 -2 -4 -4 -1 -3 -3 -3  0 -2  5 -2 -3    5   0  12  15   0   0  23  31   0   0   0   0   0   0   0   4   0  10   0   0  0.56 0.14
   99 I    0 -3 -3 -4 -2 -3 -3 -3 -3  2  1 -3  1  3 -3 -1  0 -2 -1  4    4   0   0   0   0   0   0   0   0   9  11   0   3  17   0   4   4   0   0  48  0.41 0.13
  100 G   -1 -4 -2 -3 -4 -3 -4  7 -4 -5 -5 -3 -4 -5 -4 -2 -3 -4 -5 -5    0   0   0   0   0   0   0 100   0   0   0   0   0   0   0   0   0   0   0   0  1.83 0.30
  101 E   -2 -2 -2  0 -5  0  7 -4 -2 -5 -5 -1 -4 -5 -3 -2 -2 -4 -4 -4    0   0   0   0   0   0 100   0   0   0   0   0   0   0   0   0   0   0   0   0  1.65 0.34
  102 W   -2 -1 -4 -5 -4 -3 -4 -4 -3 -3 -3 -3 -1  0 -4  0  0 10  3 -2    2   3   0   0   0   0   0   0   0   0   0   0   2   2   0  10   6  65   8   2  2.07 0.32
  103 V    1 -3 -4 -4  3 -3 -3 -3 -4  2  1 -3  1 -2 -3 -2 -1 -3 -2  4   13   0   0   0   7   0   0   0   0  14   7   0   3   0   0   0   1   0   0  54  0.51 0.16
  104 M   -2 -3 -3 -4 -2 -2 -3 -4 -2  1  1 -3  5  3 -3 -2 -1 -1  3  1    0   0   0   0   0   0   0   0   0   4  11   0  39  17   0   0   4   0  15  10  0.54 0.15
  105 D   -3 -3  0  7 -5 -2  0 -3 -2 -4 -5 -2 -4 -5 -3 -2 -2 -6 -4 -4    0   0   0 100   0   0   0   0   0   0   0   0   0   0   0   0   0   0   0   0  1.72 0.26
  106 Q   -1  1  0 -2 -3  4  0 -2  1 -2 -1  1 -1  2 -2  1  0 -2  1 -2    0   7   3   0   0  41   0   0   3   0   3   6   0  15   0  10   6   0   6   0  0.37 0.12
  107 S    0 -2 -1 -1  1 -1  0  0 -2 -1 -2 -1 -2 -3 -2  4  2 -3 -2  0    5   0   0   0   4   0   6   5   0   4   0   0   0   0   0  51  19   0   0   8  0.38 0.12
  108 V   -1 -3 -3 -4 -2 -3 -3 -4 -4  3  1 -3  0 -1 -3 -1 -1 -3 -2  4    0   0   0   0   0   0   0   0   0  25  10   0   0   0   0   6   0   0   0  59  0.58 0.14
  109 A    3 -2 -2 -2 -1 -2 -1 -1 -3  1  0 -2  0 -2 -2  1  0 -3 -2  2   46   0   0   0   0   0   2   3   0   6   6   0   3   0   0  11   3   0   0  20  0.28 0.12
  110 V   -1 -2 -3 -4 -2 -3 -3 -2 -2  2  1 -3  1  4 -3 -2 -1 -1  3  2    4   3   0   0   0   0   0   3   0  16  15   0   4  26   0   0   4   0  11  15  0.30 0.09
  111 L    1 -3 -3 -4  2 -2 -3 -3 -3  0  3 -3  6  2 -3 -2 -2 -2 -1  0   16   0   0   0   6   0   0   0   0   0  30   0  38  10   0   0   0   0   0   0  0.54 0.18
  112 G    0  0  2  0 -3 -1 -2  5  1 -4 -4  1 -3 -4 -3  1 -2 -4 -3 -3    4   5  12   4   0   0   0  53   4   0   0  10   0   0   0   9   0   0   0   0  0.64 0.15
  113 S    0  2  1 -1 -2 -1 -1 -2 -1 -3 -3  0  0 -1 -2  4  1  2  0 -2    5  14   9   0   0   0   0   0   0   0   0   4   3   3   0  47   8   4   2   0  0.38 0.15
  114 S    0 -2 -1 -2 -2 -2 -2 -2 -2 -4 -4 -2 -3 -4 -2  6  1 -4 -3 -3    0   0   0   0   0   0   0   0   0   0   0   0   0   0   0  94   6   0   0   0  1.18 0.31
  115 G    0 -1  0  0 -2 -1 -1  3 -2 -3 -3  0 -3 -3  1  2  1 -3 -3 -3    5   2   4   4   0   2   1  33   0   0   0   5   0   0   8  28   9   0   0   0  0.43 0.12
  116 L   -2 -3 -1 -4 -3 -3 -3 -4  1 -2 -1 -3 -2  3 -4 -1 -2  6  7 -2    3   0   3   0   0   0   0   0   2   0   6   0   0   9   0   5   0  15  58   0  1.14 0.23
  117 M   -3 -3 -4 -4 -3 -3 -4 -4 -2  0  0 -3  5  6 -4 -3 -2  0  1 -1    0   0   0   0   0   0   0   0   0   0   0   0  32  68   0   0   0   0   0   0  1.00 0.14
  118 V    0  1 -1  1 -2  0  2 -2 -1  0 -1  1 -1 -2 -2 -1 -1 -2  1  2    7   7   0   7   0   0  27   0   0   0   0  11   0   0   0   0   0   0   7  32  0.18 0.06
  119 R   -2  5 -1 -2 -4  2  0 -2 -1 -3 -3  2 -2 -3 -2 -1 -1 -3 -2 -3    0  73   0   0   0  15   0   0   0   0   0  12   0   0   0   0   0   0   0   0  0.77 0.07
  120 S    1  2  1 -1 -2  0  0 -1 -1 -3 -3  3 -2 -3 -1  2  2 -3 -2 -2    8   8   8   0   0   0   0   0   0   0   0  34   0   0   0  27  15   0   0   0  0.33 0.06
  121 F   -2 -1  3 -1 -3 -1 -1 -2  3 -2 -1 -1 -1  3 -3 -1 -1  4  3 -2    0   0  37   0   0   0   0   0  14   0   0   0   0  30   0   0   0   9   9   0  0.42 0.03
  122 L   -1 -2 -3 -3 -2  1 -1 -3 -2  2  3 -2  1  0 -3 -2 -1 -2 -1  1    0   0   0   0   0  17   0   0   0  17  67   0   0   0   0   0   0   0   0   0  0.30 0.02
  123 A    3 -2 -2 -2 -1 -1 -2 -1 -2  1  0 -1  0 -2 -1  0  0 -3 -2  2   59   0   0   0   0   0   0   0   0  14   0   0   0   0   0   0   0   0   0  27  0.24 0.02
  124 Y   -2 -2 -2 -3 -3 -2 -2 -3  1 -1 -1 -2 -1  4 -3 -2 -2  2  7 -1    0   0   0   0   0   0   0   0   0   0   0   0   0  16   0   0   0   0  84   0  0.87 0.03
  125 T    1 -1  0  4 -2 -1  0 -1 -1 -2 -2 -1 -2 -3 -1  1  2 -3 -2 -1   20   0   0  48   0   0   0   0   0   0   0   0   0   0   0   0  32   0   0   0  0.40 0.02
  126 Y   -2 -2 -2 -3 -3 -2 -2 -3  1 -1 -1 -2 -1  4 -3 -2 -2  2  7 -1    0   0   0   0   0   0   0   0   0   0   0   0   0  13   0   0   0   0  87   0  0.89 0.03
  127 I   -1 -2 -3 -3 -1 -2 -3 -3 -3  3  1 -2  3  0 -3 -2  0 -2 -1  3    0   0   0   0   0   0   0   0   0  21   0   0  31   0   0   0   0   0   0  48  0.31 0.02
  128 C   -1  3 -2 -3  7 -1 -2 -2 -2 -2 -2  0 -1 -3 -3 -1 -1 -3 -2 -1    0  42   0   0  58   0   0   0   0   0   0   0   0   0   0   0   0   0   0   0  0.66 0.00
  129 I   -1 -3 -3 -3 -1 -3 -3 -4 -3  4  2 -3  1  0 -3 -2 -1 -3 -1  3    0   0   0   0   0   0   0   0   0 100   0   0   0   0   0   0   0   0   0   0  0.40 0.00
  130 W   -3 -3 -4 -4 -2 -2 -3 -3 -2 -3 -2 -3 -1  1 -4 -3 -3 11  2 -3    0   0   0   0   0   0   0   0   0   0   0   0   0   0   0   0   0 100   0   0  2.33 0.01
  131 A    3 -1  0 -1 -1 -1 -1  0 -1 -2 -2 -1 -1 -2 -1  3  1 -3 -2 -1   58   0   0   0   0   0   0   0   0   0   0   0   0   0   0  42   0   0   0   0  0.35 0.00
  132 W   -3 -3 -4 -4 -2 -2 -3 -3 -2 -3 -2 -3 -1  1 -4 -3 -3 11  2 -3    0   0   0   0   0   0   0   0   0   0   0   0   0   0   0   0   0 100   0   0  2.33 0.01
  133 F   -2 -3 -3 -3 -2 -3 -3 -3 -2  2  1 -3  1  5 -3 -2 -1  0  2  1    0   0   0   0   0   0   0   0   0  42   0   0   0  58   0   0   0   0   0   0  0.42 0.00
  134 G    0 -2  0 -1 -3 -2 -2  6 -2 -4 -4 -2 -3 -3 -2  0 -2 -3 -3 -3    0   0   0   0   0   0   0 100   0   0   0   0   0   0   0   0   0   0   0   0  1.05 0.00
  135 G   -1 -3 -1 -2 -2 -2 -2  4 -2 -3 -3 -2 -2 -1 -3 -1 -2  8  0 -3    0   0   0   0   0   0   0  58   0   0   0   0   0   0   0   0   0  42   0   0  1.10 0.00
  136 M   -1 -1 -1 -2 -2  0 -1 -2  5  0  1 -1  4  0 -2 -1 -1 -2  0  0    0   0   0   0   0   0   0   0  42   0   0   0  58   0   0   0   0   0   0   0  0.31 0.01
  137 I   -1 -1 -1 -1 -1 -1 -1 -2 -2  3  1 -1  1  0 -1 -1  0 -1 -1  2    3   2   2   2   1   2   3   3   1  60   4   2   1   2   2   3   2   1   1   3  0.10 0.00
  138 S    0 -1  1  4 -2  0  1 -1 -1 -3 -3  0 -2 -3 -1  3  1 -3 -2 -2    0   0   0  42   0   0   0   0   0   0   0   0   0   0   0  58   0   0   0   0  0.46 0.00
  139 L   -1 -3 -3 -3 -1 -2 -3 -4 -3  3  3 -3  2  0 -3 -2 -1 -2 -1  2    0   0   0   0   0   0   0   0   0  42  58   0   0   0   0   0   0   0   0   0  0.37 0.00
  140 S    1 -1  1  0 -1  0  0  0 -1 -2 -3  0 -2 -2 -1  4  1 -3 -2 -2    0   0   0   0   0   0   0   0   0   0   0   0   0   0   0 100   0   0   0   0  0.46 0.00
  141 R   -1  6  0 -2 -3  1  0 -2  0 -3 -2  2 -1 -3 -2 -1 -1 -3 -2 -3    0 100   0   0   0   0   0   0   0   0   0   0   0   0   0   0   0   0   0   0  0.76 0.01
  142 A    3 -1  4  0 -1  0 -1  0 -1 -2 -2 -1 -1 -3 -1  1  0 -3 -2 -1   58   0  42   0   0   0   0   0   0   0   0   0   0   0   0   0   0   0   0   0  0.33 0.00
  143 T   -1 -1  1  4 -2 -1  0 -2 -1 -2 -2 -1 -1 -3 -1  1  3 -3 -2 -1    0   0   0  42   0   0   0   0   0   0   0   0   0   0   0   0  58   0   0   0  0.43 0.00
  144 T    2 -1 -1 -1 -1 -1 -1 -1 -2 -1 -1 -1 -1 -2 -1  1  3 -3 -2  0   42   0   0   0   0   0   0   0   0   0   0   0   0   0   0   0  58   0   0   0  0.33 0.00
  145 Q   -1  0  1  4 -3  4  2 -2  0 -3 -3  1 -1 -3 -1  0 -1 -3 -2 -3    0   0   0  42   0  58   0   0   0   0   0   0   0   0   0   0   0   0   0   0  0.57 0.00
  146 M   -1 -2 -2 -3 -1 -1 -2 -3 -2  2  2 -2  4  0 -2 -2  0 -2 -1  2    0   0   0   0   0   0   0   0   0   0   0   0  58   0   0   0   0   0   0  42  0.27 0.00
  147 W   -2 -2 -1  3 -3 -1  0 -2 -2 -3 -2 -2 -2  0 -3 -1 -2  9  1 -3    0   0   0  42   0   0   0   0   0   0   0   0   0   0   0   0   0  58   0   0  1.26 0.01
  148 L   -1 -3 -3 -3 -1 -2 -3 -4 -3  3  3 -3  2  0 -3 -2 -1 -2 -1  2    0   0   0   0   0   0   0   0   0  42  58   0   0   0   0   0   0   0   0   0  0.37 0.00
  149 Y   -2 -2 -2 -3 -2 -1 -2 -3  2 -1 -1 -2 -1  3 -3 -2 -2  2  7 -1    0   0   0   0   0   0   0   0   0   0   0   0   0   0   0   0   0   0 100   0  0.87 0.01
  150 I   -1 -3 -3 -3 -1 -3 -3 -4 -3  4  2 -3  1  0 -3 -2 -1 -3 -1  3    0   0   0   0   0   0   0   0   0 100   0   0   0   0   0   0   0   0   0   0  0.40 0.00
  151 P   -1 -2 -2 -2 -3 -1 -1 -2 -2 -3 -3 -1 -3 -4  8 -1 -1 -4 -3 -2    0   0   0   0   0   0   0   0   0   0   0   0   0   0 100   0   0   0   0   0  2.05 0.01
  152 M   -1  3 -1 -2 -2  0 -1 -3 -1  0  1  1  4 -1 -2 -1 -1 -2 -1  0    0  42   0   0   0   0   0   0   0   0   0   0  58   0   0   0   0   0   0   0  0.27 0.00
  153 Q   -1  4  0 -1 -3  4  1 -2  0 -3 -2  2 -1 -3 -2  0 -1 -2 -2 -2    0  42   0   0   0  58   0   0   0   0   0   0   0   0   0   0   0   0   0   0  0.56 0.00
  154 T    0 -1  0 -1 -1  0  0 -1 -1 -1 -1  0  0 -1  0  1  3 -1 -1  0    3   2   2   2   1   2   3   3   1   2   4   2   1   2   2   3  61   1   1   3  0.21 0.00
  155 C    0 -1 -1 -1  7 -1 -1 -1 -1 -1 -1 -1 -1 -1 -1  0  0 -1 -1 -1    3   2   2   2  59   2   3   3   1   2   4   2   1   2   2   3   2   1   1   3  0.50 0.00
  156 G    0 -1  0 -1 -1 -1 -1  4 -1 -2 -2 -1 -1 -2 -1  0 -1 -1 -1 -2    3   2   2   2   1   2   3  61   1   2   4   2   1   2   2   3   2   1   1   3  0.42 0.00
  157 E    0  0  0  1 -2  1  4 -1  0 -2 -1  1 -1 -2  0  0  0 -1 -1 -1    3   2   2   2   1   2  61   3   1   2   4   2   1   2   2   3   2   1   1   3  0.32 0.00
  158 E    0  0  0  1 -2  1  4 -1  0 -2 -1  1 -1 -2  0  0  0 -1 -1 -1    3   2   2   2   1   2  61   3   1   2   4   2   1   2   2   3   2   1   1   3  0.32 0.00
  159 G    0 -1  0 -1 -1 -1 -1  4 -1 -2 -2 -1 -1 -2 -1  0 -1 -1 -1 -2    3   2   2   2   1   2   3  61   1   2   4   2   1   2   2   3   2   1   1   3  0.42 0.00
  160 P    0 -1 -1 -1 -2 -1 -1 -1 -1 -1 -1 -1 -1 -2  6  0 -1 -2 -1 -1    3   2   2   2   1   2   3   3   1   2   4   2   1   2  60   3   2   1   1   3  0.94 0.00
  161 E    0  0  0  1 -2  1  4 -1  0 -2 -1  1 -1 -2  0  0  0 -1 -1 -1    3   2   2   2   1   2  61   3   1   2   4   2   1   2   2   3   2   1   1   3  0.32 0.00
  162 V    0 -1 -1 -1 -1 -1 -1 -1 -2  2  0 -1  0 -1 -1 -1  0 -1 -1  3    3   2   2   2   1   2   3   3   1   2   4   2   1   2   2   3   2   1   1  61  0.10 0.00
  163 E    0  0  0  1 -2  1  4 -1  0 -2 -1  1 -1 -2  0  0  0 -1 -1 -1    3   2   2   2   1   2  61   3   1   2   4   2   1   2   2   3   2   1   1   3  0.32 0.00
  164 T    0 -1  0 -1 -1  0  0 -1 -1 -1 -1  0  0 -1  0  1  3 -1 -1  0    3   2   2   2   1   2   3   3   1   2   4   2   1   2   2   3  61   1   1   3  0.21 0.00
  165 G    0 -1  0 -1 -1 -1 -1  4 -1 -2 -2 -1 -1 -2 -1  0 -1 -1 -1 -2    3   2   2   2   1   2   3  61   1   2   4   2   1   2   2   3   2   1   1   3  0.42 0.00
  166 D   -1 -1  1  5 -2  0  1 -1 -1 -2 -2  0 -2 -2 -1  0 -1 -2 -1 -2    3   2   2  60   1   2   3   3   1   2   4   2   1   2   2   3   2   1   1   3  0.39 0.00
  167 T    0 -1  0 -1 -1  0  0 -1 -1 -1 -1  0  0 -1  0  1  3 -1 -1  0    3   2   2   2   1   2   3   3   1   2   4   2   1   2   2   3  61   1   1   3  0.21 0.00
  168 R   -1  6  0 -2 -3  1  0 -2  0 -3 -2  2 -1 -3 -2 -1 -1 -3 -2 -3    0 100   0   0   0   0   0   0   0   0   0   0   0   0   0   0   0   0   0   0  0.76 0.01
  169 G    0 -2  0 -1 -3 -2 -2  6 -2 -4 -4 -2 -3 -3 -2  0 -2 -3 -3 -3    0   0   0   0   0   0   0 100   0   0   0   0   0   0   0   0   0   0   0   0  1.05 0.00
  170 R   -1  6  0 -2 -3  1  0 -2  0 -3 -2  2 -1 -3 -2 -1 -1 -3 -2 -3    0 100   0   0   0   0   0   0   0   0   0   0   0   0   0   0   0   0   0   0  0.76 0.01
  171 A    3  3 -1 -2 -1  0 -1 -1 -1 -2 -2  1 -1 -2 -1  0  0 -3 -2 -1   58  42   0   0   0   0   0   0   0   0   0   0   0   0   0   0   0   0   0   0  0.32 0.00
  172 L    0 -2 -1 -2 -1 -1 -1 -2 -2  0  3 -1  1  0 -2  2  0 -2 -1  0    0   0   0   0   0   0   0   0   0   0  58   0   0   0   0  42   0   0   0   0  0.18 0.00
  173 R   -1  4  0  0 -4  1  3 -2  0 -3 -2  2 -2 -3 -2 -1 -1 -3 -2 -3    0  58   0   0   0   0  42   0   0   0   0   0   0   0   0   0   0   0   0   0  0.56 0.00
  174 H   -2  0  4  0 -3  0  0 -1  6 -3 -3 -1 -2 -2 -2  0 -1 -3  1 -3    0   0  42   0   0   0   0   0  58   0   0   0   0   0   0   0   0   0   0   0  0.61 0.00
  175 E    0 -1  0  1 -3  1  4  3 -1 -3 -3  0 -2 -3 -2  0 -1 -3 -2 -3    0   0   0   0   0   0  58  42   0   0   0   0   0   0   0   0   0   0   0   0  0.54 0.00
  176 Q   -1  4  0 -1 -3  4  1 -2  0 -3 -2  2 -1 -3 -2  0 -1 -2 -2 -2    0  42   0   0   0  58   0   0   0   0   0   0   0   0   0   0   0   0   0   0  0.56 0.00
  177 R   -2  4  4  0 -3  1  0 -1  0 -3 -3  1 -2 -3 -2  0 -1 -3 -2 -3    0  58  42   0   0   0   0   0   0   0   0   0   0   0   0   0   0   0   0   0  0.53 0.00
  178 L   -1  0 -2 -2 -2  0 -1 -3 -2  0  3  2  1 -1 -2 -1 -1 -2 -1  0    0   0   0   0   0   0   0   0   0   0  58  42   0   0   0   0   0   0   0   0  0.19 0.00
  179 K   -1  4  0 -1 -3  1  0 -2 -1 -3 -2  4 -1 -3 -1  0 -1 -3 -2 -2    0  42   0   0   0   0   0   0   0   0   0  58   0   0   0   0   0   0   0   0  0.54 0.00
  180 V    0  0 -1 -2 -2  0 -1 -2 -2  1  0  2  0 -2 -2 -1  0 -3 -1  3    0   0   0   0   0   0   0   0   0   0   0  42   0   0   0   0   0   0   0  58  0.16 0.00
  181 D    0 -1  1  5 -2  0  1 -1 -1 -3 -3 -1 -2 -3 -1  2  0 -4 -2 -2    0   0   0  58   0   0   0   0   0   0   0   0   0   0   0  42   0   0   0   0  0.54 0.00
  182 R   -1  4  0 -1 -2  0  0 -2 -1 -2 -2  1 -1 -3 -2  0  3 -3 -2 -1    0  58   0   0   0   0   0   0   0   0   0   0   0   0   0   0  42   0   0   0  0.42 0.00
  183 P   -1  2 -2 -2 -3 -1 -1 -2 -2 -3 -3  0 -2 -4  7 -1 -1 -4 -3 -2    0  20   0   0   0   0   0   0   0   0   0   0   0   0  80   0   0   0   0   0  1.54 0.00
  184 T    0 -1  0 -1 -1 -1 -1 -2 -2 -1 -1 -1 -1 -2 -1  1  5 -2 -2  0    0   0   0   0   0   0   0   0   0   0   0   0   0   0   0   0 100   0   0   0  0.48 0.01
  185 D    0 -1  1  5 -2  0  1 -1 -1 -3 -3 -1 -2 -3 -1  2  0 -4 -2 -2    0   0   0  58   0   0   0   0   0   0   0   0   0   0   0  42   0   0   0   0  0.54 0.00
  186 R   -1  6  0 -2 -3  1  0 -2  0 -3 -2  2 -1 -3 -2 -1 -1 -3 -2 -3    0 100   0   0   0   0   0   0   0   0   0   0   0   0   0   0   0   0   0   0  0.76 0.01
  187 P   -1 -2 -2 -2 -3 -1 -1 -2 -2 -3 -3 -1 -3 -4  8 -1 -1 -4 -3 -2    0   0   0   0   0   0   0   0   0   0   0   0   0   0 100   0   0   0   0   0  2.05 0.01
  188 T    0 -1  0 -1 -1 -1 -1 -2 -2 -1 -1 -1 -1 -2 -1  1  5 -2 -2  0    0   0   0   0   0   0   0   0   0   0   0   0   0   0   0   0 100   0   0   0  0.48 0.01
  189 N   -2 -1  5  3 -3  0  0 -1  0 -3 -4  0 -2 -3 -2  0  0 -4 -2 -3    0   0  80  20   0   0   0   0   0   0   0   0   0   0   0   0   0   0   0   0  0.66 0.00
  190 I   -1 -3 -3 -3 -1 -3 -3 -4 -3  4  2 -3  1  0 -3 -2 -1 -3 -1  3    0   0   0   0   0   0   0   0   0 100   0   0   0   0   0   0   0   0   0   0  0.39 0.00
  191 Y   -2 -2 -2 -3 -2 -1 -2 -3  2 -1 -1 -2 -1  3 -3 -2 -2  2  7 -1    0   0   0   0   0   0   0   0   0   0   0   0   0   0   0   0   0   0 100   0  0.87 0.01
  192 S    1 -1  1  0 -1  0  0  0 -1 -2 -3  0 -2 -2 -1  4  1 -3 -2 -2    0   0   0   0   0   0   0   0   0   0   0   0   0   0   0 100   0   0   0   0  0.46 0.00
  193 P    0 -1 -1 -1 -2 -1 -1 -1 -2 -3 -3 -1 -2 -3  6  2  0 -3 -2 -2    0   0   0   0   0   0   0   0   0   0   0   0   0   0  57  43   0   0   0   0  1.03 0.00
  194 S    1 -1  1  0 -1  0  0  0 -1 -2 -3  0 -2 -2 -1  4  1 -3 -2 -2    0   0   0   0   0   0   0   0   0   0   0   0   0   0   0 100   0   0   0   0  0.46 0.00
  195 L   -2 -2 -3 -4 -1 -2 -3 -4 -3  2  4 -3  2  0 -3 -2 -1 -2 -1  1    0   0   0   0   0   0   0   0   0   0 100   0   0   0   0   0   0   0   0   0  0.46 0.00
  196 P   -1 -2 -2 -2 -3 -1 -1 -2 -2 -3 -3 -1 -3 -4  8 -1 -1 -4 -3 -2    0   0   0   0   0   0   0   0   0   0   0   0   0   0 100   0   0   0   0   0  2.04 0.00
  197 W   -3 -3 -4 -4 -2 -2 -3 -3 -2 -3 -2 -3 -1  1 -4 -3 -3 11  2 -3    0   0   0   0   0   0   0   0   0   0   0   0   0   0   0   0   0 100   0   0  2.32 0.01
  198 N   -2  0  6  1 -3  0  0  0  1 -3 -3  0 -2 -3 -2  1  0 -4 -2 -3    0   0 100   0   0   0   0   0   0   0   0   0   0   0   0   0   0   0   0   0  0.73 0.00
  199 T    0 -1  0 -1 -1 -1 -1 -2 -2 -1 -1 -1 -1 -2 -1  1  5 -2 -2  0    0   0   0   0   0   0   0   0   0   0   0   0   0   0   0   0 100   0   0   0  0.47 0.00
  200 T    0 -1  0 -1 -1 -1 -1 -2 -2 -1 -1 -1 -1 -2 -1  1  5 -2 -2  0    0   0   0   0   0   0   0   0   0   0   0   0   0   0   0   0 100   0   0   0  0.47 0.00
  201 P   -1 -2 -2 -2 -3 -1 -1 -2 -2 -3 -3 -1 -3 -4  8 -1 -1 -4 -3 -2    0   0   0   0   0   0   0   0   0   0   0   0   0   0 100   0   0   0   0   0  2.04 0.00
  202 A    3 -1 -1 -1 -1 -1 -1  0 -2 -1 -1 -1 -1 -2 -1  1  3 -3 -2  0   57   0   0   0   0   0   0   0   0   0   0   0   0   0   0   0  43   0   0   0  0.31 0.00
  203 E   -1  0  0  2 -4  2  5 -2  0 -3 -3  1 -2 -3 -1  0 -1 -3 -2 -3    0   0   0   0   0   0 100   0   0   0   0   0   0   0   0   0   0   0   0   0  0.74 0.00
  204 K   -1  2  0 -1 -3  1  1 -2 -1 -3 -3  5 -1 -3 -1  0 -1 -3 -2 -2    0   0   0   0   0   0   0   0   0   0   0 100   0   0   0   0   0   0   0   0  0.52 0.00
  205 K   -1  2  0 -1 -3  1  1 -2 -1 -3 -2  5 -1 -3 -1  0 -1 -3 -2 -2    0   0   0   0   0   0   0   0   0   0   0 100   0   0   0   0   0   0   0   0  0.51 0.00
  206 Q   -1  1  0  0 -3  5  2 -2  0 -3 -2  1  0 -3 -1  0 -1 -2 -1 -2    0   0   0   0   0 100   0   0   0   0   0   0   0   0   0   0   0   0   0   0  0.64 0.00
  207 R   -1  6  0 -2 -3  1  0 -2  0 -3 -2  2 -1 -3 -2 -1 -1 -3 -2 -3    0 100   0   0   0   0   0   0   0   0   0   0   0   0   0   0   0   0   0   0  0.74 0.00
  208 L   -1 -2 -3 -4 -1 -2 -3 -4 -3  2  4 -2  2  0 -3 -2 -1 -2 -1  1    0   0   0   0   0   0   0   0   0   0 100   0   0   0   0   0   0   0   0   0  0.45 0.00
  209 P   -1 -2 -2 -2 -3 -1 -1 -2 -2 -3 -3 -1 -3 -4  8 -1 -1 -4 -3 -2    0   0   0   0   0   0   0   0   0   0   0   0   0   0 100   0   0   0   0   0  2.03 0.00
  210 S    1 -1  1  0 -1  0  0  0 -1 -2 -2  0 -2 -2 -1  4  1 -3 -2 -2    0   0   0   0   0   0   0   0   0   0   0   0   0   0   0 100   0   0   0   0  0.45 0.00
  211 A    4 -1 -2 -2  0 -1 -1  0 -2 -1 -1 -1 -1 -2 -1  1  0 -3 -2  0  100   0   0   0   0   0   0   0   0   0   0   0   0   0   0   0   0   0   0   0  0.40 0.00
  212 A    4 -1 -2 -2  0 -1 -1  0 -2 -1 -1 -1 -1 -2 -1  1  0 -3 -2  0  100   0   0   0   0   0   0   0   0   0   0   0   0   0   0   0   0   0   0   0  0.40 0.00
  213 G    0 -2  0 -1 -3 -2 -2  6 -2 -4 -4 -2 -3 -3 -2  0 -2 -3 -3 -3    0   0   0   0   0   0   0 100   0   0   0   0   0   0   0   0   0   0   0   0  1.04 0.00
  214 C    0 -3 -3 -4  9 -3 -4 -3 -3 -1 -1 -3 -1 -2 -3 -1 -1 -2 -2 -1    0   0   0   0 100   0   0   0   0   0   0   0   0   0   0   0   0   0   0   0  1.19 0.00
  215 W   -3 -3 -4 -4 -2 -2 -3 -3 -2 -3 -2 -3 -1  1 -4 -3 -2 11  2 -3    0   0   0   0   0   0   0   0   0   0   0   0   0   0   0   0   0 100   0   0  2.29 0.00
  216 A    4 -1 -2 -2  0 -1 -1  0 -2 -1 -1 -1 -1 -2 -1  1  0 -3 -2  0  100   0   0   0   0   0   0   0   0   0   0   0   0   0   0   0   0   0   0   0  0.40 0.00
  217 M   -1 -1 -2 -3 -1  0 -2 -3 -2  1  2 -1  5  0 -3 -2 -1 -1 -1  1    0   0   0   0   0   0   0   0   0   0   0   0 100   0   0   0   0   0   0   0  0.33 0.00
  218 N   -2  0  6  1 -3  0  0  0  1 -3 -3  0 -2 -3 -2  1  0 -4 -2 -3    0   0 100   0   0   0   0   0   0   0   0   0   0   0   0   0   0   0   0   0  0.72 0.00
  219 D   -2 -2  1  6 -4  0  2 -1 -1 -3 -4 -1 -3 -4 -2  0 -1 -4 -3 -3    0   0   0 100   0   0   0   0   0   0   0   0   0   0   0   0   0   0   0   0  0.92 0.00
  220 Q   -1  1  0  0 -3  5  2 -2  0 -3 -2  1  0 -3 -1  0 -1 -2 -1 -2    0   0   0   0   0 100   0   0   0   0   0   0   0   0   0   0   0   0   0   0  0.64 0.00
  221 K   -1  2  0 -1 -3  1  1 -2 -1 -3 -2  5 -1 -3 -1  0 -1 -3 -2 -2    0   0   0   0   0   0   0   0   0   0   0 100   0   0   0   0   0   0   0   0  0.51 0.00
  222 I   -1 -3 -3 -3 -1 -3 -3 -4 -3  4  2 -3  1  0 -3 -2 -1 -3 -1  3    0   0   0   0   0   0   0   0   0 100   0   0   0   0   0   0   0   0   0   0  0.38 0.00
  223 D   -2 -2  1  6 -4  0  2 -1 -1 -3 -4 -1 -3 -4 -2  0 -1 -4 -3 -3    0   0   0 100   0   0   0   0   0   0   0   0   0   0   0   0   0   0   0   0  0.92 0.00
  224 G    0 -2  0 -1 -3 -2 -2  6 -2 -4 -4 -2 -3 -3 -2  0 -2 -3 -3 -3    0   0   0   0   0   0   0 100   0   0   0   0   0   0   0   0   0   0   0   0  1.04 0.00
  225 I   -1 -3 -3 -3 -1 -3 -3 -4 -3  4  2 -3  1  0 -3 -2 -1 -3 -1  3    0   0   0   0   0   0   0   0   0 100   0   0   0   0   0   0   0   0   0   0  0.38 0.00
  226 S    1 -1  1  0 -1  0  0  0 -1 -2 -2  0 -2 -2 -1  4  1 -3 -2 -2    0   0   0   0   0   0   0   0   0   0   0   0   0   0   0 100   0   0   0   0  0.45 0.00
  227 K   -1  2  0 -1 -3  1  1 -2 -1 -3 -2  5 -1 -3 -1  0 -1 -3 -2 -2    0   0   0   0   0   0   0   0   0   0   0 100   0   0   0   0   0   0   0   0  0.51 0.00
  228 G    0 -2  0 -1 -3 -2 -2  6 -2 -4 -4 -2 -3 -3 -2  0 -2 -3 -3 -3    0   0   0   0   0   0   0 100   0   0   0   0   0   0   0   0   0   0   0   0  1.04 0.00
  229 E   -1  0  0  2 -4  2  5 -2  0 -3 -3  1 -2 -3 -1  0 -1 -3 -2 -2    0   0   0   0   0   0 100   0   0   0   0   0   0   0   0   0   0   0   0   0  0.73 0.00
  230 R   -1  6  0 -2 -3  1  0 -2  0 -3 -2  2 -1 -3 -2 -1 -1 -3 -2 -3    0 100   0   0   0   0   0   0   0   0   0   0   0   0   0   0   0   0   0   0  0.74 0.00
  231 G    0 -2  0 -1 -3 -2 -2  6 -2 -4 -4 -2 -3 -3 -2  0 -2 -3 -3 -3    0   0   0   0   0   0   0 100   0   0   0   0   0   0   0   0   0   0   0   0  1.04 0.00
  232 R   -1  6  0 -2 -3  1  0 -2  0 -3 -2  2 -1 -3 -2 -1 -1 -3 -2 -3    0 100   0   0   0   0   0   0   0   0   0   0   0   0   0   0   0   0   0   0  0.74 0.00
  233 W   -3 -3 -4 -4 -2 -2 -3 -3 -2 -3 -2 -3 -1  1 -4 -3 -2 11  2 -3    0   0   0   0   0   0   0   0   0   0   0   0   0   0   0   0   0 100   0   0  2.29 0.00
  234 T    0 -1  0 -1 -1 -1 -1 -2 -2 -1 -1 -1 -1 -2 -1  1  5 -2 -2  0    0   0   0   0   0   0   0   0   0   0   0   0   0   0   0   0 100   0   0   0  0.46 0.00
  235 T    0 -1  0 -1 -1 -1 -1 -2 -2 -1 -1 -1 -1 -2 -1  1  5 -2 -2  0    0   0   0   0   0   0   0   0   0   0   0   0   0   0   0   0 100   0   0   0  0.46 0.00
  236 G    0 -2  0 -1 -3 -2 -2  6 -2 -4 -4 -2 -3 -3 -2  0 -2 -3 -3 -3    0   0   0   0   0   0   0 100   0   0   0   0   0   0   0   0   0   0   0   0  1.04 0.00
  237 G    0 -2  0 -1 -3 -2 -2  6 -2 -4 -4 -2 -3 -3 -2  0 -2 -3 -3 -3    0   0   0   0   0   0   0 100   0   0   0   0   0   0   0   0   0   0   0   0  1.04 0.00
  238 K   -1  2  0 -1 -3  1  1 -2 -1 -3 -2  5 -1 -3 -1  0 -1 -3 -2 -2    0   0   0   0   0   0   0   0   0   0   0 100   0   0   0   0   0   0   0   0  0.51 0.00
  239 P   -1 -2 -2 -2 -3 -1 -1 -2 -2 -3 -3 -1 -3 -4  8 -1 -1 -4 -3 -2    0   0   0   0   0   0   0   0   0   0   0   0   0   0 100   0   0   0   0   0  2.03 0.00
  240 E   -1  0  0  2 -4  2  5 -2  0 -3 -3  1 -2 -3 -1  0 -1 -3 -2 -2    0   0   0   0   0   0 100   0   0   0   0   0   0   0   0   0   0   0   0   0  0.73 0.00
  241 G    0 -2  0 -1 -3 -2 -2  6 -2 -4 -4 -2 -3 -3 -2  0 -2 -3 -3 -3    0   0   0   0   0   0   0 100   0   0   0   0   0   0   0   0   0   0   0   0  1.04 0.00
  242 R   -1  6  0 -2 -3  1  0 -2  0 -3 -2  2 -1 -3 -2 -1 -1 -3 -2 -3    0 100   0   0   0   0   0   0   0   0   0   0   0   0   0   0   0   0   0   0  0.74 0.00
  243 G    0 -2  0 -1 -3 -2 -2  6 -2 -4 -4 -2 -3 -3 -2  0 -2 -3 -3 -3    0   0   0   0   0   0   0 100   0   0   0   0   0   0   0   0   0   0   0   0  1.04 0.00
  244 G    0 -2  0 -1 -3 -2 -2  6 -2 -4 -4 -2 -3 -3 -2  0 -2 -3 -3 -3    0   0   0   0   0   0   0 100   0   0   0   0   0   0   0   0   0   0   0   0  1.04 0.00
  245 L   -1 -2 -3 -4 -1 -2 -3 -4 -3  2  4 -2  2  0 -3 -2 -1 -2 -1  1    0   0   0   0   0   0   0   0   0   0 100   0   0   0   0   0   0   0   0   0  0.45 0.00
  246 G    0 -2  0 -1 -3 -2 -2  6 -2 -4 -4 -2 -3 -3 -2  0 -2 -3 -3 -3    0   0   0   0   0   0   0 100   0   0   0   0   0   0   0   0   0   0   0   0  1.04 0.00
  247 W   -3 -3 -4 -4 -2 -2 -3 -3 -2 -3 -2 -3 -1  1 -4 -3 -2 11  2 -3    0   0   0   0   0   0   0   0   0   0   0   0   0   0   0   0   0 100   0   0  2.29 0.00

                      K         Lambda
Standard Ungapped    0.1326     0.3156
Standard Gapped      0.0410     0.2670
PSI Ungapped         0.1245     0.3170
PSI Gapped           0.0381     0.2670
