
Last position-specific scoring matrix computed, weighted observed percentages rounded down, information per position, and relative weight of gapless real matches to pseudocounts
           A  R  N  D  C  Q  E  G  H  I  L  K  M  F  P  S  T  W  Y  V   A   R   N   D   C   Q   E   G   H   I   L   K   M   F   P   S   T   W   Y   V
    1 M   -1 -1 -2 -3 -1  0 -2 -3 -2  1  2 -1  5  0 -2 -1 -1 -1 -1  1    0   0   0   0   0   0   0   0   0   0   0   0   0   0   0   0   0   0   0   0  0.00    0.00
    2 V    0 -2 -3 -3 -1 -2 -2 -3 -3  2  1 -2  1 -1 -2 -2  0 -3 -1  4    0   0   0   0   0   0   0   0   0   0   0   0   0   0   0   0   0   0   0   0  0.00    0.00
    3 L   -1 -2 -3 -4 -2 -1 -2 -3 -2  1  3 -2  6  0 -3 -2 -1 -2 -1  1    0   0   0   0   0   0   0   0   0   0  24   0  76   0   0   0   0   0   0   0  0.41 0.03
    4 D   -1 -2 -1  2 -3 -1 -1 -2 -2 -3 -3 -1 -3 -4  7 -1 -1 -4 -3 -3    0   0   0  19   0   0   0   0   0   0   0   0   0   0  81   0   0   0   0   0  1.66 0.04
    5 K    0  0  0  0 -3  3  3 -2  0 -3 -3  2 -2 -3 -1  1  0 -3 -2 -2    6   0   0   0   0  20  38   0   0   0   0  19   0   0   0  17   0   0   0   0  0.41 0.02
    6 P    0 -3 -3 -2 -3 -2 -2 -3 -3 -3 -3 -2  1 -4  8 -1 -2 -4 -4 -3   11   0   0   0   0   0   0   0   0   0   0   0   7   0  83   0   0   0   0   0  1.80 0.15
    7 V   -1  0 -2 -2 -2 -1 -1 -3  4  2 -1  0 -1 -2  0 -1  2 -3 -1  2    0   4   0   0   0   0   3   0  18  24   0   6   0   0   4   0  20   0   0  21  0.23 0.10
    8 A    4 -2 -2 -2  2 -1  1 -1  1 -1 -2 -1 -2 -3  2  0  0 -3 -2 -1   52   0   0   0   7   0  13   0   5   5   3   0   0   0   9   3   5   0   0   0  0.36 0.14
    9 V   -1 -1 -1  1 -2  0 -1 -2  2  2  1 -1  0  0 -2  0  0 -2 -1  1    3   3   0  11   0   6   1   1   8  18  14   4   0   4   0   9   6   0   0  12  0.06 0.05
   10 V    0 -4 -4 -4  0 -3 -2 -5 -4  2  2 -4  1 -2 -4 -3 -2 -4 -3  5    5   0   0   0   2   0   3   0   0   9  24   0   3   0   0   0   0   0   0  54  0.69 0.27
   11 A    0  1 -2 -2 -1 -1 -2 -3  5  1 -1  0 -1  2 -3  0  0  1  2  0    6   9   0   1   1   2   0   0  21   9   4   4   0  11   0   7   6   2   9   6  0.24 0.15
   12 V   -1  4 -2 -3 -1 -1 -2 -3 -1 -1 -2  3 -2 -2 -3 -1  2  3 -1  1    5  31   0   0   1   0   0   0   1   2   2  23   0   2   0   1  14   4   1  13  0.42 0.22
   13 V   -2 -4 -2 -4  2 -3 -4 -4 -3  2  2 -4  0  4 -4 -3 -2  1  3  3    0   0   2   0   5   0   0   0   0  13  19   0   1  22   0   0   0   2  10  27  0.51 0.21
   14 D    0 -1 -2  2 -4  0  1  0 -3 -3 -3 -2 -2 -3  6  0 -2 -5 -4 -4    7   3   0  14   0   3  10   8   0   1   2   0   1   1  44   6   0   0   0   0  0.89 0.28
   15 T    0 -3 -3 -4 -1 -1 -3 -4 -3  1  1 -3  7 -1 -2 -1  3 -4 -3  1    5   0   0   0   1   3   0   0   0   5  12   0  38   1   2   3  19   0   0  11  0.62 0.30
   16 A    2  0 -1  2 -3 -1  1 -2  1 -3 -2  0 -2 -2  1  1  1 -4 -3 -2   28   5   0  13   0   1  10   0   3   0   3   4   0   2   7  13  11   0   0   0  0.27 0.16
   17 H    2  0  0  2 -3 -2 -2  1  6 -4 -4 -2 -3 -4 -3  3  0 -4 -2 -3   17   6   2  12   0   0   0  11  23   0   0   0   0   0   0  25   4   0   0   0  0.53 0.25
   18 P   -1 -4 -4 -4 -5 -3 -1 -5 -5 -4 -5 -3 -4 -6  8 -2 -2 -6 -5  0    3   0   0   0   0   0   4   0   0   0   0   0   0   0  80   2   2   0   0   9  2.10 0.52
   19 G    1  1  0  3 -3  0  1  3 -2 -4 -4 -1 -3 -4 -3  2 -1 -4 -4 -3   11   9   2  22   0   3   8  26   0   0   0   1   0   0   0  17   1   0   0   0  0.47 0.20
   20 D   -4 -4 -1  8 -6 -3 -1 -4 -4 -1 -6 -3 -5 -6 -4 -3 -4 -7 -6 -5    0   0   0  96   0   0   0   0   0   4   0   0   0   0   0   0   0   0   0   0  2.19 0.58
   21 T    0 -3 -3 -4  1 -3 -3 -3 -4  0  0 -3  1 -2 -3 -1  3 -4  0  4    9   0   0   0   3   0   0   1   0   2   4   0   5   1   0   2  25   0   3  44  0.51 0.27
   22 G    2  0 -2 -1 -3  0 -1 -1 -1 -4 -4 -1 -3 -1 -1  5  0 -4 -3 -2   20   5   0   2   0   2   2   3   1   0   0   3   0   3   2  52   3   0   0   1  0.56 0.29
   23 P    2 -3  0 -2 -3 -2  1  5  0 -3 -3 -2 -3 -4  2 -1 -2 -4 -4 -1   17   0   3   1   0   1  11  46   2   0   2   0   0   0  10   2   0   0   0   5  0.61 0.24
   24 L   -2 -4 -5 -5 -3 -4 -5 -4 -5  1  5 -4  0  1 -5 -3 -3 -3 -3  1    1   0   0   0   0   0   0   1   0   5  78   0   0   5   0   1   0   0   0   8  1.03 0.36
   25 E    2  1 -2  1 -3  1  3 -1 -1 -2 -1  0 -2 -3  0 -1 -1 -4 -3 -1   27  10   0   7   0   6  26   2   1   1   5   4   0   0   3   1   3   0   0   3  0.29 0.18
   26 R    3  2  0  0 -3  1  0 -1 -1 -3 -3  1 -2 -4 -2  1 -1 -4 -3 -2   38  15   3   5   0   6   6   3   1   1   0   8   0   0   0   9   2   0   0   1  0.34 0.20
   27 W    2 -2 -4 -2 -3 -3 -3 -3 -4 -1  4 -3  1  0 -2 -2 -2  5 -2  0   24   1   0   3   0   0   0   1   0   0  50   1   2   4   2   0   0   8   0   4  0.54 0.27
   28 M   -2 -4 -4 -4 -3 -2 -4 -4 -4  4  3 -4  1  1 -4 -3 -2 -3 -2  2    3   0   0   0   0   2   0   0   0  29  40   0   2   6   0   0   1   0   0  15  0.61 0.23
   29 D    3  0  0  3 -3  1  2 -1  0 -3 -3  0 -3 -4 -2  0  0  1 -3 -2   31   5   2  17   0   5  17   4   3   1   0   4   0   0   0   4   5   2   0   0  0.34 0.18
   30 A    1  1  0  2 -3  1  2  1 -1 -3 -3  1 -2 -4 -2  1  0 -4 -3 -3   13  10   2  14   0   7  16   9   1   0   2   9   0   0   0   9   7   0   0   0  0.27 0.14
   31 N   -1 -2  1  0 -4 -1  0  5 -2 -3 -1 -2 -3 -2 -1 -1 -2 -3  1 -1    2   2   8   4   0   1   9  49   0   0   8   1   0   1   3   2   0   0   6   5  0.52 0.23
   32 P    1  3 -1  1 -3  1  1  0 -2 -3 -2  1 -2 -2  3 -1 -1 -3 -1 -2   12  22   1  10   0   7   7   9   0   0   3   6   1   2  15   1   1   0   2   2  0.31 0.16
   33 L    0 -1 -2 -3 -1 -2 -2 -2  1  2  2 -2  0  1  0  0 -1 -3 -1  2    6   3   1   0   1   0   1   2   5  20  24   0   1   7   6   8   2   0   0  13  0.18 0.13
   34 A    2  2 -1  1 -3 -1  0  1 -2 -2 -3  0 -2 -4 -1  2 -1 -4 -2 -1   27  14   0   8   0   1   3   9   0   2   0   5   0   0   3  23   1   0   1   3  0.30 0.18
   35 D    0  2  0  4 -4  1  2 -1  1 -4 -4  0 -3 -4 -2  1 -1 -4 -3 -3   10  16   3  27   0   6  13   4   5   0   0   2   0   0   1  10   2   0   0   0  0.44 0.20
   36 I   -1 -1 -2 -4 -2 -3 -4 -5 -4  5  1 -3  0 -2 -2 -3 -2 -4 -3  4    3   4   2   0   0   0   0   0   0  45   9   0   0   0   2   0   0   0   0  36  0.68 0.25
   37 L   -1  1 -3 -2  0 -2 -3 -4 -3  3  2 -2  0 -2 -3 -2 -1 -4 -2  4    4  11   0   3   2   1   0   0   0  17  21   1   0   0   0   0   1   0   0  40  0.38 0.18
   38 C    5 -2 -3 -3  3 -3 -3  1 -3 -1 -3 -2 -3 -4 -3  0 -2 -4 -4 -1   77   1   0   0   6   0   0   7   0   3   0   0   0   0   0   4   0   0   0   2  0.90 0.33
   39 V   -2 -4 -4 -5 -2 -4 -4 -5 -4  4  2 -4  2  0 -4 -3 -2 -4 -2  5    1   0   0   0   0   0   0   0   0  27  13   0   4   2   0   0   0   0   0  53  0.77 0.26
   40 L    0 -3 -4 -4 -2 -3 -3 -4 -3  3  3 -3  2  1 -3 -2  0  2 -1  2    6   0   0   0   0   0   0   0   0  29  29   0   6   5   0   0   8   3   1  11  0.40 0.16
   41 G    2 -4 -1 -3  3 -3 -3  6 -4 -2 -3 -3 -3 -4 -3 -2 -3 -4 -4 -1   18   0   1   0   7   0   0  65   0   1   1   0   0   0   0   0   0   0   0   7  0.99 0.28
   42 K   -3  0 -2 -3 -5  2 -1 -4 -3 -4 -4  7  1 -5 -3 -2 -3 -5 -4 -4    0   0   0   0   0   8   1   0   0   0   0  87   4   0   0   0   0   0   0   0  1.41 0.42
   43 T    0 -3  0 -3 -3 -3 -3 -3 -3 -2 -3 -3 -2 -4 -3  1  6 -4 -3  1    6   0   3   0   0   0   0   0   0   0   0   0   0   0   0   5  77   0   0   9  1.08 0.38
   44 E   -2  1 -2  1 -5  1  6 -1  0 -5 -5 -1 -4 -5 -1 -2 -3 -5 -4 -4    1   6   0   6   0   2  76   5   1   0   0   0   0   0   2   0   0   0   0   0  1.15 0.36
   45 G   -2 -4 -2 -3 -4 -4 -4  7 -4 -6 -6 -3 -5 -5 -4 -1 -3 -5 -5 -5    0   0   0   0   0   0   0  96   0   0   0   0   0   0   0   4   0   0   0   0  1.88 0.43
   46 N   -1  0  6  1 -3 -1 -1 -2  2 -3 -2 -1 -3 -3  0  0  1  1 -3 -3    6   5  48   8   0   0   2   0   5   0   4   0   0   0   4   3  11   2   0   0  0.58 0.22
   47 G    1 -3 -2 -3 -3 -3 -2  6  0 -4 -4 -3 -3 -4  1 -1 -1  3 -3 -4   11   0   0   0   0   0   2  67   2   0   0   0   0   0   6   0   3   5   0   0  1.00 0.27
   48 C    1  0 -1  0  4  0 -1  1 -2 -1  0 -1 -1 -2 -2  1  0 -2 -2 -1   16   7   1   5  15   4   1  15   0   1  12   1   0   1   1   9   8   0   1   1  0.17 0.09
   49 V   -1  0 -1 -1 -2 -1 -2  1  1  0  0 -1 -1 -2  2 -1  0 -3 -2  3    4   7   3   3   0   1   1  12   4   2   9   1   0   1  11   1   6   0   0  33  0.14 0.10
   50 N    0 -1  6  2 -3 -1 -1  0  1 -4 -4 -1 -3 -3 -3 -1 -1 -4 -1 -3    7   3  58  11   0   1   3   7   2   1   1   1   0   0   1   1   1   0   3   1  0.78 0.24
   51 D   -3 -2 -1  7 -4  1  1 -3 -2 -4 -4 -2 -4 -4 -3 -2 -2 -4  0 -4    1   0   0  74   0   8   7   1   0   0   1   0   0   0   0   1   1   0   3   1  1.28 0.32
   52 F   -2 -1 -2 -4 -4 -1 -3 -4  2 -2 -2 -3 -2  6  2 -3 -2  3  4 -2    2   4   2   0   0   3   0   0   5   0   0   0   0  53  10   0   2   3  15   1  0.92 0.29
   53 T    2 -2 -1 -1 -2 -2 -2  1 -3 -3 -2 -2 -2 -4 -2  3  4 -4 -3 -2   19   0   0   3   0   0   0  11   0   0   2   0   0   0   0  30  34   0   0   0  0.53 0.24
   54 R   -4  8 -3 -4 -6 -2 -3  0 -3 -6 -5  1 -4 -6 -5 -1 -4 -6 -5 -5    0  83   0   0   0   0   0   6   0   0   0   5   0   0   0   6   0   0   0   0  1.83 0.65
   55 G    1 -2 -2  1 -3  0  1  2  1  0 -2 -2 -1 -3  1 -1  2 -4 -3 -1   17   0   0  11   0   5   8  17   4   7   2   0   2   0   8   1  14   0   0   4  0.21 0.17
   56 Y    0 -3 -3 -1 -3 -2 -2 -2 -2  0  2 -3  1  2 -4 -2 -2  4  4  1   10   0   0   4   0   1   3   3   0   3  26   0   3   9   0   3   0   7  18  11  0.33 0.22
   57 A    5 -4 -4 -4  3 -3 -3 -1 -4 -1 -1 -3  0 -2 -3  0 -1 -4 -3  2   56   0   0   0   7   0   0   2   0   3   4   0   2   2   0   5   3   0   0  17  0.67 0.37
   58 T    0 -1 -1  3  2 -1  0 -3  2 -1 -1 -1  1 -3 -3  0  2 -3 -1  0    7   3   0  24   6   0   3   0   6   3   4   2   4   0   0   8  15   0   2  10  0.22 0.18
   59 S    0  3  0 -1 -3  1  0 -1  2 -2  1  0  0 -2 -3  1  0 -3 -2 -1    7  22   3   3   0   7   4   3   8   0  16   2   3   1   0  10   6   0   0   4  0.16 0.15
   60 A    3 -1 -1 -1  3  1  1 -2 -2 -2 -1 -1  0 -3 -2  1  0 -3 -3  0   31   3   2   3   7   5  11   0   0   0   7   0   3   0   0  14   5   0   0   8  0.23 0.19
   61 I    0 -3 -4 -4  2 -3 -4 -4 -3  1  3 -3  0  3 -4 -3 -2  3  1  1    7   0   0   0   4   0   0   0   0   8  40   0   1  16   0   0   1   5   5  10  0.48 0.25
   62 Q   -1  4 -1 -1 -3  2  1 -1  0 -3 -2  2 -1 -3 -2  0  0 -3 -3 -3    4  33   1   3   0  10  11   5   2   1   4  12   2   0   1   7   4   0   0   1  0.42 0.22
   63 A    1  1  0  1 -2  1  2  0  1 -2 -1  0 -1 -3 -1  0  0 -3 -2 -2   17   8   4   9   0   9  16   6   4   3   5   2   1   0   2   6   6   0   0   1  0.15 0.11
   64 A    1 -2 -3 -3  0 -2 -1 -2  0  0  2 -2  0  1 -3 -1  0  5  2  1   14   1   1   1   2   0   3   2   2   3  27   1   1   7   1   3   7   8   8   8  0.22 0.15
   65 L   -2 -1 -3 -4 -3 -3 -3 -4 -3  1  4 -3  2  3 -3 -3 -1 -2 -1  0    1   4   1   1   0   1   1   1   0   8  58   1   3  12   1   1   3   0   0   3  0.61 0.28
   66 G    2  0 -1 -1 -2  0 -1  1 -1  0 -1 -1  0 -2  0  2  0 -2 -2  0   25   5   1   1   0   3   4  11   2   4   4   1   3   1   3  18   5   0   1   8  0.14 0.11
   67 R    1  3 -1  0 -2  1  2  0 -1 -2 -2  1 -2 -2  0  0  0 -2 -2 -2   12  19   1   5   0   5  20   8   1   1   2   7   1   1   5   5   4   0   1   2  0.24 0.12
   68 V    0  2 -1 -1 -2 -1 -1 -1  5 -1  0  1 -1  1 -1 -1 -1 -1  2 -1    8  13   2   2   1   1   4   4  19   2  10   7   1   5   3   2   3   0   8   4  0.18 0.11
   69 R   -1 -1 -1 -2  0 -1 -2  2 -2 -1  2 -1  1 -1 -1  0  1 -2 -2  0    4   4   1   2   2   1   2  21   1   2  28   2   4   1   3   6  10   0   1   6  0.13 0.10
   70 S    1 -1  1  0 -2 -1 -1  4 -1 -2 -2  0 -1 -1 -1  1 -1 -2 -2 -2   12   2   5   4   1   3   2  34   1   2   3   6   2   3   2  15   2   0   1   2  0.31 0.13
   71 R    0  1  0  0 -1  0  1 -1  0  0  0  0  0 -1  2  0  0 -1 -1  0    4  10   4   6   1   3   9   4   3   4  15   3   1   2  11   5   4   1   1   9  0.06 0.03
   72 R    1  0  0  0  0  0  0 -1 -1 -1  0  0 -1 -1  1  1  0 -1 -1 -1   17   7   4   6   2   2   6   4   1   3   9   4   1   2   6  14   5   1   2   3  0.07 0.03
   73 M    0  0 -1 -1 -1  0 -1 -1  0  1  2  0  1  0 -1 -1  0 -1 -1  0    6   5   3   3   1   3   4   4   4   6  29   5   4   2   3   4   5   1   2   6  0.03 0.02
   74 G    0  1  0  1 -1  1  1  1  0 -1 -1  0 -1 -1  0  0  0 -1 -1 -1    9   8   3  10   1   7   8  14   1   3   7   4   1   2   3   8   4   1   2   4  0.06 0.01
   75 A    1  0  0  0  0  0  1  0 -1 -1  0  0  0 -1  0  0  0 -1 -1  0   16   3   3   3   3   3  16   5   1   3  13   4   1   2   3   6   6   1   2   4  0.05 0.02
   76 T    0  0  0  0 -1  0  0  0  1  0  0  0  0 -1  0  0  1  2  0  0    9   5   3   3   1   3   6   6   5   7   8   5   1   2   5   6  10   4   2   7  0.02 0.01
   77 A    1  0  0 -1 -1  0  0  0 -1  0  0  0  0 -1  0  0  1 -1 -1  0   22   7   3   3   1   3   4   5   1   3  12   4   1   2   5   5  10   1   2   6  0.05 0.02
   78 N    0  0  1  0 -1  0  1  0  0 -1 -1  0 -1  0  1  1  0 -1 -1 -1   12   6   8   5   1   3   8   5   1   3   6   6   1   4   7   9   6   1   2   4  0.06 0.01
   79 D    0  1  1  1 -1  1  1  0  1 -1 -1  0  0 -1  0  0  0 -1  0  0    7   8   8   7   1   5   8   5   4   3   8   7   2   3   4   5   6   1   2   7  0.04 0.00
   80 D    0  0  0  1  1  0  0  0  0  0  0  0  0  0  0  0  0  0  0  0    6   6   3   9   5   3   5   7   2   6   8   4   2   5   4   7   4   1   5   9  0.00 0.00
   81 E    0  1  0  1 -1  0  1  0  0 -1  0  0  0 -1  0  0  0 -1 -1  0   10   8   4   7   1   3  10   5   1   3  13   6   2   3   3   6   6   1   2   4  0.03 0.01
   82 R    0  1  0  0 -1  1  0  2  0 -1 -1  0 -1 -1  0  0  0 -1 -1 -1    5  11   3   4   1  11   4  18   1   3   6   6   1   3   3   5   4   1   2   6  0.08 0.02
   83 N    0 -1  0  0  1  0  0  0 -1  1  0  0  0  0  0  0  1  1  0  0    9   3   5   4   3   4   4   8   1  13   5   3   2   4   3   4  13   2   2   6  0.01 0.01
   84 R    0  2  0  0  0  0  0  0  0 -1 -1  0 -1 -1  1  1  0 -1 -1 -1    6  15   3   5   3   5   4   7   2   3   6   5   1   2   8  14   7   1   2   4  0.08 0.03
   85 Q    0  0 -1  0 -2  0  1  1  0 -1 -1  0 -1 -2  3  0  0 -2 -1  0    5   6   2   3   1   4  14  11   2   3   4   2   2   2  16   9   5   1   1   9  0.15 0.05
   86 S    2  0 -1  0 -1  1  2  0  0 -2 -1  0  0 -2  0  1  0  1 -1 -1   25   4   2   4   1   7  14   5   2   2   3   3   4   1   5   8   5   3   1   2  0.13 0.07
   87 S    1  0  0  2  0  0  3 -1 -1 -2 -2 -1 -2 -2 -1  1  0 -2 -2 -2   18   3   3  16   3   3  22   4   1   2   4   2   1   1   2   9   5   0   1   2  0.21 0.10
   88 F    0 -1 -2 -1 -1  0  0 -2 -2  1  1 -1  0 -1 -1 -1  0 -2 -1  3    7   3   1   3   1   5   6   2   1   7  10   3   2   3   2   3   7   0   1  34  0.12 0.09
   89 T    1  0 -1 -1 -1  0  0  0 -1  0  0 -1 -1  0  0  0  1 -2 -1  1   20   5   1   3   0   4   7   8   1   7   7   1   1   6   4   3  10   0   1  11  0.05 0.05
   90 A    1  1  0  2 -2  1  2  0  0 -2 -2  1 -1 -2  0  0 -1 -2 -2 -2   13   9   4  11   0   5  17   8   3   1   3  12   1   1   4   3   1   0   1   2  0.18 0.08
   91 D   -1  5 -1  0 -3  2  1 -2 -2 -3 -3  1  0 -3  1  0  0 -3 -3 -3    6  40   1   5   0  11   7   2   0   1   1   4   3   1   6   7   5   0   0   1  0.47 0.22
   92 P    1 -3 -3 -3  1 -3 -3 -3 -4  4 -1 -3 -1 -2  0  0  0 -4 -3  3   13   0   0   0   4   0   0   0   0  31   1   0   0   0   6  10   3   0   0  30  0.45 0.25
   93 A    1 -3 -3 -3  0 -2 -3 -3 -3  0  0 -2  1 -3  5  0  0  1 -3  1   15   0   0   0   2   1   0   0   0   6   9   0   5   0  34   7   4   3   0  12  0.59 0.25
   94 I   -2 -1 -4 -4  0 -2 -3 -4 -3  3  2 -2  5  3 -4 -2 -1 -3 -1  1    2   3   0   0   2   1   0   0   0  24  14   2  25  13   0   2   4   0   1   5  0.48 0.26
   95 I    0 -3 -2 -3  1 -2 -3 -3 -3  3  1 -2  4 -1 -3 -1 -1 -3 -2  3    6   0   3   0   3   0   0   0   0  20  11   0  21   0   0   4   0   0   0  32  0.32 0.11
   96 M   -1 -3 -4 -4 -2 -2 -3 -4 -3  0  2 -3  5  4 -4 -3 -2  4  0  0    4   0   0   0   0   0   0   0   0   0  25   0  34  25   0   0   0   7   0   5  0.57 0.16
   97 S    1 -1 -1 -2 -2 -1 -1 -2 -2  2 -1  1 -1 -2 -2  3  1 -3 -2  0   14   0   0   0   0   0   0   0   0  29   0  10   0   0   0  40   7   0   0   0  0.25 0.11
   98 G    0 -2  1 -2 -2 -2 -1  4 -2  0  0 -2  0 -2 -2  0  1 -3 -3 -1    4   0   8   0   0   0   4  46   0   6  10   0   4   0   0   4  11   0   0   4  0.35 0.08
   99 G   -1 -2 -1 -2 -3 -2 -2  6 -3 -3  0  1 -2 -3 -3 -1 -2 -3 -3 -3    0   0   0   0   0   0   0  73   0   0  13  13   0   0   0   0   0   0   0   0  0.84 0.15
  100 T    0 -4 -3 -4  7 -3 -4 -1 -4 -3 -3 -3 -3 -4 -4  1  5 -5 -4 -1    8   0   0   0  30   0   0   4   0   0   0   0   0   0   0   7  47   0   0   4  1.14 0.45
  101 E   -2 -3 -2  1 -5 -1  6 -1  0 -3 -4 -2 -4 -2  1 -2 -3 -5 -1 -1    2   0   0   7   0   0  66   5   3   1   0   0   0   2   6   2   0   0   2   4  0.96 0.42
  102 G   -1 -5 -3 -4 -5 -4 -5  7 -5 -6 -6 -4 -5 -6 -5 -3 -2 -5 -6 -6    3   0   0   0   0   0   0  96   0   0   0   0   0   0   0   0   2   0   0   0  2.10 0.60
  103 V   -1 -4 -5 -5 -3 -4 -4 -1 -5  3  1 -4  1 -1  0 -3 -2 -4 -3  5    4   0   0   0   0   0   0   4   0  16   9   0   3   1   5   0   0   0   0  58  0.76 0.35
  104 L    0 -4 -3 -4 -3 -3 -2 -2 -4  3  4 -3  4 -2 -4 -3 -2 -4 -3  1    7   0   1   0   0   0   3   2   0  24  43   0  12   0   0   0   1   0   0   6  0.58 0.28
  105 C    0 -3 -2 -3 -1 -2 -2 -1 -3 -4 -4 -3 -3 -4 -3  5  4  2 -4 -2    5   0   0   0   1   0   1   3   0   0   0   0   0   0   0  49  35   3   0   1  0.91 0.44
  106 P   -4 -5 -5 -5 -6 -4 -4 -5 -5 -6 -6 -4 -6 -7  9 -4 -1 -7 -6 -5    0   0   0   0   0   0   0   0   0   0   0   0   0   0  97   0   3   0   0   0  2.98 0.76
  107 H   -4 -1  0 -4 -1 -2 -3 -1 10 -5 -5 -2 -4 -1 -5 -4 -4 -5  1 -3    0   3   3   0   2   0   0   4  77   0   0   2   0   2   0   0   0   0   3   2  2.15 0.65
  108 F    1 -3 -3 -4  0 -3 -3  0 -3  2  2 -3  2  1 -3 -2 -2  1  2  2   18   0   0   0   2   0   0   9   0  12  19   0   7   6   0   0   0   2   8  18  0.27 0.18
  109 I    0 -3  1 -3 -3 -3 -3 -3 -3  1  1 -3 -1 -1 -3 -1  4  1  1  1    7   0   9   0   0   0   0   0   0   7  13   0   0   2   0   1  39   2   6  13  0.41 0.27
  110 V    1 -4 -5 -5 -3 -4 -4 -4 -4  2  2 -4  1  0 -4 -3 -2 -4 -3  5   13   0   0   0   0   0   0   0   0   7  21   0   3   4   0   0   0   0   0  52  0.72 0.33
  111 F   -4 -5 -5 -6 -1 -5 -5 -5 -4  2  0 -5 -2  7 -6 -4 -4  1  2  1    0   0   0   0   1   0   0   0   0  13   7   0   0  63   0   0   0   1   4  10  1.34 0.45
  112 A    2 -3 -2 -3  2 -2 -2 -2 -3  1 -1 -2 -1 -1 -3  1  3 -3 -1  2   25   0   0   0   5   1   2   2   0   9   4   0   0   2   0   9  22   0   2  17  0.29 0.20
  113 N   -1  4  0  0  0  0  1 -3  1 -2 -2  2 -2 -3 -2 -1  0 -3 -2  0    3  34   3   5   2   2   8   1   5   1   1  16   0   1   1   2   5   0   0  10  0.39 0.19
  114 S    0  1 -1 -1 -2  1  1 -1  0 -1  0  1  1 -2  0  0  1 -2 -2  1    3   7   2   2   0   5  11   4   2   1   7   9   5   1   4   9  12   0   1  16  0.07 0.07
  115 W    0  0 -1  1 -2 -1  1  0 -2 -2 -1 -1 -1 -1  4 -1 -1  3 -2 -1    8   5   1  12   1   1   8   9   1   1   6   3   2   3  27   3   2   4   1   3  0.36 0.12
  116 D    0 -1  0  2 -2  0  0  2 -1 -1 -1 -1 -1 -2  1  1  0 -2 -2  1    8   3   3  14   1   3   4  16   1   2   3   3   1   1   6  10   5   0   1  17  0.11 0.07
  117 E    1 -1  0  2 -2  1  2  0 -1 -1 -2 -1 -1 -2  0  0  0 -2 -2 -1   16   3   3  17   1   4  19   5   1   3   3   2   2   1   5   2   8   0   1   6  0.18 0.09
  118 A    2 -1  0 -1 -1 -1 -1  1 -1 -1 -2  0 -1 -2  2  1  1 -2  0 -1   26   3   3   3   1   2   2  11   1   2   3   3   1   1  11  12   8   0   3   4  0.18 0.08
  119 D    1  0 -1  2 -2  1  0  0 -1 -1  0  0 -1 -2  2  0  0 -2 -2 -1   14   6   2  14   1   6   2   8   1   2   9   4   1   1  13   6   5   0   1   4  0.14 0.06
  120 A    1  0  0  1 -1  0  0  0  0 -1 -1  0 -1 -2  2  1  0 -2 -1  0   11   4   4  10   1   2   5   8   2   2   6   6   2   2  13   9   4   1   1   7  0.11 0.03
  121 D    1  0  1  1 -1  0  1  0 -1 -1 -1  0  0 -1  1  0  0 -1 -1  0   14   4   7  12   1   2   7   5   1   2   6   7   3   2   7   6   5   1   3   6  0.07 0.04
  122 E    0  1 -1  0 -2  1  1  1 -1 -1 -1  0 -1 -1  2  0 -1 -2 -1 -1   11  10   2   4   1   9  10   9   1   2   5   5   1   4  11   6   2   0   1   6  0.12 0.06
  123 N    1  1  2  1 -2 -1  0  2  1 -2 -2 -1 -2 -2  1  1 -1 -2 -2 -2   14   9  12   7   1   1   4  15   3   2   3   2   1   1   6  14   2   0   1   2  0.18 0.11
  124 H    0  2 -1  0  0  1  1  0  1 -2 -1  0  0 -2  0  0  0  5 -1 -2    7  15   1   6   2   6  10   6   4   2   5   2   2   1   5   6   7   9   1   2  0.16 0.09
  125 D    0  1  1  1 -2  0  1  0 -1 -2 -2  1  0 -2  2  0  0  2 -2 -1    8  10   5  11   0   4   7   8   0   1   2   7   4   1  10   7   7   3   1   4  0.15 0.10
  126 D    1  0 -1  1 -2  0  1  2  1 -2 -1 -1 -2 -1 -2  1  0 -3 -2  0   13   6   0  10   0   5  12  15   5   1   7   1   0   3   1  11   4   0   0   7  0.13 0.13
  127 D    0  1  0  1 -3  1  1  1  1 -2 -3  1 -2 -3  2  0  0 -3 -2 -1    6   7   5  10   0   7  10  10   4   0   1   8   0   0  12   5   7   0   0   7  0.21 0.15
  128 D    1  0  0  1 -2  0  0  0  1  0 -2  0  0 -3  2  0  1 -3 -2 -1   11   5   4   8   0   4   7   6   5   6   1   7   4   0  11   8   9   0   0   4  0.14 0.12
  129 D    0  1  0  2 -2  0  1  1  0 -2 -2  1 -2 -2  1  1  0 -2 -1 -1   10   8   4  12   0   2   7  12   3   2   3   8   0   1   7   9   4   0   2   4  0.12 0.06
  130 D   -1 -1 -1  2 -3  0  2  2 -2 -3 -3  0 -2 -1  2  0  1 -3 -2 -2    3   3   1  16   0   2  14  19   0   1   1   7   0   4   9   7   9   0   1   3  0.25 0.13
  131 D    0 -1  0  2 -3  0  3  2 -2 -2 -3  0 -1 -3  1  1 -1 -3 -3 -2    5   3   2  15   0   4  21  18   0   3   2   3   2   0   6   9   4   0   0   2  0.28 0.15
  132 A    1  1 -2 -2 -1 -1 -1  0 -1 -3 -2  3 -2 -2  4 -1  2 -4 -3 -2   11   7   0   0   1   0   2   7   1   0   4  23   0   2  24   0  15   0   0   2  0.45 0.23
  133 A    1  5  0 -3 -4 -2 -3  4 -3 -5 -4 -1 -4 -5 -4 -1 -3 -4 -4 -4   15  41   5   0   0   0   0  33   0   0   0   0   0   0   0   4   0   0   0   0  0.89 0.37
  134 F   -2 -3 -4 -5 -2 -3 -4 -4 -3  2  4 -3  3  3 -4 -3 -2 -2 -1  0    0   0   0   0   0   0   0   0   0   8  70   0   6  16   0   0   0   0   0   0  0.68 0.18
  135 E    2 -1 -2 -2  2 -1  0 -2 -2  0  0 -1 -1 -2 -2  1  1 -3 -2  1   30   3   0   0   6   0   8   0   0   3  10   3   0   0   0  15   8   0   0  15  0.15 0.08
  136 L    2 -2 -2 -2  2 -2 -2 -2 -2  1  1 -2  2  1 -2 -1 -1 -2 -1  1   29   1   1   1   7   1   1   1   0  10  19   1   8   8   1   1   1   0   0  10  0.12 0.05
  137 H    1 -2 -1 -2  3 -1 -2  4  2 -2 -2 -2 -2 -2 -2  0 -1 -2 -2  0   16   1   1   1   9   1   1  45   9   1   1   1   0   1   1   1   1   0   0  10  0.37 0.09
  138 V    1  0 -2 -2  1 -1 -2 -1  0  1  0 -1  0  0 -2  0  1  1 -1  2   13   6   1   1   3   2   1   3   3   9   3   3   2   4   1   9   8   2   0  25  0.07 0.07
  139 T    3  0 -1 -2 -2 -1  0  3 -2 -2 -3 -1 -2 -3 -2  1  1 -3 -2 -2   39   5   1   1   0   1   5  23   0   1   1   1   0   0   1  11  10   0   0   1  0.38 0.16
  140 R   -1  4 -1 -2  0  0 -1 -2  4 -1 -1  0  1  1 -3 -1 -1 -2  0 -1    4  32   0   2   3   4   1   3  12   4   3   2   6   7   1   4   3   0   4   5  0.27 0.17
  141 T   -1 -3 -2 -2 -3 -2 -2 -1 -3 -3 -3 -2 -3 -4 -3  4  6 -4 -3 -2    1   1   1   1   0   1   1   5   0   1   1   1   0   0   1  32  54   0   0   1  0.97 0.39
  142 R    1  4 -2  0 -3  1  1 -3  0 -3 -3  0 -3 -4  3 -2 -2  1 -3 -2   16  32   0   4   0   5  12   1   2   1   1   2   0   0  17   1   1   2   0   3  0.53 0.24
  143 D    1 -1 -1  3 -3  0  1 -2 -1 -1 -2 -1 -2 -3  4  0  0 -4 -3  1   12   3   0  18   0   3   7   2   1   2   2   3   0   0  24   4   4   0   0  12  0.38 0.17
  144 F   -2 -3 -4 -4 -3 -3 -4 -4 -3  3  3 -3  1  4 -2 -3 -1 -2 -1  1    1   1   0   1   0   0   1   1   0  25  34   1   3  20   2   1   2   0   0   8  0.56 0.23
  145 K    2  0 -1  0 -2  0  0 -1 -1 -1  1  0 -1 -2  3  0  0 -3 -2 -1   21   4   3   6   0   4   4   3   2   1  20   7   0   0  13   4   7   0   0   2  0.16 0.12
  146 P    1 -3 -3 -1 -4 -3 -3 -3 -3 -2 -2 -1 -1 -2  7 -1 -2 -4 -4 -2   11   1   0   3   0   0   1   1   0   2   5   4   2   2  61   2   2   0   0   3  1.35 0.39
  147 E    1  1 -2  0 -4  0  5 -1  4 -4 -3  1 -3 -4 -3 -1 -1  1 -3 -4   11   7   0   3   0   1  42   5  11   0   2  10   0   0   0   3   2   2   0   0  0.57 0.29
  148 E   -1 -2 -2  4 -5  1  5 -2  1 -4 -4  1 -3 -4 -3 -2 -2  4 -3 -3    3   0   0  22   0   5  46   2   3   0   0   9   0   0   0   0   0   6   0   2  0.80 0.32
  149 V   -1  1 -2 -3 -2  0 -2 -3 -2  2  2 -1  2  1 -2 -2  0 -2  1  2    1  12   1   1   0   4   1   1   0  15  20   1   9   4   1   1   5   0   6  18  0.15 0.08
  150 G    1 -2 -1 -2  2 -2 -2  5 -2 -2 -1 -2 -2 -3 -2 -1  0 -3 -3  0   13   1   1   1   6   0   1  51   0   1   7   1   0   0   1   1   6   0   0   9  0.48 0.15
  151 T    0  1  1 -1 -2  0  1  1  3 -2 -2  0 -2 -1 -2  1  1 -2  2 -2   11  11  10   1   0   0  11  11  10   1   1   1   0   0   1  11  11   0  10   1  0.18 0.10
  152 P    0  1 -2  0 -2  0  0 -1 -2  0  1 -1  2 -2  3  0  0 -3 -2  0    6  10   0   6   0   4   5   3   0   2  16   2   9   0  14   6   8   0   0   7  0.14 0.10
  153 V    2  0 -1  0 -2  0  1  0 -2 -2 -1  0 -1 -3  2  0  0 -3 -2  0   22   6   2   4   0   4  12   8   0   1   4   4   2   0  10   5   6   0   0   9  0.16 0.10
  154 M    0 -1 -1 -2 -3  4  0 -1  5 -2  0 -1  5 -2 -2 -1 -2 -2 -1 -2    6   1   1   1   0  25   5   5  19   1   6   1  26   0   1   1   1   0   0   1  0.41 0.20
  155 A    2 -3 -3 -3 -2 -2 -2 -2 -3  3  1 -2  0 -2 -2  0 -1 -3 -2  3   23   1   1   1   0   1   1   1   0  24  10   1   0   0   1  10   1   0   0  25  0.31 0.16
  156 R    0  2 -1  2 -2  1  1  0  1 -2 -1  0 -1 -2 -2  0  0 -3 -2 -1    7  17   1  17   0   5  10   5   4   1   8   5   0   0   1   6   6   0   0   5  0.16 0.08
  157 A    1  0 -1  0  0  1  1 -1  0  0  0  2  0 -2 -2  0  0 -3 -2  0   15   3   0   6   2   5  14   3   2   6   8  15   4   0   1   5   5   0   0   5  0.09 0.09
  158 T    1 -3  0 -3  2 -3 -3 -3 -3  1 -1 -3 -1 -3 -3 -2  2 -4 -3  5   11   1   5   1   5   0   1   1   0   5   1   1   0   0   1   1  17   0   0  49  0.54 0.26
  159 R    5  0 -2 -3 -2 -2 -1  0  0 -2 -3 -2 -2 -3 -2  1  0 -4 -3  0   63   5   0   0   0   0   3   4   2   2   1   1   0   0   0   6   3   0   0   6  0.60 0.30
  160 R    1  2  0  2 -3  0  2 -1 -2 -2 -3  0 -2 -3 -1  0  0 -3 -3 -1   19  15   3  15   0   3  17   3   0   3   1   2   0   0   2   6   7   0   0   2  0.24 0.14
  161 A    4 -1 -2 -3  2 -2 -2  1 -3 -2 -2 -2 -1 -3 -2  0  2 -3 -1 -1   51   2   0   0   4   0   1  11   0   0   3   1   2   0   0   5  12   0   3   4  0.45 0.24
  162 I    0 -3 -3 -4  1 -3 -3 -4 -4  2  0 -3  2 -2 -3 -2  0 -4 -3  5    7   0   0   0   4   0   1   1   0   8   4   1   5   0   0   1   7   0   0  61  0.66 0.30
  163 E    0  4 -1  0 -3  0  2 -2  1 -2 -1  2 -2 -3 -2  0  1 -3 -2 -1    5  30   1   3   0   2  14   2   4   0   5  11   0   0   0   8   8   0   0   5  0.30 0.16
  164 E    2  1 -1  0 -2  1  2 -1 -2 -2 -2  1 -2 -3 -2  1  1 -3 -3 -1   27  10   0   3   0   6  19   2   0   1   3   7   0   0   0  10   7   0   0   2  0.26 0.17
  165 Y    5 -2 -3 -3 -2 -2 -3 -1 -3  0  0 -2  3 -2 -3 -1 -1  2  0 -1   59   2   0   0   0   0   0   4   0   5   8   0   8   0   0   2   1   3   4   2  0.58 0.33
  166 L    0 -1 -4 -4  2 -1 -4 -4 -4  3  2 -3  6 -2  0 -3 -2 -3 -3  0    7   3   0   0   5   2   0   0   0  17  20   0  35   0   4   0   2   0   0   3  0.63 0.33
  167 G    2  2  0  0  0  0  1  0  0 -2 -2  1  0 -3 -2  0 -1 -3 -3 -2   28  13   6   5   3   3  10   7   3   1   4  11   3   0   0   2   1   0   0   0  0.20 0.16
  168 Y    0  1  2  4 -4  1  2 -1  1 -4 -4  0 -3 -4 -3 -1 -1 -4 -1 -3    9   8   9  31   0   7  17   3   3   0   0   3   0   0   0   3   2   0   3   0  0.48 0.24
  169 G    5 -3 -3  0  0 -2 -1  0 -3 -1  1 -2 -1 -3 -3  0 -1 -4 -3 -2   58   0   0   5   2   0   2   7   0   2  15   0   1   0   0   2   3   0   0   0  0.53 0.31
  170 G    0  0 -1 -2 -4 -2 -2  6  0 -4 -2 -1 -3 -4 -3  0 -2 -4 -4 -4    9   7   2   2   0   0   2  63   3   0   4   3   0   0   0   4   0   0   0   0  0.87 0.32
  171 N   -2 -3  0  0 -3 -2 -3 -2 -3  4  2 -3  1 -1 -4 -2 -1 -4 -2  2    2   0   5   6   0   2   0   2   0  36  24   0   1   2   0   2   2   0   0  16  0.39 0.22
  172 A    0 -1 -1  3 -3  0  2  0  1 -2 -1 -1  0 -3 -1  1  2 -4 -3 -1    9   2   0  19   0   3  13   6   4   0   5   2   3   0   3   8  21   0   0   3  0.22 0.16
  173 P    0 -2  2  3  0 -1  0 -3 -2 -4 -3 -1 -3 -4  5  1  0 -4 -4 -3    9   0  10  23   2   1   3   0   0   0   3   3   0   0  32   9   4   0   0   0  0.69 0.27
  174 N    0  2  0  1 -3 -1  2 -1 -2 -2 -2 -1 -1 -2  4  0 -1 -3 -3 -1   10  12   5   8   0   0  16   2   0   2   4   1   1   1  24   6   1   0   0   4  0.37 0.17
  175 W    2  0  0  3 -3  2  1 -2  0 -3 -3  1 -2 -3 -1  1  0  1 -2 -1   20   3   3  19   0  13   9   1   1   0   0   6   0   0   1   9   3   3   0   6  0.27 0.17
  176 D   -2 -2  0  6 -4  1  2 -3 -2 -1 -3 -2 -3 -4 -3 -2 -2 -4 -3 -2    3   1   3  62   0   6   9   1   0   5   1   1   0   0   1   1   1   0   0   3  0.99 0.35
  177 D    1 -4 -4 -1  1 -4 -4 -4 -5  1  0 -4 -1 -3 -4 -3 -2 -5 -3  6   15   0   0   5   3   0   0   0   0   5   4   0   0   0   0   0   0   0   0  68  0.91 0.42
  178 M    0  0  1 -2  1  1  0 -1  8 -4 -4  0  1 -3 -3 -1 -3 -4 -1 -2   10   3   5   1   3   5   6   3  47   0   0   5   5   0   0   2   0   0   0   2  0.86 0.37
  179 F   -2 -4 -3 -1  2 -4 -4 -4 -1  0  3 -4  2  5 -4 -3 -3 -2  3 -1    2   0   1   5   6   0   0   0   1   2  33   0   6  29   0   0   0   0  12   2  0.62 0.29
  180 V    1 -2 -3 -3 -1 -2 -2 -2 -3  2  2 -2  3 -1 -2 -1 -1 -2 -1  2   20   0   0   0   0   0   0   0   0  20  20   0  20   0   0   0   0   0   0  20  0.23 0.05
  181 Q   -1 -1 -1 -2 -3  3  1 -3  2  1  1 -1  2  1 -3  0 -1 -2  0  0    0   0   0   0   0  27   8   0   8  12  12   0   9   9   0  10   0   0   3   4  0.18 0.11
  182 I    0 -3 -3 -3 -2 -3 -3 -1 -3  3  2 -3  1 -1 -3 -1  0 -3 -2  3    4   0   0   0   0   0   0   6   0  20  17   0   4   0   0   3   6   0   0  40  0.30 0.11
  183 K   -2  2 -1 -2 -4  1  0 -3 -1 -3 -2  6 -2 -2 -2 -1 -2 -3  2 -3    0   4   0   0   0   5   4   0   0   0   5  73   0   0   0   0   0   0  10   0  0.72 0.22
  184 C    1 -2  0 -2  5 -2 -2  1 -2 -2 -2 -2 -2 -3 -2  3  2 -3 -3  0   12   0   4   0  21   0   0  11   0   0   0   0   0   0   0  32  13   0   0   7  0.40 0.14
  185 P    0 -2 -4 -4 -1 -3 -3 -1 -4 -2 -5 -3 -4 -4  7  0 -3 -5  0 -4    6   2   0   0   2   0   0   4   0   3   0   0   0   0  72   6   0   0   5   0  1.75 0.47
  186 L    0 -3 -3 -3  0 -1 -2 -1 -3  1  3 -2  2 -1 -3  0 -1  3  1  1    7   0   0   0   2   2   2   5   0   9  34   0   6   0   0   9   2   4   5  13  0.21 0.14
  187 L    0 -3 -3 -1 -3 -3 -3 -4 -3  0  4 -3  2  0  4 -2 -1 -3 -1  0    7   0   0   3   0   0   0   0   0   2  47   0   6   3  20   0   3   0   2   5  0.50 0.22
  188 T    0 -1 -2 -2 -2  0 -2 -1 -3 -2 -2 -2  0 -3  1  3  5 -4 -3 -1    6   2   0   0   0   3   0   3   0   0   3   0   2   0   7  25  43   0   0   4  0.53 0.27
  189 P    1 -1 -1  0 -2  0  0 -2  0  0 -1 -1 -1 -2  3  1  1  1 -1 -1   16   3   0   7   0   4   6   1   3   5   6   1   1   0  14  12  11   2   2   4  0.16 0.09
  190 E    2  0 -1  1 -2  2  2 -1  0 -2 -3  0 -1 -3 -2  2 -1 -3 -2 -1   28   4   0   9   0   9  15   3   2   1   1   2   1   0   1  18   2   0   0   3  0.28 0.15
  191 R    1  3 -1  2 -3  1  0 -1  0 -2 -1  1 -2 -2  1  0  0 -3 -1 -2   12  25   1  14   0   6   4   3   2   1   6   4   0   1   6   7   4   0   3   1  0.22 0.12
  192 I    0 -2 -2 -2 -2 -2 -1  1 -3  3  1 -2  1  0 -2 -2 -1 -2 -1  2   10   1   1   1   0   1   4  14   0  30  13   1   2   5   1   1   1   0   0  14  0.19 0.11
  193 A    1  1  0  0 -2  1  2  0  0 -2 -1  0 -1 -2 -2  0  1 -3 -2 -1   19   8   2   6   0   8  14   7   3   1   5   6   1   1   1   3  11   0   1   4  0.14 0.10
  194 E    1 -1 -1  4 -3  0  3 -1  0 -3 -2 -1 -2 -3  1  0  0 -3 -3 -2   16   1   1  28   0   2  20   4   3   1   3   2   0   1   6   6   5   0   0   1  0.39 0.20
  195 A    5 -3 -3 -2 -2 -2 -1 -1 -3  1  0 -2 -2 -3 -1  0 -1 -3 -3  0   58   1   1   2   0   1   3   4   0   9   7   1   0   1   2   3   2   0   0   5  0.53 0.29
  196 A    1  3  1 -1 -3  1  1 -2  2 -2 -2  0  0 -3  1  0 -1 -3 -1 -2   18  20   6   2   0   8  12   1   5   1   4   5   4   1   6   4   1   0   1   1  0.24 0.16
  197 A    3  1 -1 -2 -2  0 -1 -1 -2 -2 -1  0  0 -2  1  2 -1 -3 -2 -1   31   9   1   1   0   3   2   3   0   1   7   4   2   1   6  20   2   0   1   5  0.23 0.17
  198 R    1  5 -2 -2  2  1 -1 -2  0 -3 -2  0 -2 -3 -2 -1  0 -3 -2 -2   16  47   1   1   4   4   3   1   3   1   3   3   0   1   1   3   5   0   1   1  0.60 0.27
  199 G    0  0  0 -2 -3  0  0  5 -2 -3 -3 -1 -3 -3 -2  0 -1 -3 -3 -3    7   5   3   1   0   5   5  54   0   1   2   2   0   1   1   6   3   0   1   1  0.66 0.24
  200 E    1  1  0 -1  0  2  0 -1  2 -1 -1  2 -1 -2  0 -1 -1 -3 -2  0   14  10   3   2   2  10   6   4   7   1   6  13   0   1   5   1   3   0   1  11  0.12 0.10
  201 T    0  1  0  1 -2  0  1 -1  1 -2 -2  0 -1 -3  2  1  2 -3 -2  0    7   7   2   6   0   3   8   4   4   1   1   6   1   0  11  11  17   0   0   9  0.17 0.11
  202 C    1  0 -3 -3  2 -2 -1  0 -3  1  0 -2 -1 -3  2 -1  0 -3 -3  3   10   5   0   0   5   0   3   9   0   8   5   1   0   0  13   4   7   0   0  29  0.26 0.22
  203 A    3  0 -3 -3 -2 -2 -1 -2 -1  1  0 -2 -1 -1  0  0 -1  1 -1  2   33   6   0   0   0   0   3   1   2   8   6   1   0   2   5   6   2   2   2  19  0.26 0.24
  204 T    2 -2 -1 -1  1 -1  0  1  0 -2 -2 -1 -2 -3  1  1  3 -3 -1 -1   16   0   2   2   3   2   5  13   2   2   2   2   0   0   8  11  23   0   2   5  0.23 0.20
  205 T    0  2 -1  1 -2 -1  1 -1  2 -1 -1 -1 -1 -1  0  0  1 -2  1 -1    9  13   2  10   0   1  10   5   7   5   3   1   1   2   4   7  10   0   7   4  0.10 0.12
  206 D   -2 -1  0  5 -3  0  2 -1  1 -2 -2 -1 -3 -3  1  1  0 -4 -1 -3    3   3   4  36   0   3  11   4   3   2   4   2   0   0   7   9   5   0   2   1  0.46 0.27
  207 C    0  0 -2  0  0 -2 -2 -1  1 -2  0 -2  0 -3  3  0  3 -3  0 -1    7   6   0   7   2   0   1   4   4   1  10   1   3   0  18   8  23   0   3   3  0.28 0.23
  208 Y    1  2  1 -1 -3 -1 -2  0  3 -1  0  0  2 -1 -3 -2  0 -2  4 -2   12  15   7   2   0   0   1   6   9   3   7   5   6   0   1   1   6   0  18   1  0.24 0.22
  209 E    0  0  0  0 -1  1  2  0 -1 -1 -2  1 -2 -1  0  1  1 -3 -2 -2    8   4   4   5   2   8  14   9   1   3   3  11   0   4   3  11   9   0   0   1  0.13 0.11
  210 S    0  0 -1  0 -3 -1  0  0 -2 -3  0 -2 -2 -3 -2  4  1 -4 -3 -1    7   4   2   5   0   2   5   8   0   1   9   1   0   0   1  41   9   0   0   4  0.36 0.29
  211 M    0  1 -1 -2 -2  1 -1  0 -2  0  0  1  1  1  1  0  0 -2 -1 -1    8   8   0   0   0   8   0   8   0   8   8   8   8   8   8   8   8   0   0   0  0.08 0.10
  212 A    0  1  1  0  1 -1  0  0  2 -1 -1  0 -1  1  1  0  0 -2 -1 -1    7   7   7   5   3   0   6   9   8   4   7   6   0   8   8   6   4   0   0   6  0.06 0.07
  213 L    0  2 -2 -1 -2 -1 -2  1  0  0  1  0  0  1 -2 -1 -1  2  1  0    8  15   0   2   0   0   1  10   3   3  18   4   3   9   0   5   2   3   7   5  0.08 0.10
  214 S    3 -2 -2 -2  1  0 -2  1 -3 -3 -3 -2 -2  0 -2  4  0 -3 -3 -1   27   0   0   0   3   4   0  10   0   0   1   0   0   5   0  40   4   0   0   4  0.47 0.30
  215 R   -2  5  1 -2 -3  0 -2  0 -2 -2 -1  0  1 -1 -3  1  0 -3 -2 -1    1  40   8   0   0   3   0   6   0   0   6   4   5   3   0  13   5   0   0   5  0.40 0.25
  216 G    2 -2 -2  0  2 -2 -2  3  0 -2 -2 -2  1 -2  0  0 -1 -3  0  0   20   0   0   7   5   0   1  29   2   0   1   1   5   0   5   8   3   0   5   6  0.29 0.18
  217 A    4 -2 -2 -2  0 -2 -2  2 -2 -1 -2 -1 -2 -2 -2  0  0 -2  2  0   45   1   0   1   2   0   1  14   0   2   1   4   0   0   1   3   6   0  11   8  0.32 0.20
  218 S    2 -2 -1 -2  1 -1 -1  1  1 -2 -2  0 -1 -3 -2  3  2 -3 -2 -2   17   1   0   1   4   0   1  12   5   1   1   5   2   0   1  29  20   0   0   1  0.32 0.18
  219 S    4 -2  2 -2 -2 -1  0  0 -2  0 -2 -2 -2 -3 -1  1 -1 -3 -2  0   49   1  11   1   0   0   5   4   0   6   1   1   0   0   2  11   1   0   0   6  0.35 0.21
  220 L    0 -2 -2  1 -2 -2 -1  0 -2  1  3 -2  0  0 -2  0 -1 -2  0  0   10   1   0  11   0   0   4   8   0   6  40   1   0   4   1   6   1   0   2   4  0.14 0.12
  221 G    2 -2 -2 -2 -3 -2 -2  5  2 -3 -2  0  1 -3 -2 -1 -2 -3 -3 -3   20   1   0   1   0   0   1  54   6   1   5   6   4   0   1   1   1   0   0   1  0.66 0.25
  222 A    3 -3 -1 -3  1 -2 -2  0 -3  2 -1 -2 -1  0  0  0 -1 -3 -2  2   31   0   4   0   3   0   0   8   0  14   0   0   0   4   5   8   0   0   0  21  0.22 0.17
  223 M    0 -1 -1  1  3  1  1  0  2 -1  0 -1  2 -2 -2 -1 -1 -3 -2  0   10   0   0  10   9   9  10  10   9   0  10   1   9   0   0   1   1   0   0  10  0.11 0.12
  224 V    1 -2 -2 -3 -2 -1 -2 -2  2  1  2  0  0 -2 -2  0 -1 -3 -2  2   16   0   0   0   0   3   1   1   7   7  23   5   0   0   0   8   0   0   0  26  0.18 0.15
  225 A    3  1 -2 -2 -2 -1 -1  3 -2 -2 -1  1 -2 -3  1  0  0 -3 -2 -2   39   8   1   1   0   1   1  23   0   1   5   8   0   1   5   1   4   0   1   1  0.32 0.17
  226 V    1 -2 -2 -2  1 -2 -2 -1 -2  0  2 -1  0 -1  0 -1  1 -2 -2  1   18   1   1   1   4   1   1   5   0   2  31   4   0   1   5   1   9   0   0  13  0.14 0.12
  227 E    2 -1 -1  0 -2 -1  0  3 -2 -2 -1 -1 -2  1 -2  0 -1 -2 -2  0   24   4   0   4   0   0   6  31   0   1   4   2   0   7   1   3   3   0   0   8  0.25 0.15
  228 S    1  0 -1  0 -2  0  4  1 -1 -2 -1  0 -1 -2 -2  1 -1 -3 -2 -1   12   6   1   2   0   2  35  10   0   1   6   2   1   2   1  12   2   0   0   4  0.25 0.15
  229 A    4 -3 -2 -3  0 -2 -2  0 -3  2  0 -2 -1  0 -2 -1  0 -3 -2  1   46   1   0   1   2   0   1   6   0  17   6   1   0   4   1   1   5   0   0   9  0.31 0.20
  230 L    0 -1 -1  2 -2  0  0 -1 -2 -1  2 -1  0  0  1 -1  0 -3 -2  0   12   4   0  15   0   4   6   4   0   0  27   0   0   4   8   1   8   0   0   7  0.11 0.13
  231 G    1 -1 -2  0 -3 -2  0  3 -2 -1 -1 -1 -2  0  1 -1 -2 -3 -2 -2   18   4   0   7   0   0   5  33   0   5   6   4   0   7   8   1   1   0   0   1  0.27 0.17
  232 R    1  0  0  0 -3  0  3 -1  4 -2 -1  0  0 -3 -2  0 -1 -3 -2  0   19   4   3   3   0   3  25   4  13   0   5   3   3   0   0   5   0   0   0   9  0.22 0.18
  233 Y    1  0 -2 -2 -2 -1 -1  1  0  1  0  0 -1  0  0 -1  0 -2 -1  1   14   8   0   0   0   0   3  11   2  13  11   6   0   3   5   3   3   0   2  15  0.06 0.09
  234 S    0  0 -1  0 -2  0  1  0 -2  0  1  0  0 -2  0  0  0 -3 -2  1    8   4   2   5   0   4  12   6   0   7  22   3   0   0   3   9   2   0   0  10  0.05 0.08
  235 A    1  0 -1 -1 -2  0  1  0  0 -1  0 -1  2 -2  0  0  1 -2 -2  0   16   6   1   1   0   2  13   9   3   1   9   1  10   1   5   7  10   0   0   6  0.10 0.12
  236 P    0 -2  1  1  3 -1  1  0 -2 -1  0 -1 -1 -2  2  1  1 -3 -2  0    9   0   9   9   8   0   9   9   0   0   9   0   0   0   9   9   9   0   0   9  0.13 0.10
  237 D    0  0  1  4 -3  1  1  1 -2 -2 -3  0 -2 -3 -2  0  0 -3 -3 -3    8   4   8  28   0   7   9  12   0   3   1   6   0   1   1   5   4   0   0   1  0.34 0.19
  238 D   -1  0 -1  3 -3  1  4 -1  1  0 -1 -1 -2 -3  1 -1 -2 -3 -3 -1    4   4   0  17   0   4  34   4   4   6   6   1   0   0   7   3   1   0   0   3  0.37 0.25
  239 A    0 -1 -1 -1 -2 -1  0  0 -2  1  0  0 -1  0  1  1  0 -2  0  1   10   3   1   3   0   1   6   6   0  13   4   6   0   5   7  12   4   0   3  15  0.06 0.08
  240 R    0  0 -1  2 -2  2  1  0  0 -2  0  0 -1 -2  0  0  0 -2 -1 -2   10   6   1  16   0  11   9   8   2   1  10   5   2   1   4   7   5   0   2   1  0.13 0.11
  241 V    0  1 -1  1 -2 -1  0 -2 -2  1  0  0  0 -2  0 -1 -1  1 -2  1   11  12   3   9   0   1   4   1   0  12  10   4   2   1   4   3   2   2   1  17  0.07 0.09
  242 D    0  1  0  3  0 -1  1  0 -2 -2 -1 -1 -2 -2  2  1 -1 -3 -2 -1    7   8   4  23   2   1  10   5   1   1   6   1   1   1  10  12   2   0   1   3  0.23 0.14
  243 D    1  1  0  3 -2  0  2 -1  0 -2 -2  0 -2 -1  1  0 -1 -3 -2 -2   13   8   4  22   0   3  17   3   2   1   3   3   1   3   7   5   1   0   1   3  0.25 0.14
  244 A    2 -2 -2 -2 -1  0  0 -1 -2  2  1 -1  1 -1 -2  0  0 -2 -2  1   29   1   1   1   0   5   6   4   1  14  11   1   3   3   1   3   4   0   1  10  0.13 0.12
  245 V    0  0 -1 -1 -1  0 -1 -1 -2  1  1 -1  1  0  0  0  1  2 -1  1    7   6   2   3   0   3   3   3   1   7  12   1   3   4   3   7  14   4   1  15  0.06 0.07
  246 Y    0 -2  1  2 -2  1  1 -2 -1  0 -1 -1 -1  0  0  0  0  2  0  0   10   1   9  16   0   8   8   1   0   9   5   1   0   4   3   7   3   4   4   7  0.11 0.11
  247 A    2  0  1  2 -2  0  1  1 -2 -2 -2  0  0 -3 -2  1  0 -3 -2 -1   20   4   6  11   0   3  13  12   0   1   1   6   4   0   1   7   5   0   0   4  0.19 0.14
  248 K    1  1  0  0 -2  1  1  1 -2 -1  0  1  0 -2 -2  1  0 -3 -2  0   16   7   4   4   0   6   7  10   0   3   9   8   4   0   0  10   4   0   0   6  0.09 0.09
  249 T    0 -1 -1  0 -2 -2 -2 -1 -3  3  1 -2 -1  1 -3 -1  0 -3 -2  2    8   5   3   6   0   0   1   4   0  31   9   1   0   7   1   4   6   0   0  14  0.18 0.17
  250 C    1 -1 -1 -3  6 -2 -3  2 -3 -2  1 -2  1 -1 -3 -1 -1  2 -1 -2   11   3   3   1  22   1   1  21   0   1  17   1   4   2   1   2   4   3   2   1  0.37 0.20
  251 E    0  2  0  0  0  0  2 -1  2 -2 -2  1 -2 -3  1  0  1 -3 -2 -1    8  13   4   4   2   2  16   3   6   1   1   9   0   1   7   4  14   0   0   5  0.17 0.10
  252 D   -2  0  2  5 -3 -1  1 -2 -2 -3 -3 -1 -3 -3  0  0  0 -4 -3 -1    1   7  11  46   0   1   6   1   0   1   1   1   0   0   5   6   6   0   0   7  0.59 0.24
  253 Y    0 -1 -1 -2 -2  0 -1  0  1 -2  0 -2  0  2  2 -1 -1  5  2 -2   10   3   2   1   0   4   4  10   5   1  12   1   3  11  12   1   3  12   6   1  0.24 0.12
  254 S    1  1  1  2 -2  1  1  0 -1 -3 -2  0  0 -3 -2  2  1 -3 -2 -2   12  10   6  16   0   5   7   5   0   1   1   1   3   0   1  26   6   0   0   1  0.25 0.12
  255 V   -2  1 -2 -3  1 -1 -2 -3 -2  1  3 -1  1  1 -3 -1  0 -2 -1  1    1   8   0   1   3   3   1   1   0   6  49   3   2   5   1   5   4   0   0   6  0.25 0.13
  256 F   -2  0 -2 -4 -4  0 -3 -1  5 -3 -2 -2 -2  4 -4 -1 -3  6  5 -1    3   5   0   0   0   3   0   5  19   0   0   0   0  19   0   4   0  15  23   4  0.75 0.27
  257 S    1 -2 -1 -2 -2 -2 -2  0 -3 -3 -3 -2 -3 -4 -2  5  2 -4 -3  0   11   0   0   0   0   0   0   7   0   0   0   0   0   0   0  66  11   0   0   6  0.71 0.32
  258 D    1  1  1  1 -1  0  1  0  2 -3 -3  1 -2 -1 -2  2  0 -3 -2 -2   13  11   6   7   1   2   7   6   6   0   0   9   0   3   0  24   3   0   0   2  0.22 0.13
  259 H   -2  5  0 -3  2 -1 -2 -4  0 -1 -2  2  0 -1 -3 -2  0 -4 -2  2    0  41   4   0   5   0   0   0   3   2   0  10   3   3   0   0   5   0   0  25  0.51 0.27
  260 V    5 -3 -3 -4  1 -3 -3 -1 -4 -1 -3 -3 -3 -4 -1 -1  0 -4 -4  1   74   0   0   0   3   0   0   3   0   2   0   0   0   0   3   0   5   0   0  11  0.89 0.34
  261 S    0 -3  0 -3  0 -1 -2 -2 -1 -1 -1 -2  4  0 -3  4 -1  3  1 -2    6   0   3   0   2   2   0   1   1   2   4   0  14   3   0  52   0   5   5   0  0.53 0.28
  262 S    2 -3 -3 -3  6 -3 -1 -2 -4  0 -2 -3 -2 -3 -3  0  2 -4 -3  3   19   0   0   0  25   0   5   2   0   2   0   0   0   0   0   6  14   0   0  27  0.56 0.24
  263 S    0 -3 -2 -2 -3 -2 -2 -1 -3 -2 -3 -2 -3  1 -1  5  1 -4 -1  0    2   0   0   0   0   0   0   2   0   2   0   0   0   8   2  67   6   0   2   9  0.72 0.31
  264 A    4 -3 -2 -3 -2 -2 -2 -1 -3 -3 -3 -2 -3 -4  0  4  0 -4 -3  0   46   0   0   0   0   0   0   3   0   0   0   0   0   0   5  38   3   0   0   5  0.68 0.27
  265 G   -1  0 -2 -3 -4 -3 -3  6 -3 -5 -5  1 -4 -5 -4  0 -3 -4 -5 -5    2   5   0   0   0   0   0  78   0   0   0   9   0   0   0   8   0   0   0   0  1.32 0.33
  266 V    1 -1 -1 -1 -2 -1 -2  1  1  2 -1 -2 -1 -2  2  0  1 -4 -2  2   11   3   3   2   0   2   0  12   5  16   1   0   0   0  11   3  12   0   0  19  0.17 0.11
  267 E   -3 -2 -2  1 -5  0  6  0 -2 -5 -3 -1 -4 -5 -3 -2 -1 -5 -4 -4    0   0   0   7   0   0  79   7   0   0   3   0   0   0   0   0   4   0   0   0  1.24 0.38
  268 L   -1  1 -1  0 -3  1 -2  0 -1  0  3  0  1 -2 -3 -2 -1 -3 -2  1    2   9   2   6   0   8   0   8   1   3  42   5   1   0   0   1   4   0   0   9  0.18 0.13
  269 M   -1  1 -1  2  0  0  1  0 -2 -2  0  0  2 -3  2  0  1 -4 -3 -1    2  11   1  16   2   1  13   6   0   0   8   3  10   0  11   4   9   0   0   3  0.18 0.11
  270 H    0  3  1  2  3  1  0  0  3 -3 -3  0 -2 -2 -3 -1 -2 -3 -1 -2   10  22   6  16   8   6   5   9   8   0   1   1   1   2   0   2   0   0   1   3  0.26 0.13
  271 C    1 -3  0 -3  7 -1 -2 -1  1 -1 -2 -2 -2 -3 -1  0  0 -3 -2  1   13   0   6   0  36   3   0   4   6   2   0   0   0   0   2   9   5   0   0  14  0.48 0.15
  272 E   -1  0 -1  1 -4  3  5  0  3 -3 -3  0 -2 -4 -2 -1 -2 -4 -2 -2    1   3   0   3   0  15  53   7  11   0   2   0   0   0   0   1   0   0   0   2  0.60 0.19
  273 I    0 -3 -4 -4 -2 -3 -3 -4 -4  4  1 -3  1 -1 -3 -2  0 -3 -2  4    8   0   0   0   0   0   0   0   0  35   9   0   3   0   0   0   5   0   0  41  0.48 0.15
  274 L   -1 -3 -4 -4 -2 -3 -3 -4 -4  2  3 -3  2  0 -3 -3 -1 -3 -2  3    2   0   0   0   0   0   0   0   0  13  45   0   7   3   0   0   0   0   0  29  0.48 0.14
  275 M    0 -3 -4 -4 -2 -3 -3 -4 -4  2  2 -3  3 -1 -3 -2 -1 -3 -2  4    8   0   0   0   0   0   0   0   0   4  16   0  11   0   0   0   0   0   0  61  0.53 0.18
  276 M   -2 -3 -4 -4 -2 -3 -3 -4 -3  2  3 -3  3  3 -3 -3 -2 -2  0  2    0   0   0   0   0   0   0   0   0  10  37   0  15  19   0   0   0   0   0  17  0.44 0.13
  277 L    2 -3 -1 -2 -2 -2 -2  5 -2 -2 -2 -2 -2 -3 -2 -1 -2 -3 -3 -1   22   0   0   1   0   0   1  61   0   0   5   1   0   0   0   1   1   0   0   5  0.70 0.16
  278 T   -1  0  4  0 -2  0  0 -1  1 -1 -1  0  0 -2 -1  1  1 -2 -1 -1    3   6  34   2   1   2   6   3   3   2   3   2   5   1   2   7  14   0   1   4  0.21 0.06
  279 R    0  3  1  1 -1  0  0  0 -1 -1 -1  1 -1 -1 -1  0  0 -1 -1 -1    9  26   7  10   1   2   3   6   1   2   4   6   1   2   2   8   3   1   1   7  0.12 0.03
  280 R    0  1  1  0  2  0  0  0 -1 -1 -1  0 -1 -1  3  0  0 -1 -1 -1    7  10   8   5   6   2   4   6   1   2   5   7   1   2  15   6   6   1   1   6  0.13 0.02
  281 R    0  1  1  1 -1  0  0  2 -1 -1 -1  0 -1 -1 -1  0  0 -1 -1 -1    6  13   7   9   1   2   3  24   1   2   4   3   1   2   2   6   7   1   2   3  0.13 0.03
  282 E    1 -1 -1 -1  1  0  0  1  0  0  0  0 -1 -1  1  0  0 -1 -1  0   17   3   2   3   3   2   8  14   2   5   8   4   1   2   7   7   4   1   2   5  0.06 0.02
  283 P    1 -1  0  1 -1  0  0  2  0 -1 -1 -1 -1 -1  1  1  0 -1 -1 -1   16   3   2   9   1   2   3  20   3   3   5   3   1   2   7  10   3   1   2   4  0.12 0.04
  284 S   -1 -1  5 -1 -2  0  0  1  0 -2 -2 -1 -1 -2  1  1 -1 -2 -2 -1    4   2  36   2   1   5   4   9   2   2   3   2   1   1   6  11   2   0   1   4  0.34 0.16
  285 S    2  0  0 -1 -2  0 -1 -1 -2 -2 -2 -1 -2 -3  0  4  2 -3 -2 -1   18   4   4   1   0   3   1   4   1   1   2   1   1   1   4  37  13   0   1   2  0.35 0.18
  286 K    1  0  1  0 -1 -1  0  0 -1 -1  0  0  0 -2  2  1  0 -2 -2 -1   16   6  10   3   1   1   5   5   1   1  10   3   3   1  13  11   5   0   1   3  0.13 0.07
  287 T    1  0  0  0 -2  1  0  2  1 -2 -2  0 -1 -1 -1  0  0  1 -1 -2   12   7   4   6   1  11   4  23   4   1   3   3   1   3   3   3   8   2   2   2  0.15 0.08
  288 P    2  0 -2 -2 -2 -1 -1 -2 -1 -2 -1 -1 -2 -2  1  2 -1  7 -1 -1   17   4   1   2   1   3   2   2   2   2   4   2   1   1   8  20   3  19   1   6  0.43 0.16
  289 R    2  0  0  1 -2  0  0  1 -2 -1 -2  0 -2 -2  2  0  1 -2 -1 -1   20   7   2   8   0   3   3  13   0   2   3   3   0   1   9   7  11   0   2   4  0.14 0.08
  290 S   -1  1 -2 -2 -3 -2 -1  5 -3 -4 -4 -2 -3 -4  0  3 -1 -4 -3 -3    2   9   0   1   0   0   3  48   0   1   1   1   0   0   5  25   3   0   0   1  0.75 0.29
  291 K    0  2  1  3 -3  0  0 -1 -1 -3 -1  0 -2 -3  3  0 -1 -4 -3 -3   10  12   7  23   0   4   2   4   1   0   8   6   0   0  14   4   2   0   0   1  0.30 0.16
  292 F   -3 -4 -4 -5  0 -2 -4 -5  0  0  4 -4  0  3 -4 -2 -3  3  3  0    0   0   0   0   2   1   0   0   2   2  54   0   0  10   0   3   0   3  13   7  0.70 0.30
  293 R   -1  5 -1 -3 -1  0 -2 -4  0 -1 -2  0  1 -1 -4 -2  0  1 -1  2    4  47   2   0   1   4   0   0   2   2   2   2   5   2   0   2   5   2   1  16  0.58 0.29
  294 M    3 -4 -4 -4 -3 -4 -4 -4 -4  5  0 -4  2 -3 -4 -1 -2 -4 -3  3   26   0   0   0   0   0   0   0   0  41   3   0   5   0   0   3   0   0   0  21  0.72 0.33
  295 A    2 -1 -1  1 -1 -2  0  4  2 -2 -3 -1 -3 -1 -3 -1 -2 -1 -3 -2   22   2   1  10   1   0   6  35   6   3   1   2   0   4   0   3   1   1   0   2  0.39 0.21
  296 R    1  2 -2 -3 -4 -1 -2 -2  8 -4 -3 -2 -3 -4 -1  2  1 -5 -2 -2   11  10   0   0   0   2   0   2  42   0   2   0   0   0   3  15  11   0   0   3  0.86 0.37
  297 G    3 -2 -2 -1  2 -2 -1  3 -1 -2 -3 -2 -3 -1 -3  1  1 -4 -3 -1   37   2   0   3   5   0   3  21   1   2   0   0   0   3   0  10  11   0   0   3  0.41 0.23
  298 R   -1 -2 -2  0 -3 -2 -2 -3  0  1  1 -3  0  0  0 -2  0 -3  1  4    2   2   1   5   0   2   2   1   3   6   9   0   2   2   5   0   7   0   5  44  0.31 0.21
  299 M   -3 -2 -5 -5 -4 -3 -5 -5 -4  0  3 -4  8  1 -2 -4 -1 -4 -3  0    0   2   0   0   0   0   0   0   0   3  27   0  52   4   2   0   4   0   0   6  1.22 0.45
  300 D    2  3 -1 -1 -3  1  1 -1  1 -3 -3  1 -2 -4 -2  1  0 -4 -3 -2   27  19   2   3   0   6  10   2   4   0   1  10   0   0   0  11   5   0   0   2  0.33 0.19
  301 D   -4 -4  1  7 -6 -3 -1 -4  3 -6 -6 -3 -5 -6 -4  1 -3 -7 -5 -6    0   0   5  79   0   0   0   0   7   0   0   0   0   0   0   9   0   0   0   0  1.80 0.55
  302 A    3 -3 -1 -3 -2 -1 -2  0 -3  1  0 -2  1 -1  2 -1 -1 -3 -2  1   36   0   2   0   0   3   0   7   0  10   9   0   5   2   9   2   2   0   0  12  0.26 0.17
  303 I    0 -3 -3 -3 -2 -3 -3 -3 -3  4  3 -3  2 -1 -3 -2 -1 -3 -2  1    9   1   1   1   0   1   1   1   0  33  39   1   4   1   1   1   3   0   0   4  0.54 0.23
  304 D   -3  0 -1  7 -4 -2 -1  0 -3 -4 -4 -2 -4 -4 -3 -2 -3 -4 -4 -4    1   7   1  74   0   1   1   8   0   1   1   1   0   1   1   1   1   0   0   1  1.45 0.44
  305 L    2 -1 -2 -3 -2 -1 -2 -2 -2  1  1 -2  0 -1  0  0  0 -3 -2  3   25   3   1   1   0   4   1   1   0   8  10   1   2   3   3   7   4   0   0  25  0.20 0.14
  306 A    0  0  0  2 -3  2  1  0  0 -2  0  0 -1 -3  1  0  0 -3 -2 -1   10   4   4  16   0  10   9   6   3   0  13   6   0   0   7   3   5   0   0   2  0.15 0.10
  307 G    2 -3 -1 -2 -3 -2 -1  4 -3 -3 -1 -2 -2 -3  1  1 -1 -4 -3 -1   21   0   3   0   0   0   3  40   0   0   8   0   0   0   7   9   3   0   0   4  0.50 0.23
  308 V   -1 -3 -3  0 -2 -2 -2 -3  2  3  2 -3  1  0 -3 -2 -2 -3 -2  3    5   1   1   7   0   1   1   1   8  21  17   1   3   3   1   1   1   0   0  29  0.34 0.18
  309 T   -1  2 -1 -1  0  2  1  0  1 -1 -1  1  0 -2 -2 -1  1  2  1 -1    4  12   2   2   2  10   8   8   5   4   7   7   3   0   0   1  11   3   6   5  0.09 0.09
  310 R    2  2  0  1 -3  1  0 -1 -2 -3 -1  1 -2 -3  0  0  0 -4 -3 -2   29  16   4   9   0   8   5   2   0   0   6   6   0   0   4   3   6   0   0   2  0.24 0.19
  311 C    3 -3 -3 -1  1 -3 -3  0 -3  0  2 -3  2 -2 -1 -1 -1 -4 -3  1   37   0   0   5   4   0   0   6   0   4  24   0   6   0   2   1   2   0   0   9  0.32 0.25
  312 V    0 -2 -3 -1 -1 -3 -2 -4 -3  2  4 -3  1  1 -2 -2 -2 -3 -1  1   11   2   0   5   1   0   2   0   0  12  47   0   3   6   1   2   0   0   1   6  0.37 0.23
  313 D    2  3  0  4 -3  1  1 -2  0 -3 -3  1 -3 -4 -3  0 -1 -4 -3 -2   21  23   2  26   0   5   7   0   2   0   0   6   0   0   0   3   2   0   0   2  0.46 0.26
  314 A    1  1  0  1 -2  0  1  0  0 -1 -2  0 -2 -3  2  1  0 -3 -2 -2   18   9   4  11   0   4   8   5   2   6   3   4   0   0   9  11   4   0   0   0  0.16 0.11
  315 A    3 -3 -3 -3 -2  1 -2 -2  1  1  1 -2 -1 -2 -1  0  0 -3 -2  1   40   0   0   0   0   7   0   2   3  10  16   0   0   0   2   4   3   0   0  11  0.31 0.23
  316 R    2  3 -2 -3 -3 -1 -2  4 -3 -3 -1  1 -3 -2  0 -1 -2 -4 -3 -2   19  18   0   0   0   2   2  37   0   0   6   8   0   2   5   0   0   0   0   2  0.49 0.27
  317 G    0  0  0  0  2  1  0  0 -2  0  0  0  1  0  1  0  0 -3 -2  0    6   6   6   6   6   6   6   6   0   6   6   6   6   6   6   6   6   0   0   6  0.04 0.07
  318 S    1  0 -2  2 -3  1  3 -1  0 -1 -1 -1  0 -3  2  0 -1 -4 -3 -1   16   6   0  12   0   6  20   3   2   3   4   2   3   0   9   8   3   0   0   3  0.24 0.23
  319 R    1  0  0  1 -3  0  1  0  1 -1 -1  0 -2 -1  2  0  0 -3 -2 -1   13   4   3  11   0   5   9   5   6   2   7   4   0   2  10   5   8   0   0   4  0.13 0.12
  320 G    0  0  0  2 -3  1  0  3  0 -2 -1  0 -2 -1  1  0 -1 -3 -3 -1    5   6   3  12   0   6   7  24   3   0   8   4   0   3   6   6   3   0   0   4  0.18 0.17
  321 T    1  2  0  0 -3  1  0  0  1 -2 -1  1  0 -3  0  1  0 -3 -2 -1   15  12   5   4   0   8   6   7   5   0   4   8   3   0   4   8   6   0   0   4  0.14 0.14
  322 N    0 -1  0  1 -3  1  0  1  1  0  0  0 -1 -1 -1  0 -1 -3 -2  0    8   2   3  11   0  10   6  13   4   9   8   3   0   2   3   6   2   0   0   9  0.07 0.11
  323 T    0  4 -2 -1 -3  1  0 -1  0 -1 -1  1 -1 -3 -2 -1  0 -3 -2  1    9  34   0   3   0   8   4   3   3   3   4   4   0   0   0   0   7   0   0  17  0.27 0.19
  324 I    0 -2  0 -3 -2  1 -2 -3  3  3  2 -2  0 -1 -3 -2 -2 -3 -2  2    7   0   6   0   0   9   0   1   9  22  27   0   0   0   0   0   0   0   0  15  0.27 0.19
  325 V    0  0 -2  0 -2  0  0 -1 -2  1  1  0  0 -2  0 -1 -1 -3 -2  3   11   6   0   6   0   5   7   5   0   6  12   5   0   0   5   1   0   0   0  31  0.11 0.14
  326 T    2  0  0 -2  2  0 -2  1  1  0 -1 -1 -1  1 -2 -1  0 -2 -1  0   31   6   7   0   4   5   1   9   4   4   7   0   0  10   0   1   4   0   0   5  0.12 0.15
  327 A    3 -4 -4 -4  3 -3 -4 -2 -4  1  1 -3 -1  1 -3 -2  0 -4 -2  4   28   0   0   0   6   0   0   2   0   6  12   0   0   8   0   0   4   0   0  35  0.46 0.27
  328 I   -3 -2  0 -4 -4 -2 -3 -4 -3  0  0  3  1  5 -4 -3  0 -2  1  0    0   0   4   0   0   0   0   0   0   6   7  28   3  35   0   0   6   0   4   7  0.57 0.31
  329 V    3 -3 -3 -3  3 -2 -3  0 -3  1  0 -1  0 -1 -3  0 -1 -4 -3  2   32   0   0   0   7   0   0   8   0  11   8   4   1   3   0   7   2   0   0  16  0.27 0.20
  330 K   -1 -1  1  0 -5  0  2  1 -3 -5 -5  5 -4 -5 -3  0 -2 -5 -4 -4    5   0   5   3   0   2  15  10   0   0   0  53   0   0   0   7   0   0   0   0  0.76 0.36
  331 A    4 -3 -3 -3  4 -1 -3  2 -3 -1 -1 -3 -2 -1  0  0  0 -4 -3  0   41   0   0   0  12   2   0  14   0   4   4   0   0   2   5   3   5   0   0   8  0.44 0.26
  332 D   -1 -1  2  4 -4  0  3  0 -2 -4 -3 -2 -3 -5  0 -1 -1 -5 -4 -1    5   3  10  31   0   4  22   7   0   0   3   0   0   0   5   4   2   0   0   5  0.52 0.31
  333 P    2 -1 -3 -4 -4  0 -2 -1 -4 -1 -2  0  0  0  6 -1 -1 -5 -4 -1   17   3   0   0   0   4   2   5   0   4   2   5   3   4  41   4   2   0   0   5  0.74 0.37
  334 A    0  0  0  1 -3  0  0 -1 -2  0 -1 -1  0 -3  2  2  1 -4 -3  0    7   7   5   9   0   3   3   4   0   5   5   0   2   0  12  16  11   0   0  10  0.17 0.16
  335 A    0 -4  1  1 -4 -3 -3  6  1 -5 -5 -3 -4 -5  1 -1 -1 -5 -4 -4    7   0   6   7   0   0   0  58   4   0   0   0   0   0   8   4   4   0   0   0  0.97 0.42
  336 S    0  2 -1  0  1  0  0 -1  0 -2  0  0  1 -3 -2  1  2 -3 -1 -1    8  17   2   5   3   4   6   4   2   0   8   3   5   0   0  12  15   0   2   2  0.14 0.15
  337 V   -1 -4 -4 -4  2 -3 -4 -4 -4  3  3 -4  1 -2 -4 -3 -1  3 -2  3    5   0   0   0   4   0   0   0   0  23  28   0   3   0   0   0   3   4   0  28  0.58 0.28
  338 R   -1  7  0 -3 -4  1 -2 -1  1 -4 -2 -1  0 -4 -4 -3 -3  1 -3 -2    6  63   4   0   0   5   1   5   3   0   3   0   2   0   0   1   1   2   0   3  1.06 0.44
  339 G    0 -4 -1 -3 -4 -2 -3  6 -2 -5 -3 -3 -4 -5 -4 -1 -3 -4 -5 -5    5   0   2   1   0   2   1  80   1   0   3   0   0   0   0   3   0   0   0   0  1.45 0.46
  340 R    0  5  0 -1 -2  1 -1 -2  2 -3 -1  1 -2 -1 -3 -1 -2  0  1 -3    9  41   5   3   1   6   2   3   5   0   8   6   0   2   0   3   1   1   5   0  0.43 0.24
  341 R   -4  7 -3  0 -5  0 -1 -3  0 -5 -4  1 -4 -1  0 -3 -3 -5 -4 -5    0  73   0   6   0   2   3   1   2   0   0   4   0   3   6   0   0   0   0   0  1.37 0.49
  342 T   -3 -2  1 -3 -4  4 -2 -3  7  0 -2 -2 -2 -3 -2 -1  3 -4 -2 -2    0   0   5   0   0  21   0   0  33   8   3   0   0   0   2   1  22   0   0   2  0.79 0.37
  343 T    0 -3 -2 -3 -2 -3 -3 -2 -3  0 -1 -3 -2 -3 -3  0  5 -4 -3  2    9   0   0   0   0   0   0   3   0   4   5   0   0   0   0   5  53   0   0  19  0.69 0.35
  344 M   -1 -3 -3 -4 -3  1 -3 -4  1  1  1 -3  7 -2  0 -1 -2 -4 -3  1    5   0   0   0   0   7   0   0   4   7  10   0  46   0   4   4   0   0   0  11  0.80 0.38
  345 L   -2  0  1 -2 -2 -1  0 -3  1 -1  4 -2  0  2 -3 -2 -2  3  0 -1    1   5   8   1   1   2   6   2   5   0  50   2   0   9   0   1   1   4   2   0  0.36 0.23
  346 S    0 -2  2  4 -3 -1  0  0 -2 -2 -3 -2 -3 -4 -2  1  3 -4 -3 -1    6   1  10  27   0   1   5   6   0   1   1   0   0   0   1  11  25   0   0   3  0.44 0.24
  347 D   -1 -3 -1  7 -4 -1  1 -1 -3 -4 -4 -2 -4 -4 -1 -2 -1 -4 -4 -4    4   1   1  68   0   2   7   4   0   1   1   1   0   0   3   1   4   0   0   1  1.21 0.40
  348 S    1  0  1  0 -3  0  0 -1 -1 -3 -3 -2 -1 -1 -1  4  0 -4 -1 -2   12   4   5   3   0   3   7   3   1   0   0   0   1   3   2  49   2   0   2   2  0.46 0.28
  349 D   -1 -3  1  6 -4 -2  1 -1  0 -4 -2 -2 -4 -4  0 -2 -3 -5 -1 -4    5   0   7  58   0   0  10   4   2   0   5   0   0   0   4   0   0   0   3   0  0.94 0.37
  350 I    0 -1 -1 -3 -1 -2 -3 -3 -3  3  1 -2  1  0  1 -1 -1  2 -1  2    9   3   4   0   1   0   1   1   0  29  12   0   4   2   9   3   0   3   2  16  0.25 0.16
  351 H    0  1  2  2 -3  0 -1 -1  5 -3 -2  0 -2  0 -1  1 -1 -3  1 -2    9   7  11  12   0   2   0   2  21   0   2   3   0   4   2  15   1   0   6   2  0.33 0.20
  352 A    2 -3 -2  0 -3 -1 -1  0  3 -3 -3 -2  2 -2  3  1 -2  3  3 -3   21   0   0   5   0   1   2   7  10   0   0   0   8   0  16  10   0   4  14   0  0.40 0.24
  353 T   -1 -2  1  2 -3  0  0  0  2 -1 -2 -2  0 -1  0  0  3  1  1 -1    2   0   5  15   0   3   4   8   7   5   1   0   3   2   3   5  28   2   6   2  0.24 0.19
  354 R   -1  5 -2 -2 -4  2  0 -3  1 -1 -2  3 -2 -4 -3  0 -1 -4 -3 -3    6  40   0   0   0   9   5   0   4   3   4  16   0   0   0   6   3   0   0   0  0.56 0.27
  355 H   -3 -2  0 -3 -1  3 -1 -4  8 -1 -2 -2  1  0 -1 -2 -3 -3  2  0    0   0   3   0   1  18   3   0  41   4   3   0   4   4   2   1   0   0   6   7  0.85 0.38
  356 A    3 -3 -3 -3 -2 -3 -3  0 -3  1  1 -3  2 -1 -3  0  0 -3 -1  2   33   0   0   0   0   0   0   6   0  10  16   0   7   2   0   6   4   0   1  14  0.30 0.21
  357 R   -4  6 -3 -4  2 -1 -2 -5 -3 -5 -5  5 -4 -6 -4 -3 -3 -5 -4 -5    0  52   0   0   4   0   0   0   0   0   0  44   0   0   0   0   0   0   0   0  1.53 0.55
  358 A    6 -4 -4 -4  3 -3 -3  0 -4 -4 -4 -3 -3 -5 -1  0  0 -5 -4 -3   78   0   0   0   6   0   0   4   0   0   0   0   0   0   3   4   5   0   0   0  1.17 0.50
  359 A    4 -1 -3 -4  0 -3 -3 -3 -4 -1  0 -3  1  0 -3  0  0 -4 -2  3   44   4   0   0   2   0   0   0   0   0   6   0   3   3   0   4   5   0   1  28  0.49 0.31
  360 V    2 -4 -4 -4 -3 -2 -4  0 -4  1  0 -3  2 -3 -4 -2 -2 -4 -2  5   22   0   0   0   0   2   0   8   0   4   8   0   5   0   0   0   0   0   1  48  0.58 0.33
  361 G    1 -2  1 -3 -4 -3 -2  5  1 -5 -5 -3 -4 -5 -4  2 -2 -5 -4 -4    9   2   8   0   0   0   2  59   4   0   0   0   0   0   0  17   0   0   0   0  1.00 0.36
  362 G    3 -4 -3 -3 -3 -3 -3  5 -4 -4 -4 -3  1 -2 -4  0 -1 -4 -4 -3   28   0   0   0   0   0   0  56   0   0   0   0   5   2   0   7   3   0   0   0  1.01 0.37
  363 V    1 -3 -4 -4 -2  0 -3 -4 -4  2  2 -3  4 -1 -4 -2  0 -4 -2  4   13   0   0   0   0   4   0   0   0   7  23   0  13   2   0   0   4   0   0  34  0.48 0.25
  364 V    1 -4 -4 -4 -2 -3 -4 -4 -4  3  3 -4  0  3 -4 -3 -1 -3 -1  3   13   0   0   0   0   0   0   0   0  16  29   0   0  16   0   0   3   0   0  23  0.49 0.23
  365 A    5 -1 -3 -3 -3 -3 -3  2 -3 -3 -4 -2 -3 -4 -3  1 -1 -4 -4 -2   66   4   0   0   0   0   0  18   0   0   0   0   0   0   0   8   2   0   0   2  0.88 0.36
  366 A    4 -1 -2 -3 -3 -2 -3  3 -3 -4 -4 -2 -3 -4 -3  4 -1 -4 -2 -2   38   4   0   0   0   0   0  23   0   0   0   0   0   0   0  33   0   0   1   1  0.72 0.32
  367 A    1 -1 -4 -4 -2 -3 -3 -4 -4  3  3 -3  2 -1 -3 -2 -1  0 -1  3   13   3   0   0   0   0   0   0   0  17  29   0   5   2   0   0   3   1   2  26  0.39 0.19
  368 V   -1 -3 -3 -4  2 -3 -3 -4 -4  1  2 -3  1  2 -3 -1  3 -3 -2  2    2   0   0   0   5   0   0   0   0   4  27   1   3   8   0   2  28   0   0  21  0.42 0.23
  369 G   -2 -2 -1 -3 -5  2 -3  6 -1 -5 -5 -3 -4 -5 -4 -1 -3 -5 -5 -2    0   1   2   0   0  13   0  77   1   0   0   0   0   0   0   2   0   0   0   4  1.40 0.43
  370 D   -2  0  2  6 -2  0  1 -3  3 -4 -4 -2 -2 -3 -3  0  1 -5 -3 -4    2   6   8  49   1   3   5   0   9   0   0   0   1   1   0   5  10   0   0   0  0.78 0.30
  371 C   -2 -3  0 -3  1 -3 -3  1 -4 -3 -3 -3 -3 -5  5  0  5 -5 -4 -3    1   0   5   0   3   0   0  10   0   0   2   0   0   0  27   3  50   0   0   0  0.96 0.38
  372 R    2  3  0 -1 -2  0  0 -2 -1 -2 -1  0  3 -2 -3 -1  0 -4 -3 -1   27  26   5   3   1   2   5   1   1   0   5   1  13   2   0   1   4   0   0   3  0.29 0.21
  373 V   -1 -3  0 -4 -1 -3 -4 -4 -4  4  2 -3  2  1 -4 -2 -1 -3 -2  3    3   0   7   0   1   0   0   0   0  28  16   0   6   6   0   2   2   0   0  28  0.45 0.21
  374 Y   -4 -4 -5 -5 -4 -2 -4 -5 -2 -3  0 -4 -2  6 -5 -4 -4  4  7 -3    0   0   0   0   0   2   0   0   0   0   9   0   0  38   0   0   0   5  46   0  1.51 0.43
  375 V   -1 -4 -5 -5  2 -4 -4 -3 -5  4  0 -4 -1 -2 -4 -3 -2 -4 -3  5    4   0   0   0   6   0   0   2   0  27   2   0   0   0   0   0   0   0   0  59  0.92 0.34
  376 S   -1 -3  0 -3 -3 -2 -2 -2 -3 -5 -5 -1 -4 -5 -3  7  0 -5 -4 -4    2   0   2   0   0   0   0   2   0   0   0   2   0   0   0  91   2   0   0   0  1.44 0.51
  377 G    2 -4 -2 -3 -3 -3 -3  5 -4 -3 -4 -3 -3 -4 -3  0  0 -4 -4  0   18   0   0   0   0   0   0  61   0   0   0   0   0   0   0   6   6   0   0   8  0.96 0.31
  378 G    1  0  0  0 -4 -3 -3  6 -3 -5 -5 -3 -4 -5 -4 -1 -3 -4 -5 -4   11   7   3   5   0   0   0  72   0   0   0   0   0   0   0   3   0   0   0   0  1.19 0.33
  379 A    5 -3 -1 -2 -2 -2  1  1 -3 -3 -3 -2 -3 -4 -1  1  1 -4 -3 -2   57   0   1   0   0   0  10  11   0   0   2   0   0   0   2  10   7   0   0   0  0.59 0.27
  380 E   -1 -2 -2 -1 -4  0  5 -4 -2 -1 -1 -1  0 -4 -3  1 -1 -4 -2  1    3   0   0   0   0   0  60   0   0   2   4   1   2   0   0  10   3   0   1  14  0.69 0.29
  381 H   -2 -3 -1 -3 -5  2 -2 -1 10 -6 -5 -3 -4 -4 -4 -3 -4 -5  0 -5    3   0   1   0   0   9   0   4  82   0   0   0   0   0   0   0   0   0   2   0  2.19 0.52
  382 Q   -3 -1 -2 -3 -5  8 -1 -4  2 -5 -4 -1  1 -5 -4 -2 -3 -4 -4 -4    0   0   0   0   0  90   0   0   4   0   0   0   4   0   0   1   0   0   0   0  1.89 0.53
  383 G    1 -4 -2 -3  2 -4 -4  6 -4 -5 -5 -3 -4 -5 -4 -2 -2 -4 -5 -3   11   0   0   0   5   0   0  81   0   0   0   0   0   0   0   0   2   0   0   2  1.44 0.36
  384 P    0 -4 -4 -4 -5 -3 -3 -4 -4 -5 -4 -2 -4 -6  8 -3 -3 -6 -5 -2    8   0   0   0   0   0   0   0   0   0   1   2   0   0  87   0   0   0   0   2  2.33 0.48
  385 D    0 -1 -2  2 -4  0  0 -3 -1 -2 -2 -2 -2 -4  6  0 -1 -5 -4 -1    8   4   1  12   0   3   3   0   1   2   4   0   1   0  50   5   2   0   0   5  0.94 0.25
  386 G   -2 -4 -1 -2 -5 -4 -4  7 -4 -6 -6 -4 -5 -5 -4 -2 -4 -5 -5 -5    0   0   2   2   0   0   0  96   0   0   0   0   0   0   0   0   0   0   0   0  1.90 0.43
  387 G    0 -3 -2 -3 -1 -3 -2  6 -3 -5 -5 -3 -4 -4 -4  0 -3 -4 -2 -4    5   1   0   0   1   0   3  80   0   0   0   0   0   0   0   8   0   0   2   0  1.34 0.33
  388 G    0 -3  3 -2  1 -3 -3  6 -3 -5 -5 -3 -2 -5 -4  0 -2 -4 -4 -3    4   0  15   0   3   0   0  70   0   0   0   0   1   0   0   4   0   0   0   2  1.14 0.30
  389 P   -2 -3 -3 -3 -3 -3 -3 -4 -3  1  1 -3  2 -1  5  0  0 -4 -3  1    0   0   0   0   0   0   0   0   0   6  19   0   7   2  39   8   8   0   0  11  0.70 0.21
  390 V    0 -4 -4 -4  2 -3 -4 -3 -4  2  2 -4  0  0 -4 -3 -2 -4 -2  5    8   0   0   0   4   0   0   1   0   9  15   0   0   3   0   0   0   0   0  60  0.63 0.23
  391 C    5 -3 -3 -3  4 -2 -2 -2 -3 -1 -3 -2 -2 -4 -3  1 -1 -4 -3  0   74   0   0   0   9   0   2   0   0   2   0   0   0   0   0   6   2   0   0   5  0.84 0.30
  392 V    2 -3 -3 -4  2 -3 -3 -3 -3  2  1 -3  1 -1 -2 -1 -1 -3 -2  3   30   0   0   0   5   0   0   0   0  12   9   0   4   2   2   0   2   0   0  35  0.37 0.17
  393 I   -3 -4 -5 -5 -3 -4 -5 -5 -5  6  1 -4  0  0 -4 -4 -2 -4 -2  3    0   0   0   0   0   0   0   0   0  67   4   0   0   4   0   0   0   0   0  24  1.01 0.29
  394 S    2 -3 -3 -4 -2 -3 -3 -3 -3  1  0 -3  0  0 -3  0  0 -3  0  4   26   0   0   0   0   0   0   0   0   6   2   0   1   4   0   6   3   0   4  49  0.41 0.19
  395 R   -1  5 -1  3 -4  0  2 -3 -2 -4 -4  2 -3 -4 -3 -1 -2 -1 -3 -4    4  48   0  21   0   0  15   0   0   0   0   9   0   0   0   1   0   1   0   0  0.77 0.23
  396 V    2  0 -2 -1 -2  0 -1 -2  0  0  0 -1 -1 -2 -2  0  2 -3 -2  2   26   6   0   2   0   5   0   0   2   2  11   3   0   0   0   0  22   0   0  21  0.17 0.10
  397 G    2 -2 -1  0 -2 -2 -2  4 -2 -3 -2 -2 -2 -3  1  1  0 -3 -3 -2   23   0   0   4   0   0   0  49   0   0   2   0   0   0   8   8   6   0   0   0  0.56 0.11
  398 G    0 -1 -1  0 -3  0  1  4 -2 -3 -3  1 -2 -3 -2  1  2 -3 -3 -2    0   0   0   3   0   4  14  42   0   0   0  11   0   0   0   6  21   0   0   0  0.42 0.07
  399 A    3 -2 -2 -2 -1 -2 -2  2 -2  1  0 -2  1 -2  1  0 -1 -3 -2  0   42   0   0   0   0   0   0  20   0  11   5   0   8   0   8   0   0   0   0   7  0.24 0.05
  400 R    0  2 -1  0 -3  3  3 -2  0 -3 -3  1 -2 -3  1  0 -1 -3 -2 -2   13  18   0   0   0  27  34   0   0   0   0   0   0   0   8   0   0   0   0   0  0.45 0.05
  401 G    0 -3 -1 -2 -3 -2 -2  6 -2 -4 -4 -2 -3 -3 -2  0 -2 -3 -3 -3    0   0   0   0   0   0   0 100   0   0   0   0   0   0   0   0   0   0   0   0  1.13 0.04

                      K         Lambda
Standard Ungapped    0.1323     0.3179
Standard Gapped      0.0410     0.2670
PSI Ungapped         0.1236     0.3180
PSI Gapped           0.0378     0.2670
