
Last position-specific scoring matrix computed, weighted observed percentages rounded down, information per position, and relative weight of gapless real matches to pseudocounts
           A  R  N  D  C  Q  E  G  H  I  L  K  M  F  P  S  T  W  Y  V   A   R   N   D   C   Q   E   G   H   I   L   K   M   F   P   S   T   W   Y   V
    1 M   -1 -1 -2 -3 -2  0 -2 -3 -2  1  2 -1  6  0 -3 -2 -1 -2 -1  1    0   0   0   0   0   0   0   0   0   0   0   0 100   0   0   0   0   0   0   0  0.33 0.00
    2 T    0 -1  0 -1 -1 -1 -1 -2 -2 -1 -1 -1 -1 -2 -1  1  5 -3 -2  0    0   0   0   0   0   0   0   0   0   0   0   0   0   0   0   0 100   0   0   0  0.46 0.00
    3 I   -1 -3 -3 -3 -1 -3 -3 -4 -3  4  2 -3  1  0 -3 -3 -1 -3 -1  3    0   0   0   0   0   0   0   0   0 100   0   0   0   0   0   0   0   0   0   0  0.38 0.00
    4 D   -2 -2  1  6 -4  0  2 -1 -1 -3 -4 -1 -3 -4 -2  0 -1 -4 -3 -3    0   0   0 100   0   0   0   0   0   0   0   0   0   0   0   0   0   0   0   0  0.92 0.00
    5 H   -2  0  1 -1 -3  0  0 -2  8 -3 -3 -1 -2 -1 -2 -1 -2 -2  2 -3    0   0   0   0   0   0   0   0 100   0   0   0   0   0   0   0   0   0   0   0  0.84 0.00
    6 I   -1 -3 -3 -3 -1 -3 -3 -4 -3  4  2 -3  1  0 -3 -3 -1 -3 -1  3    0   0   0   0   0   0   0   0   0 100   0   0   0   0   0   0   0   0   0   0  0.38 0.00
    7 Y   -2 -2 -2 -3 -3 -2 -2 -3  2 -1 -1 -2 -1  3 -3 -2 -2  2  7 -1    0   0   0   0   0   0   0   0   0   0   0   0   0   0   0   0   0   0 100   0  0.85 0.00
    8 V    0 -3 -3 -3 -1 -2 -3 -3 -3  3  1 -2  1 -1 -3 -2  0 -3 -1  4    0   0   0   0   0   0   0   0   0   0   0   0   0   0   0   0   0   0   0 100  0.34 0.00
    9 V    0 -3 -3 -3 -1 -2 -3 -3 -3  3  1 -2  1 -1 -3 -2  0 -3 -1  4    0   0   0   0   0   0   0   0   0   0   0   0   0   0   0   0   0   0   0 100  0.34 0.00
   10 S    1 -1  1  0 -1  0  0  0 -1 -3 -3  0 -2 -3 -1  4  1 -3 -2 -2    0   0   0   0   0   0   0   0   0   0   0   0   0   0   0 100   0   0   0   0  0.45 0.00
   11 S    1 -1  1  0 -1  0  0  0 -1 -3 -3  0 -2 -3 -1  4  1 -3 -2 -2    0   0   0   0   0   0   0   0   0   0   0   0   0   0   0 100   0   0   0   0  0.45 0.00
   12 M   -1 -2 -3 -3 -1 -1 -2 -3 -2  2  2 -2  4  0 -3 -2  0 -2 -1  3    0   0   0   0   0   0   0   0   0   0   0   0  50   0   0   0   0   0   0  50  0.26 0.00
   13 H   -2  0  1 -1 -3  0  0 -2  8 -3 -3 -1 -2 -1 -2 -1 -2 -2  2 -3    0   0   0   0   0   0   0   0 100   0   0   0   0   0   0   0   0   0   0   0  0.84 0.00
   14 K   -1  2  0 -1 -3  1  1 -2 -1 -3 -3  5 -1 -3 -1  0 -1 -3 -2 -2    0   0   0   0   0   0   0   0   0   0   0 100   0   0   0   0   0   0   0   0  0.51 0.00
   15 Y   -2 -2 -2 -3 -3 -2 -2 -3  2 -1 -1 -2 -1  3 -3 -2 -2  2  7 -1    0   0   0   0   0   0   0   0   0   0   0   0   0   0   0   0   0   0 100   0  0.85 0.00
   16 I   -1 -3 -3 -3 -1 -3 -3 -4 -3  4  2 -3  1  0 -3 -3 -1 -3 -1  3    0   0   0   0   0   0   0   0   0 100   0   0   0   0   0   0   0   0   0   0  0.38 0.00
   17 Y   -2 -2 -2 -3 -3 -2 -2 -3  2 -1 -1 -2 -1  3 -3 -2 -2  2  7 -1    0   0   0   0   0   0   0   0   0   0   0   0   0   0   0   0   0   0 100   0  0.85 0.00
   18 L   -2 -2 -4 -4 -1 -2 -3 -4 -3  2  4 -3  2  0 -3 -3 -1 -2 -1  1    0   0   0   0   0   0   0   0   0   0 100   0   0   0   0   0   0   0   0   0  0.45 0.00
   19 L   -1 -2 -3 -4 -1 -2 -3 -3 -2  1  4 -2  4  0 -3 -2 -1 -2 -1  1    0   0   0   0   0   0   0   0   0   0  67   0  33   0   0   0   0   0   0   0  0.37 0.00
   20 I   -1 -3 -3 -3 -1 -3 -3 -4 -3  4  2 -3  1  0 -3 -3 -1 -3 -1  3    0   0   0   0   0   0   0   0   0 100   0   0   0   0   0   0   0   0   0   0  0.38 0.00
   21 T    0 -1  0 -1 -1 -1 -1 -2 -2 -1 -1 -1 -1 -2 -1  1  5 -3 -2  0    0   0   0   0   0   0   0   0   0   0   0   0   0   0   0   0 100   0   0   0  0.46 0.00
   22 V    0 -3 -3 -3 -1 -2 -3 -3 -3  3  1 -2  1 -1 -3 -2  0 -3 -1  4    0   0   0   0   0   0   0   0   0   0   0   0   0   0   0   0   0   0   0 100  0.34 0.00
   23 I   -1 -3 -3 -3 -1 -3 -3 -4 -3  4  2 -3  1  0 -3 -3 -1 -3 -1  3    0   0   0   0   0   0   0   0   0 100   0   0   0   0   0   0   0   0   0   0  0.38 0.00
   24 Q   -1  1  0  0 -3  6  2 -2  0 -3 -2  1  0 -3 -1  0 -1 -2 -2 -2    0   0   0   0   0 100   0   0   0   0   0   0   0   0   0   0   0   0   0   0  0.64 0.00
   25 N   -2  0  6  1 -3  0  0  0  1 -3 -4  0 -2 -3 -2  1  0 -4 -2 -3    0   0 100   0   0   0   0   0   0   0   0   0   0   0   0   0   0   0   0   0  0.72 0.00
   26 Y   -2 -2 -2 -3 -3 -2 -2 -3  2 -1 -1 -2 -1  3 -3 -2 -2  2  7 -1    0   0   0   0   0   0   0   0   0   0   0   0   0   0   0   0   0   0 100   0  0.85 0.00
   27 L   -2 -2 -4 -4 -1 -2 -3 -4 -3  2  4 -3  2  0 -3 -3 -1 -2 -1  1    0   0   0   0   0   0   0   0   0   0 100   0   0   0   0   0   0   0   0   0  0.45 0.00
   28 N   -2  0  6  1 -3  0  0  0  1 -3 -4  0 -2 -3 -2  1  0 -4 -2 -3    0   0 100   0   0   0   0   0   0   0   0   0   0   0   0   0   0   0   0   0  0.72 0.00
   29 I   -1 -3 -3 -3 -1 -3 -3 -4 -3  4  2 -3  1  0 -3 -3 -1 -3 -1  3    0   0   0   0   0   0   0   0   0 100   0   0   0   0   0   0   0   0   0   0  0.38 0.00
   30 S    1 -1  1  0 -1  0  0  0 -1 -3 -3  0 -2 -3 -1  4  1 -3 -2 -2    0   0   0   0   0   0   0   0   0   0   0   0   0   0   0 100   0   0   0   0  0.45 0.00
   31 S    1 -1  1  0 -1  0  0  0 -1 -3 -3  0 -2 -3 -1  4  1 -3 -2 -2    0   0   0   0   0   0   0   0   0   0   0   0   0   0   0 100   0   0   0   0  0.45 0.00
   32 F   -2 -3 -3 -4 -3 -3 -3 -3 -1  0  0 -3  0  7 -4 -3 -2  1  3 -1    0   0   0   0   0   0   0   0   0   0   0   0   0 100   0   0   0   0   0   0  0.76 0.01
   33 S   -1 -2 -2 -2 -2 -2 -2 -2 -2 -2 -1 -2 -1  4  5  1 -1 -1  1 -2    0   0   0   0   0   0   0   0   0   0   0   0   0  38  42  20   0   0   0   0  0.68 0.00
   34 S    3 -1  0 -1 -1  0  0  0 -1 -2 -2  0 -1 -2 -1  3  1 -3 -2 -1   42   0   0   0   0   0   0   0   0   0   0   0   0   0   0  58   0   0   0   0  0.36 0.00
   35 V   -1 -3 -3 -4 -1 -3 -3 -3 -2  2  1 -3  0  4 -3 -2 -1 -1  1  3    0   0   0   0   0   0   0   0   0   0   0   0   0  42   0   0   0   0   0  58  0.32 0.01
   36 Y    0 -1 -1 -2 -2 -1 -1 -2  1 -2 -2 -1 -1  2 -2  2  0  1  6 -2    0   0   0   0   0   0   0   0   0   0   0   0   0   0   0  42   0   0  58   0  0.43 0.01
   37 A    4 -2 -2 -2  0 -1 -1  0 -2 -1 -2 -1 -1 -2 -1  1  0 -3 -2  0  100   0   0   0   0   0   0   0   0   0   0   0   0   0   0   0   0   0   0   0  0.41 0.01
   38 F   -2 -1 -1 -2 -3  3  0 -3  0 -1  0 -1  0  5 -3 -1 -2  0  2 -1    0   0   0   0   0  42   0   0   0   0   0   0   0  58   0   0   0   0   0   0  0.38 0.01
   39 I   -1 -3 -3 -3 -1 -3 -3 -4 -3  4  2 -3  1  0 -3 -3 -1 -3 -1  3    0   0   0   0   0   0   0   0   0 100   0   0   0   0   0   0   0   0   0   0  0.40 0.01
   40 F   -2 -3 -3 -4 -3 -3 -3 -3 -1  0  0 -3  0  7 -4 -3 -2  1  3 -1    0   0   0   0   0   0   0   0   0   0   0   0   0 100   0   0   0   0   0   0  0.76 0.01
   41 H   -2  0  4  0 -3  0  0 -1  7 -3 -3 -1 -2 -2 -2  0 -1 -3  1 -3    0   0  42   0   0   0   0   0  58   0   0   0   0   0   0   0   0   0   0   0  0.62 0.01
   42 R    2  4 -1 -2 -2  0  0 -1 -1 -2 -2  1 -1 -3 -2  0 -1 -3 -2 -1   42  58   0   0   0   0   0   0   0   0   0   0   0   0   0   0   0   0   0   0  0.39 0.01
   43 K   -1  1 -1 -2 -3  0  0 -2 -1 -1 -1  3 -1  4 -2 -1 -1 -1  1 -2    0   0   0   0   0   0   0   0   0   0   0  58   0  42   0   0   0   0   0   0  0.29 0.01
   44 C   -1 -3 -3 -4  8 -3 -4 -3 -3  2  0 -3  0 -1 -3 -2 -1 -3 -2  1    0   0   0   0  58   0   0   0   0  42   0   0   0   0   0   0   0   0   0   0  0.63 0.01
   45 A    3 -2  0  4 -1 -1  0  0 -2 -2 -2 -1 -2 -3 -1  1  0 -3 -2 -1   58   0   0  42   0   0   0   0   0   0   0   0   0   0   0   0   0   0   0   0  0.37 0.00
   46 P   -1 -2 -3 -2 -2 -2 -2 -3 -3  0  2 -2  0 -1  6 -2 -1 -3 -2 -1    0   0   0   0   0   0   0   0   0   0  42   0   0   0  58   0   0   0   0   0  0.95 0.01
   47 A    3  1 -1 -1 -1  0  0  0 -1 -2 -2  3 -1 -3 -1  1  0 -3 -2 -1   58   0   0   0   0   0   0   0   0   0   0  42   0   0   0   0   0   0   0   0  0.28 0.00
   48 R   -2  4  0 -1 -3  1  0 -2  7 -3 -3  1 -2 -2 -2 -1 -2 -3  1 -3    0  39   0   0   0   0   0   0  61   0   0   0   0   0   0   0   0   0   0   0  0.62 0.01
   49 K   -1  4  0 -1 -3  1  0 -2 -1 -3 -2  4 -1 -3 -2  0 -1 -3 -2 -3    0  42   0   0   0   0   0   0   0   0   0  58   0   0   0   0   0   0   0   0  0.55 0.01
   50 L   -1 -3 -3 -4  7 -3 -3 -3 -3  1  3 -3  1 -1 -3 -2 -1 -2 -2  0    0   0   0   0  42   0   0   0   0   0  58   0   0   0   0   0   0   0   0   0  0.51 0.01
   51 A    3 -2 -1 -2 -1 -1 -1  4 -2 -2 -2 -1 -2 -3 -1  1 -1 -3 -2 -1   58   0   0   0   0   0   0  42   0   0   0   0   0   0   0   0   0   0   0   0  0.47 0.00
   52 F    0 -1  0 -1 -1 -1 -1 -1 -1 -1 -1 -1 -1  2 -1  2  3 -2  0 -1    0   0   0   0   0   0   0   0   0   0   0   0   0  20   0  38  42   0   0   0  0.26 0.00
   53 P   -1 -1  4  0 -3 -1 -1 -1 -1 -3 -3 -1 -3 -4  6  0 -1 -4 -3 -3    0   0  42   0   0   0   0   0   0   0   0   0   0   0  58   0   0   0   0   0  1.10 0.01
   54 L   -2 -2 -4 -4 -1 -2 -3 -4 -3  2  4 -3  2  0 -3 -3 -1 -2 -1  1    0   0   0   0   0   0   0   0   0   0 100   0   0   0   0   0   0   0   0   0  0.47 0.01
   55 R   -2  3 -2 -3 -2 -1 -2 -3 -2  0  2  0  1  0 -3 -2 -1  6  0 -1    0  39   0   0   0   0   0   0   0   0  42   0   0   0   0   0   0  19   0   0  0.40 0.00
   56 E   -1 -1 -1  1 -3  1  4 -2 -1 -3 -3  0 -2 -4  5  0 -1 -3 -3 -3    0   0   0   0   0   0  58   0   0   0   0   0   0   0  42   0   0   0   0   0  0.91 0.01
   57 K    2  1 -1 -1 -2  1  0 -1 -1 -2 -2  4 -1 -3 -1  0  0 -3 -2 -1   42   0   0   0   0   0   0   0   0   0   0  58   0   0   0   0   0   0   0   0  0.30 0.00
   58 V    2 -2  0  4 -2 -1  0 -1 -2  0 -2 -1 -1 -2 -1  0  0 -3 -2  1   38   0   0  42   0   0   0   0   0   0   0   0   0   0   0   0   0   0   0  20  0.26 0.00
   59 S    0 -1  0  1 -2  1  3 -1 -1 -3 -3  0 -2 -3 -1  3  1 -3 -2 -2    0   0   0   0   0   0  42   0   0   0   0   0   0   0   0  58   0   0   0   0  0.42 0.01
   60 I   -1 -3 -3 -3 -1 -3 -3 -4 -3  4  2 -3  1  0 -3 -3 -1 -3 -1  3    0   0   0   0   0   0   0   0   0 100   0   0   0   0   0   0   0   0   0   0  0.40 0.01
   61 A    4 -2 -2 -2  0 -1 -1  0 -2 -1 -2 -1 -1 -2 -1  1  0 -3 -2  0  100   0   0   0   0   0   0   0   0   0   0   0   0   0   0   0   0   0   0   0  0.41 0.01
   62 H   -2  4  0 -1 -3  1  0 -2  7 -3 -3  1 -2 -2 -2 -1 -2 -3  1 -3    0  42   0   0   0   0   0   0  58   0   0   0   0   0   0   0   0   0   0   0  0.61 0.01
   63 M   -1 -2 -3 -4 -1 -1 -3 -3 -2  1  3 -2  5  0 -3 -2 -1 -2 -1  1    0   0   0   0   0   0   0   0   0   0  42   0  58   0   0   0   0   0   0   0  0.35 0.01
   64 I    2 -2 -3 -3 -1 -2 -2 -2 -3  3  1 -2  0 -1 -2  0  0 -3 -2  2   42   0   0   0   0   0   0   0   0  58   0   0   0   0   0   0   0   0   0   0  0.20 0.00
   65 K   -1  0  3  0  7 -1 -1 -1 -1 -2 -2  1 -2 -3 -2  0 -1 -3 -2 -2    0   0  38   0  42   0   0   0   0   0   0  20   0   0   0   0   0   0   0   0  0.47 0.01
   66 C   -1  3 -2 -3  6 -1 -2 -3  0 -2 -2  0 -1 -1 -3 -1 -1 -1  3 -2    0  42   0   0  39   0   0   0   0   0   0   0   0   0   0   0   0   0  19   0  0.46 0.01
   67 R   -1  5  0 -1 -3  1  0 -2  0 -3 -2  4 -1 -3 -2 -1 -1 -3 -2 -3    0  58   0   0   0   0   0   0   0   0   0  42   0   0   0   0   0   0   0   0  0.58 0.01
   68 P   -1 -2 -1 -2 -2 -1 -1 -2 -2 -2 -2 -1 -2 -3  7  0  2 -3 -3 -2    0   0   0   0   0   0   0   0   0   0   0   0   0   0  67   0  33   0   0   0  1.25 0.02
   69 K   -1  2  0 -1 -3  1  0 -2  5 -3 -3  5 -2 -3 -2 -1 -1 -3 -1 -3    0   0   0   0   0   0   0   0  26   0   0  74   0   0   0   0   0   0   0   0  0.54 0.04
   70 V   -1  2 -2 -3 -2 -1 -2 -3 -2  1  1  0  0 -2  4 -2 -1 -3 -2  2    0  24   0   0   0   0   0   0   0   0  21   0   0   0  26   0   0   0   0  29  0.35 0.02
   71 V    0 -2 -1 -2 -1 -1 -1  3 -2  0 -1 -1 -1 -2 -2  2  2 -3 -2  1    0   0   0   0   0   0   0  26   0   0   0   0   0   0   0  24  21   0   0  29  0.22 0.02
   72 G    0  0  0  0 -3  0  2  4 -1 -3 -3  2 -2 -3 -2  1 -1 -3 -3 -3    0   0   0   0   0   0  23  39   0   0   0  19   0   0   0  19   0   0   0   0  0.40 0.02
   73 S    0  0  3  0 -2  2  2 -1  0 -3 -3  0 -2 -3 -2  3  0 -3 -2 -3    0   0  29   0   0  16  19   0   0   0   0   0   0   0   0  36   0   0   0   0  0.43 0.05
   74 P   -1 -3 -3 -2 -4 -2 -2 -3 -3 -4 -4 -2 -3 -4  8 -1 -2 -5 -4 -3    0   0   0   0   0   0   0   0   0   0   0   0   0   0 100   0   0   0   0   0  2.31 0.13
   75 A    2  2  2 -2 -2 -1 -1 -1 -1  0 -1  0  2 -2 -2  0 -1 -3 -2  1   33  18  18   0   0   0   0   0   0   0   0   0  12   0   0   0   0   0   0  18  0.17 0.07
   76 K   -1  3 -1 -1 -3  2  0 -2 -1 -2 -2  3 -1  2 -2  1  1 -2  0 -2    0  18   0   0   0  18   0   0   0   0   0  25   0  18   0  10  10   0   0   0  0.28 0.07
   77 N    1 -1  1 -1  3 -1 -1 -1  2  0 -2 -1 -1 -2  2  2  0 -3 -1 -1   20   1   8   1  11   0   1   1  10  11   1   1   0   0  11  21   1   0   0   1  0.20 0.05
   78 K   -1  1  1 -1 -3  0  1 -2  0 -1 -2  2 -1  0 -2 -1 -1  0  5  0    1  10  10   0   0   0   9   1   0   0   1  16   0   0   0   1   1   0  37  11  0.30 0.09
   79 E    1 -1 -1  0 -2  3  3  1 -1  0 -2  0 -1 -3 -1  1 -1 -3 -2 -1   19   1   0   1   0  18  30   9   0  10   1   1   0   0   1   8   1   0   0   1  0.25 0.08
   80 G    0 -2 -1 -2 -2 -2  0  4 -2 -2  0 -2 -1  1 -2  0  0 -3 -2 -2    7   0   0   0   0   0   8  49   0   0  13   0   0   8   0   7   8   0   0   0  0.39 0.11
   81 M   -1 -4  0 -4 -3 -3 -4 -4 -4  1  0 -3  8  1 -4 -3  0 -3 -3  0    4   0   6   0   0   0   0   0   0   6   3   0  63   7   0   0   6   0   0   5  1.16 0.46
   82 T   -1  1 -1 -2  1  1 -1 -2 -2 -2 -2  2  4 -1 -3  1  2 -3 -1 -1    3   9   2   0   4   8   0   2   0   0   0  15  18   2   0  12  17   0   2   5  0.25 0.21
   83 M   -2  1  2 -4  0  0 -3 -4 -3  0 -1  1  8 -3 -3 -1 -2 -4 -4 -1    1   7   9   0   2   4   0   0   0   3   3  10  51   0   1   4   2   0   0   3  0.95 0.51
   84 I   -1  1 -1 -3 -3 -2 -2 -3 -1  1  0  2  3  1  0 -1  2 -3 -2  0    4   7   2   0   0   0   0   0   1  11   5  18  13   7   4   2  18   0   0   7  0.23 0.23
   85 L   -3  0 -4 -3 -4 -2 -3 -4 -1  1  3  0  7 -2 -5 -2  0 -4 -2 -1    1   5   0   1   0   1   2   1   2   6  28   7  35   1   0   3   6   0   1   2  0.76 0.47
   86 R   -2  5  0 -3 -5  1 -2 -4 -1 -4 -2  5 -3  0 -4  0 -2 -5 -4 -3    2  31   4   0   0   4   0   0   2   0   4  38   0   5   0   6   2   0   0   2  0.86 0.49
   87 K   -1  2 -2 -3 -4  0 -2 -2 -1 -1 -2  4 -1  1 -3  0  0  3  2 -1    3  14   1   0   0   4   1   3   1   5   3  28   1   6   1   8   4   4  10   3  0.33 0.29
   88 I    0 -2 -4 -5 -2 -3 -4 -2 -2  4  2 -3  1  4 -3 -1 -2 -1  0  0    6   2   0   0   1   1   0   4   1  26  22   1   3  18   1   6   1   1   3   4  0.41 0.30
   89 L   -2 -3 -3 -5 -4 -4 -5 -5 -5  3  5 -2  1  2 -5 -2 -1 -2 -2  1    2   1   1   0   0   0   0   0   0  15  53   2   3   8   0   3   3   1   1   8  0.77 0.44
   90 A    2 -2 -3 -3 -2 -1 -3  0 -3  1  1 -2  1  3  0  0  1 -3  0  1   19   1   1   0   1   2   0   6   0  10  14   2   3  15   4   5   8   0   2   8  0.17 0.19
   91 M    1 -4 -4 -4 -1 -2 -4 -2 -4  2  3 -2  3  2 -3 -1 -1 -3 -2  2   13   0   0   0   1   1   0   3   0  11  33   2   7   9   1   6   2   0   0  12  0.39 0.29
   92 S    0 -3 -2 -4  2 -3 -3 -1 -4  2  1 -3  1  2 -2  0  1  1 -2  2    9   1   1   0   5   0   0   5   0  14  15   0   3   8   1   9  11   2   0  15  0.23 0.22
   93 C    1 -4 -4 -5  3 -2 -4 -2 -4  2  3 -4  0  0 -2 -1  1  1 -3  1   13   0   0   0   7   1   0   3   0  11  35   0   2   3   2   4   8   2   0   9  0.39 0.30
   94 L    0 -4 -4 -5 -1 -3 -4 -1 -4  2  4 -4  2  2 -5  0 -2  1 -2  1    9   0   0   0   1   1   0   5   0  10  42   0   5   8   0   7   2   2   1   7  0.48 0.34
   95 L    0 -5 -5 -5  0 -4 -5 -2 -5  2  4 -5  2  3 -5 -2 -2 -4 -3  1    7   0   0   0   2   0   0   3   0  11  46   0   4  11   0   3   2   0   0  11  0.67 0.41
   96 L    1 -4 -5 -5  1 -3 -5 -3 -3  1  3 -4  1  4 -4 -2 -1  0 -1  1   11   0   0   0   3   1   0   2   0   6  34   0   3  20   1   3   4   1   1  11  0.52 0.36
   97 P    3 -3 -2 -4  1 -3 -3  0 -4 -1 -1 -3 -1  0  4  3  0 -5 -4 -1   23   1   1   0   3   0   0   6   0   4   7   0   1   5  18  21   5   0   0   4  0.46 0.37
   98 I    0 -2 -1 -3 -1 -1 -3  1 -2  1  1 -3  2  2  0  0  0  2 -1  1    5   2   2   0   1   2   1  11   1   9  17   0   5  11   4   8   7   3   1   9  0.14 0.17
   99 M    1 -3  0 -2  1 -1 -2  0 -3  0  1 -3  1  2  0  1  0  2 -1  0   11   0   6   1   3   2   1   7   0   4  15   0   4   9   4  14   7   3   2   8  0.12 0.17
  100 T    3 -3 -2 -3  2 -2 -3  0 -4  0  0 -3 -1 -2 -1  2  1 -4 -3  1   26   0   1   1   4   1   0   8   0   6  11   1   1   2   3  17   8   0   0  11  0.29 0.28
  101 S    2 -2  0 -2 -2  0 -2 -2  1 -2  0 -1  1  2  0  2  1  4  0 -2   17   2   4   1   0   5   1   1   4   1   8   2   3  11   3  15   9   6   3   2  0.19 0.22
  102 A    6 -3 -3 -5 -2 -2 -3 -1 -5 -3 -2 -3 -2 -2 -4  2 -1 -5 -5 -1   65   1   1   0   0   1   1   4   0   1   3   1   1   1   0  12   3   0   0   3  1.06 0.63
  103 H    1 -1  0 -1 -3  1  0  0  5 -2  0 -1  0  1 -3  0 -1 -1  0 -2   15   2   4   2   0   9   6   6  19   1   8   2   2   7   1   7   3   1   3   2  0.25 0.22
  104 N    2 -2  3  0 -2  0  0  0 -1 -1 -1  0 -2 -2 -1  1  0 -2 -1 -1   21   0  16   5   1   4   4   8   1   3   6   4   1   1   2  11   5   1   2   3  0.16 0.17
  105 L   -1 -2 -5 -3 -4 -2 -4 -4 -4  3  4 -4  0  2  2 -2 -2 -2 -3  1    5   2   0   2   0   2   0   1   0  15  38   0   1   8  11   2   1   1   0  10  0.51 0.35
  106 E    1  0  0 -1 -3  2  3 -2 -2 -1 -1  1 -1 -4  0  0  1 -4 -3  0   11   5   3   3   0  10  19   2   1   3   6   7   1   0   4   7   9   0   0   9  0.18 0.20
  107 V   -1 -1 -3 -2 -3 -2 -1 -4 -4  2  1 -2  0 -3  1 -1  0 -4 -2  4    5   3   1   2   0   2   4   0   0  12  15   2   2   0   6   3   5   0   1  37  0.41 0.32
  108 N   -2 -3  1  0 -2 -2 -1  6 -2 -6 -6 -3 -5 -6 -2  0 -4 -6 -3 -6    2   1   6   5   1   2   3  66   1   0   0   1   0   0   2   8   0   0   1   0  1.31 0.64
  109 Q    0 -1 -1  3 -5  5  2 -1 -3 -5 -4  2 -1 -5 -3  0  0 -5 -4 -4    9   3   1  15   0  26  14   4   0   0   1  11   2   0   1   7   5   0   0   0  0.57 0.41
  110 R    0  1 -1 -3 -2  0  0 -3 -2  0 -2  2  0 -4  4  0  2 -5 -2  0    8   7   2   0   1   3   7   1   1   5   3  13   2   0  19   5  16   0   1   6  0.33 0.28
  111 V    1 -3 -5 -5 -1 -4 -4 -5 -5  0  3 -2  0 -2  2 -2 -1 -2 -4  3   13   1   0   0   1   0   0   0   0   3  34   2   2   1  12   2   4   1   0  23  0.54 0.38
  112 P   -1 -3 -5 -3 -1 -2 -2 -3 -6 -3 -6 -1 -6 -3  8 -1 -2 -1 -6 -2    5   2   0   2   1   2   2   2   0   1   0   3   0   1  68   4   2   1   0   3  1.79 0.83
  113 P    1 -1  0  1 -2  0  1 -2  1 -3 -2 -1 -1 -2  4  1  1 -4 -2 -2   15   3   5  10   1   4   9   2   3   1   4   2   1   1  18   9   8   0   1   2  0.28 0.23
  114 V   -1 -4 -5 -5 -1 -4 -4 -5 -5  3  2 -3 -1  3 -2 -2 -1  1 -2  4    5   0   0   0   1   0   0   0   0  15  16   2   1  15   2   2   2   2   0  35  0.64 0.39
  115 G    0  1  0  0 -3  1  1 -1 -2 -1 -2  1 -2 -3 -1  1  2 -4 -1  0    8   6   4   5   0   7  11   3   0   4   1   8   1   1   3  11  17   0   2   7  0.16 0.18
  116 I   -2 -3 -3 -5 -4 -4 -5 -5 -5  5  3 -2 -1  0 -5 -4 -2 -5 -4  4    3   1   2   0   0   0   0   0   0  29  28   2   1   3   0   0   1   0   0  28  0.86 0.46
  117 A    0  1  0  1 -2  1  2 -1 -2 -2 -2  1 -1 -4  1  2  1 -4 -3 -1    8   8   3   7   1   7  14   3   0   2   3   6   2   0   6  14  12   0   1   4  0.20 0.19
  118 D   -2 -1  1  5 -4 -1  2  1  0 -3 -3  0 -4 -4 -1  1 -1 -5 -4 -3    3   2   7  34   0   2  12  11   2   2   2   6   0   0   2   8   4   0   0   2  0.52 0.33
  119 R    1  1  0  1 -3  1  1  1 -1 -2 -2  2 -2 -2  1  0 -1 -3  0 -2   12   6   3   9   0   6   9  11   1   1   3  16   1   1   6   5   2   0   3   3  0.16 0.14
  120 G   -1 -2  0  1 -3 -1 -1  5 -1 -3 -3 -1 -3 -2  0 -1 -2 -1 -2 -2    3   2   4   9   0   2   3  49   1   1   3   3   0   2   4   5   2   1   1   3  0.65 0.32
  121 E   -2  0 -1  0 -3  1  5  2 -1 -2 -2 -1 -1 -3 -1 -2 -2 -3  0 -2    2   4   3   3   0   5  40  16   1   2   3   3   1   1   3   2   1   0   4   3  0.51 0.31
  122 L    0 -1 -2 -2  0 -1 -2  0 -2  1  3 -1  2  0 -1 -1 -1 -2 -1  1    6   3   2   2   2   2   2   9   1  10  31   2   5   2   3   3   3   0   2   9  0.15 0.13
  123 M    0  0  0 -1  0  0 -1 -1  0  1  1 -1  1 -1 -1 -1  0 -2 -1  2    5   4   4   3   3   4   2   4   3   9  18   3   4   2   3   3   7   0   2  17  0.05 0.07
  124 L   -1 -2 -2 -2 -1 -1 -1 -2  0  1  3 -1  1  0 -1 -2 -1 -2  1  1    5   2   1   2   1   2   3   3   2   8  36   5   3   3   3   2   4   0   6   8  0.20 0.15
  125 N   -1  0  3  3 -3  2  0 -1  0 -3 -1  0 -1 -2 -2  1  0 -3 -2 -2    5   3  16  19   0   9   5   3   2   1   5   6   1   2   1  13   4   0   1   3  0.27 0.19
  126 K    0 -1  1  2 -3 -1 -1  4  1 -1 -2  0 -3 -3 -2 -1 -2 -3 -3 -2    7   2   8  14   0   3   3  35   3   3   5   5   0   1   1   4   1   0   1   2  0.38 0.22
  127 D   -1 -2  1  4 -3  0  1  3  0 -3 -3  2 -3 -3 -2  0 -1 -3 -1 -3    3   1   6  22   0   4   9  23   2   1   2  12   0   1   1   5   4   0   2   1  0.40 0.24
  128 E    0  1  0  2 -3  0  2 -1 -1 -2 -2  2  0 -2  1  0 -1 -3 -1 -2    8   7   5  15   0   4  13   4   1   1   4  14   3   2   7   5   3   0   2   2  0.18 0.13
  129 F    0 -1 -1 -2 -2 -2 -1 -1 -2  2  1 -1  1  2  1 -1  0  1  0  1    6   2   2   1   0   1   3   5   0  12  13   4   4  10   6   3   8   2   4  12  0.09 0.09
  130 S    1  0  1  2 -3  0  0 -1  2 -2 -2  1 -2 -2 -2  2  1  0 -1 -2   11   5   5  12   0   4   5   4   6   2   3   8   0   1   1  18   9   1   2   3  0.19 0.17
  131 Y   -1  0  1 -1 -3 -2 -3  2  0 -3  0 -1  0  1 -3 -1 -3  1  5 -2    5   4   8   4   0   1   1  18   2   1  10   3   2   6   1   3   1   1  27   2  0.43 0.30
  132 K   -1  2  0 -1 -4  3  0 -1 -2 -1 -2  3 -2 -4  1  0  0 -4 -3 -1    5  14   4   3   0  13   6   3   0   3   4  21   0   0   6   6   6   0   0   5  0.28 0.24
  133 N    0 -1 -1 -1  0 -1 -1 -1  0 -2 -3 -1 -4 -2  6 -1  1 -4 -1 -2    9   4   3   3   2   2   4   5   2   2   2   4   0   2  37   4   7   0   2   2  0.62 0.38
  134 W   -1 -1  0 -4 -4 -4 -4 -4  1  0 -1 -4  2  2 -4 -1  0  9  2  1    5   4   4   0   0   0   1   1   4   5   6   0   6   8   0   4   5  32   5   9  1.01 0.49
  135 N    0  0  1  0  2  1  0  0  2 -2 -2  0  1 -2  1  0  0  4  1 -1    6   6   6   6   6   6   6   6   6   0   1   6   6   0   6   6   6   6   6   6  0.13 0.17
  136 S   -1 -3 -1 -3  0 -1 -1 -1 -3  0  2 -3  0 -1 -1  4  1  1 -1 -1    4   0   2   0   2   3   3   3   0   5  19   0   2   2   4  34   9   2   2   3  0.33 0.35
  137 A    0  0  1  1  1  1  1  0  1 -3 -2  1 -2 -1  1  1  0  2  0 -3   10   6   6   7   3   5   8   6   3   0   3   8   0   3   8  12   4   3   3   0  0.14 0.16
  138 Q    0  1  0  1 -3  2  1 -1  1 -1 -1  0  1 -1 -1  1  0 -3  0 -1    6   7   4   8   0  13  10   4   4   3   4   3   5   3   3  12   5   0   3   3  0.12 0.17
  139 L   -2 -4 -2 -3 -4 -2 -4 -3  0  2  4 -4  2  2  0 -3 -2 -1  0 -1    3   0   2   1   0   2   0   2   2  11  47   0   5   9   6   2   2   1   3   3  0.53 0.33
  140 V    0  2  0 -2 -3  0  0  1  0 -2 -1  2  0 -2  1  0  1  0 -3 -1    8  13   3   1   0   3   5  13   2   2   5  15   3   1   6   5   8   1   0   5  0.14 0.13
  141 G   -1 -2  0 -1 -5 -2 -1  6 -4 -5 -6 -2 -5 -5 -2 -1 -2 -5 -5 -2    5   2   5   4   0   1   4  66   0   0   0   2   0   0   2   4   2   0   0   3  1.22 0.55
  142 K   -2  2 -1 -1 -5  0 -1 -3  0 -5 -5  6 -1 -5 -2  0 -1 -5 -1 -3    3   8   2   4   0   3   2   2   2   0   0  58   2   0   2   5   4   0   2   2  0.94 0.50
  143 V    0 -2 -1 -4  0 -2 -2 -4 -1  2 -1 -2  1 -3  2 -2  0  1 -3  4    8   2   3   0   2   2   2   0   2  11   4   2   3   0  11   2   5   2   0  39  0.47 0.31
  144 R    0  2 -1 -3 -1  0 -2 -2  1  1  1 -1  0  0 -2 -1  1  1  0  1    5  12   3   0   2   4   0   3   5   7  13   2   2   4   2   4  10   3   4  15  0.09 0.12
  145 V   -1 -2 -3 -3  1  0 -2 -3 -2  2  2 -1  2  1 -3 -1  0 -2  1  2    4   0   0   0   4   4   0   0   0  18  17   4   7   4   0   4   5   0   5  20  0.19 0.12
  146 L   -1 -2 -2 -2 -2 -2 -2  1 -2  2  1 -2  2  2 -2 -2 -1 -1  0  1    1   1   1   1   0   1   1  15   0  15  16   1  15  15   1   1   1   0   0  15  0.13 0.05
  147 L   -1 -3  0 -1 -3  3 -1 -4  0  1  0 -2  2  5 -3 -2 -1  0  1  1    4   0   5   3   0  15   2   0   2   8   7   0   7  27   1   0   3   1   3   9  0.34 0.26
  148 H    0 -4 -4 -5 -4 -4 -4 -5  5 -1 -2 -2 -3  3 -5 -4 -4 -2  7  0    7   0   0   0   0   0   0   0  14   4   3   3   0  11   0   0   0   0  50   6  1.29 0.56
  149 I   -1 -3 -1 -2  1 -1  1 -3 -3  2  1 -2  2  1 -3 -1 -1  4  0  2    3   1   3   1   3   2  13   1   0  12  12   1   6   6   1   4   2   7   3  22  0.23 0.19
  150 A    3 -2  0  1  0 -2 -1  0 -2 -1 -2 -2 -2 -3  1  1  0 -3 -1 -1   37   1   5  11   2   1   3   7   0   3   4   1   0   1   6   8   5   0   2   4  0.27 0.20
  151 G    2  2  0 -1  0  0  1  3 -2 -3 -3  0 -2 -3  2  0  0 -3 -3 -3   18  11   4   2   2   3   8  22   0   1   1   6   0   0   9   7   4   0   0   1  0.28 0.18
  152 R   -1  4  0  4  1  0 -1 -2  2 -4 -4  0 -3 -4 -3  0  0  4 -1 -4    4  23   4  27   3   3   3   2   5   0   1   5   0   0   0   5   6   6   2   0  0.52 0.36
  153 T    0  1 -1 -1  3  0  0 -2 -3 -1 -1  1  1 -3  3  1  0 -4 -3 -2    6   8   2   2   8   3   5   3   0   3   5   9   5   0  18  15   5   0   0   2  0.28 0.23
  154 S    0 -2  0  3 -3  0  0  1 -2 -1 -3  0  0 -3  0  1  0  2  0 -1    5   0   4  19   0   4   5  10   0   5   0   8   4   0   5  14   5   4   4   5  0.19 0.21
  155 A    1  1  0  0 -2  1  0  0  1  0 -1  0 -1 -2  1  0  0 -3  0  0   19   7   3   4   0   7   5   5   5   5   5   5   0   0   6   6   6   0   3   7  0.08 0.12
  156 K    0  1  0  1  3  1  0 -1 -1 -2 -3  3  0 -3  0  1 -1 -4 -1 -1    6   8   3   8   7   6   6   5   1   2   0  23   2   0   4  10   2   0   3   4  0.21 0.22
  157 A    0  1  0  2 -3  1  2 -1  1 -3 -2  2  0 -4  0  0 -1 -4 -3 -2    8   5   3  16   0   6  11   4   4   0   4  17   3   0   4   8   3   0   0   3  0.23 0.21
  158 K   -1  1  0  0 -3  2  1 -3  0  0  0  1  2 -1 -3  0 -1  1  0  0    4   7   4   4   0  10   8   0   3   6  11  11   8   2   0   5   3   2   3   6  0.09 0.15
  159 N   -2 -3  6  0 -4 -1  0  0  0  0 -1 -3  1 -1 -1 -1  0 -5 -1 -1    3   0  41   4   0   2   5   6   2   6   5   0   4   3   2   3   6   0   2   5  0.52 0.43
  160 A    0  1  0  1 -3  2  2 -1  1 -2 -1  1  1  0 -2  0  0 -4 -2 -2   10   9   5  10   0  11  12   3   4   2   4   9   5   4   1   4   4   0   0   2  0.16 0.19
  161 T    1  0 -1  0 -4  0  1 -2  2 -2 -2  0 -1 -4  5 -1  0  1 -2 -2   11   4   3   4   0   4  10   3   6   2   5   5   2   0  28   3   5   2   1   2  0.43 0.32
  162 L   -1 -2 -5 -2 -4 -4 -4 -3 -4  0  3 -4  2  5 -1 -2 -2  3  0  0    4   2   0   2   0   0   0   2   0   4  33   0   5  23   3   3   2   4   2   7  0.56 0.36
  163 I   -1  0  0 -2 -3 -1  0 -2 -1  2  0  1  3  0 -3  0  2  2 -1  0    3   4   5   1   0   1   6   2   1  15   9  11   9   3   0   6  15   3   1   5  0.16 0.20
  164 E   -1 -1  1  4 -5  1  3 -2 -1 -1 -3  0  0 -4 -2 -1  0 -5 -1 -2    4   2   7  27   0   5  19   3   1   5   2   6   3   0   2   3   6   0   2   3  0.40 0.31
  165 T    4  2 -1 -2 -4  0  2 -2  0 -3 -2  1 -3 -4 -4 -1 -1 -5  0 -2   37  10   2   1   0   3  16   2   2   1   4   9   0   0   0   3   3   0   3   2  0.44 0.37
  166 I   -2 -5 -2 -5 -4 -5 -5 -2 -5  4  4 -5  2  1 -5 -3 -2 -4 -3  1    3   0   2   0   0   0   0   4   0  22  46   0   4   6   0   2   2   0   0   8  0.78 0.44
  167 K   -1  1  0  1 -4  0  1 -2  1 -1 -1  3  0  1 -2  0 -1 -4 -1 -1    4   6   3   8   0   4   8   2   3   5   4  27   3   7   1   6   4   0   1   3  0.20 0.20
  168 S    2  1  0  1 -4  3  2 -2  1 -3 -3  2 -3 -4 -2  0  0 -4 -2 -2   19   6   3   7   0  16  12   1   4   1   1  16   0   0   2   4   5   0   1   2  0.36 0.30
  169 A    2  1  0 -1 -4  0  2 -2  1 -2  0  2 -3  0 -3 -1 -1  2 -3 -3   20   6   4   2   0   3  17   2   3   1   9  17   0   5   0   4   3   3   0   1  0.27 0.27
  170 R   -1  1  1  1 -3  1  0  0  1 -1 -1  1  0  0  1  0  0 -2  2 -1    5   9   6   7   0   6   3   7   3   4   5  11   3   4   6   5   4   0   9   3  0.08 0.11
  171 L    0  0  0  0 -3  1  0  0  2  0 -1  0  1  1 -3  0  0  3  1  0    6   6   5   6   0   5   6   6   5   6   6   6   5   5   0   6   6   5   5   6  0.06 0.10
  172 P    0 -3  1  3 -5  0  1  0  0 -2 -3  0 -4 -5  4  1 -2  1 -4 -2    7   0   7  18   0   5   8   8   2   2   2   5   0   0  19  10   2   2   0   2  0.43 0.35
  173 H    0  1  1  0 -3  0  0  1  1  0 -1  0  0  0  1  0  0  1  0 -1    5  10   6   5   0   5   6  11   4   5   4   5   4   4   7   6   5   3   3   3  0.07 0.09
  174 D    0  0  0  0  2  1  0  0  1  0 -1  0  1 -2  1  0  0 -3  1  0    6   6   5   6   5   5   6   6   5   6   6   6   5   0   6   6   6   0   5   6  0.04 0.08
  175 R   -1  2  2  0 -1  1  0 -1  1 -1 -1  2 -1 -1 -1  0 -1 -3  1 -1    4  11  11   4   1   7   5   3   3   5   8  14   1   2   3   6   3   0   5   4  0.10 0.11
  176 Y   -2 -2 -4 -4  1 -1 -2 -4  1  2  0 -1  0  5 -4 -2 -3 -2  5  1    3   2   0   0   3   3   2   1   3  13   7   5   2  24   0   2   0   0  19  10  0.52 0.33
  177 Q    0  2  0  0 -3  4  0  0  2 -2 -2  1 -1 -2 -1 -1  0 -3 -1 -1    6  12   4   4   0  22   5   7   6   2   4   7   1   2   3   4   4   0   2   5  0.21 0.20
  178 T    0 -1 -1 -1  0  0 -2  1 -3  1 -1 -2  0 -1 -1  2  2 -3 -1  2    4   3   2   2   2   4   0  10   0   7   4   2   3   3   3  17  12   0   2  22  0.16 0.20
  179 T   -1 -2 -4 -4  0 -2 -3 -5 -4  3  0 -4  0  2 -4 -2  3 -4  1  3    4   2   0   0   2   2   1   0   0  17   8   0   2   8   0   2  20   0   4  27  0.47 0.35
  180 T    2  0 -1 -3 -3 -1 -3  3 -3 -1 -1 -1 -1 -2 -1  0  2 -4 -2  0   19   5   3   0   0   2   0  21   0   4   6   2   1   2   2   7  17   0   1   6  0.24 0.23
  181 I    0  0 -2 -2  3 -1  0  0  2  0  0 -1  2  1 -2 -1  0 -2  2  0    8   8   0   0   7   0   8   8   7   8   8   0   7   7   0   1   8   0   7   8  0.07 0.12
  182 V    0 -3  0 -3 -2 -2 -3 -1 -2  2  1 -2  1  1  0 -1  0 -2  1  2    9   0   5   0   0   0   0   5   0  15  17   0   5   5   5   0   6   0   5  22  0.15 0.13
  183 N    0  0  4  2 -3 -1 -1 -1  2  0 -1  0 -2 -3  0 -1  0 -4 -2  1    9   4  28  11   0   0   0   4   6   4   5   4   0   0   4   0   4   0   0  15  0.21 0.18
  184 T   -1 -2 -2 -2  4 -2 -2 -3 -3  1  2 -2  3 -1 -4 -1  1 -3 -1  1    3   1   2   2  11   2   3   2   0   9  25   1  11   2   0   5  10   0   2   9  0.30 0.25
  185 D    2 -1  0  4 -4  0  0  0 -3 -2 -4  1 -3 -1 -2  1  0 -4 -2 -3   19   3   5  28   0   3   3   6   0   2   0  11   0   3   1   9   5   0   1   0  0.40 0.31
  186 D    0 -1 -1  6  0 -2  2 -2 -3 -4 -3 -1  0 -4 -1  1 -3 -4 -1 -3    7   2   2  45   2   0  13   3   0   0   3   2   3   0   2  10   1   0   2   2  0.72 0.42
  187 A    4 -3 -1 -2  2 -3 -2 -2 -2 -1 -2 -3 -1 -1  0  1  1 -4 -1  2   38   1   2   2   4   0   2   2   1   2   3   0   1   3   4   9  10   0   2  14  0.36 0.32
  188 I   -1  0  0 -1 -3 -1 -1 -1 -2  1  0 -1  1  1  2  0  2  3  0  0    3   4   6   2   0   2   2   5   0  10   7   3   3   7  12   7  15   4   3   5  0.13 0.16
  189 P   -3 -1 -2 -2 -5 -4 -2 -3 -1 -2 -1  1  0  3  1  0 -4  9  0 -2    2   4   2   2   0   0   3   2   2   2   6   9   2  13   8   9   0  31   2   3  1.00 0.55
  190 G   -1 -3 -3 -1 -3  0 -1  2 -3  1  0 -1  1  2  3 -2 -2  2 -2  0    4   0   0   3   0   4   3  21   0   8   7   5   5  11  17   1   0   3   0   6  0.27 0.23
  191 S    0 -3 -1 -3  0 -1 -3 -1 -3  0 -1 -1  0  0  4  0  2 -4 -3  1    8   0   3   0   3   3   0   3   0   4   5   3   3   4  25   5  18   0   0  12  0.40 0.30
  192 G    0  1  2  1  0  0  0  1  0 -2 -2  1 -2 -2 -1  0  0 -3 -2 -2    9   8  15   7   2   3   5  14   2   3   2  12   0   2   2   6   4   0   0   2  0.15 0.15
  193 M    0  0 -1  0 -2 -2 -2  3 -2 -1 -1 -1  1  3 -1  0 -1  2  0 -1    7   6   3   5   1   1   1  24   1   3   5   3   4  15   3   6   2   3   3   4  0.19 0.19
  194 F    0 -5 -5 -5 -4 -2 -5 -3 -4  3  1 -2  2  6 -5 -4 -3  1 -1  1    8   0   0   0   0   2   0   2   0  19  15   3   6  34   0   0   1   2   1   8  0.77 0.44
  195 V    1 -4 -5 -5  0 -4 -4 -3 -5  4  1 -4  0 -1 -3 -4 -3  5 -1  4   12   0   0   0   2   0   0   2   0  23  13   0   1   3   1   0   0   9   1  30  0.71 0.41
  196 R    0  4 -1 -1 -4  1  1 -3 -3 -1 -2  3 -2 -4 -4 -1 -2  0 -4  0    9  28   3   2   0   5   9   1   0   4   3  21   1   0   0   3   2   1   0   7  0.47 0.35
  197 S    0  2  1  0 -3  0 -1  1  0 -2 -1  1  1 -2 -3  2 -1 -4 -2 -3    6  11   8   6   0   3   2  12   2   3   5  11   4   1   0  23   2   0   1   1  0.22 0.23
  198 S    1  0 -1 -1 -2  0  0 -1  0  1  0  1  1  0 -2  1 -1  1  0  0   12   5   3   2   0   5   6   3   2  10   6  13   5   5   0  11   2   2   2   5  0.05 0.10
  199 I    0 -3 -1 -3 -2 -3 -3 -1 -3  2  2 -3  2  2  0 -1  0  2  1  1   10   0   4   0   0   0   0   4   0  16  21   0   5   9   4   5   4   4   4   8  0.19 0.18
  200 E    0  0  0  0 -2  1  0  0 -1  0  0  0  1  1 -2  0  0 -2  1  0    6   6   6   6   0   6   6   6   0   6   6   6   6   6   0   6   6   0   6   6  0.03 0.07
  201 S    0  1  1  1 -4  2  2  0  1 -4 -4  3 -3 -4 -3  1  0 -4 -3 -3    7   6   7   8   0  12  11   6   4   0   1  20   0   0   0  11   5   0   0   0  0.35 0.24
  202 N   -1  0  2  0  0  0  1 -1  1 -3 -2  3  1 -1 -3  1 -1  1 -1 -1    4   5  13   4   2   3   7   4   3   0   4  20   4   3   0  12   2   2   2   4  0.19 0.20
  203 K    0  0 -1 -1 -4  3  1 -3 -2  0 -2  4  0  0 -3  1 -1 -4 -1 -1    6   3   1   2   0  18   6   0   0   5   3  26   3   5   0  11   2   0   1   5  0.34 0.30
  204 K   -1  3 -1 -1 -4  1  1 -4 -3 -1 -1  5 -1 -4 -1 -1 -1 -4 -4 -1    5  14   2   2   0   5   8   0   0   4   6  38   2   0   2   4   4   0   0   3  0.48 0.34
  205 L    0  1 -1  0 -4  2  2 -1  1 -2 -3  4 -3 -4 -1  0 -1 -4 -3 -3    8   7   2   5   0  11  13   5   3   2   3  30   0   0   2   5   3   0   0   0  0.40 0.30
  206 Y   -1 -1  1  0 -1  0  0 -2  2 -2 -1  1 -1  3 -2 -1  0  0  4 -2    4   1   7   6   1   4   7   3   6   2   4  10   2  12   1   3   6   1  19   2  0.25 0.23
  207 P   -1 -1  1 -2 -4  0 -1  1 -1 -3 -3  0 -4 -2  6  0 -1 -4  0 -3    5   3   8   2   0   4   3  10   1   1   2   5   0   1  41   5   3   0   3   2  0.77 0.42
  208 W    0  0  1  1 -3 -1  0  1  0 -1 -1  0  0  0 -1  0  0  4 -1 -1    8   5   7   9   0   2   4  13   3   4   7   6   3   4   2   6   5   7   1   3  0.10 0.10
  209 S    2 -1  0 -2 -1 -1 -3 -2 -3 -1 -2 -1  0 -2  2  1  3 -1  0  0   17   3   4   2   1   3   1   2   0   2   2   4   2   1   8  12  23   1   4   8  0.29 0.27
  210 Q   -1 -1 -1 -2 -2  2 -1 -3 -1  3  0 -2  1 -1  0  0  2 -1 -2  1    3   4   2   2   1  11   3   2   2  17   7   2   3   2   5   7  15   1   1  10  0.18 0.21
  211 F    0  0  1 -2 -2 -2 -2  0  2  0  0 -2  2  1 -3 -1  0  4  2  0    8   8   7   0   0   0   0   8   7   8   8   0   7   7   0   1   8   7   7   8  0.13 0.14
  212 I   -1 -3 -3 -4  2 -3 -3 -4 -3  3  1 -3  2  1 -3 -1 -2  3  1  3    5   0   0   0   5   0   0   0   0  22  10   0   5   5   0   5   0   5   5  30  0.38 0.22
  213 V    1 -1 -2 -2  1 -2 -2 -1 -3  1  1  1  1  1 -3 -2  0  0 -1  2   13   3   2   2   4   0   2   4   0   8  18  11   4   5   0   0   7   1   2  15  0.13 0.15
  214 D   -6 -6 -3  8 -8 -5  0  0  2 -8 -8 -5 -8 -8 -6 -5 -6 -9 -7 -8    0   0   0  83   0   0   4   8   4   0   0   0   0   0   0   0   0   0   0   0  2.43 0.89
  215 S   -1 -1  0  2 -4  2  0 -2 -3 -3 -1  1  1  0  2  1  0  5  0 -1    4   2   5  11   0   9   5   3   0   0   5   8   5   4   9  10   4   9   3   4  0.23 0.19
  216 N   -2  1  3  4 -5  1  1 -4  0 -5 -4  2 -4 -5  1  0  0 -6 -5 -3    3   7  17  26   0   5   7   0   2   0   2  11   0   0   8   6   5   0   0   2  0.57 0.33
  217 G   -1  0  0  0  2 -3 -1  4  3 -5 -2  1 -4  0 -5  0 -4 -5  1 -5    5   5   5   6   4   0   4  30   7   0   4  11   0   4   0   8   0   0   6   0  0.46 0.32
  218 I   -1  0  0 -1  3 -1 -1 -2  0  1 -1 -1  1 -1 -4  0  1  2  1  1    5   5   5   3   6   3   3   3   3   8   5   4   3   3   0   9  12   3   5  14  0.10 0.13
  219 A    0 -4 -1 -4  1 -3 -4  0 -4  1  3 -4  2  2 -4 -1  0  4 -2  1    7   0   3   0   3   0   0   9   0   7  30   0   6   9   0   3   5   7   0  11  0.35 0.27
  220 R    0  3 -1 -3 -3  0 -1 -1  0  0  0  1 -2  0 -1 -1 -1  1  0  1   11  20   2   0   0   4   3   4   3   4   9   7   0   5   3   5   2   2   2  14  0.13 0.17
  221 N    0  2  1  1 -5  2  1 -1  1 -4 -4  3 -3 -5 -3  0  0 -5 -4 -2    6  13   6   7   0  11  10   5   4   0   0  22   0   0   0   6   6   0   0   3  0.41 0.30
  222 A    2  1  0  1  0  1  0 -1  0 -1 -2  0 -2 -3 -1  1  1 -4 -1 -1   23   7   4   7   2   8   6   3   2   3   3   6   0   0   3   8  10   0   2   3  0.15 0.17
  223 W   -4 -3 -7 -8 -6 -6 -7 -7 -5 -3  0 -2 -1  2 -7 -6 -6 11  4 -6    1   1   0   0   0   0   0   0   0   2   8   2   2   7   0   0   0  61  15   0  2.81 0.95
  224 Q   -1  0  1  1 -4  3  0  3  1 -4 -4  2 -1 -4 -3  1 -2 -4 -1 -4    3   5   7  10   0  14   4  27   4   0   0  12   2   0   0   9   0   0   3   0  0.41 0.28
  225 L   -1 -4 -5 -5  1 -4 -5 -5 -4  1  4 -4  3  1 -5 -2 -1 -4  0  1    4   0   0   0   3   0   0   0   0   8  53   0   8   5   0   3   3   0   3  10  0.73 0.40
  226 K    0  0  0  0 -3  1  1  1  0 -1 -2  2 -1 -1  2  0  0 -4 -2 -1    8   4   3   4   0   6   7  10   2   3   2  19   2   3  10   8   5   0   0   3  0.17 0.15
  227 E    0  1  0  4 -4  0  2 -2  0 -4 -4  1 -1 -4  3  0 -1  1 -3 -4    8   7   4  24   0   2  15   3   2   0   0   8   2   0  14   5   3   2   0   0  0.45 0.28
  228 E   -1  0  1  2  1  0  2  1  1 -3 -1  2  0 -4 -3  0 -1 -4 -3 -1    3   3   8  14   3   4  13  11   3   0   8  16   2   0   0   7   4   0   0   3  0.20 0.18
  229 G    0 -1  1  0 -1  0  1  0  0 -2 -1 -1  0 -3  0  2  1 -4 -2  0    6   2   8   6   1   4   9   8   2   2   4   2   3   0   5  19  10   0   1   7  0.14 0.15
  230 S    1 -4  1 -3 -1 -1 -3 -2 -3 -2 -3 -3  0  0  2  4  0 -4  2 -1    9   0   8   0   1   2   0   2   0   2   2   0   2   4  12  40   5   0   7   4  0.54 0.43
  231 A    2 -3  4  0  0 -2 -2 -1  1 -2 -2 -2 -1 -1 -4  1  2 -4  0  0   20   0  22   4   2   0   1   3   3   2   2   2   2   2   0   9  16   0   3   8  0.34 0.31
  232 V   -3 -5 -5 -5 -1 -5 -5 -5 -5  4  1 -5 -1  1 -5 -3  0 -4 -1  5    0   0   0   0   1   0   0   0   0  28  12   0   0   6   0   1   6   0   2  42  0.87 0.41
  233 I   -1 -4 -5 -5 -3 -4 -4 -3 -4  4  3 -4  2  1 -4 -3 -2  0 -1  3    5   0   0   0   0   0   0   2   0  28  25   0   4   5   0   1   1   1   2  25  0.59 0.29
  234 V   -2 -5 -5 -5 -1 -4 -5 -3 -5  4  3 -4  0  0 -5 -4 -2 -4 -3  4    3   0   0   0   1   0   0   2   0  27  30   0   2   3   0   0   1   0   0  31  0.77 0.35
  235 L   -2 -4 -4 -5 -3 -3 -4 -5  0  4  3 -4  0  3 -4 -3 -1 -3  0  3    2   0   0   0   0   1   0   0   3  24  29   0   1  14   0   0   4   0   2  20  0.58 0.28
  236 D   -2 -4  3  7 -5 -3 -2  2 -1 -3 -6 -3 -5 -6 -4 -1 -2 -6 -5 -5    2   0  14  60   0   0   0  14   2   2   0   0   0   0   0   4   2   0   0   0  1.29 0.51
  237 K    1  3 -1 -1  1  1  0 -1 -1 -4 -4  5 -2 -5  1  0 -1 -5 -4 -3   10  13   1   2   3   5   4   3   1   0   1  40   1   0   7   4   3   0   0   1  0.53 0.30
  238 D   -1  0  2  4 -4  2  2 -1 -2 -4 -4  2 -2 -5 -3  0  1 -5 -3 -4    5   4  12  28   0   8  13   3   0   0   0  12   1   0   0   6   8   0   1   0  0.52 0.27
  239 G   -2  0 -1 -4 -2 -2 -4  7 -2 -6 -4 -2 -2 -6 -5 -1 -3 -5 -5 -4    1   5   2   0   1   2   0  78   1   0   2   3   1   0   0   4   1   0   0   1  1.49 0.54
  240 R   -1  3  0 -2 -4  2  1 -2  0  1 -2  4 -1 -3 -3 -1  0 -4 -2  0    4  14   3   0   0   8   9   2   2   9   2  28   1   1   0   1   6   0   1   8  0.30 0.22
  241 V   -2 -5 -5 -5  0 -4 -3 -6 -5  4  1 -3  0 -3 -1 -4 -3 -5 -4  5    2   0   0   0   2   0   1   0   0  23  12   1   1   0   3   0   0   0   0  54  0.96 0.43
  242 Q   -1  3 -3 -3 -3  0 -1 -4  0  2  2  0  0 -1 -4 -2 -1 -4 -2  2    6  24   0   0   0   4   3   0   3  12  19   5   2   2   0   2   1   0   0  17  0.29 0.21
  243 W   -2 -3 -5 -2 -5 -4 -3 -4  2 -3 -1 -3 -2  6 -6 -3 -3  5  7 -4    3   1   0   2   0   0   1   1   5   0   4   2   1  34   0   1   1   7  37   0  1.30 0.51
  244 A    1  1 -1 -3 -3  0 -1 -2  2  1  0  0 -1  2 -3  0 -1 -2  1  1   11  11   2   0   0   6   1   1   6   9   7   5   1  12   0   7   2   0   6  13  0.11 0.13
  245 K    0  2 -1 -2 -4  1 -1 -2  5 -1 -3  4 -1  0 -3  0 -1 -4  1 -2    8   8   2   1   0   4   2   2  15   4   2  31   1   4   0   5   3   0   6   2  0.42 0.29
  246 D    0  0  0  2 -2  1  3 -2  1 -3 -3  1 -2 -1 -2  1  0 -1 -1 -2    9   4   3  13   1   6  21   2   3   0   2   7   1   3   1  15   6   1   2   2  0.25 0.19
  247 G   -1 -5 -2 -2 -6 -3 -2  7 -2 -7 -7 -3 -6 -6 -4 -2 -3 -1 -4 -6    4   0   1   2   0   1   3  82   1   0   0   1   0   0   1   2   1   1   1   0  1.76 0.66
  248 A    2  1 -2 -1 -3  1  1 -1 -1 -2 -2  3 -3 -4  2 -1  0 -4 -3 -1   19   6   1   3   0   6  11   5   1   2   2  23   0   0   9   3   4   0   0   6  0.29 0.22
  249 L   -1 -2 -4 -5  0 -4 -3 -3 -4  2  4 -4  3  2 -1 -3 -2  1 -2  1    4   1   0   0   2   0   2   2   0  10  44   0  10   9   4   0   2   2   0   9  0.53 0.30
  250 T   -2 -1  1  1 -4 -1  0  0 -3 -4 -3 -1 -3 -5  1  4  3 -5 -4 -3    1   2   7   9   0   2   7   5   0   0   1   2   0   0   7  31  25   0   0   1  0.52 0.35
  251 Q    1  0  0  2 -4  2  3 -1 -1 -3 -3  0 -2 -5  3  0 -1 -5 -4 -2   14   4   3  15   0   9  20   3   1   1   1   6   1   0  14   4   4   0   0   2  0.40 0.25
  252 Q    2 -1  0  3 -4  1  4 -1 -1 -4 -3  0 -3 -4 -2  1  0  1 -2 -3   18   1   4  15   0   6  27   4   1   1   1   5   0   0   1   8   4   3   1   0  0.41 0.28
  253 E   -1 -1 -1  3 -2  3  5 -2 -1 -2 -3  0 -2 -5 -4 -2 -2 -5 -4 -2    6   2   2  16   1  15  38   2   1   3   2   5   1   0   0   1   2   0   0   2  0.65 0.38
  254 V    0  0 -3 -4  0  1 -1 -4 -2  4  0 -1  1  0 -4 -2  0 -4 -1  3    8   5   1   0   2   7   4   0   1  30   7   3   3   4   0   2   4   0   2  19  0.33 0.25
  255 Q    0  1  2  2 -3  3  3 -2 -1 -4 -3  2 -2 -5  0  0  0 -5 -4 -3   10   6  10  11   0  14  18   2   1   0   2  13   0   0   3   4   4   0   0   1  0.36 0.25
  256 Q    0  1  0  0 -4  3  3 -2  0 -2 -3  2 -3 -3 -3  0  1 -4 -2 -3   10   8   4   5   0  16  19   2   2   2   2  15   0   1   0   4   8   0   1   1  0.36 0.26
  257 V    1 -4 -5 -5 -3 -4 -5 -4 -4  3  2 -4  1  3 -3 -2 -1 -1 -1  3   12   0   0   0   0   0   0   1   0  18  21   0   4  12   1   2   2   1   2  25  0.56 0.32
  258 A   -2 -2 -3 -3 -4 -3 -2 -4 -3  4  3  0  2  1 -5 -3 -2 -1  0  1    1   2   1   1   0   0   2   1   1  31  27   6   6   7   0   0   1   1   3  10  0.50 0.30
  259 D    1  0  1  1 -4  2  2  1  0 -3 -3  1 -2 -4 -2  1  0 -4 -3 -3   15   3   6   7   0   9  15   9   2   1   1  11   1   0   1  12   6   0   0   1  0.27 0.21
  260 L    0 -1 -3 -4 -3 -1 -2 -4 -1  2  3  0  2 -1 -4 -2 -1  0 -3  1   10   4   1   0   0   3   2   0   2   9  39   6   7   1   0   1   4   1   0   9  0.36 0.26
  261 L   -2 -5 -6 -6 -4 -5 -6 -5 -6  6  3 -5  0 -1 -6 -5 -2 -5 -4  3    2   0   0   0   0   0   0   1   0  43  33   0   1   2   0   0   2   0   0  16  1.08 0.48
  262 H   -2  3  1  1 -2  1  2 -2  1 -3 -4  3 -1 -4 -3  0 -2  2 -2 -3    1  21   6   8   1   7  12   3   4   1   0  21   2   0   0   5   2   3   1   1  0.44 0.29
  263 K    1  0 -1  2 -4  3  2 -1 -1 -4 -3  3 -3 -5 -3  1  0 -5 -4 -3   10   5   2  10   0  14  15   3   1   0   2  19   0   0   0  10   6   0   0   1  0.39 0.27
  264 L    0 -2  2 -3 -2  0  1 -4  0 -2  4 -2  1 -2 -4 -2 -1 -1 -1 -2    8   2  13   0   1   4  13   0   2   0  44   2   4   1   0   2   2   1   2   1  0.42 0.32
  265 L   -3 -5 -6 -6 -4 -2 -5 -6 -5  4  4 -5  2 -2 -5 -4 -2 -4 -2  3    1   0   0   0   0   2   0   0   0  25  46   0   3   1   0   0   2   0   1  18  0.94 0.43
  266 S    2  0  2  0 -3  1  2  1 -2 -3 -3  1 -1 -4 -3  1  0 -4 -3 -2   23   4  13   5   0   5  12  10   0   0   1   7   1   0   0  12   5   0   0   2  0.30 0.20
  267 K   -3  3 -2 -2 -6  3  5 -4 -3 -5 -5  5 -4 -6 -4 -2 -3 -5 -4 -5    0  14   0   0   0  12  37   0   0   0   0  37   0   0   0   0   0   0   0   0  1.11 0.45

                      K         Lambda
Standard Ungapped    0.1330     0.3204
Standard Gapped      0.0410     0.2670
PSI Ungapped         0.1275     0.3176
PSI Gapped           0.0390     0.2670
