
Last position-specific scoring matrix computed, weighted observed percentages rounded down, information per position, and relative weight of gapless real matches to pseudocounts
           A  R  N  D  C  Q  E  G  H  I  L  K  M  F  P  S  T  W  Y  V   A   R   N   D   C   Q   E   G   H   I   L   K   M   F   P   S   T   W   Y   V
    1 M   -1 -1 -2 -3 -2  0 -2 -3 -2  1  2 -1  6  0 -3 -2 -1 -2 -1  1    0   0   0   0   0   0   0   0   0   0   0   0 100   0   0   0   0   0   0   0  0.33 0.00
    2 N   -2  0  6  1 -3  0  0  0  1 -3 -4  0 -2 -3 -2  1  0 -4 -2 -3    0   0 100   0   0   0   0   0   0   0   0   0   0   0   0   0   0   0   0   0  0.73 0.01
    3 L    2 -2 -3 -3 -1 -2 -2 -1 -2  1  3 -2  1 -1 -2  0 -1 -2 -1  0   45   0   0   0   0   0   0   0   0   0  55   0   0   0   0   0   0   0   0   0  0.21 0.00
    4 P   -1 -2 -2 -2 -3 -1 -1 -2 -2 -3 -3 -1 -3 -4  8 -1 -1 -4 -3 -3    0   0   0   0   0   0   0   0   0   0   0   0   0   0 100   0   0   0   0   0  2.05 0.01
    5 T   -1 -2 -1 -2 -1 -2 -2 -3 -2  3  0 -2  0 -1 -2  0  3 -3 -2  1    0   0   0   0   0   0   0   0   0  45   0   0   0   0   0   0  55   0   0   0  0.25 0.00
    6 R   -2  6  0 -2 -4  1  0 -2  0 -3 -2  2 -1 -3 -2 -1 -1 -3 -2 -3    0 100   0   0   0   0   0   0   0   0   0   0   0   0   0   0   0   0   0   0  0.76 0.01
    7 R   -1  5  0 -1 -3  4  1 -2  0 -3 -2  2 -1 -3 -2  0 -1 -2 -2 -3    0  55   0   0   0  45   0   0   0   0   0   0   0   0   0   0   0   0   0   0  0.57 0.00
    8 G    0 -2 -1 -1 -3 -2 -2  4 -2 -3 -3 -1 -3 -4  6 -1 -1 -3 -3 -3    0   0   0   0   0   0   0  55   0   0   0   0   0   0  45   0   0   0   0   0  1.04 0.00
    9 R    0  4  0 -1 -2  1  0 -1 -1 -3 -2  1 -2 -3 -2  2  0 -3 -2 -2    0  55   0   0   0   0   0   0   0   0   0   0   0   0   0  45   0   0   0   0  0.42 0.00
   10 S    0  4  0 -1 -2  0  0 -2 -1 -3 -3  1 -2 -3  4  1  0 -3 -2 -2    0  45   0   0   0   0   0   0   0   0   0   0   0   0  27  27   0   0   0   0  0.56 0.00
   11 R   -2  6  0 -2 -4  1  0 -2  0 -3 -2  2 -1 -3 -2 -1 -1 -3 -2 -3    0 100   0   0   0   0   0   0   0   0   0   0   0   0   0   0   0   0   0   0  0.76 0.01
   12 I   -1 -2 -3 -4 -2 -2 -3 -3 -2  3  3 -2  5  0 -3 -2 -1 -2 -1  1    0   0   0   0   0   0   0   0   0  30  24   0  47   0   0   0   0   0   0   0  0.35 0.03
   13 H    0  0  0 -1 -2  0  0 -1  5 -3 -3  2 -2 -2 -1  3  0 -3  0 -2    0   0   0   0   0   0   0   0  30   0   0  23   0   0   0  47   0   0   0   0  0.36 0.02
   14 A    2 -1 -1 -1 -1 -1 -1 -1 -2  0 -1 -1 -1 -2 -1  3  1 -3 -2  1   30   0   0   0   0   0   0   0   0   0   0   0   0   0   0  47   0   0   0  24  0.24 0.02
   15 R   -2  7 -1 -2 -4  1 -1 -3 -1 -4 -3  2 -2 -3 -3 -1 -2 -3 -2 -3    0 100   0   0   0   0   0   0   0   0   0   0   0   0   0   0   0   0   0   0  1.04 0.11
   16 T   -1  1  3 -1 -2 -1 -1 -2 -1  0 -2  0 -1 -3  2  0  3 -3 -2 -1    0  13  29   0   0   0   0   0   0  14   0   0   0   0  12   0  32   0   0   0  0.29 0.05
   17 A    3 -2  1 -1 -1 -1 -1 -1 -2 -1 -1 -1 -1  2 -2  1  0 -2 -1  1   47   0  13   0   0   0   0   0   0   0   0   0   0  14   0  12   0   0   0  14  0.18 0.04
   18 I   -2 -3 -3 -4 -2 -3 -3 -4 -3  4  3 -3  1 -1 -3 -2  1 -3 -2  2    0   0   0   0   0   0   0   0   0  57  31   0   0   0   0   0  12   0   0   0  0.44 0.09
   19 G    1 -3 -1 -2 -2 -2 -2  5 -3 -3 -3 -2 -3 -4 -2  1  2 -3 -3 -3   15   0   0   0   0   0   0  61   0   0   0   0   0   0   0   7  16   0   0   0  0.75 0.14
   20 S    2 -2 -1 -2 -1 -1 -2 -1 -2  1 -1 -1 -1 -1 -2  2  1 -2  1  2   26   0   0   0   0   0   0   0   0   6   1   0   0   0   0  28   8   0   7  21  0.23 0.10
   21 T    3 -2 -2 -2 -1 -2 -2  1 -2  0  1 -2 -1 -2 -2  0  2 -3 -2  1   38   0   0   0   0   0   0   9   0   0  15   0   0   0   0   0  22   0   0  13  0.24 0.11
   22 V   -2 -3  0 -3 -2 -3 -3 -1 -3  3  2 -3  2  2 -3 -2 -1 -2 -1  2    0   0   6   0   0   0   0   6   0  26  24   0   6  14   0   0   0   0   0  19  0.29 0.10
   23 A    4 -2 -2 -3 -2  1 -2 -2 -3  1  0 -2 -1 -2 -2  0  1 -3 -2  2   54   0   0   0   0   8   0   0   0   7   5   0   0   0   0   0  11   0   0  16  0.35 0.16
   24 A    2 -2 -2 -3 -2  0 -2  0 -3  1  1 -2  3 -2 -2  0 -1 -3 -2  2   27   0   0   0   0   5   0   7   0   6  17   0  15   0   0   6   0   0   0  17  0.21 0.12
   25 L   -2 -3 -4 -4 -2 -3 -4 -4 -3  2  4 -3  2  3 -4 -3 -2 -2 -1  3    0   0   0   0   0   0   0   0   0   5  47   0   4  17   0   0   0   0   0  27  0.55 0.17
   26 A    3 -3 -3 -3  3 -2 -3  1 -3  1  0 -2  1  1  0 -1 -1 -3 -2  1   35   0   0   0   9   0   0  12   0  10  10   0   5   6   5   0   0   0   0   8  0.21 0.11
   27 M   -2 -3 -3 -1  2  0 -3 -4 -3  1  3 -3  5  2 -4 -3 -2  3  1 -1    0   0   0   5   6   5   0   0   0   5  32   0  27  11   0   0   0   5   4   0  0.44 0.18
   28 A    2 -1 -2 -2 -2 -2 -2  2 -2 -1  0 -2  1 -2  0  1  1 -3 -2  1   27   4   0   0   0   0   0  18   0   0  13   0   4   0   4   8  10   0   0  11  0.18 0.10
   29 T   -1 -3 -3 -3  2 -3 -3 -1 -3  2  3 -3  0  1 -3 -2  2 -2 -1  2    0   0   0   0   5   0   0   6   0  11  35   0   0   7   0   0  16   0   0  18  0.26 0.12
   30 V    1 -2 -2 -2 -2 -2  0 -2 -3  0 -1 -2  1 -2 -2  1  4 -3 -2  2   14   0   0   0   0   0   5   0   0   5   0   0   5   0   0  10  42   0   0  17  0.36 0.17
   31 G    1 -3  0 -2 -3  0 -3  6 -3 -5 -5 -2 -4 -4 -3  1 -2 -4 -4 -4    8   0   4   0   0   5   0  70   0   0   0   0   0   0   0  12   0   0   0   0  1.07 0.28
   32 C   -2 -3 -3  0  8  0 -3 -1 -3 -2 -2 -1  1 -3  1 -2 -2 -3  1  1    0   0   0   8  48   4   0   4   0   0   0   5   6   0   6   0   0   0   6  13  0.86 0.28
   33 S    1 -2  1  2 -3  1 -1  1 -2 -4 -4 -1 -3 -4  0  4 -1 -4 -3 -3    9   0   4  14   0   9   0   9   0   0   0   0   0   0   4  50   0   0   0   0  0.52 0.22
   34 S    0  0  1  3 -3  0  1  1 -2 -4 -4 -1 -3 -4  1  2  0 -4 -3 -3    8   4   4  23   0   4  11   9   0   0   0   0   0   0   7  24   5   0   0   0  0.37 0.15
   35 D    0 -1 -1  3 -3  1  1  0 -2 -1 -3  1 -2 -3  1  2  0 -3  0 -2    8   0   0  22   0   5   8   4   0   5   0   8   0   0   8  23   4   0   4   0  0.27 0.13
   36 S    1 -1 -1  1 -3 -1  1  4 -2 -3 -3  0 -2 -3 -2  2  0 -3 -3 -3    9   3   0   9   0   0  13  33   0   1   1   5   0   0   1  17   5   0   0   1  0.38 0.14
   37 D    0 -1  1  3 -2  1  2 -2 -1 -1 -2  0 -2 -2  0  0  1 -3  0 -2   10   1   8  19   0   8  17   1   0   6   1   4   0   1   4   6  11   0   4   1  0.22 0.10
   38 V    0  0  1 -1  1 -1 -1 -2 -2  1 -1 -1 -1 -2  0  0  2  4  0  1    7   5   7   4   3   0   4   1   0  12   1   3   0   0   5   8  19   6   3  12  0.12 0.10
   39 A    3 -2  0 -2 -2  0  0  0 -2  0 -1 -2 -1 -3 -2  2 -1 -3 -2  1   34   0   6   0   0   3   7   6   0   6   3   0   0   0   0  16   1   0   0  15  0.23 0.16
   40 A    2  0 -1 -1 -2 -1  1 -2 -2 -1 -2 -1 -2 -1 -2  2  3 -3 -2  1   25   6   0   3   0   0   9   1   0   0   1   0   0   3   0  14  22   0   0  13  0.26 0.17
   41 T    0 -1 -2 -1 -3  0  0  0 -3 -2  0 -1 -2 -3  4  0  3 -4 -3  0    7   2   0   3   0   3   5   6   0   0   8   3   0   0  23   4  26   0   0   9  0.37 0.18
   42 S    2  0  0  0 -2  0 -1 -1 -2 -2 -3  1 -2 -1  2  3  1 -3 -2  0   16   5   2   4   0   2   2   2   0   0   0   9   0   3   9  28   8   0   0   8  0.24 0.16
   43 M    1 -2 -1 -1  4 -2 -2 -2 -3  1 -1 -1  1 -2 -1  1  1 -3 -1  2   10   0   2   4  11   0   0   2   0   9   3   4   5   0   2  12  12   0   2  23  0.19 0.15
   44 A    2 -1 -2  0 -2 -1 -2  1  0  1  0 -1  0 -3  1  1  0  0 -2 -1   28   2   0   5   0   2   0  12   2  10   7   2   3   0   7   9   7   2   0   0  0.16 0.14
   45 P    1 -2 -1 -1 -2  0  0  2 -2 -1  0  0 -2 -3  3  0  1 -3 -3  0   16   0   2   2   0   3   7  17   0   2  10   4   0   0  16   5   8   0   0   6  0.22 0.13
   46 S    2 -2  0  0  3  1 -1 -1 -2 -1 -1 -1 -2 -3 -2  2  1 -4 -3  0   24   0   4   4   8   6   2   3   0   3   5   3   0   0   0  23   6   0   0   7  0.24 0.18
   47 S    1 -2 -2 -3 -2  0 -1 -1 -3  0  1 -2 -1 -1  3  1  1 -3 -2  1   13   0   0   0   0   4   2   5   0   3  19   0   0   2  14  11  13   0   0  14  0.21 0.16
   48 S    1 -2 -1  0 -2  0 -1 -1 -2 -1  1  0  2 -1 -2  2  3 -3 -2 -1   14   0   2   7   0   3   2   5   0   2  14   5   7   2   0  15  22   0   0   0  0.19 0.18
   49 S    2 -1  0 -1  0  0  0  0 -1 -1 -1 -1  0 -3  1  1  2 -3 -2  0   20   4   2   3   2   5   5   6   1   2   4   2   3   0   6  13  17   0   0   6  0.15 0.13
   50 T    0 -1 -1  1  3  0  1 -1 -1  0  0 -1  0 -2 -1  1  1 -3 -1  0    8   2   0  10   9   3   8   5   1   7   7   2   2   0   3  13  12   0   2   6  0.10 0.10
   51 G    1 -3 -1 -2  1 -2 -1  4  0 -2 -4 -2 -3 -4  2  0  2 -4 -2 -3   15   0   3   2   3   0   5  39   2   3   0   0   0   0   9   3  14   0   1   0  0.51 0.26
   52 V   -1 -2 -1 -1 -1 -1  0  0 -2  0  1 -1  0  1  1  0  1 -2  0  1    3   0   3   2   1   1   5   6   0   4  14   3   1   6   9  11   8   0   4  18  0.07 0.09
   53 S    1  0  0 -1 -2 -1  0  0 -2 -1 -1 -1 -2  0  2  2  1 -3 -2 -1   12   4   5   3   0   1   6   7   0   3   6   2   0   5  12  21  11   0   0   2  0.18 0.14
   54 A    2 -1 -1 -2  1 -1 -1  0  0  0  0 -2 -1  0 -1  2  1  1 -2  0   22   2   3   0   3   1   2   7   2   5   7   0   0   6   2  17  11   2   0   7  0.13 0.13
   55 R    1  1  1  1  1  2  1 -1 -2 -2 -2  0 -1 -1 -1  0  0  0 -1  0   19   7   6  11   4  10   8   4   0   0   1   6   2   2   1   5   5   2   3   7  0.13 0.11
   56 Q   -1 -3 -1  0 -4  2  0  1 -1 -4 -3 -2 -3 -3  5  2 -2 -5 -4 -2    5   0   2   4   0  10   4  13   1   0   1   1   0   1  36  16   1   0   0   3  0.70 0.31
   57 S    1 -2  0 -1  1 -2  0  1 -2 -1 -2 -1 -1 -2  1  2  1 -4 -3  0   15   1   3   3   3   0   4   9   0   4   3   3   1   1   6  24  11   0   0  10  0.17 0.15
   58 T    2 -3 -1  1 -1 -1 -2  1 -3 -2 -2 -2 -3 -4  3  1  3 -4 -3 -1   24   0   1   9   1   2   0   8   0   1   3   0   0   0  18   9  19   0   0   2  0.41 0.24
   59 T    1 -1 -1  0 -1  0  0 -1 -1 -1  1  0  0 -1  0  2  2 -3 -2 -1   10   2   2   4   1   4   5   2   1   3  15   5   2   2   3  20  14   0   0   4  0.11 0.12
   60 A    2 -1 -1  0  1 -1  1 -2 -2  0 -1 -2  0 -3  1  1  1 -3 -3  1   25   2   2   7   4   1   9   0   0   5   4   0   3   0   6   9  10   0   0  10  0.17 0.15
   61 S    2 -2 -1  0 -1 -1  1  1 -1 -3 -2  0 -2 -2  2  1  1 -3 -3 -1   19   0   2   5   1   1  13  11   1   0   4   4   0   2  10  14   8   0   0   3  0.21 0.15
   62 V    0 -1 -1 -1 -3 -1  0 -2 -1  1 -1 -2 -2 -2  4  1  2 -3 -1  1    9   3   2   3   0   1   5   3   2   9   4   0   0   2  21  10  15   0   1  11  0.27 0.17
   63 P    2 -3 -1  0  0  0 -1  0 -3 -2 -3 -1  0 -1  4  0  1 -4 -3  0   19   0   3   6   2   4   2   7   0   0   0   2   2   3  24   6  10   0   0   8  0.37 0.21
   64 A    3 -1 -1 -2  0  1  0  0  0 -3 -2  0 -1 -3  0  1  1 -3 -2 -1   32   3   2   0   2   7   6   7   2   0   2   4   1   0   4  13   9   0   1   4  0.24 0.19
   65 Q    2  1  0  0 -2  1  0  0 -2 -2 -1  0  0 -2  0  0  1 -3 -2 -1   23   9   5   6   0   7   6   6   0   0   5   6   2   1   5   6   8   0   0   5  0.14 0.12
   66 D    0 -1  1  3 -1  0  1 -2 -2 -2 -2  0 -2 -1  1  1  2 -4 -3 -1    8   1   7  19   1   4   7   1   0   2   4   6   0   3   6   9  18   0   0   4  0.22 0.16
   67 R    0  2  0  1 -3  2  0 -2  1 -3 -2  2  0 -3  1  1 -1 -1 -2 -1    9  14   3   8   0   9   5   1   4   0   2  12   3   0   7  14   2   1   0   6  0.21 0.15
   68 P   -1 -1  1  2 -4 -2 -1 -1  3 -2 -4 -1 -3 -2  6 -1  0 -4 -3 -2    3   3   6  11   0   1   3   6   7   2   1   4   0   2  39   3   6   0   0   2  0.73 0.29
   69 T    1  0  0  2 -2  0  1  0 -2 -1 -2  0 -2 -3  2  2  0 -3 -3 -2   12   4   4  11   0   3  10   8   0   4   3   3   0   1   8  20   6   0   0   2  0.19 0.13
   70 G    0  1 -1 -1 -3 -1  0  3 -2 -1  0  0 -1 -2 -1  0 -1 -3 -2  0    6   9   2   2   0   3   6  30   0   3  13   6   1   1   3   7   1   0   0   8  0.20 0.13
   71 Y    0 -1 -2 -2 -2 -1  0 -3  2  0  2  0  0  1  0 -1  0 -1  2  0    9   3   1   1   0   2   6   1   8   4  24   4   2   6   5   3   5   1   8   6  0.10 0.10
   72 V   -2 -5 -5 -5 -3 -5 -5 -4 -5  5  1 -5  1 -3 -5 -4 -1 -5 -4  5    2   0   0   0   0   0   0   1   0  30   9   0   3   0   0   0   3   0   0  50  1.10 0.46
   73 S   -2 -2  0 -1 -4 -2 -2 -3 -1 -3 -3 -1 -1 -2 -4  4  5 -5 -4 -1    1   1   4   3   0   1   1   1   1   1   2   3   1   2   0  38  35   0   0   3  0.77 0.44
   74 R    1  4 -2 -1 -4  2  3 -2 -3 -4 -4  3 -3 -5 -2  0 -2 -5 -4 -2   11  22   0   2   0  10  20   3   0   0   1  19   0   0   1   7   1   0   0   2  0.55 0.32
   75 K    3  1 -1  1 -3  0  1 -2 -2 -2 -3  2 -3 -1 -2  1  0 -4 -1 -2   29   6   1   8   0   4  11   1   0   2   2  12   0   2   1  10   6   0   2   2  0.28 0.22
   76 T   -1 -2  0  3 -4  1  4 -1 -3 -4 -4 -1  0 -3 -2  0  3 -4 -4 -3    5   1   4  16   0   7  28   3   0   0   0   2   3   1   2   6  19   0   0   2  0.50 0.31
   77 W   -2 -4 -4 -2 -4 -2 -2 -2 -3  0  0 -3  0  5 -5 -3 -4  7  6 -2    4   0   0   3   0   1   2   4   0   6   7   1   2  21   0   1   0  16  28   1  1.01 0.43
   78 T    0  0 -2 -3 -4 -1  0  5 -2 -4 -3  1 -1 -3 -1  0  2 -4 -1 -3    6   5   0   0   0   3   5  41   1   0   1   8   2   1   3   5  14   0   3   1  0.53 0.29
   79 D   -1 -3  1  5 -4 -1  2  0 -1 -4 -2  0 -3 -2 -3 -1 -2 -4 -1 -2    4   1   6  42   0   2  14   7   1   1   4   4   0   1   1   4   2   0   3   3  0.64 0.30
   80 G    0  0  0  0 -2  0  0  4 -1 -2 -1  0 -1 -2 -1  0 -1 -2 -2 -2    8   5   3   6   1   3   7  32   1   2   5   5   2   2   2   6   3   1   1   3  0.23 0.09
   81 P   -2  2 -1  3 -4  2  2 -3 -2 -2 -3  3 -3 -2  2 -2 -1 -4 -2 -2    3  10   2  15   0   8  17   1   0   2   2  18   0   2  12   1   4   0   2   2  0.43 0.24
   82 W   -8 -2 -9 -9 -8 -7 -8 -8 -7 -8 -7 -8 -7 -2 -9 -4 -8 13  0 -8    0   2   0   0   0   0   0   0   0   0   0   0   0   1   0   2   0  92   3   0  4.65 1.29
   83 P   -2 -7 -7 -6 -7 -6 -6 -7 -7 -8 -8 -6 -7 -8  9 -5 -6 -8 -8 -7    4   0   0   0   0   0   0   0   0   0   0   0   0   0  96   0   0   0   0   0  3.32 1.06
   84 L   -6 -6 -7 -7 -6 -6 -7 -7 -6 -3  4 -7 -3  7 -7 -6 -5  2 -2 -2    0   0   0   0   0   0   0   0   0   0  42   0   0  53   0   0   0   2   0   2  1.86 0.68
   85 T   -2 -2 -1 -3 -5 -3 -4 -5 -5 -3 -3 -2 -3 -6 -5  1  7 -6 -3 -3    2   2   2   1   0   1   0   0   0   1   2   2   1   0   0  11  74   0   1   1  1.61 0.70
   86 I   -2 -4 -6 -5 -4 -4 -5 -6 -6  2 -1 -4 -3  1 -2 -3 -1 -6 -2  6    3   1   0   1   0   1   0   0   0   9   3   1   0   6   2   1   4   0   1  68  1.23 0.54
   87 D   -1 -3  0  5 -5 -1  3 -3 -2 -6 -6 -1 -5 -3  3  1 -1 -6 -5 -5    6   1   3  39   0   2  18   1   1   0   0   2   0   1  13  10   4   0   0   0  0.87 0.42
   88 E    0  1 -1  0 -4  1  4 -1 -1 -4 -4  2 -4 -4 -3  3 -1 -4  0 -3    9   6   1   5   0   5  26   4   1   0   0  11   0   0   0  24   1   0   4   2  0.48 0.31
   89 A    2 -5 -4 -2 -5 -2 -5  6 -5 -2 -5 -4 -1 -5 -5 -3 -3 -5 -5  1   15   0   0   2   0   1   0  62   0   2   0   0   2   0   0   1   1   0   0  12  1.23 0.51
   90 V   -1  1 -1 -1 -3  0  1 -3 -1  1 -1  0  0 -2 -3 -1  3 -4  1  2    3   8   1   3   0   3  12   1   1   9   4   4   2   1   0   3  24   0   5  16  0.24 0.21
   91 L   -3 -5 -6 -6 -4 -5 -6 -6 -6  2  6 -5  0 -2 -6 -5 -4 -5 -2  2    2   0   0   0   0   0   0   0   0  10  70   0   1   1   0   0   0   0   1  14  1.31 0.52
   92 D    0  2 -1  0 -2  1  1 -1  1 -1 -2  1  0 -1 -3  0  1  0  0 -1   10  15   1   5   1   6  13   4   3   2   3   6   2   2   0   6  11   1   4   3  0.14 0.13
   93 C   -5 -2 -7 -8 11 -7 -8 -4 -7 -6 -6 -7 -6 -7 -7 -4 -5 -7 -7 -3    0   3   0   0  93   0   0   1   0   0   0   0   0   0   0   1   0   0   0   1  3.94 1.11
   94 Q    0  1  0  1 -3  0  2 -1  1  0  0  1  0 -2 -2 -1  0 -1 -1  0    7  11   3   8   0   4  14   3   3   6   8   9   3   2   1   3   5   1   1   8  0.09 0.09
   95 G    0 -2  1  2 -4  1  1  3 -3 -4 -3  0 -4 -4  3 -1 -2 -4 -1 -3    8   2   5  12   0   5   8  26   0   1   2   5   0   0  17   4   1   0   2   1  0.46 0.26
   96 D    0 -1  0  3 -4 -1 -1  2  2 -2 -2 -1 -1 -4  3  0 -1 -4 -1 -1    9   3   5  17   0   2   2  15   5   3   2   3   2   0  17   5   2   0   2   5  0.29 0.18
   97 S    1 -1  2  1 -4  2 -1  3 -1 -2 -3  0 -2 -2 -2  1 -1 -4 -1 -2   10   3  10   6   0   9   3  26   1   2   1   6   1   2   2  12   1   0   2   3  0.29 0.20
   98 L    3  0 -3 -2 -3 -1 -1 -1  0  0  0 -1  0 -2 -2  2 -1  1 -1  0   35   5   0   2   0   3   2   4   2   6   7   3   2   2   1  15   1   2   2   5  0.25 0.23
   99 V   -1 -5 -5 -5 -2 -4 -4 -3 -3  3  0 -5 -1  0 -3 -4  0 -5 -2  6    4   0   0   0   1   1   1   2   1  16   8   0   1   4   1   0   5   0   1  56  0.96 0.44
  100 T   -2 -3 -4 -4 -4 -4 -4 -4  0  1  1 -4 -2  2 -4 -1  5  3  1  2    2   1   0   0   0   0   0   1   2   7  11   0   0   8   0   3  37   4   4  17  0.60 0.37
  101 I   -2 -1 -5 -1 -1 -5 -3 -5 -4  3  0 -5  0  6 -5 -2 -1 -3 -1  2    4   4   0   5   1   0   2   0   0  15   9   0   2  42   0   3   3   0   0  12  0.80 0.40
  102 T   -1  1 -1 -1 -3  1  2 -4  0  0 -3  1 -1 -2 -1 -1  4 -4 -2  1    4  10   2   3   0   5  12   0   3   4   0   7   1   1   3   2  29   0   1  12  0.31 0.25
  103 A    3 -2 -1  0 -1 -2 -1 -2  2  0 -2 -2 -1 -1  1  1  0 -4 -1  1   31   1   3   5   1   1   4   1   5   5   3   1   1   2   8   9   6   0   1  12  0.22 0.21
  104 N   -2 -2  3  5 -5  0  1  2 -3 -5 -6 -2 -5 -6 -2 -1 -1 -1 -5 -3    2   2  17  37   0   3   9  17   0   0   0   1   0   0   2   4   4   1   0   1  0.80 0.40
  105 E   -3  0  1  1 -6 -2  0  6 -2 -7 -7 -2 -3 -6 -5 -2 -4 -6 -6 -6    0   6   5   9   0   1   8  64   1   0   0   2   1   0   0   3   0   0   0   0  1.28 0.54
  106 S   -1  0  1  0 -4 -1  0 -1 -3  0 -3  3 -1 -3 -3  0  3  0 -4  0    4   5   6   5   0   2   4   4   0   5   1  23   1   1   0   4  25   1   0   8  0.33 0.27
  107 T    0  0 -1  1 -3  0  2 -3 -3  0 -2  0  1 -2 -2  0  4 -4 -1  0    6   5   1   7   0   3  15   0   0   5   3   5   4   1   1   6  28   0   2   7  0.27 0.22
  108 Y   -6 -6 -7 -8  2 -6 -7 -8 -3 -6 -5 -6 -5  1 -8 -6 -6  2 10 -6    0   0   0   0   4   0   0   0   0   0   0   0   0   4   0   0   0   2  90   0  3.17 1.01
  109 A    5 -3 -3 -4 -4 -1 -4  3 -4 -1 -4 -3 -2 -5  0  0  0 -1 -2 -2   51   1   1   0   0   2   0  21   0   5   1   0   1   0   4   4   4   1   2   2  0.75 0.41
  110 L   -2 -5 -5 -3 -4 -4 -5 -3 -5  1  5 -5  1 -3 -5 -3 -3 -4 -4  4    2   0   0   2   0   0   0   2   0   6  51   0   3   0   0   2   0   0   0  29  0.96 0.43
  111 N   -5 -4  8  0 -6  0 -4 -4 -3 -6 -6 -4 -5 -6 -5 -1  1 -6 -5 -6    0   0  77   4   0   4   0   0   0   0   0   0   0   0   0   4   8   0   0   0  2.08 0.76
  112 S   -1 -5 -1  2 -5 -2  0  6 -1 -3 -2 -4 -5 -6 -2 -2 -3 -6 -5 -3    4   0   3  12   0   2   6  59   2   1   4   0   0   0   2   2   1   0   0   1  1.06 0.47
  113 A    2 -1 -1 -2 -3 -1 -1 -3 -3 -1  1 -1  0 -1  0  0  3 -4 -1  0   19   3   2   2   0   2   2   0   0   2  13   3   3   3   5   7  26   0   2   6  0.26 0.23
  114 A    6 -5 -4  0 -4 -4 -2 -2  0 -5 -5 -4 -5 -6 -1  0 -4 -6 -5 -4   76   0   0   6   0   0   2   2   3   0   0   0   0   0   3   7   0   0   0   0  1.43 0.64
  115 Y    0  2  0  0 -3  1  0 -1  0  0 -2  2  1  1 -3  0  0 -3  0  0    5  14   5   6   0   7   5   5   2   5   1  13   5   7   0   7   4   0   2   7  0.11 0.12
  116 S    0  0 -1  0 -3  1  1  1 -3 -2 -3  0  0 -4 -1  3  1  2 -3 -1    7   4   2   6   0   6  10  13   0   1   2   4   3   0   3  23   9   3   0   4  0.22 0.19
  117 Q    0  2 -1 -2 -3  1 -1 -1  3 -2  1  0  0  0  0 -1 -1  3  0 -1   10  12   3   1   0   8   3   3   9   1  14   5   3   4   5   3   4   5   2   4  0.12 0.13
  118 T    2 -1  1 -1 -4  1 -1  4  1 -3 -3  0 -2 -1 -3  0  0 -4 -1 -2   17   2   8   3   0   7   3  29   3   1   2   7   1   2   0   4   5   0   3   2  0.32 0.25
  119 E    0  1  1  2 -3  0  1 -1  1 -2 -2  3 -2 -3  1  0 -1 -3  0 -1    9   7   7  12   0   2   9   5   3   1   4  20   0   0   6   4   2   0   4   4  0.19 0.17
  120 L    0 -1  0 -1 -3  1  0 -1  0 -3  0  0 -1  2 -2 -1  0  3  4 -2   10   2   4   3   0   9   5   5   1   0  10   6   2   7   2   3   5   3  20   2  0.22 0.21
  121 P    0  0  0  0 -4  0  0 -1 -1 -2 -1 -1  0 -1  5  0 -1 -4  1 -3    9   6   4   5   0   4   6   4   1   1   8   3   3   2  29   7   2   0   6   1  0.39 0.27
  122 D    0  0  0  4 -4 -1  1  3 -3 -3 -3 -1 -2 -4 -1  0 -1 -4 -4 -3    7   6   4  25   0   2  11  22   0   1   2   3   1   0   3   8   2   0   0   1  0.43 0.27
  123 Y   -2 -1 -3 -1 -2 -3 -2 -2 -3  3  1 -2 -1  1  1 -2 -3  7  1  1    2   4   1   4   1   0   2   3   0  22  13   2   1   4   9   2   1  15   4   8  0.46 0.28
  124 A    0  1  0  1 -3  0  1 -2  1  1  0  0 -1  0 -1 -1 -1 -3 -1  0   11   9   4  10   0   2  12   1   4  13   7   5   0   5   2   3   3   0   1   7  0.08 0.11
  125 P    0  0  1  4 -5 -1  3 -3 -1 -5 -5  0 -2 -5  4 -1 -2  0 -4 -5    7   6   5  23   0   1  22   2   1   0   0   5   1   0  20   3   1   1   0   0  0.68 0.40
  126 A    1  1  0  0 -2  0  1 -1 -2  2  0 -1 -1 -1  2  0  0 -3 -2  0   12   8   4   6   0   3  10   3   0  17   6   3   1   2  10   6   3   0   0   5  0.10 0.12
  127 I   -1 -1 -6 -4 -2 -4 -4 -6 -6  6  0 -3 -2 -1 -6 -3 -2  5 -4  2    4   4   0   1   1   1   1   0   0  53   5   1   0   2   0   1   2   9   0  14  1.10 0.55
  128 G    0  0 -5 -6 -5  1 -2 -1 -5 -2 -1 -1 -4 -4 -4 -4 -3 11 -3 -3    9   6   0   0   0   6   3   5   0   3   7   4   0   0   1   1   1  52   0   2  1.95 0.81
  129 A    2  3 -2 -2 -3  0 -1 -2 -3 -1  0  2 -1 -3 -2  0 -1 -4 -2 -1   22  21   1   2   0   3   3   2   0   4  11  13   1   1   1   8   3   0   1   3  0.28 0.25
  130 H    0 -1  0  5 -5 -1  1  0  2 -2 -4 -1 -4 -5  1 -1 -1  0 -2 -3    8   3   4  37   0   2  10   6   5   2   1   3   0   0   7   3   4   1   1   2  0.55 0.36
  131 D   -3  0  4  6 -6 -2  0 -4  1 -5 -4 -2 -1 -5 -5  0 -3 -6  0 -4    2   4  22  46   0   1   4   0   3   0   2   1   2   0   0   6   1   0   4   1  1.09 0.57
  132 P   -2 -4 -3 -1 -5 -3 -1 -2 -5 -3 -3  0 -5 -3  7  0 -2 -6 -5 -1    3   0   1   3   0   1   4   3   0   2   2   6   0   1  59   7   2   0   0   4  1.40 0.64
  133 D    1 -1  1  3 -3  1  2  0 -2 -2 -1  0 -1 -3 -3  1 -1 -4 -1 -2   14   3   5  15   0   8  17   8   0   2   6   4   1   0   0   8   3   0   2   2  0.23 0.20
  134 K   -1  0  0  0 -2  0 -1  0 -1  2  0  0  1  0 -1  0 -1 -1  0  1    5   7   6   7   0   3   1   6   1  20   7   5   4   5   2   5   3   1   4   9  0.05 0.09
  135 P    0 -2 -1  0 -4 -1  0  0 -1 -4 -3  0  0 -4  6  0 -1 -4 -2 -2    8   2   3   4   0   3   5   7   1   1   2   7   2   0  39   8   3   0   2   3  0.69 0.36
  136 G   -2 -2 -3  1 -5 -4 -3  6 -4 -4 -3 -1 -4 -3 -2 -1  0 -5 -5 -3    3   2   0   9   0   0   2  62   0   1   2   4   0   1   2   4   5   0   0   2  1.07 0.52
  137 S    1 -1 -1  0 -2 -1 -1 -1 -2 -1  1 -1  1  0  0  1  2 -3  0  0   11   2   2   5   0   1   4   3   0   2  14   3   5   4   4  12  18   0   3   7  0.11 0.15
  138 Y   -4  4 -2 -2 -5 -1 -2 -3  0 -5 -3  6 -4 -4 -4 -2 -1 -5  0 -3    1  21   1   2   0   1   1   1   2   0   3  55   0   0   0   2   4   0   4   2  1.14 0.57
  139 L   -1 -2 -4 -3 -3 -1 -3 -2 -4  4  0  0  4 -1 -3 -2 -2 -4 -2  4    3   2   0   1   0   2   2   3   0  25   7   7  13   2   1   2   1   0   1  27  0.53 0.34
  140 D   -2 -4  4  5 -5 -1 -2 -2 -4 -4 -6 -2 -5 -6  2  3  0 -1 -5 -5    3   0  19  29   0   2   1   3   0   1   0   1   0   0  10  26   4   1   0   0  0.86 0.52
  141 A    0 -2 -2 -2 -2 -1  0 -2 -2  1  0 -2  2  1  1  0  1 -2  2  1    9   0   0   0   0   0   9   1   0   9   9   0   9   9   9   9   9   0   9   9  0.11 0.10
  142 G   -1  0  0  0 -3  0  0  3 -2 -2 -2  0 -3 -3  1  2  1 -4 -1 -2    3   6   2   5   0   4   5  28   0   3   3   5   0   0   8  16   8   0   2   2  0.29 0.19
  143 P    0 -1 -1  2 -4  1  0 -1  0 -3 -2 -1 -3 -2  5 -1 -1 -4 -1 -1    6   2   3  15   0   5   6   6   2   0   3   4   0   2  33   4   2   0   2   4  0.56 0.27
  144 L   -1 -4 -4 -1 -3 -3 -4 -4 -3  2  3 -3  3  2 -4 -3 -2 -3  1  2    5   0   0   5   0   0   0   1   0  12  34   0  10   9   0   0   0   0   4  18  0.49 0.27
  145 I   -2 -2 -1 -1 -3 -1 -3 -4 -4  5  1 -2  0  0 -4 -2  0 -3 -1  1    3   2   3   3   0   2   0   1   0  47  12   3   1   4   0   2   6   0   2   8  0.50 0.31
  146 E    0  0  0  3 -3  2  3 -1  1 -3 -2  1 -2 -2 -2  0  1 -3 -1 -2   10   3   4  16   0   8  20   4   4   0   3   7   0   2   0   6   8   0   1   2  0.26 0.18
  147 R    0  2  0  0 -3  0  0 -2  0  0 -1  2  0 -1 -1  0 -1  2  1 -1    7  13   4   4   0   3   5   2   2   5   7  19   3   2   2   6   2   3   7   3  0.13 0.13
  148 G    1 -3 -2 -3 -3  1 -2  5 -3 -3 -1  0 -2 -3 -3  0  0 -4 -3  0   14   0   0   0   0   6   1  43   0   0   7   7   0   0   0   6   6   0   0   6  0.53 0.26
  149 L    0  1  1 -1 -2  1  0  0  2  0  0  0  1  0 -2  0  0 -2 -1  0    7   7   7   0   0   7   7   7   6   7   7   7   6   6   0   7   7   0   0   7  0.05 0.09
  150 A    0  0  1  0 -2  1  0  0 -1  0 -1  0 -1  0  1  0  0 -3 -1  0    7   7   7   7   0   7   7   7   0   7   7   7   0   6   7   7   7   0   0   7  0.05 0.06
  151 L    0  0 -1 -2 -2  1  0  0  2  0  0 -1  1  1 -2  0  0 -2  1  0    7   7   0   0   0   7   7   7   7   7   7   0   7   7   0   7   7   0   7   7  0.06 0.11
  152 C    0 -4 -3 -4  8 -3 -4 -1 -3  1  0 -3 -2  0 -4  0  0 -3  1  0    6   0   0   0  37   0   0   6   0  11  10   0   0   5   0   6   5   0   6   5  0.73 0.33
  153 G    0  0  0  0  2  0  0  0 -2  0  0 -1  1  0  1  0  0  3 -2  0    6   6   6   6   6   6   6   6   0   6   6   0   6   6   6   6   6   6   0   6  0.06 0.12
  154 T    0  0  0 -2  2  1  0  0 -2  0  0  0  1  0  1  0  0 -3 -2  0    6   6   6   0   6   6   6   6   0   6   6   6   6   6   6   6   6   0   0   6  0.04 0.09
  155 P    0 -2  0  0 -3  1  0  0  2  0 -1  0  1  0  1  0  0  3 -1  0    6   0   6   6   0   6   6   6   6   6   6   6   6   6   6   6   6   6   0   6  0.07 0.11
  156 A    0 -2  0  0  2 -1  0  0  2  0 -1  0 -1  0  1  0  0  3 -1  0    6   0   6   6   6   0   6   6   6   6   6   6   0   6   6   6   6   6   0   6  0.07 0.11
  157 T    0  0  0  0 -2  1  0  0 -2  0  0  0  1  0  1  0  0 -3 -2  0    6   6   6   6   0   6   6   6   0   6   6   6   6   6   6   6   6   0   0   6  0.04 0.06
  158 T    0 -2  0  0  2  0  0  0 -2  0 -1  0  1  1  0  0  0  3  1  0    6   0   5   6   5   5   6   6   0   6   6   6   5   5   6   6   6   5   5   6  0.06 0.11
  159 S    1 -1 -1  1  1  0  0  0 -2 -1 -1 -1  0 -1  2  1  0 -3 -1  0   15   3   2   7   4   3   5   5   0   3   5   3   4   2   9  14   3   0   3  10  0.10 0.14
  160 T    1  0 -2  0  1  1  0  0 -2 -1 -1  0  1  0  2  1  1 -3 -2  0   11   4   0   4   4   7   5   6   0   3   5   6   4   4   9  10  11   0   0   6  0.10 0.13
  161 P    0  0  0  0  2  1  0  0  1  0 -1  0  1 -2  1  0  0 -3 -2  0    6   6   6   6   6   6   6   6   6   6   6   6   6   0   6   6   6   0   0   6  0.06 0.09
  162 I    1  0 -2  0  1 -1 -2  0 -2  0  0  0  0  0  0  1  1  0  1  0   12   5   0   5   3   1   0   6   0   6   7   4   2   4   5  10  13   1   7   8  0.07 0.13
  163 S    1 -1 -1  1  0  0  1  1 -3 -2 -2  0 -1 -1  2  1  1 -4 -1 -2   15   2   3   7   2   4   9  10   0   2   4   4   2   2  10  13   8   0   2   2  0.17 0.19
  164 G    1 -1  0  0  1 -1 -1  3 -3 -2 -2 -1  0 -2  1  1 -1 -4 -1 -1   11   2   5   6   3   3   2  25   0   2   4   2   2   2   7  11   4   0   2   6  0.21 0.20
  165 S    1  0  0  1  1  0  0  0  0 -1 -1 -1 -2 -1  2  1  0 -3 -1 -1   14   7   3   8   3   3   4   5   2   4   5   2   0   3  10  13   6   0   2   4  0.11 0.14
  166 N    0  0  1  2 -3  0  0  0  1 -1 -3  0 -2 -3  0  1  1  2  0 -1    9   5   8  12   0   4   5   7   4   3   1   7   0   0   5   8  10   4   3   4  0.14 0.15
  167 R    0  0  1  0  2  1  0  0  2  0 -2  0  1 -2  1  0  0 -3  1  0    6   6   6   6   6   6   6   6   6   6   1   6   6   0   6   6   6   0   6   6  0.07 0.12
  168 P   -1 -2  0  3 -4 -1 -1 -1  1 -4 -3  0 -4 -4  5  1  0 -5 -2 -2    5   1   5  15   0   2   3   4   4   0   2   5   0   0  32  13   4   0   2   2  0.65 0.39
  169 A    1  1  1  0 -3  0  1  2  0 -2 -2  0 -2 -3  1  1  0 -4 -3 -2   11   9   6   4   0   3  11  15   2   1   4   5   0   1   8  14   5   0   0   2  0.19 0.17
  170 G   -1  2 -1 -1  0  1  0  2 -2 -1  0  1  0 -2  0 -1  0 -3 -3  0    3  12   3   3   2   6   4  22   0   3  11   8   2   1   4   2   7   0   0   8  0.13 0.15
  171 L    0 -1 -2 -1 -3 -1  1 -2  1  1  2  0  0  0 -1 -1  1 -1  0  0    6   2   1   3   0   2  11   3   5   9  23   5   2   5   2   3   9   1   2   5  0.08 0.12
  172 V   -2 -3 -5 -5 -3 -4 -2 -5 -5  4  0 -4  1 -1 -2 -4  0  1 -3  5    2   2   0   0   0   0   3   0   0  22   5   0   3   2   2   0   6   2   0  52  0.91 0.52
  173 E    0 -1 -1  0 -3 -1  0 -2 -1 -1 -2  0 -1  0 -3  3  3 -4 -2  0    5   2   2   6   0   1   4   1   2   4   3   5   1   5   0  30  23   0   1   5  0.33 0.33
  174 R    0  3  0  0 -4  1  2 -2 -2 -3 -2  2 -1 -2 -2  1  0 -4 -2 -1   10  20   3   4   0   7  13   2   0   0   2  14   1   1   1  10   6   0   1   3  0.29 0.26
  175 K    2  1 -1  2 -3  1  1 -1 -2 -2 -2  2 -2 -2 -1  1  0 -4 -1 -3   18  10   2  13   0   8  10   3   0   2   3  13   0   2   2   8   4   0   2   0  0.22 0.22
  176 T    1 -2  1  3 -4  1  3 -1  0 -2 -4  0 -1 -2 -3  1  1 -4 -3 -2   10   0   8  17   0   6  22   3   2   1   0   4   1   1   0  10  10   0   0   3  0.35 0.29
  177 W   -2 -2 -2  0 -4  0 -2 -1 -2 -1  0 -2  0  5 -2 -1 -3  5  4 -1    2   2   1   6   0   5   3   6   0   3   8   2   3  25   2   4   0   9  18   3  0.52 0.36
  178 T    0 -1 -2 -3  0 -1  0  4 -3 -3 -2  0  1  1 -1  0  1 -3  0 -2    5   4   0   1   2   1   5  39   0   1   4   5   4   6   3   5   8   0   3   3  0.37 0.27
  179 D    0  0  0  2 -2  0  1  1  1 -2 -1  1 -2  0  0  0  0 -3 -2 -1    6   4   5  14   0   4   8  13   4   1   5  10   0   5   5   6   5   0   1   5  0.11 0.10
  180 G    0  0  1  0  2  1  0  0  2 -2 -1  0  1 -2 -2  0  0 -2  1  0    6   6   6   6   6   6   6   6   6   0   6   6   6   0   0   6   6   0   6   6  0.07 0.12
  181 R    0  2 -1  2 -3  1  2 -3 -2 -2 -2  3 -2 -2  1 -1  0 -3 -1 -2    8  10   2  14   0   7  11   1   0   2   3  20   0   2   8   2   6   0   2   2  0.30 0.19
  182 W   -8 -8 -9 -9 -8 -7 -8 -8 -8 -8 -7 -8 -7 -2 -9 -8 -8 13 -1 -8    0   0   0   0   0   0   0   0   0   0   0   0   0   1   0   0   0  96   1   0  5.12 1.53
  183 P    0 -7 -4 -7 -8 -6 -6 -7 -7 -8 -8 -6 -8 -9  9 -4 -6 -9 -8 -7    7   0   1   0   0   0   0   0   0   0   0   0   0   0  91   1   0   0   0   0  3.11 1.13
  184 F   -6 -7 -8 -8 -6 -7 -7 -8 -6 -3  4 -7 -3  7 -8 -7 -6  1 -2 -2    0   0   0   0   0   0   0   0   0   0  45   0   0  51   0   0   0   2   0   2  2.00 0.81
  185 T   -1 -2 -1 -3 -5 -5 -5 -6 -6 -3 -3 -1 -3 -6 -5  1  7 -7 -3 -2    4   2   3   1   0   0   0   0   0   1   2   4   1   0   0  10  68   0   1   2  1.47 0.75
  186 V   -2 -2 -6 -3 -5 -4 -5 -7 -6  1 -2 -3 -3  2 -3 -4  0 -6 -2  7    3   2   0   2   0   1   0   0   0   4   1   1   0   7   2   1   5   0   1  69  1.33 0.65
  187 D   -1 -3  0  5 -6 -1  3 -4 -3 -6 -6 -1 -5 -6  2  1 -1 -6 -6 -5    4   0   5  38   0   2  21   1   1   0   0   3   0   0  12   9   4   0   0   0  0.97 0.51
  188 S    1  1 -2  0 -5  0  4 -1  1 -5 -5  2 -4 -5 -4  3 -1 -5 -1 -4   10   6   1   4   0   4  28   3   3   0   0  11   0   0   0  24   2   0   2   1  0.56 0.38
  189 A    2 -6 -5 -3 -5 -5 -5  6 -6 -1 -5 -5  0 -6 -5 -4 -3 -6 -6  3   14   0   0   1   0   0   0  58   0   3   0   0   3   0   0   0   1   0   0  19  1.32 0.62
  190 T   -1  0 -2 -2 -4  1  2 -4 -1  1 -2  0  0 -3 -1 -1  3 -1  0  2    3   6   1   1   0   7  13   0   1   8   3   4   2   1   2   3  25   1   4  14  0.29 0.27
  191 L   -3 -6 -7 -7 -5 -6 -7 -7 -7  2  5 -6  1 -1 -7 -6 -5 -5 -3  3    2   0   0   0   0   0   0   0   0  11  66   0   2   2   0   0   0   0   0  16  1.38 0.62
  192 F    0  2 -1 -1 -1  1  2 -1  2 -2 -2  1  0 -1 -3  0  1  0  1 -2    9  15   1   3   1   5  13   5   5   3   1   6   3   2   0   8  10   1   6   2  0.17 0.17
  193 C   -4 -2 -7 -8 12 -7 -8 -7 -7 -6 -6 -7 -6 -7 -7 -3 -6 -7 -7 -6    1   2   0   0  93   0   0   0   0   0   0   0   0   0   0   2   0   0   0   0  4.13 1.30
  194 T   -1  2 -1  2 -3  0  2 -2  1  0  0  0  0  0 -1 -1  0 -1  1  0    4  13   2  12   0   2  14   2   3   6   7   3   3   3   2   4   5   1   5   9  0.10 0.12
  195 K   -1  0  1  1 -1  0  1  2  0 -2 -3  0 -1 -3  4  0 -1 -4 -2 -2    4   4   6   8   1   4   9  15   2   2   2   7   2   0  20   5   3   0   1   3  0.31 0.19
  196 A    0 -1  0  0 -3  0 -2  4 -1 -2 -3 -1 -2 -3  3  0  0 -3 -2 -1    9   4   5   5   0   3   2  30   2   2   2   3   1   1  14   7   4   0   1   4  0.36 0.22
  197 A    2 -1  1  1 -1 -1 -1  2 -1 -1 -1  0 -1 -1  0  0 -1 -2 -1  0   18   3   6   8   1   1   2  19   2   3   5   4   2   2   4   8   3   0   3   6  0.12 0.08
  198 G    1 -1 -1  0 -1 -1 -1  3 -1 -1 -1 -1 -1 -2  1  0  0 -2 -1  0   16   3   3   6   1   2   3  22   1   3   6   3   2   2   6   5   4   1   2  10  0.13 0.08
  199 P    0  1  0  0 -1  0  0  0  0  0  0  0  0  0  0  0  0 -1  0  0    7   8   4   4   1   3   5   8   2   5   9   6   2   6   5   7   6   1   4   9  0.01 0.00
  200 Q    0  0  0  1 -1  1  0  1  0 -1 -1  0  0  0 -1  0  0 -1  1  0    8   5   3   9   1   6   7  11   2   3   7   7   2   3   3   4   4   1   8   8  0.04 0.03
  201 S    0  1  0  1 -1  0  0  0  0 -1  0  0  0  0 -1  0  0 -1  0 -1   12   9   3   8   1   2   5   7   2   4  11   6   3   4   3   7   4   1   4   3  0.02 0.02
  202 E   -1  0  1  2 -2  2  0  0  1 -2 -2  1 -1 -1  2  0  0 -2 -1 -1    5   3   8  11   1  11   6   7   3   2   4   7   1   2  10   8   4   0   2   4  0.14 0.09
  203 R    2  0 -1 -1 -2 -1 -1 -1  2  1  0 -1  1  0 -1  0 -1  1  0  1   20   6   2   2   0   2   2   2   5  10  11   4   3   3   2   7   1   2   4  11  0.07 0.10
  204 V   -1 -4 -4 -4 -1 -4 -4 -4 -3  2  1 -3 -1 -3 -4 -2 -1 -4  0  6    3   0   0   1   1   0   1   1   1  11  12   1   1   0   0   2   3   0   3  57  0.90 0.45
  205 T   -2 -4 -3 -4  0 -3 -4 -3 -1  1  0 -3 -1  3 -4 -1  4  3  1  2    1   0   0   0   2   0   0   2   1   8   9   0   1  15   0   4  33   4   4  13  0.54 0.35
  206 V   -2 -3 -2 -2 -4 -4 -3 -5 -4  3  1 -3 -1  6 -4 -3  0 -3 -1  2    3   1   2   3   0   0   2   0   0  15  12   1   1  37   0   0   8   0   1  12  0.71 0.37
  207 V    0  2 -1  1 -3  1  2 -3  0  0 -2  0 -1 -2 -1 -1  3 -4 -3  0    7  11   2   7   0   7  13   0   2   7   1   6   1   1   2   3  22   0   0   8  0.23 0.21
  208 A    2 -2 -1  1 -2 -2 -2 -3  1  0 -2 -2 -2 -2  2  1  1 -4 -2  1   22   2   2   9   1   0   2   1   4   5   3   1   0   1  11  12  10   0   1  12  0.24 0.21
  209 N   -2 -2  4  5 -5 -1  0  2 -3 -5 -4 -2 -5 -5 -2 -1 -1 -2 -5 -4    2   2  19  38   0   2   5  16   0   0   1   1   0   0   2   5   3   1   0   1  0.84 0.44
  210 H   -3 -2  0  2 -6 -2 -1  6 -2 -6 -5 -1 -3 -6 -5 -3 -4 -6 -6 -6    1   3   5  13   0   1   5  65   1   0   1   3   1   0   0   1   0   0   0   0  1.34 0.60
  211 E   -1  1  1  0 -4  1  0 -2 -2  0 -3  3 -1 -3 -3 -1  3 -1 -2  0    4   7   6   5   0   6   5   3   0   5   1  21   1   1   1   2  22   1   1   9  0.27 0.26
  212 M   -1  0 -2  0 -3  0  1 -1 -3  0 -1  0  0 -2 -1  0  3  0 -1  1    4   5   1   4   0   3  12   4   0   6   3   4   3   1   2   6  26   1   2  12  0.20 0.22
  213 Y   -6 -6 -6 -7  0 -5 -6 -6 -3 -5 -5 -6 -5  2 -6 -5 -5  2 10 -3    0   0   0   0   2   0   0   0   0   0   0   0   0   5   0   0   0   2  86   1  2.92 1.01
  214 A    5 -2 -3 -4 -4 -2 -4  3 -4 -3 -4 -3 -3 -5  1 -1 -3  0 -3 -2   56   2   1   0   0   2   0  21   0   1   1   0   1   0   6   4   1   1   1   2  0.93 0.50
  215 L   -2 -5 -5 -3 -4 -4 -3 -4 -5  2  5 -5  0 -3 -5 -3 -3 -4 -4  3    2   0   0   2   0   0   2   2   0   9  55   0   2   0   0   1   0   0   0  24  0.93 0.45
  216 N   -5 -4  8  0 -6 -4 -4 -4 -3 -6 -6 -4 -6 -6 -5 -2  1 -7 -6 -6    0   0  83   5   0   0   0   0   0   0   0   0   0   0   0   2   7   0   0   0  2.34 0.89
  217 G   -1 -4 -2  1 -5 -3  0  6 -2 -4 -5 -3 -5 -5 -2 -2 -3 -5 -5 -4    4   1   1   7   0   1   5  70   1   1   1   1   0   0   3   1   2   0   0   1  1.34 0.56
  218 T    1 -1 -1 -2 -2 -1 -2 -2 -3  0  1 -1  1  0  0  1  2 -1  0  0   14   2   2   1   0   2   2   1   0   5  13   3   3   5   5  12  19   1   3   7  0.14 0.16
  219 A    7 -5 -5 -5 -4 -4 -3 -2 -5 -5 -5 -4 -4 -5 -1 -1 -2 -6 -5 -3   85   0   0   0   0   0   1   2   0   0   0   0   0   0   3   3   2   0   0   1  1.70 0.75
  220 Q   -2  3  0 -1 -3  2  0  0  0  0 -2  3  2 -3 -2  0  0 -3 -1 -2    2  16   4   3   0  10   5   6   2   6   3  19   6   0   1   7   5   0   2   2  0.23 0.19
  221 D    0  0  0  1 -3  1  0  3 -3 -3 -3  0 -2 -4 -2  2  1  0 -3 -1    9   4   5   9   0   6   4  22   0   1   1   4   1   0   2  20   8   1   0   5  0.28 0.22
  222 A    1  2  0 -1 -3  1  0 -1  3 -2 -1  1  0 -1 -1  0  0 -3  0 -1   13  14   3   3   0   8   4   3   9   1   4   9   3   3   2   7   5   0   3   6  0.14 0.14
  223 N    1 -1  1 -1 -4 -2 -1  5  2 -4 -3  0 -1 -2 -3  0  0 -4  0 -2   10   3   6   4   0   1   4  41   6   0   1   5   2   1   1   4   5   0   3   2  0.49 0.28
  224 L    0  1  1  1 -3  0  0  1  0 -2 -2  2 -1 -3  0  0  1 -3 -1 -1    8   8   8   9   0   3   5  14   2   2   4  14   1   1   5   4   8   0   2   3  0.13 0.10
  225 W   -1 -3 -1 -2 -4 -1 -2 -1  0 -2  0 -1  0  2 -4  0 -2  7  6 -2    6   1   3   2   0   3   2   5   2   1   8   4   2   9   0   6   3  14  29   2  0.67 0.35
  226 P    0  1  0 -1 -4  1  0 -1 -1 -3 -1  0 -2 -4  5  0  1 -4 -4 -2    9   8   4   3   0   6   6   4   1   1   8   6   1   0  30   5   8   0   0   2  0.46 0.27
  227 A    0  0  1  5 -4 -1  1  0 -3 -3 -4 -1 -4 -5  2  1  0 -5 -4 -3    8   4   6  34   0   2   7   6   0   1   1   4   0   0  11   9   6   0   0   1  0.53 0.31
  228 F   -2 -4 -5 -5 -4 -3 -4 -3 -2  5  2 -3  1  2  0 -3 -2 -4 -1  2    3   0   0   0   0   1   0   2   1  39  21   1   2   9   5   1   2   0   1  11  0.66 0.35
  229 D   -1  2  1  5 -5 -1  3 -2  1 -3 -3 -1 -4 -4 -4 -1  1 -5 -4 -3    6  10   6  33   0   2  18   2   4   1   2   3   0   1   0   3   8   0   0   2  0.58 0.34
  230 P    1  0  0  1 -4  0  2 -2 -1 -3 -3  1 -4 -5  5  0 -1 -5 -4 -2   13   4   3   8   0   2  17   2   1   1   2   9   0   0  26   5   3   0   0   2  0.53 0.31
  231 I   -4 -5 -6 -6 -4 -3 -6 -4 -6  7  1 -5 -2  1 -5 -5 -4 -5 -4  3    0   0   0   0   0   1   0   1   0  65   9   0   0   5   0   0   0   0   0  16  1.46 0.60
  232 W   -3  1 -6 -6 -6  0 -5 -4 -2 -4  0 -5 -5 -4 -6 -5  0 12 -3 -3    2   7   0   0   0   4   0   1   1   1   9   0   0   0   0   0   5  65   0   2  2.72 0.91
  233 R    3  3 -2 -3 -4 -1 -2 -2 -3 -1  1  3 -1 -4 -2 -1 -2 -5 -4 -1   32  19   1   1   0   2   1   1   0   3  13  17   1   0   2   2   1   0   0   3  0.46 0.34
  234 D   -2 -1  0  5 -4  0  1 -3  1 -2 -4  0 -4 -3  2  0  1 -2 -3 -2    3   3   2  34   0   4   8   1   3   2   1   6   0   1  10   6  12   1   1   3  0.50 0.31
  235 D   -2 -4  4  6 -5 -1  0 -1  1 -3 -5 -2 -5 -5 -4  0 -2 -6 -1 -3    2   0  20  50   0   2   4   5   3   2   0   1   0   0   0   5   2   0   2   2  1.07 0.51
  236 P   -1 -2 -4  2 -5 -1  0 -2 -2 -4 -2 -2 -4 -3  7 -2 -1 -5 -5 -3    5   2   0  10   0   2   6   3   1   1   4   2   0   1  54   2   4   0   0   1  1.20 0.52
  237 I    0 -1  1  3 -3  0  2  1 -1 -2 -2  0 -2 -2 -3  1 -1 -2 -1 -2    8   3   6  22   0   4  14  10   1   2   4   5   1   1   0   9   3   1   2   2  0.25 0.18
  238 A    0  1  1  0 -3  0 -2  0 -1  2  0 -1  1 -1 -1 -1 -1 -1  0  1    8   8   7   6   0   4   1   8   1  16   5   2   3   2   3   4   2   1   3  14  0.05 0.10
  239 P    0 -2 -1  1 -4  1  0  0 -3 -3 -2  0 -1 -3  5  0  0 -4 -2 -3    8   1   3   7   0   6   6   7   0   1   4   6   1   1  33   8   5   0   1   2  0.56 0.32
  240 G   -2 -3 -1  0 -5 -4 -2  6 -2 -3 -4 -2 -5 -3 -1 -1 -1  0 -2 -4    3   1   2   6   0   0   2  63   1   2   1   3   0   1   4   4   4   1   1   1  1.08 0.51
  241 M    1 -2 -1 -1 -2 -1 -1  0 -3  0  1 -1  1 -2  0  0  2 -3 -1  1   10   2   3   3   0   2   2   8   0   4  17   2   5   1   4   8  17   0   2  10  0.11 0.15
  242 K   -3  4 -2 -3 -5 -1 -2 -2 -2 -5 -4  6 -2 -5 -1 -3 -3 -5  0 -5    2  20   2   1   0   1   2   4   1   0   1  55   1   0   3   1   1   0   4   0  1.15 0.57
  243 I   -2 -2 -4 -5 -4 -2 -4 -4 -4  4  0  2  5 -1 -3 -3 -1 -5 -2  4    3   1   0   0   0   2   0   1   0  24   4  13  15   2   1   1   3   0   1  29  0.68 0.41
  244 N   -3 -4  3  5 -5 -2 -2 -2 -4 -5 -5 -2 -3 -5  2  4 -1 -2 -5 -5    1   0  15  30   0   2   1   3   0   0   0   2   1   0  11  30   3   1   0   0  0.90 0.51
  245 I   -2 -5 -4 -5 -4 -4 -4 -5 -5  5  3 -4  2 -1 -3 -3  0  0  0  2    3   0   1   0   0   0   1   0   0  32  33   0   5   1   1   1   5   1   3  12  0.74 0.39
  246 G    0 -1  0  1 -4  1 -2  4 -3 -4 -3 -2 -4 -4 -3  3  1 -5 -2 -2    7   2   3   8   0   6   2  33   0   0   2   2   0   0   1  21   7   0   1   3  0.51 0.34
  247 P    0 -3 -2  3 -5 -2  1 -2 -3 -3 -4 -1 -4 -3  6  0 -1 -2 -4 -3   10   1   1  17   0   1   7   4   0   1   1   2   0   1  40   6   3   1   0   2  0.87 0.46
  248 M   -3 -5 -6 -6 -4 -5 -5 -6 -5  3  4 -5  3  3 -5 -5 -4 -1 -1  3    2   0   0   0   0   0   0   0   0  14  39   0   7  13   0   0   0   1   1  22  0.92 0.46
  249 I   -3 -2 -3 -3 -4 -4 -3 -6 -3  6  1 -3  0  0 -5 -2  1 -5 -2  1    2   2   1   2   0   1   1   0   1  51  14   1   1   4   0   3   8   0   1   8  0.86 0.46
  250 E    0  0  1  4 -5  2  3 -3  0 -5 -4  1 -2 -3 -4  1 -1 -2 -4 -3    7   5   6  23   0   8  21   1   2   0   1   8   1   1   0  10   4   1   0   1  0.51 0.34
  251 R    1  3 -2  0 -4  1  2 -4 -2  0 -1  2  0 -1 -2 -2 -1 -2  1 -1   14  20   0   4   0   5  14   0   1   6   5  13   3   2   1   1   3   0   5   3  0.26 0.24
  252 G    4 -6 -4 -5 -5 -5 -5  6 -6 -6 -6 -5 -6 -6 -5 -2 -2 -6 -6 -4   35   0   0   0   0   0   0  60   0   0   0   0   0   0   0   1   2   0   0   1  1.64 0.72
  253 L   -2  1 -1 -3 -4  2  0 -5 -2  0  4 -1  2 -2 -5 -3 -1 -4 -2 -1    2  10   3   1   0   9   6   0   1   4  48   3   4   1   0   1   3   0   1   2  0.51 0.36
  254 A    2  1 -1  1 -4  1  3 -2 -3 -4 -4  3 -4 -5 -3  1  1 -2 -4 -3   16   6   1   7   0   5  19   3   0   0   0  22   0   0   1  11   8   1   0   1  0.46 0.33
  255 L   -3 -2 -3 -4 -5  0 -4 -6  0  0  6 -5  0  0 -4 -5 -4 -5 -4 -1    2   2   1   1   0   4   1   0   3   4  73   0   1   3   1   0   0   0   0   3  1.15 0.58
  256 C   -5 -9 -8 -9 12 -8 -9 -8 -8 -6 -6 -8 -7 -8 -3 -6 -6 -8 -8 -6    0   0   0   0  99   0   0   0   0   0   0   0   0   0   1   0   0   0   0   0  4.43 1.36
  257 E   -2  2  1  3 -5  2  3 -2 -2 -5 -4  3 -4 -5 -2 -1 -3 -5 -4 -3    3  10   7  19   0   7  22   2   0   0   2  22   0   0   1   2   0   0   0   1  0.60 0.33
  258 G    1 -2  3  0 -3 -1 -1  2  0 -3 -3  0 -1 -3  2  2  0 -4 -3 -2   12   0  22   3   0   2   2  14   2   0   2   7   2   0   9  18   2   0   0   2  0.30 0.15
  259 R    1  3  1  1 -4  0 -1 -1 -2 -4 -4  3 -3 -4  2  0 -1 -4 -3 -3   11  22   6   9   0   2   0   4   0   0   0  28   0   0  11   3   3   0   0   0  0.44 0.19
  260 Q   -1  5 -1  1 -3  2  0 -3 -1 -3 -2  2 -2 -3 -2  0  0  2 -2 -3    4  41   0   9   0   8   5   0   0   0   5   8   0   0   0   9   6   4   0   0  0.43 0.15
  261 E    1  1 -1  1 -2  0  3 -2 -1 -3 -3  0 -2 -3 -1  1  1 -3 -2 -2   20  11   0   7   0   0  35   0   0   0   1   0   0   0   0  15   9   0   0   0  0.33 0.09
  262 P   -1 -2 -1 -2 -2 -1 -1  1 -2 -2 -2 -1  1 -3  6  1 -1 -3 -3 -2    1   0   0   0   0   0   1  11   0   0   1   0   9   0  53  21   0   0   0   1  0.94 0.10
  263 A    1 -1 -1 -1 -1  1 -1 -1 -2  0  0 -1  0 -2  2  1  1 -2 -2  0   21   1   1   1   0   9   1   1   0  12  13   1   0   0  12  15  11   0   0   1  0.15 0.03
  264 P    1  1 -1 -1 -2  1  0 -1 -1 -2 -2  0 -1 -2  3  1 -1  5 -1 -2   16  13   1   1   0  11   1   2   0   1   2   1   1   1  20  12   1  12   1   1  0.35 0.03
  265 R   -1  1  2  1 -2 -1 -1 -2 -1  1 -1 -1 -1 -1  2  0  1 -2 -2  0    2  11  13  12   0   1   1   2   0  27   2   1   1   1  10   2  12   0   1   1  0.10 0.02
  266 T    2 -1 -1 -1 -1 -1 -1 -1 -2 -1 -1 -1 -1 -2 -1  1  4 -2 -2  0   25   1   1   1   0   1   1   2   0   1   2   1   1   1   1   2  55   0   1   1  0.32 0.06
  267 Q    1 -1  0  2 -2  3  0 -1 -1 -2 -2  0 -1 -2  4  0  1 -2 -2 -1   13   1   1  13   0  25   1   2   0   1   2   1   1   1  21   2  12   0   1   1  0.34 0.04
  268 W    0  1 -2 -2 -2  2 -1 -2 -1 -2 -1  0  1 -1  3 -1 -1  7  0 -2   13  14   1   1   0  13   1   1   0   1   1   1  11   1  14   1   1  24   0   1  0.46 0.05
  269 Q   -1 -1 -2 -2 -3  3 -1 -3 -2 -2 -2 -1 -2 -4  7 -1 -1 -4 -3  0    0   0   0   0   0  26   0   0   0   0   0   0   0   0  61   0   0   0   0  13  1.16 0.09
  270 L   -2  3 -1  2 -3  0 -1 -3  4 -1  2  0  0 -1 -3 -1 -1 -3 -1 -1    0  32   0  17   0   0   0   0  18   0  34   0   0   0   0   0   0   0   0   0  0.22 0.03
  271 I    3 -2 -2 -3 -1 -2 -2 -1 -3  2  0 -2  0 -2 -2  0  0 -3 -2  3   49   0   0   0   0   0   0   0   0  16   0   0   0   0   0   0   0   0   0  35  0.25 0.04
  272 S    1  2  0 -1 -2  0  0 -1 -1 -2 -2  2 -1 -3 -1  2  2 -3 -2 -1   17  15   0   0   0   0   0   0   0   0   0  17   0   0   0  34  17   0   0   0  0.28 0.03
  273 C   -1 -3 -3 -2  4 -2 -2 -3 -3 -2  0 -2 -1 -3  7 -1 -1 -3 -3 -2    0   0   0   0  16   0   0   0   0   0  18   0   0   0  66   0   0   0   0   0  1.23 0.06
  274 R    1  5 -1 -2 -2  0  0 -1 -1 -3 -2  1 -2 -3 -2  1  0 -3 -2 -2   22  58   0   0   0   0   0   0   0   0   0   0   0   0   0  20   0   0   0   0  0.43 0.03
  275 R   -1  5 -1 -2 -3  0 -1 -2 -1 -3 -2  1 -2 -3  4  0  1 -3 -2 -2    0  58   0   0   0   0   0   0   0   0   0   0   0   0  22   0  20   0   0   0  0.58 0.03
  276 N    2 -1  4  0 -1  0 -1  0 -1 -2 -3 -1 -2 -3 -1  2  0 -3 -2 -2   41   0  41   0   0   0   0   0   0   0   0   0   0   0   0  18   0   0   0   0  0.36 0.03
  277 A    2 -1  3 -1 -1 -1 -1 -1 -1  0 -1 -1 -1 -2 -2  2  0 -3 -2  1   24   0  26   0   0   0   0   0   0   0   0   0   0   0   0  23   0   0   0  26  0.18 0.01
  278 A    3 -2 -1 -1 -1 -1 -1  3 -2 -2 -2 -1 -2 -3 -1  2  0 -3 -2 -1   50   0   0   0   0   0   0  23   0   0   0   0   0   0   0  26   0   0   0   0  0.37 0.01
  279 A    4 -2 -1 -2 -1 -1 -1  3 -2 -2 -2 -1 -1 -3 -1  1  0 -3 -2 -1   74   0   0   0   0   0   0  26   0   0   0   0   0   0   0   0   0   0   0   0  0.43 0.02
  280 S    0 -1  0  3 -1  0  0 -1 -1 -1  0 -1  3 -1 -1  1  0 -2 -1 -1    2   1   1  27   0   1   1   2   1   1   2   1  27   1   1  26   1   0   1   1  0.15 0.01
  281 V    3 -2 -2 -3 -1 -2 -2 -1 -2  1  0 -2  0 -2 -2  0  0 -3 -2  3   53   0   0   0   0   0   0   0   0   0   0   0   0   0   0   0   0   0   0  47  0.24 0.02
  282 A    4 -2 -2 -2 -1 -1 -1  0 -2 -2 -2 -1 -1 -2 -1  1  0 -3 -2  0  100   0   0   0   0   0   0   0   0   0   0   0   0   0   0   0   0   0   0   0  0.46 0.03
  283 E   -1  0  0  2 -4  2  5 -2  0 -3 -3  1 -2 -3 -1  0 -1 -3 -2 -3    0   0   0   0   0   0 100   0   0   0   0   0   0   0   0   0   0   0   0   0  0.74 0.00
  284 T    0 -1  0 -1 -1 -1 -1 -2 -2 -1 -1 -1 -1 -2 -1  1  5 -3 -2  0    0   0   0   0   0   0   0   0   0   0   0   0   0   0   0   0 100   0   0   0  0.48 0.00
  285 R   -1  4  0 -2 -3  0 -1  4 -1 -4 -3  1 -2 -3 -2 -1 -1 -3 -2 -3    0  50   0   0   0   0   0  50   0   0   0   0   0   0   0   0   0   0   0   0  0.56 0.00
  286 R    3  4 -1 -2 -2  0 -1 -1 -1 -2 -2  1 -1 -3 -1  0 -1 -3 -2 -1   50  50   0   0   0   0   0   0   0   0   0   0   0   0   0   0   0   0   0   0  0.35 0.00
  287 T    0 -2 -1 -1 -2 -1 -1 -2 -2 -2 -2 -1 -2 -3  6  1  3 -3 -2 -1    0   0   0   0   0   0   0   0   0   0   0   0   0   0  50   0  50   0   0   0  0.90 0.00
  288 R   -2  6  0 -2 -4  1  0 -2  0 -3 -2  2 -1 -3 -2 -1 -1 -3 -2 -3    0 100   0   0   0   0   0   0   0   0   0   0   0   0   0   0   0   0   0   0  0.75 0.00
  289 G    0 -2  0 -1 -2 -2 -2  5 -2 -4 -4 -1 -3 -3 -2  0 -2 -2 -3 -3    0   0   0   0   0   0   0   0   0   0   0   0   0   0   0   0   0   0   0   0  0.00    0.00
  290 I   -1 -3 -3 -3 -1 -3 -3 -4 -3  4  1 -3  1  0 -3 -2 -1 -3 -1  2    0   0   0   0   0   0   0   0   0   0   0   0   0   0   0   0   0   0   0   0  0.00    0.00
  291 C    0 -3 -3 -3  8 -3 -4 -2 -3 -1 -1 -3 -1 -2 -3 -1 -1 -2 -2 -1    0   0   0   0   0   0   0   0   0   0   0   0   0   0   0   0   0   0   0   0  0.00    0.00
  292 P   -1 -2 -2 -1 -3 -1 -1 -2 -2 -3 -3 -1 -2 -4  7 -1 -1 -4 -3 -2    0   0   0   0   0   0   0   0   0   0   0   0   0   0   0   0   0   0   0   0  0.00    0.00
  293 C    0 -3 -3 -3  8 -3 -4 -2 -3 -1 -1 -3 -1 -2 -3 -1 -1 -2 -2 -1    0   0   0   0   0   0   0   0   0   0   0   0   0   0   0   0   0   0   0   0  0.00    0.00
  294 I   -1 -3 -3 -3 -1 -3 -3 -4 -3  4  1 -3  1  0 -3 -2 -1 -3 -1  2    0   0   0   0   0   0   0   0   0   0   0   0   0   0   0   0   0   0   0   0  0.00    0.00
  295 S    1 -1  1  0 -1  0  0  0 -1 -2 -2  0 -1 -2 -1  4  1 -3 -2 -2    0   0   0   0   0   0   0   0   0   0   0   0   0   0   0   0   0   0   0   0  0.00    0.00
  296 Q   -1  1  0  0 -3  5  2 -2  0 -3 -2  1  0 -3 -1  0 -1 -2 -1 -2    0   0   0   0   0   0   0   0   0   0   0   0   0   0   0   0   0   0   0   0  0.00    0.00
  297 P   -1 -2 -2 -1 -3 -1 -1 -2 -2 -3 -3 -1 -2 -4  7 -1 -1 -4 -3 -2    0   0   0   0   0   0   0   0   0   0   0   0   0   0   0   0   0   0   0   0  0.00    0.00
  298 T    0 -1  0 -1 -1 -1 -1 -2 -2 -1 -1 -1 -1 -2 -1  1  4 -2 -2  0    0   0   0   0   0   0   0   0   0   0   0   0   0   0   0   0   0   0   0   0  0.00    0.00
  299 N   -1  0  6  1 -3  0  0  0  1 -3 -3  0 -2 -3 -2  1  0 -4 -2 -3    0   0   0   0   0   0   0   0   0   0   0   0   0   0   0   0   0   0   0   0  0.00    0.00
  300 T    0 -1  0 -1 -1 -1 -1 -2 -2 -1 -1 -1 -1 -2 -1  1  4 -2 -2  0    0   0   0   0   0   0   0   0   0   0   0   0   0   0   0   0   0   0   0   0  0.00    0.00
  301 R   -1  5  0 -2 -3  1  0 -2  0 -3 -2  2 -1 -3 -2 -1 -1 -3 -2 -2    0   0   0   0   0   0   0   0   0   0   0   0   0   0   0   0   0   0   0   0  0.00    0.00
  302 L   -1 -2 -3 -4 -1 -2 -3 -4 -3  1  4 -2  2  0 -3 -2 -1 -2 -1  1    0   0   0   0   0   0   0   0   0   0   0   0   0   0   0   0   0   0   0   0  0.00    0.00
  303 P   -1 -2 -2 -1 -3 -1 -1 -2 -2 -3 -3 -1 -2 -4  7 -1 -1 -4 -3 -2    0   0   0   0   0   0   0   0   0   0   0   0   0   0   0   0   0   0   0   0  0.00    0.00
  304 P   -1 -2 -2 -1 -3 -1 -1 -2 -2 -3 -3 -1 -2 -4  7 -1 -1 -4 -3 -2    0   0   0   0   0   0   0   0   0   0   0   0   0   0   0   0   0   0   0   0  0.00    0.00
  305 R   -1  5  0 -2 -3  1  0 -2  0 -3 -2  2 -1 -3 -2 -1 -1 -3 -2 -2    0   0   0   0   0   0   0   0   0   0   0   0   0   0   0   0   0   0   0   0  0.00    0.00
  306 L   -1 -2 -3 -4 -1 -2 -3 -4 -3  1  4 -2  2  0 -3 -2 -1 -2 -1  1    0   0   0   0   0   0   0   0   0   0   0   0   0   0   0   0   0   0   0   0  0.00    0.00
  307 S    1 -1  1  0 -1  0  0  0 -1 -2 -2  0 -1 -2 -1  4  1 -3 -2 -2    0   0   0   0   0   0   0   0   0   0   0   0   0   0   0   0   0   0   0   0  0.00    0.00
  308 S    1 -1  1  0 -1  0  0  0 -1 -2 -2  0 -1 -2 -1  4  1 -3 -2 -2    0   0   0   0   0   0   0   0   0   0   0   0   0   0   0   0   0   0   0   0  0.00    0.00
  309 P   -1 -2 -2 -1 -3 -1 -1 -2 -2 -3 -3 -1 -2 -4  7 -1 -1 -4 -3 -2    0   0   0   0   0   0   0   0   0   0   0   0   0   0   0   0   0   0   0   0  0.00    0.00
  310 P   -1 -2 -2 -1 -3 -1 -1 -2 -2 -3 -3 -1 -2 -4  7 -1 -1 -4 -3 -2    0   0   0   0   0   0   0   0   0   0   0   0   0   0   0   0   0   0   0   0  0.00    0.00
  311 P   -1 -2 -2 -1 -3 -1 -1 -2 -2 -3 -3 -1 -2 -4  7 -1 -1 -4 -3 -2    0   0   0   0   0   0   0   0   0   0   0   0   0   0   0   0   0   0   0   0  0.00    0.00
  312 P   -1 -2 -2 -1 -3 -1 -1 -2 -2 -3 -3 -1 -2 -4  7 -1 -1 -4 -3 -2    0   0   0   0   0   0   0   0   0   0   0   0   0   0   0   0   0   0   0   0  0.00    0.00
  313 C    0 -3 -3 -3  8 -3 -4 -2 -3 -1 -1 -3 -1 -2 -3 -1 -1 -2 -2 -1    0   0   0   0   0   0   0   0   0   0   0   0   0   0   0   0   0   0   0   0  0.00    0.00
  314 K   -1  2  0 -1 -3  1  1 -1 -1 -3 -2  4 -1 -3 -1  0 -1 -3 -2 -2    0   0   0   0   0   0   0   0   0   0   0   0   0   0   0   0   0   0   0   0  0.00    0.00
  315 T    0 -1  0 -1 -1 -1 -1 -2 -2 -1 -1 -1 -1 -2 -1  1  4 -2 -2  0    0   0   0   0   0   0   0   0   0   0   0   0   0   0   0   0   0   0   0   0  0.00    0.00
  316 C    0 -3 -3 -3  8 -3 -4 -2 -3 -1 -1 -3 -1 -2 -3 -1 -1 -2 -2 -1    0   0   0   0   0   0   0   0   0   0   0   0   0   0   0   0   0   0   0   0  0.00    0.00
  317 F   -2 -3 -3 -3 -2 -3 -3 -3 -1  0  0 -3  0  6 -4 -2 -2  1  3 -1    0   0   0   0   0   0   0   0   0   0   0   0   0   0   0   0   0   0   0   0  0.00    0.00
  318 T    0 -1  0 -1 -1 -1 -1 -2 -2 -1 -1 -1 -1 -2 -1  1  4 -2 -2  0    0   0   0   0   0   0   0   0   0   0   0   0   0   0   0   0   0   0   0   0  0.00    0.00
  319 K   -1  2  0 -1 -3  1  1 -1 -1 -3 -2  4 -1 -3 -1  0 -1 -3 -2 -2    0   0   0   0   0   0   0   0   0   0   0   0   0   0   0   0   0   0   0   0  0.00    0.00
  320 S    1 -1  1  0 -1  0  0  0 -1 -2 -2  0 -1 -2 -1  4  1 -3 -2 -2    0   0   0   0   0   0   0   0   0   0   0   0   0   0   0   0   0   0   0   0  0.00    0.00
  321 R   -1  5  0 -2 -3  1  0 -2  0 -3 -2  2 -1 -3 -2 -1 -1 -3 -2 -2    0   0   0   0   0   0   0   0   0   0   0   0   0   0   0   0   0   0   0   0  0.00    0.00
  322 S    1 -1  1  0 -1  0  0  0 -1 -2 -2  0 -1 -2 -1  4  1 -3 -2 -2    0   0   0   0   0   0   0   0   0   0   0   0   0   0   0   0   0   0   0   0  0.00    0.00
  323 A    4 -1 -1 -2  0 -1 -1  0 -2 -1 -1 -1 -1 -2 -1  1  0 -2 -2  0    0   0   0   0   0   0   0   0   0   0   0   0   0   0   0   0   0   0   0   0  0.00    0.00
  324 T    0 -1  0 -1 -1 -1 -1 -2 -2 -1 -1 -1 -1 -2 -1  1  4 -2 -2  0    0   0   0   0   0   0   0   0   0   0   0   0   0   0   0   0   0   0   0   0  0.00    0.00
  325 P   -1 -2 -2 -1 -3 -1 -1 -2 -2 -3 -3 -1 -2 -4  7 -1 -1 -4 -3 -2    0   0   0   0   0   0   0   0   0   0   0   0   0   0   0   0   0   0   0   0  0.00    0.00
  326 T    0 -1  0 -1 -1 -1 -1 -2 -2 -1 -1 -1 -1 -2 -1  1  4 -2 -2  0    0   0   0   0   0   0   0   0   0   0   0   0   0   0   0   0   0   0   0   0  0.00    0.00
  327 Q   -1  1  0  0 -3  5  2 -2  0 -3 -2  1  0 -3 -1  0 -1 -2 -1 -2    0   0   0   0   0   0   0   0   0   0   0   0   0   0   0   0   0   0   0   0  0.00    0.00
  328 R   -1  5  0 -2 -3  1  0 -2  0 -3 -2  2 -1 -3 -2 -1 -1 -3 -2 -2    0   0   0   0   0   0   0   0   0   0   0   0   0   0   0   0   0   0   0   0  0.00    0.00
  329 P   -1 -2 -2 -1 -3 -1 -1 -2 -2 -3 -3 -1 -2 -4  7 -1 -1 -4 -3 -2    0   0   0   0   0   0   0   0   0   0   0   0   0   0   0   0   0   0   0   0  0.00    0.00
  330 I   -1 -3 -3 -3 -1 -3 -3 -4 -3  4  1 -3  1  0 -3 -2 -1 -3 -1  2    0   0   0   0   0   0   0   0   0   0   0   0   0   0   0   0   0   0   0   0  0.00    0.00
  331 R   -1  5  0 -2 -3  1  0 -2  0 -3 -2  2 -1 -3 -2 -1 -1 -3 -2 -2    0   0   0   0   0   0   0   0   0   0   0   0   0   0   0   0   0   0   0   0  0.00    0.00
  332 A    4 -1 -1 -2  0 -1 -1  0 -2 -1 -1 -1 -1 -2 -1  1  0 -2 -2  0    0   0   0   0   0   0   0   0   0   0   0   0   0   0   0   0   0   0   0   0  0.00    0.00
  333 L   -1 -2 -3 -4 -1 -2 -3 -4 -3  1  4 -2  2  0 -3 -2 -1 -2 -1  1    0   0   0   0   0   0   0   0   0   0   0   0   0   0   0   0   0   0   0   0  0.00    0.00
  334 A    4 -1 -1 -2  0 -1 -1  0 -2 -1 -1 -1 -1 -2 -1  1  0 -2 -2  0    0   0   0   0   0   0   0   0   0   0   0   0   0   0   0   0   0   0   0   0  0.00    0.00
  335 A    4 -1 -1 -2  0 -1 -1  0 -2 -1 -1 -1 -1 -2 -1  1  0 -2 -2  0    0   0   0   0   0   0   0   0   0   0   0   0   0   0   0   0   0   0   0   0  0.00    0.00
  336 T    0 -1  0 -1 -1 -1 -1 -2 -2 -1 -1 -1 -1 -2 -1  1  4 -2 -2  0    0   0   0   0   0   0   0   0   0   0   0   0   0   0   0   0   0   0   0   0  0.00    0.00
  337 P   -1 -2 -2 -1 -3 -1 -1 -2 -2 -3 -3 -1 -2 -4  7 -1 -1 -4 -3 -2    0   0   0   0   0   0   0   0   0   0   0   0   0   0   0   0   0   0   0   0  0.00    0.00
  338 T    0 -1  0 -1 -1 -1 -1 -2 -2 -1 -1 -1 -1 -2 -1  1  4 -2 -2  0    0   0   0   0   0   0   0   0   0   0   0   0   0   0   0   0   0   0   0   0  0.00    0.00
  339 W   -2 -3 -4 -4 -2 -2 -3 -2 -2 -3 -2 -3 -1  1 -4 -3 -2 10  2 -3    0   0   0   0   0   0   0   0   0   0   0   0   0   0   0   0   0   0   0   0  0.00    0.00
  340 C    0 -3 -3 -3  8 -3 -4 -2 -3 -1 -1 -3 -1 -2 -3 -1 -1 -2 -2 -1    0   0   0   0   0   0   0   0   0   0   0   0   0   0   0   0   0   0   0   0  0.00    0.00
  341 R   -1  5  0 -2 -3  1  0 -2  0 -3 -2  2 -1 -3 -2 -1 -1 -3 -2 -2    0   0   0   0   0   0   0   0   0   0   0   0   0   0   0   0   0   0   0   0  0.00    0.00
  342 T    0 -1  0 -1 -1 -1 -1 -2 -2 -1 -1 -1 -1 -2 -1  1  4 -2 -2  0    0   0   0   0   0   0   0   0   0   0   0   0   0   0   0   0   0   0   0   0  0.00    0.00
  343 P   -1 -2 -2 -1 -3 -1 -1 -2 -2 -3 -3 -1 -2 -4  7 -1 -1 -4 -3 -2    0   0   0   0   0   0   0   0   0   0   0   0   0   0   0   0   0   0   0   0  0.00    0.00
  344 G    0 -2  0 -1 -2 -2 -2  5 -2 -4 -4 -1 -3 -3 -2  0 -2 -2 -3 -3    0   0   0   0   0   0   0   0   0   0   0   0   0   0   0   0   0   0   0   0  0.00    0.00
  345 P   -1 -2 -2 -1 -3 -1 -1 -2 -2 -3 -3 -1 -2 -4  7 -1 -1 -4 -3 -2    0   0   0   0   0   0   0   0   0   0   0   0   0   0   0   0   0   0   0   0  0.00    0.00
  346 T    0 -1  0 -1 -1 -1 -1 -2 -2 -1 -1 -1 -1 -2 -1  1  4 -2 -2  0    0   0   0   0   0   0   0   0   0   0   0   0   0   0   0   0   0   0   0   0  0.00    0.00
  347 A    4 -1 -1 -2  0 -1 -1  0 -2 -1 -1 -1 -1 -2 -1  1  0 -2 -2  0    0   0   0   0   0   0   0   0   0   0   0   0   0   0   0   0   0   0   0   0  0.00    0.00
  348 P   -1 -2 -2 -1 -3 -1 -1 -2 -2 -3 -3 -1 -2 -4  7 -1 -1 -4 -3 -2    0   0   0   0   0   0   0   0   0   0   0   0   0   0   0   0   0   0   0   0  0.00    0.00
  349 R   -1  5  0 -2 -3  1  0 -2  0 -3 -2  2 -1 -3 -2 -1 -1 -3 -2 -2    0   0   0   0   0   0   0   0   0   0   0   0   0   0   0   0   0   0   0   0  0.00    0.00
  350 S    1 -1  1  0 -1  0  0  0 -1 -2 -2  0 -1 -2 -1  4  1 -3 -2 -2    0   0   0   0   0   0   0   0   0   0   0   0   0   0   0   0   0   0   0   0  0.00    0.00
  351 I   -1 -3 -3 -3 -1 -3 -3 -4 -3  4  1 -3  1  0 -3 -2 -1 -3 -1  2    0   0   0   0   0   0   0   0   0   0   0   0   0   0   0   0   0   0   0   0  0.00    0.00
  352 S    1 -1  1  0 -1  0  0  0 -1 -2 -2  0 -1 -2 -1  4  1 -3 -2 -2    0   0   0   0   0   0   0   0   0   0   0   0   0   0   0   0   0   0   0   0  0.00    0.00
  353 Y   -2 -2 -2 -3 -2 -1 -2 -3  2 -1 -1 -2 -1  3 -3 -2 -2  2  6 -1    0   0   0   0   0   0   0   0   0   0   0   0   0   0   0   0   0   0   0   0  0.00    0.00
  354 T    0 -1  0 -1 -1 -1 -1 -2 -2 -1 -1 -1 -1 -2 -1  1  4 -2 -2  0    0   0   0   0   0   0   0   0   0   0   0   0   0   0   0   0   0   0   0   0  0.00    0.00
  355 Q   -1  1  0  0 -3  5  2 -2  0 -3 -2  1  0 -3 -1  0 -1 -2 -1 -2    0   0   0   0   0   0   0   0   0   0   0   0   0   0   0   0   0   0   0   0  0.00    0.00
  356 R   -1  5  0 -2 -3  1  0 -2  0 -3 -2  2 -1 -3 -2 -1 -1 -3 -2 -2    0   0   0   0   0   0   0   0   0   0   0   0   0   0   0   0   0   0   0   0  0.00    0.00
  357 R   -1  5  0 -2 -3  1  0 -2  0 -3 -2  2 -1 -3 -2 -1 -1 -3 -2 -2    0   0   0   0   0   0   0   0   0   0   0   0   0   0   0   0   0   0   0   0  0.00    0.00
  358 P   -1 -2 -2 -1 -3 -1 -1 -2 -2 -3 -3 -1 -2 -4  7 -1 -1 -4 -3 -2    0   0   0   0   0   0   0   0   0   0   0   0   0   0   0   0   0   0   0   0  0.00    0.00
  359 Q   -1  1  0  0 -3  5  2 -2  0 -3 -2  1  0 -3 -1  0 -1 -2 -1 -2    0   0   0   0   0   0   0   0   0   0   0   0   0   0   0   0   0   0   0   0  0.00    0.00
  360 T    0 -1  0 -1 -1 -1 -1 -2 -2 -1 -1 -1 -1 -2 -1  1  4 -2 -2  0    0   0   0   0   0   0   0   0   0   0   0   0   0   0   0   0   0   0   0   0  0.00    0.00
  361 S    1 -1  1  0 -1  0  0  0 -1 -2 -2  0 -1 -2 -1  4  1 -3 -2 -2    0   0   0   0   0   0   0   0   0   0   0   0   0   0   0   0   0   0   0   0  0.00    0.00
  362 H   -2  0  1 -1 -3  0  0 -2  7 -3 -3 -1 -2 -1 -2 -1 -2 -2  2 -3    0   0   0   0   0   0   0   0   0   0   0   0   0   0   0   0   0   0   0   0  0.00    0.00
  363 G    0 -2  0 -1 -2 -2 -2  5 -2 -4 -4 -1 -3 -3 -2  0 -2 -2 -3 -3    0   0   0   0   0   0   0   0   0   0   0   0   0   0   0   0   0   0   0   0  0.00    0.00
  364 D   -2 -2  1  6 -3  0  1 -1 -1 -3 -4 -1 -3 -3 -1  0 -1 -4 -3 -3    0   0   0   0   0   0   0   0   0   0   0   0   0   0   0   0   0   0   0   0  0.00    0.00
  365 L   -1 -2 -3 -4 -1 -2 -3 -4 -3  1  4 -2  2  0 -3 -2 -1 -2 -1  1    0   0   0   0   0   0   0   0   0   0   0   0   0   0   0   0   0   0   0   0  0.00    0.00
  366 F   -2 -3 -3 -3 -2 -3 -3 -3 -1  0  0 -3  0  6 -4 -2 -2  1  3 -1    0   0   0   0   0   0   0   0   0   0   0   0   0   0   0   0   0   0   0   0  0.00    0.00
  367 A    4 -1 -1 -2  0 -1 -1  0 -2 -1 -1 -1 -1 -2 -1  1  0 -2 -2  0    0   0   0   0   0   0   0   0   0   0   0   0   0   0   0   0   0   0   0   0  0.00    0.00
  368 T    0 -1  0 -1 -1 -1 -1 -2 -2 -1 -1 -1 -1 -2 -1  1  4 -2 -2  0    0   0   0   0   0   0   0   0   0   0   0   0   0   0   0   0   0   0   0   0  0.00    0.00
  369 P   -1 -2 -2 -1 -3 -1 -1 -2 -2 -3 -3 -1 -2 -4  7 -1 -1 -4 -3 -2    0   0   0   0   0   0   0   0   0   0   0   0   0   0   0   0   0   0   0   0  0.00    0.00
  370 G    0 -2  0 -1 -2 -2 -2  5 -2 -4 -4 -1 -3 -3 -2  0 -2 -2 -3 -3    0   0   0   0   0   0   0   0   0   0   0   0   0   0   0   0   0   0   0   0  0.00    0.00
  371 N   -1  0  6  1 -3  0  0  0  1 -3 -3  0 -2 -3 -2  1  0 -4 -2 -3    0   0   0   0   0   0   0   0   0   0   0   0   0   0   0   0   0   0   0   0  0.00    0.00
  372 P   -1 -2 -2 -1 -3 -1 -1 -2 -2 -3 -3 -1 -2 -4  7 -1 -1 -4 -3 -2    0   0   0   0   0   0   0   0   0   0   0   0   0   0   0   0   0   0   0   0  0.00    0.00

                      K         Lambda
Standard Ungapped    0.1285     0.3148
Standard Gapped      0.0410     0.2670
PSI Ungapped         0.1267     0.3174
PSI Gapped           0.0388     0.2670
