
Last position-specific scoring matrix computed, weighted observed percentages rounded down, information per position, and relative weight of gapless real matches to pseudocounts
           A  R  N  D  C  Q  E  G  H  I  L  K  M  F  P  S  T  W  Y  V   A   R   N   D   C   Q   E   G   H   I   L   K   M   F   P   S   T   W   Y   V
    1 M   -1 -1 -2 -3 -1  0 -2 -3 -2  1  2 -1  5  0 -2 -1 -1 -1 -1  1    0   0   0   0   0   0   0   0   0   0   0   0   0   0   0   0   0   0   0   0  0.00    0.00
    2 A    4 -2 -2 -2  0 -1 -1  0 -2 -1 -2 -1 -1 -2 -1  1  0 -3 -2  0  100   0   0   0   0   0   0   0   0   0   0   0   0   0   0   0   0   0   0   0  0.41 0.00
    3 A    2 -2 -1 -1 -1 -1 -1 -1 -2 -2 -2 -1 -2 -3  5  2  0 -3 -2 -1   33   0   0   0   0   0   0   0   0   0   0   0   0   0  34  33   0   0   0   0  0.61 0.01
    4 S    0  3  0 -1 -2  3  0 -1  0 -3 -3  1 -1 -3 -1  3  0 -3 -2 -2    0  25   0   0   0  27   0   0   0   0   0   0   0   0   0  48   0   0   0   0  0.38 0.02
    5 P   -1 -3 -3 -2 -3 -2 -2 -3 -3 -3 -3 -1 -3 -4  8 -1 -2 -4 -4 -3    0   0   0   0   0   0   0   0   0   0   0   0   0   0 100   0   0   0   0   0  2.21 0.09
    6 L   -2  1 -2 -2 -2 -1  1 -3  3  1  1 -1  0  2 -3 -2 -1 -2  0  1    0  12   0   0   0   0  13   0  13  13  22   0   0  14   0   0   0   0   0  14  0.13 0.03
    7 E   -1  2  0  0 -3  2  3 -2  4 -3 -3  2 -2 -3 -2  1 -1 -3 -1 -3    0  13   0   0   0   9  32   0  21   0   0  12   0   0   0  13   0   0   0   0  0.44 0.06
    8 T    2 -2  0  1  3 -1 -1 -1 -2 -2 -2 -1 -2 -3  2  3  2 -3 -2 -2   19   0   0  10   8   0   0   0   0   0   0   0   0   0  10  36  18   0   0   0  0.35 0.07
    9 M   -1  2 -1 -2 -2  0  1  0 -2  0  0  1  4 -2 -2 -1  0 -3 -2  1    0  17   0   0   0   0  14   7   0   0   1   6  29   0   0   0   8   0   0  15  0.18 0.09
   10 N   -1  1  2  2 -2  1  1 -2 -1 -2 -2  0 -2 -3  1  1  3 -3 -2 -1    0   8  11  15   0   8   6   0   0   0   0   0   0   0   6  11  27   0   0   6  0.25 0.07
   11 S    0  0  0  2 -2 -1 -1  1  1 -2  0 -1 -1 -3  1  2  1 -3 -2 -2    5   8   0  13   0   0   0  10   6   0  12   0   0   0   6  34   7   0   0   0  0.20 0.08
   12 L    0 -1 -2 -1 -2 -1 -1 -3  1  0  2 -2  4 -1  0 -2  0 -3 -2  1    9   4   0   4   0   0   5   0   4   0  24   0  27   0   5   0   4   0   0  14  0.21 0.11
   13 P   -2 -3  0  1 -3 -2  0 -1 -3 -3 -4 -2 -3 -4  6  1  2 -5 -4 -2    0   0   4  10   0   0   4   4   0   0   0   0   0   0  52   9  14   0   0   3  1.03 0.21
   14 S    0  1  2  1  3  2  1 -1 -1 -3 -1  0 -2 -3  1  1  1 -3 -3 -2    6   8  11  10   8  11   8   4   0   0   5   0   0   0   7  14   7   0   0   0  0.20 0.08
   15 F    0 -1 -1 -1 -2 -1 -2 -1 -2 -1  0 -1  2  1  1  3  2 -3 -2 -1    7   3   0   3   0   2   0   3   0   0  12   0   8   7   8  29  15   0   0   2  0.19 0.12
   16 L    1 -2 -2  0 -2 -1 -2 -1 -3  0  0 -2  1 -1  3  1  2 -3 -2  1   12   0   0   6   0   2   0   5   0   2   8   0   6   3  16   9  19   0   0  13  0.22 0.11
   17 A    3 -2 -2 -3 -3 -1 -2  0  0 -3 -3 -2 -3 -4  4  2  2 -4 -3 -2   29   2   0   0   0   2   0   5   2   0   2   0   0   0  24  19  15   0   0   2  0.56 0.22
   18 A    3 -1 -2 -1 -2  0 -2 -1  2 -2 -2 -2  0 -3  0  2  2 -4 -3  0   29   3   0   3   0   5   0   3   6   0   1   0   3   0   4  21  14   0   0   7  0.29 0.18
   19 A    2 -2 -1 -3  0 -2 -2  0 -3 -1 -1 -2 -1 -1  4  0  1 -4 -1  1   23   1   2   0   2   0   1   6   0   1   7   0   1   2  25   7  10   0   1  10  0.37 0.17
   20 S    0  0 -1  1 -3  0  0  0  2 -1 -3 -1 -2 -3  3  1  1 -4 -1  0    4   7   2  10   0   2   6   7   6   3   0   0   0   0  18  14  12   0   2   7  0.28 0.14
   21 G    2 -2 -2 -1 -3  0  0  0  2 -2 -2 -1 -2 -3  4  2  1  0 -2 -2   20   1   0   2   0   3   5   5   6   1   3   1   0   0  21  17  11   1   1   1  0.38 0.19
   22 P   -1  0 -3 -2 -4  0 -2 -2  0 -4 -4 -2 -2 -5  6  1  3 -5 -4 -2    4   4   0   1   0   5   2   3   2   0   1   0   1   0  44  11  19   0   0   3  0.95 0.34
   23 R    2  3 -2 -1 -3  0 -1 -1 -3 -2 -3  0 -2 -3  3  2  0 -4 -3 -2   18  19   0   3   0   4   1   3   0   3   2   3   1   1  17  19   4   0   0   2  0.38 0.21
   24 G    2  0 -1 -2 -3  0 -1  2 -1 -2 -1 -1 -1 -1  2  1  1 -3 -2 -1   19   5   2   1   0   4   1  16   1   1   6   1   1   2  12  13  10   0   1   3  0.21 0.14
   25 P    0 -1 -2 -3 -2  1 -1 -1 -3 -1 -1 -2  0 -4  6  0  1 -5 -4 -2    7   3   2   0   1   8   2   4   0   3   7   0   2   0  45   6   9   0   0   1  0.84 0.32
   26 S    2  1  0 -1 -3  1 -1 -2  0 -2 -3 -2 -1 -3  1  3  2 -2 -3 -1   17   8   3   3   0   6   3   1   3   2   0   0   2   0   7  28  12   1   0   4  0.30 0.21
   27 H    2  2  2 -1 -2  0  0 -1  2 -2 -2  0  0 -2  2  0  0 -4 -3 -2   19  15  11   2   0   3   5   5   6   2   3   2   3   1  12   5   4   0   0   1  0.23 0.16
   28 D    0  1  2  1 -2  1  0  0  0 -2 -2  0 -2 -3  1  1  1 -4 -2 -2    7   9   9   8   0   6   5   8   2   2   3   5   0   0   8  14   9   0   1   2  0.17 0.11
   29 Q   -1  2  0  0 -2  2  0 -1 -1 -2 -1  1  1 -2  2  1  0 -3 -2 -2    3  12   5   6   0   9   6   4   1   3   4   7   5   1  10  14   6   0   1   2  0.18 0.14
   30 R    1  4 -1 -2 -3  1 -1 -2  2 -1 -1  1 -2 -1  2  0  1 -1 -2 -2   11  25   2   1   0   5   2   2   5   4   7   8   0   2   9   7   8   1   1   1  0.26 0.19
   31 A    1  1  0 -1 -3  2  0 -1  3 -3 -3  0 -2 -2  1  3  0 -4  0 -2   11   7   4   3   0  10   4   5   7   1   1   5   0   2   7  25   5   0   3   1  0.26 0.20
   32 A    2 -1 -1 -1 -3 -2 -1 -1 -1  0 -1 -2 -1 -2  4  0  1  2 -1  0   24   3   2   3   0   1   4   4   1   7   4   1   1   1  19   7   8   3   1   5  0.28 0.20
   33 G    0 -1 -4 -5 -3 -3 -4 -2 -2  2  2 -3  0  1 -3 -3 -2  7  1  0    9   4   1   0   0   0   0   3   1  12  26   1   1   6   1   1   2  19   4   7  0.63 0.31
   34 R    0  5 -3 -3 -4  0 -3 -3 -1 -1  1  1  0 -1 -1 -2 -1  4  0 -1    8  32   0   0   0   4   0   1   1   4  12  10   3   2   3   2   2   6   4   5  0.39 0.26
   35 A    1 -2 -3 -4 -2 -2 -4 -3 -2  3  2 -3  0 -1  0 -2  1 -4 -1  3   12   1   1   1   1   2   0   1   1  21  16   0   2   2   4   2   8   0   2  23  0.34 0.22
   36 A    4 -4 -4 -4  0 -3 -4 -1 -4  2  2 -4  0  0 -3  0  0 -4 -3  2   35   0   0   0   2   0   0   3   0  12  19   0   2   3   1   5   5   0   0  12  0.44 0.29
   37 L    0 -4 -5 -5 -1 -4 -5 -2 -4  2  4 -4  1  3 -5 -3 -1  2 -2  1   10   0   0   0   1   0   0   3   0  12  40   0   3  14   0   1   3   2   0   9  0.57 0.30
   38 A    4 -2 -3 -4  0 -2 -3  3 -4 -1 -2 -2  0 -2 -2  1  0 -2 -2 -1   40   2   0   0   2   1   1  21   0   4   4   1   2   1   1  10   4   1   2   4  0.47 0.30
   39 G    1 -5 -4 -5  0 -5 -5  6 -5 -5  1 -5 -4 -4 -5 -1 -4 -6 -6 -4   10   0   0   0   2   0   0  69   0   0  13   0   0   0   0   4   0   0   0   1  1.45 0.58
   40 A    2 -4 -3 -4 -1 -3 -4 -1 -2  3  2 -4  4  3 -4  0 -1 -2 -2  0   19   0   0   0   1   0   0   4   1  16  16   0  12  14   0   7   4   0   0   5  0.40 0.27
   41 V    2 -4 -4 -5  5 -4 -4 -2 -4  2  3 -4  2  0 -4 -1 -1 -4 -2  0   18   0   0   0  14   0   0   2   0   9  32   0   4   4   0   5   3   0   1   7  0.53 0.30
   42 A    5 -4 -3 -4  0 -4 -4  2 -4 -1 -2 -4 -1 -5 -4  2  0 -5 -5  1   48   0   1   0   2   0   0  16   0   3   3   0   1   0   0  14   5   0   0   8  0.74 0.42
   43 L   -2 -4 -5 -5 -3 -2 -4 -5 -4  0  4 -4  4 -1  1 -1  2 -4 -4  1    3   0   0   0   0   2   0   0   0   4  47   0  10   2   8   5  11   0   0   7  0.66 0.37
   44 A    4 -4 -5 -5  0 -4 -4 -3 -4  1  2 -4  2  3 -4 -1 -1 -4 -3  1   40   0   0   0   2   0   0   1   0   9  17   0   5  11   0   2   4   0   0   9  0.59 0.36
   45 V    1 -5 -5 -5  0 -4 -5 -2 -5  4  1 -5  0 -3 -5 -2  0 -5 -4  5   11   0   0   0   2   0   0   3   0  22  15   0   2   0   0   3   5   0   0  38  0.73 0.37
   46 A    5 -5 -4 -5  0 -4 -4  3 -5 -3 -4 -4 -3 -4 -4  1  1 -6 -4  1   46   0   0   0   1   0   0  25   0   0   0   0   0   0   0   9   7   0   0   9  0.89 0.47
   47 L   -4 -4  0 -6 -5 -2 -5 -6  1  3  2 -5  8 -2 -5 -5 -4 -5 -4  1    0   0   5   0   0   1   0   0   4  16  21   0  41   1   0   0   0   0   0  10  1.26 0.56
   48 G   -2 -7 -5 -6 -1 -6 -6  7 -6 -8 -8 -6 -7 -8 -6 -3 -5 -7 -7 -7    2   0   0   0   1   0   0  95   0   0   0   0   0   0   0   1   0   0   0   0  2.54 0.87
   49 V   -4 -6 -6 -7 -4 -6 -6 -6 -6  5  3 -6  0  3 -5 -5 -4 -5 -2  2    0   0   0   0   0   0   0   0   0  40  31   0   1  12   0   0   0   0   1  13  1.15 0.48
   50 G    3 -5 -2 -5 -3 -4 -5  6 -5 -6 -6 -5 -5 -4 -5  0 -2 -6 -6 -3   24   0   1   0   1   0   0  62   0   0   0   0   0   1   0   8   2   0   0   2  1.44 0.60
   51 R   -6  9 -5 -7 -8 -4 -5 -7 -5 -8 -7 -3 -6 -8 -7 -6 -6 -8 -7 -8    0 100   0   0   0   0   0   0   0   0   0   0   0   0   0   0   0   0   0   0  3.17 1.09
   52 F   -7 -8 -8 -9 -7 -8 -8 -8 -6 -5 -4 -8 -1  9 -9 -7 -7 -2  0 -6    0   0   0   0   0   0   0   0   0   0   0   0   1  96   0   0   0   0   2   0  3.33 1.06
   53 A    6 -5 -4 -4 -3 -4 -4  0 -5 -2 -2 -4 -3 -2 -5  2 -3 -6 -4  1   61   0   0   1   0   0   0   7   0   2   3   0   0   2   0  14   0   0   0   9  1.04 0.55
   54 F   -7 -7 -7 -8 -7 -7 -7 -8 -2 -5 -2 -7 -4  6 -8 -7 -6 -3  9 -6    0   0   0   0   0   0   0   0   1   0   4   0   0  29   0   0   0   0  66   0  2.73 0.96
   55 T    1 -5 -3 -5 -5 -5 -5  0 -6 -2 -5 -5 -4 -6 -3  0  7 -7 -6 -3   12   0   1   0   0   0   0   7   0   2   0   0   0   0   1   4  72   0   0   1  1.64 0.76
   56 P    0 -6 -6 -6 -6 -5 -5 -3 -6 -5  1 -5  0 -6  8 -3 -3 -7 -7 -4    9   0   0   0   0   0   0   2   0   0  16   0   2   0  66   2   2   0   0   1  1.90 0.77
   57 L   -3 -6 -6 -7 -5 -1 -6 -7 -6  4  5 -6  4 -2 -6 -5 -4 -5 -4  1    2   0   0   0   0   3   0   0   0  28  50   0   9   1   0   0   0   0   0   7  1.20 0.53
   58 L   -4 -6 -7 -7 -5 -4 -6 -6 -6  2  6 -6  3 -1 -6 -5 -4 -2 -1  1    0   0   0   0   0   1   0   1   0  12  67   0   6   2   0   0   0   0   2   7  1.30 0.57
   59 P   -4 -5 -7 -7 -8 -5 -5 -6 -7 -8 -8 -5 -8 -9  9 -5 -4 -9 -8 -8    1   0   0   0   0   0   0   0   0   0   0   0   0   0  95   1   1   0   0   0  3.32 1.17
   60 L    2 -3 -3 -2 -3 -2 -2 -2 -1  1  2 -3  3  1  1 -1 -2 -3  1  1   20   0   0   3   0   1   1   3   1   6  26   0   7   5   6   5   1   0   5   8  0.26 0.23
   61 M   -6 -7 -7 -8 -6 -6 -7 -8 -7 -1  2 -7 10 -4 -8 -7 -4 -7 -6 -3    0   0   0   0   0   0   0   0   0   2  18   0  78   0   0   0   1   0   0   1  3.03 1.10
   62 L   -2  2 -4 -4 -4  4 -1 -4 -1  3  1  0  1 -3 -4 -3 -2 -5 -4  2    2  14   0   0   0  21   3   1   1  20  13   4   4   0   0   1   2   0   0  13  0.51 0.34
   63 A    2  0  1  2 -3  2  3 -1  2 -3 -3 -1 -4 -5 -3  0  0 -5 -4 -3   22   5   6  12   0   9  18   4   5   1   2   2   0   0   0   7   5   0   0   1  0.39 0.29
   64 G    2 -2 -2  5 -5  3  3  0  1 -5 -6 -3 -3 -5 -4  0 -3 -6 -5 -5   18   1   1  29   0  14  17   7   3   0   0   0   0   0   0   6   1   0   0   0  0.77 0.45
   65 G    1 -3 -1 -2 -4  0 -3  4  3 -3  2 -3 -1 -1 -4 -2  0 -2 -2 -2   14   1   3   2   0   4   1  29   7   0  26   1   1   2   0   1   5   1   1   1  0.43 0.31
   66 E   -1 -2 -1 -2 -5  1 -3  4  3 -2 -1 -4 -3 -3 -3 -1 -2  8 -3 -2    4   2   3   3   0   6   1  33   7   2   6   0   0   0   2   4   2  19   0   3  0.80 0.42
   67 L   -4 -6 -7 -7 -5 -5 -6 -5 -6  1  4 -6  1  4 -7 -5 -4  7 -1  1    1   0   0   0   0   0   0   1   0   7  44   0   3  18   0   0   0  16   2   8  1.24 0.54
   68 D   -2 -4  1  2 -5 -4 -3  0 -3 -6 -5 -4 -5 -6 -3  5  4 -7 -6 -5    2   0   6  11   0   0   1   7   0   0   0   0   0   0   1  45  26   0   0   0  1.06 0.59
   69 I    1 -2 -1  0 -3 -1 -1 -2  0  0  1 -1 -1  1  2  0 -1 -1  3  0   13   1   2   7   0   1   4   2   2   4  17   3   0   5   9   7   4   0  13   5  0.14 0.15
   70 R    3 -1 -1 -1 -3  0  0  0  0 -2 -2 -2 -2 -2 -1  2  2 -2 -2  0   29   3   1   3   0   5   5   5   2   1   4   1   1   2   2  13  13   1   1   7  0.25 0.23
   71 H    1 -2 -2  2 -4  5  2  0  0 -2 -2 -2 -1 -1 -3  0  1 -3 -4 -2   12   1   1  10   0  27  13   7   2   2   4   1   1   3   0   6   8   0   0   3  0.40 0.31
   72 G    5 -5 -5 -5 -4 -5 -5  4 -5 -3 -2 -5  0 -5 -5  0 -1 -6 -5 -1   53   0   0   0   0   0   0  28   0   1   3   0   3   0   0   5   3   0   0   4  1.11 0.56
   73 G    2 -5 -3 -4 -3 -4 -5  6 -4 -5 -6 -4 -4 -4 -5  1 -2 -6 -6 -2   17   0   1   0   0   0   0  64   0   1   0   0   0   1   0  10   2   0   0   3  1.43 0.61
   74 W    0 -4 -3 -4 -4  0 -3 -2 -1  0  2 -5  0  1 -5 -1 -1  8  4 -1    8   1   1   1   0   4   1   3   1   4  17   0   2   5   0   4   3  25  17   3  0.90 0.44
   75 L   -2 -6 -6 -7 -5 -5 -6 -6 -6  3  5 -6  3 -1 -5 -5 -4  0 -4  2    3   0   0   0   0   0   0   0   0  14  60   0   8   1   0   0   0   2   0  10  1.18 0.53
   76 A    5 -5  2 -5 -5 -3 -4  3 -5 -6 -6 -4 -5 -6 -5  0 -1 -6 -6 -4   58   0  12   0   0   1   0  20   0   0   0   0   0   0   0   6   3   0   0   0  1.22 0.61
   77 S    3 -5 -3 -4 -4 -4 -4 -1 -5 -4 -4 -4 -3 -3 -2  4  4 -6 -5 -2   26   0   0   0   0   0   0   5   0   0   0   0   1   1   2  30  31   0   0   2  0.95 0.55
   78 A    5 -5 -5 -5 -2 -4 -4 -1 -5  0 -1 -4 -1  1 -4  1 -1  4 -2  0   54   0   0   0   1   0   0   4   0   5   7   0   1   5   0   8   2   5   1   7  0.81 0.47
   79 N   -5 -5  9 -4 -7 -5 -5 -4  0 -1 -7 -5 -2 -7 -7 -4 -3 -8 -7 -7    1   0  89   0   0   0   0   1   2   4   0   0   1   0   0   0   2   0   0   0  2.69 1.01
   80 Y    1 -6 -3 -7 -4 -5 -6 -3 -2 -4  2 -6 -1  3 -6 -3 -4 -3  8 -4   12   0   1   0   0   0   0   3   0   0  20   0   1  12   0   2   1   0  48   0  1.40 0.64
   81 A    3 -5 -5 -6 -2 -4 -5 -3 -5  2  4 -5  0  1 -5 -3 -1 -5 -4  2   27   0   0   0   1   0   0   2   0  10  38   0   2   5   0   1   3   0   0  13  0.68 0.39
   82 G   -3 -6 -5 -6 -7 -6 -6  8 -6 -8 -8 -3 -7 -7 -6 -4 -6 -7 -7 -7    1   0   0   0   0   0   0  96   0   0   0   2   0   0   0   1   0   0   0   0  2.62 0.92
   83 Y   -7 -7 -5 -8 -7 -6 -7 -8 -2 -6 -6 -7 -6 -1 -8 -7 -5  1 10 -6    0   0   1   0   0   0   0   0   0   0   0   0   0   1   0   0   0   2  95   0  3.52 1.18
   84 F   -4 -6 -7 -7 -3 -6 -7 -5 -6  0  6 -6  2  4 -7 -5 -4 -1 -4 -1    1   0   0   0   0   0   0   1   0   3  72   0   4  14   0   0   0   1   0   3  1.52 0.66
   85 V    2 -5 -5 -5  0 -4 -5 -3 -5  3  3 -5 -1  0 -5 -1 -1 -5 -3  3   16   0   0   0   2   0   0   2   0  19  29   0   1   3   0   4   3   0   1  21  0.62 0.36
   86 G   -2 -7 -5 -6 -7 -6 -7  7 -7 -8 -5 -6 -4 -3 -7 -4 -5 -7 -7 -7    3   0   0   0   0   0   0  92   0   0   1   0   1   1   0   1   1   0   0   0  2.47 0.93
   87 A    6 -6 -5 -6 -1 -5 -5 -3 -6 -4 -4 -5 -5 -6 -3  1 -1 -7 -6 -1   77   0   0   0   1   0   0   1   0   0   1   0   0   0   1  10   3   0   0   5  1.62 0.76
   88 M   -2 -5 -6 -6 -4 -5 -6 -4 -6  2  5 -5  2  2 -4 -4 -4  0 -1  2    4   0   0   0   0   0   0   1   0  11  56   0   4   7   1   1   0   1   2  11  0.98 0.47
   89 T    1 -3 -3 -2 -1 -3 -4 -1 -2  2  3 -4  0  0 -4  0  0  2 -2  1   16   1   0   2   1   0   0   5   1  10  29   0   1   4   0   7   7   3   1  12  0.30 0.24
   90 C    5 -5 -4 -5  3 -4 -4  1 -3 -2 -1 -4  0 -1 -3  0  1 -5 -3  0   48   0   0   0   7   0   0   9   0   2   5   0   2   3   1   6   9   0   1   7  0.72 0.44
   91 A    3  0 -2 -2 -3 -2 -2  1  2  0 -1 -2  2 -1  0  1  0 -2 -2 -1   24   5   1   2   0   1   1  11   5   7   5   1   5   2   5  12   7   0   1   4  0.19 0.20
   92 R    1  4 -4 -5 -4 -2 -3 -2 -1 -1  0  0 -1  2  0 -1 -1  5  0 -1   11  25   0   0   0   1   0   3   1   3  10   6   1   9   5   4   4   8   3   5  0.40 0.30
   93 I    0 -1 -3 -5 -2 -2 -4 -2 -4  2  3 -4  2  2 -1 -2 -2  3 -1  1    8   3   1   0   1   1   0   3   0  12  33   0   4   8   3   3   2   5   1  11  0.40 0.27
   94 A    2  4 -1 -4 -5 -1 -3 -1  1 -2 -2  0 -2 -3  3  1  0  3 -4 -2   16  22   3   0   0   3   1   4   4   2   4   4   1   1  16   9   5   4   0   3  0.43 0.32
   95 V    0  2  0 -2 -1 -1 -2  0 -2  0  0 -1 -1  1  0 -1 -1  5 -1  1    6  16   4   2   1   2   1   7   1   6  10   3   1   8   5   4   3   9   1  10  0.17 0.17
   96 D   -1  3  0 -2 -4  0 -2  3  3 -3 -1 -1 -2 -4  1  0 -2 -1 -3 -4    4  20   4   2   0   3   2  23   8   1   7   3   1   0   8   8   2   1   0   0  0.39 0.29
   97 P    1  1  0 -1 -2  0  0 -1  0 -2 -1  1  0 -3  3  1  0  0 -1  0   12   9   4   2   1   3   5   4   2   2   5   8   2   0  17  10   4   1   2   6  0.19 0.16
   98 A    1  5 -1 -2 -4  0 -1  0  1 -4 -2  0 -2 -2  0  0  0  0 -2 -1   13  32   2   2   0   3   4   6   3   0   5   5   1   2   4   6   5   2   1   4  0.38 0.29
   99 R    0  5 -1 -4 -5  0 -3 -3 -1 -2 -1  1 -2 -1 -1  0  0  0 -2 -2    7  40   2   0   0   4   0   2   1   2   7   9   1   3   3   7   6   2   1   3  0.58 0.38
  100 M    1  0 -3 -4 -1 -2 -3 -2 -2  1  2 -2  1  0 -3 -1  1  3 -1  2   14   6   0   0   1   1   0   3   1   6  25   1   4   5   1   3   8   5   2  15  0.24 0.20
  101 V   -2 -3 -5 -6  0 -4 -5 -4 -2  2  3 -5  2  4 -4 -4 -3 -1  2  1    4   1   0   0   2   0   0   1   1  13  36   0   6  17   1   0   1   0   8  10  0.65 0.35
  102 R   -1  5 -2 -3 -4  0 -3 -3 -2  0  1  0  0  0 -2 -2 -1 -1 -1  0    5  37   2   1   0   4   0   2   1   5  17   4   2   4   1   2   3   1   2   7  0.44 0.31
  103 A    2 -3 -3 -4  1 -3 -4  0 -2  2  1 -3  0  1 -3 -1  0  3 -1  1   22   1   0   0   3   0   0   9   1  14  17   0   1   5   1   4   5   5   2  11  0.27 0.22
  104 G    2 -4 -2 -4  3 -3 -4  4 -3 -3 -2 -4  1 -2 -2  3 -2 -1 -2 -3   18   0   1   0   5   1   0  37   0   1   3   0   4   2   2  21   1   1   1   1  0.70 0.41
  105 L    0 -5 -5 -6 -1 -4 -5 -3 -5  1  5 -5  4  0 -6 -3 -2 -2 -3  0    7   0   0   0   1   0   0   2   0   6  59   0  12   3   0   1   2   0   0   5  0.98 0.49
  106 V    2 -4 -5 -5  0 -4 -4 -1 -5  2  3 -4  1  1 -4 -2 -2  3 -2  3   17   0   0   0   2   0   0   4   0  12  27   0   2   5   0   1   2   4   1  22  0.49 0.31
  107 A    2 -4 -5 -5 -2 -4 -4  0 -5  2  3 -4  0 -1 -4 -2 -1 -3 -4  2   20   0   0   0   1   0   0   9   0  11  34   0   1   2   0   3   3   0   0  16  0.50 0.33
  108 T    1 -3  1 -3  3 -2 -3 -1 -2  1  0 -3 -1 -4 -4  2  3 -5 -2  1   13   0   7   0   6   1   0   3   1   7   7   0   1   0   0  20  22   0   1  12  0.37 0.30
  109 V    3 -4 -3 -4 -1 -3 -4  0 -4  2  0 -4 -1 -2 -3  0  1 -5 -4  4   24   0   0   0   1   1   0   6   0   9   8   0   1   1   0   5   9   0   0  33  0.48 0.34
  110 L    2 -4 -5 -5 -1 -3 -5 -2 -5  2  3 -4  0  0 -3 -3 -2 -4 -3  3   17   1   0   0   1   0   0   4   0  11  36   0   1   3   1   1   1   0   0  22  0.57 0.35
  111 L    2 -4 -3 -4  1 -3 -4 -1 -4 -2  1 -3 -1 -1 -3  3  3 -5 -4 -1   16   0   0   0   3   0   0   4   0   2  15   0   1   2   1  28  23   0   0   5  0.51 0.38
  112 T   -3 -4 -3 -4 -2 -3 -3 -5 -5 -1  3 -4  3  2 -5 -2  5 -3 -1 -1    1   0   0   0   1   0   1   0   0   3  27   0   7   8   0   2  43   0   2   4  0.83 0.48
  113 F    3 -4 -4 -5 -1 -4 -4 -1 -4  1  3 -4  1  3 -4 -2 -2  1 -2  0   29   0   0   0   1   0   0   5   0   7  32   0   2  12   0   1   2   2   1   5  0.51 0.33
  114 A    4 -4 -4 -5  0 -3 -4  1 -4 -1  3 -4  1 -1 -4 -1 -2  0 -4 -1   42   0   0   0   2   0   0  12   0   2  27   0   3   2   0   3   2   2   0   3  0.61 0.39
  115 M   -3 -5 -4 -6  6 -2 -4 -4 -4 -2 -1 -5  8 -3 -3  2  2 -2 -4 -1    1   0   0   0  15   2   1   1   0   1   5   0  42   1   1  14  11   0   1   3  1.36 0.64
  116 G    4 -5 -4 -5 -2 -4 -4  5 -5 -1 -4 -4 -3 -3  0  0 -1 -2 -3 -2   36   0   0   0   1   0   0  40   0   3   1   0   1   1   5   6   3   1   1   3  0.91 0.47
  117 L    0 -4 -4 -5 -1 -3 -4 -3 -4  1  3 -4  1  3 -2 -2  0  5  0  2    7   0   0   0   1   1   1   2   0   6  34   0   3  12   1   2   5   8   2  13  0.50 0.29
  118 A    1 -3 -1 -1 -3 -2 -2 -2 -2  0 -2 -3 -2  0  3  1  4 -1 -3  0   11   1   2   4   0   1   2   3   1   5   4   1   0   4  14  10  31   1   0   6  0.40 0.30
  119 S    0 -1  0  2 -2  0  0  1  2 -2 -1 -2 -2  0  0  1  1  1 -1 -1    9   2   4  12   0   4   6   9   7   2   8   1   0   4   4  12  11   2   1   2  0.11 0.12
  120 P    0 -2  2  2 -4  0 -1  2  1 -4 -2 -3 -3 -4  1  2  0 -1 -2 -3    7   2  10  13   0   3   2  19   4   0   4   0   0   0   7  21   4   1   1   1  0.37 0.27
  121 F   -1 -3 -3 -3 -4 -3 -1 -3 -1  0  1 -3  2  5  1 -2  0  0  2  1    4   1   1   1   0   1   4   1   2   5  15   0   5  29   8   2   5   1   6  10  0.42 0.25
  122 W    1 -2 -2 -2 -3 -2 -2  0 -2  1  0 -3 -1  0  2  0  0  6  0  0   16   1   2   1   0   1   2   6   0  10  12   1   1   3   9   5   5  13   3   7  0.28 0.19
  123 V    2 -3 -3 -4 -1 -2 -3 -2 -2  0  2 -3  1  0  0 -2 -1  7 -1  1   21   1   0   0   1   1   0   3   1   5  19   0   4   4   4   2   3  21   1   8  0.55 0.28
  124 W   -1 -4 -5 -5 -4 -1 -4 -3  0  0  2 -4  2  3 -4 -4 -3  9  0 -1    4   1   0   1   0   3   0   1   2   4  26   0   6  11   1   0   1  35   2   3  1.20 0.42
  125 A    2 -3 -1 -3  0 -2 -2  1 -2  1  1 -2  1  1 -2  0 -1  0  0  0   19   0   2   0   2   1   0  10   1   7  20   1   4   8   1   8   3   1   2   7  0.12 0.12
  126 L    2 -3 -3 -4 -1 -3 -3  0 -4  2  2 -3  0  1 -2 -1  0 -1 -2  2   18   0   0   0   1   0   0   6   0  16  22   0   1   8   1   2   5   1   0  19  0.28 0.19
  127 V   -1 -4 -3 -5  0 -2 -4 -1 -4  1  4 -4  1  0 -4 -2 -2  7 -2  0    5   0   1   0   2   2   0   5   0   8  42   0   4   3   0   3   2  18   0   5  0.68 0.30
  128 R   -3  8 -4 -5 -7 -1 -3 -5 -3 -6 -5 -1 -2 -3 -5 -4 -4 -1 -2 -6    1  93   0   0   0   1   0   0   0   0   0   0   1   1   0   0   0   1   1   0  2.24 0.72
  129 F    0 -4 -4 -5 -1 -4 -4 -1 -3 -1  2 -4  0  6 -4 -2 -1  1  1  0    8   0   0   0   1   0   0   6   0   2  21   0   1  45   0   1   4   2   3   6  0.67 0.29
  130 V    0 -3 -3 -4  0 -3 -3 -2 -3  3  3 -3  1  1 -3 -1 -1 -3 -2  2    9   0   0   0   1   0   0   3   0  17  34   0   2   6   0   3   3   0   0  19  0.33 0.16
  131 G    4 -2  0 -2  0 -1 -2  0 -1 -1 -1 -2 -2 -3 -1  2  1 -3 -3 -1   44   0   3   0   2   1   0   7   1   4   4   0   0   0   1  20   7   0   0   3  0.39 0.22
  132 G   -2 -4 -2 -3 -4 -3 -4  7 -4 -5 -5 -3 -4 -4 -4 -2 -3 -4 -4 -4    1   1   0   1   0   0   1  91   0   1   1   1   0   0   1   1   1   0   0   1  1.78 0.45
  133 A    0 -3 -3 -3 -1 -3 -3 -1 -3  3  2 -3  1  2 -2 -2 -1  1  0  3    9   0   0   0   1   0   0   4   0  20  17   0   4   9   1   2   1   3   1  24  0.26 0.14
  134 V    3 -3 -1 -3  1 -2 -2  1 -3 -2 -1 -2 -1  0 -3  2  2 -3 -2 -1   35   0   1   0   2   0   1  10   0   1   3   0   2   5   0  23  12   0   1   4  0.35 0.22
  135 S    1 -3  0 -2  1 -2 -3  3  0 -4 -4 -2  0 -4 -3  4  0 -4  0 -1    8   0   3   0   3   0   0  26   3   0   0   0   3   0   0  43   5   0   3   4  0.57 0.29
  136 A    4 -3 -3 -3 -3 -3 -3  3 -4 -1 -3 -3 -3 -4 -3  0  1 -4 -4 -1   51   0   0   0   0   0   0  27   0   4   0   0   0   0   0   6   7   0   0   5  0.72 0.32
  137 W    1 -3 -2 -3  0 -1 -2  0 -1  1  0 -2  1  1  0  0  0  4  0  1   18   0   2   0   2   2   0   9   2   8  10   0   3   6   5   6   4   7   2  15  0.14 0.11
  138 T    1 -3 -3 -3  1 -3 -3  2 -3  1  1 -3  1 -1 -3 -1  0 -3 -2  2   16   0   0   0   3   0   0  21   0   9  15   0   4   3   0   4   6   0   0  19  0.25 0.16
  139 F   -1 -4 -2 -4 -3 -3 -4 -3 -3  0  2 -4  6  5 -4 -2 -2 -2  1  0    4   0   2   0   0   0   0   2   0   4  21   0  28  29   0   2   2   0   4   3  0.66 0.30
  140 V   -1 -4 -4 -4 -2 -3 -4 -3 -4  3  1 -4  1 -1 -2 -1 -1 -4 -2  4    4   0   0   0   0   0   0   2   0  22  13   0   2   2   2   3   2   0   0  47  0.58 0.26
  141 F    0 -3 -2 -4  2 -2 -3 -1  0  1  2 -3  0  2  1 -1 -1 -1  0  1   10   1   1   0   6   2   0   4   2   5  30   0   2  11   7   4   4   1   2   9  0.20 0.16
  142 A    3 -4 -3 -3  1 -3 -3  3 -4  1 -2 -3  0 -4 -2  0  1 -4 -4  1   33   0   0   0   4   0   0  25   0   8   2   0   2   0   1   7   7   0   0  10  0.46 0.28
  143 S    2 -3 -2 -3 -3 -2 -3  2 -1 -1 -2 -2  1 -1  1  3  1 -4 -2  0   18   0   1   0   0   0   0  13   1   3   3   0   4   2   8  32   8   0   1   5  0.36 0.26
  144 Q    3 -2 -1 -2 -3  0 -2  3 -1 -2 -2 -2 -1 -3  2  2  0 -4 -3 -1   27   1   2   2   0   4   1  21   1   1   2   1   1   1   8  17   6   0   0   4  0.34 0.22
  145 W    0 -2 -3 -3 -3 -2 -3 -3 -2  1  3 -3  1  1 -4 -2  0  6  0  0   10   1   1   1   0   1   1   2   1  10  34   1   4   5   0   3   5  15   2   5  0.49 0.27
  146 G    2 -3 -3 -4  3 -3 -4 -2 -4  2  0 -3  1 -2 -3 -1 -1 -4 -2  4   19   1   1   0   7   0   0   3   0  14   8   0   3   1   1   3   4   0   1  35  0.46 0.29
  147 L    1 -3 -2 -4 -2 -1 -3 -2 -2  0  4 -3  3  0 -2  0  0 -3 -1  0   12   0   2   0   1   4   0   3   1   4  42   0   8   4   2   6   5   0   1   6  0.35 0.25
  148 R    1  2  1  1 -3  1  1  0  1 -3 -2  0 -2 -3  1  1  0 -4 -2 -2   15  12   7   9   0   7   8   8   4   0   4   3   1   1   6  10   4   0   1   3  0.16 0.13
  149 R    0  3 -2 -2 -2  0 -1 -1  3  0 -1 -1 -2 -1 -2 -1 -2  7  0 -1   10  19   2   2   1   4   3   4  10   5   7   2   1   2   2   3   2  16   2   5  0.42 0.27
  150 V    1 -2 -3 -4 -2 -3 -4 -2  0  0  4 -4  1  1 -3 -2 -1 -4 -1  2   11   2   1   1   1   1   0   3   2   3  44   0   2   7   1   3   4   0   1  12  0.42 0.28
  151 V    3  0 -2 -1 -3 -1 -1  0  1 -1 -1 -1 -1 -2  3  1  0 -4 -2 -1   28   4   1   3   0   3   3   5   3   3   6   3   2   1  15   8   6   0   1   4  0.25 0.21
  152 E    1  2  0  0 -3  1  1 -1  1 -2 -2  0 -2 -3  3  0 -1 -2 -2 -2   15  15   3   5   0   6   9   5   4   2   3   4   1   1  15   6   3   0   1   2  0.26 0.20
  153 H    1  2  1 -1 -3  0  0 -1  4 -2 -1  0 -1 -3 -2  1 -1 -4 -2 -2   14  14   8   3   0   5   6   5  14   2   6   3   2   1   2  10   4   0   1   2  0.24 0.21
  154 G   -2  4  1 -1 -5  2 -2  4  2 -3 -3  0 -1 -4 -2 -1 -1 -2 -1 -3    2  24   5   3   0   9   2  28   5   1   2   4   1   0   2   4   3   1   2   1  0.52 0.34
  155 A    1  6 -1 -2 -4  1 -1 -2  2 -5 -3  2 -1 -2 -3  0 -2 -3 -2 -2   11  42   2   2   0   5   3   3   4   0   2  10   1   2   1   7   1   0   1   3  0.71 0.43
  156 P    2  1 -1 -3 -4 -1 -2  3 -2 -3 -3 -1 -1 -5  4  0  0 -3 -4 -2   15   9   3   1   0   3   2  21   1   1   3   3   2   0  22   6   5   0   0   2  0.48 0.33
  157 A    1  2 -1 -1 -3  0 -1  0  1 -1  0  0  0  0  1  0  0  0 -1 -1   14  13   3   3   0   3   2   7   4   3  11   4   3   4   6   7   5   2   2   4  0.07 0.10
  158 W    2 -1 -4 -2 -2 -2 -1 -2 -1  0  3 -3  0 -1 -2 -2 -2  4 -1  1   22   3   0   2   1   2   5   3   1   3  31   1   2   2   1   1   2   6   2   9  0.35 0.28
  159 G    1 -3 -1 -3 -3 -1 -2  2 -4  0  2 -3  1 -2 -2  2  1 -4 -3  0   14   1   2   1   0   2   1  16   0   7  19   0   3   2   2  19   7   0   1   5  0.27 0.25
  160 G    2 -6 -3 -4 -6 -5 -5  6 -4 -5 -4 -5 -4 -3 -1  0 -2 -6 -5 -4   15   0   1   1   0   0   1  64   0   1   2   0   0   1   3   7   2   0   0   1  1.41 0.68
  161 V    0 -3 -5 -6 -2 -4 -4 -3 -3  4  3 -4  1  1 -4 -3 -2  5 -1  2    7   1   0   0   1   0   1   2   1  20  27   0   4   6   1   1   2   8   2  16  0.63 0.36
  162 I   -1 -5 -5 -5 -3 -3 -5 -3  5  2  1 -5  2  2 -3 -3 -1 -4  3  3    6   0   0   0   0   1   0   2  13  14  13   0   5   8   1   2   4   0  12  20  0.58 0.36
  163 Y   -4 -6 -7 -7 -6 -6 -7 -4 -4 -2 -3 -7  0  8 -6 -4 -4 -1  6 -3    1   0   0   0   0   0   0   1   0   2   2   0   2  56   1   1   1   0  29   2  2.12 0.85
  164 T    3 -5 -4 -4  0 -4 -4  3 -5 -1 -3 -4  0 -3 -4  3  2 -5 -2 -1   29   0   0   0   2   0   0  21   0   3   3   0   3   1   0  23  12   0   1   3  0.67 0.44
  165 G   -3 -7 -5 -6 -7 -6 -7  8 -6 -8 -6 -6 -7 -4 -7 -4 -6 -7 -7 -7    2   0   0   0   0   0   0  94   0   0   1   0   0   1   0   1   0   0   0   0  2.61 1.01
  166 P    0 -2  1 -2  3 -2 -2  0 -2  1  0 -2  2  1  1  0  1 -2 -1  0    8   0   8   0   8   0   0   8   0   8   8   0   8   8   8   8   8   0   0   8  0.10 0.11
  167 G    1 -2 -1 -2  4 -1 -1  1 -2 -1 -2 -1 -1 -2  2  1  1 -3 -2  0   13   1   1   1  13   1   1  13   0   1   1   1   0   0  13  13  13   0   0  13  0.23 0.07
  168 I    0 -3 -2 -3  1 -2 -3  2 -3  1  2 -1  1  0 -1 -1  0  1 -2  1    9   0   0   0   3   0   0  18   0  10  23   3   3   5   3   3   7   3   0  11  0.14 0.10
  169 G    1 -3 -2  0 -3 -2 -2  5 -3  1  0 -2  1 -3 -3  0 -2 -3 -3 -2   10   0   0   7   0   0   0  49   0  12   7   0   7   0   0   7   0   0   0   0  0.48 0.18
  170 I    1 -3 -3 -3  2 -2 -3  0 -3  3  1 -3  3  1  0 -2  0 -3 -1  1   12   0   0   0   5   0   0   9   0  28   6   0  13   9   5   0   5   0   0   8  0.20 0.12
  171 V    2 -3 -2 -4  1 -3 -3 -2 -3  2  1 -3  1  0 -3 -1 -1 -3 -1  3   20   0   2   0   3   0   0   3   0  14  14   0   4   5   0   3   3   0   2  28  0.28 0.17
  172 A    0 -3  1  0  3 -2  0  0 -2  0  0 -2  2  1 -3  0  0  4 -1  0    7   0   7   7   7   0   7   7   0   7   7   0   7   7   0   7   7   7   0   7  0.12 0.15
  173 T    1 -3  1 -2  2 -2 -2  1 -3  0 -1 -2  1 -3  0  3  1 -4 -3  1    9   0   8   0   5   0   0  12   0   4   6   0   4   0   4  28   8   0   0  10  0.22 0.20
  174 G    0 -2  1  1 -3 -1  0  0 -2  0  0  0 -1  1  1  0  0  4 -1  0    7   0   7   7   0   0   7   7   0   7   7   7   0   7   7   7   7   7   0   7  0.09 0.11
  175 L    0 -3 -1 -3  1 -1 -1 -2  0  1  3 -3  1  0 -1 -1  0  2  0  1    6   0   3   0   3   3   4   4   3   9  31   0   3   4   3   4   5   3   3   8  0.17 0.19
  176 I    0  0  0 -2  2 -2 -2  0 -2  0  0 -2  1  1  1  0  0  4  1  0    7   7   7   0   6   0   0   7   0   7   7   0   6   6   7   7   7   6   6   7  0.11 0.14
  177 G    1 -1 -1 -2  3 -1 -2 -1 -3  1  0 -2  1 -1  0  0  0 -4 -3  3   10   2   2   2   8   3   2   4   0   9  10   2   3   3   5   6   5   0   0  23  0.16 0.18
  178 F    0 -1 -1 -2 -3 -1 -1 -1  0 -1  1 -2  1  0  3  0 -1  4  1 -1    9   3   3   2   0   3   3   4   2   3  16   2   5   3  18   6   2   7   4   5  0.24 0.22
  179 A    2 -2 -2 -2 -3 -1 -2  0 -1  0  1 -2  1  0  0 -1  0  3  0  1   22   2   1   2   0   2   2   7   1   4  12   2   4   5   5   5   7   5   3  10  0.15 0.19
  180 L    0  0 -2  0  2  0  0 -1  2  0 -1 -2  1  1  0  0  0  3  1  0    6   6   0   6   5   5   6   6   5   6   6   0   5   5   6   6   6   5   5   6  0.07 0.13
  181 A   -1  0  0  0  2  0  0 -1  2  0 -1  0  2  1  0 -1  0  4  1 -1    5   5   5   5   5   5   5   5   5   5   5   5   5   5   5   5   5   5   5   5  0.09 0.08
  182 G   -1  0  0  0  2  0  0 -1  2  0 -1  0  2  1  0 -1  0  4  1 -1    5   5   5   5   5   5   5   5   5   5   5   5   5   5   5   5   5   5   5   5  0.09 0.08
  183 R    0 -1 -1 -1 -3  0 -1 -1  1  1  1 -1  1  2 -1  0 -1  4  1  0    9   4   3   3   0   5   2   4   4   7  13   3   5   9   3   6   3   5   6   6  0.09 0.11
  184 H    0  0  1  0 -4  0 -2  3  3 -4 -1 -2  0  1 -1  1 -1  2  0 -2    6   5   7   5   0   4   2  21   7   0   6   2   3   6   3  11   4   3   3   3  0.21 0.22
  185 A    1 -3 -1 -1 -5 -1 -2  1 -5 -1  0 -3  0 -1  0  1  0  7 -4  0   12   2   3   4   0   2   2  12   0   4  10   2   2   2   5  10   5  16   0   7  0.43 0.35
  186 A   -1  0  0  0  2  0  0 -1  2  0 -1  0  2  1  0 -1  0  4  1 -1    5   5   5   5   5   5   5   5   5   5   5   5   5   5   5   5   5   5   5   5  0.09 0.08
  187 L    0  0 -1 -1  1  0  0  1  1 -1  0 -1  1  0 -1  0  0  5  0 -1    9   4   3   4   3   5   7  10   3   3   8   3   3   4   3   6   5   8   3   5  0.12 0.12
  188 G    3 -1 -2 -2 -7  2 -2  3  0  0 -1 -6  1 -7 -2 -1  2  2 -1 -1   19   3   3   2   0   7   2  18   2   6   7   0   3   0   2   5  12   2   2   4  0.35 0.29
  189 W   -4 -2 -3 -3 -13 -3 -3 -3 -13 -4 -5 -13 -1 -3 -2 -4 -3 12 -2 -4    2   3   2   2   0   2   2   3   0   2   2   0   2   2   3   2   2  68   2   2  3.37 1.55
  190 I   -1  1 -2 -4  0  0 -1 -2  0  2  2 -1  1  1 -1 -2  0  5  0  0    5   8   2   0   2   4   4   2   2  11  23   2   3   5   3   2   6   7   3   5  0.21 0.21
  191 G    1 -1 -1 -1  1 -1 -1  1  0  0  0 -3  1  0 -1  0  0  4  0  0   12   3   3   3   4   3   3  11   3   7   9   0   3   5   3   7   4   7   4   6  0.10 0.12
  192 F    0 -3  0  0  2 -2  0  0  2  0 -1 -2  1  1  1  0  0  4  1  0    6   0   6   6   6   0   6   6   6   6   6   0   6   6   6   6   6   6   6   6  0.11 0.16
  193 A    1 -1  0 -4 -5 -1 -1  3  0 -1 -2 -1  1 -1 -1  0 -1  6  1 -1   15   3   4   0   0   3   4  21   3   3   3   3   3   3   3   7   4  10   5   4  0.34 0.31
  194 A    1 -1 -1 -1  3  0 -1  0 -2  1  0  0  0  0 -1 -1 -1  1  1  1   14   3   3   3   7   4   4   6   0   8  10   5   3   4   3   3   4   3   5  10  0.06 0.10
  195 A    0 -2 -2 -2  2  0 -2  0  2  0  0 -2  1  1  1  0  0 -2  1  0    7   0   0   0   7   7   0   7   7   7   7   0   7   7   7   7   7   0   7   7  0.09 0.14
  196 S    2 -2  0 -1  2 -2 -2  1 -2  0  0 -2  1  0 -2  1  1 -2  0  0   19   0   4   4   6   0   0  10   0   4   9   0   4   4   0  14   8   0   4   9  0.10 0.12
  197 A    0 -2 -2 -2  3 -1  0  0 -2  0  0 -2  1  1  1  0  0 -2  1  0    8   0   0   0   7   0   8   8   0   8   8   0   7   7   8   8   8   0   7   8  0.09 0.11
  198 V    0  0 -2 -3  2  0 -2  0 -2  0  0 -2  1  1  1  0  0  4  1  0    7   7   0   0   6   7   0   7   0   7   7   0   6   6   7   7   7   6   6   7  0.12 0.15
  199 L    0  0  0  0  2  0  0  0 -1  0 -1  0  1  0  1  0  0 -2  1  0    6   6   5   6   5   5   6   6   0   6   6   6   5   5   6   6   6   0   5   6  0.03 0.06
  200 T    0 -2 -2  0  2 -2  0  0 -2  0  0  0  1  1  1  0  0  4  1  0    6   0   0   6   6   0   6   6   0   6   6   6   6   6   6   6   6   6   6   6  0.08 0.13
  201 A    1 -3 -1 -3  1 -1  0  0  0  1  1 -2  1  0  0 -1 -1  2  0  1   17   0   3   0   3   3   6   6   3   7  15   0   3   4   4   3   3   3   3  11  0.08 0.14
  202 F    0 -3 -2 -2  0 -2 -3  0 -3  0  1 -3  1  2  2  0 -1  4  1  1    9   0   2   2   2   2   0   7   0   6  16   0   3   8  10   8   3   7   4  10  0.19 0.20
  203 V    0  0  0  0  2 -2  0  0 -2  0  0 -2  1  1  1  0  0  4 -2  0    6   6   6   6   6   0   6   6   0   6   6   0   6   6   6   6   6   6   0   6  0.08 0.14
  204 W    0  1 -1 -1  1 -1 -3  0  1  0  0 -3  1  0 -1 -1  0  7  1 -1    7   7   3   3   4   3   0   9   3   5   8   0   4   4   3   5   6  18   5   4  0.37 0.29
  205 R   -1  0  0  0  2  0  0 -1  2  0 -1  0  2  1  0 -1  0  4  1 -1    5   5   5   5   5   5   5   5   5   5   5   5   5   5   5   5   5   5   5   5  0.09 0.08
  206 A   -1  0  0 -2  2  0  0 -1  2  0 -1  0  1  1  0  0  0  3  1  0    5   5   5   0   5   5   5   5   5   5   5   5   5   5   5   5   5   5   5   5  0.07 0.11
  207 F   -1 -1 -1 -1  1 -1 -2 -1  1  1  1 -2  2  1  0 -2 -1  6  0  0    6   3   3   4   3   3   3   6   3   6  15   3   4   6   5   4   4  10   3   7  0.22 0.16
  208 G    0  2  0  0  0 -1 -2  0  0  0 -1 -2  1 -2  4 -1 -2  1 -2 -1    7  11   4   6   2   3   3   8   2   6   7   3   3   2  18   5   3   2   2   4  0.21 0.19
  209 A    0  2 -1  0 -6  0  0  0  0 -2 -1  0  0 -2  2 -1  1  2 -2 -2    7  12   4   6   0   4   5   8   3   2   6   6   2   2  12   5   9   3   2   4  0.17 0.17
  210 A    2  0 -2  0 -1  0  0  1  0  0 -1 -1  0 -2  3  0  0  1 -2 -1   14   5   2   4   2   4   5   9   3   5   7   4   2   1  13   8   5   2   1   5  0.12 0.14
  211 G   -1  0  0  0 -3  0  0 -1  2  0 -1  0  1  0  0  0  0  3  1  0    5   5   5   5   0   5   5   5   5   5   5   5   5   5   5   5   5   5   5   5  0.06 0.08
  212 A    0  0  0  0 -3  0  0 -1  1 -1 -1  0  0 -1  2  0  1  1  0 -1    9   7   3   5   0   5   6   4   3   4   6   4   3   3  11   6   9   2   3   5  0.07 0.11
  213 G    1  0  0  0  0  0 -1  1  1 -1 -2 -1 -1  0  2  1  0 -4 -1 -1   14   6   3   5   2   4   4  11   4   3   4   3   2   4  12   9   6   0   2   4  0.12 0.14
  214 T    0  0  0  0  2  0  0  0  1  0 -1  0  1  0  1  0  0 -3 -1  0    6   6   5   6   5   5   6   6   5   6   6   6   5   5   6   6   6   0   0   6  0.03 0.07
  215 D    0  0  0  0  2  0  0 -1  1  0 -1  0  1  0  0  0  0 -2  1  0    5   5   5   5   5   5   5   5   5   5   5   5   5   5   5   5   5   0   5   5  0.03 0.05
  216 G    1  0  1  0  1  0  0  1  1 -1 -2  0  0 -1  1  1  1 -4 -3 -1   11   6   6   4   3   4   4  11   3   3   3   4   3   3   8   8   9   0   0   5  0.09 0.11
  217 G    1 -1  0  0  0  0  0  1  1 -2 -2  0  0 -2  2  1  1 -4 -1 -1   14   4   4   4   2   4   4   9   3   2   3   4   2   2   9  10  11   0   2   5  0.12 0.15
  218 Q    1  0  0  0 -3  1  0  0  2 -1 -2 -1 -1 -4  1  1  2  0 -1 -1   14   6   4   5   0   7   6   5   5   3   3   3   2   0   7   9  13   2   2   5  0.14 0.19
  219 S    1  0  1 -1 -3  1  0  1  0 -1 -2  0 -1 -2  1  1  1 -4  0 -1   12   6   6   3   0   6   5  12   2   3   2   4   1   1   6  13   9   0   4   5  0.12 0.16
  220 R    1  1  0  0 -1  1  0 -1  1 -1 -2  0 -1 -2  3  0  1 -4 -2  0   12   7   4   5   1   7   5   5   3   2   4   5   1   2  13   7  10   0   1   6  0.15 0.17
  221 G    1  0  0  0  2  0  0  1  0 -2 -2 -1 -3 -2  2  1  1 -4 -2 -1   15   4   4   6   4   4   6   9   2   2   2   4   0   1   9  10  12   0   1   5  0.15 0.18
  222 G    1  1  0  1 -4  0 -1  2  0 -2 -2  0 -1 -3  2  1  1  0 -3 -1   10   8   4   8   0   4   3  15   2   3   2   5   2   1  11   9  10   1   0   4  0.17 0.19
  223 A    2  0  0 -1  1  0 -1  1  0 -2 -2 -1 -2 -3  2  1  0 -1 -2  0   18   4   5   3   3   5   3  11   2   2   4   2   1   1  11   9   7   1   1   6  0.15 0.18
  224 K    0  1  0  0 -2 -1  0 -1  2 -2 -3  1 -1 -5  3  1  2 -2 -3 -1    8   8   4   6   1   2   6   5   5   3   2   7   1   0  14   9  13   1   1   4  0.23 0.24
  225 R    0  3  1  0 -5  0 -1  0  0 -3 -2  0 -2 -2  3  0  0  1 -3 -2    6  19   6   6   0   4   3   8   2   1   5   4   1   2  13   8   5   2   1   3  0.25 0.26
  226 A    1  2  0  0 -2 -1 -2 -2 -1 -1 -2  1 -1 -3  3  1  1 -1 -4 -1   13  12   5   4   1   2   2   3   1   4   3   7   2   1  15  11   8   1   0   4  0.24 0.26
  227 G    1  1  1 -2  2 -1 -2  0  0 -2 -3 -2 -1 -3  3  0  2 -1 -2 -1   11   9   6   2   4   2   2   9   2   2   2   1   2   1  16   8  14   1   1   5  0.29 0.29
  228 D    1  2  1  2 -5 -1  0  1  0 -3 -2 -1 -2 -2  0  0 -1  6 -3 -3   13  10   5  10   0   2   5  12   2   1   3   2   1   2   5   8   4  10   1   2  0.30 0.29
  229 G    0  1  1  0 -3 -1 -2  0  1 -1  1 -1  1 -1  1  0  1  1 -2 -1    9   7   6   6   0   2   2   7   4   3  16   2   4   3   8   8  10   2   1   2  0.09 0.15
  230 V    1  0 -2 -1 -1 -1 -1 -1 -1  0 -1  0 -1 -1  2  0  2  3 -1  0   11   6   1   3   1   2   4   4   2   6   7   5   1   2  11   6  13   5   2   6  0.14 0.17
  231 G   -1  0  0  0 -3  0  0 -1  2  0 -1  0  1  0  0  0  0  3  1  0    5   5   5   5   0   5   5   5   5   5   5   5   5   5   5   5   5   5   5   5  0.06 0.08
  232 V    0 -1  0 -1  1 -1 -1 -1  1  0  1 -1  2  0  1  0  0 -3  0  1    7   4   5   3   3   3   3   3   3   4  16   3   6   5   7   5   8   0   3  10  0.04 0.08
  233 A    1 -1 -1 -1  0 -1 -3 -1  0  1  0 -1  0  0  1  0  2  1  0  0   15   2   2   3   2   3   0   4   3  10   7   2   3   4   6   5  15   2   4   7  0.10 0.16
  234 D    0 -1 -1  0  0  0 -2  2 -1  0  2 -1  0 -1 -2 -1 -1  1 -1  0    9   4   2   7   2   5   2  16   2   5  20   3   2   2   2   4   3   2   2   5  0.09 0.13
  235 A    3  1  1 -1  2  0 -3  0 -1 -1 -2  0  0 -2  1  1  0 -5 -4 -1   24   7   6   4   4   4   0   8   2   3   3   5   2   2   7   8   6   0   0   4  0.20 0.24
  236 A    1 -1 -3 -3  1 -1 -2 -2 -4 -1 -2 -2 -2 -2  0  0  3  2  6 -2   12   4   1   1   2   3   2   3   0   3   4   2   1   1   4   7  16   2  27   3  0.56 0.46
  237 G    0  1  1  0 -5  0 -1  4 -1 -3 -3 -2 -4  3 -5 -1 -1 -5 -1 -3    8   7   6   5   0   5   5  35   2   1   2   2   0  11   0   4   3   0   2   1  0.51 0.38
  238 R    0  2  1 -1  5  0 -1 -2 -3 -1  0  0 -1 -1  0  0  1  0 -3 -1    9  10   6   3  12   4   3   2   0   3  12   4   1   2   6   6  11   1   0   3  0.19 0.21
  239 A    3 -3 -1 -1  2 -2  0 -1 -4 -1 -2 -3  0  2 -2  1  3 -4 -1 -1   26   1   2   3   4   1   6   3   0   3   2   0   2  10   2  10  19   0   2   4  0.34 0.34
  240 G    1 -3  1  1 -5  0 -3  5  0 -3 -3 -1 -5 -2 -5 -1 -2 -5 -2 -3   10   1   5   7   0   4   2  50   2   2   3   3   0   2   0   3   2   0   2   2  0.83 0.52
  241 E   -1 -1  1  0 -4 -1  0  0  2 -2 -1 -2  0  3  0  0  0  1  2 -2    5   4   9   5   0   2   5   6   5   1   5   2   2  17   6   6   7   2   8   2  0.17 0.19
  242 R    2 -1 -3 -3 -1 -2 -1  2 -1 -1 -2 -2  1 -1 -1  1  3 -4 -2 -2   16   4   0   0   1   1   3  18   2   4   3   1   4   2   3  10  23   0   2   1  0.33 0.33
  243 L    0 -2  0 -1  0 -2 -2  4 -3 -4  0 -3 -3  2 -3  0 -1  1  4 -3    8   2   5   3   2   2   3  30   0   0  10   0   0   8   1   6   3   2  14   2  0.40 0.33
  244 A    1  0  2  0  0 -2 -1 -2 -1  1 -1 -2 -2 -2  1  0  0 -3  1  1   17   5  11   6   3   0   2   2   2  11   6   0   0   0   6   7   6   0   7  10  0.13 0.20
  245 A    1 -2 -3 -2  1 -3 -3 -1  1  3 -2 -2  0 -2  0 -1  4  1  0  0   15   2   0   2   3   0   1   4   3  19   1   1   2   1   4   2  29   2   3   4  0.40 0.38
  246 G    1 -3  1  0  0 -1 -3  4  0 -2 -4 -3 -3  0  0  1  1 -4 -1 -2   10   1   6   5   3   3   0  32   3   3   0   0   0   4   5  12   8   0   2   3  0.37 0.31
  247 A    2 -2  3  1 -3 -1 -2 -1 -1 -3 -2 -2 -2 -3  1  1  0 -3  2 -1   23   1  14  10   0   2   1   5   2   0   4   0   1   0   8  11   6   0   9   3  0.29 0.29
  248 T    0 -1 -3 -1 -4 -4 -2 -1 -4  0 -4 -4 -4 -5  0  1  6 -5 -5 -1    9   3   0   3   0   0   3   5   0   4   0   0   0   0   5   8  55   0   0   4  0.93 0.61
  249 G    0 -4 -1 -2  2 -1 -3  5 -4 -3 -4 -4 -3  4 -1  0 -1 -4 -2 -2    7   0   2   2   5   2   1  41   0   1   0   0   0  20   3   5   3   0   0   3  0.69 0.44
  250 A    0  1  3  1  0 -2  0 -3  0  1 -1 -1 -2  0  0  0  1 -4 -2 -1   11  11  18   8   2   0   6   0   2  11   5   1   0   5   5   5   8   0   1   2  0.16 0.20
  251 A    1 -1 -3 -3 -3 -3 -1  1 -4  0 -1 -2 -2 -4  0  1  4 -4 -4  1   13   3   0   0   0   0   3  10   0   6   5   1   0   0   4   7  36   0   0   9  0.42 0.36
  252 E    0  0 -1 -1  0  1 -1  3 -2 -2 -1 -1 -2  2 -3  0  0 -3  0 -1   10   5   2   4   2   7   4  26   0   1   6   2   0  12   0   7   5   0   3   3  0.19 0.19
  253 G    0 -1  2  2 -3  0 -1  1 -2  1 -2 -1 -1 -2  0  1  1 -1 -3 -1    7   2  12  15   0   5   2  12   0  11   3   2   2   2   5   8   8   1   0   2  0.16 0.17
  254 A    1 -2 -2 -3 -3 -3 -3 -2 -3  0 -1 -3 -1 -3  0  1  5 -4  2 -1   14   2   1   1   0   0   0   2   0   6   6   0   1   0   5   7  42   0   7   3  0.55 0.41
  255 E    0  1 -1  0 -1  1  1  3  1  1 -3 -1 -3 -3 -2  0  0 -4 -3 -2    9   9   2   5   1   6   8  29   3   9   1   2   0   0   2   5   5   0   0   2  0.27 0.22
  256 A    0  0  4  1 -3  0 -1  0  0  0 -3 -1 -1 -3  2  0 -1 -4 -1 -1   10   6  22   6   0   5   2   7   2   8   1   2   1   0  11   7   3   0   2   5  0.24 0.21
  257 V   -1 -1 -2 -2 -3 -1  0 -4 -3  0 -3 -2  1  1  0  0  5 -4 -3 -1    3   3   1   2   0   2   6   1   0   4   1   2   4   6   5   7  48   0   0   4  0.61 0.43
  258 A    1 -2 -2 -3 -1 -1 -2  4 -1 -3 -2 -2 -3  1  3  1  1 -3 -1 -2   13   2   0   0   1   3   2  30   1   0   3   0   0   6  13  12   8   0   2   2  0.39 0.28
  259 D    0 -2  3  4  0 -1  1  0  0 -3 -3 -1 -3 -4 -1  0  1 -4 -3 -2    8   0  18  27   3   2   7   6   2   0   2   3   0   0   3   6   8   0   1   3  0.40 0.27
  260 A    0 -3 -2 -3 -3 -2 -3  0  0  0 -1 -3  0  2  0  1  5 -3 -2 -1    6   0   0   0   0   1   0   7   2   5   7   0   2  10   5  11  40   0   0   2  0.45 0.36
  261 V    2 -3 -2 -3  0  0 -1  4 -3  1 -2 -2 -2 -1  0 -1  0 -3 -3  0   16   0   0   0   2   5   3  32   0  12   3   0   0   2   5   3   8   0   0   7  0.33 0.25
  262 S    0 -3  4  2 -4 -2 -1  2 -2 -3 -3 -2 -3 -4  3  0  0  1 -2 -2    8   0  27  12   0   1   3  14   0   1   1   0   0   0  13   7   4   2   2   4  0.47 0.31
  263 A    2 -3 -1 -2 -3  0 -2 -3 -3 -1 -2 -1 -3 -4  1  1  5 -4 -3 -1   17   0   3   2   0   4   0   1   0   3   2   3   0   0   7   8  44   0   0   4  0.58 0.40
  264 A    3 -1 -2 -2 -1 -1 -2  4 -3 -2 -3 -3  2 -2 -1  0 -1 -4 -4 -3   24   3   0   2   2   3   2  38   0   3   2   0   6   2   3   7   4   0   0   0  0.52 0.34
  265 N   -1 -3  5  4 -4 -2 -1 -1  2 -4 -2 -2 -2 -4 -1  0  0 -5 -4 -4    5   0  37  25   0   0   1   5   5   0   5   2   1   0   2   4   4   0   0   1  0.70 0.42
  266 V   -1 -1 -1 -2 -3 -3 -3 -3 -3 -1 -2  0 -3 -4  1  2  5 -4 -4  0    4   4   1   1   0   0   0   1   0   2   2   4   0   0   8  12  50   0   0   6  0.66 0.45
  267 A    2 -1 -2 -2 -1  0 -2  4 -3 -3 -3 -1 -3 -2  0  1  1 -4 -3 -2   24   2   0   1   1   4   0  35   0   1   0   3   0   2   5   8   8   0   0   1  0.44 0.30
  268 D   -1 -3  5  4 -4 -2 -1  0 -2 -4 -4 -2 -4 -5  1  0  0 -5 -4 -3    4   0  34  30   0   0   2   5   0   0   0   0   0   0   8   6   5   0   0   2  0.76 0.41
  269 T    0 -3 -2 -2 -3 -3 -3 -2 -4 -1 -1 -2 -2 -4  2 -1  6 -4 -4  0    9   0   0   2   0   0   0   3   0   4   6   2   0   0  10   2  58   0   0   5  0.77 0.46
  270 A    3 -3 -2 -3  2 -2  0  4  0 -2 -4 -2 -3 -4 -3  1 -1 -4 -3 -3   31   0   0   0   4   0   6  37   3   2   0   0   0   0   0  11   3   0   0   0  0.63 0.34
  271 N    0  0  5  4 -4 -2 -1 -1  0 -4 -4 -2 -3  0  1  0  0 -4 -3 -3    7   5  32  25   0   0   1   4   2   0   0   0   0   5   6   5   6   0   0   2  0.54 0.30
  272 T    0 -3 -2 -3 -3 -3 -1 -2 -3 -1 -3 -3 -3 -4 -1  2  6 -4 -4 -2    8   0   0   0   0   0   4   1   0   3   0   0   0   0   3  13  65   0   0   1  0.98 0.50
  273 A    2 -3 -2 -2  1 -3 -2  5 -3 -3 -3 -3 -3  0  0  1  0 -3 -3 -3   17   0   0   1   3   0   2  45   0   0   1   0   0   6   5   9   8   0   0   0  0.60 0.31
  274 N    0 -1  4  4 -4 -1  1 -1 -2 -3 -4 -2 -3 -4  2  0  0 -4  0 -3    8   3  27  24   0   1   7   5   0   1   0   0   0   0  12   4   4   0   3   1  0.52 0.28
  275 T    0  0 -1  0 -2 -1 -1 -2  3  0 -2  0  1 -2  1  1  3 -3 -2  0    6   7   0   5   0   0   1   1  11   7   1   5   4   0   8   9  27   0   0   8  0.19 0.16
  276 A    1  1 -1 -2  3 -1  0  3 -2  0 -2 -1  1 -2 -2  1  0 -3 -2  0   10  11   0   0   7   0   7  27   0   5   1   1   7   0   0   9   5   0   0   8  0.19 0.14
  277 N   -1  0  4  4 -3 -1  0  0  1 -3 -3 -1 -3 -3  0  1 -1 -4 -3 -1    5   5  29  26   0   0   2   4   3   0   1   0   0   0   4  12   0   0   0   7  0.43 0.22
  278 T    0 -2 -1  0 -2 -2 -2 -1 -3 -1 -2 -2  0 -3  0  2  5 -4 -3  0    4   0   0   4   0   0   0   4   0   2   1   0   2   0   4  14  57   0   0   5  0.61 0.32
  279 A    2 -3 -1 -1  0 -2 -1  5 -3 -2 -3 -2 -3  0 -1  1  0 -3 -3 -3   17   0   0   2   2   0   2  48   0   2   1   0   0   5   2  13   4   0   0   0  0.56 0.24
  280 D   -1  0  4  2  1 -1 -1 -2  2 -1 -2 -1 -2 -3  2  0  0 -4 -1 -2    5   7  25  14   4   0   2   0   6   5   5   0   0   0  12   4   4   0   2   2  0.30 0.19
  281 T   -1 -3 -2 -1 -3 -1 -2 -3 -3 -2 -3 -1  2 -4  2  0  6 -4 -3  1    3   0   0   3   0   3   0   0   0   0   0   3   5   0   9   3  59   0   0   9  0.78 0.40
  282 A    2 -3 -2 -3  2 -2 -1  4 -3 -1 -3 -2 -3 -4  2  0 -1 -4 -4 -3   24   0   0   0   6   0   3  42   0   4   1   0   0   0   9   4   3   0   0   0  0.63 0.28
  283 D   -1 -2  3  4 -3 -1  2  0 -2 -2 -3 -1 -3 -2  2  0  0 -4 -3 -2    5   0  21  24   0   0  12   8   0   2   1   2   0   2   9   6   4   0   0   3  0.40 0.21
  284 T    1 -2 -2 -2 -2 -2 -2 -1 -3 -2 -3 -2 -2 -3  1  2  5 -4 -3 -1    9   0   0   0   0   0   0   4   0   0   1   0   0   0   7  15  57   0   0   4  0.67 0.31
  285 A    2  1 -2 -2  0 -2 -1  5 -3 -2 -3 -2 -3 -2 -1  0  0 -3 -3 -3   18  10   0   0   2   0   4  49   0   2   0   0   0   2   3   3   5   0   0   0  0.57 0.24
  286 D   -1 -2  4  3 -3 -1  1 -1  1 -3 -3 -1 -3  0  1  0  0 -3 -1 -2    6   0  31  20   0   1   7   2   3   0   0   0   0   7   8   6   5   0   1   2  0.42 0.20
  287 T    1 -3 -2 -2 -2 -2 -1 -3 -3 -2 -3 -1  0 -3  0  0  6 -4 -3  0    9   0   0   2   0   0   3   0   0   1   0   2   3   0   5   3  66   0   0   4  0.79 0.37
  288 A    2 -3 -2 -1  2 -1 -2  4 -3 -2 -2 -2 -2 -3 -1  1  0 -3 -3  0   19   0   0   2   5   2   2  40   0   0   2   0   0   0   2  13   4   0   0   7  0.45 0.20
  289 D   -1  0  4  4 -4 -1  0 -2 -1 -2 -4  0 -3 -4  2  1 -1 -5 -2 -3    5   4  24  33   0   0   1   1   0   3   0   6   0   0   9  11   0   0   2   0  0.54 0.25
  290 T    1  1 -1 -3 -3 -2 -2 -3 -3 -2 -3 -2 -3 -4  2  1  5 -4 -3 -1    9   8   2   0   0   0   0   0   0   1   0   0   0   0  11   9  59   0   0   2  0.78 0.37
  291 A    2  1 -2 -2  0 -2 -1  5 -3 -2 -4 -2 -3 -2 -1  0  0 -4 -3 -3   18  10   0   0   2   0   4  49   0   3   0   0   0   2   3   4   5   0   0   0  0.58 0.25
  292 N    0  0  5  3 -4 -1  0 -2  0 -3 -4 -1 -3  0  1  1 -1 -4 -3 -2    6   5  35  20   0   1   3   0   2   0   0   0   0   5   8  12   0   0   0   3  0.51 0.25
  293 T   -1 -3 -2 -3 -3 -2 -1  0 -3  1 -2 -2 -2 -4  0  0  6 -4 -3  1    3   0   0   0   0   0   2   9   0   9   0   2   0   0   5   1  61   0   0   9  0.69 0.36
  294 A    2  0 -2 -2  2 -2  1  4 -3 -4 -4 -2 -3 -4 -1  0  0 -4 -4 -2   19   5   0   0   4   0  12  44   0   0   0   0   0   0   2   5   8   0   0   2  0.55 0.25
  295 N   -2 -3  4  4 -4 -2 -1 -2  3 -4 -2 -2 -3 -4  3 -1 -2 -5 -1 -2    3   0  27  29   0   0   0   1   8   0   5   0   0   0  19   3   1   0   2   2  0.67 0.29
  296 T    0  0 -2 -2 -3 -2 -2 -1 -3 -1 -3 -2  0  0  2  1  5 -4 -3 -1    8   5   0   1   0   0   0   3   0   2   0   0   3   5  11  11  51   0   0   2  0.55 0.31
  297 A    1 -2 -2 -3  1 -3 -2  4 -3 -1 -3 -2 -2 -1  1  0  0 -4 -3  1   13   2   0   0   4   0   2  44   0   3   0   0   0   3   6   4   5   0   0  15  0.46 0.22
  298 N    1 -2  5  3 -3 -1  0 -2 -2 -3 -4 -1 -3 -4  1  1  0 -4 -2 -3   16   0  37  18   0   0   3   0   0   1   0   1   0   0   6  13   4   0   2   0  0.57 0.27
  299 T   -1 -3 -2 -3 -3  0 -1 -1 -3 -3 -2 -1 -2 -3  1  0  6 -4  0 -1    2   0   0   0   0   5   2   4   0   0   2   2   0   0   6   2  69   0   5   2  0.84 0.41
  300 A    1 -1 -2 -1  0 -2  2  4 -3 -4 -3 -2 -3 -2  1  2 -2 -4 -3 -3   10   2   0   2   2   0  15  43   0   0   2   0   0   2   5  16   0   0   0   0  0.53 0.24
  301 D    0 -2  4  4 -3 -1  1 -2  0 -1 -2 -2 -3 -4  1  0  0 -5 -3 -2   11   0  29  29   0   0   6   0   2   4   5   0   0   0   5   3   4   0   0   2  0.48 0.24
  302 T    2 -3 -2 -2 -3 -1  0 -3 -3 -1 -3 -2  0 -4  1  1  5 -4 -3 -2   18   0   0   1   0   2   5   0   0   2   0   0   3   0   7   8  54   0   0   0  0.65 0.34
  303 A    2 -3  0  0  1 -2  0  5 -3 -2 -4 -2 -3 -4  1  0  0 -4 -4 -3   21   0   3   4   4   0   6  48   0   2   0   0   0   0   6   3   4   0   0   0  0.62 0.25
  304 D   -1 -2  4  4 -4  0  1 -2  1 -3 -3 -2 -3 -1  2  0 -2 -3  1 -1    4   0  25  25   0   2   9   0   3   0   1   0   0   3   9   7   0   0   7   6  0.43 0.22
  305 T   -1  1 -2 -2 -3 -1 -2  0 -3 -2 -3 -1 -3 -4  0  0  6 -4 -3 -1    1  10   0   2   0   3   0   7   0   1   0   1   0   0   5   2  64   0   0   4  0.76 0.38
  306 A    2 -3 -2 -2  2 -2 -2  4 -3 -2 -3 -2 -3 -3 -2  1 -1 -3  0  0   26   0   0   1   5   0   2  41   0   2   0   0   0   0   1  10   2   0   5   6  0.52 0.24
  307 N    0 -3  4  4  0 -2 -1 -1 -2  0 -3 -2 -3 -2  1 -1 -1 -5 -3  0   11   0  30  26   2   0   0   4   0   5   0   0   0   1   7   2   2   0   0   9  0.44 0.24
  308 T    1 -3 -2 -3 -3 -2 -3  1 -3 -2 -3 -2  0 -4  1  1  5 -4 -3  0    8   0   0   0   0   0   0  10   0   1   0   0   3   0   6  10  55   0   0   6  0.64 0.33
  309 A    1 -3 -2 -2  1  1 -1  5 -3 -2 -4 -2 -3 -4  2  0  0 -1 -4 -3   15   0   0   0   3   7   4  48   0   2   0   0   0   0   9   6   4   1   0   0  0.62 0.26
  310 N    0 -2  5  3 -3 -1  0  1  0 -4 -4 -2 -3 -4  0  2  0 -4 -2 -3    5   0  35  18   0   1   3   9   2   0   0   0   0   0   5  17   4   0   1   1  0.54 0.25
  311 T   -1 -3 -2  0 -3 -1 -1 -1 -3 -2 -3 -2 -3 -4  0  0  6 -4 -4 -1    2   0   0   6   0   2   4   4   0   1   0   1   0   0   4   3  70   0   0   3  0.88 0.41
  312 A    2 -1 -2 -2  0 -1 -1  4 -3 -1 -2 -2 -2  0 -1  1 -1 -3 -3 -2   24   3   0   0   2   2   3  39   0   4   2   0   0   6   2  11   3   0   0   0  0.43 0.22
  313 D   -1 -2  3  5 -4 -1  0 -2 -2 -3 -2  0 -3 -3  2  0  0 -5 -2 -2    5   0  21  39   0   0   5   0   0   0   5   4   0   1   9   5   4   0   1   2  0.58 0.26
  314 T    1 -3 -1 -3 -3 -2 -1 -1  0 -2 -3 -2 -2 -4  2  1  5 -4 -3  0   10   0   1   0   0   0   3   4   2   0   0   0   0   0  10   8  58   0   0   5  0.71 0.35
  315 A    2  0 -2 -2  1 -2 -1  5 -3 -2 -4 -2 -3 -4 -1  0 -1 -4 -4 -2   18   7   0   0   3   0   4  49   0   4   0   0   0   0   2   8   3   0   0   2  0.60 0.25
  316 N    1  1  5  2 -3  0  0 -2  0 -2 -4  0 -3 -4  1  0 -1 -5 -3 -3   17  10  36  14   0   2   2   0   2   2   0   3   0   0   6   4   0   0   0   1  0.49 0.25
  317 S    0 -1 -2 -2 -3 -2 -3 -3 -3  0 -2 -2 -1 -1  0  0  6 -4 -3  1    6   3   0   2   0   0   0   0   0   4   0   1   1   3   5   4  60   0   0  10  0.68 0.34
  318 T    2 -3 -2 -3  1 -3 -2  5 -3 -2 -4 -3 -3 -4 -1  0  0 -4 -4 -2   20   0   0   0   4   0   2  56   0   3   0   0   0   0   2   5   5   0   0   3  0.79 0.30
  319 N    0 -2  5  4 -4  2  0 -1  3 -4 -4 -1 -3 -4  1  0 -2 -4 -3 -3    7   0  32  24   0  10   1   4   8   0   0   1   0   0   8   4   0   0   0   1  0.60 0.26
  320 S    0 -3 -2 -3 -3 -2 -3  1 -3 -2 -3 -2 -3 -4  3  2  5 -4 -4 -2    7   0   0   0   0   0   0   9   0   2   0   0   0   0  13  14  54   0   0   0  0.78 0.36
  321 A    2 -3 -2 -3  0 -2 -2  5 -3 -2 -4  0 -3 -2 -1  1  0 -4 -3 -2   23   0   0   0   2   0   1  47   0   2   0   5   0   2   2  10   4   0   0   1  0.61 0.26
  322 N    0 -2  4  4 -4 -1  1 -2  0 -3 -1 -1 -3 -4  2  0 -2 -4 -2 -3   11   0  30  24   0   2   6   0   2   1   6   2   0   0  12   3   0   0   1   1  0.50 0.24
  323 S    0  0 -2  1 -3 -2 -2 -1 -3 -2 -3 -1 -3 -4  0  1  6 -5 -4 -1    4   6   0   9   0   0   0   4   0   1   0   1   0   0   3   9  61   0   0   2  0.75 0.37
  324 A    2 -3 -2 -3  3 -3  0  5 -3 -2 -1 -3 -3 -4 -3  0 -1 -4 -4 -1   19   0   0   0   8   0   6  45   0   1   7   0   0   0   0   7   2   0   0   3  0.58 0.26
  325 N    0  0  5  3 -4 -1 -1  0 -2 -4 -4  0 -3 -4  1  1 -2 -4 -1 -3    6   6  33  20   0   0   1   5   0   0   1   3   0   0   9  11   0   0   3   2  0.51 0.25
  326 S    2  0 -2 -3 -3 -2 -3 -3 -3 -2 -3 -2 -3 -4  2  1  6 -5 -4 -1   17   6   0   0   0   0   0   0   0   1   0   0   0   0   9   6  59   0   0   2  0.83 0.39
  327 A    3 -4 -2 -3  0 -3 -1  5 -3 -4 -4 -3 -3 -2 -1 -1 -1 -4 -4 -1   29   0   0   0   2   0   3  53   0   0   0   0   0   2   2   2   2   0   0   4  0.82 0.32
  328 N   -1 -1  5  3 -4 -2  0  0 -2 -4 -3 -2 -3 -4  1  2 -2 -5 -4 -3    5   3  35  21   0   0   3   6   0   1   2   0   0   0   7  16   0   0   0   1  0.60 0.28
  329 S   -1  1 -2 -1 -3 -1 -1 -3  2  0 -3 -1 -2 -4  0  0  5 -4 -3  0    2  10   0   3   0   2   2   0   6   5   0   1   0   0   4   4  55   0   0   6  0.60 0.33
  330 A    1 -2 -2 -1  2 -2  0  4 -3 -3 -4 -2 -3 -4 -3  2  1  0 -3 -2   10   1   0   1   5   0   8  42   0   0   0   0   0   0   0  20   9   2   0   3  0.56 0.26
  331 N   -2 -2  4  4 -4  0  1 -1  0 -3 -4 -2 -3 -4  2  1 -1 -5 -3 -3    2   1  28  27   0   4   6   2   2   2   0   0   0   0  11  12   1   0   0   2  0.59 0.26
  332 S    0 -3 -2 -2 -3 -3 -3 -3 -3 -2 -3 -3 -3  1  1  2  6 -4 -3 -1    8   0   0   1   0   0   0   0   0   1   0   0   0   6   7  16  59   0   0   2  0.83 0.39
  333 A    2 -1 -2 -3  0 -3 -1  5 -3 -1 -3 -2 -3 -2 -1 -1  1 -4 -4 -2   18   4   0   0   2   0   3  53   0   5   0   0   0   2   2   0   8   0   0   2  0.68 0.29
  334 N    1  1  4  3  1 -1  0 -1 -2 -3 -3 -1 -3 -2  1  0 -2 -4 -3 -3   12   9  30  22   4   0   4   2   0   1   2   0   0   3   7   5   0   0   0   1  0.44 0.24
  335 S    0  0 -1 -2 -3 -1  1 -3 -3 -3 -3 -2 -3 -4  0  2  6 -4 -4 -1    5   4   2   0   0   2  10   0   0   0   0   0   0   0   3  12  59   0   0   3  0.77 0.37
  336 A    1  0 -2 -3  2  0 -1  5 -3 -2 -3 -2 -3 -4 -3  1  0  0 -4 -3   13   7   0   0   4   3   5  47   0   2   2   0   0   0   0  11   4   2   0   0  0.58 0.27
  337 N   -1 -1  4  3 -4  0 -1  0  0 -3 -3 -1 -1 -4  2  0  2 -5 -3 -2    3   3  29  20   0   2   2   6   2   1   1   1   2   0  11   3  13   0   0   1  0.48 0.25
  338 S    0 -1  0 -2 -3 -2  0 -1 -3 -2 -3 -1  0 -4  3  1  5 -4 -3 -1    6   2   3   0   0   0   7   4   0   2   0   2   2   0  15   8  45   0   0   4  0.52 0.28
  339 A    1 -3  0 -1  2  1  0  5 -3 -2 -4 -2 -3 -4 -1  0  0 -4 -4 -3   14   0   4   3   5   7   6  48   0   2   0   0   0   0   3   2   5   0   0   0  0.56 0.23
  340 N    0 -2  5  2 -3  0  0  1  3 -2 -4 -1 -3 -4  1  1  0 -4 -3 -3    8   0  35  11   0   2   4   8   9   2   0   0   0   0   6  10   3   0   0   0  0.46 0.22
  341 S    0 -3 -2 -2 -3 -2  1 -3 -3  0 -3 -2 -2 -4  4  0  5 -4 -3  0    5   0   0   0   0   0   9   0   0   7   0   0   0   0  19   3  52   0   0   4  0.72 0.34
  342 A    2 -1 -2 -2  2 -1 -1  4 -3 -3 -3 -2 -2  0  0  0  0 -3 -2 -1   25   4   0   0   5   2   3  35   0   0   0   0   0   7   5   7   4   0   0   3  0.39 0.20
  343 N    0 -1  4  3 -3 -1  0 -1  1 -3 -2 -1 -3 -4  2  0  0 -4 -3 -1    9   2  24  22   0   0   4   3   5   0   2   0   0   0  12   4   7   0   0   6  0.38 0.19
  344 S    0 -3  0 -2 -2 -2 -2 -3  1 -1 -3 -2  0 -4  1  2  5 -4 -3 -1    7   0   2   0   0   0   0   0   4   4   0   0   2   0   7  18  52   0   0   3  0.63 0.35
  345 A    1  0 -2  0  0 -2 -1  4 -3 -2 -3 -2 -3 -2 -1  0  0 -3 -3 -1   13   5   0   4   2   0   3  44   0   2   0   0   0   2   3   7   5   0   0   3  0.39 0.23
  346 N   -1  1  4  3 -4 -1  0 -2 -1 -2 -1 -1 -2 -3  1 -1 -2 -4 -1 -2    3  11  30  22   0   2   3   0   0   2   8   0   0   0   6   3   0   0   2   2  0.36 0.25
  347 S    1 -2 -1  0 -2  0 -2 -1 -2  0 -1  0 -1 -3  1  0  3 -3 -3  1   10   0   0   4   0   4   0   4   0   5   5   4   0   0   5   5  33   0   0  11  0.16 0.19
  348 A    0 -2 -1  1  3 -1  0  0 -2  1  0 -2 -1  1 -2  0 -1 -2 -1  0    9   0   0   9   9   0   9   9   0   9   9   0   0   9   0   9   0   0   0   9  0.03 0.10
  349 N    0 -3  4  4 -4 -2 -1  0  1 -3 -4 -1 -4 -5  3  0 -1 -5 -4 -3    9   0  25  27   0   0   2   7   3   1   1   2   0   0  15   4   3   0   0   1  0.62 0.33
  350 S    0 -3 -2 -3 -3 -1 -3 -1  1 -4 -4  0 -3 -5  1  2  6 -5 -4 -2    6   0   0   0   0   3   0   4   4   0   0   5   0   0   8  16  53   0   0   1  0.83 0.48
  351 A    1  0  0 -1 -4 -3 -2  5 -3 -3 -4 -3 -3 -2  0 -1  0 -4 -4 -1   14   6   5   2   0   0   3  49   0   1   0   0   0   2   4   3   7   0   0   4  0.64 0.34
  352 N    1 -1  4  3 -4  0  0 -1 -1 -4 -4 -2 -4  1  3  1 -2 -4 -2 -4   12   2  21  20   0   4   4   4   1   0   0   0   0   7  15   8   0   0   1   0  0.49 0.32
  353 S   -1 -4 -3 -1 -4 -3 -3  0 -4 -1 -4 -3  1 -5 -1  1  6  1 -4  0    4   0   0   3   0   0   0   6   0   2   0   0   3   0   4  11  57   2   0   8  0.90 0.54
  354 A    2 -4 -3 -3  1  0 -1  4 -4 -3 -4 -3 -3 -4  2  0 -1 -4 -1 -1   20   0   0   0   4   4   4  39   0   1   0   0   0   0  11   5   4   0   3   6  0.59 0.37
  355 N    0  0  3  2 -4 -1 -1  1  1 -3 -4 -1 -3 -3  3  0 -1  2 -1  0    7   6  15  15   0   2   3  11   3   0   0   1   0   0  15   7   3   3   3   7  0.30 0.24
  356 S    0  1  1 -1 -4 -3 -2 -4 -4 -3 -4 -1 -3 -5  1  2  5  1 -4 -1    8   9   5   3   0   0   2   0   0   1   0   2   0   0   6  15  43   2   0   4  0.63 0.46
  357 A    1 -1  0 -3  1 -2 -2  4  0 -2 -1 -1 -3 -1 -2  0  1  1 -3 -2   14   4   4   0   4   0   1  34   3   2   6   3   0   3   1   8  11   2   0   1  0.35 0.27
  358 N    1 -1  4  3 -4 -1  0 -2  2 -3 -4 -1 -3 -1  2  0  1 -5 -2 -2   15   3  21  17   0   2   4   1   5   1   0   1   0   3  11   4   9   0   1   2  0.40 0.31
  359 S    1 -3 -2  0 -4  0  0  0  0 -3 -2 -3 -2 -2  0  1  5 -5 -4 -2   13   0   0   6   0   4   5   7   2   1   2   0   1   2   4   8  43   0   0   1  0.53 0.43
  360 A    2 -2 -3 -2  1 -1 -2  3 -4 -2 -4 -3 -3 -2 -2  0  1  6 -3  0   23   2   0   2   4   2   1  28   0   1   0   0   0   2   1   5   8  13   0   6  0.60 0.41
  361 T   -1 -1  2  2  0 -1  0  0  1 -2 -1 -2  0 -3  1  1  1 -1 -3 -1    5   2  14  15   2   2   6   8   4   1   9   0   3   1   7   9   7   1   0   4  0.17 0.19
  362 A    1 -3 -1 -4  1 -1 -2  0 -4 -2 -4 -1 -3 -1  3  0  5  1 -4 -2   11   0   3   0   3   2   1   7   0   2   0   4   0   3  14   6  40   2   0   1  0.59 0.46
  363 T    1 -1 -1 -3  0 -1 -2  3 -3 -1 -1 -2 -1 -3  1  1  2  1 -2 -1   11   2   3   0   3   2   2  25   0   4   6   1   1   0   7  10  16   2   1   4  0.25 0.25
  364 A    2 -2  2  2 -3  0  0  0  0 -2 -2 -1 -3 -2  1  1  0 -4 -1 -2   25   0  10  12   0   4   6   7   3   2   2   1   0   1   7   9   4   0   2   2  0.23 0.22
  365 E    1  1  0 -1 -3 -2  0 -1 -3  0 -1 -2  1 -1  1  0  3 -4 -3  0   11   9   4   3   0   0   5   5   0   5   5   0   3   3   7   7  27   0   0   6  0.20 0.24
  366 R    1  2 -1 -3 -1 -1 -1  3  0 -1  0 -2 -2 -1 -2  1  0 -4 -3 -1   15  13   2   0   2   2   3  27   2   2   9   0   0   3   2   9   4   0   0   4  0.24 0.25
  367 N    1 -1  3  2  0  0  0 -2  0 -2 -3 -1 -1 -2  2  0  1 -4 -3 -1   17   2  15  13   2   4   5   2   2   2   0   2   2   2   9   7   9   0   0   4  0.24 0.25
  368 S    1  0 -1 -2  1  0  0 -1  0 -1 -1 -1  0 -3  1  1  3  1 -3 -1   13   5   3   0   3   4   6   4   2   3   7   3   2   0   6  11  23   2   0   3  0.18 0.24
  369 P    0 -1  0 -1  1  0 -1  3  0  0 -2 -1 -2 -1  3  0 -1 -4 -3 -1    8   4   3   3   3   4   4  23   3   6   4   3   0   3  16   4   3   0   0   5  0.22 0.20
  370 V    0  0  0  0 -3  1  0  0  2  0 -1  0 -1 -2  1  0  0  3  1  0    6   6   6   6   0   6   6   6   6   6   6   6   0   0   6   6   6   6   6   6  0.08 0.10
  371 A    0  1 -1 -1 -4 -2 -1  0  0 -2 -1 -1 -1 -2  1  1  4  2 -3  0    9   8   2   4   0   1   3   6   2   1   7   3   1   2   8  10  25   3   0   5  0.24 0.29
  372 G    2  1 -1 -1 -1 -1  0  2 -3 -1 -2  0 -3 -1 -1  1 -1  1 -1 -1   16  10   2   3   2   2   6  20   0   3   3   4   0   3   3  10   4   2   2   4  0.17 0.20
  373 V    1 -1  1  1 -1  0  0 -1 -3  0 -1 -1  0 -1  1  0  0  1 -1  0   15   3   8  11   2   3   4   5   0   6   4   3   3   3   7   6   7   2   2   8  0.08 0.12
  374 A    1  1 -1 -1  0 -1  0 -2 -3 -1 -1 -1  0 -2  2  1  3  2 -3 -1   12   8   2   4   2   3   4   3   0   2   4   3   2   2  10   9  20   4   0   4  0.22 0.26
  375 G    1  0  0 -1  1  0 -1  3  1 -1 -2 -1  1 -4  0  0 -1  2 -3 -1   13   4   5   4   3   3   3  22   4   4   3   4   4   0   4   8   3   3   0   5  0.17 0.19
  376 Q   -1  0  0  0 -3  0  0 -1  2  0 -1  0  1  0  0  0  0  3  1  0    5   5   5   5   0   5   5   5   5   5   5   5   5   5   5   5   5   5   5   5  0.06 0.08
  377 H    0  0  0  0 -3  0  0  0  2  0 -1  0 -1  0  0  0  0  3  1  0    6   6   5   6   0   5   6   6   5   6   6   6   0   5   6   6   6   5   5   6  0.06 0.08
  378 G    0  0  0  0  1  0  0  3  0 -1 -1 -1  0 -1  0  0  0 -4 -3 -1    8   6   4   5   3   4   5  21   3   3   5   3   3   3   5   8   7   0   0   4  0.12 0.14
  379 A    0  0  0  0  2  0  0 -1  1  0 -1  0  1  0  0  0  0 -2  1  0    5   5   5   5   5   5   5   5   5   5   5   5   5   5   5   5   5   0   5   5  0.03 0.05
  380 M    0  0  0  0 -2  1  0  0  1  0  0  0  1  0  1  0  0 -3 -1  0    6   6   6   6   0   6   6   6   6   6   6   6   6   6   6   6   6   0   0   6  0.04 0.07
  381 A    1 -1 -2 -2 -2  1  0  2  2 -3 -3  0 -2 -1  3  1  1 -5 -2 -2   12   4   1   2   1   6   6  15   5   2   2   5   1   2  16  10   8   0   1   2  0.28 0.28
  382 A    1  0  1  0 -4  0  0 -1  2 -2 -2 -1 -1 -3  3  1  1 -1 -1 -1   13   6   6   6   0   4   6   4   4   2   3   3   2   1  14   9  10   1   2   4  0.18 0.20
  383 P    1  0  0 -1 -4  1  0 -2  0 -2 -2 -2 -2 -1  3  1  3 -5 -1 -1   12   6   3   3   0   6   4   3   2   3   3   2   1   2  16  10  18   0   2   4  0.27 0.29
  384 A    2  0  0 -1  0  0 -1  2  2 -2 -2 -1 -2 -4  0  1  1 -5 -2 -1   20   4   4   2   2   5   4  14   6   2   3   3   1   0   5  12   9   0   1   4  0.20 0.23
  385 A    2  0  1  0 -4  0 -1  0  0 -1 -3 -1 -2 -3  2  1  1  1 -4 -1   17   5   6   6   0   4   3   6   3   3   2   2   1   1  12  11  11   2   0   5  0.21 0.25
  386 R    1  1 -1 -1 -4  1  0  0  1 -1 -3  1 -1 -4  2  1  2 -5 -2 -1   13   8   3   2   0   8   5   6   3   4   2   7   1   0   9   8  14   0   1   5  0.19 0.22
  387 A    2  0 -1  0 -1  1 -1  1  1 -2 -3  0  0 -2  2  1  0 -4 -3 -1   16   6   3   4   2   6   4  12   4   2   2   5   3   1   9  11   6   0   0   5  0.16 0.20
  388 P    1  1  0  0 -4  1  0 -1  0 -1 -1 -1 -1 -2  2  0  1 -4 -1  0   12   7   5   5   0   7   5   5   3   3   5   3   2   2  11   8   9   0   2   7  0.12 0.15
  389 H    1  0 -1  0  0  0  0  0  1 -1 -1 -1  0  0  2  0  2 -4 -1 -1   11   6   3   6   2   4   5   7   3   3   5   3   2   4  10   6  13   0   2   5  0.09 0.12
  390 V    0  0 -1  0  1  0 -1  1  2 -1 -2 -1  1 -1  2  1  0  2  0 -1    7   5   3   6   3   4   4   9   4   4   4   3   3   3  10  12   5   3   3   5  0.10 0.12
  391 E   -1  0  0  0 -3  0  0 -1  1  0 -1  0  1  0  0  0  0  3  1 -1    5   5   5   5   0   5   5   5   5   5   5   5   5   5   5   5   5   5   5   5  0.02 0.09
  392 S    0  1  0  0  0  0 -1  0  1 -1 -1  1  0 -1  2  0  1 -4 -1 -1    8   9   4   4   2   4   4   6   4   3   5   7   3   3   9   8  11   0   2   4  0.09 0.11
  393 A    0  2 -1 -1  1  0 -1  1  1 -1 -2  0  1 -1  2 -1 -1  2  0 -1    9  10   3   4   3   4   5  11   3   4   4   5   3   3  10   5   4   3   3   4  0.09 0.09
  394 A   -1  0  0  0 -3  0  0 -1  2  0 -1  0  1  0  0  0  0  3  1  0    5   5   5   5   0   5   5   5   5   5   5   5   5   5   5   5   5   5   5   5  0.06 0.08
  395 A   -1  0  0  0  2  0  0 -1  2  0 -1  0  2  1  0 -1  0  4  1 -1    5   5   5   5   5   5   5   5   5   5   5   5   5   5   5   5   5   5   5   5  0.09 0.08
  396 R   -1  2  0  0  1  0 -1  0  1 -1 -1  0  0 -1  1  0 -1  2  0 -1    5  12   5   5   3   4   5   7   3   3   5   6   2   3   8   7   5   3   3   5  0.09 0.09
  397 R   -1  0  0  0  2  0  0 -1  2  0 -1  0  2  1  0 -1  0  4  1 -1    5   5   5   5   5   5   5   5   5   5   5   5   5   5   5   5   5   5   5   5  0.09 0.08
  398 D   -1  0  0  0 -3  0  0 -1  2  0 -1  0  1  0  0  0  0  3  1  0    5   5   5   5   0   5   5   5   5   5   5   5   5   5   5   5   5   5   5   5  0.06 0.08
  399 A   -1  0  0  0  2  0  0 -1  2  0 -1  0  2  1  0 -1  0  4  1 -1    5   5   5   5   5   5   5   5   5   5   5   5   5   5   5   5   5   5   5   5  0.09 0.08
  400 F    0  0  0  0 -3  0 -2  0  2  0 -1  0  1  1  0  0  0  3  1  0    6   6   5   6   0   5   0   6   5   6   6   6   5   5   6   6   6   5   5   6  0.06 0.11
  401 W   -1  0  0  0  2  0 -2 -1  2  0 -1  0  1  0  0  0  0  3  1  0    5   5   5   5   5   5   0   5   5   5   5   5   5   5   5   5   5   5   5   5  0.06 0.11
  402 L    0 -2  1 -2  2  1  0  0  2  0  0 -1  1  1 -2  0  0 -2 -1  0    7   0   7   0   7   7   7   7   7   7   7   0   7   7   0   7   7   0   0   7  0.06 0.12
  403 V   -1  0  0  0  2  0 -2 -1  2  0 -1  0  1  0  0  0  0  3  1  0    5   5   5   5   5   5   0   5   5   5   5   5   5   5   5   5   5   5   5   5  0.06 0.11
  404 L    0  0 -2  0  2 -2  0  0  2  0  0 -2  1  1 -3  0  0  4  1  0    6   6   0   6   6   0   6   6   6   6   6   0   6   6   0   6   6   6   6   6  0.08 0.14
  405 L    1  0 -1 -1  3 -1 -1  1  0 -1 -1 -1  0  0  0  1  0  2 -3 -1   11   5   3   3   7   3   3  13   3   3   7   3   3   4   4  12   6   3   0   4  0.09 0.13
  406 Y    0  0  1  0 -3  1  0  0  2  0 -1 -1 -1  1  1  0  0 -2  1  0    6   6   6   6   0   6   6   6   6   6   6   0   0   6   6   6   6   0   6   6  0.05 0.09
  407 G    0  0  1  1  1  0 -2  3 -3 -1 -1 -1  0  1 -3  1  1 -3 -2 -1    5   4   5   9   3   4   0  23   0   3   4   4   3   8   0  10   8   0   0   5  0.16 0.18
  408 L    0 -2  0 -3  2 -2 -2  0  2  0  0  0  2  1  1  0  0  4 -1  0    7   0   7   0   7   0   0   7   7   7   7   7   7   7   7   7   7   7   0   7  0.12 0.17
  409 P   -1 -2  0  0  2  0  0 -1  2  0 -1  0  1  0  0  0  0  3  1  0    5   0   5   5   5   5   5   5   5   5   5   5   5   5   5   5   5   5   5   5  0.07 0.11
  410 G    2 -5  1  0 -5 -4 -4  4  2  0 -5 -4 -4  1 -5  0  0 -5 -4 -1   15   0   6   5   0   0   0  36   5   5   0   0   0   5   0   8   7   0   0   5  0.64 0.37
  411 F    0 -4 -4 -5  0 -4 -4 -2  2  1  0 -2  1  6 -5 -2 -1  2  2  1    8   0   0   0   2   0   0   3   6   8   8   3   3  35   0   3   4   3   5   9  0.57 0.34
  412 G    1 -2  1 -1  3 -1 -1  1 -2  0 -2 -1 -1 -2  2  1  1 -3 -2 -1   12   1  12   1  11   0   1  12   0  12   1   1   0   0  12  12  12   0   0   1  0.20 0.08
  413 Y   -1 -3  0 -1 -3 -2 -3 -3 -1  0  0 -3  0  2 -3 -1  1  2  6  1    3   0   6   4   0   0   0   0   0   4   6   0   3   9   0   4  10   3  36  11  0.47 0.26
  414 I    0 -2  1 -2 -2 -1  0  0 -2  0  0 -2  2  1  1  0  0 -2  1  0    8   0   8   0   0   0   8   8   0   8   8   0   8   8   8   8   8   0   8   8  0.08 0.12
  415 I    0 -3 -3 -4 -3 -1 -3  0 -3  3  0 -3  1  0  2 -1  0 -3  0  2    7   0   0   0   0   3   0   9   0  27   5   0   3   3  10   4   7   0   3  20  0.30 0.23
  416 T   -1 -3  0 -1  1 -1 -3 -1  3 -1 -2 -3  0  1  3  0  1  2  4 -1    4   0   4   3   3   3   0   4   9   4   4   0   3   4  15   7  10   3  17   3  0.35 0.25
  417 A    3 -4  0 -4 -3 -3 -4  3  2  0 -1 -3  3 -4 -4  1  1 -5 -4  0   25   0   5   0   0   0   0  19   5   6   6   0   9   0   0   8  11   0   0   6  0.41 0.29
  418 T    0 -1 -2 -2 -2  1  1  0 -2  1  0  0  2 -2  1  0  1 -3 -2  0    8   0   0   0   0   8   8   8   0   8   8   8   8   0   8   8   8   0   0   8  0.11 0.11
  419 F    0 -2 -1 -2 -2  1  1  1 -1 -1  0 -1 -1  2 -2  1  1 -2  2  0   10   0   0   0   0  10  10  10   0   0  10   0   0  10   0  10  10   0  10  10  0.10 0.10
  420 L   -1 -3 -3 -4  1 -1 -3 -1 -3  3  2 -3  2  1 -4 -1 -1  4  1  1    4   0   0   0   4   4   0   6   0  24  18   0   5   5   0   4   4   8   4   9  0.28 0.17
  421 P   -1 -3 -1  0 -3 -2 -2 -1 -1  0 -1  0  0 -1  3  1  1 -4 -1  3    3   0   2   5   0   0   0   4   2   5   3   7   2   2  14  11  10   0   3  27  0.24 0.22
  422 V    0  0  1  0 -2  1  0  0  2  0  0  0  1  0 -2  0  0 -3 -1  0    6   6   6   6   0   6   6   6   6   6   6   6   6   6   0   6   6   0   0   6  0.04 0.07
  423 I   -1  0 -3 -3 -3  0  0 -2  1  1  1 -2  3  2  0 -1 -1  3  2  0    6   5   0   0   0   3   6   3   4  11  12   0  12   8   4   4   3   4   9   4  0.16 0.19
  424 A    0 -1 -2 -2 -2  1 -1 -2 -1  1  0  0  2  1 -2  0  1 -1  2  1    9   0   0   0   0   9   1   1   0   9   9   9   9   9   0   9   9   0   9   9  0.09 0.10
  425 R    1  4  1 -1 -4  1  0 -1  2 -1 -2  1  0 -3 -2 -1 -1 -4 -1  0   10  25   6   3   0   5   6   4   5   3   2   9   2   0   2   4   4   0   2   7  0.26 0.22
  426 A    1  1  0  0 -3  2  2  1  1 -2 -1  0 -1 -4 -1  0 -1 -4 -3 -1   13  10   5   5   0  13  12   9   3   2   7   3   2   0   2   7   4   0   0   3  0.18 0.19
  427 A    0  1  0  0 -3  1  1 -1  1 -1 -1  0  0 -1 -1  1  1  2  0 -1    9   7   5   5   0   5   9   5   5   4   5   3   3   3   3  10   9   3   3   5  0.06 0.10
  428 L    0  0 -1 -1 -2  0 -1  0  0  1  1 -1  1  1 -1  0  0 -2  0  0    5   4   3   4   0   4   4   8   3   9  18   3   4   5   3   6   4   0   3   8  0.03 0.06
  429 P    0 -1  0  0 -5 -1 -1  3  1 -2 -2 -2  0 -3  4  0  0 -5 -2 -3    7   3   4   5   0   3   3  22   4   2   3   2   2   1  23   7   5   0   2   2  0.43 0.34
  430 A    1 -1  0  1  1  0  0  2  1 -1 -2 -1  1  0 -1  1 -1  2  0 -1   10   3   5   8   3   4   5  15   3   3   4   3   4   4   3   9   4   3   3   5  0.09 0.09
  431 H   -1 -1  0  0 -5  0 -1  1  1 -1  0 -5  1  1  1  1  0  2 -5 -1    6   4   4   5   0   4   4  12   4   4  11   0   4   5   7  12   6   3   0   5  0.14 0.15
  432 S    2 -1  0 -1 -4  1 -1  0  1 -2 -1 -2 -1 -1  2  2  0  1 -2 -1   17   3   4   3   0   7   4   6   3   2   5   2   1   2   9  17   7   2   1   4  0.17 0.22
  433 R    1  0  0 -1 -3  0 -1  1  0 -1 -1 -1  0  0  1  0  0  5  0  0   11   5   4   4   0   4   4  13   2   4   5   2   2   4   7   5   5   8   2   8  0.12 0.13
  434 W    0 -1 -1 -1 -3  0 -1 -2  0  1  1 -1  1  2 -1 -1  0  4  1  1    7   2   2   4   0   5   4   2   2   8  13   4   4  10   2   4   6   6   4  10  0.11 0.13
  435 P    0  0  0  0  2  0  0  0 -1  0 -1  0 -1  0  1  0  0 -2  1  0    6   6   6   6   6   6   6   6   0   6   6   6   0   6   6   6   6   0   6   6  0.03 0.06
  436 D    2 -5  1  0 -6  0 -2  1  1 -1 -2 -2  1 -1  0  1  1  2  0 -1   18   0   6   6   0   4   3   9   3   3   4   3   4   3   5  12   8   3   3   4  0.20 0.20
  437 L    1 -2 -1 -2  1  0 -2 -1  2  0  1 -2  1  1 -2 -2 -1  6  1  0   10   3   3   3   3   4   3   4   5   4  16   3   3   6   3   4   4  10   5   6  0.26 0.19
  438 F    1 -3 -1 -2 -1 -1 -2 -2 -1  1  0 -2  0  3 -2  0  0  1  0  2   12   0   3   1   1   4   0   2   1  12   8   0   2  19   1   8   5   2   2  16  0.15 0.12
  439 W   -4 -5 -5 -6 -4 -4 -5 -5 -4 -4 -2 -5 -3  2 -5 -3 -2 12  1 -5    0   0   0   0   0   0   0   0   0   0   3   0   0   7   0   2   2  80   3   0  3.12 0.61
  440 P    1 -3 -3 -3  0 -2 -3  0 -3  2  1 -2  2  0  3  0  0  1 -1  1   12   0   0   0   2   0   0   8   0  13  13   0   7   4  15   5   6   2   1  13  0.19 0.10
  441 M    0 -3 -3 -4  0 -3 -3 -2 -3  3  2 -3  1  0 -3 -1 -1  2 -1  3   10   0   0   0   2   0   0   2   0  20  24   0   4   2   0   3   3   3   2  26  0.30 0.14
  442 F    0 -3 -3 -4 -2 -3 -3 -2 -3  1  1 -3  2  4 -3 -1  0 -2  1  2    8   0   0   0   0   0   0   2   0   6  15   0   5  25   0   3   8   0   3  25  0.32 0.16
  443 G    1 -4 -2 -3 -4 -3 -4  6 -4 -5 -5 -3 -4 -5 -4  0 -3 -4 -5 -4    9   0   0   0   0   0   0  84   0   0   0   0   0   0   0   7   0   0   0   0  1.49 0.38
  444 A    0 -3 -3 -3  2 -2 -3 -1 -3  2  2 -3  2  1 -3 -1  0  3 -1  1    9   0   0   0   6   0   0   6   0  11  26   0   6   6   0   5   6   5   0  14  0.21 0.13
  445 A    1 -3 -2 -3  3 -2 -3  1 -3  1  1 -2  2  1 -3  0  1 -2 -1  1   10   0   0   0  10   0   0  10   0  10  10   0  10  10   0  10  10   0   0  10  0.15 0.11
  446 L    5 -4 -3 -5  1 -4 -4  0 -5  0 -2 -4  0 -5 -4  1  0 -5 -5  1   55   0   1   0   3   0   0   8   0   5   2   0   2   0   0   9   6   0   0  10  0.79 0.47
  447 I    3 -4 -5 -5 -1 -4 -4 -3 -5  3  1 -4  4  0 -4 -1  0 -5 -4  2   29   0   0   0   1   0   0   1   0  20  10   0  11   3   0   3   5   0   0  16  0.57 0.39
  448 A    1 -5 -5 -5  1 -4 -4 -2 -5  1  2 -4 -1  1  5 -2 -2 -5 -4  1   14   0   0   0   3   0   0   3   0   9  18   0   1   6  30   3   2   0   0  12  0.66 0.39
  449 G    2 -5 -2 -5  0 -4 -5  4 -5 -3 -4 -4 -5 -2 -3  5 -2 -6 -6 -3   13   0   1   0   2   0   0  27   0   1   2   0   0   2   1  48   2   0   0   1  1.06 0.65
  450 A    1 -5 -2 -4  5 -4 -4  0 -2  0 -2 -4 -2 -3  4  1  2 -1 -4  1   12   0   1   0  11   0   0   7   1   5   2   0   1   1  21   9  15   1   0  12  0.57 0.40
  451 L    0 -2 -3 -5 -4 -4 -4 -1 -1  1  2 -3  1  4  1 -3 -2  4  0  2    7   3   1   0   0   0   0   4   1   6  22   1   3  18   8   1   1   6   3  14  0.39 0.30
  452 L    0 -5 -3 -5 -1 -4 -3 -3 -5  3  3 -5  0  3 -3 -3 -1 -1 -1  2    7   0   1   0   1   0   2   2   0  16  35   0   2  12   1   2   3   1   2  13  0.54 0.34
  453 G    1 -7 -7 -8  0 -6 -7 -1 -1 -2 -2 -7 -1  0 -8 -2 -2 11 -1 -2   11   0   0   0   2   0   0   5   2   2   4   0   2   3   0   3   3  59   2   4  2.48 1.02
  454 A    2  1  0  0 -3 -1 -2  3  0 -1 -2 -1  0 -2 -1  1  1 -4 -1 -2   18   9   4   5   0   2   1  21   3   3   3   2   3   2   3  10   7   0   2   2  0.21 0.20
  455 R    0  4 -2 -3 -1 -1 -2 -1 -1 -2  0  0  0 -1  1 -2 -1  5 -1 -1   10  26   1   1   1   2   1   5   2   2  10   6   3   3   8   2   2   9   2   5  0.34 0.29
  456 L    0 -2 -3 -5  0 -2 -4 -3 -4  2  3 -3  1  1  0 -2 -1  1 -1  2    8   2   1   0   2   2   0   1   0  13  32   1   3   6   4   2   2   2   2  17  0.38 0.27
  457 P    4 -1 -4 -5 -2 -2 -3  1  0 -1  2 -3  0 -1  0  1 -1 -1 -4 -1   30   3   0   0   1   2   1  11   2   4  18   1   2   2   5   9   3   1   0   4  0.35 0.31
  458 S    2  3  0  2 -3  1 -1  0  2 -3 -3  1 -2 -4 -1  0  0 -3 -3 -3   16  17   3  12   0   6   3   7   5   1   2   7   1   1   3   7   5   0   1   2  0.29 0.26
  459 G   -2  7 -2 -4 -2  0 -3 -2  2 -4 -3  2 -3 -4 -2 -1 -2  0 -3 -3    4  50   2   1   1   3   1   4   5   1   3  11   1   1   2   4   2   2   1   2  1.08 0.62
  460 W    0 -1 -3 -4 -2 -2 -4 -3  0  3  2 -2  0  3 -4 -3  0  7  1  0    8   4   1   1   1   1   1   2   2  14  16   2   2  10   1   2   5  13   4   7  0.48 0.31
  461 D   -2  0  0  1 -5 -1 -2  5  1 -6 -6 -1 -5 -6  0  1 -1 -6 -2 -3    3   6   4   7   0   3   3  43   3   0   0   3   0   0   5  12   4   0   2   2  0.73 0.49
  462 N    0  1  1  0 -3 -1 -1  1  0 -1 -1 -1  0  0  1  0  0  1  1 -1    9  10   8   5   0   2   3  13   3   4   6   2   2   5   6   4   5   3   5   4  0.07 0.09
  463 R    0  3 -1 -2 -4  0 -1  2  1 -1 -1  0  0 -1  0 -1 -1  1  0 -1    6  19   2   2   0   4   2  18   3   4   6   4   3   3   5   4   3   2   4   5  0.18 0.20
  464 L    0  4  0 -2 -4  1 -1 -1  0 -1 -1  1 -1 -1  0  0  0  2 -1 -1    7  22   5   2   0   8   2   4   3   3   8   7   2   2   5   7   5   3   2   4  0.20 0.22
  465 L    2 -1 -1 -2  1 -1 -2  2  0  0  0 -2  1 -2  0  0  0  2  0  0   21   4   3   0   3   3   0  16   3   4   8   0   4   0   4   6   6   3   3   6  0.12 0.15
  466 L   -1 -1 -1 -4 -3 -1 -3 -4 -3  0  3 -3  2  1  0 -1 -1  5  1  0    4   4   4   0   0   4   0   0   0   5  40   0   5   5   4   4   4   8   4   4  0.39 0.30
  467 A    3  0 -2 -3  0 -2 -3 -1 -3  2  0 -2  1 -1 -2  0  0  1 -1  1   32   5   1   1   2   1   0   4   0  11   9   2   4   3   1   4   7   2   2   9  0.23 0.23
  468 A    1 -1 -4 -4  0 -2 -3  0 -2  2  2 -2  2  0 -2 -1  0  2 -1  1   15   4   0   0   2   1   0   7   1  13  22   1   5   3   1   3   5   3   2  11  0.21 0.19
  469 C    4 -4  0 -3  3 -2 -4  0 -4  0  0 -3  1 -2 -2  0  0 -1 -2  1   39   0   5   1   6   1   0   6   0   4   9   0   3   1   1   8   6   1   1   8  0.39 0.32
  470 C   -2 -4 -1 -5  3  1 -4 -2  1 -1  2 -3  2  3 -5 -2 -2  0  4  0    2   0   3   0   8   6   0   3   4   3  24   1   6  11   0   3   2   1  18   5  0.46 0.32
  471 A    2 -4 -4 -5  0 -4 -4  0 -4  1  3 -4  1  1 -4 -1  0  4 -3  2   18   0   0   0   2   0   0   8   0   8  26   0   4   7   0   3   5   6   0  13  0.40 0.29
  472 V    0 -5 -5 -5  0 -4 -5 -2 -5  2  3 -4  2  0 -5 -2  0 -5 -3  4    7   0   0   0   2   0   0   4   0  11  30   0   5   4   0   3   6   0   0  28  0.59 0.36
  473 Q   -3 -3 -1 -3  0  6  1 -2  0 -2  1  0  4 -3 -2 -2 -1 -5 -1 -1    1   0   2   1   2  38   7   3   2   2  14   5  10   1   1   2   4   0   2   5  0.63 0.45
  474 A    1 -3 -2 -3  3 -2 -3  1 -3  1  1 -2  2  1 -3  0  1 -2 -1  1   10   0   0   0  10   0   0  10   0  10  10   0  10  10   0  10  10   0   0  10  0.15 0.11
  475 L    1 -4 -4 -4  0 -3 -4  0 -4  2  2 -3  1  1 -2 -2 -1 -3 -2  2   16   0   0   0   2   0   0   7   0  16  23   0   2   6   1   2   3   0   0  21  0.31 0.22
  476 G    2 -4 -3 -3  3 -3 -4  5 -4 -2 -4 -3 -1 -2 -4  1 -2 -4 -4 -2   17   0   0   0   6   0   0  53   0   3   0   0   2   2   0  11   2   0   0   3  0.88 0.43
  477 V    0 -4 -2 -4  0 -1 -3 -2 -4  3  1 -3  2 -1 -4 -2  1 -4  0  4    8   0   2   0   1   3   0   3   0  18   9   0   5   2   0   2   8   0   3  36  0.40 0.28
  478 A    2 -2 -3 -4  1 -3 -3 -1 -3  1  3 -3  1  0 -2  0 -1 -3 -1  1   22   2   0   0   3   0   0   5   0   5  32   0   2   4   1   7   2   0   1  12  0.27 0.23
  479 L    1 -4 -4 -5  0 -4 -4 -3 -4  1  4 -4  2 -1 -1 -2 -1 -4 -3  1   13   0   0   0   2   0   0   2   0   8  52   0   4   2   4   2   3   0   0   8  0.56 0.35
  480 G    1 -4 -2 -4  0 -1 -3 -2 -4 -1  0 -3 -1 -1  6  1 -1 -4 -4 -1   14   0   1   0   2   2   0   3   0   2  12   0   1   3  37  12   3   0   0   5  0.68 0.37
  481 I    2 -2 -3 -3  0 -1 -2 -2 -3  1  2 -3  0 -1 -2 -1  0  1 -1  3   19   1   1   1   2   2   1   3   0   9  22   0   1   2   2   2   4   2   2  24  0.23 0.21
  482 V    0 -2 -3 -4 -1 -3 -3 -3 -3  2  3 -3  2  3 -2 -2 -1  3  0  2    8   2   1   0   1   0   1   2   0  12  29   0   5  16   1   2   2   4   2  12  0.33 0.23
  483 W   -1 -2 -1 -1 -2 -2 -2  1 -1  0  0 -2  0  1  0  1  0  6  0  0    4   1   2   4   1   1   1  10   1   4  10   1   2   8   4  16   7  11   3   8  0.20 0.19
  484 P    0 -2 -1  1 -4  1 -1  0  3 -3 -2 -2 -2 -2  5  1  1 -5 -4 -2    7   2   3   8   0   6   3   8   7   1   4   2   1   2  26   9  10   0   0   3  0.43 0.30
  485 T    0 -3  2  1 -4 -1 -2  3  2 -4 -4 -2 -2 -3 -2  3  1 -2 -3 -3    7   1  10   6   0   3   1  22   5   1   1   1   1   1   2  25  10   1   1   1  0.47 0.35
  486 A    1 -1 -2 -3 -3 -1 -2  0 -2  1  1 -2  1  0  3 -1  0 -1 -1  1   12   2   1   1   0   2   2   7   1   9  17   2   4   3  15   4   7   1   2   8  0.19 0.18
  487 P    2 -4 -2 -3 -3 -3 -3  0 -4  1  1 -3 -1  1  2 -1  0  4 -1  1   20   0   2   1   0   0   1   6   0   7  13   1   1   7  10   5   7   6   2  11  0.26 0.24
  488 G    3 -5 -2 -4 -2 -4 -4  4 -5 -2  1 -4 -1  0 -2  0  0  1 -4  0   26   0   1   0   1   0   1  31   0   2  12   0   2   4   2   6   5   2   0   6  0.53 0.38
  489 F    1 -3 -1 -4 -2 -3 -3 -3 -3  2  3 -4  0  1  0 -2 -1 -4  0  1   16   1   3   1   1   1   1   2   0  10  34   0   2   7   4   2   3   0   3  12  0.36 0.28
  490 A    1 -4 -5 -5 -2 -3 -5 -2 -2  2  3 -4  2  2 -5 -1 -1  1  2  2   13   0   0   0   1   1   0   2   1  10  30   0   5   7   0   5   3   2   7  12  0.45 0.31
  491 L    1 -4 -5 -5  0 -4 -5 -2 -5  3  4 -4  0  0 -3 -2 -1 -4 -1  3   12   0   0   0   2   0   0   4   0  14  37   0   1   4   1   2   2   0   1  20  0.55 0.33
  492 G    3 -5 -2 -4  1 -4 -3  3 -5 -5 -4 -4 -5 -4 -2  5 -2 -6 -5 -5   20   0   1   0   3   0   1  22   0   0   2   0   0   1   1  48   1   0   0   0  1.03 0.59
  493 S    5 -5 -3 -5  1 -4 -4  1 -5 -2 -3 -4 -4 -3 -4  2  0 -6 -5 -1   60   0   1   0   3   0   0   9   0   2   1   0   0   1   0  16   5   0   0   3  1.03 0.58
  494 A    1 -4 -5 -5 -2 -4 -5 -3 -5  3  3 -4  1  3 -5 -4 -1 -4 -2  3   12   1   0   0   1   0   0   1   0  20  26   0   2  14   0   0   3   0   0  21  0.63 0.36
  495 L   -2 -5 -6 -6  3 -5 -6 -1 -6  1  5 -5  2  0 -4 -4 -2 -5 -4  1    2   0   0   0   6   0   0   5   0   8  61   0   4   4   1   1   2   0   0   7  0.95 0.48
  496 V   -3 -5 -5 -6  0 -5 -4 -3 -4  0  1 -5  0  6 -6 -3 -1 -3  2  3    1   0   0   0   2   0   1   2   0   4  14   0   2  42   0   1   4   0   5  23  1.01 0.49
  497 G   -3 -6 -4 -5 -6 -6 -6  7 -6 -7 -7 -5 -6 -7 -6 -3 -5 -6 -7 -7    2   0   0   0   0   0   0  95   0   0   0   0   0   0   0   2   0   0   0   0  2.51 0.88
  498 L    2 -4 -3 -4 -1 -3 -4  4 -4 -1  1 -3  0  1 -4  1 -1 -2 -2 -1   22   0   1   0   1   0   0  32   0   4  14   0   2   6   0  10   3   1   1   3  0.46 0.31
  499 P    0 -4 -3 -4  0 -3 -4 -1 -4 -3 -1 -4  1  0  1  1  5 -5 -1 -1    7   0   0   0   2   1   0   6   0   1   6   0   3   5   7  11  49   0   2   4  0.71 0.46
  500 F   -1 -6 -3 -6 -5 -4 -6 -3 -5 -1 -1 -6 -1  8 -1 -3 -1 -1 -1  0    5   0   2   0   0   1   0   2   0   3   5   0   2  66   3   1   4   1   0   6  1.51 0.64
  501 T   -2 -4 -3 -5 -2 -3 -5 -4 -5  2  2 -4  7  1  3 -3  0  3 -3  1    1   0   1   0   0   0   0   1   0   9  17   0  32   5  13   2   7   4   0   7  0.77 0.44
  502 A    2 -5 -3 -4  1 -4 -4  5 -5 -1 -4 -4 -2 -5 -1  1 -2 -5 -5  0   20   0   1   0   3   0   0  49   0   3   1   0   1   0   3   9   2   0   0   8  0.85 0.44
  503 I    0 -5 -3 -5  1 -4 -5 -3 -5  6  0 -4  1 -3 -2 -2  0 -5 -3  3    8   0   1   0   3   0   0   2   0  46   5   0   3   0   2   3   6   0   0  20  0.78 0.41
  504 T    0 -5 -2 -5 -4 -4 -4 -3 -5 -1 -2 -4  0 -3  2  0  4 -5 -4  5    6   0   1   0   0   0   0   2   0   1   1   0   3   1  10   5  32   0   0  40  0.84 0.49
  505 L    3 -3 -2 -3 -2  0 -3 -1 -3 -1  0 -3  3 -1  1  2  2 -2 -2 -1   26   0   1   0   0   4   0   4   0   3   8   0  10   2   5  16  16   0   1   2  0.35 0.30
  506 F    1 -4 -5 -5 -1 -4 -4 -4 -4  1  4 -4  3  1 -4 -1 -2 -4 -1  1   13   0   0   0   1   0   0   0   0   8  47   0   9   6   0   5   2   0   2   6  0.62 0.35
  507 A    3 -4 -3 -4 -1 -3 -3  2 -3 -1 -3 -3  1 -2 -4  1  3 -5 -4  2   26   0   0   0   1   0   0  14   0   3   0   0   4   1   0   8  22   0   0  20  0.49 0.35
  508 M    0 -4 -2 -4 -3 -2 -4 -3 -4  1  3 -3  5 -1 -4  0  2 -4 -3  0    8   0   2   0   0   1   0   1   0   6  32   0  19   2   0   8  15   0   0   5  0.49 0.33
  509 R    2  1 -1 -2 -2  2 -1  1 -1 -2 -1 -1  0 -1  0  1  1 -2 -2 -1   23   9   2   1   0  11   1  10   1   2   6   1   3   2   3   9  11   0   0   4  0.17 0.18
  510 E    0  1 -3 -2  1 -1  2 -3 -2  1  1 -1  1  1 -3 -1 -1  0  1  0   10   9   0   1   3   2  15   1   1   7  18   1   5   6   0   2   4   1   6   8  0.14 0.16
  511 A    4 -2 -4 -4  0 -2 -3  2 -3  1 -1 -2 -1 -3 -4 -1 -1 -5 -3  2   40   2   0   0   2   1   0  19   0   7   4   1   1   0   0   3   3   0   1  15  0.51 0.34
  512 R   -1  6 -2 -1 -6  1 -2  1  3 -5 -3  1 -2 -5 -5 -1 -2 -5 -3 -4    4  49   1   4   0   6   2  11   6   0   3   6   1   0   0   3   2   0   0   1  0.89 0.48
  513 R    0  4  1  1 -4  3  2 -2  2 -2 -2  0 -2 -3 -4 -1 -1 -2  0 -2    8  23   5   6   0  12  16   2   5   2   5   4   1   0   0   3   2   0   4   2  0.36 0.27
  514 L   -1  0 -1 -5 -1 -3 -4 -3 -2  1  4 -3  2  0 -4 -2 -1 -3 -1  1    5   5   3   0   1   1   0   2   1   8  50   1   4   3   1   2   4   0   1   8  0.53 0.33
  515 R    2  0 -1 -1 -2 -1 -1  1  0 -1  0 -1  0  0  1  0  0 -1  1  0   22   7   2   3   1   3   2  10   2   2   8   1   2   5   6   7   3   1   5   9  0.08 0.12
  516 G    0 -3 -2 -3 -5 -2 -4  2  1 -2 -5 -3 -3 -4  7 -1 -2 -6 -4 -2    8   2   2   1   0   1   1  18   3   2   1   1   1   1  50   4   2   0   1   3  1.20 0.56
  517 E    1  1 -1  0 -4  1  1  1  4 -3 -2  0 -2 -3  1  0  0 -4 -1 -2   15   7   3   4   0   6  12  11  11   1   3   4   1   0   7   8   6   0   1   2  0.23 0.20
  518 R    1  2  2  1 -4  1  0  0  4 -3 -2  0 -3 -3 -1  0 -1 -5 -2 -2   13  13  11  10   0   6   4   8  10   1   4   4   0   0   3   6   3   0   1   2  0.26 0.21
  519 A    3 -1 -1 -3 -3 -1 -2 -1  3 -2 -2 -1  0 -3  3  1  0  4 -2 -1   23   4   2   0   0   3   2   5   7   2   2   2   2   1  16  12   4   6   1   5  0.36 0.28
  520 A    3  1  0 -2 -4  1 -3  0  1 -2 -3 -1 -2 -3  1  1  2 -1 -2 -2   25  10   5   1   0   6   0   8   3   3   1   3   1   1   7   9  13   1   1   2  0.27 0.25
  521 G    1  5  1 -3 -4  1 -2  0 -2 -3 -3  2 -3 -3 -1  0 -1 -3 -1 -2   15  31   6   1   0   6   1   7   1   1   2  11   0   1   3   5   3   0   2   2  0.47 0.32
  522 L    3 -2 -1 -3 -3 -1 -2  1 -2  1  2 -2  2 -1 -1 -1 -1 -1  0  1   26   2   3   1   0   3   1   9   1   7  19   1   5   3   2   3   3   1   3   9  0.19 0.19
  523 M   -1 -5 -5 -6 -4 -4 -5 -5 -5  4  1 -4  5  0 -4 -3 -2  6 -3  2    6   0   0   0   0   1   0   1   0  27  14   0  17   3   1   2   2  12   0  13  0.91 0.45
  524 G    5 -3 -4 -5 -5 -4 -5  5 -6 -6 -6 -4 -5 -6 -3  1 -3 -1 -6 -4   45   2   0   0   0   0   0  40   0   0   0   1   0   0   1   8   1   1   0   1  1.32 0.65
  525 Y    2  1 -3 -4 -2 -2 -3 -2 -2  1  2 -1  1  1 -3 -2 -1  3  1  1   18  10   1   0   0   2   1   2   1   8  22   4   3   5   0   1   4   4   5  10  0.22 0.20
  526 A    2 -6 -5 -7 -3 -4 -6 -5 -6  0  4 -5  7  2 -6 -4 -3 -2 -2 -1   15   0   0   0   0   0   0   0   0   3  39   0  27   8   0   1   1   0   1   3  1.12 0.57
  527 T   -4 -6 -3 -6 -6 -6 -6 -7 -7 -2 -6 -6 -4 -7 -6 -2  8 -8 -7 -2    1   0   1   0   0   0   0   0   0   2   0   0   0   0   0   2  91   0   0   2  2.56 1.09
  528 A    4 -5 -4 -5 -3 -4 -4 -2 -5  1  1 -4 -1  1 -4  0  2 -5 -4  2   35   0   0   0   0   0   0   2   0   7  14   0   1   6   0   6  12   0   0  17  0.57 0.39
  529 S    3 -4 -4 -4  2 -4 -4  1 -4  1  0 -4  0  0 -4  2 -1  0 -4  2   27   0   0   0   5   0   0  11   0   9   7   0   2   4   0  15   3   1   0  14  0.41 0.31
  530 Y   -5 -7 -7 -8 -7 -7 -7 -5 -1 -4 -5 -7 -3  8 -8 -7 -7 -3  7 -6    1   0   0   0   0   0   0   1   1   1   0   0   1  60   0   0   0   0  35   0  2.57 0.94
  531 G    4 -5 -3 -5 -3 -5 -5  5 -5 -4 -6 -5 -5 -6 -5  3 -4 -6 -6 -5   39   0   1   0   1   0   0  40   0   1   0   0   0   0   0  19   0   0   0   0  1.33 0.64
  532 V    1 -5 -3 -6 -3 -5 -5 -3 -5  4  3 -5 -1  0 -5 -3  0 -3 -4  3   11   0   1   0   0   0   0   2   0  25  28   0   0   4   0   1   5   0   0  22  0.69 0.38
  533 G    1 -6 -5 -5 -1 -6 -6  7 -6 -4 -4 -5 -3 -1 -5 -1 -2 -6 -6 -5   11   0   0   0   1   0   0  75   0   1   2   0   1   3   0   3   2   0   0   1  1.71 0.71
  534 Q   -5 -3 -5 -5 -8  9 -2 -7 -3 -8 -5 -4 -3 -8 -6 -5 -5 -7 -5 -7    0   1   0   0   0  94   1   0   0   0   1   0   0   0   0   0   0   0   0   0  3.04 1.19
  535 I    2 -5 -5 -5  0 -4 -5 -3 -5  5  1 -5  3  0 -4 -2  0 -4 -4  2   19   0   0   0   2   0   0   1   0  37  11   0   7   3   0   3   4   0   0  12  0.70 0.39
  536 A    2 -3 -5 -5 -2 -4 -5 -3 -5  4  3 -4  0 -2 -5 -2 -2 -5 -4  3   17   1   0   0   1   0   0   2   0  25  25   0   1   1   0   3   1   0   0  21  0.64 0.36
  537 G    1 -6 -4 -4 -6 -5 -6  7 -6 -6 -5 -5 -6 -4 -6 -1 -3 -6 -6 -6   12   0   0   1   0   0   0  79   0   0   1   0   0   1   0   5   1   0   0   0  1.90 0.75
  538 P    0 -5 -6 -6 -7 -6 -5  0 -6 -7 -7 -5 -6 -5  8 -3 -4 -7 -4 -5    7   0   0   0   0   0   0   8   0   0   0   0   0   1  80   1   1   0   1   1  2.45 0.92
  539 L    1 -4 -4 -5 -3 -3 -4 -3 -3  2  3 -4  0  0  0 -1 -1  3  3  2   13   0   0   0   0   0   0   2   0  10  27   0   2   4   5   4   3   4  12  15  0.41 0.28
  540 A    1 -4 -4 -5 -3 -4 -4  0 -4  2  3 -4  1  1 -3 -2 -1 -2 -1  2   15   0   0   0   0   0   0   8   0  12  27   0   3   7   1   2   3   0   1  19  0.40 0.27
  541 A    4 -4 -3 -4 -1 -3 -4 -1 -2 -1 -1 -3  2  0 -3  1  1 -4 -1  2   39   0   0   0   1   0   0   4   1   3   5   0   6   5   1  11   9   0   2  14  0.47 0.34
  542 A    2 -3 -2 -3 -4 -3 -3  5 -4 -5 -4 -3 -3 -5 -4  2 -1 -5 -5 -2   20   1   2   1   0   1   1  51   0   0   1   1   0   0   1  14   3   0   0   4  0.97 0.48
  543 P    1 -1 -4 -4 -4 -2 -3 -3 -1  1  1 -3  0  1  2 -2 -1  6  3  0   16   3   0   0   0   2   1   2   2   7  15   1   2   6   9   2   3  12  11   8  0.39 0.26
  544 F   -1 -5 -5 -6 -4 -4 -5 -3 -5  2  4 -5  3  1 -3 -1 -2 -1 -2  2    4   0   0   0   0   0   0   2   0  13  47   0   6   6   2   5   1   1   1  12  0.70 0.38
  545 A    3 -1 -2 -4 -3 -2 -3 -2  0  1  1 -2  0  2 -3  1  0 -3  2  0   27   3   1   0   0   1   1   3   2   7  14   2   2  11   0  11   5   0   6   4  0.26 0.24
  546 A    1  0 -1  4 -4  1  2  0  2 -3 -4 -2 -3 -4 -3  1 -1 -4 -2 -2   14   4   2  30   0   5  11   8   5   1   1   1   0   0   0   9   4   0   1   3  0.45 0.30
  547 H    1  1 -1 -2 -3  0 -1 -1  2  0  1  0  0  0 -2  0 -1  2  1  0   12  11   3   1   0   5   2   5   8   5  13   4   3   3   1   7   3   3   5   6  0.07 0.10
  548 A    0 -2 -1 -2 -2 -1 -2  0  0 -2 -1 -3 -2  0 -1  2  4 -3  0 -2    8   2   3   1   1   3   2   7   2   1   5   0   1   5   3  19  32   0   3   2  0.38 0.30
  549 G    0 -3 -1  0 -5  0 -2  6  3 -6 -3 -3 -4 -4 -4 -2 -3 -2 -4 -4    8   1   2   6   0   5   2  58   8   0   3   1   0   1   0   3   1   1   0   1  1.08 0.51
  550 S    0 -2  2  1 -3 -2 -2  3  0 -5 -5 -3 -4 -4 -2  4  0 -4 -4 -3    6   2  10   6   0   2   1  22   2   0   0   1   0   1   1  37   6   0   0   1  0.66 0.41
  551 F   -5 -5 -5 -5 -5 -5 -6 -5  0  0  2 -6 -1  6 -5 -3 -3 -2  7 -2    0   0   0   1   0   0   0   1   2   4  21   0   1  31   1   2   1   0  33   2  1.36 0.59
  552 S    1  1  1  1 -3  0  0 -1  0 -2 -2 -1 -1 -1 -1  1  1 -1  0 -1   13   9   6   8   0   5   6   5   3   1   4   1   2   3   2  14  11   1   4   4  0.12 0.14
  553 P    1 -1 -1 -2 -3 -1 -2  0 -2  0  1 -3  0  0  3  0  0  3 -1  0   16   4   2   2   0   2   1   6   1   5  16   0   2   3  18   5   5   4   2   6  0.22 0.19
  554 A    4 -4 -4 -4 -4 -4 -4  2 -3 -1  0 -2 -2 -5  2  2 -2 -5 -5 -2   36   0   0   0   0   0   0  15   0   4  11   2   1   0  12  16   1   0   0   2  0.61 0.41
  555 L   -4 -5 -6 -6 -5 -4 -6 -5 -5  0  5 -6  2  5 -6 -1 -3 -2  0 -1    1   0   0   0   0   0   0   0   0   4  52   0   5  26   0   4   1   0   2   3  1.15 0.53
  556 W    1 -3 -4 -4 -3 -2 -3  0 -3  2  2 -3  1  1 -2 -2 -1  5  2  1   11   0   0   0   0   1   2   7   0  11  23   1   4   6   2   3   2  10   6  11  0.35 0.24
  557 L    0 -4 -5 -4  0 -4 -4 -2 -4  3  3 -4  2  1 -4 -2 -1  1 -1  3    8   0   0   1   2   0   0   3   0  20  27   0   4   7   0   2   4   2   1  18  0.49 0.28
  558 A    5 -5 -4 -4 -4 -4 -4  2 -5 -4 -4 -4 -4 -6 -4  3  0 -6 -5 -3   51   0   0   0   0   0   0  17   0   1   1   0   0   0   0  23   5   0   0   1  1.08 0.57
  559 A    5 -4 -4 -4  1 -3 -4  2 -4 -3 -2 -4 -1 -3 -3  2  0 -1 -4 -1   49   0   0   0   3   1   0  17   0   1   3   0   1   1   1  14   6   1   0   4  0.77 0.45
  560 T    3 -4 -3 -4  1 -3 -4  2 -4  2  0 -3 -1  0 -4  0 -1 -4 -3  2   26   0   1   0   3   0   0  15   0  12  10   0   1   5   0   8   4   0   0  15  0.34 0.26
  561 M    3 -4 -3 -4  1 -3 -4 -1 -4  2  1 -3  1  0 -4  0  0 -4 -3  3   25   0   1   0   3   0   0   4   0  14  13   0   3   3   0   7   5   0   0  21  0.38 0.27
  562 L   -1 -5 -5 -6 -1 -5 -5 -5 -5  1  5 -5  4 -2 -4 -2 -2 -2 -4  1    5   0   0   0   1   0   0   1   0   6  60   0   9   1   0   3   1   1   0  10  0.97 0.47
  563 A    2 -4 -4 -4 -1 -3 -4  0 -4  2  2 -4  2  2 -4 -2 -2 -1 -2  2   19   0   0   0   1   1   0   7   0  11  24   0   5  10   0   2   2   1   0  17  0.39 0.26
  564 V    1 -4 -4 -5  0 -3 -4 -2 -4  3  3 -4  1  1 -4 -2 -1  0 -3  2   15   0   0   0   2   0   0   3   0  18  28   0   2   6   0   1   4   1   0  18  0.47 0.28
  565 G    3 -5 -4 -4  0 -3 -4  6 -5 -5 -4 -4 -3 -6 -4  2 -2 -5 -5 -5   26   0   0   0   2   1   0  53   0   0   1   0   0   0   0  14   2   0   0   0  1.21 0.55
  566 A    4 -4 -3 -4 -1 -3 -4  1 -4  0  1 -4  2 -1 -4  0  0 -5 -3  0   45   0   0   0   1   0   0   9   0   5  13   0   6   3   0   7   6   0   0   5  0.55 0.37
  567 A    2 -4 -4 -4  1 -4 -4 -1 -4  2  3 -4  1  0 -4 -2 -1 -4 -3  3   17   0   0   0   3   0   0   6   0  11  29   0   2   3   0   3   2   0   0  22  0.44 0.28
  568 G   -1 -4 -4 -5  4 -4 -4  0 -4  2  3 -4  2  1 -2 -2 -2 -2 -3  1    6   0   0   0   9   0   0   8   0  11  38   0   5   7   2   3   1   1   0   9  0.49 0.29
  569 F    1 -3 -4 -3 -2 -3 -2 -3 -4  1  3 -3  2  1 -4  0  1  0  1  1   12   1   0   1   0   0   2   2   0   6  36   0   5   5   0   8   8   1   5   8  0.34 0.25
  570 A    2 -3 -4 -4 -2 -3 -3 -2 -3  2  3 -4  1  0 -4 -1 -1  0 -2  2   20   0   0   1   0   1   1   3   1  13  31   0   2   4   0   3   2   1   1  16  0.38 0.26
  571 A    2 -2 -3 -4  1 -2 -3 -2 -3  1  2 -3  0  1  0 -2 -1  5 -1  1   25   2   1   0   3   1   1   3   0  10  19   1   2   6   5   1   3   8   1   9  0.27 0.21
  572 V    0 -2 -3 -3 -1 -1 -3 -1 -1  1  3 -2  2  0  0  0 -1  1 -1  2    6   2   0   1   1   3   1   5   1   9  30   0   7   3   4   7   3   2   1  15  0.19 0.16
  573 A    1  3 -1 -2 -1 -1 -2  0 -1 -1  0  0 -1  0  2  0  0  0  0  0   15  20   2   0   1   2   1   5   1   4   9   3   1   3  10   4   6   1   5   5  0.13 0.13
  574 L    0  3 -2 -3 -3  0 -2 -4 -3  2  2 -1  3  0 -2 -1 -2  3 -1  0    7  19   1   0   0   5   2   0   0  14  21   3   8   3   2   4   1   5   1   5  0.26 0.20
  575 R    0  5 -2 -3 -1  0 -2 -2 -1 -2 -1  2 -1 -2  2 -1 -1  2 -2 -2    7  34   0   0   1   4   1   2   1   2   7  15   1   1   9   3   4   4   1   3  0.43 0.26
  576 A    1  1  0 -1  1  1  2  0  1 -2  0  0 -1 -2 -2  0 -1 -1  0 -2   13  10   5   2   4   7  14   7   5   1  11   5   2   0   1   7   1   1   4   1  0.10 0.11
  577 W   -1  2  0 -3 -4  1  0  0 -2 -3 -2  0 -3 -3  3 -1  0  7  1 -2    6  15   4   0   0   5   7   6   0   1   4   6   0   0  14   2   6  16   4   2  0.45 0.24
  578 R   -1  5 -2 -3 -4  0  1 -2  0 -4 -1  2  0 -4  2  0  0 -4 -3 -3    5  38   0   0   0   3   8   3   2   0   5  11   3   0  11   6   4   0   0   0  0.54 0.29
  579 A    1  0  0 -1 -2  0  1  0  1  0  0  0  0 -1  0  0  0 -1  0  0   18   3   3   2   0   3   9   6   6   3   9   4   1   1   4   7   7   1   2  10  0.05 0.06
  580 R    2  4 -1 -2 -4  0  0 -1 -1 -3 -4  2 -3 -4  0  0 -1 -4 -3 -2   21  33   1   1   0   4   5   2   1   1   0  16   0   0   5   7   2   0   0   1  0.48 0.25
  581 T    2 -2  0 -1 -3 -1 -1 -1  0  0 -2 -1 -1 -3  4  1  1 -4 -3  1   18   1   5   1   0   1   3   2   3   7   1   2   2   0  23  13   7   0   0  11  0.33 0.17
  582 R    1  4 -2  0 -3  3  0 -1 -2 -4 -3  1 -2 -1 -3  1  0 -4 -3 -3   16  35   0   4   0  15   4   4   0   0   0   4   0   3   0  11   4   0   0   0  0.46 0.22
  583 G   -1 -3 -2 -1 -3 -1 -3  5  0 -2  1 -2 -2 -3  1 -2 -2 -3 -3 -2    2   0   0   4   0   3   0  58   3   0  21   0   0   0   6   0   0   0   0   3  0.63 0.19
  584 G    2 -2 -1 -2 -3 -2 -2  5 -3 -3 -3  0 -3 -4 -2  0 -2 -3 -3 -2   22   0   0   0   0   0   0  62   0   0   0   8   0   0   0   5   0   0   0   4  0.76 0.16
  585 G    3 -2 -1 -2 -2  1 -1  4 -2 -3 -3 -1 -2 -3 -2  1 -1 -3 -3 -2   33   0   0   0   0   8   0  47   0   0   0   0   0   0   0  12   0   0   0   0  0.56 0.08
  586 V   -1 -2 -2 -2 -2 -1  1  0 -3  0  1 -2  0 -2  4 -1 -1 -3 -2  2    0   0   0   0   0   0  14   9   0   0  18   0   0   0  25   0   0   0   0  33  0.32 0.06
  587 G    0 -3 -1 -2 -3 -2 -3  6 -3 -4 -4 -2 -3 -4 -3 -1 -2 -3 -4 -4    0   0   0   0   0   0   0 100   0   0   0   0   0   0   0   0   0   0   0   0  1.26 0.09

                      K         Lambda
Standard Ungapped    0.1288     0.3182
Standard Gapped      0.0410     0.2670
PSI Ungapped         0.1338     0.3175
PSI Gapped           0.0410     0.2670
