
Last position-specific scoring matrix computed, weighted observed percentages rounded down, information per position, and relative weight of gapless real matches to pseudocounts
           A  R  N  D  C  Q  E  G  H  I  L  K  M  F  P  S  T  W  Y  V   A   R   N   D   C   Q   E   G   H   I   L   K   M   F   P   S   T   W   Y   V
    1 M   -1 -1 -2 -3 -1  0 -2 -3 -2  1  2 -1  5  0 -2 -1 -1 -1 -1  1    0   0   0   0   0   0   0   0   0   0   0   0   0   0   0   0   0   0   0   0  0.00    0.00
    2 W   -3 -3 -4 -4 -2 -2 -3 -2 -2 -3 -2 -3 -1  1 -4 -3 -2 11  2 -3    0   0   0   0   0   0   0   0   0   0   0   0   0   0   0   0   0   0   0   0  0.00    0.00
    3 K   -1  2  0 -1 -3  1  1 -2 -1 -3 -2  5 -1 -3 -1  0 -1 -3 -2 -2    0   0   0   0   0   0   0   0   0   0   0   0   0   0   0   0   0   0   0   0  0.00    0.00
    4 C    0 -3 -3 -3  9 -3 -4 -3 -3 -1 -1 -3 -1 -2 -3 -1 -1 -2 -2 -1    0   0   0   0   0   0   0   0   0   0   0   0   0   0   0   0   0   0   0   0  0.00    0.00
    5 H   -2  0  1 -1 -3  0  0 -2  8 -3 -3 -1 -2 -1 -2 -1 -2 -2  2 -3    0   0   0   0   0   0   0   0   0   0   0   0   0   0   0   0   0   0   0   0  0.00    0.00
    6 F   -2 -3 -3 -3 -2 -3 -3 -3 -1  0  0 -3  0  6 -4 -2 -2  1  3 -1    0   0   0   0   0   0   0   0   0   0   0   0   0   0   0   0   0   0   0   0  0.00    0.00
    7 Y   -2 -2 -2 -3 -2 -1 -2 -3  2 -1 -1 -2 -1  3 -3 -2 -2  2  7 -1    0   0   0   0   0   0   0   0   0   0   0   0   0   0   0   0   0   0   0   0  0.00    0.00
    8 C    0 -3 -3 -3  9 -3 -4 -3 -3 -1 -1 -3 -1 -2 -3 -1 -1 -2 -2 -1    0   0   0   0   0   0   0   0   0   0   0   0   0   0   0   0   0   0   0   0  0.00    0.00
    9 I   -1 -3 -3 -3 -1 -3 -3 -4 -3  4  2 -3  1  0 -3 -2 -1 -3 -1  3    0   0   0   0   0   0   0   0   0   0   0   0   0   0   0   0   0   0   0   0  0.00    0.00
   10 I   -1 -3 -3 -3 -1 -3 -3 -4 -3  4  2 -3  1  0 -3 -2 -1 -3 -1  3    0   0   0   0   0   0   0   0   0   0   0   0   0   0   0   0   0   0   0   0  0.00    0.00
   11 H   -2  0  1 -1 -3  0  0 -2  8 -3 -3 -1 -2 -1 -2 -1 -2 -2  2 -3    0   0   0   0   0   0   0   0   0   0   0   0   0   0   0   0   0   0   0   0  0.00    0.00
   12 L   -1 -2 -3 -4 -1 -2 -3 -4 -3  2  4 -2  2  0 -3 -2 -1 -2 -1  1    0   0   0   0   0   0   0   0   0   0   0   0   0   0   0   0   0   0   0   0  0.00    0.00
   13 I   -1 -3 -3 -3 -1 -3 -3 -4 -3  4  2 -3  1  0 -3 -2 -1 -3 -1  3    0   0   0   0   0   0   0   0   0   0   0   0   0   0   0   0   0   0   0   0  0.00    0.00
   14 I   -1 -3 -3 -3 -1 -3 -3 -4 -3  4  2 -3  1  0 -3 -2 -1 -3 -1  3    0   0   0   0   0   0   0   0   0   0   0   0   0   0   0   0   0   0   0   0  0.00    0.00
   15 H   -2  0  1 -1 -3  0  0 -2  8 -3 -3 -1 -2 -1 -2 -1 -2 -2  2 -3    0   0   0   0   0   0   0   0   0   0   0   0   0   0   0   0   0   0   0   0  0.00    0.00
   16 F   -2 -3 -3 -3 -2 -3 -3 -3 -1  0  0 -3  0  6 -4 -2 -2  1  3 -1    0   0   0   0   0   0   0   0   0   0   0   0   0   0   0   0   0   0   0   0  0.00    0.00
   17 L   -1 -2 -3 -4 -1 -2 -3 -4 -3  2  4 -2  2  0 -3 -2 -1 -2 -1  1    0   0   0   0   0   0   0   0   0   0   0   0   0   0   0   0   0   0   0   0  0.00    0.00
   18 F   -2 -3 -3 -3 -2 -3 -3 -3 -1  0  0 -3  0  6 -4 -2 -2  1  3 -1    0   0   0   0   0   0   0   0   0   0   0   0   0   0   0   0   0   0   0   0  0.00    0.00
   19 I   -1 -3 -3 -3 -1 -3 -3 -4 -3  4  2 -3  1  0 -3 -2 -1 -3 -1  3    0   0   0   0   0   0   0   0   0   0   0   0   0   0   0   0   0   0   0   0  0.00    0.00
   20 K   -1  2  0 -1 -3  1  1 -2 -1 -3 -2  5 -1 -3 -1  0 -1 -3 -2 -2    0   0   0   0   0   0   0   0   0   0   0   0   0   0   0   0   0   0   0   0  0.00    0.00
   21 I   -1 -2 -3 -3 -1 -1 -3 -3 -2  3  2 -2  4  0 -3 -2 -1 -2 -1  2    0   0   0   0   0   0   0   0   0  50   0   0  50   0   0   0   0   0   0   0  0.29 0.00
   22 T    1 -1  0 -1 -1  0 -1 -1 -1 -2 -2  0 -1 -2 -1  3  4 -3 -2 -1    0   0   0   0   0   0   0   0   0   0   0   0   0   0   0  50  50   0   0   0  0.38 0.00
   23 E    0  1  0  0 -3  1  3 -1 -1 -3 -3  3 -2 -3 -1  2  0 -3 -2 -2    0   0   0   0   0   0  30   0   0   0   0  40   0   0   0  30   0   0   0   0  0.37 0.00
   24 K   -1  1  0  4 -4  1  4 -2 -1 -3 -3  2 -2 -4 -1  0 -1 -4 -2 -3    0   0   0  30   0   0  40   0   0   0   0  30   0   0   0   0   0   0   0   0  0.51 0.00
   25 R   -1  5  0 -1 -4  1  0 -2  0 -3 -2  3 -2 -3 -2 -1 -1 -3 -2 -3    0  70   0   0   0   0   0   0   0   0   0  30   0   0   0   0   0   0   0   0  0.63 0.01
   26 K   -1  4  0 -1 -3  1  0 -2 -1 -3 -3  4 -2 -3 -2  0 -1 -3 -2 -3    0  40   0   0   0   0   0   0   0   0   0  60   0   0   0   0   0   0   0   0  0.54 0.01
   27 E    2 -1 -1  0 -2  0  2 -1 -1 -2 -2  0 -2 -3  5  0 -1 -3 -2 -1   40   0   0   0   0   0  30   0   0   0   0   0   0   0  30   0   0   0   0   0  0.54 0.00
   28 E   -1 -1  0  4 -4  1  4 -2 -1 -3 -3  0 -3 -4 -1  0 -1 -4 -3 -3    0   0   0  40   0   0  60   0   0   0   0   0   0   0   0   0   0   0   0   0  0.68 0.01
   29 I   -1  0 -2 -2 -2 -1 -2 -3 -2  3  1  2  1 -1 -2 -2 -1 -3 -2  2    0   0   0   0   0   0   0   0   0  70   0  30   0   0   0   0   0   0   0   0  0.18 0.01
   30 N   -1  1  3  0 -3  0  0  3 -1 -3 -3  3 -2 -3 -2  0 -1 -3 -2 -3    0   0  30   0   0   0   0  30   0   0   0  40   0   0   0   0   0   0   0   0  0.39 0.00
   31 L   -1 -1 -2 -3 -2  2 -1 -3 -2  1  3 -1  2  0 -3 -2 -1 -2 -1  0    0   0   0   0   0  28   0   0   0   0  72   0   0   0   0   0   0   0   0   0  0.29 0.02
   32 K   -1  1  0  0 -3  4  3 -2  0 -3 -3  4 -1 -3 -1  0 -1 -3 -2 -3    0   0   0   0   0  29  22   0   0   0   0  49   0   0   0   0   0   0   0   0  0.49 0.02
   33 K   -1  4  0  0 -4  3  3 -2  0 -3 -3  3 -1 -3 -2  0 -1 -3 -2 -3    0  40   0   0   0  20  23   0   0   0   0  17   0   0   0   0   0   0   0   0  0.51 0.02
   34 T   -1  0 -1 -1 -2  2  0 -2 -1  0 -1  1 -1 -3  3  0  2 -3 -2  0    0   0   0   0   0  18   0   0   0  15   0  17   0   0  19   0  31   0   0   0  0.30 0.02
   35 N    0 -1  2  2 -2  1  0  3 -1 -1 -2 -1 -1 -3 -2  1  1 -3 -2  0    0   0  11  13   0  13   0  25   0   0   0   0   0   0   0  12  12   0   0  14  0.21 0.02
   36 S    0 -1  0  0 -2  2  3  1 -1 -3 -3  0 -2 -3 -1  2  1 -3 -2 -2    0   0   0   0   0  10  34  12   0   0   0   0   0   0   0  32  12   0   0   0  0.36 0.05
   37 S    2  0  0 -1 -1  2  0 -1 -1 -2 -2  2 -1 -3 -1  2  1 -3 -2 -1   24   1   0   1   0  12   1   1   0   1   1  23   0   0   1  23  11   0   0   1  0.23 0.03
   38 G    2 -1 -1  0 -1  0  2  1 -1 -1 -2  0 -1 -2 -1  0  1 -2 -2  0   29   1   1   1   0   1  29  10   0   1   2   1   0   1   1   1   9   0   1  10  0.17 0.03
   39 K    0  0 -1 -1 -3  0  1 -2 -2 -3 -3  2 -2 -3  6  1 -1 -3 -2 -2    8   0   0   0   0   0   9   1   0   0   1  27   0   0  40   9   1   0   0   1  0.69 0.06
   40 P    1 -1 -1  1 -3  0  2 -2 -1 -2 -2  2  1 -3  5  0 -1 -3 -2 -2   14   0   0   9   0   0  16   1   0   0   1  16   8   0  30   1   0   0   0   1  0.47 0.07
   41 K    0  0 -1 -1 -2  1  1 -2 -1 -2 -1  3 -1 -3 -1  1  2 -3 -2 -2    6   0   0   0   0   6   8   1   0   0   7  37   0   0   0  16  16   0   0   0  0.26 0.08
   42 R    1  4 -1  0 -3  1  1 -2 -1 -3 -3  4 -2 -3 -2 -1 -1 -3 -2 -2   12  24   0   5   0   6   5   0   0   0   1  43   0   0   0   0   0   0   0   0  0.45 0.11
   43 D   -1  1 -1  2 -3  0  0  2  0 -3 -3  3 -2 -4  0  0  1 -4 -3 -3    0   7   0  13   0   0   3  16   3   0   0  36   0   0   4   7  10   0   0   0  0.34 0.12
   44 F   -1  1 -2 -2 -3 -1 -1  0 -2 -1 -1  3  2  2  2 -1 -2 -2 -1 -2    3   9   0   0   0   0   0   9   0   4   4  33   9  15  10   3   0   0   0   0  0.23 0.13
   45 T   -2  3 -1 -2 -3  0 -1 -3 -2 -3 -2  5  1  0 -2  0  2 -3 -2 -2    1  17   0   0   0   0   0   1   0   0   1  50   5   5   0   4  15   0   0   0  0.51 0.21
   46 K    0  2  2 -1 -3  1  0 -1 -1 -3 -3  4 -2 -4 -2  2  0 -4 -3 -3    6   9  12   0   0   5   0   3   0   0   0  43   0   0   0  16   4   0   0   0  0.44 0.18
   47 L   -3  0 -4 -5 -3 -3 -4 -4 -3  0  2 -3  1  6 -4 -3 -1  5  1 -1    0   8   0   0   0   0   0   0   0   4  27   0   3  46   0   0   5   8   0   0  0.70 0.24
   48 S   -1  2  0 -1 -4  1  1 -2 -2 -4 -4  5 -3 -4 -2  2  0 -4 -3 -3    0  11   3   0   0   5   9   2   0   0   0  46   0   0   0  19   5   0   0   0  0.57 0.25
   49 T   -3 -4 -4 -5 -3 -4 -4 -5 -3  0  1 -4  6  6 -5 -3  0 -2  0  0    0   0   0   0   0   0   0   0   0   4   8   0  26  49   0   0   7   0   0   6  0.94 0.35
   50 P   -3 -5 -4 -4 -5 -4 -4 -5 -5 -5 -3 -3 -5 -6  9 -3 -3 -6 -5 -5    0   0   0   0   0   0   0   0   0   0   2   0   0   0  98   0   0   0   0   0  2.77 0.60
   51 H   -1 -2  1  3 -3 -2 -1 -1  3 -3 -4 -2 -3 -4  0  1  4 -4 -3 -3    2   0   4  21   0   0   0   4  10   0   0   0   0   0   4  12  43   0   0   0  0.58 0.28
   52 T    5 -3 -2 -3 -2 -2 -2 -2 -3 -2 -3 -2 -2 -4  2  1  3 -4 -3  0   56   0   0   0   0   0   0   0   0   0   0   0   0   0  11   7  22   0   0   4  0.68 0.31
   53 Y   -3 -4 -4 -5 -4 -1 -4 -5  1  0  1 -4 -1  6 -5 -3 -2  0  6 -2    0   0   0   0   0   4   0   0   2   6  11   0   0  38   0   0   2   0  37   0  1.01 0.34
   54 V    0 -3 -2 -3 -2 -3 -3 -4 -4  0  0 -3 -2 -3 -3 -1  6 -4 -3  3    5   0   0   0   0   0   0   0   0   5   6   0   0   0   0   0  63   0   0  21  0.80 0.36
   55 I   -2 -4 -5 -5 -3 -4 -5 -5 -5  5  1 -4  0  1 -4 -4 -2 -4 -2  4    0   0   0   0   0   0   0   0   0  51   7   0   0   6   0   0   0   0   0  36  0.87 0.32
   56 I   -3 -4 -5 -5 -3 -4 -5 -5 -5  4  5 -4  1 -1 -5 -4 -3 -4 -3  0    0   0   0   0   0   0   0   0   0  29  69   0   2   0   0   0   0   0   0   0  0.97 0.34
   57 F    0 -4 -4 -5 -3 -4 -4 -4 -3  3  0 -4  4  6 -4 -3 -3 -2  0  0   11   0   0   0   0   0   0   0   0  18   4   0  12  50   0   0   0   0   0   5  0.81 0.31
   58 G    0 -3 -3 -4 -3 -3 -4  2 -3  2  1 -3  1  4 -4 -2 -1 -2  0  1   10   0   0   0   0   0   0  20   0  17  12   0   4  28   0   0   2   0   0   8  0.34 0.18
   59 V   -2 -4 -5 -5 -2 -4 -4 -5 -5  5  2 -4  2 -2 -4 -3 -2 -4 -3  5    0   0   0   0   0   0   0   0   0  36  14   0   5   0   0   0   0   0   0  45  0.80 0.30
   60 V    0 -3 -3 -4 -2 -3 -3 -2 -4  3  3 -3  1 -1 -3 -1  2 -3 -2  2    6   0   0   0   0   0   0   2   0  21  38   0   2   0   0   3  16   0   0  12  0.39 0.19
   61 I    0 -4 -4 -5 -2 -4 -4 -4 -4  4  3 -4  0 -1 -4 -3 -2 -4 -2  3   10   0   0   0   0   0   0   0   0  34  32   0   0   0   0   0   0   0   0  24  0.60 0.24
   62 F   -2 -4 -5 -5 -2 -4 -4 -5 -4  3  4 -4  2  2 -4 -3 -2 -3 -1  3    0   0   0   0   0   0   0   0   0  18  46   0   4  11   0   0   0   0   0  21  0.63 0.24
   63 A    4 -3 -3 -4  2 -3 -3 -2 -3  0  0 -3  2  0 -3 -1 -1 -4 -2  3   47   0   0   0   5   0   0   0   0   0   6   0   6   4   0   3   0   0   0  29  0.48 0.27
   64 W    3 -3 -3 -4 -3  0 -3  1 -3 -1 -2 -3  0  0 -3 -1  1  8 -1  1   29   0   0   0   0   6   0  10   0   2   0   0   3   4   0   0   9  25   0  11  0.65 0.27
   65 I    1 -3 -3 -4 -2 -3 -3  1 -4  4  2 -3  1 -1 -3 -1 -1 -3 -2  2   14   0   0   0   0   0   0  10   0  32  23   0   2   0   0   5   2   0   0  12  0.30 0.17
   66 L    1 -3 -4 -4  0 -3 -4 -2 -4  0  5 -3  2 -2 -4  0 -2 -3 -3 -1   16   0   0   0   2   0   0   2   0   0  67   0   5   0   0   8   0   0   0   0  0.63 0.31
   67 T   -2 -3 -2 -3 -3 -3 -3 -3  2 -3 -4 -3 -3 -4 -3  2  7 -5 -3 -2    0   0   0   0   0   0   0   0   6   0   0   0   0   0   0  13  81   0   0   0  1.29 0.50
   68 F   -4 -4 -5 -6 -4 -4 -5 -5  3 -3  0 -5 -2  6 -6 -4 -4 10  4 -3    0   0   0   0   0   0   0   0   7   0  10   0   0  34   0   0   0  38  11   0  1.71 0.47
   69 V    1 -4 -4 -4 -2 -3 -4 -4 -4  3  1 -3  1  3 -4 -3 -2 -3 -1  4   14   0   0   0   0   0   0   0   0  21  11   0   2  17   0   0   0   0   0  37  0.49 0.24
   70 V   -1 -4 -5 -5 -3 -4 -4 -5 -5  6  2 -4  0 -2 -4 -3 -2 -4 -3  3    6   0   0   0   0   0   0   0   0  56  13   0   0   0   0   0   0   0   0  26  0.83 0.33
   71 P   -3 -4 -2 -4 -5 -3 -3 -4 -4 -5 -5  0 -5 -6  8 -3 -3 -6 -5 -5    0   0   2   0   0   0   0   0   0   0   0   8   0   0  90   0   0   0   0   0  2.49 0.60
   72 A    5  0 -2 -2 -2 -2 -2 -1 -3 -2 -3 -2 -2 -3  2  2 -1 -4 -3 -1   57   5   0   1   0   0   1   1   0   0   1   1   0   0  11  16   1   0   0   4  0.58 0.27
   73 G   -2 -4 -2 -3 -4 -3 -4  7 -4 -5 -5 -3 -4 -5 -4 -2 -3 -4 -5 -5    0   0   0   0   0   0   0  94   0   0   1   0   0   0   0   0   0   0   0   0  1.79 0.47
   74 K    0  2  0 -1 -3  1  0 -2 -1 -2 -2  3  0 -3 -2  2  0 -3 -1 -2    5  11   5   0   0   6   4   0   0   3   3  27   3   0   0  24   6   0   3   0  0.28 0.17
   75 F   -4 -4 -4 -5 -4 -4 -4 -5 -1 -3 -2 -4 -2  6 -5 -4 -3  0  8 -3    0   0   0   0   0   0   0   0   0   0   1   0   0  32   0   0   0   0  62   0  1.68 0.48
   76 S    0 -2  1  2 -3  1  1 -2 -2 -3 -2  0 -2 -3 -2  4  2 -3  0 -2    4   0   5  12   0   5  10   0   0   0   5   4   0   0   0  39  12   0   3   0  0.35 0.22
   77 T   -1  2 -1 -1 -2 -1 -1 -2 -1 -1  0  1  0  0 -1  0  3 -2  0  0    2  16   1   2   1   1   2   2   1   1   7   7   3   4   1   7  30   0   5   5  0.17 0.12
   78 Q   -1 -1  1 -1 -2  1  1 -2  3  0  1  0 -1 -1  1 -1 -1 -2 -1  0    3   2  11   2   1  10  13   2  12   5  16   4   1   1   6   2   2   0   1   6  0.11 0.07
   79 D    0  0 -1  1 -2  1  3 -1 -1 -2 -2  2 -2 -2  2  1 -1 -2  0 -2    6   3   1   9   1   7  21   2   1   1   3  14   1   1  10  11   2   0   4   2  0.24 0.10
   80 I    0  0 -2 -2  1  0 -1  0 -1  1  1  0  0  0 -2  0 -1 -1  1  1    6   6   1   1   4   4   2   7   1  13  19   5   1   1   1   6   1   0   8  13  0.04 0.05
   81 E   -1  0  0  1 -2  1  1 -2 -1 -1 -1 -1 -1  2  2  0  1 -2 -1  0    2   4   4   9   0   7  13   2   1   4   2   1   1  13  10   7  12   0   1   7  0.13 0.08
   82 Y   -1 -2 -1 -2 -2 -1  0  0  0 -2 -2 -1 -1  2 -2  1  1  0  6  0    2   1   1   1   1   1   8   7   1   1   2   2   1   5   1  13   8   0  36   6  0.36 0.17
   83 K    0 -1  1  1 -2  0  1  0 -1 -1 -2  0 -1 -2  2  0 -1 -2 -2  0    7   1  10  11   1   4  13   9   1   1   3   8   1   1  10   5   2   0   1  13  0.14 0.06
   84 D    1  0  2  1 -2  0  0  0  1 -2 -2  0 -2 -2 -1  1  1 -2  0 -2   19   6  13   7   0   1   6   6   5   1   2   5   1   1   1  11  10   0   4   1  0.14 0.08
   85 A    2 -2  0 -1  1 -1 -1  1 -2 -1  0 -1 -1  0 -1  2  0  3 -1  0   22   1   3   1   4   1   2  10   1   3   8   1   1   5   1  19   4   5   1   6  0.12 0.09
   86 N    0 -1  3  2 -2  0  0 -1  1 -2 -2  1 -2 -2 -1  0  2 -3 -2 -1   10   1  16  16   0   3   1   2   5   1   2  10   1   1   1   6  16   0   1   6  0.20 0.11
   87 G    0  0  3  0 -2 -1 -1  3 -1 -2 -2  0 -2 -3  2 -1 -1 -2 -2 -2    6   6  20   3   0   1   2  29   1   3   2   5   1   1  13   2   1   0   1   3  0.33 0.13
   88 E    0 -1  0  2 -2  0  2 -1  1  1 -1 -1 -1 -2  1  0  0 -2 -2  1    4   1   4  11   0   1  18   4   5  12   2   1   1   1   6   6   8   0   1  14  0.10 0.07
   89 T    0 -1  0 -1 -2  0  0 -2 -2 -1  0 -1 -1  1  3  0  2 -2 -1 -1    6   1   6   1   1   5   4   2   1   4  12   2   1   9  19   4  20   0   1   2  0.22 0.11
   90 S   -1  1  0  0 -2  0  0  0 -1  1 -1  0 -1 -2  2  0  1 -2 -2  1    2   8   5   3   1   3   4  10   1   9   2   4   1   1   9  10  10   0   1  17  0.08 0.06
   91 T    0  0 -1 -1 -1 -1  0 -1  1  0 -1  0  0 -2  1  1  2 -2 -1  0    7   6   1   2   1   1   5   4   5   9   3   3   4   1   6  12  20   0   1   8  0.09 0.06
   92 R    0  3  0 -1 -2  0  0  0 -1 -1 -1  2 -1 -2 -1  0  0 -2  0 -1   10  25   5   2   1   4   3   7   1   4   6  15   1   1   1   4   5   0   4   2  0.15 0.09
   93 T    0  0 -1 -1 -2  0  1  1 -1  0 -1  0 -1 -1 -1  0  2 -2 -1  1    6   6   1   2   1   1  13  12   1   5   5   6   1   3   1   2  20   0   1  13  0.08 0.08
   94 V    0 -1 -1  1 -2  0  0  0  1  0 -1 -1 -1 -1 -1  0  1 -1  2  1    6   1   1   9   1   5   6   7   4   6   4   2   1   1   1   6   9   0  13  17  0.06 0.06
   95 L    0  0  0 -1 -1  0 -1  0  1  0  1 -1  1 -1  1  0 -1 -1  1  0   11   6   3   2   1   6   2   9   5   9  14   2   4   1   6   5   2   0   7   6  0.03 0.04
   96 R    0  0  0  2 -2  2  1  0 -1 -1 -1  1  0 -2  1  0  0 -2 -2 -1    6   3   3  11   0  14  12   7   1   6   4   9   3   1   5   2   7   0   1   6  0.12 0.07
   97 Q    0  0  0  0 -2  2  0 -1 -1 -2  0 -1 -1 -2  3  1  1 -2 -2 -1    9   5   3   6   1  14   3   2   1   1  11   2   1   1  14  12  12   0   1   2  0.19 0.10
   98 D   -1 -1  0  3 -2  1  0 -1 -1 -1 -2  0 -1 -2  1  1  1 -2 -2  0    2   2   1  25   1   6   4   5   1   5   3   6   1   1   6  11  13   0   1   7  0.18 0.09
   99 S    1  1  0 -1 -1  0 -1 -1 -1 -1 -2  0 -1 -2  1  2  2 -2 -1  0   11  10   4   2   1   3   2   2   1   2   3   5   1   1   5  25  15   0   1   6  0.16 0.09
  100 F    0 -2 -2 -2  2 -1 -2  0 -1  0  0 -1 -1  4  1  0  0 -1  1 -1   11   1   1   2   5   1   2   7   1   8   9   4   1  25   6   6   5   0   3   2  0.12 0.09
  101 R    1  3 -1  0 -2  1  0 -1 -1 -2 -1  2 -1 -2 -1  1 -1 -2 -2 -1   11  25   1   4   1   8   4   2   1   1   4  11   1   1   1  14   2   0   1   6  0.20 0.11
  102 Y    0 -1 -2 -2 -2  0  0 -1 -1  1  0  0 -1  2 -1 -1 -1  0  4  0    7   1   1   1   1   4   5   6   1   9   9   6   1  12   3   2   2   0  22   7  0.15 0.10
  103 A    2  0 -1  1 -1  0 -1  0 -1  0 -1 -1  2 -2 -1  1  0 -2 -2  0   27   5   1   8   1   5   2   7   1   4   3   2   8   1   2   9   6   0   1   9  0.10 0.08
  104 Y    0  0  0 -1 -1 -1 -1 -1  2 -1 -1  0 -1 -1  1  1  1 -1  2  0    7   6   6   2   1   1   2   3   8   2   7   4   1   1   6  10  14   0  11   9  0.08 0.06
  105 E    1 -1 -1  1 -2  0  1  0 -1 -1 -2  1 -1 -2  2  0  0 -2  0  0   15   1   1   9   1   1   8   8   1   4   3  12   1   1  12   6   3   0   4   8  0.13 0.06
  106 L   -1 -1  0  1 -2  1 -1  1 -1  0  1  0  0  0 -1  0  1 -2 -1 -1    4   1   4   9   0   7   2  11   1   4  18   9   1   5   1   6  14   0   1   3  0.05 0.06
  107 D   -1 -1  0  4 -2  2  1 -1 -1 -1 -1  1 -2 -2 -1  1 -1 -2 -1 -1    2   1   3  28   0  12   8   4   1   4   5   8   1   1   1  11   1   0   3   5  0.24 0.12
  108 K    0  1  0  2 -2  1  1 -1  2 -1 -2  1 -1 -2 -1  0 -1  2 -1 -1    9  10   5  12   1   8   9   4   6   5   2   8   1   1   1   7   2   4   1   6  0.11 0.06
  109 S    0 -1  0  1 -2 -1  0  1 -1 -1  0  0 -1  1  1  0  1 -1  0 -1   11   1   3  10   0   1   6  10   1   1  12   4   1   9   6   7   9   0   4   4  0.05 0.04
  110 Y    0 -1  0 -1 -2  0 -1 -1  0  0  0  0 -1  2 -1  2  0  3  1  0    4   1   4   1   1   4   2   2   3   8  11   6   1  11   1  23   2   4   4   6  0.08 0.08
  111 V   -1  0 -2 -2 -2  0  0 -2 -2  1  1 -1  1  2  2 -1 -1 -2 -1  1    2   6   1   1   0   4   6   2   1  10  13   1   6  11  11   5   3   0   1  16  0.11 0.08
  112 F    0  1  0 -1 -2 -1  0 -1 -1  1 -1  0 -1 -1  0  1  1 -2 -1  1    4  10   5   1   0   1   6   4   1  10   2   6   1   4   5  10  13   0   1  16  0.06 0.06
  113 D   -1  0  1  3 -2  0  1 -1  1 -2 -1  0 -2 -3  1  0  2 -3 -2 -1    1   5   8  20   0   4   9   5   5   1   5   4   0   1   7   3  18   0   1   3  0.21 0.12
  114 Q    1  0  1 -1 -2  0  1  1  0 -2 -2  1 -2 -2  1  1  0 -2  0 -2   14   4  10   1   0   3  13   9   2   3   1   9   0   1   8  10   6   0   4   1  0.15 0.08
  115 L    1 -1 -1  1 -2  0  0 -2  3 -1  1  0 -1 -2  1  0  1 -2 -1 -1   13   1   1   9   0   5   3   1  10   3  21   6   0   1   8   9   8   0   1   1  0.11 0.10
  116 E    0 -1  0  1 -2  1  2  1 -1 -1 -2 -1 -2 -2  2  0 -1 -2  1  0    8   1   5  10   0   6  18  13   0   5   3   1   0   1   9   6   1   0   6   7  0.15 0.10
  117 E   -1 -1  2  2 -3  0  2  0 -1 -2 -2  2 -2 -1  2  0 -1  2 -2 -1    3   1  11  10   0   1  15   6   0   1   1  19   0   4  11   3   1   4   1   6  0.23 0.14
  118 L   -1  0 -2 -2 -2 -1 -2 -1 -2  1  2  0  2 -1 -2  0  1 -2  0  1    4   5   1   1   0   1   1   5   0   4  21   8   8   1   1   6  13   0   3  16  0.09 0.09
  119 Q    1  1  0  0 -2  0  0  0  0 -1  0  0 -1  1 -2  0  0 -2  0 -1   13  11   4   6   0   5   7   8   2   4   9   5   0   8   1   5   4   0   3   5  0.03 0.03
  120 D    0 -1  0  2 -2  0  2 -1 -2 -1 -1 -1  0 -2 -2  1  2 -3 -2 -1    5   1   3  15   0   3  20   4   0   3   8   1   2   1   1   9  19   0   1   3  0.20 0.14
  121 H    1  0 -1  2 -2 -1  0 -1  3  0  0  0 -1 -1 -2  0 -1 -2  2  1   14   4   1  13   0   1   5   4  11   4  10   4   0   1   1   4   1   0  10  11  0.08 0.10
  122 P    0 -2 -2 -2 -3 -2 -1 -2  0 -3 -3 -1 -3  0  6  1  1 -3  0 -2    7   1   1   1   0   1   3   1   2   1   1   3   0   5  46  12  10   0   4   1  0.84 0.28
  123 A    3 -2 -1  0 -2 -1  2  1 -2 -2 -2  0  0 -3  0  0  0 -3 -2 -1   39   1   1   5   0   1  14  11   0   1   1   4   3   1   5   6   4   0   1   4  0.27 0.17
  124 E    1  0  0  1 -2  1  1 -2 -1 -1 -2  0  0 -2  0  0  3 -2 -2  0   13   5   4   6   0   6  12   2   0   1   2   3   4   1   4   5  25   0   1   5  0.17 0.12
  125 R   -1  2 -1 -1 -2  2  1 -1  0 -1  1  1 -1 -2  2  0  0 -2 -2 -1    2  12   1   1   0  10   9   4   3   1  17   9   1   1  11   5   8   0   1   4  0.14 0.09
  126 E    0  0 -1  1 -2  0  3 -1 -1 -2 -1  1 -1  1  0  0  0 -2  0 -2    9   4   1   5   0   3  32   3   1   1   7   8   1   8   5   4   4   0   3   1  0.20 0.13
  127 K    1  0  1  0 -2  0  1  1 -1 -2 -2  2 -1 -2 -1  1  1 -2 -2 -1   13   4   6   5   0   3  10  11   1   1   2  18   1   1   1   7  10   0   1   6  0.14 0.08
  128 L    0 -2 -1 -2 -2  1 -2 -2  0  2  3 -2  0  1  1 -1 -1 -2 -1  0    8   1   4   1   0   8   1   2   2  15  33   1   1   6   7   2   1   0   1   4  0.15 0.12
  129 D    0  1  1  2 -2  1  2  0  2 -1 -1  0 -1 -2 -1  0  0 -2 -1 -1    5   7   5  13   0   6  18   7   6   5   7   1   1   1   1   6   7   0   1   2  0.13 0.08
  130 V    0 -1  0  1 -2 -1  0 -2 -1  1  0  0  0  0  0 -1  0 -2  0  1    7   3   7  10   1   1   4   2   1  11  10   8   1   4   4   2   7   0   3  15  0.03 0.04
  131 P   -1 -1 -1  1 -2  0  1 -1 -1 -1  0  0  2 -1  4 -1 -1 -2  0 -1    5   2   2  10   1   4   9   5   1   2  11   4   8   1  23   4   2   0   5   2  0.26 0.11
  132 E    2 -1 -1 -1 -2  2  0  1  1 -2 -1  1  2 -2 -1  1 -1 -2 -1 -1   19   2   2   2   1  14   6  11   4   2   3   7   9   1   2  10   2   0   1   2  0.14 0.10
  133 K    1  0 -1  1 -1  0  1 -1 -1  0 -1  1 -1 -1  0  0 -1 -2 -1  0   20   4   2  11   1   4   8   3   1   4   6  10   1   4   5   4   2   0   1  10  0.07 0.05
  134 G    1  0 -1  0  1 -1  0  2  0 -1 -1  0 -1 -1 -1  0  0 -1  2  0   11   5   2   6   4   2   4  17   3   5   3   7   1   1   2   3   6   0  10   8  0.06 0.05
  135 L    0  0 -1 -1 -1  0 -1 -2 -1  1  1 -1  0  2  0  0  1 -1  0  1    5   5   2   2   1   6   2   3   1   7  22   2   1  11   4   4  12   0   1   9  0.06 0.06
  136 E    0 -1  0  0 -1  0  0  1 -1 -1 -1  1  0 -2  0  0  2 -2 -1 -1    8   2   3   4   1   4   7  12   1   5   5   9   4   1   5   5  20   0   1   2  0.09 0.06
  137 K    0  1 -1  0 -2  0  1 -1  1 -1  0  1 -1  1 -1 -1  0  4  1  0   10   8   2   4   1   2   9   3   4   2  13  10   1   6   2   3   6   8   4   6  0.08 0.05
  138 V    0 -1 -1  0 -1 -1  0 -1 -1  0  0  0 -1  1  2  0  0  3 -1  1    6   2   2   7   1   2   4   3   1   5   8   5   1   6  10   7   7   6   1  17  0.09 0.06
  139 I   -1 -1 -1 -2 -1 -1 -1 -1  1  2  1 -1  1 -1  0 -1  1 -1  0  1    3   2   2   2   1   2   2   4   6  20  13   4   2   1   4   3  12   0   4  12  0.08 0.07
  140 A    0 -1 -1 -1  0  0 -1  1 -1  0  0  0 -1  0  3  0  1 -2 -1  0    7   2   1   2   3   5   4  12   1   3  12   5   1   6  14   4   9   0   1   8  0.10 0.06
  141 D    0 -1  1  2 -2 -1  1 -1 -1  0 -1  0 -1  0 -1  1  0 -2  0  0   10   2   8  14   1   1   7   2   1   7   6   4   1   4   2  13   7   0   4   8  0.07 0.05
  142 G    1 -1 -1  0 -2 -1 -1  3 -2  1 -1 -1 -1 -2  1  0 -1 -2 -2  0   13   2   1   7   1   3   4  25   1  10   4   3   1   1   7   5   2   0   1  10  0.14 0.08
  143 E    0  0  1  1 -1  0  1  0 -1 -1  0  1 -1  0  0  1  1 -2 -1 -1    6   2   6   9   1   2   9   6   1   5  11  11   1   4   3   9  10   0   1   2  0.05 0.04
  144 K    1 -1 -1 -1 -2  0 -1  0 -1  0  0  1  0  0 -1  0 -1 -1  2  0   13   2   2   3   1   3   2   8   1   8  13  15   1   4   2   5   2   0  11   5  0.04 0.06
  145 N    1 -1  1  1 -1 -1  0 -1 -1 -1 -1  0 -1 -2  1  1  1  2 -1  0   14   2  10  10   1   1   5   3   1   5   8   5   1   1   7   9   9   3   1   5  0.09 0.05
  146 L    1 -1 -1 -2 -1 -1 -1  0 -2  1  1 -1  1 -1  1  0 -1  2 -1  0   15   4   2   2   1   3   2   8   1  12  15   3   3   2   9   6   2   3   1   5  0.06 0.05
  147 T   -1 -2  0 -1 -2 -2 -2 -1 -2  0  1 -2 -1 -2 -2  0  4  2 -2  2    4   1   5   3   0   1   1   4   0   4  16   1   0   1   1   5  30   3   1  17  0.23 0.19
  148 Q    0  0  1  1 -3  4  0 -2 -1  0 -1  0 -1 -3  0 -1 -1 -3 -1 -1    8   2   8   7   0  31   4   1   0   7   6   5   0   1   4   3   3   0   3   5  0.25 0.20
  149 E    1  0 -1  0 -2  0  1 -1 -1  1 -1  1 -1  0 -2  0  0  2  0  0   16   5   1   4   0   3  13   4   0  16   4  11   0   3   1   4   3   3   4   3  0.07 0.09
  150 K    0 -1  0 -2 -2  1 -1 -2  0 -1 -1  2 -1 -1  0  1  2 -3  0  1    5   1   5   1   0   9   2   1   2   3   4  17   0   3   5   8  17   0   3  13  0.14 0.14
  151 L   -1 -3 -3 -3 -2 -3 -3 -3 -3  3  3 -1  0 -1 -3 -1  0 -3  0  3    5   1   1   1   0   0   1   1   0  14  37   4   0   2   1   3   5   0   3  21  0.38 0.23
  152 D    1 -2 -1  5 -4 -2  0 -2  1 -4 -3  2 -3 -4  3  0 -2 -4 -3 -3   11   0   0  40   0   0   5   2   3   0   3  14   0   0  13   5   1   0   0   1  0.63 0.33
  153 E    2 -2 -1 -2 -3 -1  1  1 -2 -1  0  1 -2 -3  2  1  0 -3 -3 -1   23   0   2   0   0   0  10  12   0   4  11   8   0   0   8  14   4   0   0   2  0.20 0.19
  154 I    0 -2  0 -1 -3  1 -2  1 -3  0  3 -1 -1 -2 -3  0 -2  4 -1 -1    7   0   5   3   0   7   2  14   0   4  34   3   0   0   0   7   0   6   2   4  0.22 0.22
  155 S   -1 -1  1  0 -1  0  0  2  1 -2 -3  1 -2 -1 -3  2  1 -3 -1 -1    2   2   8   3   1   4   7  20   4   3   1  10   0   2   0  14  12   0   2   3  0.21 0.18
  156 L   -1 -4 -4 -2 -3 -4 -4 -4 -4  4  1 -2  2  4 -2 -3 -2  2 -1  3    4   0   0   2   0   0   0   1   0  26  13   3   4  20   2   1   2   3   0  19  0.53 0.32
  157 T   -1 -1  0 -1  0  0 -1 -2 -3  1  0  1 -1 -1  2  1  3 -3 -2 -1    4   3   3   3   2   4   2   3   0   8  10   8   1   2  10   8  24   0   1   3  0.17 0.18
  158 D   -2  0 -1  2 -3 -1  1 -2 -2  2 -1  0 -1 -2 -3  0  1 -2  4 -1    2   6   2  13   0   2   9   3   0  17   4   5   2   0   0   7   8   0  17   3  0.21 0.23
  159 D   -1  1  0  2 -3  0  0  1 -2 -1 -2  1 -1 -1  2  0  0 -3  1 -1    5  10   3  15   0   5   5  11   0   3   3   7   2   2  11   6   5   0   5   3  0.16 0.14
  160 V    0  1 -4 -3 -3 -2 -2 -4 -4  3  0 -1 -1 -3 -4 -2  1 -4 -3  4    7   8   0   1   0   1   2   0   0  20   6   5   1   0   0   2  10   0   0  38  0.52 0.37
  161 L   -1 -1 -1 -3 -3  2 -1  0 -3  3  1 -2  0 -2  1 -1 -1 -3 -1  1    4   2   2   1   0  13   2   7   0  23  10   2   2   1   9   5   3   0   1  11  0.20 0.21
  162 Y   -2 -2 -1 -1 -4 -1 -1 -3  0 -1 -2 -1 -2  3  2 -1  0 -2  5  1    3   2   4   4   0   2   5   2   2   3   1   4   1  14  11   5   6   0  22  10  0.38 0.30
  163 D    0 -1  1  5 -4  1  2  0 -3 -3 -4  0 -3 -1  1 -1 -2  0 -1 -4   10   2   7  30   0   5  12   6   0   1   1   6   1   3   6   2   2   2   2   0  0.43 0.32
  164 Q    0  4 -2 -2 -4  0  1  1 -1 -1 -2  0 -2 -3  3 -1 -1 -4 -4 -3    6  22   1   2   0   4  11  12   1   4   5   5   1   1  17   5   2   0   0   1  0.36 0.30
  165 Y    1  1 -1  0 -3  0  1 -2 -1  1 -1 -1 -2  1 -2  0  0 -3  3  1   14   7   2   4   0   3   9   3   1   8   2   2   0   5   1   7   6   0  11  13  0.11 0.17
  166 G    0 -2 -1 -1 -4 -2  0  3 -3 -1 -2  0 -2  3 -1 -1  1 -4 -1  0    7   1   3   3   0   1   6  28   0   4   3   7   1  13   3   2  10   0   2   7  0.27 0.26
  167 E   -3  1  1  4 -5  1  4 -2 -2 -5 -5  1 -3 -5  0 -1 -1  1 -4 -3    2   8   6  22   0   5  30   3   1   0   0   7   1   0   4   4   3   2   0   2  0.61 0.43
  168 N   -2  1  1 -2 -4  0  2  1 -2  0 -1 -1 -2  1  1  0  0 -3  2  0    2   7   7   1   0   3  16  12   0   6   4   3   0   8   7   5   5   0   7   6  0.13 0.18
  169 I    1 -3 -1  0 -1 -2  0 -3 -4  3 -1 -2  1 -3 -2 -1  1 -5 -3  3   12   1   3   5   1   1   8   1   0  17   4   2   3   1   2   3   8   0   1  27  0.32 0.29
  170 Y   -1  0  1  2 -4 -2  0 -2 -2  1 -2 -2 -3  0  2 -1  1 -2  2  0    5   7   8  13   0   1   5   3   1   9   2   2   0   4  10   4  11   1   9   7  0.17 0.22
  171 D   -2 -3  2  4 -6 -1  0  5  0 -4 -6 -2 -3 -5 -1  0 -3 -3 -4 -2    2   1   8  21   0   3   6  37   2   1   0   3   1   0   3   6   1   0   1   4  0.71 0.48
  172 T    0  4 -1 -2 -4  0  0  0 -2 -1 -3  0  0 -4 -1  0  3 -5 -3  0    7  24   2   2   0   4   6   8   1   5   1   6   2   0   2   6  19   0   1   5  0.33 0.32
  173 S    0 -1  0  0 -3 -1  1  0 -2  0 -2 -1  0 -1  0  1  2 -3  2  0    9   2   3   6   0   2  13   9   1   5   3   3   2   2   4  10  14   0   7   6  0.11 0.17
  174 K   -1  0 -1 -2 -3  0  1  1  0  1 -1  0  1 -1 -1 -1  1 -4 -2  2    2   5   1   2   0   4  12  10   2   7   5   6   4   3   3   5  11   0   1  15  0.10 0.16
  175 K   -1  2 -1 -2 -4  0 -1 -2 -2  1 -1  1 -1 -1 -1  0  0 -4  0  3    4  12   2   2   0   4   4   2   1  10   4  10   1   2   3   7   5   0   3  25  0.20 0.23
  176 L   -2 -3 -1  2 -4 -2 -1 -2  0  3  1 -4  1 -1  0 -2  0 -4 -1  4    1   1   3  10   0   1   4   3   2  14  10   0   3   3   5   2   5   0   2  29  0.33 0.29
  177 H    1 -2  0 -1 -4 -2  0  1  1  0 -2 -3 -1 -3  5 -1 -1 -5 -3  0   12   2   4   3   0   2   8  11   3   5   4   1   2   1  28   5   4   0   1   7  0.43 0.34
  178 K   -1  2  2  1 -5 -1 -1  3 -2  0 -4  0 -3 -3  1 -1 -1 -5 -2 -2    6  11  11   7   0   2   4  26   1   5   1   6   1   1   6   4   3   0   2   4  0.31 0.27
  179 T   -2 -3 -1 -1 -5 -1 -2 -2 -1  1 -3 -3 -4 -1  0  4  5 -6 -5  1    2   1   2   4   0   2   2   2   2   7   1   1   0   3   4  27  30   0   0   8  0.59 0.49
  180 A    0 -3 -2 -2 -5 -1 -2 -2  0 -2 -3 -3 -3  4  1 -2 -3 -2  6  1    7   1   2   2   0   3   3   3   2   2   2   2   1  19   8   3   2   0  28  10  0.68 0.48
  181 K   -2  0 -1 -1 -5  2  0  0  5 -2 -3  2 -3 -1  0 -1  0 -5 -2  1    2   5   3   3   0   8   6   8  17   3   1  14   0   3   4   4   6   0   1  11  0.31 0.30
  182 I    0 -1 -2 -1 -3  0 -1 -2 -1  1  0 -2 -1  1 -2  0  2 -2  3  2    6   3   1   4   0   5   4   3   1   8   7   2   1   6   2   7  14   0  10  15  0.13 0.19
  183 W    0 -3 -3 -3 -3 -3 -2 -1 -1  3 -1 -3 -1  1  1 -1  1  3  3  2    8   1   1   1   0   1   3   4   2  16   4   1   1   6   8   4   8   4   9  18  0.26 0.25
  184 G    0 -2  0  2 -5  1  3  2  2 -3 -2  0 -4 -2 -1 -1 -1 -1 -3 -1    8   2   5  13   0   5  23  15   5   1   4   4   0   2   3   3   2   1   0   4  0.32 0.30
  185 T    1  0 -1 -1 -4  2 -1 -1 -2 -1 -2  1 -1 -1  0  2  3 -4 -2 -1    9   4   3   2   0  11   3   4   1   3   2   8   1   3   4  19  17   0   1   3  0.23 0.27
  186 D    0 -1  2  0 -3  0  0 -2  0 -1 -2  0 -2  2  1  1  2 -3  2  0    6   2  10   6   0   3   5   2   2   3   2   6   0   9   7   9  13   0   8   8  0.14 0.19
  187 D   -1 -1  0  1 -5  0  1 -2  3 -3 -4 -1 -5 -4  6  0 -1 -6 -2 -3    5   4   4   7   0   4  10   3   6   1   1   3   0   1  38   6   4   0   1   2  0.78 0.51
  188 F    0 -1 -1 -2 -2  2 -1 -2 -1  2  0 -1 -1  0 -2  0  0 -1  2  3    8   3   2   2   1  11   2   3   1  10   8   2   1   3   2   6   4   1   7  23  0.15 0.20
  189 G   -1 -3  2 -1 -4 -1 -2  4 -1 -2 -2 -1 -2 -4  1  1  1 -5 -3  1    2   1   8   3   0   3   2  29   1   1   5   3   1   0   7  13   8   0   1  12  0.33 0.31
  190 G   -2 -2 -2  0 -4 -2  0  0 -1  2  1 -3 -3  2  4 -1 -2 -2 -2  0    3   2   2   5   0   1   8   7   1  12  13   0   0   9  25   3   2   1   1   6  0.37 0.31
  191 F   -1  0 -3 -4 -4  1 -2 -2 -1  0  0  1  1  3 -2 -2 -1  6  1  0    6   5   1   0   0   8   2   2   1   6  11   9   4  15   2   3   3  12   5   6  0.35 0.28
  192 G    0  0  0  3 -4  1  0  3 -1 -3 -3  0 -2 -3 -2  0  1 -4 -1 -2    8   5   4  18   0   5   6  21   1   1   2   5   1   1   2   8   8   0   2   2  0.29 0.25
  193 F    0 -4 -2 -3 -4 -4 -4  0 -1  2  1 -2  2  4  0 -2 -1  4  1  1    7   0   2   2   0   0   0   7   2  13  14   2   4  19   5   1   4   5   4   9  0.30 0.25
  194 L   -2 -5 -5 -5 -1 -2 -3 -3 -4  1  3 -3  1  5 -1 -2 -1  2 -1  2    3   0   0   0   1   1   2   2   0   8  28   1   4  25   3   3   3   2   1  12  0.55 0.38
  195 N   -1  0  2  0 -3  0  0  1  1 -1 -1  0  1 -1 -2  1  1 -3  1 -1    4   4  12   6   0   4   4  11   3   3   7   5   4   2   1  10  12   0   5   4  0.09 0.13
  196 F    2 -3 -2 -1 -1 -2 -3  0 -1  0  0 -2  0  0  2  1 -1  0  1  0   21   0   1   4   1   1   0   5   2   6  10   2   3   5  11  12   3   1   5   6  0.16 0.20
  197 V   -2 -2 -5 -2 -4 -2 -5 -5  1  4  0 -4  0  3  3 -3 -2  4 -1  1    4   2   0   2   0   2   0   0   3  28   8   0   2  11  14   2   3   5   2  10  0.57 0.39
  198 F   -1 -1 -1  0 -4  0 -1 -2  1  1  0 -1  1  3  3 -1 -1  1  1  0    4   2   2   6   0   5   4   2   3   8   9   3   5  12  13   4   4   2   5   6  0.15 0.17
  199 E    0  1  1  0 -2  0  0 -1  0  0  0  0  0  0 -2  0  0  2  0  0   10   7   8   5   0   4   7   4   3   7  11   6   3   3   0   6   6   3   3   4  0.03 0.06
  200 G    0 -2  0  0  2  0  0  0 -2  0  0 -2  1  1  1  0  0 -2  1  0    6   0   6   6   6   6   6   6   0   6   6   0   6   6   6   6   6   0   6   6  0.05 0.10
  201 L   -2 -4 -4 -5 -2 -2 -4 -5 -4  2  3 -3  6  3  0 -3 -2 -1 -1  0    2   1   0   1   1   1   1   1   0  11  32   1  22  12   4   2   2   1   1   4  0.72 0.38
  202 V    1 -2 -1 -2 -1 -1 -2 -2 -2  2  0 -2  1  1 -1  0  1  0  1  3   10   1   2   1   1   2   2   2   1  12   9   2   3   5   2   6   8   1   6  22  0.14 0.12
  203 S    0  0  1  0 -2  1  1  1  0 -1 -1  1 -1 -1  0  1  0  0 -1 -1    7   4   8   5   1   5   7  10   2   5   5   8   1   3   4  15   3   2   1   4  0.07 0.06
  204 G    0 -2  0 -1 -1 -1 -1  3 -1 -1 -1 -1 -1  0  2  1  0 -2 -1 -1    9   2   6   3   1   2   3  25   2   4   5   3   1   4   9  12   4   0   2   4  0.18 0.10
  205 D    0  0  1  2 -1  0  1  0 -1 -1 -1  0 -1  1  0  1  0 -1  0 -1    7   3   5  12   1   4   8   6   1   4   4   8   1   7   3  10   4   0   3   6  0.06 0.04
  206 K    0 -1  0  0 -2  0 -1  4 -1 -2 -2  0 -1 -2 -1  0 -1 -2 -2 -1    6   3   5   4   1   4   3  37   1   3   5   5   1   2   3   7   4   0   2   4  0.31 0.15
  207 Y    0 -2  1 -1 -1 -1 -1 -1 -1  1  0 -1  1  4 -2 -1  0  1  1  0    7   2   7   2   1   2   3   5   1  10  10   2   4  22   2   5   4   2   4   5  0.14 0.10
  208 G    0 -1  0 -1 -1  0  0  0 -1  0  0  0  0  1  0  0  0 -2  0  0    8   2   3   2   1   6   7   9   1   9   6   7   3   7   4   8   6   0   3   9  0.02 0.03
  209 S    1 -1  1  1 -2  1  1  1 -1 -1 -2  0 -1 -1 -1  1  0 -3 -1 -1   16   3   6  10   0   5  11   9   1   4   3   5   1   3   2  11   5   0   1   3  0.11 0.09
  210 A    4 -2 -1 -2 -2  0 -2 -1 -3  0 -2 -1  0 -1 -1  2  1 -2 -2  0   37   2   2   2   1   3   1   2   0   5   3   2   2   3   3  18   6   0   1   8  0.31 0.25
  211 V    4 -3 -3 -3 -3 -2 -3  0 -3  3 -1 -2  1  0 -3  1 -1 -1 -2  1   39   0   1   1   0   1   1   7   1  18   5   1   4   3   1   8   1   1   1   8  0.37 0.28
  212 G    0 -2  0  3 -3  0  1  1 -2 -2 -2 -1 -1 -1  1  1  0 -1 -2 -1    7   0   4  21   0   4   7  13   0   1   3   2   2   3   7  13   5   1   1   4  0.20 0.16
  213 I   -3 -4 -5 -5 -3 -3 -5 -5 -5  6  1 -4  1 -1 -3 -4  0 -4 -2  4    1   0   0   0   0   1   0   0   0  47  13   0   3   2   1   0   5   0   1  24  0.86 0.40
  214 A    0 -5 -3 -5 -1 -4 -5 -4 -5  6  0 -4  2  0 -4 -1 -2 -2 -2  2    7   0   1   0   1   0   0   1   0  53   6   0   6   4   0   5   2   1   1  13  0.79 0.40
  215 A    0 -4 -3 -4  0 -4 -4  0 -4  1  1 -4  1  5 -2 -2 -1  0  0  1    9   0   1   0   2   0   0   7   0   8  15   0   3  35   1   2   2   1   1  11  0.48 0.29
  216 L   -2 -4 -2 -5  0 -3 -4 -1 -3  0  2 -4  3  6 -3 -2 -1 -2  2  0    3   0   2   0   2   1   0   5   0   4  19   0   8  39   1   2   3   0   5   6  0.64 0.34
  217 I   -2 -4 -4 -4 -1 -4 -4 -3 -5  5  2 -4  1 -2 -4 -3  0 -4 -3  4    1   0   0   1   1   0   0   3   0  34  17   0   3   1   0   1   6   0   0  31  0.71 0.35
  218 L   -4 -5 -5 -6 -1 -4 -5 -6 -4  1  4 -5  4  5 -5 -5 -4 -3  0  0    0   0   0   0   1   0   0   0   0   7  50   0  10  25   0   0   0   0   2   4  1.00 0.45
  219 V   -1 -4 -4 -5  2 -4 -4 -3 -4  4  2 -4  2  4 -4 -2 -1 -1 -2  2    6   0   0   0   4   0   0   1   0  28  17   0   5  17   0   3   2   1   0  14  0.51 0.29
  220 V    0 -4 -4 -4  1 -3 -4 -2 -4  4  1 -3  1 -1 -2 -1 -1  0 -2  3   10   0   0   0   4   0   0   4   0  26  11   0   3   2   1   5   3   1   1  26  0.38 0.24
  221 G   -1 -4 -2 -4  2 -4 -4  6 -4 -3 -4 -4 -2 -2 -4 -1 -2 -4  2 -3    5   0   1   0   4   0   0  66   0   2   1   0   1   1   0   5   2   0   8   2  1.17 0.50
  222 G    2 -4 -3 -4  0 -4 -4  6 -4 -2 -3 -4 -2 -2 -4 -1 -2  1 -3 -3   18   0   0   0   2   0   0  61   0   3   2   0   1   2   0   4   1   2   1   2  1.08 0.48
  223 A    3 -4 -2 -4  3 -3 -4  0 -4 -1 -1 -3  1  4 -3  2  0  0  0  0   26   0   1   0   5   0   0   6   0   2   5   0   4  22   1  15   4   1   2   5  0.42 0.31
  224 F   -3 -5 -6 -6 -1 -5 -5 -6 -4  3  1 -5  2  6 -6 -5 -2  2  3  1    2   0   0   0   1   0   0   0   0  17  14   0   5  38   0   0   2   2   8   9  0.98 0.44
  225 G    1 -2  0 -2 -2  1  1  4  1 -3 -4 -1  0 -2 -4  0  0  0  1 -2   12   1   4   1   1   7   8  32   3   1   1   2   2   2   0   5   7   1   6   2  0.36 0.26
  226 I   -2 -5 -5 -6 -1 -5 -5 -3 -5  4  0 -5  3  0 -3 -3 -2 -5 -4  5    2   0   0   0   1   0   0   2   0  27   7   0   8   3   1   1   2   0   0  44  0.89 0.44
  227 I   -1 -4 -5 -5 -3 -2 -3 -5 -4  4  3 -4  4  0 -5 -3 -1 -4 -1  2    4   0   0   0   0   2   1   0   0  23  35   0  10   4   0   2   2   0   2  15  0.64 0.34
  228 M   -2  0  3  1 -3  1  1 -2  0  0  0  0  2  0 -3  0  0 -4 -2 -1    1   5  15   9   0   5  12   3   3   6   7   7   8   4   0   5   7   0   0   3  0.15 0.16
  229 R    0  2  0  0 -4  2  2 -2  2 -2 -3  3 -1 -2 -3  0 -1 -4 -1 -2   10  13   3   4   0   7  12   2   5   3   2  25   2   2   0   5   2   0   2   2  0.32 0.25
  230 T    0 -1  0 -4  0 -1 -4 -2 -4  0 -2 -3  0 -4 -1  2  5 -5 -1 -1    8   4   4   0   2   2   0   3   0   4   3   0   2   0   3  16  44   0   2   4  0.63 0.44
  231 G   -1  0  1  0  1  0  0  4  1 -4 -2  1 -3 -1 -1 -1 -1 -4 -3 -2    3   4   5   4   3   3   4  39   3   0   3  10   0   3   3   4   3   0   0   3  0.40 0.26
  232 A    0 -2 -2 -3  3 -2 -2  0 -2  1  0  0  2  1 -3  0  1 -2  2  1    8   0   0   0   8   0   0   8   0   8   8   8   8   8   0   8   8   0   8   8  0.11 0.13
  233 I   -5 -6 -6 -7 -5 -6 -6 -7 -6  5  3 -6  3  4 -6 -6 -3 -4  2  1    0   0   0   0   0   0   0   0   0  33  31   0   6  14   0   0   1   0   6   9  1.08 0.52
  234 D   -2  0  2  5 -6  1  3 -3  2 -5 -4  0 -2 -4 -2  0  0 -6 -3 -4    3   5  10  28   0   7  21   2   5   0   1   4   1   0   2   5   5   0   1   1  0.62 0.39
  235 A    4  0  0 -2 -3 -1 -1  0 -1 -1 -2  0 -2 -2 -4  1  0 -3 -1 -1   39   6   5   1   0   2   3   5   1   3   3   6   1   1   0   9   6   0   3   5  0.34 0.30
  236 G    2 -4 -4 -5 -2 -4 -5  4 -5  0  2 -4  1  1 -5 -1 -1 -2 -3  0   15   0   0   0   1   0   0  34   0   6  19   0   4   7   0   3   3   1   0   7  0.56 0.37
  237 I   -4 -6 -6 -7  0 -6 -5 -7 -6  6  3 -6  3  0 -6 -4 -2 -6 -4  3    1   0   0   0   2   0   0   0   0  42  23   0   7   4   0   1   2   0   0  18  1.13 0.54
  238 Y    1  0  2  1 -4  1  0  2  1 -2 -2  1  0 -2 -3  1  0 -4 -1 -2   12   5   9   7   0   5   5  19   3   2   2   8   3   1   0   9   5   0   2   2  0.19 0.17
  239 A    1  3  0 -3 -2  0 -2 -1  1 -2 -3  3 -1 -2 -4  1  0  3  0 -1   15  16   5   0   1   3   1   4   3   1   2  17   1   2   0  12   6   5   3   4  0.29 0.27
  240 F    0 -4 -5 -6 -1 -5 -5 -4 -6  3  4 -5  3  1 -6 -3 -1 -5 -4  2    8   1   0   0   1   0   0   1   0  16  43   0   6   6   0   1   4   0   0  13  0.74 0.42
  241 I    2 -3 -4 -5 -2 -4 -5 -3 -5  3  2 -3  1 -2 -5 -1  0 -5 -2  3   19   1   0   0   1   0   0   1   0  20  16   1   4   1   0   5   6   0   1  23  0.52 0.36
  242 S    0  3  1  0 -4  1  0 -2  3 -2 -2  3 -2 -2 -3  0  0 -3  0 -2    6  17   7   4   0   5   4   2   7   2   3  22   1   1   0   7   5   0   4   3  0.29 0.24
  243 K    0  4 -2 -4 -4 -1 -3 -2 -2 -2 -2  6 -2 -3 -5 -1 -1 -3 -5 -2    7  23   2   0   0   2   0   3   1   3   4  43   1   1   0   3   4   0   0   4  0.82 0.50
  244 T   -1 -4 -3 -4 -2 -3 -4 -3 -1  0  3 -3  3  5 -5 -1  1 -1  1  0    4   1   1   1   1   1   1   2   1   3  25   1   7  24   0   4  11   1   5   6  0.50 0.34
  245 K   -1  2  0 -3 -2  2  0  2  0 -5 -5  4 -3 -6  0  0 -2 -5 -3 -5    4  12   4   1   1   9   6  17   2   0   0  29   0   0   5   6   1   0   1   0  0.54 0.37
  246 G   -1  0  2  1 -5 -2 -1  4  2 -4 -3  2 -3 -4 -2  0 -1 -5 -3 -3    3   5  11   7   0   1   3  35   5   1   2  13   0   1   1   6   3   0   1   2  0.51 0.33
  247 L   -2  4  2 -3 -6  1 -2 -3  1 -4 -3  5 -3 -3 -4  0 -2 -2 -2 -4    2  24  11   0   0   5   0   1   3   1   2  38   1   1   0   6   1   0   1   1  0.82 0.49
  248 E   -1  0 -1  1 -5  0  4  1 -1 -3 -3  2 -2 -3  1  0 -2 -5 -1 -2    3   5   3   5   0   3  31  11   1   2   3  12   1   1   6   7   2   0   2   3  0.35 0.28
  249 R   -1  0  0 -2 -3 -1 -1 -2  0  1  0  1  0  2 -2 -1  0  1  3  0    5   5   4   1   0   2   2   3   2  11  10  12   3   9   1   4   6   2  11   6  0.09 0.12
  250 L   -1 -2 -3 -5 -3 -4 -4 -4 -4  2  4 -2  2  1 -3 -3  0  4  1  1    5   2   1   0   0   0   0   1   0  14  39   2   4   4   1   1   6   7   4   8  0.49 0.31
  251 A   -1 -4 -5 -5 -3 -4 -5 -5 -5  3  4 -4  2  3 -1 -3 -2 -2 -2  2    6   0   0   0   0   0   0   0   0  17  37   0   5  11   3   2   2   1   1  16  0.62 0.35
  252 L   -3 -6 -6 -6 -4 -5 -6 -6 -6  6  2 -5  3  0 -3 -3 -2 -5 -4  3    2   0   0   0   0   0   0   0   0  52  17   0   6   3   1   2   2   0   0  16  1.14 0.54
  253 P    1 -4 -4 -5 -1 -4 -4 -4 -5  3  0 -4 -1  0  6 -1 -2  0 -2  1   10   0   1   0   1   0   0   1   0  16   7   0   1   5  37   4   2   2   1  10  0.79 0.43
  254 L    0 -5 -5 -5 -1 -4 -5 -1 -5  4  2 -4  1  0 -2 -1 -1 -5 -3  3    7   0   0   0   1   0   0   5   0  28  18   0   3   3   2   4   3   0   0  24  0.56 0.35
  255 L   -2 -5 -4 -5 -1 -4 -5 -3 -5  3  3 -5  3  2 -2 -3  0 -4 -2  2    3   0   0   0   1   0   0   2   0  17  33   0   8  10   2   2   5   0   1  17  0.58 0.35
  256 F   -2 -4 -4 -6  1 -4 -5 -2 -3  2  1 -5  7  2 -4  1  1 -5 -2  1    3   0   0   0   2   0   0   3   0  10   9   0  35   9   1   9  10   0   1   8  0.82 0.51
  257 F    0 -5 -5 -5  0 -4 -5 -2 -4  3  3 -4  0  4 -4 -2  1 -2 -1  1    8   0   0   0   2   0   0   4   0  16  26   0   2  19   1   2  10   0   1   8  0.49 0.33
  258 A   -1 -5 -5 -6  0 -5 -5 -4 -5  3  3 -5  0  4 -3 -2 -1 -4 -2  3    6   0   0   0   2   0   0   1   0  18  26   0   2  15   1   2   4   0   1  23  0.65 0.39
  259 F   -5 -6 -7 -7  0 -6 -7 -3 -5  2  1 -7  4  8 -7 -4 -4 -1  1 -2    1   0   0   0   2   0   0   2   0  10  10   0  10  58   0   1   1   1   4   2  1.62 0.72
  260 S    3 -5 -4 -4 -1 -4 -3  2 -5  0 -3 -4  3  0 -4  3  0 -5 -2 -2   27   0   0   0   1   0   1  18   0   5   2   0   7   4   0  27   5   0   1   3  0.61 0.46
  261 F    1 -5 -2 -5  2 -4 -5 -2 -2  3  3 -4  1  2 -5 -2  0 -4 -2  1   11   0   2   0   4   0   0   4   1  20  28   0   3   9   0   3   5   0   1  10  0.44 0.32
  262 G   -1 -3 -2 -4  2 -3 -5  2 -3  2  3 -4  3  2 -4 -3 -2 -1 -1 -1    4   2   2   1   4   1   0  19   1  11  30   0   8   8   1   2   2   1   2   2  0.43 0.33
  263 G    0 -5 -2 -3  1 -4 -5  6 -1 -2 -4 -5  0 -4 -4  1 -1 -6 -6 -2    8   0   1   2   3   1   0  57   1   3   2   0   2   1   1  12   4   0   0   2  1.08 0.60
  264 A    3 -4 -1 -3  0 -2 -4  2 -4 -2 -2 -4  0 -1 -4  3  3 -5 -3 -1   25   0   2   1   2   1   0  13   0   3   3   0   3   2   0  25  16   0   1   3  0.52 0.42
  265 T   -1 -3 -2 -2 -1 -4 -4 -4 -4  1  2 -4  0  4 -2 -1  3 -4 -2  2    6   1   2   2   1   0   0   1   0   7  17   0   2  19   2   5  21   0   0  12  0.45 0.36
  266 F    0 -3 -3 -3  0  0 -2  1 -3  1  0 -3  2  4 -2 -2  1 -1  1  1    6   1   1   1   2   4   2  11   0  10   9   1   6  18   2   2   9   1   5   8  0.22 0.22
  267 G   -1 -3  0 -2 -6 -2 -5  6 -5 -2 -4 -3 -5 -3 -6  0 -3 -1 -3 -1    4   1   5   2   0   2   0  64   0   3   1   1   0   1   0   6   2   1   1   5  1.21 0.66
  268 M    0 -4  0 -2 -1 -1 -2 -2 -4  1  1 -4  6  2 -5 -1 -1  3  1  0    7   0   4   2   1   2   2   4   0   8  10   0  24  10   0   3   4   4   5   6  0.46 0.35
  269 A    1 -1  0 -1  0  0 -2  0 -2  0 -1 -2  1  1  0  1  1  3  1 -1   15   2   5   3   2   4   2   7   0   6   4   1   4   7   5  11   8   5   6   4  0.10 0.14
  270 E   -2 -3  3  2 -5  0  5 -3 -3 -2 -3 -1  0 -1 -2 -1 -1 -5 -1 -1    3   0  12  10   0   3  39   2   0   2   3   3   2   3   2   4   4   0   2   5  0.58 0.41
  271 E    0 -2 -1 -1 -4  0  4 -1  0  0  0 -1  0 -2  0  0 -1 -4 -1 -1    7   2   2   3   0   3  35   4   2   5   9   2   2   2   5   6   3   0   2   4  0.32 0.29
  272 V    0 -3  0 -2  1 -1 -2 -1  0  0  1 -3  2  3 -2  0  0  0  1  1    8   0   4   2   3   2   2   5   2   6  13   0   6  13   2   9   7   1   6  10  0.11 0.14
  273 I    0 -2  1 -2 -2 -2 -2  0 -2  1  0 -2  2  1  1  0 -1  4  2  0    8   0   8   0   0   0   0   8   0   8   8   0   8   8   8   8   0   8   8   8  0.15 0.13
  274 P    3 -4 -4 -4 -2 -3 -3  1 -4  1 -1 -3 -1 -2  4 -1 -1 -5 -4  2   30   0   0   0   1   0   0   9   0   7   4   1   1   1  23   1   2   0   0  21  0.56 0.33
  275 F   -3 -4 -4 -5 -2 -4 -4 -5 -3  0  2 -4  2  7 -4 -4 -2 -2  2  0    1   0   0   0   1   0   1   1   0   4  21   0   4  52   0   1   2   0   6   4  1.03 0.40
  276 S   -1 -3 -3 -4 -1 -3 -3 -3 -2  3  0 -3  0  0 -1 -2  0  0  4  3    4   0   0   0   1   0   1   1   1  23   6   1   2   2   3   2   4   1  17  28  0.44 0.26
  277 M    0 -3 -4 -4 -4 -3 -3 -3 -4 -1 -1 -3  1 -3  7 -1 -1 -5 -4 -2    8   1   0   0   0   0   1   2   0   4   5   0   3   1  62   4   4   0   0   2  1.41 0.50
  278 V   -2 -4 -4 -4 -1 -3 -4 -4 -4  4  3 -4  2  2 -4 -3 -2 -3 -2  2    3   0   0   0   1   0   1   1   0  32  29   0   6   8   0   1   0   0   0  16  0.62 0.29
  279 M    0 -3 -3 -3  0 -2 -3  2 -3  2  2 -3  2  2 -2 -2 -1 -3 -2  1    9   0   0   0   2   1   1  17   0  12  22   0   7  10   1   2   2   0   0  12  0.23 0.17
  280 V    0 -3 -4 -4 -1 -3 -3 -3 -2  4  2 -2  3 -2 -3 -2  0 -3 -2  3    8   0   0   0   1   0   0   2   1  25  19   2   8   0   0   1   4   0   1  24  0.44 0.25
  281 P    1 -2 -2 -2 -2 -2 -2 -1 -3  1  1 -2  1 -2  4  0  0 -3 -2  0   13   1   1   2   1   1   1   4   0   8  13   1   5   1  25   7   7   0   1   7  0.34 0.20
  282 F   -1 -4 -4 -4 -1 -3 -4 -4 -4  3  4 -4  3  0 -4 -3 -1 -3 -2  2    3   0   0   0   1   0   0   1   0  18  41   0   7   4   0   1   3   0   0  16  0.59 0.29
  283 V    3 -3 -3 -3  3 -3 -3 -1 -3  0  0 -3  3  2 -3  1  0 -3  0 -1   31   0   0   0   6   0   0   3   0   4   8   0  12  12   0   9   7   0   2   3  0.33 0.25
  284 I   -1  2 -1 -2 -1  0 -1 -3 -1  1  2  1  1 -1 -3 -1 -1 -1  0  0    3  15   2   1   1   3   3   1   2  10  22  12   4   2   0   5   3   1   4   5  0.13 0.13
  285 A    3  3 -1 -2 -3  0 -1  0 -2 -1 -1  1  0 -2 -2  1 -1 -3 -2 -1   27  17   2   0   0   4   2   5   0   4   6  10   3   1   0  12   2   0   1   2  0.22 0.20
  286 L    1 -3 -1 -3  0 -1 -3 -3 -3  1  3 -3  4  0 -3 -1 -1 -3 -2  0   12   0   3   0   2   2   1   1   0   7  41   0  17   3   0   2   3   0   0   5  0.37 0.22
  287 G   -2  0  1 -1  0 -2 -1  6 -3 -4 -4  1 -4 -4 -3 -1 -2 -4 -4 -4    1   7   7   3   2   0   4  61   0   0   1   8   0   0   0   3   1   0   0   1  0.87 0.33
  288 Y   -2  0 -3 -4  0 -1 -3 -1  1 -1  0 -1  1  3 -4 -3 -3  4  6 -1    3   5   0   0   3   3   0   4   2   3  10   3   4  14   0   1   0   6  34   3  0.57 0.29
  289 D   -2 -1  2  6 -4 -2  0 -1  1 -4 -4 -2 -4 -4  0  1  0 -5 -4 -4    1   4   8  50   0   0   4   4   4   0   1   0   0   0   5  13   4   0   0   1  0.79 0.36
  290 S    0  1  1  1 -2 -1  0  0 -2  0  0  0 -1 -2  1  0  0 -3 -2  0    8   8   7   8   0   0   8   8   0   8   8   8   0   0   8   8   8   0   0   8  0.08 0.07
  291 I   -1 -2 -2 -4 -2 -3 -2 -4 -3  4  2 -1  4  1 -3 -3 -1 -3 -1  2    3   2   2   0   0   0   2   1   0  27  21   3  13   7   0   0   2   0   1  14  0.38 0.24
  292 V    0 -3 -2 -3  0 -3 -3 -3 -3  1  0 -2  1  0 -3 -1  4 -4 -1  4    7   0   1   0   2   0   0   0   0   4   4   2   5   3   0   3  29   0   2  36  0.45 0.32
  293 A    3 -3 -2 -2  0 -2 -3  5 -3 -2 -3 -3 -1 -4  0  0  0 -4 -4 -2   29   0   0   2   2   1   0  44   0   2   2   0   1   0   4   3   4   0   0   3  0.66 0.34
  294 V    0 -3 -2 -4  0 -3 -3 -2  0  2  2 -3  3  2 -3 -2  0 -3 -1  3    8   0   2   0   2   0   0   2   3   9  19   0  10  10   0   2   4   0   1  27  0.28 0.21
  295 T    3 -3 -1 -1  2 -2 -3  2  0 -1 -1 -3  2 -1 -3  1 -1 -4 -3 -1   35   0   2   3   4   0   0  16   2   4   6   0   6   2   0  11   3   0   0   3  0.33 0.25
  296 V    0 -3 -3 -4  2 -3 -3 -4 -3  4  1 -3  5  0 -3 -1  0 -3  0  2    7   0   0   0   4   0   0   0   0  25   7   0  18   3   0   4   7   0   3  18  0.43 0.28
  297 T    0 -3 -3 -3  2 -3 -3 -1 -3  2  0 -3  1  0  0  1  1 -3 -2  3    6   0   0   0   5   0   0   4   0  16   6   0   5   3   4  12  10   0   0  26  0.25 0.21
  298 Y    0  0  0 -2  2  1  0 -1  2  0 -1  0  1  1 -3  0  0  3  1  0    6   6   5   0   5   5   6   6   5   6   6   6   5   5   0   6   6   5   5   6  0.08 0.12
  299 V   -2 -4 -1 -5  1 -4 -4  0 -4  2  3 -4  3  2 -4 -2 -1  2 -1  2    3   0   4   0   3   0   0   8   0  10  30   0   9   7   0   2   4   3   2  13  0.41 0.28
  300 A    3 -1 -4 -4 -5 -4 -4  5 -5 -1 -5 -4 -5 -2  0  1 -2 -5 -5 -2   21   4   0   0   0   0   0  43   0   5   0   0   0   2   6  12   3   0   0   3  0.85 0.48
  301 S    3 -3 -1 -1  2 -2 -2 -1 -3  0 -2 -2  2 -1 -1  1  2 -4  0  1   24   0   2   3   5   1   2   3   0   6   3   2   5   2   3  12  11   0   4  11  0.22 0.22
  302 Q   -1  0  0  0  2  0  0 -1  2  0 -1  0  2  1  0 -1  0  4  1 -1    5   5   5   5   5   5   5   5   5   5   5   5   5   5   5   5   5   5   5   5  0.09 0.08
  303 V    1 -3 -3 -2  1 -2 -3 -1 -4  3  0 -3  1  0 -4 -1  0  3 -2  3   14   1   0   2   3   2   0   5   0  21   9   0   3   3   0   5   7   4   0  22  0.28 0.23
  304 G   -1 -5 -4 -4 -5  0 -5  7 -5 -6 -6 -4 -5 -6 -5 -1 -3  1 -6 -2    3   0   0   0   0   4   0  82   0   0   0   0   0   0   0   3   2   2   0   3  1.76 0.70
  305 N   -2 -5 -2 -5  0 -2 -4 -3 -1 -1 -1 -5 -1  7 -4 -2  0  4  4 -1    3   0   2   0   2   2   1   2   1   3   4   0   2  46   1   3   6   6  12   4  0.95 0.49
  306 A    2 -2  0 -3  1 -2 -2  1 -3  0  0 -1  2 -2 -3  2  1  0 -2 -1   22   1   6   0   3   1   0   9   0   7   7   3   6   1   0  17  11   1   1   3  0.19 0.22
  307 T    3 -3 -2 -3  1 -3 -3  2 -3 -1 -2 -3  1  0 -1  0  2 -4 -2  1   26   0   1   0   3   0   0  20   0   3   2   0   4   4   2   7  14   0   1  11  0.31 0.27
  308 S    2 -1  0 -3  0 -1 -2  4 -3 -3 -2 -3 -3 -4 -1  3  0 -4 -2 -3   17   3   3   0   2   2   2  34   0   2   3   0   0   0   2  23   5   0   2   0  0.51 0.36
  309 W   -1 -4 -4 -4  0 -2 -2 -3 -4  2  1 -3  1  2  3 -2  2  5 -1  0    3   0   0   0   2   2   1   2   0  13  13   0   4   8  18   2  16   8   1   6  0.40 0.29
  310 M   -1 -3 -2 -4  0 -3 -3 -2 -3  2  2 -2  3  2 -3 -1  2 -2  2  1    5   0   2   0   2   0   0   2   0  11  21   2  10   9   0   3  16   0   8   9  0.27 0.23
  311 S   -1 -2  6  0  1  0 -2  1 -2 -2 -2 -1 -1 -4 -2  1 -1 -4 -1 -2    3   2  45   4   3   3   0   9   0   3   3   2   2   0   2   9   3   0   3   2  0.61 0.39
  312 P    0 -2  1 -2 -2  1 -2  0  2  0  0 -2  1  1  1  0  0 -2  1  0    7   0   7   0   0   7   0   7   7   7   7   0   7   7   7   7   7   0   7   7  0.08 0.12
  313 F    0 -1  0 -2 -4 -1 -1 -1 -3 -1 -1 -1  1  4 -1  0 -1  2  3 -1    6   3   6   2   0   2   3   5   0   3   6   4   5  22   3   9   4   3  11   4  0.23 0.23
  314 S    0  0  0 -2  2  0  0  0  2  0 -1  0  1  0  1  0  0 -2  1  0    6   6   5   0   5   5   6   6   5   6   6   6   5   5   6   6   6   0   5   6  0.04 0.08
  315 V    0 -3 -1 -1 -3 -1 -1 -2 -3  2  1 -3  2  0 -1 -1  1  2  0  2    8   0   4   3   0   3   3   3   0  10  10   0   6   3   3   4  12   3   3  20  0.15 0.19
  316 A    1 -2 -1 -3 -1  0 -3  4 -3 -1  0 -1  0  0 -1  0 -1 -4 -1  0   14   2   2   0   2   4   0  34   0   4   8   3   2   3   3   6   4   0   3   6  0.31 0.26
  317 V    0 -2  1 -2 -3  1 -2  0  2  0  0 -2  2  1  1 -1  0  4  2  0    7   0   7   0   0   7   0   7   7   7   7   0   7   7   7   0   7   7   7   7  0.13 0.16
  318 A    4 -2 -1 -2  0 -3 -3  0 -4  1 -1 -2  0  0 -1  0 -1 -4 -3 -1   45   2   2   2   2   0   0   6   0  10   6   2   2   5   2   6   3   0   0   3  0.43 0.36
  319 Q    0 -1  3 -1 -1  6 -1 -3  2 -2 -3 -1 -1 -5 -2  0 -1 -5 -4  0    7   2  12   3   1  40   2   2   5   2   2   3   2   0   2   8   2   0   0   6  0.67 0.51
  320 G    1  0  1  0 -3  2  1  0  0 -2 -2  0  0 -3 -1  1  1 -3  1 -1   12   4   8   6   0  10   7   8   2   2   2   7   3   0   2   9   9   0   7   2  0.13 0.16
  321 I    0 -2  0 -2  2  1  0  0 -2  0  0  0  1  1  1  0  0 -2  1  0    6   0   6   0   6   6   6   6   0   6   6   6   6   6   6   6   6   0   6   6  0.05 0.10
  322 A    0  0  0  0  2  0  0  0 -2  0  0 -1  1  1  1  0  0 -2  1  0    6   6   6   6   6   6   6   6   0   6   6   0   6   6   6   6   6   0   6   6  0.03 0.09
  323 G    0  0  2  0 -4  2  3  2  2 -4 -4  0 -3 -4 -3  0  0 -4 -3 -4    5   4  12   5   0  12  18  19   4   0   1   5   0   0   0   8   5   0   0   0  0.39 0.26
  324 I    0 -2  0  0  2  0 -1  0 -2  0  0  0  1  1  1  0  0 -2  1  0    6   0   6   6   6   6   0   6   0   6   6   6   6   6   6   6   6   0   6   6  0.04 0.10
  325 P   -1 -1  1  1  1  0  1 -1  1 -1 -5  0 -4 -5  5  1  0 -6 -4 -1    4   3   7   6   4   5   8   4   4   4   0   4   0   0  26   9   7   0   0   4  0.45 0.33
  326 V    0  0  0  0 -3  1  0 -1 -2  0 -1  0  1  1  1  0  0  3  1  0    6   6   6   6   0   6   6   6   0   6   6   6   6   6   6   6   6   6   6   6  0.06 0.09
  327 L   -1 -2  1 -2 -2 -2 -2  1  0 -1  0 -2  1  4  0  0  1 -3  3 -2    6   2   8   1   1   2   1  10   2   3   9   2   4  17   4   6  11   0   9   2  0.19 0.21
  328 S    0  0  1  1 -4 -1  0 -3  0 -2 -4 -1 -4 -1 -1  5  1 -5 -1 -1    5   4   5   7   0   2   7   1   2   2   1   3   0   2   4  41   7   0   2   4  0.46 0.41
  329 G    1 -1 -1 -1 -5  0 -2  5 -1 -2 -3 -4 -4 -1 -2 -2 -1 -5 -2 -1   10   3   3   3   0   4   2  50   1   3   3   0   0   3   2   2   4   0   2   5  0.70 0.45
  330 A   -1 -4 -1 -5  1 -1 -2 -2 -4  3  1 -2  4  3 -2 -2 -1  4  1  0    4   0   4   0   3   3   3   3   0  18  15   3  12  12   2   3   3   6   4   4  0.38 0.30
  331 T    0 -2  0 -2  2  0 -1  2 -1  1  0 -2  1  1 -1 -1  0  4  1  0    6   2   4   2   6   4   3  15   2   9   8   2   4   5   4   3   5   7   5   8  0.11 0.13
  332 F   -1 -3  0 -4  3 -1 -2 -1  1  1  0 -3  2  3 -1 -1  0  3  3  0    3   0   5   0   6   3   3   4   3   9   9   0   7  14   3   3   5   5  10   8  0.22 0.21
  333 R   -4  5  0 -4  1  0 -3 -1  1 -1 -2  1  1 -1  0 -1 -3 -5  0  0    0  40   4   0   3   4   0   5   3   4   3   9   3   3   4   3   0   0   3   6  0.56 0.41
  334 L    0 -2 -2 -2  1 -2  0 -1  0  2  1 -1  1  1 -3  0  0  3 -1  1    6   0   0   0   4   0   7   4   3  15  14   4   6   7   0   5   6   5   0  10  0.10 0.13
  335 I    0 -2 -2 -3  3  0 -2  0 -2  0  0 -2  2  1  1  0  0  4  2  0    7   0   0   0   7   7   0   7   0   7   7   0   7   7   7   7   7   7   7   7  0.14 0.15
  336 M    0 -1 -1 -1  2 -1 -1 -1 -2  1  1 -2  2  1 -3  0  0  2  0  1    7   3   3   3   6   3   3   6   0   8  15   0   7   7   0   6   6   3   3   9  0.06 0.10
  337 W    0 -2  0 -2  2  0 -2  0  2  0  0 -2  2  1 -3  0  0  4  2  0    7   0   7   0   6   7   0   7   6   7   7   0   6   6   0   7   7   6   6   7  0.13 0.16
  338 V    0 -2  0 -2  2 -2 -2  0 -2  0  0  0  1  1  1  0  0  4  1  0    7   0   7   0   6   0   0   7   0   7   7   7   6   6   7   7   7   6   6   7  0.11 0.14
  339 V    0 -3 -3 -3  2 -3 -3 -1 -3  2  1 -3  1  2  0  0  0  2  1  2    6   0   0   0   4   0   0   4   0  11  17   0   4   9   4   8   5   4   5  18  0.19 0.17
  340 V    0 -4 -2 -4  1 -2 -4 -1 -1  2  1 -4  3  5 -4 -1  0  1  1  1    7   0   2   0   4   2   0   5   2  10  11   0   9  25   0   4   5   2   3   8  0.36 0.27
  341 T    0 -2  0  0  2  0  0 -1 -2  0 -1  0  1  1  0  0  0  4  1  0    6   0   6   6   6   6   6   6   0   6   6   6   6   6   6   6   6   6   6   6  0.07 0.12
  342 A    1 -3 -3 -3  2 -3 -3  1 -3  1  1 -3  1  0  0  0  1 -3 -2  2   15   0   0   0   5   0   0  12   0  11  12   0   5   6   5   7   9   0   0  14  0.17 0.15
  343 L    0 -3 -3 -3  1 -3 -1 -1 -3  2  1 -3  1  1  0 -1  0  2  0  2    9   0   0   0   4   0   4   4   0  19  10   0   4   8   4   5   6   4   4  16  0.17 0.14
  344 A    0 -3 -1 -1  2 -1 -3  2 -3  0  1 -3  1  0 -3  1  2  2  1  0    9   0   3   2   5   2   0  15   0   4  13   0   3   4   0   9  14   4   6   8  0.14 0.18
  345 A    0 -3 -1 -2  1 -1 -2 -2 -3  4  1 -3  2  0 -4  0  0  1  0  1    9   0   3   2   4   3   2   3   0  28   9   0   5   5   0   5   7   2   3  10  0.22 0.22
  346 G    0  0 -3 -3  2  0 -2  0  2  0  0 -2  2  1  1  0  0  4  1  0    6   6   0   0   6   6   0   6   6   6   6   0   6   6   6   6   6   6   6   6  0.14 0.18
  347 Y    0 -3  0 -3  2 -2  0  0  2  0  0 -2  2  1  1  0  0  4  1  0    6   0   6   0   6   0   6   6   6   6   6   0   6   6   6   6   6   6   6   6  0.13 0.17
  348 M    0 -2  1 -2  3 -1  0 -2  2  1  0 -2  2  1 -2  0  0 -2  2  0    8   0   7   0   7   0   8   1   7   8   8   0   7   7   0   8   8   0   7   8  0.10 0.13
  349 M   -1 -1 -1 -4  2 -1 -3 -2  1  1  1 -1  4  0 -1 -1  0  3  2  1    4   3   3   0   5   3   0   3   3  10  13   3  12   4   3   4   6   4   6   9  0.21 0.22
  350 I   -1  4  0 -1  1 -1 -3 -2  1 -1 -1  0  0  1 -1 -1 -1  6  0 -1    5  20   4   3   3   3   0   3   4   4   7   6   3   5   3   5   3  12   4   4  0.34 0.29
  351 Y    0  0 -1 -4  1 -1 -1 -1  2 -1 -2  0  1  1 -4 -1  0  2  6 -2    6   4   3   0   3   3   3   5   4   3   3   5   4   4   0   5   5   3  31   3  0.48 0.35
  352 A    0 -2  0 -2  3 -2 -2  0 -2  0  0  0  2  1 -3  0  0  4  1  0    7   0   7   0   7   0   0   7   0   7   7   7   7   7   0   7   7   7   7   7  0.11 0.14
  353 E   -1  3  0 -1 -4  0  0 -2  1 -1 -1  3  0  0 -1 -1 -1  1 -1 -1    4  17   4   3   0   2   4   3   3   3   7  25   2   5   3   3   3   2   2   4  0.22 0.22
  354 K   -1  4  0 -3 -5  0  0 -1  2 -2 -2  4  0 -4 -1 -1 -1 -5 -4 -1    3  20   4   0   0   3   5   4   4   3   3  33   3   0   3   3   3   0   0   6  0.49 0.37
  355 I   -1 -1 -2 -2  0 -2  0 -2  0  4 -1 -1  0  0 -1 -1  0 -4 -1  3    5   3   2   2   2   2   6   2   2  22   5   3   2   3   3   4   5   0   2  25  0.30 0.24
  356 R   -1  3  0  0 -4  1  1  0  0 -2 -2  4 -1 -4 -1  0 -1 -4  0 -2    3  16   4   6   0   5   8   6   2   3   3  25   2   0   2   5   3   0   3   3  0.29 0.27
  357 K    0  2  0 -1 -4  0  0 -1  0 -1 -2  4  0 -1 -1 -1  0 -4  0 -1    8   8   4   3   0   4   4   4   2   3   4  30   3   3   3   3   5   0   3   4  0.23 0.24
  358 K    0  0  3  4  0  0  0 -1  2 -2 -2  0 -3 -4 -1  0  0 -4 -1 -2    7   4  15  24   2   3   3   5   6   3   3   5   0   0   3   5   5   0   3   2  0.29 0.26
  359 P   -1 -1  0  0 -4  0 -1 -2  0 -2 -2  1 -1 -2  6 -1 -1 -5 -4 -1    5   4   4   5   0   4   3   4   2   3   3   8   2   2  41   5   3   0   0   4  0.71 0.45
  360 E    0  0  0  0 -1  1  2  0  0 -2 -2  1  0 -2  0  1  1 -3 -1 -1    7   4   4   4   1   4  18   6   2   2   4   9   2   2   4  10  10   0   3   3  0.12 0.15
  361 S    0  1  1  0 -1  0  0 -2 -1 -1 -1  4 -1 -1 -1  0 -1 -1 -1 -1    9   6   6   4   1   4   4   3   1   3   6  26   2   3   2   8   3   1   2   4  0.18 0.19
  362 S    0 -2 -1 -1 -4  0 -2  0 -1 -2 -3 -2 -1 -2  0  5  0 -4 -2 -2    6   2   2   3   0   4   3   6   2   3   2   2   2   2   4  48   4   0   1   3  0.62 0.48
  363 L   -1  0  0  0  2  0  0 -1  2  0 -1  0  2  1  0 -1  0  4  1 -1    5   5   5   5   5   5   5   5   5   5   5   5   5   5   5   5   5   5   5   5  0.09 0.08
  364 T    0  0  0  0  2  0  0  0 -1  0 -1  0  1  0  1  0  0 -2  1  0    6   6   5   6   5   5   6   6   0   6   6   6   5   5   6   6   6   0   5   6  0.03 0.06
  365 Y    0  0  0  0 -3  0  0  0  1 -1 -1  0  0  1  0  0  0  2  3 -1    7   4   4   6   0   4   5   8   3   4   6   6   3   5   4   5   5   3  13   4  0.08 0.11
  366 K   -1  0  0  2 -4  0  2  1  1 -1 -2  0 -1  0  0  0 -1  2  0 -2    4   4   5  13   0   4  15  10   3   4   4   5   2   4   4   6   4   3   3   3  0.12 0.14
  367 S    0  0  0  0  2  0  0 -1  1  0 -1  0  1  0  0  0  0 -2  1  0    5   5   5   5   5   5   5   5   5   5   5   5   5   5   5   5   5   0   5   5  0.03 0.05
  368 D   -1  0  0  0  2  0  0 -1  2  0 -1  0  2  1  0 -1  0  4  1 -1    5   5   5   5   5   5   5   5   5   5   5   5   5   5   5   5   5   5   5   5  0.09 0.08
  369 D    0  0  0  1  0  1  2 -1  1 -1 -1  0  0  0 -1 -1 -1  2  0 -1    8   5   5   8   2   6  13   5   3   4   8   5   3   4   3   4   4   3   3   5  0.08 0.08
  370 Y    0  0  0  1  1  1  1 -2  1  1 -1  0  1  0  0  0 -1  2  1 -1    6   4   4   7   3   5  11   4   3   7   5   6   3   5   4   6   4   3   5   4  0.05 0.06
  371 F    0  0  0  0  0  0  0  0  1  0 -1  0  0  1  0 -1  0  3  1  0    7   5   5   6   3   4   6   6   4   5   7   5   3   6   4   5   4   4   5   8  0.03 0.02
  372 R    0  0  0  0 -3  1  0  0  1  0 -1  0  1  0  1  0  0 -2  1  0    6   6   5   6   0   5   6   6   5   6   6   6   5   5   6   6   6   0   5   6  0.03 0.06
  373 S    0 -1  0  0  0  1  1 -1  1 -1 -1  1  1  0  0  0  0  2  0 -1    8   3   4   6   2   6  11   5   4   4   5   7   3   4   4   7   5   3   3   4  0.06 0.07
  374 H   -1  0  1  2  0  1  1 -1  2 -1 -1  0  1  0 -1  0  0 -3  0 -1    6   5   6  10   2   5  11   4   5   4   5   6   4   4   3   7   6   0   4   3  0.07 0.10
  375 I   -1  0  0  0 -3  0  0 -1  2  0 -1  0  1  0  0  0  0  3  1  0    5   5   5   5   0   5   5   5   5   5   5   5   5   5   5   5   5   5   5   5  0.06 0.08
  376 K    0  0  0  1 -1  0  1  0  0 -1  0  0  0 -1  0  0  0 -3 -1 -1    8   4   5   9   2   5  10   8   3   4   8   8   3   3   3   7   5   0   2   5  0.04 0.04
  377 K    0  0  1  1 -2  1  0  0  1 -1 -1  0  0  0  0  0  0 -2  0 -1    7   4   7   9   0   5   7   6   5   5   6   6   4   4   5   7   5   0   3   5  0.04 0.05
  378 T    0  0  0  0 -3  1  0  0  1  0 -1  0  1  0  1  0  0 -2  1  0    6   6   5   6   0   5   6   6   5   6   6   6   5   5   6   6   6   0   5   6  0.03 0.06
  379 S    0  0  0  1  0  1  1 -1  1 -1 -1  0  0 -1  0  0  0 -3  0  0    7   4   4   9   3   5  11   5   3   3   5   5   3   3   5   8   6   0   4   6  0.05 0.06
  380 D    0  0  0  0 -3  1  0  0  1  0 -1  0  1  0  1  0  0 -2  1  0    6   6   5   6   0   5   6   6   5   6   6   6   5   5   6   6   6   0   5   6  0.03 0.06
  381 E   -1 -1  0  1 -1  0  2 -1  1  0 -2  0  0 -1  0  0 -1  2 -1 -1    6   4   5   8   1   5  16   4   3   6   5   6   2   3   5   6   4   2   2   5  0.10 0.10
  382 N    0 -1  1  1 -4  0  1 -1  1  0 -1  0  0  0  0  0  1  1  0 -1    8   3   6   9   0   4  10   6   3   6   5   6   2   3   5   7   7   2   3   4  0.06 0.07
  383 K   -1  0 -1 -1  0  0  1 -1  1  0 -1  1  0 -1  2  0  0  1  0  0    6   4   3   4   2   4   9   6   3   6   6   9   3   2  11   6   6   2   3   7  0.07 0.08
  384 K   -1  1  0  0 -6  0  1 -1  1 -1 -2  2  1  0  2 -1  1 -6  0 -1    6   8   4   6   0   4  10   4   3   4   4  11   3   3   9   5   7   0   4   4  0.13 0.14
  385 F   -1  0  0  0  2  0  0 -1  2  0 -1  0  2  1  0 -1  0  4  1 -1    5   5   5   5   5   5   5   5   5   5   5   5   5   5   5   5   5   5   5   5  0.09 0.08
  386 M   -1  0  0  0  2  0  0 -1  2  0 -1  0  2  1  0 -1  0  4  1 -1    5   5   5   5   5   5   5   5   5   5   5   5   5   5   5   5   5   5   5   5  0.09 0.08
  387 L   -1  0 -1 -3 -5 -2 -3  0 -1  1  1  1  1  1  0 -1  1  4 -2  0    6   5   3   2   0   2   2   8   2   8  11  10   4   6   5   4   9   5   1   6  0.14 0.12
  388 G   -1  4  1 -2  1 -1 -1 -1  1  0 -2  2  0  0 -1 -1  0  2  0 -1    5  18   5   3   3   3   3   5   3   5   4  10   3   4   3   5   6   3   3   5  0.18 0.15
  389 H   -1  1 -1  0  1  2 -2 -2  5  0 -1 -1  1  0 -2  0  0  4  0 -1    5   9   3   5   2   8   3   4  11   6   5   4   3   4   3   6   6   6   3   4  0.24 0.19
  390 K   -1  0  0  0  2  0  0 -1  2  0 -1  0  2  1  0 -1  0  4  1 -1    5   5   5   5   5   5   5   5   5   5   5   5   5   5   5   5   5   5   5   5  0.09 0.08
  391 L    0  0 -1 -1  1  0 -2 -2  0  1  2  0  1  0 -1 -1 -1  4  0  0    8   5   3   3   3   5   3   4   3   9  19   5   3   5   3   4   5   5   3   6  0.11 0.09
  392 I    1 -1 -2 -2  1 -2 -4 -2 -2  4 -1 -2  1  0 -3 -1 -1  1 -1  3    9   4   3   3   3   2   2   3   1  18   7   3   3   3   2   6   3   2   2  21  0.34 0.21
  393 L    0 -3  0 -4  1 -3 -3 -1  1  1  2 -1  1  1 -4 -1  0  2  1  1    7   0   4   0   3   0   0   5   3   9  26   4   4   7   0   4   5   3   4  10  0.20 0.19
  394 L    0  0  0 -2  2  1  0 -1  2  0 -1  0  1  1 -3  0  0  3  1  0    6   6   5   0   5   5   6   6   5   6   6   6   5   5   0   6   6   5   5   6  0.08 0.12
  395 E    0 -2 -1 -2  1 -2 -2 -1 -3  2  1 -1  1  1 -3 -1  0  2 -1  2    8   2   2   2   3   2   2   5   0  14  16   4   4   6   0   3   7   3   2  14  0.11 0.13
  396 M   -1 -2 -1 -4  0 -4 -4 -2 -4  1  2 -4  2  5 -2 -1  0  1  1  1    6   2   4   0   2   0   0   4   0   6  16   0   5  27   2   5   5   1   3  12  0.40 0.30
  397 L    1 -4 -4 -4  0 -2 -4  0 -4  3  2 -4  1  1 -1 -2 -1  0 -3  2   14   0   0   0   2   2   0   6   0  17  24   0   3   7   3   3   3   2   0  14  0.33 0.27
  398 V    1 -2 -2 -2  0 -1 -2  0 -3  2  2 -3  2  1 -2 -1 -1  0  0  1   16   1   1   1   2   3   1   7   0  12  18   0   5   7   1   3   4   1   3  11  0.14 0.16
  399 V    0 -2  0  0  2  0  0  0 -2  0  0 -2  1  1  1  0  0  4  1  0    6   0   6   6   6   6   6   6   0   6   6   0   6   6   6   6   6   6   6   6  0.08 0.13
  400 L    0  0 -2 -3  2  0 -2  0 -2  0  0 -2  2  1  1  0  0  4  1  0    7   7   0   0   6   7   0   7   0   7   7   0   6   6   7   7   7   6   6   7  0.12 0.15
  401 V    0  0  0  0  2 -1  0  0 -2  0 -1  0  1  1  0  0  0  3  1  0    6   6   5   6   5   0   6   6   0   6   6   6   5   5   6   6   6   5   5   6  0.05 0.09
  402 W    0 -4 -4 -4  1 -1 -4  0 -4  2  0 -4  1  2  0 -1  0  7  1  1    7   0   0   0   4   4   0   8   0  12   9   0   4   9   4   4   5  14   4  10  0.40 0.28
  403 I    0 -2  0  0  2  0  0  0  2  0 -1  0  1  0  1  0  0 -2  1  0    6   0   5   6   5   5   6   6   5   6   6   6   5   5   6   6   6   0   5   6  0.04 0.08
  404 V    0 -3  0  0  0 -1 -1 -1 -3  2  0 -1  1  0  1  0  0 -3  0  2    6   0   4   5   2   3   5   4   0  14   6   2   4   5   6   6   6   0   4  17  0.08 0.14
  405 W    0 -2  0 -2  2  0  0 -1  2  0 -1  0  1  1  0  0  0  3  1  0    6   0   5   0   5   5   6   6   5   6   6   6   5   5   6   6   6   5   5   6  0.08 0.13
  406 G    0 -4 -2 -3  0 -3 -3  5 -5  0 -1 -3  2  0 -1  0 -3  0  0 -1    7   1   2   2   2   1   2  40   0   6   5   1   5   4   4   7   2   1   4   4  0.57 0.41
  407 V    0 -3 -2 -3  0 -2 -3 -1 -2  2  0 -2  0  1 -1  0  0  2 -1  3    9   1   2   1   2   1   2   5   1  13   6   3   2   6   3   8   6   3   2  23  0.26 0.23
  408 T    0 -3  0 -2 -4 -2 -2 -2  0  3  1 -2  0  1 -1  0  1  0 -2  1    8   1   4   2   0   2   2   4   2  20  15   2   2   7   3   7   7   1   1  10  0.22 0.19
  409 Q    0  0  1 -1 -1  0 -1 -1 -1  0 -1  1  0  1  2 -1  0  3  0  0    8   4   6   3   1   4   3   4   2   6   7   9   2   7  10   5   7   3   3   6  0.08 0.08
  410 K   -1 -1 -1 -3 -7  0 -3 -1  1  1  0 -2  0  3  0 -1 -2  7  2 -2    6   4   4   2   0   4   2   6   3   7  10   3   2  11   5   5   2  14   7   3  0.47 0.31
  411 G   -1 -1  0  0 -5  0  0  2  2  0 -1 -1  1  1 -1  0 -1  3  0 -1    6   3   4   6   0   5   5  15   5   6   6   4   3   6   3   6   4   4   3   5  0.11 0.10
  412 Y   -1  0  0  0  2  0  0 -1  2  0 -1  0  2  1  0 -1  0  4  1 -1    5   5   5   5   5   5   5   5   5   5   5   5   5   5   5   5   5   5   5   5  0.09 0.08
  413 Y   -1 -2  0 -1 -6 -1 -1  0  1  0 -1  0  1  2  0  0  0  4  3 -1    5   3   4   4   0   3   5   8   3   6   6   5   3   8   5   6   5   4  11   5  0.15 0.13
  414 I   -1 -1  0 -1 -3 -1 -1 -1  0  1  1 -1  2  2  0  0  0  1  1  0    5   2   5   3   0   3   4   6   3  11  12   3   6  10   4   6   5   2   5   6  0.06 0.09
  415 P    0 -1  1  0 -3  0  0 -1  1  0 -1 -1  0  0  2  1  1  0  0  0    6   2   9   6   0   3   6   5   3   6   7   3   2   4   9   9   8   1   3   6  0.07 0.09
  416 E   -1 -1  0  1 -5  2  4  0  1 -1 -1 -1 -1 -1  0 -1 -1  0  0 -2    4   3   5   7   0   8  26   8   3   4   6   3   2   2   4   4   5   1   3   3  0.23 0.26
  417 I   -1  0  0  0  2  0  0 -1  2  0 -1  0  2  1  0 -1  0  4  1 -1    5   5   5   5   5   5   5   5   5   5   5   5   5   5   5   5   5   5   5   5  0.09 0.08
  418 A    1 -1  0  0  1 -1 -2  0  1  0 -2 -2  1  0 -1  1  0  2  1 -1   13   3   4   5   3   3   3   8   3   6   4   3   4   4   3  12   6   3   6   4  0.10 0.11
  419 S    3 -7 -1 -1 -7 -1 -2  2 -7 -2 -3 -3  2 -1 -1  0  2  3  0 -1   22   0   3   4   0   3   3  16   0   2   3   2   4   3   4   8  11   4   3   4  0.38 0.31
  420 Q   -1 -2  0 -2  1  0 -1 -3 -1  1  1 -2  2  2 -1 -3 -1  5  2  1    6   2   5   3   2   4   5   3   2   8  13   2   5   9   3   2   4   7   6   9  0.23 0.16
  421 F   -3 -8 -2 -2  0 -2 -2 -2  0  0  0 -8  2  7 -1 -2 -2  5  2 -1    3   0   3   3   2   2   3   3   2   6   8   0   4  35   4   4   3   6   5   5  0.90 0.50
  422 F   -1  0  0  0  2  0  0 -1  2  0 -1  0  2  1  0 -1  0  4  1 -1    5   5   5   5   5   5   5   5   5   5   5   5   5   5   5   5   5   5   5   5  0.09 0.08
  423 V    0 -1 -1 -1  1 -1 -1 -1 -2  2  1  0  1  1 -1 -1  0  3  0  0    9   3   4   3   3   3   4   6   0  15  11   6   4   5   3   3   5   5   3   7  0.05 0.08
  424 M   -1 -3 -1 -1  1 -1 -1 -1 -3  1  1 -1  4  2 -1 -1  0  2  0  0    5   0   4   4   3   3   4   4   0   9  14   3  12   8   3   6   5   3   4   7  0.13 0.17
  425 G    2 -2 -1 -1  0 -1 -1  3 -3  0 -2 -1  0 -1 -1  0  0 -4 -3 -1   20   2   3   4   2   2   4  25   0   5   3   3   3   3   3   6   6   0   0   5  0.24 0.24
  426 L    0 -2  0  0  2 -2  0  0 -2  0  0  0  1  1  1  0  0  4  1  0    6   0   6   6   6   0   6   6   0   6   6   6   6   6   6   6   6   6   6   6  0.07 0.11
  427 V    0 -2  0 -2  2 -2  0  0  2  0  0  0  1  1  1  0  0  4  1  0    6   0   6   0   6   0   6   6   6   6   6   6   6   6   6   6   6   6   6   6  0.08 0.14
  428 A    1 -1 -1 -1  1 -1 -1  0 -2  1  0 -2  1  1 -1  0  0 -2  1  0   12   3   3   3   4   3   5   6   0  13   7   0   5   8   3   8   5   0   6   6  0.04 0.10
  429 G    0 -2 -1 -2  0 -1 -3  3 -3  1 -1 -2  0  0  0  0 -1  2 -1  0    9   2   3   2   2   2   0  29   0   8   6   2   3   4   5   5   3   3   2   7  0.22 0.22
  430 I    0 -3 -1 -3  0 -1 -2  0 -1  2  1 -2  1  2 -1  0  0 -3  0  1   10   0   2   0   2   2   2   6   2  20  16   0   5   9   2   6   4   0   2   7  0.12 0.15
  431 I    0 -3 -3 -2  1 -3 -3 -1  0  3  1 -3  1  1 -1  0  0 -3  0  2    9   0   0   3   3   0   0   6   2  24  13   0   4   7   3   6   4   0   3  12  0.16 0.17
  432 A    1 -3 -1 -3  1 -2 -2  1 -2  2  0 -2  1  1 -1  0  0  1  0  1   16   1   3   1   3   0   1  11   0  18   9   1   3   8   3   5   4   2   4   8  0.11 0.14
  433 V    0  0  0 -1  2 -1 -1  0  0  1  0 -1  1  0 -1  0 -1  2  1  0   10   5   6   3   4   3   3   9   3  10   8   4   3   4   3   6   4   2   4   7  0.04 0.04
  434 L    0  0  0  0  2 -1  0  0 -2  0 -1  0  1  1  0  0  0  3  1  0    6   6   5   6   5   0   6   6   0   6   6   6   5   5   6   6   6   5   5   6  0.05 0.09
  435 F    0  0 -2  1  1  0 -1  1  2  0 -1  0  0  0 -1  0  0  3  0 -1    8   4   0   8   3   4   3  13   5   6   5   4   3   5   3   6   6   5   3   4  0.07 0.10
  436 K   -1  0  0  0 -3  0  0 -1  2  0 -1  0  1  0  0  0  0  3  1  0    5   5   5   5   0   5   5   5   5   5   5   5   5   5   5   5   5   5   5   5  0.06 0.08
  437 L    0  0 -1 -1  1  1 -1 -1 -4  3  1 -1  1  0 -1 -1 -1  2  0  1    6   5   4   3   3   6   3   5   0  14  12   4   4   3   4   4   4   3   4  10  0.11 0.08
  438 D    0 -2  0  0  1  0  0  3  0 -2 -3  0  1  0 -1  0  0  2  1 -1    6   3   5   5   3   4   7  18   3   3   3   6   4   3   3   7   5   3   5   4  0.14 0.13
  439 G    0  0  0  0 -3  1  0  0  2  0 -1  0 -1  1 -2  0  0  3  1  0    6   6   6   6   0   6   6   6   6   6   6   6   0   6   0   6   6   6   6   6  0.07 0.09
  440 M   -1 -2 -2 -2 -4 -1 -3 -1 -1  1  2  0  6  1 -5 -2 -2  2  2 -1    4   2   2   2   0   3   2   4   2   7  21   6  21   6   0   3   2   3   6   3  0.42 0.33
  441 K   -1  0  3  0 -4 -1 -1  2  1 -2 -2  2 -1 -4  0  2  1 -5 -2 -2    3   4  13   5   0   2   3  15   3   2   4  11   1   0   6  17   7   0   2   2  0.26 0.25
  442 V    1 -2 -1 -2 -4 -1  2 -1 -1  1 -1 -1  0  1  3 -1 -1  2  0  1   11   2   2   1   0   2  15   5   1   7   7   2   2   7  13   5   3   3   3  10  0.16 0.18
  443 N   -1  0  4  2 -4  0  0  0  0 -2 -3  1 -1  0 -1  0 -1  1 -1 -2    4   5  21  10   0   3   5   8   2   2   2  10   2   4   3   8   4   2   2   2  0.23 0.22
  444 D   -1  0 -1  2 -4  1  2 -1  2 -1 -2  1 -1  0 -1 -1 -1  1  0 -2    5   5   3  14   0   6  16   5   5   4   3  11   2   4   2   3   4   2   3   3  0.18 0.18
  445 I    0 -2 -2 -5  0 -4 -5 -1 -4  4  0 -4  3  3 -5  0  2  2  1  0   10   2   2   0   2   0   0   4   0  22   6   0   6  11   0   7  13   3   4   5  0.39 0.32
  446 A    3 -4 -3 -4  5 -3 -3 -1 -2  1 -1 -4  0  0 -3  0  0  3 -1  2   26   0   1   0  11   0   2   4   1  10   4   0   2   3   1   8   7   4   2  13  0.38 0.30
  447 S   -2  1  0  2 -5  1  3 -1  0 -2 -3  3 -1 -3 -4  0 -1  0 -1 -3    3   7   5  12   0   4  18   5   2   3   2  23   2   1   0   6   3   1   2   2  0.36 0.28
  448 S    1 -1  0  0 -1  0  0 -1  0 -1 -1  0  0 -1 -3  1  2 -3  1 -1   16   2   4   5   1   3   6   3   3   4   5   7   2   3   0  11  14   0   6   4  0.10 0.14
  449 F   -2 -5 -2 -5 -5 -5 -5 -5 -4  0  0 -5  3  8 -5 -1 -1  2  1 -1    3   0   3   0   0   0   1   1   0   5   8   0   7  51   0   6   3   2   4   4  1.26 0.55
  450 Q    0 -1 -1 -2  0 -1 -2 -2 -1  3  1  0  2 -1 -3 -1  0  1 -1  2    7   3   3   2   2   3   2   4   2  25   9   5   5   3   0   4   5   2   2  12  0.16 0.17
  451 S    0  0  0  1 -4  0  2 -2  0 -2 -2  3 -1 -1 -1  0  0  1 -3 -2    9   4   4   8   0   4  16   2   2   3   4  18   2   3   3   8   6   2   0   3  0.19 0.19
  452 G   -1 -5 -1 -5 -5 -5 -5  6 -5 -1 -2 -5 -5 -1 -1 -1 -1  2 -1 -2    5   0   3   0   0   0   0  56   0   4   5   0   0   3   3   5   4   3   3   3  1.00 0.55
  453 A    0 -2 -2  0  2 -2 -2  0 -2  0  0  0  2  1 -3  0  0  4  1  0    7   0   0   7   7   0   0   7   0   7   7   7   7   7   0   7   7   7   7   7  0.10 0.13
  454 A    1  1 -1 -3  1  1  0  0  1 -1 -1  2  1 -1 -1  0  0 -3  0 -1   11   8   3   0   3   7   6   6   3   4   5  16   4   3   3   7   5   0   3   4  0.10 0.14
  455 D   -1  0  0  0 -3  0  0 -1  2  0 -1  0  1  0  0  0  0  3  1  0    5   5   5   5   0   5   5   5   5   5   5   5   5   5   5   5   5   5   5   5  0.06 0.08
  456 L    0 -2 -2  0  2  1 -2  0  2  0  0 -2  1  1 -2  0  0 -2  1  0    7   0   0   7   7   7   0   7   7   7   7   0   7   7   0   7   7   0   7   7  0.07 0.13
  457 A    1 -3 -2 -3  1  0 -2  0 -2  2  1 -2  3  1 -3  0  0 -2  1  1   15   0   0   0   4   4   0   8   0  13  12   0  12   5   0   5   7   0   4   9  0.14 0.16
  458 G    0 -1  0 -1  0 -1 -1  2 -2 -1 -1 -1  1  1  2  1 -1  1  1 -1    4   2   6   2   2   2   2  15   0   4   6   3   4   9  12  10   3   2   5   5  0.11 0.12
  459 T    1 -1 -1  0  1 -1 -1  2 -2  0 -1 -2  0 -1  1  0  0 -3 -1  1   16   3   2   4   3   3   3  17   0   5   3   0   2   3   8   5   4   0   2  14  0.11 0.13
  460 A    2 -1 -1 -1  2 -2 -1  0 -2  1  0 -2  1  0 -2  0  0 -3  0  1   23   4   3   4   5   0   4   7   0  13   6   0   5   4   0   4   6   0   3   8  0.09 0.12
  461 I    0 -3 -3 -4  2 -3 -3 -1 -3  2  2 -3  3  3  0 -1  0 -3 -1  1    8   0   0   0   5   0   0   5   0  12  24   0   8  14   5   5   5   0   0   8  0.24 0.19
  462 V   -1 -3 -3 -2  1 -1 -3 -4 -3  3  2 -3  3  0 -1 -2 -1 -2  1  2    4   0   0   3   4   2   0   0   0  21  20   0   9   3   2   3   2   0   7  17  0.28 0.20
  463 V    0  0 -2  0  3 -2 -2 -2 -2  1  0 -1  2  1 -2  0  1 -2  2  1    8   8   0   8   8   0   0   1   0   8   8   0   8   8   0   8   8   0   8   8  0.08 0.11
  464 G    0 -1 -2 -1  1 -2 -2  3 -3  0  0 -2  2  0  0  0  0  3 -2  0    7   4   0   4   4   0   0  24   0   5   5   0  10   6   4   4   7   5   0   9  0.17 0.17
  465 M    0 -2 -3 -3  2 -2 -3 -3  1  1  2 -1  3  3 -1 -2 -1 -2  0  1    6   0   0   0   5   0   0   0   4   8  22   6   9  15   3   0   3   0   3  12  0.21 0.18
  466 A    0 -2 -2 -2  3 -2 -2  0  2  1  0 -2 -1  1  1  0  1 -2 -1  0    9   0   0   0   8   0   1   9   9   9   9   0   0   9   9   9   9   0   0   9  0.10 0.10
  467 K    0  2  0 -2  1  0 -1 -1  0  0  0  0  1  0 -1  0  0 -3  1  1    6  14   3   0   3   4   3   5   3   4   6   7   5   4   3   8   4   0   6  12  0.05 0.09
  468 G    0  0  0 -2  2  1  0 -1  2  0 -1  0  1  1 -3  0  0  3  1  0    6   6   5   0   5   5   6   6   5   6   6   6   5   5   0   6   6   5   5   6  0.08 0.12
  469 I    0 -4 -4 -4  2 -4 -1 -1 -4  5  1 -4  3  1 -4 -1  0 -4 -3  2    7   0   0   0   5   0   5   5   0  31  10   0   7   7   0   5   5   0   0  13  0.45 0.28
  470 L    0  0  0 -1  0  0  0  0  0  0  0  1  0  0 -1  0  0 -2  0  0    6   4   3   2   2   5   4   7   2   7  13   9   3   3   3  10   5   0   4   8  0.01 0.04
  471 L    0 -2 -2 -2 -3 -1 -2 -2  0  2  1 -1  1  0 -4 -2 -1  3  1  3    9   2   2   2   0   3   2   3   3  13  11   4   4   3   0   2   4   5   5  24  0.23 0.21
  472 V   -1 -5 -1 -5  1 -4 -5 -2 -5  5  1 -4  1  0 -5 -2 -1 -4  0  4    4   0   3   0   3   0   0   3   0  31  12   0   4   3   0   3   4   0   3  24  0.63 0.37
  473 L   -2 -5 -5 -5  0 -4 -5 -3 -5  1  4 -5  6  2 -5 -3 -2  2 -1  0    4   0   0   0   2   0   0   3   0   7  36   0  20   9   0   2   3   2   2   6  0.79 0.42
  474 G   -1  0  1  1 -3  1  2  0  0 -1 -2  0 -1 -1 -2  0  1 -4 -1  0    4   4   7   7   0   8  14   7   2   3   4   6   1   3   1   7  11   0   2   9  0.12 0.14
  475 G    0 -1  2  3 -4  2  2  0  1 -3 -3  0  1 -1 -2  0 -1  0  0 -3    8   2  12  16   0   9  11   8   3   1   1   5   4   3   2   6   3   2   3   2  0.25 0.22
  476 S    1 -5 -1 -1 -5 -4 -4  5 -4 -3 -4 -3 -2 -5 -5  2  1 -5  0 -3   11   0   3   3   0   0   0  45   0   2   2   2   1   0   0  17   8   0   4   2  0.84 0.48
  477 D   -1  0  2  0 -1  2 -1  1  1 -1 -1  1  2  0 -2  0  0 -3  0 -1    5   5  10   6   1  10   2  10   4   4   7   8   7   5   2   5   4   0   3   2  0.08 0.10
  478 A    0 -2  0 -2  2 -1  0  0 -2  0  0  0  1  1  1  0  0 -3 -2  0    7   0   7   0   7   0   7   7   0   7   7   7   7   7   7   7   7   0   0   7  0.05 0.10
  479 S   -1 -1  1  1  0  1  0  1  1 -1 -1  0  0  0 -2  0  1  2  1 -1    4   3   6   8   3   6   4  11   3   3   4   5   3   4   1   8   9   3   6   5  0.07 0.09
  480 V    0  0  0  0 -3  1  0  0  2  0 -1 -1  1  1 -3  0  0  4  1  0    6   6   6   6   0   6   6   6   6   6   6   0   6   6   0   6   6   6   6   6  0.07 0.12
  481 P    0 -2 -2  0 -3  0 -2  0  2  0  0  0  1  1  1  0  0  4  1  0    6   0   0   6   0   6   0   6   6   6   6   6   6   6   6   6   6   6   6   6  0.09 0.14
  482 S    0  0  0 -1 -1  1  0  0  0  0  0  0  0  1  1  0  0 -1  0 -1    6   4   5   3   1   7   4   8   2   6   8   4   4   9   8   9   4   1   3   4  0.04 0.03
  483 A    0 -1 -1 -1 -1  0 -1 -1 -1  2  0 -1  0  1  0  0  0  1 -1  2    8   3   3   2   1   3   4   4   1  13   9   4   3   6   4   5   7   2   1  17  0.05 0.05
  484 L   -2 -3 -1 -2 -3 -2 -3 -3 -1  4  3 -3  5 -1 -2 -3 -3  1 -3  1    3   1   3   2   0   2   2   2   2  25  26   1  15   2   3   2   1   2   1   7  0.54 0.31
  485 N   -1 -3  2  6 -4  0 -2 -2  2 -2 -2 -2 -4 -2 -1 -1 -1 -5 -2 -2    4   1   8  47   0   4   1   3   5   2   5   3   0   2   3   3   4   0   2   3  0.80 0.45
  486 T   -1 -3  0 -1  0 -4 -3 -3 -1 -3 -4 -3 -2 -5 -2  1  6  1 -3 -2    6   1   4   3   2   0   2   2   1   2   2   2   1   0   2  10  56   2   1   2  1.02 0.62
  487 I   -3 -5 -5 -6 -1 -5 -3 -2 -5  6  1 -5  0  1 -5 -3 -1 -1 -2  3    2   0   0   0   1   0   2   3   0  50   9   0   2   6   0   2   3   1   1  15  1.02 0.53
  488 L    0 -5 -3 -5 -1 -5 -2 -4 -5  3  3 -5  0  0 -5 -3 -1 -5 -2  3    9   0   2   0   1   0   3   2   0  17  31   0   2   3   0   2   3   0   1  23  0.63 0.38
  489 H   -3 -1  3 -1 -5  0 -2 -1  6 -3 -2 -2 -1  2 -3 -2 -2  2  6 -3    3   3  13   4   0   4   2   5  16   1   3   2   2   8   2   2   2   2  25   2  0.71 0.47
  490 G    2 -2 -1 -3 -1 -1 -1  2  1 -1 -2 -1  0  0 -2  0 -1  5  3 -2   16   2   3   1   1   2   3  17   3   3   4   4   2   4   2   8   3   7  12   3  0.27 0.25
  491 I    1 -1 -1 -4  1 -1 -3 -1 -3  2  3 -1  3  0 -4 -1  0 -4 -3  0   14   3   3   0   3   3   0   5   0  11  27   4   8   4   0   4   6   0   0   6  0.23 0.23
  492 G    2 -1 -1 -1  0 -1  0 -1  0 -1 -1 -1  0  0 -3  3  1 -4 -1  0   19   2   2   3   2   2   8   4   2   3   5   2   2   4   0  24   7   0   3   6  0.17 0.21
  493 T   -1  0  3  0 -3  1  0  1  0  0 -1  0  0 -3 -1  1  0 -3 -1 -1    4   3  15   3   0   9   6   9   2   7   8   6   2   0   2  11   6   0   2   4  0.11 0.14
  494 A    1 -1 -1 -3 -3 -1 -2  0 -1  0  1 -1  1  1  3  0  0  1  0  0   13   2   2   0   0   2   2   7   2   5  14   3   4   5  15   5   5   2   2   8  0.14 0.15
  495 L   -2 -4 -2 -4 -3 -1 -4 -3 -4  3  4 -2  2  1 -2 -2 -1 -4 -3  2    3   0   2   0   0   2   0   2   0  18  36   3   5   5   2   3   4   0   0  13  0.45 0.31
  496 T    1 -1  1  1 -4  2  1  1 -1 -2 -2  1  0 -2 -2  2  0 -4 -2 -2   11   2   6   6   0  10   9  10   1   2   3   7   3   2   1  16   5   0   1   2  0.17 0.19
  497 G    0 -2  1  0  1  0 -1  3  2 -1 -3 -1  0  0 -2  0 -1  2  0 -2    7   3   7   5   3   4   4  24   4   3   3   4   3   4   3   8   4   2   3   3  0.24 0.19
  498 V   -1  0  0  0  2  0  0 -1  2  0 -1  0  1  0 -3  0  0  3  1  0    5   5   5   5   5   5   5   5   5   5   5   5   5   5   0   5   5   5   5   5  0.06 0.10
  499 P   -1 -2  1 -1 -5 -1 -2  1  1 -2 -3 -2 -4 -5  5  2  0  2 -5 -2    5   2   8   3   0   2   2  10   4   3   3   2   0   0  32  15   5   2   0   2  0.61 0.45
  500 A    0  0  0 -1 -4  0  0  1  0 -1 -2  1  0 -1  4  1  0 -4  0 -1    7   4   4   4   0   3   5  11   2   3   3   8   3   2  18  10   4   0   4   4  0.20 0.19
  501 V    1 -3 -1 -2  0 -1 -1  0  0  1  0 -1  1  1 -1  0  0  3  2  1   12   0   2   2   2   3   3   6   2  10   6   2   5   6   3   8   6   4   9   9  0.09 0.13
  502 I    0 -3 -4 -5  1 -2 -4 -1 -4  2  3 -2  2  1 -2 -2 -1  1 -3  2    9   2   0   0   3   2   0   5   0  12  25   2   6   7   2   3   4   2   0  16  0.33 0.27
  503 G    3 -2 -1 -3  1 -1 -2  0 -4 -1 -2 -2 -1  3 -2  2  0  0  0  0   24   1   3   1   2   3   3   6   0   3   3   2   1  13   2  17   7   1   3   5  0.26 0.28
  504 A    4 -5 -2 -5 -1 -4 -5  0 -5  2 -1 -4  1 -4 -1  1  0 -5 -1  2   37   0   1   0   1   0   0   8   0  13   6   0   3   0   3   9   4   0   2  11  0.55 0.42
  505 W   -1 -3  0 -3  1  1 -1 -1 -2  1  0 -2  1  1  0 -1  0  3  1  2    5   0   5   0   3   7   4   4   0  11  10   0   4   8   5   4   4   4   5  17  0.11 0.15
  506 A    0 -3 -3 -4  1 -3 -3  2 -3  1  1 -1  2  1 -1 -1  0  2  0  1   10   0   0   0   4   0   0  18   0   8  16   4   6   7   4   5   4   4   4   8  0.16 0.18
  507 M    0 -2  1  1  3  1 -2  0 -2  1  0 -2  2  1 -3  0  1 -3 -2  0    8   0   8   8   8   8   0   8   0   8   8   0   8   8   0   8   8   0   0   8  0.08 0.13
  508 Y   -1 -3 -1 -4  0 -3 -1 -4 -2  0  1 -3  2  4 -4 -1 -1  2  5  0    3   0   3   0   3   0   4   0   0   5  12   0   8  22   0   5   4   3  22   5  0.45 0.29
  509 I    0 -3  0 -3  3 -2 -3  0 -2  0  0 -3  2  1  1  0  0  4  2  0    7   0   7   0   7   0   0   7   0   7   7   0   7   7   7   7   7   7   7   7  0.17 0.17
  510 F    0 -3 -3 -1  2 -3 -1  0 -3  2  1 -3  1  3 -3  0  0 -3  1  2    7   0   0   4   4   0   4   8   0  12  11   0   5  13   0   9   5   0   4  15  0.16 0.17
  511 Q   -1 -2  2 -1 -4  4  0 -1  2 -1 -2 -2  1  0 -1  0  0 -3  2  0    4   0  13   3   0  22   5   4   5   4   3   0   3   5   3   5   4   0  10   6  0.25 0.25
  512 S    0 -3  1  0  2 -2  0  0  2  0  0 -2  2  1 -3  0  0  4  1  0    6   0   6   6   6   0   6   6   6   6   6   0   6   6   0   6   6   6   6   6  0.12 0.16
  513 L    0 -4 -4  0  0 -4 -4 -2 -4  2  2 -4  1  3 -1 -2 -1 -3  1  1    9   0   0   5   2   0   0   4   0  15  20   0   2  16   4   2   3   0   5  12  0.31 0.26
  514 F   -1 -3 -1 -1  0 -1 -3 -2  0  3  2 -3  2  2 -1 -1 -1 -3  0  1    5   0   4   3   2   4   0   2   2  19  22   0   5  12   3   5   2   0   2   7  0.21 0.20
  515 N    0 -3  6  0 -1 -1 -1 -1  2 -2 -2 -1  1 -2 -2  1  0 -4 -1 -2    6   0  38   4   2   2   2   4   4   3   5   2   3   2   2   9   6   0   3   3  0.47 0.36
  516 L   -2 -4 -3  1  0 -1 -2 -1 -1  1  1 -4  0  6 -2 -1 -2 -2  2 -1    3   0   0   8   2   3   2   5   2   7  11   0   3  34   2   6   2   0   7   4  0.45 0.32
  517 V   -2 -4  0 -4 -3 -3 -4 -3 -3  1  1 -3  0  5  0 -2 -1  1  2  1    3   0   6   0   0   0   0   1   0  10  15   1   1  33   5   3   4   2   5  10  0.44 0.29
  518 V   -1 -4 -4 -4 -3 -3 -2 -2 -3  4  1 -3  2  0 -4 -2  1 -3  3  3    3   0   0   0   0   0   3   4   0  26  11   0   7   2   0   3   9   0  11  20  0.38 0.27
  519 T   -1 -3  1 -3  1 -1 -2  1 -1  0 -1 -1 -1  0  4 -1  0 -3  2  0    5   0  10   0   3   3   0  11   1   7   7   3   1   3  23   4   4   0   8   7  0.28 0.20
  520 S    1 -3  1  0 -3 -1  0  0 -3 -4 -4 -2 -3 -1  0  5  0 -4 -1 -2   10   0   5   4   0   3   5   7   0   0   1   0   0   3   5  46   4   0   2   3  0.49 0.36
  521 N    1 -2 -1 -2 -3 -2 -2  3 -3 -2 -3 -1  0  2 -2  1  1 -3  0 -2   15   2   3   1   0   1   1  29   0   2   0   4   2   9   1  13   8   0   3   2  0.30 0.23
  522 S    0 -3 -1 -1 -3 -1 -2 -2 -3  0 -2 -2  1 -3 -2  5  1 -3  2 -1    5   0   2   3   0   3   2   2   0   5   3   0   4   0   2  47   9   0   9   3  0.49 0.38
  523 G    1 -2 -1 -2 -3 -1 -3  4 -3 -3 -2 -2 -3 -1  0  0  0 -3  0 -1   12   2   3   2   0   3   1  39   0   0   5   0   0   3   5   8   6   0   4   5  0.41 0.26
  524 Q   -1  0 -1 -2  0  3  0 -2  1  0  1  2  1  0 -3 -1 -1 -3  0  0    3   2   2   0   2  17   6   3   3   7  15  17   3   4   0   3   3   0   2   6  0.14 0.18
  525 A    3 -3 -1 -3  2  0 -2  0 -2  0 -1 -2  1  0 -3  0  1  3  1  0   36   0   4   0   5   4   0   5   0   5   4   0   4   4   0   5   8   4   5   7  0.22 0.23
  526 A    1  0  0 -2 -2 -2 -2  1 -2  0  0 -1  1  0  0  0  0  2  1  0   16   7   4   0   0   0   0  12   0   6  10   0   5   4   5   7   4   4   6   7  0.08 0.11
  527 L    0 -3  0 -3  1 -3 -3 -2 -3  2  2 -3  1  1 -2 -1  0 -3  0  2    8   0   5   0   3   0   0   2   0  13  26   0   3   6   2   5   6   0   3  17  0.20 0.18
  528 T    0 -2  1 -1 -2  0 -2 -1 -2  1  1 -2  1  2  0  0  1  2  1  0    6   0   9   4   0   5   0   5   0   8  13   0   5  10   4   6   9   3   5   7  0.07 0.11
  529 M    0 -2  1  0  2 -1  0  0 -2  0  0 -2  1  1 -2  0  0 -2  1  0    7   0   7   7   7   0   7   7   0   7   7   0   7   7   0   7   7   0   7   7  0.05 0.10
  530 P    0 -1 -1  1 -2  1  1  0 -1 -1  0  0  1 -2  1  0  0 -2  1  0    8   0   0   8   0   7   8   8   0   0   8   8   7   0   8   8   8   0   7   8  0.08 0.11
  531 I    0 -3 -3 -4 -2 -3 -3 -2 -3  3  2 -3  1  1 -3  0  1 -2  2  2    6   0   0   0   0   0   0   3   0  24  19   0   4   6   0   7   8   0  10  11  0.28 0.21
  532 M    0  0  0  0 -3  0 -2  0 -2  0  0 -2  1  1  1  0  0  4  1  0    6   6   6   6   0   6   0   6   0   6   6   0   6   6   6   6   6   6   6   6  0.08 0.12
  533 A    1 -1  1 -2  2 -1 -1  1 -2  0 -1 -1  1 -1 -1  0  1  2  0  0   13   3   7   0   6   3   3  13   0   5   5   3   4   3   3   7  11   3   3   5  0.09 0.13
  534 P   -1 -3  0  1  0  0 -1 -2 -3 -2 -3 -1 -3 -4  6  0  0 -4 -1 -2    3   0   3   9   2   3   3   3   0   2   2   3   0   0  45   7   5   0   2   2  0.80 0.39
  535 L    0 -2  0 -1 -2  0 -1 -3 -2  2  2 -2  3  0 -3 -1  0 -2  0  1    6   0   4   4   0   4   4   0   0  15  23   0  11   4   0   5   4   0   4  10  0.14 0.13
  536 A    2 -2 -2 -3  2 -2 -2  1 -2  0  0 -2  1  1 -2  1  1 -2  1  0   24   0   0   0   5   0   0   9   0   5  11   0   4   9   0  13   9   0   5   5  0.15 0.15
  537 D    0 -2  0  6 -4  0  1 -1  0 -2 -3 -1  2 -4 -2 -1 -1 -5 -1 -2    8   1   3  41   0   5   8   4   2   2   3   4   5   0   2   4   4   0   2   2  0.57 0.37
  538 L    0 -2  0  0  0 -1 -1 -2  0  1  2 -1  2  1 -3 -1  0 -3  0  1    6   0   5   5   2   3   2   3   2  10  22   3   8   7   0   4   7   0   2   8  0.11 0.14
  539 V    0 -3 -1 -3  0 -1 -2 -2 -1  1  2 -2  1  0 -1  0  1 -3  0  2    7   0   2   0   2   2   2   2   2   9  24   2   4   3   3   6   8   0   3  17  0.15 0.17
  540 G   -1 -3  1  1 -4  1  0  4  1 -4 -3 -1 -1 -1 -1  0 -1 -4 -1 -4    4   0   8   7   0   5   6  38   4   0   3   4   2   3   3   6   4   0   2   0  0.46 0.33
  541 V   -2 -4 -4 -2 -3 -1 -4 -2 -1  4  2 -4  1  1 -1 -2 -1 -4  0  3    2   0   0   3   0   2   0   3   2  28  17   0   4   5   3   2   2   0   2  22  0.46 0.33
  542 S    0 -2  3 -1 -3 -1 -1  1  0 -2 -2 -2 -3 -2  1  2  3 -4 -1 -2    7   1  16   2   0   2   3   9   3   2   3   2   0   1   6  20  18   0   3   2  0.30 0.29
  543 R    0  5 -3 -2 -5  1 -2 -1 -1 -3 -3  1 -1 -5  3 -1 -2 -5 -1 -2    6  39   0   2   0   7   1   6   2   2   2   7   1   0  14   4   1   0   3   3  0.67 0.45
  544 Q   -1 -1 -1  0 -5  6  2 -2  0 -3 -3 -1 -1 -3  0  1  0 -1 -1 -3    5   2   2   5   0  39  11   3   2   1   2   2   1   1   5   9   5   1   2   1  0.63 0.48
  545 V   -1 -4 -2 -4 -1 -1 -1 -1 -2  3  2 -3  1 -2 -4  0  2 -4 -1  2    5   0   1   0   1   2   3   5   1  18  17   0   3   1   0   5  17   0   2  18  0.30 0.27
  546 A    2 -1 -1 -3  1 -1 -2 -1 -3  1  0 -2  2 -2 -1  1  2 -3  0  1   19   3   2   0   2   3   0   3   0   9   7   0   8   0   3   9  14   0   3  13  0.16 0.19
  547 V   -1 -2 -4 -4  3 -1 -4 -4 -4  2 -1 -3  1  0 -4 -1 -1 -4  0  5    5   3   0   0   7   4   0   0   0  13   4   0   3   3   0   3   3   0   4  47  0.60 0.39
  548 L    0 -1 -1 -2  0  0 -1 -3  0  1  2 -2  2  1 -3 -1  1  1  0  0    7   2   3   2   2   4   2   1   2   8  29   0   7   5   0   4  11   2   3   5  0.15 0.16
  549 A    5 -4 -4 -4  1 -3 -2 -1 -4  2 -1 -3  1 -4 -3  0  1 -4 -4  0   49   0   0   0   3   0   2   3   0  13   4   0   3   0   0   6   9   0   0   6  0.61 0.41
  550 Y   -3 -4 -2 -5 -1 -2 -3 -4 -3 -2 -1 -4  0  7 -5 -2 -2  2  6 -1    2   0   2   0   1   2   2   2   0   2   5   0   2  41   0   2   2   3  28   4  1.18 0.54
  551 Q   -1  0  0 -2  0  6 -1 -3  0  0 -1  0  1 -4 -2  0  0 -4 -3 -1    5   5   4   1   2  41   2   2   2   5   6   4   3   0   2   6   5   0   0   5  0.52 0.37
  552 L    0 -3 -3 -4  0 -3 -3 -3 -3  0  2 -3  2  4 -4  0  0  4  3  0    9   0   1   0   2   1   0   1   0   6  19   0   5  21   0   8   5   5  10   5  0.39 0.26
  553 G    2 -4 -3 -4 -1 -4 -3  6 -4 -3 -3 -4  1 -5 -3 -1 -2 -5 -5 -3   17   0   1   0   2   0   1  61   0   2   2   0   4   0   1   3   2   0   0   1  1.14 0.54
  554 S    0 -3  2  5  0  0  0 -1  1 -2 -3 -2 -1 -2 -3  0 -1 -1  2 -3    7   0   8  37   2   5   5   5   4   2   2   0   1   1   0   8   2   1   7   2  0.49 0.32
  555 G   -1 -4 -2 -3 -2 -2 -3  7 -3 -4 -5 -4 -5 -4 -5  0 -3 -5 -1 -4    5   1   2   1   1   2   2  73   1   1   1   0   0   1   0   6   1   0   2   1  1.44 0.63
  556 F   -2 -4 -5 -5 -2 -4 -5 -5 -4  2  3 -4  1  4 -4 -3 -1  3  1  1    3   0   0   0   1   0   0   0   0  14  35   0   3  22   1   1   4   5   3   8  0.68 0.37
  557 M    1 -4 -2 -4  0 -3 -3 -1 -4  2 -1 -3  4 -1 -2  2  3 -1 -3  2   10   0   1   0   2   0   0   3   0  10   2   0  13   2   1  16  23   1   0  13  0.41 0.35
  558 D   -2 -3  7  1 -2  0 -2 -1  0 -5 -1 -2  2 -4 -5  0 -2 -6 -3 -3    3   1  55   6   1   4   2   5   2   0   5   1   7   1   0   5   2   0   1   1  1.03 0.56
  559 A   -2 -4 -3 -5  2 -3 -4 -4 -2  2  3 -4  5  3 -1 -2 -2 -1  1  0    2   0   1   0   4   1   0   1   1  12  29   0  16  14   3   3   2   1   5   5  0.52 0.34
  560 F   -2 -5 -5 -6 -1 -5 -5 -4 -5  6  2 -5  1  3 -5 -4 -3  1 -2  2    2   0   0   0   1   0   0   1   0  46  14   0   2  14   0   1   1   2   1  14  0.92 0.47
  561 T    1 -4 -1 -4 -2 -2 -3 -3 -3  1  0 -4  1  1 -4  0  3  6  3  0   10   0   3   0   0   1   1   1   0   9   7   0   3   5   0   8  23  13  10   6  0.49 0.35
  562 P   -5 -7 -7 -6 -7 -4 -6 -7 -7 -7 -6 -6 -7 -3  9 -4 -6 -8 -2 -5    0   0   0   0   0   1   0   0   0   0   1   0   0   2  93   1   0   0   2   1  3.08 1.16
  563 V   -1 -5 -3 -5 -3 -4 -5 -4 -2 -2 -2 -4  0 -4 -2 -1  7  1 -3 -1    3   0   1   0   0   0   0   1   1   2   4   0   2   1   2   3  74   2   1   4  1.47 0.76
  564 S    0 -3  3 -1  0 -1 -2  0 -1 -3 -2 -3 -1 -3 -3  5 -1 -4 -1 -2    7   0  12   4   2   3   2   6   1   1   3   0   2   1   0  50   2   0   2   2  0.62 0.44
  565 A    2 -4 -2 -4 -2 -4 -4  5 -3 -1 -3 -4 -1 -1  0  0 -1 -5 -3 -1   19   0   1   0   1   0   1  48   1   4   2   0   2   3   6   5   3   0   0   5  0.75 0.42
  566 S    1 -3 -2 -3 -2 -3 -3 -2 -3  2  1 -3  0  0 -2  0  2 -1  1  3   13   0   1   0   0   0   1   3   0  13  12   0   2   4   1   5  14   1   6  21  0.24 0.22
  567 L   -2 -4 -3 -5 -2 -3 -5 -4 -5  1  4 -2  2  2 -4 -3  1 -4 -2  2    3   0   1   0   1   0   0   1   0   6  50   2   6   7   1   1   9   0   1  12  0.64 0.39
  568 I   -3 -5 -4 -6 -5 -4 -5 -4 -3  3  2 -5  8 -1 -1 -4 -3 -2 -2  1    1   0   1   0   0   0   0   1   1  13  18   0  46   2   4   1   1   1   1  10  1.26 0.64
  569 G    4 -4 -3 -4 -2 -3 -3  3 -4  1 -2 -3 -1 -3 -2 -1  0 -4 -3  0   41   0   0   0   0   0   1  26   0   9   4   0   1   1   2   4   4   0   1   5  0.59 0.38
  570 V    2 -4 -2 -3  3 -2 -3  3 -3  1 -2 -3  2  1 -3  0  0 -3 -1  1   17   0   1   0   7   1   1  22   0   7   2   0   6   6   1   7   7   0   2  12  0.27 0.24
  571 L   -4 -5 -6 -7  4 -5 -6 -6 -6  2  6 -6  0 -3 -6 -4 -2 -5 -4  0    1   0   0   0   8   0   0   0   0  11  71   0   1   0   0   1   2   0   0   4  1.30 0.61
  572 G    4 -4 -2 -3 -2  0  0  3 -3 -3 -4 -2 -1 -4 -4  2  0 -5 -4 -2   40   0   2   1   0   3   6  21   0   1   1   2   2   0   0  14   5   0   0   2  0.59 0.41
  573 V    0 -3 -5 -5 -3 -4 -4 -4 -4  4  2 -4  4  1 -3 -2 -1 -3  3  1    8   1   0   0   0   0   0   0   0  24  22   0  13   5   1   3   3   0  10  10  0.55 0.35
  574 A    5 -4 -3 -4  2 -3 -3  1 -4 -2  0 -3  0 -2 -3  1  0 -5 -3  0   49   0   0   0   5   0   1   8   0   1   8   0   2   2   1  11   6   0   1   6  0.59 0.42
  575 R   -2  2  3  1 -3  0 -1  3  1 -5 -5  4 -3 -5 -3 -2 -3 -5 -4 -3    2  12  13   8   0   3   3  27   3   0   0  25   0   0   0   1   0   0   0   1  0.62 0.38
  576 I   -2 -5 -6 -6 -1 -5 -5 -5 -6  6 -1 -4  1 -3 -3 -5 -2 -6 -4  5    2   0   0   0   1   0   0   1   0  41   4   1   3   1   2   0   2   0   0  42  1.16 0.55
  577 E   -2 -1  0  2 -5 -1  0  0 -3 -5 -4 -1 -5 -6  6  3 -1 -6 -5 -5    1   3   5  10   0   2   4   8   0   0   1   4   0   0  39  20   3   0   0   0  0.92 0.48
  578 W   -5 -6 -6 -7 -6 -5 -6 -7 -3  0 -1 -6  1  4 -7 -5 -3  6  8 -3    0   0   0   0   0   0   0   0   0   4   6   0   3  17   0   0   1  10  57   1  1.92 0.78
  579 A   -1 -1  1  2 -2  0  1  2 -2 -2 -3  1 -3 -1  0  0  1 -2 -2 -2    5   1   8  12   1   4   7  18   0   2   2  12   0   3   4   7  10   1   1   3  0.21 0.18
  580 K   -2  3 -1  1 -2  1  0 -3 -1 -3 -4  5 -3 -5 -4 -1  2 -5 -4 -2    2  19   2   7   1   7   5   1   2   1   1  34   0   0   0   4  12   0   0   3  0.60 0.39
  581 W   -6 -8 -9 -9 -3 -7 -8 -8 -6 -3 -3 -8 -6 -1 -9 -8 -7 13  4 -5    1   0   0   0   1   0   0   0   0   1   2   0   0   2   0   0   0  82  11   1  4.03 1.30
  582 A    0 -5 -5 -5 -3 -4 -4 -4 -4  2  3 -4  3  4 -5 -3 -2  3  1  2    7   0   0   0   0   0   0   0   0  13  31   0   7  16   0   1   1   4   5  15  0.61 0.35
  583 R   -2  5 -3 -4 -7 -2 -3 -4 -4 -6 -6  7 -5 -7 -4 -2 -4 -7 -5 -5    2  25   1   0   0   1   0   1   0   0   0  66   0   0   1   3   0   0   0   0  1.67 0.75
  584 F   -3 -4 -4 -6 -4 -4 -3 -4  0 -3 -3 -2 -2  7 -4 -4 -3  8  4 -2    2   1   1   0   0   1   2   1   2   1   1   3   1  50   1   1   1  18  11   2  1.56 0.66
  585 Q    0 -4 -4 -5 -1 -2 -4 -3 -4  4  0 -4  4  2 -4 -1  0 -2  1  3    9   0   0   0   1   1   0   1   0  25   6   0  11   8   0   5   7   0   4  20  0.45 0.30
  586 I    0 -4 -6 -6 -4 -5 -5 -1 -5  1  3 -5  3  1 -6 -3 -2  9  0 -1    9   0   0   0   0   0   0   6   0   7  24   0   7   6   0   1   3  30   2   4  1.10 0.51
  587 K   -4  0 -4 -5 -7 -4 -4 -4 -4 -3 -3  5 -4 -5  7 -4 -4 -2 -6 -5    0   4   0   0   0   0   0   1   0   1   2  35   0   0  52   0   0   1   0   1  1.69 0.74
  588 M   -4 -4 -6 -6 -2 -5 -5 -5 -4  2  5 -4  1  4 -2 -4 -3 -1  2 -1    1   1   0   0   1   0   0   1   0  11  52   1   2  16   2   1   1   1   7   3  0.87 0.45
  589 Q   -1 -4 -4 -4 -2  1 -3 -4 -2  2  2 -4  3  4 -5 -2  0  2  1  2    4   0   0   1   1   8   0   0   1   9  20   0   9  21   0   2   5   2   3  13  0.45 0.30
  590 G    1 -4 -4 -5  0 -4 -4  2 -5  3  3 -4  1  0 -4 -2 -2 -2 -3  2   12   0   0   0   2   0   0  14   0  15  32   0   2   3   0   1   1   0   0  15  0.44 0.30
  591 F    0 -3 -4 -5 -1 -2 -4 -1 -4  4  1 -2  2  0 -2 -2 -1  1 -1  2    8   0   0   0   1   1   0   5   0  34  14   3   4   4   1   3   3   2   1  14  0.40 0.27
  592 L   -3 -5 -3 -5 -1 -1 -3 -5 -4  2  3 -5  3  2 -5 -4 -2  7  0  0    1   0   1   0   1   4   2   0   0  10  35   0   9   9   0   0   2  16   2   7  0.78 0.41
  593 F    0 -4 -3 -4 -1 -3 -4 -2 -3  2  2 -4  2  4 -4 -1  1  2  2  1    8   0   0   0   1   0   0   4   0  11  20   0   4  21   0   4   9   3   6   9  0.36 0.25
  594 V    1 -4 -5 -5 -2 -4 -5  0 -5  4  2 -4 -1 -1 -4 -3 -1 -5 -3  4   14   0   0   0   1   0   0   7   0  22  19   0   1   2   0   1   3   0   0  30  0.57 0.35
  595 L    0 -4 -4 -5 -2 -4 -4 -4 -5  4  2 -4  2  1 -3 -3 -1 -1 -2  3    9   0   0   0   1   0   1   1   0  25  22   0   5   6   1   1   4   1   0  23  0.54 0.32
  596 G    2 -3  0 -3  3  0 -2  3 -3  0 -2 -3 -2 -2 -3  2  1  1 -3 -1   21   0   3   0   6   5   1  23   0   6   2   0   1   1   0  19   7   2   0   3  0.37 0.29
  597 T    1 -4 -4 -5  4 -4 -4 -2 -4  3  1 -4  3  2 -4  0 -1  2 -2  1   15   0   0   0   9   0   0   3   0  17  15   0   9   9   0   8   2   3   1  10  0.37 0.27
  598 I    2 -4 -5 -5 -1 -4 -5  0 -5  4  1 -4 -1 -1 -4 -2 -1 -5 -4  4   17   0   0   0   1   0   0   8   0  29  12   0   1   1   0   1   3   0   0  26  0.58 0.36
  599 F    1 -4 -4 -5 -2 -3 -4 -2 -4  2  2 -4  2  4 -4 -1 -1  0 -1  1   13   0   0   0   1   1   0   3   0  12  24   0   6  23   0   4   3   1   1   9  0.47 0.30
  600 I   -2 -5 -6 -6 -1 -5 -5 -6 -5  4  4 -5  2 -1 -5 -3 -1 -5 -4  2    2   0   0   0   1   0   0   0   0  22  49   0   5   2   0   1   3   0   0  15  0.90 0.44
  601 M    1 -4 -3 -4 -1 -3 -4 -1 -4  3  1 -3  3  1 -4  0  1  1  0  2   12   0   0   0   1   0   0   4   0  18  12   0   8   6   0   6   9   2   4  16  0.28 0.23
  602 I   -1 -5 -5 -5 -4 -5 -5 -2 -5  5  2 -5 -1  1 -2 -4 -2 -2 -1  3    5   0   0   0   0   0   0   4   0  42  15   0   0   7   2   0   1   1   1  21  0.74 0.39
  603 A    5 -4 -3 -4  0 -2 -3  2 -4 -3 -1 -4  0 -2 -2  1 -2  1 -3 -2   57   0   1   0   2   2   0  15   0   1   5   0   2   2   1   7   1   2   1   1  0.78 0.47
  604 I    0 -3  0 -3 -3  2 -2 -2  0  1  0 -3  2 -2 -2 -1  1 -4  0  3    6   0   4   1   0  12   1   2   2   9   5   0   7   0   1   4  11   0   4  29  0.27 0.26
  605 A    2 -3 -2 -4 -3 -1 -3 -2 -2  0  2 -2  3  1 -4 -1  0  2  2  0   18   1   1   0   0   3   0   3   0   4  23   2  11   5   0   5   5   2   8   7  0.24 0.22
  606 I   -3 -5 -6 -6 -4 -5 -6 -6 -6  6  2 -5  3  0 -6 -3  0 -5 -3  2    1   0   0   0   0   0   0   0   0  56  14   0   8   4   0   1   5   0   1  10  1.13 0.51
  607 G   -2 -2  4 -3 -6  0 -3  6  0 -6 -6 -1 -5 -6 -4 -2 -4 -6 -5 -6    1   1  23   0   0   4   1  62   2   0   0   3   0   0   0   1   0   0   0   0  1.37 0.55
  608 L   -5 -5 -6 -7 -5 -5 -6 -6 -3  1  2 -5  0  0 -6 -5 -5  7  8 -1    0   0   0   0   0   0   0   0   0   7  22   0   2   1   0   0   0  15  51   3  1.61 0.60
  609 Q   -2  1  4 -1 -4  5  1 -3 -1 -4 -4  1 -3 -4 -3  3 -1 -4 -3 -4    0   7  21   0   0  35   4   0   0   0   0   9   0   0   0  24   0   0   0   0  0.68 0.27

                      K         Lambda
Standard Ungapped    0.1393     0.3240
Standard Gapped      0.0410     0.2670
PSI Ungapped         0.1145     0.3177
PSI Gapped           0.0351     0.2670
