
Last position-specific scoring matrix computed, weighted observed percentages rounded down, information per position, and relative weight of gapless real matches to pseudocounts
           A  R  N  D  C  Q  E  G  H  I  L  K  M  F  P  S  T  W  Y  V   A   R   N   D   C   Q   E   G   H   I   L   K   M   F   P   S   T   W   Y   V
    1 M   -2 -3 -4 -5 -3 -2 -4 -5 -3  4  1 -3  8 -1 -4 -3 -2 -3 -3  0    0   0   0   0   0   0   0   0   0  33   0   0  67   0   0   0   0   0   0   0  1.18 0.31
    2 K    0  2  3 -1 -3  0  0  1 -1 -3 -2  3 -2 -3 -2  1  0 -4 -3 -3    7  10  21   0   0   0   6   9   0   0   4  25   0   0   0  11   6   0   0   0  0.31 0.13
    3 E   -3 -1  3 -1 -5  2  5 -3 -2 -5 -4  3 -3 -5  1 -2 -2 -5 -4 -4    0   0  18   0   0   9  44   0   0   0   0  22   0   0   7   0   0   0   0   0  0.83 0.31
    4 I   -3 -5 -1 -5 -3 -5 -5 -5 -5  7  1 -5 -1  0 -5 -4 -3  3 -3  2    0   0   4   0   0   0   0   0   0  77   6   0   0   3   0   0   0   4   0   6  1.20 0.41
    5 V   -2 -1 -1 -3 -3 -2 -2 -4 -3  3  0  3 -1 -1 -3  0  1 -4 -3  3    0   0   2   0   0   0   0   0   0  18   6  31   0   3   0   7  10   0   0  23  0.36 0.24
    6 D   -3 -2  4  5 -5 -2  1 -2 -2 -4 -3  1  0 -4  1  1 -2 -5 -2 -4    0   0  24  34   0   0   6   2   0   0   2  11   4   0   8   9   0   0   1   0  0.69 0.33
    7 L    0 -2 -2 -4 -3 -2 -4 -4 -3  2  3 -3  5  0 -2 -3  0 -3  1  1    6   2   2   0   0   1   0   0   0  12  31   0  23   3   2   0   5   0   4   8  0.51 0.29
    8 E    0  1  4  0 -4  1  2  0 -2 -2 -3  2 -3 -4 -3  1  1 -4 -3 -2    6   6  21   2   0   4  13   6   0   2   1  18   0   0   0  11   7   0   0   2  0.35 0.23
    9 N   -1  0  3  2 -4  1  1  2  0 -4 -4  1 -3 -4 -3  1  1 -4 -2 -3    4   4  20  12   0   5   7  14   3   0   0  11   0   0   0   8  10   0   1   1  0.36 0.22
   10 K   -2  3  2 -2 -5 -1 -1 -1 -3 -3 -3  5  0 -5 -4  0  0 -5 -4 -4    2  16   9   1   0   0   3   3   0   1   2  46   2   0   0   8   7   0   0   0  0.75 0.42
   11 R   -2  4 -1 -2 -5  1 -1 -4 -1 -1 -2  5 -2 -4 -2 -1  1 -5 -1 -4    1  20   2   1   0   6   2   0   1   4   5  42   1   0   2   3   7   0   3   0  0.68 0.40
   12 V   -1  1  0 -1 -3  1  1 -2  0  1 -2  2 -2 -1 -3  1  1 -4 -2  1    4   8   3   2   0   7   8   1   3   8   1  19   0   3   0  10   9   0   0  13  0.18 0.18
   13 T   -2  1  1 -1 -4  2  0 -3 -2 -2 -2  3 -3 -2 -3  1  2 -4  0  0    1   6   8   3   0  12   5   0   0   1   3  23   0   1   0  10  17   0   4   6  0.35 0.29
   14 R    0  2 -1 -2 -3 -1 -1 -4 -3  1 -1  2  0 -3  0 -1  3 -4 -2  2    5  15   3   1   0   2   2   0   0   9   5  13   2   0   4   3  19   0   1  16  0.26 0.24
   15 L   -1  0 -4 -4 -3 -3 -4 -3 -4  2  3 -1 -1 -1 -4 -2  1 -4 -1  3    4   5   0   0   0   0   0   1   0  14  26   4   0   3   0   2  11   0   1  29  0.45 0.29
   16 Y   -1 -1 -1 -4 -4 -3  0 -2 -1 -1  0  0 -1  3 -4 -2  0 -2  6  0    4   3   3   0   0   0   8   3   1   3   9   7   1  10   0   2   5   0  34   5  0.53 0.33
   17 S   -1  2  1  0 -4  1  2 -1  1 -2 -3  2 -1 -4 -2  1  2 -4 -3 -2    2  15   6   4   0   8  12   5   4   1   1  11   1   0   1  14  12   0   0   3  0.28 0.22
   18 K   -1  2  0 -1 -4  2  1  0  2  0 -2  2 -2 -3 -3  0  1 -4  0 -1    2  10   2   2   0  10  11   9   7   6   2  15   0   0   0   7   9   0   4   4  0.21 0.19
   19 V   -3  1  0  0 -4  1  3 -2 -3  0 -3  0 -2 -3 -4 -1  3 -5 -4  2    0   7   5   4   0   5  26   3   0   6   1   5   1   1   0   3  18   0   0  15  0.36 0.30
   20 E   -3  2  2 -2 -4  1  1 -3  0  0 -2  3 -1 -4 -4 -1  3 -4 -1  0    0   9  12   1   0   6  10   1   2   7   2  19   1   0   0   3  19   0   3   6  0.34 0.29
   21 E    0  0  2  0 -4  0  3 -1 -1  0 -3  0 -1 -4 -3  0  3 -4 -1 -2    6   5   9   4   0   3  24   3   1   6   1   5   1   0   0   6  20   0   3   2  0.32 0.27
   22 K   -1 -1  1 -2 -3  0 -1 -3  0  2  1 -1 -1  0 -3  0  1 -1  0  2    3   2   9   1   0   4   4   0   2  13  14   4   1   4   0   6  12   1   4  17  0.15 0.17
   23 V   -3 -4 -5 -5 -4 -2 -3 -6 -5  4  1 -1  1  0 -2 -4  0 -5 -2  5    1   1   0   0   0   1   1   0   0  23  10   5   3   3   2   0   7   0   1  43  0.80 0.44
   24 N   -5 -5  5  7 -7 -4 -1 -5 -2 -1 -4 -2 -6 -7 -5 -2 -3 -7 -6 -3    0   0  25  58   0   0   2   0   1   4   2   2   0   0   0   3   1   0   0   2  1.62 0.72
   25 N   -1  0  3  0 -2  1  1 -1  2 -2 -1  0  0  0  1  0  0 -3  0 -2    3   5  17   3   1   8   8   4   6   2   7   6   3   4   7   5   7   0   3   2  0.14 0.15
   26 T   -2  0  2  2 -4  2  4 -3 -2 -1 -1  1 -1 -3 -4 -1  2 -5 -4 -1    2   3  10   9   0   8  27   1   0   5   6   8   1   1   0   4  12   0   0   4  0.38 0.29
   27 T   -4 -4 -1 -1 -5 -3 -3 -3 -3 -4 -5 -2 -4 -5 -5  0  7 -6 -3 -4    0   0   2   3   0   1   1   2   1   0   0   2   0   0   0   7  77   0   1   0  1.74 0.79
   28 G   -4 -6 -4 -3 -6 -6 -6  7 -3 -7 -5 -5 -6 -7 -6 -3 -3 -6 -7 -4    0   0   0   1   0   0   0  91   1   0   1   0   0   0   0   1   2   0   0   1  2.33 0.89
   29 E   -4 -4  0 -2 -7  0  7 -5 -4 -5 -7 -2 -6 -7 -5 -4 -5 -7 -6 -3    1   0   4   1   0   3  85   1   0   1   0   1   0   0   0   1   0   0   0   3  2.11 0.93
   30 I   -3 -5 -4 -3 -4 -5 -1 -6 -6  5  0 -2  1 -4 -3 -4 -3 -5 -2  5    1   0   1   2   0   0   4   0   0  33   6   2   3   0   1   1   1   0   2  44  1.06 0.53
   31 T   -3 -2 -1 -2 -4  1  0 -5 -2  4  1  1 -1 -1 -4 -2  2 -5 -3  1    1   1   2   2   0   7   7   0   1  26  15  11   1   2   0   2  15   0   0  10  0.36 0.30
   32 T    0  1  1  2 -4  1  2  0 -1 -3 -3  1 -3 -2  0  1  0 -4 -1 -1    6   6   6  10   0   8  16   5   1   0   1   9   0   1   4  13   7   0   2   5  0.22 0.19
   33 I   -1 -1 -2  0 -4  2  1 -1 -2 -1 -3  2 -2 -3 -3  2  2 -4 -1  1    3   2   0   5   0  11  11   5   0   4   1  12   1   1   0  16  16   0   2  11  0.26 0.27
   34 V   -1  0  1 -1 -4  1  3 -2  1 -2 -2  1 -3 -3 -3  1  0 -4  0  1    3   6   8   2   0   7  24   2   4   2   3   7   0   1   0  10   6   0   3  11  0.27 0.24
   35 S    0  1  1  0 -3  1  2 -2  1 -1 -1  2 -1 -1 -2  1  1 -4 -2 -1    7   8   8   3   0   5  16   3   3   3   4  12   2   4   1   8  10   0   0   3  0.16 0.16
   36 S   -1 -1  0  0 -2 -1  0 -3  0  2  0  0  1 -2 -3  0  2 -4 -3  2    4   3   5   5   0   2   7   1   2  16   6   7   3   1   0   7  13   0   0  18  0.16 0.17
   37 F   -1  0  0 -1 -3  0  0 -1  0  1  0  1 -1  1 -1 -1  1 -1  1  1    3   4   6   2   0   5   4   3   3  10   7  12   1   6   2   3  11   1   5  13  0.06 0.10
   38 L   -1 -1 -2 -3  1 -1 -1 -4 -4  3  0 -1  1  0 -4  0  1 -4  0  3    3   4   2   1   3   2   5   0   0  17   6   3   3   4   0   6  10   0   4  27  0.31 0.25
   39 Q   -1  1 -1 -2 -3  0  0 -3 -2  1 -1  2 -1  1 -1  0  1 -3  1  1    3   7   3   2   0   5   5   1   0   8   5  15   1   7   2   8   8   0   7  13  0.11 0.15
   40 K   -1  4 -1 -4 -5  1 -1 -3  0 -5 -2  5 -4 -4 -1 -1 -2 -3 -2 -2    5  19   3   0   0   5   3   2   2   0   4  44   0   1   3   4   2   0   1   3  0.77 0.45
   41 E    0  0 -1 -2 -1 -1  1 -2 -1  0  0  0 -1  1 -2 -1  0  0  1  2    9   4   2   2   1   1  13   2   2   5   6   7   1   6   2   2   7   2   5  23  0.11 0.16
   42 K    0  1 -2  1 -4  1  2 -1 -3 -2 -3  3 -1 -4  3  0 -1 -5 -4  0    6   6   1   8   0   5  12   4   0   3   1  21   1   1  13   8   2   0   0   9  0.33 0.26
   43 T    0  0  0  2 -4  2 -1 -1 -1 -3 -2  3 -2 -2 -1  2  1 -4 -1 -2    6   5   5  13   0   8   2   3   1   1   2  19   1   2   3  15  10   0   2   3  0.25 0.22
   44 K   -2  3 -2  0 -5  0  4 -1 -3 -4 -5  3 -4 -5  0 -1  1 -5 -4 -4    2  15   1   5   0   3  32   5   0   1   0  19   0   0   4   4   8   0   0   0  0.64 0.40
   45 D   -2 -2 -2  4 -6 -1  3 -2 -2 -6 -4  0 -5 -6  6 -1 -3 -6 -5 -5    3   2   2  20   0   3  18   3   1   0   2   5   0   0  37   4   1   0   0   0  1.04 0.52
   46 D   -2 -1  1  4 -5  1  3  0  2 -5 -5  0 -4 -5  2 -1 -2 -5 -4 -5    3   3   7  25   0   6  20   8   5   0   1   6   0   0  10   4   2   0   0   0  0.57 0.34
   47 F   -7 -7 -7 -8 -7 -3 -7 -8 -1 -5 -3 -7 -5  8 -8 -7 -7  3  6 -6    0   0   0   0   0   2   0   0   1   0   1   0   0  69   0   0   0   3  24   0  2.60 0.97
   48 I   -2 -5 -3 -3 -2 -3 -3 -6 -1  5 -1 -5  1  2 -6 -3 -2  0 -1  5    3   0   1   1   1   1   1   0   1  30   3   0   3   7   0   2   1   1   2  39  0.89 0.47
   49 K   -5 -1 -3 -5 -7  0 -3 -6 -1 -2 -1  7  5 -4 -5 -3 -4 -7 -5 -5    0   1   1   0   0   4   1   0   2   2   7  64  15   1   0   1   1   0   0   0  1.56 0.76
   50 L   -1 -5 -3 -6 -4 -5 -4 -3 -2  3  4 -5  4  1 -5 -3 -3 -5 -2  3    5   0   1   0   0   0   1   2   1  13  41   0  10   5   0   2   1   0   1  19  0.75 0.41
   51 F   -6 -7 -4 -5 -7 -7 -7 -8 -4 -5 -2 -7 -1  7 -8 -4 -6  2  8 -6    0   0   1   1   0   0   0   0   0   0   3   0   1  42   0   1   0   3  49   0  2.39 0.94
   52 V    0 -3 -4 -5 -4  1 -4 -4 -1  2  2 -2 -2 -2 -2 -2  2  0  1  3    6   1   0   0   0   6   0   1   2  14  23   2   0   0   2   1  17   1   4  19  0.41 0.32
   53 E   -1  0  0  5 -6  2  4 -1 -1 -6 -4  0 -2 -6 -4 -1 -1 -6 -5 -5    5   4   4  30   0  11  24   5   1   0   1   6   1   0   0   5   4   0   0   0  0.72 0.43
   54 N   -1 -4  5  4  0 -2 -1  1  2 -3 -5 -2 -1 -6 -3  0  1 -6 -5 -5    5   0  34  22   2   1   3   9   4   1   0   2   2   0   1   5   8   0   0   0  0.80 0.46
   55 I   -2 -2 -4 -6 -1 -5 -6 -4 -5  5  4 -5  3  2 -6 -5 -3 -4 -1  1    3   2   1   0   1   0   0   1   0  30  35   0   8   7   0   0   1   0   2   8  0.87 0.44
   56 N    1 -2  0  1  2  0  0  1  0 -2  0  0 -1 -1  0  1  0  1 -2 -1   14   1   5   8   5   3   8  10   2   1  10   5   1   2   4   9   6   2   0   5  0.07 0.09
   57 Y    0  0 -1 -2 -1  0 -1 -2  2 -1  0  0  1  2 -2  0  0 -2  3 -1    8   7   2   2   1   5   3   2   5   2  10   5   5  10   2   6   6   0  14   5  0.13 0.15
   58 L   -1 -5 -6 -6 -4 -5 -3 -4 -5  3  5 -5  1  2 -5 -5 -4  0 -2  2    4   0   0   0   0   0   2   1   0  17  51   0   2   7   0   0   0   1   1  11  0.92 0.46
   59 T    1 -1 -1 -2 -1 -1 -1 -1  0  0  1 -1  1  1 -2  0  1 -2  2  1   14   2   3   1   1   2   2   5   2   7  12   4   4   8   1   7   8   0   7  10  0.07 0.09
   60 D   -1  0  3  2 -3  0  0  2 -1 -2 -2  2 -2  0 -1  0 -1 -3 -2 -3    2   4  14  14   0   3   5  14   1   2   3  15   0   5   2   7   4   0   1   1  0.24 0.17
   61 N   -1  0  4  2 -1  0  1 -1 -1 -1 -1  1  0 -2 -3 -1 -1 -4 -2 -2    3   5  23  14   1   3  11   4   1   4   8   8   2   1   0   2   3   0   1   2  0.29 0.22
   62 L   -2 -3 -3 -4 -4 -2 -5 -6 -5  3  5 -4  1 -2 -3 -3 -3 -5 -4  0    2   1   2   1   0   2   0   0   0  13  64   1   3   1   2   2   1   0   0   5  1.03 0.52
   63 S   -3 -2  0  1 -1 -1 -1  1 -2 -4 -4  1 -4 -5  3  3  3 -5 -4 -4    0   2   4   7   1   2   4   9   1   1   1   9   0   0  15  28  17   0   0   0  0.53 0.39
   64 N   -1 -1  4  0 -5  1 -2  2  0 -3 -4  3 -2 -5  1  0 -3 -5 -4 -2    5   2  20   5   0   5   2  18   2   1   1  23   1   0   6   6   1   0   0   3  0.50 0.35
   65 S    2  0  1 -2 -3 -1  0  1  0 -1 -3  0  0 -3 -1  3  1  0 -1 -1   18   4   6   1   0   2   5   9   3   4   1   4   2   1   3  23   9   1   3   3  0.23 0.23
   66 A    2 -3 -2 -2  0  1  3 -1  0 -1 -1  0 -2 -4  0  1  1 -4 -2 -2   16   0   1   1   3   7  26   4   2   3   7   5   1   0   3   8   9   0   2   2  0.28 0.27
   67 L   -1  1  1 -2 -2  0 -1 -1  0  1  0  1  2  1 -3  1 -1 -1  1 -2    4   7   8   1   1   5   2   4   2  12  11   9   6   6   0  13   3   1   4   0  0.09 0.14
   68 R   -1  2  1  0 -4  0 -1 -2 -3 -2 -3  4  0 -4  0  1  0  0 -3 -1    3  11   7   5   0   4   2   3   0   2   1  30   3   0   5   9   6   2   1   5  0.36 0.28
   69 V   -1 -5 -6 -6 -4 -5 -6 -6 -6  4  2 -5  1  1 -6 -3 -1 -5 -1  5    4   0   0   0   0   0   0   0   0  21  21   0   2   6   0   1   4   0   2  40  0.93 0.46
   70 M   -2 -6 -7 -7  0 -6 -6 -7 -6  0  5 -6  2  4 -6 -3 -5 -5 -2  0    3   0   0   0   2   0   0   0   0   4  61   0   5  17   0   2   0   0   1   6  1.23 0.57
   71 L   -1 -4 -1 -2 -2  1 -2 -3  1  1  2 -3  2  4 -4 -1 -1  4  2 -1    5   0   3   1   1   7   2   1   3   8  20   0   6  17   0   6   3   6   7   3  0.32 0.24
   72 M    2 -1 -2 -3 -1  0  2 -2 -1  1  0 -1  0  0 -4 -1 -2  3  3  1   17   4   2   0   1   5  14   2   1   8   7   3   2   4   0   4   1   4  13   9  0.20 0.21
   73 M   -3 -6 -6 -7  2 -5 -6 -7 -6  4  4 -6  3  0 -6 -3 -3 -5 -4  1    2   0   0   0   5   0   0   0   0  26  46   0   7   4   0   2   1   0   0   7  1.07 0.50
   74 F   -1 -5 -5 -6  2  0 -5 -3 -5  3  4 -5  3  0 -5 -1 -2  0 -4  0    4   0   0   0   5   4   0   2   0  14  49   0   7   3   0   5   2   1   0   4  0.76 0.43
   75 R    0  2  0 -1 -4  1 -1 -2  2 -3 -3  4  2 -2 -2  1 -1 -5 -1 -3    7   8   4   3   0   6   3   2   5   1   1  34   6   1   1  12   3   0   2   1  0.47 0.34
   76 N   -1  2  2 -1 -4  2  0 -2  0 -1  0  1  0  0 -3  0  0  0  2 -1    3  12  11   2   0  10   6   2   1   4   7  11   3   5   0   5   4   1   9   3  0.17 0.17
   77 L    0 -2 -4 -5  0 -4 -4 -1 -4  2  2 -2  6 -1 -4 -2 -1 -4 -3  2    9   2   0   0   2   0   0   5   0  12  17   2  28   2   0   2   4   0   0  13  0.62 0.38
   78 N   -3 -2  4  3 -5  1  0  1 -1 -3 -4 -1  0 -2 -2 -1  2 -5 -1 -4    1   1  26  20   0   6   4  10   1   2   0   3   2   2   2   4  13   0   2   0  0.54 0.35
   79 Y   -3  0  1 -2 -5 -4 -3 -4  2 -4 -3 -2 -2  3 -2 -1 -2  4  7 -3    2   4   7   3   0   0   1   1   5   0   2   2   1   9   2   4   3   6  45   1  1.10 0.53
   80 Q    0  0  2  2 -4  2  2  1 -1 -3 -3  2 -3 -3 -3  0  0 -4 -2 -2    9   3  10  13   0   9  12   9   1   1   2  14   0   1   0   6   6   0   2   2  0.27 0.22
   81 N   -5  0  7  2  0  0 -4  1  0 -7 -7 -4 -6 -7 -3 -1 -4 -7 -6 -7    0   6  61  11   2   4   0  10   2   0   0   0   0   0   2   3   0   0   0   0  1.58 0.73
   82 I   -2 -1 -2 -3  1  1  1 -3 -1  3  1 -2  1  0 -4 -2 -1  1  2  2    2   3   1   0   3   6  13   2   1  19  10   2   3   3   0   3   4   2   7  17  0.22 0.21
   83 F   -2 -5 -6 -6 -4 -5 -5 -6 -5  5  0 -5  1  3 -5 -3 -3  1  0  4    2   0   0   0   0   0   0   0   0  34   7   0   3  12   0   2   0   2   3  34  1.02 0.49
   84 H   -1  0 -1 -1 -3  0 -1 -1  0  1  0  0  1  1  0 -1  0  0  2  1    4   5   3   3   0   3   2   4   3  12  10   5   4   5   4   4   6   1  10  12  0.05 0.08
   85 Y   -1 -1 -1 -1 -3 -3 -4 -4 -4  3  3 -2  1  1 -4 -2 -2 -4  0  1    5   4   4   5   0   0   0   0   0  21  32   2   3   6   0   3   1   0   3  10  0.40 0.27
   86 N   -1 -3  5  3 -4 -2 -2  0 -2 -3 -4 -3  0  0 -2  2  1 -5 -2 -2    3   0  33  15   0   1   2   6   1   1   0   0   3   4   2  14  11   0   2   2  0.63 0.41
   87 S    0 -1  0 -1 -4  1 -1 -1  0 -3 -1  2 -1 -2  1  3  1  2 -3 -2    9   1   3   2   0   8   2   3   2   0   5  16   1   1   6  27   8   3   0   3  0.30 0.29
   88 D    0  0  1  1 -3  0  0  0  0 -1 -2 -1  0  0  0  1  1 -2  1 -1    8   5   6  11   0   2   7   7   1   4   3   2   3   5   5  10  11   0   6   4  0.08 0.10
   89 F   -1 -2 -1 -1 -3 -2 -2 -3  0  2  1 -1  2  3 -3 -1  1 -2  1  1    4   2   2   5   0   0   2   1   3  13  14   4   6  18   0   4  10   0   4   8  0.19 0.17
   90 V   -2  4 -1 -2  1  0 -1 -2 -1 -1 -2  5 -1 -4 -3 -3 -2 -1 -3 -1    3  26   2   2   4   3   3   2   1   4   4  34   1   0   1   1   2   1   0   5  0.61 0.37
   91 S   -1  2  0  0 -4  1  1  0 -1 -4 -2  4 -3 -5 -3  1 -1 -5 -4 -2    3  12   4   5   0   7   8   6   1   0   4  33   0   0   0  13   2   0   0   3  0.48 0.34
   92 Y   -1  2  0  2 -1  1  2 -2 -2 -1 -1  1  0 -2 -3  0  0 -3  1 -2    4  12   4  12   1   6  18   2   0   3   7   8   2   2   0   7   5   0   5   2  0.19 0.18
   93 F   -2 -5 -1 -5  1 -2 -5 -6 -5  6  2 -5  3  3 -5 -4 -2 -4 -1  1    2   0   3   0   3   2   0   0   0  47  15   0   7  11   0   0   2   0   2   6  0.92 0.49
   94 T    3 -2 -3 -3  3  1  0  1 -3  0 -1 -1  1 -4 -3  1  1 -4  0 -1   32   2   0   0   7   6   5   9   0   5   4   4   4   0   0  10   9   0   3   2  0.31 0.30
   95 S    0  0  1  1 -4  1  3  0 -1 -1 -3  2 -1 -4 -1  0 -1  0 -2 -1    9   4   5   6   0   6  24   7   1   3   2  14   1   0   2   8   3   1   1   4  0.25 0.23
   96 K    1  1  1  1 -4  1  2 -2 -1 -1 -2  2 -2 -3 -2  0  0 -4  0 -3   13   8   6   8   0   4  14   2   1   3   5  18   1   0   1   8   4   0   4   0  0.23 0.22
   97 K   -1 -2 -2 -4  3 -3 -4 -1 -4  1  3  0  1 -1 -4  0  1 -4  0  0    4   1   2   0   7   0   0   4   0   7  37   8   2   1   0   6  10   0   4   6  0.34 0.30
   98 I   -1 -3  3  1 -4 -2  0  4  0 -1 -3  1 -4 -4 -2 -1 -2 -5 -2 -2    3   0  17   8   0   1   6  37   2   5   2   9   0   0   1   5   1   0   2   3  0.54 0.35
   99 L   -3 -4 -5 -5  0 -4 -3 -5 -4  4  2 -1  5 -1 -4 -3 -1  0  0  2    0   0   0   0   2   0   1   0   0  30  22   4  16   2   0   1   3   1   3  12  0.71 0.40
  100 G   -1 -2  2 -3 -4  0 -1  0  1 -5 -5  3 -4 -5 -2  4  1 -5 -4 -3    4   1  10   0   0   4   3   8   3   0   0  16   0   0   1  39   7   0   0   2  0.62 0.45
  101 K   -2  2 -1  0 -2  1  2 -3 -1  0 -2  3 -1 -2  1 -1 -1 -4  1  0    2  13   2   6   1   7  12   1   1   6   3  22   2   1   6   3   4   0   5   6  0.25 0.24
  102 S    1  0  1 -2 -4  3 -1  1 -1 -4 -3  1 -2 -4  1  3  0 -4 -4 -3   14   4   8   1   0  15   2  10   2   0   1   7   1   0   6  24   4   0   0   1  0.37 0.30
  103 S    0  0  2 -2 -3  0 -3 -2  1 -3 -3 -1  0 -3 -2  2  4 -4 -2 -1    7   5  11   1   0   4   0   2   4   1   2   2   3   1   1  18  33   0   1   4  0.47 0.36
  104 V   -3 -4 -5 -5 -3 -4 -3 -5 -4  4  2 -4  1  3 -3 -3 -2 -4  0  4    1   0   0   0   0   0   2   0   0  25  14   0   3  12   1   1   2   0   3  33  0.74 0.39
  105 Y   -1  1  3  1 -1 -1  0 -2 -1 -3 -2  0 -3 -2 -3  2  1 -3  4 -3    5   8  13   7   1   2   5   2   1   1   3   4   0   1   0  21   8   0  15   1  0.31 0.28
  106 R   -3  5  5 -3 -5  0 -2 -4  0 -4 -3  3 -1 -5 -3 -3 -2 -5 -3 -3    2  29  30   0   0   3   2   0   2   1   2  21   2   0   1   0   2   0   1   2  0.93 0.52
  107 A    4 -2  0 -4  2 -1 -3  1 -1 -1 -2 -3 -3 -3 -3  1 -1 -4  2 -1   43   2   4   0   4   2   0  12   1   4   3   1   0   0   0  10   3   0   7   3  0.47 0.36
  108 I   -4 -2 -5 -6 -4 -5 -5 -6 -5  5  4 -5  2  1 -5 -5 -3  1 -2  1    0   2   0   0   0   0   0   0   0  37  38   0   4   7   0   0   0   2   1   7  0.98 0.48
  109 K    0  1  3 -1 -2  1 -1 -3 -3 -4 -3  4 -3 -4 -1  1  1 -4 -1 -2    7   7  13   3   1   6   1   1   0   0   1  30   0   0   2  12  11   0   2   2  0.45 0.33
  110 E    1 -1  0  0 -2  0  4  0 -2 -2 -2  2 -2 -4 -3  1  1 -4 -3 -2   11   3   4   5   1   2  29   9   0   2   3  14   1   0   0   9   7   0   1   1  0.34 0.28
  111 L   -3 -5 -6 -6 -4 -2 -5 -6 -5 -1  6 -5  0  1 -6 -4 -4 -1 -4 -3    2   0   0   0   0   2   0   0   0   2  84   0   1   6   0   1   0   1   0   0  1.55 0.70
  112 E   -2  0 -3 -4  2 -1  0 -4 -2  3  1  0  1 -1 -4 -2 -1 -4 -2  3    0   4   1   0   5   2   8   0   1  21  11   8   4   2   0   2   3   0   1  26  0.35 0.27
  113 D   -1  0  1  2 -5  1  4 -4 -3 -4 -5  5 -4 -2 -4 -1 -2 -5 -4 -5    5   3   5  11   0   6  27   0   0   1   0  34   0   2   0   2   2   0   0   0  0.78 0.46
  114 K    1  2  0 -1 -1  0 -1 -2  1 -5 -4  5 -2 -4 -4  1 -2 -5 -2 -4   11   8   5   2   2   3   2   2   3   0   1  48   1   1   0   9   2   0   1   0  0.72 0.46
  115 N   -3 -1  4  1 -5  2  2  3 -1 -5 -3  2 -2 -5 -4 -2 -2 -5 -4 -5    0   3  20   9   0   8  13  27   1   0   2  12   1   0   0   1   2   0   0   0  0.61 0.38
  116 V   -1 -3 -2 -6 -4 -5 -5 -6 -5  6  0 -5  0  2 -5 -4 -3 -5  0  4    4   2   2   0   0   0   0   0   0  46   5   0   2   8   0   0   0   0   3  27  1.02 0.50
  117 I   -4 -5 -2 -6 -4 -5 -6 -6 -5  5  4 -5  1  2 -6 -5 -4 -5 -3  0    0   0   2   0   0   0   0   0   0  39  44   0   3   8   0   0   0   0   0   3  1.16 0.54
  118 F    0  1  1 -2 -2  1  0 -2  2  0  0  0  1  1 -2  0  0 -2  1  0    7   7   7   0   0   7   7   0   6   7   7   7   6   6   0   7   7   0   6   7  0.07 0.11
  119 K   -1  3  0  0 -3  1  1 -3  1 -1 -1  2 -2  0  1  0 -2 -3  0 -2    4  21   5   4   0   4   8   1   4   4   7  18   0   4   7   5   0   0   4   0  0.24 0.21
  120 I    0 -1  0 -1  0 -1  0 -1  0  1  1  0  1  0 -2  0  0 -2 -1  1    5   3   7   3   2   1   6   6   2  15  16   5   3   3   1   4   8   0   0  10  0.03 0.07
  121 T    0  0  2  1  0  0  1  0 -1 -1 -2  1  0 -3  1  0  2 -3 -2 -1    5   3  11  10   2   3   8   7   0   3   2  10   3   1   8   5  14   0   1   3  0.15 0.12
  122 K    0  1  1  2 -2  0  1 -1 -1 -1 -1  1 -1 -2  0  0  0 -2 -2 -1    6   9   6  15   1   3  11   4   1   4   9  12   1   1   4   5   7   0   1   3  0.12 0.09
  123 E   -1 -1  3  2 -3  1  2  0  0 -2 -2  1 -2 -1  0  0  0 -3 -2 -1    3   1  15  11   0   4  18   7   2   3   2   9   1   4   3   5   6   0   1   6  0.20 0.15
  124 Q   -1  0  2  0 -1  1  0  1  2 -1  0  1  0 -1 -1  0  0 -2  0 -1    4   2  11   5   2   6   6  10   6   2  13  13   2   2   3   5   4   0   3   3  0.07 0.08
  125 Q   -1  3  1 -1  0  1  0 -1  1 -1 -1  2  1 -1 -2 -1 -1  1  0 -1    4  17   8   1   2   8   5   3   3   4   6  18   4   2   1   3   2   2   3   3  0.16 0.13
  126 E    0  1  0  0 -2  0  2  0 -1 -1 -1  1 -1 -2  0  1  0 -2 -1 -1    5   9   3   5   1   3  16   6   1   5   5  13   1   1   4  10   6   0   2   4  0.11 0.08
  127 E    0  0 -1  0 -2  0  2 -1 -1  0 -1  2 -1 -1 -1  0 -1 -1  1 -1    6   5   2   6   1   4  17   3   1   9   6  16   1   3   2   7   3   1   7   2  0.11 0.09
  128 Y   -1 -1 -1 -1 -1  0 -1 -2 -1  1  1 -1  0  3  0 -1 -1 -1  2  0    5   2   2   4   1   4   5   3   1  10  12   3   2  17   4   3   4   1  10   7  0.11 0.08
  129 D    0  0  2  1 -2  1  1  1 -1 -1 -1  1  1  0  0  0 -1 -2 -1 -1    7   3  11   8   1   5  12   9   1   4   4   8   6   4   5   5   2   1   1   3  0.09 0.06
  130 I    0 -1  0  0 -1 -1  0 -1  0  2  1  0  1  0 -1  0  0 -1 -1  1    5   3   6   4   1   2   5   3   3  18  11   5   5   4   2   8   5   1   2   9  0.03 0.05
  131 I    0  0  0  0  2  0  0  0 -2  0 -1  0  1  1 -3  0  0  3  1  0    6   6   5   6   5   5   6   6   0   6   6   6   5   5   0   6   6   5   5   6  0.06 0.10
  132 S    0  0 -2  0 -1  0  0  3 -1 -1 -2  0  0 -1 -1  1  0 -3  0 -2    9   6   1   4   1   5   5  28   1   3   4   5   3   3   3   9   4   0   3   3  0.20 0.13
  133 P   -1  2  1  1 -1 -1 -1  2  0 -1 -3  1 -1 -2  0  0  1 -3 -1 -1    4  13   7   8   1   2   3  15   2   3   1  10   2   1   5   5  10   0   2   5  0.15 0.13
  134 N   -2 -1  3  2 -1 -2 -2  5  0 -5 -5  1 -4 -1 -4 -2 -2 -4 -2 -5    3   3  17  10   2   2   2  39   2   0   1  10   0   3   0   2   2   0   2   1  0.70 0.36
  135 S    0 -1 -1 -1  1 -1  1 -2  0  1 -1 -1 -1 -1 -2  1  1  1  0  1    9   3   2   2   3   2  12   2   3  10   5   1   1   3   1  13   9   2   4  12  0.09 0.12
  136 Y   -6 -6 -6 -2 -6 -6 -6 -7 -3 -2 -3 -6 -5  3 -7 -6 -2  2  9 -2    0   0   0   2   0   0   0   0   0   2   3   0   0  12   0   0   3   2  70   2  2.37 0.90
  137 I   -3  1 -2 -3 -4  1 -1 -4 -1  1  1 -1  3  3 -4 -1 -2  3  3  0    0  10   1   1   0   6   5   0   2   8  15   4  10  13   0   6   2   4   9   5  0.32 0.24
  138 I    0 -2 -3 -3 -2 -2 -3 -1 -3  3  1 -1  1  2  0 -2  0 -2 -1  2    8   0   0   0   0   0   0   5   0  32  13   5   5  10   5   0   5   0   0  10  0.18 0.09
  139 N   -2 -1  6  2 -4 -1 -1 -2  4 -5 -5  1 -3 -4 -3  1 -1 -5 -3 -4    0   0  58  11   0   0   0   0  11   0   0  10   0   0   0  10   0   0   0   0  0.94 0.27
  140 P    0 -4 -4 -3 -4 -3 -2 -2 -4 -4 -5 -3 -4 -5  8  0 -2 -5 -1 -4    6   0   0   0   0   0   2   2   0   0   0   0   0   0  80   5   2   0   3   0  1.99 0.42
  141 Q   -1 -1  4  2 -1  1  1 -2  2 -2 -2 -1 -2  0 -3  1 -1  0  3 -2    3   1  29  10   1   8   6   0   5   1   3   2   0   4   0  11   1   1  13   1  0.33 0.16
  142 I   -1 -3 -4 -4 -2 -3 -4 -4 -3  4  3 -3  2  2 -4 -3 -2 -2  2  1    5   0   0   0   0   0   0   0   0  31  32   0   7  12   0   0   0   0   7   6  0.51 0.19
  143 I    0 -4 -4 -4 -3 -4 -4 -1 -3  2  0 -2  1  6 -4 -3 -1 -2  1  1    7   0   0   0   0   0   0   4   0  17   2   3   4  49   0   0   3   0   1  10  0.64 0.24
  144 G    1 -3 -2 -3  0 -3 -3  5 -1 -2 -2 -3 -1  2 -3 -1 -2  5  0 -2   17   0   0   0   2   0   0  47   2   1   2   0   2  10   0   3   1  10   3   1  0.65 0.22
  145 K   -2  4  1 -2 -5  0 -1 -3 -2 -4 -4  6 -3 -4 -3 -1 -1 -4  1 -4    0  21   5   0   0   2   0   0   0   0   0  61   0   0   0   3   2   0   6   0  0.93 0.32
  146 G   -2 -4  1 -1 -5 -3 -2  7 -4 -6 -6 -3 -5 -5 -4 -2 -3 -5 -5 -5    0   0   6   4   0   0   3  88   0   0   0   0   0   0   0   0   0   0   0   0  1.60 0.39
  147 S    0  0  1  2 -3  0  1 -1  0 -3 -3  1 -2 -2 -1  3  1 -3  0 -3    7   4   6  14   0   2   7   4   2   0   1   9   0   1   2  31   7   0   3   0  0.28 0.14
  148 F   -2 -3 -2 -3 -4 -3 -4 -4 -1  0 -1 -4 -2  4 -4 -3 -2  9  3  0    4   1   2   2   0   0   0   0   1   4   3   0   0  19   0   2   2  39  10   9  1.28 0.35
  149 K    0  2  2 -1 -3  0  1 -1  1 -2 -2  3 -1 -3 -1  1  0 -3 -2 -2    7  11  14   2   0   3   9   4   3   3   3  21   1   0   3  10   3   0   0   3  0.21 0.12
  150 D   -1 -1  2  5 -4  1  2 -2 -1 -3 -4  1 -3 -2 -2  0  1 -4 -3 -2    3   2  10  35   0   5  14   0   1   0   1   7   0   2   0   7   9   0   0   2  0.51 0.22
  151 L   -2 -2 -3 -4 -3 -3 -3 -4  1  4  3 -2  1 -1 -4 -2 -1 -3 -2  2    2   2   1   0   0   0   0   0   5  38  27   1   2   1   0   2   2   0   0  15  0.51 0.23
  152 K   -1  2  1 -1 -1  1  1 -3  0 -2 -1  4  0 -3 -3  0 -1 -3  0 -2    2  11   9   1   1   4   8   0   1   2   4  34   3   0   0   7   3   0   5   2  0.32 0.19
  153 K   -1  2  1 -1 -4  2  3 -1 -1 -4 -3  4 -2 -3 -2 -1  0 -4 -3 -3    4   9   6   2   0   9  20   3   1   0   1  31   1   1   1   2   6   0   0   2  0.45 0.23
  154 L   -2  0 -2 -1 -3  1 -1 -4  1  1  2 -1  3  1 -3 -2 -1 -2  2  0    2   5   1   3   0   9   2   0   3   8  30   3   9   5   0   0   3   0   9   6  0.21 0.16
  155 K   -4  7 -3 -4 -6  0 -3 -5 -3 -2 -5  3 -4 -5 -5 -2 -2 -5 -4 -5    0  73   0   0   0   2   0   0   0   2   0  17   0   0   0   3   3   0   0   0  1.64 0.56
  156 Q   -1  3 -1 -2 -2  4  0 -2  0 -2  0  2  2 -2 -3 -2  0 -3  0 -1    4  17   3   1   1  22   4   2   2   1   8  13   9   1   0   0   4   0   3   4  0.29 0.20
  157 T    0 -1  1  0 -2  0  2 -1 -2  0 -1  0  0 -1 -2  1  2 -3 -2  0    8   2   7   5   1   4  19   3   0   6   3   4   3   4   0   8  20   0   0   5  0.16 0.13
  158 T   -1  1  1  0 -3  1 -1 -2  2  0  0  0  1  1 -2  0  0 -2  1  0    1   7   7   7   0   7   0   0   7   7   7   7   7   7   0   7   7   0   7   7  0.08 0.13
  159 I    0 -1  0  0 -2  1  0  0 -2  1  0  0 -1  0 -2  0  1 -2  0  1    4   0   4   4   0   8   8   7   0   9   8   9   0   4   0   4   9   0   4  17  0.05 0.10
  160 K   -1  0 -1 -2  0  1  0 -2  0  0  0  1  1  1 -3 -1  0  1  2  0    3   3   3   0   2   9   6   3   2   7   8  12   6   6   0   3   7   2  11   8  0.09 0.14
  161 E   -1  1  3  2 -4  1  2 -2  0 -1 -3  0 -3 -2 -3  0  1 -4 -1 -1    5   6  16  14   0   5  17   2   2   3   0   5   0   2   0   4  11   0   3   5  0.28 0.24
  162 F   -1 -2 -2 -1 -4 -3 -1 -2  1  0 -1 -2 -3  5 -2  0 -2  3  5 -1    4   2   2   3   0   0   4   3   3   6   5   2   0  32   2   6   2   3  19   3  0.60 0.40
  163 D   -4 -1  2  6  1  0  0 -4  2 -5 -2 -3  1 -5 -4  0 -1 -5  1 -5    0   3  10  49   3   4   3   0   5   0   4   0   4   0   0   7   3   0   4   0  0.94 0.52
  164 F   -2  1 -1 -3 -5 -2 -1  0  0 -2 -2 -2 -3  7 -3 -2 -2 -3  1 -2    2   9   2   1   0   1   4   9   2   2   2   2   0  49   1   2   3   0   4   2  0.86 0.49
  165 E   -1  1  1  3 -4  1  3 -1 -2 -1 -4  2 -3 -4 -3  0  1 -4 -4 -1    5   6   6  15   0   5  22   5   0   3   0  15   0   0   0   4   9   0   0   4  0.36 0.27
  166 K   -2  0  3  0 -4  0  1  0 -2 -3 -2  3 -3 -4 -3  1  1 -4 -3 -2    1   3  20   4   0   4   9   8   0   0   4  22   0   0   0  10  12   0   0   3  0.37 0.28
  167 L   -1  0  1 -1 -3  0 -1  1 -1  0  1  0  1  1 -3 -1 -2 -2  0  0    4   7  10   3   0   3   2  11   1   7  19   7   5   8   0   4   0   0   4   4  0.08 0.12
  168 E   -3  0  1  0 -5  1  5 -2 -3 -5 -5  3 -4 -5 -3  0  1 -5 -4 -3    0   4   7   3   0   3  48   2   0   0   0  16   0   0   0   5   9   0   0   2  0.81 0.46
  169 M    1 -1 -3 -4 -3 -3 -3  0 -3  3  0 -2  3  2 -4  1  0 -3 -1  1   11   3   0   0   0   0   0   6   0  22   6   2  11  10   0  11   4   0   2  10  0.26 0.24
  170 T   -2  1  0 -1 -4  0  1 -4  0  1 -3  4  0 -2 -3  0  2 -5 -3  0    0   6   5   3   0   3   9   0   2   9   0  35   2   2   0   5  14   0   0   6  0.40 0.32
  171 Q   -1  2 -2 -1 -1  2  2 -3  0  0 -2  3 -2 -4 -3 -1  2 -4 -3 -1    4   9   0   3   1  12  13   0   2   6   3  22   0   0   0   3  17   0   0   5  0.32 0.26
  172 K   -2  0  1  1 -4  1  4 -3 -2  0 -3  1  0 -4 -3  0  2 -4 -3 -1    2   5   5   6   0   4  30   0   0   7   0  11   2   0   0   7  18   0   0   3  0.41 0.30
  173 V   -1 -1 -1 -3 -3 -1 -2 -4 -3  3  1  0 -1  1 -1 -1  1 -3 -1  2    3   4   2   0   0   2   2   0   0  25  11   6   0   8   3   5  10   0   1  18  0.22 0.20
  174 K   -1  0  1 -1  0  1  1 -1  0  0 -1  1 -2  0  1  1  1 -3 -1 -1    1   3   8   1   2   7  12   5   2   7   3  10   0   4   6  12  11   0   1   4  0.10 0.12
  175 V    0 -1  1 -2 -2  0  0 -2 -2  2  0 -1  0 -1 -2 -1  1 -3  1  2    6   3   7   1   0   4   5   3   0  18   6   4   1   2   1   2  11   0   5  20  0.11 0.15
  176 E   -1  0 -1  2 -4  2  4 -3  1 -2 -2  2 -3 -4 -3  0  1 -4 -1 -1    5   4   0  13   0   8  30   0   3   1   3  12   0   0   0   6   8   0   2   4  0.39 0.26
  177 S    2  0  1 -2 -3  1 -1 -2 -2  0 -2  0 -2  1 -3  1  3 -3  0  0   23   6   6   0   0   7   2   0   0   5   0   4   0   6   0  10  22   0   3   5  0.25 0.24
  178 E    0 -2 -1  2 -3  1  3 -3 -2  0 -1  1 -2 -2 -2  0  1 -3  1  0    9   0   1  11   0   8  23   0   0   6   4   8   0   0   0   4   9   0   8   8  0.23 0.20
  179 Y   -2 -4 -4 -3 -5 -3 -1 -5  2 -2 -2 -1  3  0 -1 -2  0 -1  8 -3    2   0   0   1   0   0   4   0   4   2   2   4   8   0   3   2   7   0  60   0  1.27 0.57
  180 E   -1  0  1  3 -4  1  2 -2 -2 -4 -3  3 -3 -1  1  0 -2 -4 -3 -3    4   4   6  21   0   7  16   1   0   0   2  23   0   4   5   6   0   0   0   0  0.42 0.24
  181 G   -2 -1 -1  4 -4 -2  3  4 -3 -2 -4 -1 -3 -4 -3 -2  0 -4 -4 -3    0   2   0  30   0   0  18  33   0   4   1   4   0   0   0   0   5   0   0   0  0.68 0.32
  182 L    0 -1 -1 -1 -2 -1 -1  1 -2  0  1 -1  1  3 -3  0 -2 -2  0  0    8   3   2   2   0   2   4  13   0   6  19   2   4  21   0   6   0   0   3   4  0.13 0.12
  183 D   -2 -1  1  5 -3  2  2 -2 -2 -2 -2  1 -1 -3 -2  1  0 -3 -3 -2    1   1   4  35   0  10  13   1   0   3   3   8   2   0   1  10   4   0   0   3  0.45 0.22
  184 K   -1 -2  0  2 -4  0  5 -1 -2 -4 -4  1 -3 -3 -2 -1  0 -3  0 -3    5   1   4  12   0   2  51   3   0   1   1   6   0   0   1   3   4   0   4   1  0.66 0.31
  185 I   -2 -3 -3 -3 -2  1 -1 -4 -3  4  1 -2  0 -1 -2 -3 -2 -3 -1  3    1   0   0   0   0   8   5   1   0  40  12   2   0   2   2   1   1   0   2  22  0.45 0.24
  186 K    0  0 -2 -2 -2  0  0 -3 -2  1  1  2  1  1  0 -1 -1 -2 -1  0    7   2   0   0   0   2   7   1   0  11  21  24   4   7   3   3   3   0   2   3  0.13 0.13
  187 K    0 -1  4  1 -3  1  1  1 -1 -1 -3  2 -2 -1  0  0  0 -3 -2 -2    5   0  27   7   0   5  10   9   0   4   1  14   0   3   3   6   3   0   0   2  0.26 0.16
  188 N   -1 -1  5  1 -3  1  0 -1  2 -3 -3  1 -3 -1 -3 -1  0 -4 -2 -2    3   0  44   6   0   6   5   4   5   0   2   9   0   4   0   2   6   0   0   3  0.52 0.26
  189 P   -1 -2 -1 -3 -3 -1 -2 -1 -3  2  0  2  0 -3  5 -1 -1 -4 -3 -1    2   0   3   0   0   3   0   5   0  15  12  16   3   0  34   3   1   0   0   1  0.55 0.25
  190 D   -1 -1  1  4 -3  2  2 -2  2 -1 -3  1 -2 -4  0  0  0 -4 -3 -2    2   0   5  29   0  11  16   2   5   5   1   9   0   0   3   5   4   0   0   2  0.39 0.20
  191 N   -2 -1  4  2 -3  1  2 -2  0 -1 -2  2 -2 -3 -2  0  0 -4 -3 -3    2   0  24  14   0   7  15   0   2   4   5  15   0   0   0   6   4   0   0   0  0.37 0.20
  192 Y   -3 -2 -2  0 -4  1  0 -4  6 -1  0 -1  0  1 -4 -3 -3 -1  6 -3    0   0   0   5   0   9   5   0  21   5   7   3   2   4   0   0   0   0  38   0  0.76 0.34
  193 Y   -2 -1  2  1 -4  2  4 -3 -2 -1 -3  2 -3 -4 -3  0  0 -4 -1 -2    0   0  13   4   0  10  38   0   0   5   0  16   0   0   0   4   6   0   2   2  0.52 0.27
  194 I   -2 -3 -4 -4 -3  0 -2 -5 -4  5  2 -3  0 -2 -4 -3 -1 -4 -3  4    0   0   0   0   0   5   2   0   0  41  18   0   0   0   0   0   4   0   0  29  0.63 0.28
  195 E    0  0 -1  2 -4  2  2  0 -2  1 -2  3 -2 -3 -2 -1 -1 -4 -3 -1    6   2   0  12   0  14  16   6   0  11   2  27   0   0   0   0   2   0   0   4  0.30 0.20
  196 D   -1  0  1  3 -4  2  3  0 -1 -2 -3  2 -1 -4  0  1 -1 -4 -3 -3    2   4   8  17   0  10  19   5   0   4   0  12   1   0   5  12   0   0   0   0  0.34 0.17
  197 I    0 -2 -4 -4 -2 -3 -3 -1 -4  4  1 -1  0 -1  2 -2 -1 -4 -2  3    7   2   0   0   0   0   0   5   0  36  10   4   0   2   9   0   2   0   0  24  0.38 0.21
  198 K   -1  0  1 -1 -3  1  3 -1 -2 -2 -3  3 -2 -4 -2  1  0 -4 -3 -1    2   3   6   0   0   6  30   3   0   3   0  21   0   0   0  15   6   0   0   4  0.39 0.21
  199 Q   -2  1  0 -1 -4  4  3 -3  3 -2 -2  3 -2 -3  0 -1 -1 -3  0 -3    0   5   3   0   0  22  19   0  10   2   4  21   0   0   4   0   4   0   4   0  0.43 0.23
  200 I   -1 -1  1  1 -3  1  1 -2 -1  1 -2  2 -1 -2  0  0  1 -3  1  0    0   0  10   9   0   7   7   1   0  13   0  16   0   0   4   7  11   0   9   6  0.14 0.13
  201 S    0  0  2  0 -3  2  2 -1  0  0 -2  2 -2 -3 -2  1  0 -3 -2 -1    4   1  11   2   0  12  15   5   2   8   1  14   0   0   0  16   4   0   0   5  0.20 0.13
  202 S   -2 -2  4  4 -3 -1 -1 -2  1 -1 -3 -2 -3 -3  0  2  1 -4  0 -3    1   0  27  24   0   0   0   1   3   4   1   0   0   0   3  21   9   0   3   0  0.50 0.24
  203 P   -2 -1  0  1  0  0  4 -1 -1 -1 -1  1 -2 -2  2 -1  0 -3  1 -1    0   0   3   5   3   0  40   5   0   6   6   7   0   0  10   2   5   0   6   3  0.30 0.18
  204 N   -1 -1  5  3 -3  0 -1 -2 -1 -1 -1  0 -2 -3 -3  0  1 -4 -3 -2    3   3  36  23   0   5   0   0   0   4   8   3   0   0   0   4   9   0   0   0  0.46 0.20
  205 A    0 -1  0  0 -2  0  0  2 -2 -1 -1  1  0 -2 -2  0  1 -3 -2  0    5   0   3   5   0   3   8  20   0   4   8  13   3   0   0   5  14   0   0   7  0.11 0.07
  206 I   -1  1  1  1 -2  1  1 -2 -1  1 -1  1 -1  1 -2  0  1 -2 -1 -1    1   6   6  11   0   6   9   1   0  15   1  12   0  10   0   9  11   0   0   1  0.12 0.12
  207 E    0 -1  2  1 -2  0  2  0  2  0  0  0 -1 -2 -2 -1  0 -3 -2  0    9   0  14   7   0   0  17   6   8   6  13   6   0   0   0   1   5   0   0   7  0.10 0.10
  208 N   -1  1  3 -1 -3  0  1 -2  2 -1 -1  1 -1 -3 -2  0  1 -3 -2  0    1   7  24   0   0   0  12   1   8   5   5  11   0   0   0   7  11   0   0   7  0.21 0.15
  209 Q   -1  2 -1  1 -4  3  3 -2 -1 -3 -3  2 -2 -4  2  1 -1 -3 -3 -3    0  10   0   9   0  16  24   0   0   0   1  18   0   0  10  10   0   0   0   0  0.47 0.20
  210 K   -1  0  1 -1 -3  1  1  0 -1  0 -2  2 -1 -2 -2  0  2 -2  1 -1    1   4  10   0   0   7  12   5   0   8   1  21   0   0   0   0  22   0   7   0  0.19 0.13
  211 E   -2 -1  3  2 -4  1  3 -1  4 -3 -3 -1 -3 -3  1 -1  0 -3  0 -2    0   0  17  11   0   7  29   5  12   0   0   0   0   0   7   0   4   0   3   4  0.42 0.19
  212 R   -2  2  3  1 -3  3  1 -2  2 -3 -3  2 -2 -3 -2 -1 -1 -3 -2 -1    0  10  24   6   0  24   8   0   6   0   1  11   0   0   0   0   0   0   0   7  0.39 0.16
  213 K   -1 -1  2  4 -3  1  1  0 -1 -3 -3  2 -2 -3 -2  1  1 -3 -3 -3    1   0  13  31   0   9   3   8   0   0   1  17   0   0   0   7   8   0   0   0  0.38 0.13
  214 A    2 -1 -2 -1 -2  0  2 -2 -2  2 -1  1 -1 -2  2  0  0 -3 -2  0   28   0   0   0   0   0  22   1   0  20   1   8   0   0  10   1   5   0   0   1  0.21 0.12
  215 R    0  2  2 -1 -2  0  0 -2 -2  1 -1  2  0 -2 -2 -1  0 -3 -2  1    9  13  13   0   0   0   6   0   0  16   0  20   4   0   0   0   5   0   0  14  0.14 0.10
  216 L   -1 -2  0 -2 -2 -1  0 -3 -2  2  3  0  2 -1 -3 -2 -1 -3 -2  2    4   0   7   0   0   0   9   0   0  12  35   8   6   0   0   0   0   0   0  18  0.19 0.10
  217 F   -1 -3 -3  0 -2 -3 -3  1 -3  2  1 -3  0  4 -3 -2 -2 -1  0  2    5   0   0   7   0   0   0  12   0  13  13   0   0  32   0   0   0   0   0  18  0.26 0.12
  218 V   -1 -3  1  0 -2 -2 -2  0 -2  3  1 -2  0  0  1 -1  0 -3 -2  1    0   0  12   5   0   0   0   8   0  33  11   0   0   5   9   0   8   0   0   8  0.15 0.10
  219 E   -2 -1  3  1 -4  2  4 -3 -1 -2 -1  1 -2 -3 -2 -1 -1  3 -2 -1    0   0  17   7   0   9  43   0   0   0   6   6   0   0   0   0   0   5   0   7  0.45 0.17
  220 K   -1  1  2  0 -4  1  3 -2 -1 -4 -3  4 -2 -4 -2  0 -1 -4 -3 -3    0   5  11   0   0   0  31   0   0   0   0  45   0   0   0   7   0   0   0   0  0.55 0.16
  221 Y   -2 -1  2  0 -3 -1  0 -3 -1 -1 -1  1  1  4 -3 -1 -1 -1  2  0    0   0  16   7   0   0   7   0   0   0   0  13   8  37   0   0   0   0   4   9  0.24 0.10
  222 A    1 -1  3 -1  3 -1 -1  2 -1 -3 -3  0 -2 -3 -2  2  1 -3 -2 -2   17   0  22   0   8   0   0  14   0   0   0   7   0   0   0  18  13   0   0   0  0.29 0.08
  223 G   -1 -1 -1 -1 -3  1  1  4 -2  1 -2  0 -1 -3 -2 -1 -2 -3 -3 -1    0   0   0   0   0  12  11  45   0  22   0   8   0   0   0   0   0   0   0   0  0.36 0.09
  224 I    1 -3 -3 -3 -2 -2 -3 -3 -3  4  0 -2  3 -1  3  0 -1 -3 -2  1   12   0   0   0   0   0   0   0   0  51   0   0  15   0  14   7   0   0   0   0  0.34 0.11
  225 L   -2 -1  0 -2 -2 -1  0 -3 -2  1  2  1  0  3 -3 -2 -1 -2  0  0    0   0   8   0   0   0   8   0   0  11  38  14   0  20   0   0   0   0   0   0  0.17 0.07
  226 T    0 -1  3  0 -2  0  1 -1 -1 -3 -3 -1 -2 -3  2  2  2 -4 -2 -2    8   0  26   0   0   0  11   0   0   0   0   0   0   0  12  23  18   0   0   0  0.39 0.09
  227 G    2 -2 -1 -1 -3 -1  2  5 -2 -3 -3 -1 -3 -4 -2  0 -1 -3 -3 -3   24   0   0   0   0   0  22  54   0   0   0   0   0   0   0   0   0   0   0   0  0.63 0.11
  228 A    3 -2 -1 -1 -1 -1  1 -1 -2  0 -2 -1 -1 -3  2  2  1 -3 -2 -1   38   0   0   0   0   0  11   0   0   8   0   0   0   0  12  16  14   0   0   0  0.30 0.08
  229 F   -2 -2 -3 -3 -2  1 -2 -4 -1  3  0 -2  0  4 -3 -2 -1 -1  3  2    0   0   0   0   0  12   0   0   0  38   0   0   0  26   0   0   0   0  13  11  0.34 0.10
  230 D   -1 -1  0  1 -3  1  2 -2  5 -3 -3 -1 -2 -3  3 -1  1 -3 -1 -3    0   0   0   9   0   8  20   0  29   0   0   0   0   0  20   0  14   0   0   0  0.55 0.11
  231 P   -2 -2 -2  2 -4  2 -1 -3 -2 -4 -4 -1 -3 -4  7 -1 -2 -4 -4 -3    0   0   0  14   0  12   0   0   0   0   0   0   0   0  74   0   0   0   0   0  1.59 0.18
  232 T   -1 -1  1  1 -2  1 -1 -2 -2 -2 -2 -1 -2 -3  3  0  4 -3 -2 -1    0   0   6   9   0  10   0   0   0   0   0   0   0   0  14   0  61   0   0   0  0.50 0.11
  233 K    1  1 -1 -2 -3  0  0 -2 -2  0 -2  5 -2 -3 -2 -1 -1 -4 -2 -2   16   0   0   0   0   0   0   0   0   9   0  75   0   0   0   0   0   0   0   0  0.50 0.12
  234 S    0 -1  3  2 -2 -1  0 -1 -1 -3 -3 -1 -2 -3 -2  3  3 -4 -2 -2    0   0  20  16   0   0   0   0   0   0   0   0   0   0   0  41  23   0   0   0  0.44 0.09
  235 A    3 -2 -1  1 -1 -1 -1 -1 -2  0 -1 -1 -1 -2 -2  0  1 -3 -2  2   47   0   0  15   0   0   0   0   0   0   0   0   0   0   0   0  12   0   0  27  0.23 0.07
  236 K   -1  1 -1 -1 -3  1  0 -2 -1 -3 -3  5 -2 -4 -2  1 -1 -4 -2 -3    0   0   0   0   0   0   0   0   0   0   0  82   0   0   0  18   0   0   0   0  0.64 0.12
  237 E   -1 -1  0  3 -4  1  6 -3 -1 -4 -4  0 -3 -4 -2 -1 -1 -4 -3 -3    0   0   0  13   0   0  87   0   0   0   0   0   0   0   0   0   0   0   0   0  0.88 0.10
  238 L   -2 -3 -3 -4 -2 -2 -3 -4 -3  4  2 -3  4  0 -3 -2 -1 -2 -2  2    0   0   0   0   0   0   0   0   0  49  21   0  31   0   0   0   0   0   0   0  0.43 0.07
  239 K   -1  3 -1 -1 -4  1  2 -2 -1 -3 -3  5 -2 -4 -2 -1 -1 -3 -2 -3    0  13   0   0   0   0  16   0   0   0   0  71   0   0   0   0   0   0   0   0  0.60 0.08
  240 R    0  3 -1 -2 -2  1 -1 -2 -1  1  1  1  0 -2 -2 -1 -1 -3 -2  0   13  34   0   0   0  10   0   0   0  20  16   8   0   0   0   0   0   0   0   0  0.19 0.04
  241 E   -1  0 -1  0 -3  1  4 -3 -1 -2  0  2 -1 -2 -2 -1 -1 -3 -2 -2    0   0   0   0   0   0  58   0   0   0  20  23   0   0   0   0   0   0   0   0  0.43 0.07
  242 R    0  3 -1 -2 -2  0 -1 -2 -1  1  1  3  0 -2 -2 -1 -1 -3 -2  0   11  22   0   0   0   0   0   0   0  17  15  36   0   0   0   0   0   0   0   0  0.19 0.03
  243 I    0 -2 -3 -4 -1 -2 -3 -3 -3  2  4 -2  2  0 -3 -2 -1 -2 -1  1   15   0   0   0   0   0   0   0   0   7  78   0   0   0   0   0   0   0   0   0  0.40 0.05
  244 N   -1  3  1  3 -4  1  1 -2 -1 -3 -3  3 -2 -4 -2  0 -1 -4 -3 -3    0  17   7  32   0   0   0   0   0   0   0  45   0   0   0   0   0   0   0   0  0.49 0.05
  245 E   -1  1  0  1 -4  4  4 -2  0 -3 -3  2 -1 -4 -1  0 -1 -3 -2 -3    0   0   0   0   0  39  48   0   0   0   0  14   0   0   0   0   0   0   0   0  0.61 0.04
  246 D   -2  0  1  5 -4  3  1 -2 -1 -3 -3  2 -2 -4 -2  0 -1 -4 -3 -3    0   0   0  60   0  21   0   0   0   0   0  18   0   0   0   0   0   0   0   0  0.64 0.04
  247 L   -2 -2  2 -2 -2 -2 -2 -3 -1  1  2 -2  1  4 -3 -2 -1 -1  1  0    0   0  21   0   0   0   0   0   0  14  32   0   0  33   0   0   0   0   0   0  0.24 0.03
  248 K   -1  2  0 -1 -3  3  1 -2 -1 -3 -3  5 -1 -3 -1  0 -1 -3 -2 -3    0   0   0   0   0  18   0   0   0   0   0  82   0   0   0   0   0   0   0   0  0.55 0.03
  249 E   -1  1  0  1 -4  2  5 -2  0 -3 -3  3 -2 -4 -1  0 -1 -3 -2 -3    0   0   0   0   0   0  74   0   0   0   0  26   0   0   0   0   0   0   0   0  0.64 0.03
  250 G    0 -2  0 -1 -3 -2 -2  6 -2 -4 -4 -2 -3 -3 -2  0 -1 -3 -3 -3    0   0   0   0   0   0   0  92   0   0   0   0   0   0   0   8   0   0   0   0  0.95 0.01
  251 R   -1  5  0 -1 -3  1  0 -2 -1 -3 -2  4 -1 -3 -2 -1 -1 -3 -2 -3    0  53   0   0   0   0   0   0   0   0   0  47   0   0   0   0   0   0   0   0  0.59 0.01
  252 I   -1 -3 -3 -3 -1 -3 -3 -4 -4  5  2 -3  1  0 -3 -3 -1 -3 -1  3    0   0   0   0   0   0   0   0   0 100   0   0   0   0   0   0   0   0   0   0  0.43 0.02

                      K         Lambda
Standard Ungapped    0.1327     0.3135
Standard Gapped      0.0410     0.2670
PSI Ungapped         0.1360     0.3172
PSI Gapped           0.0416     0.2670
