
Last position-specific scoring matrix computed, weighted observed percentages rounded down, information per position, and relative weight of gapless real matches to pseudocounts
           A  R  N  D  C  Q  E  G  H  I  L  K  M  F  P  S  T  W  Y  V   A   R   N   D   C   Q   E   G   H   I   L   K   M   F   P   S   T   W   Y   V
    1 M   -1 -1 -2 -3 -1  0 -2 -3 -2  1  2 -1  5  0 -2 -1 -1 -1 -1  1    0   0   0   0   0   0   0   0   0   0   0   0   0   0   0   0   0   0   0   0  0.00    0.00
    2 D   -2 -2  1  6 -3  0  2 -1 -1 -3 -4 -1 -3 -3 -1  0 -1 -4 -3 -3    0   0   0   0   0   0   0   0   0   0   0   0   0   0   0   0   0   0   0   0  0.00    0.00
    3 S    1 -1  1  0 -1  0  0  0 -1 -2 -2  0 -1 -2 -1  4  1 -3 -2 -2    0   0   0   0   0   0   0   0   0   0   0   0   0   0   0   0   0   0   0   0  0.00    0.00
    4 P   -1 -2 -2 -1 -3 -1 -1 -2 -2 -3 -3 -1 -2 -4  7 -1 -1 -4 -3 -2    0   0   0   0   0   0   0   0   0   0   0   0   0   0   0   0   0   0   0   0  0.00    0.00
    5 S    1 -1  1  0 -1  0  0  0 -1 -2 -2  0 -1 -2 -1  4  1 -3 -2 -2    0   0   0   0   0   0   0   0   0   0   0   0   0   0   0   0   0   0   0   0  0.00    0.00
    6 L   -1 -2 -3 -4 -1 -2 -3 -4 -3  2  4 -2  2  0 -3 -2 -1 -2 -1  1    0   0   0   0   0   0   0   0   0   0   0   0   0   0   0   0   0   0   0   0  0.00    0.00
    7 S    1 -1  1  0 -1  0  0  0 -1 -2 -2  0 -1 -2 -1  4  1 -3 -2 -2    0   0   0   0   0   0   0   0   0   0   0   0   0   0   0   0   0   0   0   0  0.00    0.00
    8 F   -2 -3 -3 -3 -2 -3 -3 -3 -1  0  0 -3  0  6 -4 -2 -2  1  3 -1    0   0   0   0   0   0   0   0   0   0   0   0   0   0   0   0   0   0   0   0  0.00    0.00
    9 S    1 -1  1  0 -1  0  0  0 -1 -2 -2  0 -1 -2 -1  4  1 -3 -2 -2    0   0   0   0   0   0   0   0   0   0   0   0   0   0   0   0   0   0   0   0  0.00    0.00
   10 C    0 -3 -3 -3  9 -3 -4 -2 -3 -1 -1 -3 -1 -2 -3 -1 -1 -2 -2 -1    0   0   0   0   0   0   0   0   0   0   0   0   0   0   0   0   0   0   0   0  0.00    0.00
   11 F   -2 -3 -3 -3 -2 -3 -3 -3 -1  0  0 -3  0  6 -4 -2 -2  1  3 -1    0   0   0   0   0   0   0   0   0   0   0   0   0   0   0   0   0   0   0   0  0.00    0.00
   12 Y   -2 -2 -2 -3 -2 -1 -2 -3  2 -1 -1 -2 -1  3 -3 -2 -2  2  7 -1    0   0   0   0   0   0   0   0   0   0   0   0   0   0   0   0   0   0   0   0  0.00    0.00
   13 S    1 -1  1  0 -1  0  0  0 -1 -2 -2  0 -1 -2 -1  4  1 -3 -2 -2    0   0   0   0   0   0   0   0   0   0   0   0   0   0   0   0   0   0   0   0  0.00    0.00
   14 K   -1  2  0 -1 -3  1  1 -2 -1 -3 -2  4 -1 -3 -1  0 -1 -3 -2 -2    0   0   0   0   0   0   0   0   0   0   0   0   0   0   0   0   0   0   0   0  0.00    0.00
   15 A    4 -1 -2 -2  0 -1 -1  0 -2 -1 -1 -1 -1 -2 -1  1  0 -3 -2  0    0   0   0   0   0   0   0   0   0   0   0   0   0   0   0   0   0   0   0   0  0.00    0.00
   16 K   -1  2  0 -1 -3  1  1 -2 -1 -3 -2  4 -1 -3 -1  0 -1 -3 -2 -2    0   0   0   0   0   0   0   0   0   0   0   0   0   0   0   0   0   0   0   0  0.00    0.00
   17 E   -1  0  0  2 -4  2  5 -2  0 -3 -3  1 -2 -3 -1  0 -1 -3 -2 -2    0   0   0   0   0   0   0   0   0   0   0   0   0   0   0   0   0   0   0   0  0.00    0.00
   18 L   -1 -2 -3 -4 -1 -2 -3 -4 -3  2  4 -2  2  0 -3 -2 -1 -2 -1  1    0   0   0   0   0   0   0   0   0   0   0   0   0   0   0   0   0   0   0   0  0.00    0.00
   19 N   -2  0  6  1 -3  0  0  0  1 -3 -3  0 -2 -3 -2  1  0 -4 -2 -3    0   0   0   0   0   0   0   0   0   0   0   0   0   0   0   0   0   0   0   0  0.00    0.00
   20 F   -2 -3 -3 -3 -2 -3 -3 -3 -1  0  0 -3  0  6 -4 -2 -2  1  3 -1    0   0   0   0   0   0   0   0   0   0   0   0   0   0   0   0   0   0   0   0  0.00    0.00
   21 H   -2  0  1 -1 -3  0  0 -2  8 -3 -3 -1 -2 -1 -2 -1 -2 -2  2 -3    0   0   0   0   0   0   0   0   0   0   0   0   0   0   0   0   0   0   0   0  0.00    0.00
   22 K   -1  2  0 -1 -3  1  1 -2 -1 -3 -2  4 -1 -3 -1  0 -1 -3 -2 -2    0   0   0   0   0   0   0   0   0   0   0   0   0   0   0   0   0   0   0   0  0.00    0.00
   23 N   -2  0  6  1 -3  0  0  0  1 -3 -3  0 -2 -3 -2  1  0 -4 -2 -3    0   0   0   0   0   0   0   0   0   0   0   0   0   0   0   0   0   0   0   0  0.00    0.00
   24 K   -1  2  0 -1 -3  1  1 -2 -1 -3 -2  4 -1 -3 -1  0 -1 -3 -2 -2    0   0   0   0   0   0   0   0   0   0   0   0   0   0   0   0   0   0   0   0  0.00    0.00
   25 F   -2 -3 -3 -3 -2 -3 -3 -3 -1  0  0 -3  0  6 -4 -2 -2  1  3 -1    0   0   0   0   0   0   0   0   0   0   0   0   0   0   0   0   0   0   0   0  0.00    0.00
   26 P   -1 -2 -2 -1 -3 -1 -1 -2 -2 -3 -3 -1 -2 -4  7 -1 -1 -4 -3 -2    0   0   0   0   0   0   0   0   0   0   0   0   0   0   0   0   0   0   0   0  0.00    0.00
   27 F   -2 -3 -3 -3 -2 -3 -3 -3 -1  0  0 -3  0  6 -4 -2 -2  1  3 -1    0   0   0   0   0   0   0   0   0   0   0   0   0   0   0   0   0   0   0   0  0.00    0.00
   28 F   -2 -3 -3 -4 -3 -3 -4 -3 -1  0  0 -3  0  7 -4 -3 -2  1  3 -1    0   0   0   0   0   0   0   0   0   0   0   0   0 100   0   0   0   0   0   0  0.74 0.00
   29 L   -2 -2 -4 -4 -1 -2 -3 -4 -3  2  4 -3  2  0 -3 -3 -1 -2 -1  1    0   0   0   0   0   0   0   0   0   0 100   0   0   0   0   0   0   0   0   0  0.46 0.00
   30 F   -2 -2 -3 -4 -2 -2 -3 -4  0  0  2 -3  1  4 -3 -2 -2  1  5  0    0   0   0   0   0   0   0   0   0   0  34   0   0  32   0   0   0   0  34   0  0.46 0.01
   31 F   -1 -3 -3 -4 -2 -3 -3 -4 -3  3  1 -3  1  4 -3 -2 -1 -1  1  3    0   0   0   0   0   0   0   0   0  34   0   0   0  32   0   0   0   0   0  34  0.32 0.01
   32 R    2  3 -2 -2 -2  0 -1 -2 -2  0  2  0  0 -1 -2  0 -1 -2 -2  0   34  32   0   0   0   0   0   0   0   0  34   0   0   0   0   0   0   0   0   0  0.17 0.01
   33 I   -1 -3 -3 -3 -1 -3 -3 -4 -4  4  1 -3  1  0 -3 -2 -1 -3 -1  3    0   0   0   0   0   0   0   0   0  66   0   0   0   0   0   0   0   0   0  34  0.38 0.01
   34 N   -2  0  4  0 -3  0 -1 -1  0 -1  1  2  0 -2 -2  0 -1 -3 -2 -2    0   0  50   0   0   0   0   0   0   0  25  25   0   0   0   0   0   0   0   0  0.27 0.02
   35 F   -2 -2 -2 -3 -3 -2 -2 -3  5 -1 -1 -2 -1  5 -3 -2 -2  1  5 -2    0   0   0   0   0   0   0   0  25   0   0   0   0  50   0   0   0   0  25   0  0.60 0.03
   36 S   -1  3  0  3 -3  1  1 -1 -1 -3 -3  2 -2 -3 -2  2  0 -3 -2 -3    0  25   0  25   0   0   0   0   0   0   0  25   0   0   0  25   0   0   0   0  0.36 0.02
   37 R   -1  4 -1 -2 -3  1  0 -2 -1 -1 -2  3 -1 -3 -2 -1 -1 -3 -2  1    0  40   0   0   0   0   0   0   0   0   0  40   0   0   0   0   0   0   0  21  0.38 0.03
   38 L   -2 -3 -3 -4 -2 -3 -3 -4 -1  3  2 -3  1  3 -3 -3 -1  0  3  1    0   0   0   0   0   0   0   0   0  41  20   0   0  20   0   0   0   0  19   0  0.35 0.02
   39 Y   -2 -2 -3 -4 -3 -2 -3 -4  1 -1 -1 -3 -1  4 -4 -2 -2  2  7 -2    0   0   0   0   0   0   0   0   0   0   0   0   0  20   0   0   0   0  80   0  0.95 0.06
   40 K   -1  1  0  0 -3  1  2 -2 -1 -3 -3  4 -2 -3 -1  0  2 -3 -2 -2    0   0   0   0   0   0  19   0   0   0   0  60   0   0   0   0  21   0   0   0  0.41 0.03
   41 K   -1  3 -1 -2 -2  0  0 -3 -1  0  0  3  3 -2 -2 -1 -1 -3 -2  1    0  19   0   0   0   0   0   0   0   0   0  40  21   0   0   0   0   0   0  21  0.23 0.03
   42 Y   -2  2 -2 -3 -3 -1 -2 -3  4 -2 -1 -1 -1  4 -3 -2 -2  1  6 -2    0  17   0   0   0   0   0   0  16   0   0   0   0  17   0   0   0   0  50   0  0.61 0.06
   43 N   -1  0  5  0 -3  0  0 -1  4 -3 -3  2 -2 -3 -2  0 -1 -3 -1 -3    1   1  57   1   0   1   1   1  14   1   1  16   0   1   1   1   1   0   0   1  0.48 0.05
   44 D   -1  0  0  4 -3  2  1 -2 -1 -2 -2  2 -2  2 -2 -1 -1 -2 -1 -2    1   1   1  40   0  12   1   1   0   1   1  24   0  14   1   1   1   0   0   1  0.35 0.05
   45 T    0  0  0 -1 -2  0 -1 -2 -2  1 -1  2 -1 -2 -1  1  3 -3 -2  0    1   1   1   1   0   1   1   1   0  14   1  23   0   0   1  13  40   0   0   1  0.22 0.05
   46 F   -2 -3 -3 -3 -2 -2 -3 -3 -2  2  1 -3  0  2 -3 -2 -2  7  3  1    1   1   0   1   0   0   1   1   0  25  12   1   0  11   1   1   1  23  11  11  0.52 0.06
   47 Q   -1  1 -1 -1 -4  3  3 -3 -1  0 -2  4 -2 -3 -2 -1 -1 -4 -2 -2    0   0   0   0   0  17  19   0   0  11   0  53   0   0   0   0   0   0   0   0  0.50 0.11
   48 G    0 -2 -1  1 -3  0  3  4 -2 -4 -4 -1 -3 -4 -2  1 -1 -4 -3 -3    7   0   0   8   0   0  35  41   0   0   0   0   0   0   0   9   0   0   0   0  0.56 0.10
   49 G    0  0 -1 -2 -2 -2 -2  4 -3 -1 -2 -2 -2 -3 -3  1 -1 -3 -3  2    0   9   0   0   0   0   0  48   0   0   0   0   0   0   0  17   0   0   0  27  0.45 0.10
   50 M   -1 -3 -3  0  2 -2 -3 -1 -2  3  0 -3  4  1 -3 -2 -1 -2  1  2    0   0   0   8   7   0   0   7   0  22   0   0  21   7   0   0   0   0   7  20  0.22 0.09
   51 K   -2  2 -2 -3 -3 -1 -2 -1  2  1  1  0  4 -1 -3 -2  0 -2  1  0    0  20   0   0   0   0   0   6   6  14  15   6  21   0   0   0   7   0   7   0  0.18 0.09
   52 M   -5 -6 -7 -8 -6 -5 -6 -7 -6 -1 -1 -6 11 -4 -7 -6 -5 -6 -5 -2    0   0   0   0   0   0   0   0   0   2   2   0  94   0   0   0   0   0   0   2  3.27 0.92
   53 N   -4 -3  4  6 -6  0  2 -4 -3 -4 -3  0 -5 -6 -4 -2 -2 -6 -3 -5    0   1  22  50   0   3  12   0   0   1   3   4   0   0   0   2   1   0   1   0  1.19 0.44
   54 I    0 -1 -2 -3 -1 -2 -2 -3 -2  3  1  0  1  1 -2 -1  0 -3  0  2   10   3   2   0   1   1   1   1   1  18  15   7   3   5   1   3   6   0   3  20  0.17 0.13
   55 G   -2  1  3  1 -4  4  3 -1  1 -2 -2  2 -1 -4 -3  0 -1 -4 -2 -3    2   5  13   6   0  23  17   3   3   3   4  11   2   0   1   5   3   0   1   0  0.40 0.23
   56 R   -5  8 -4 -5 -7 -2 -4 -6 -4 -7 -6  0 -5 -7 -6 -3 -3 -7 -5 -6    0  94   0   0   0   1   0   0   0   0   0   3   0   0   0   1   1   0   0   0  2.46 0.72
   57 A    7 -5 -5 -5  0 -4 -4 -3 -5 -2 -2 -4 -4 -5 -4 -2 -2 -6 -5  1   85   0   0   0   1   0   0   0   0   2   3   0   0   0   0   0   1   0   0   8  1.50 0.56
   58 K   -3  3 -1 -3 -5  4  1 -4  0 -3 -3  5  0 -5 -4 -2 -2 -5 -3 -2    1  14   1   0   0  22   6   0   2   2   2  40   2   0   0   2   2   0   1   2  0.80 0.36
   59 E   -1 -1 -2  0 -6  5  6 -5 -3 -6 -6  0 -5 -6 -4 -2 -4 -6 -5 -5    4   2   1   5   0  23  61   0   0   0   0   3   0   0   0   2   0   0   0   0  1.39 0.52
   60 I   -5 -7 -7 -7 -5 -6 -7 -7 -7  8 -1 -6  0 -4 -6 -6 -4 -6 -5  0    0   0   0   0   0   0   0   0   0  94   3   0   1   0   0   0   0   0   0   2  2.22 0.66
   61 L    0 -2 -4 -5 -3 -3 -4 -4 -4  3  3 -4  3  0 -4 -1 -2 -3  0  2   10   2   0   0   0   0   0   0   0  21  30   0   8   4   0   6   1   0   4  15  0.47 0.23
   62 M    0 -1  3  2 -4  2  3 -1  0 -4 -3  1 -2 -3 -3  2 -1 -5 -3 -4    9   3  16  10   0  10  21   3   2   1   1   7   1   1   0  14   2   0   0   0  0.40 0.22
   63 S    1 -4 -1 -3 -2 -2 -2 -2 -4 -5 -4 -3 -2 -6 -4  7 -1 -6 -5 -4    9   0   2   1   1   1   1   2   0   0   1   1   1   0   0  79   1   0   0   1  1.41 0.56
   64 A   -1 -1 -1 -1 -4  0  0 -1 -2 -4 -1  2 -1 -5  6  1 -1 -5 -3 -3    4   2   2   4   0   3   6   4   1   0   6  12   1   0  37  12   4   0   1   1  0.66 0.29
   65 D   -1 -1  2  3 -4  0  3  1 -2 -3 -4  1 -3 -3 -3  0 -1 -5 -2  0    5   2   9  16   0   4  26   9   0   1   0  11   0   1   0   5   2   0   1   7  0.38 0.22
   66 P   -2 -1  1 -1 -4  0  2 -4 -1  1 -1  1  5 -2 -3 -1  2 -4 -2  0    0   2   7   2   0   3  14   0   1   8   4  11  18   1   1   4  15   0   1   7  0.26 0.21
   67 I    0 -5 -5 -6  1 -5 -5 -6 -2  7 -1 -2 -2  0 -2 -3 -2 -5  1  2    8   0   0   0   2   0   0   0   1  64   1   3   0   3   2   1   1   0   4   9  1.05 0.42
   68 K   -1  0  3  2 -4  1  3 -2  1 -4 -2  0 -3 -4  1 -1  1 -1 -2 -3    3   3  18  12   0   5  24   2   4   0   4   4   0   0   7   3   9   1   1   1  0.39 0.21
   69 V   -4 -6 -7 -7 -4 -6 -6 -7 -7  1 -1 -6 -3 -4 -6 -5 -3 -6 -5  8    0   0   0   0   0   0   0   0   0   3   2   0   0   0   0   0   0   0   0  95  2.06 0.65
   70 S   -2 -2 -1 -2 -3  1 -1 -3  3 -1  1  0  1  1 -3  0  4 -3  0 -1    1   1   3   1   0   8   3   1   9   1  15   4   5   7   0   5  29   0   3   3  0.29 0.22
   71 Y   -5 -3 -5 -4 -1 -5 -5 -6  5 -4 -1 -5 -4  4 -6 -5 -5  1  9 -4    0   1   0   1   2   0   0   0  11   0   6   0   0  13   0   0   0   1  65   0  1.98 0.61
   72 E   -2  0  6  2 -5  3  1 -2  4 -5 -4  1 -4 -3 -4 -2 -3 -5 -2 -5    2   5  38   9   0  12  10   2  10   0   1   9   0   1   0   1   0   0   1   0  0.79 0.34
   73 G   -3 -5  1  0 -6 -2 -2  7 -5 -7 -7 -4 -6 -6 -5 -1 -4 -6 -6 -6    0   0   7   6   0   2   3  79   0   0   0   0   0   0   0   3   0   0   0   0  1.69 0.53
   74 E   -1  0  1  0 -3  1  1 -3  1  0 -2  2  0 -2 -3  0  1 -4 -3  1    3   4   6   4   0   5  11   0   3   7   2  18   3   1   0   6  12   0   0  15  0.17 0.14
   75 S   -1  1  0 -2 -5  0 -2 -3 -4 -5 -4 -1 -4 -3  7  2 -2 -6 -2 -5    4   7   5   2   0   4   2   1   0   0   1   2   0   1  51  17   1   0   1   0  1.17 0.42
   76 V   -4 -6 -6 -7 -4 -6 -6 -7 -7  4 -2 -6 -2 -4 -6 -5 -3 -6 -4  7    0   0   0   0   0   0   0   0   0  25   0   0   0   0   0   0   0   0   0  75  1.74 0.57
   77 I   -6 -2 -7 -8 -6 -6 -6 -7 -1 -3 -3 -6 -1  1 -7 -6 -6 12  6 -2    0   2   0   0   0   0   0   0   1   2   2   0   2   5   0   0   0  62  22   3  2.90 0.75
   78 I   -5 -6 -7 -7 -5 -6 -7 -7 -7  8  1 -6  1 -3 -6 -6 -4 -6 -5 -1    0   0   0   0   0   0   0   0   0  85  12   0   3   0   0   0   0   0   0   0  1.96 0.60
   79 Q   -3 -1  0  3 -6  4  5 -4 -1 -2 -4  1 -4 -6 -4 -3 -2 -5 -4 -3    1   1   3  18   0  23  39   0   1   2   1   8   0   0   0   0   2   0   0   1  0.93 0.39
   80 H   -1  0  3  2 -4  1  1  1  4 -4 -5  1 -2 -4 -3  2 -2 -5 -2 -4    2   5  15  10   0   4   8  10  14   1   0   8   1   0   0  20   1   0   1   0  0.44 0.23
   81 V   -2 -5 -6 -6  1 -5 -5 -6 -6  4  2 -5 -1 -2 -5 -4 -1 -5 -2  6    1   0   0   0   2   0   0   0   0  24  14   0   0   1   0   0   2   0   1  54  1.06 0.40
   82 D   -3 -4  5  6 -6 -1 -1 -4  2 -4 -6 -2 -5 -1 -4 -1 -3 -6 -1 -5    1   0  25  54   0   2   2   0   4   1   0   2   0   3   0   3   0   0   3   0  1.27 0.45
   83 E   -1 -1  0  1 -5  1  5 -3 -1 -4 -4  0 -4 -5  2  0 -1 -5 -4 -3    5   2   3   5   0   4  49   1   1   0   2   5   0   0  11   6   4   0   0   2  0.71 0.32
   84 R    0 -1  1  2 -1  2  2  0 -1 -2 -2  1 -1 -4  0  1  1 -4 -3 -1    5   2   7  12   1  12  15   5   1   1   4   9   1   0   3   9   8   0   0   3  0.21 0.13
   85 T    0  1  4  1 -4  0  0 -1  0 -3 -4  1 -2 -3 -3  2  2 -5 -3 -3    7   6  25   7   0   3   3   4   1   1   0  10   1   1   0  19  11   0   0   1  0.42 0.23
   86 R   -1  0  3  1 -1  2  2  3  0 -5 -4  1 -3 -5 -2  0 -2 -5 -4 -3    5   4  20   6   1  12  12  22   2   0   1  11   0   0   1   3   0   0   0   1  0.44 0.23
   87 T   -1 -1 -2 -4  1 -2 -1 -4  0 -1 -1  0  3 -3 -4  0  5 -4 -1  0    2   2   1   0   3   1   4   0   2   2   4   5  10   1   0   5  49   0   2   6  0.64 0.35
   88 A    6 -4 -5 -5  0 -4 -4 -3 -5 -2 -4 -4 -3 -5 -4 -1 -3 -5 -5  2   78   0   0   0   2   0   0   0   0   2   0   0   0   0   0   1   0   0   0  15  1.38 0.53
   89 R   -2  4  0 -1 -1  2  1 -3  1 -2 -2  2 -1 -3 -3  1  2  1 -1 -1    0  27   3   3   1   8   7   0   4   2   4  10   2   1   0   9  13   2   2   5  0.32 0.20
   90 I   -3 -5 -6 -6 -1 -5 -6 -3 -6  5 -1 -5 -2 -3 -5 -5 -3 -5 -2  6    0   0   0   0   1   0   0   3   0  38   2   0   0   0   0   0   0   0   1  54  1.35 0.48
   91 Y   -3  1 -1 -3 -1  0 -1 -4  7 -3 -2  1 -2  1 -4 -1  0 -1  4 -2    1   7   3   0   2   3   3   1  29   1   5   9   1   7   0   5   6   1  15   2  0.62 0.31
   92 S   -1 -2 -1  1 -4 -1  1 -3 -1  0 -1 -2  0  1  4  0  0 -1  2  0    2   1   2   7   0   1  12   1   1   6   4   1   2   7  22   9   5   1   9   6  0.30 0.19
   93 R   -2  2 -1 -1 -1  0  1 -3 -2  1  3  0  1 -2 -3 -3 -1 -4 -3  0    2  11   2   4   2   3   9   2   1   6  39   7   4   1   1   0   3   0   0   4  0.26 0.20
   94 A   -1 -1  2  4 -2 -1  1  2 -1 -4 -2  1 -1 -4 -2  0  0 -4 -2 -3    4   2  10  26   1   1  11  15   1   0   4   7   2   0   1   6   6   0   1   1  0.35 0.20
   95 E   -1 -1  5  3 -4  1  2  0  0 -4 -3 -1 -4 -3 -3  0  1 -5 -4 -4    4   2  31  16   0   6  11   5   2   1   2   2   0   1   1   7   8   0   0   0  0.57 0.31
   96 P   -1  1 -1 -2 -3 -2 -1 -2  2 -2 -2 -1  0 -2  6  0  1 -3 -2 -2    4   7   2   2   0   1   3   3   5   2   4   4   2   2  40   5   8   0   1   3  0.71 0.28
   97 E   -2  0  2  3 -2  1  3  1  1 -3 -3  0 -2 -3 -3  0  0 -4 -3 -1    2   4   8  21   1   5  19  12   3   0   2   5   1   1   0   6   4   0   0   5  0.35 0.21
   98 K   -2  1  3  2 -4  1  2 -1  3 -4 -3  2 -1 -4 -2 -1  0 -4 -2 -2    3   6  17  12   0   6  14   4   7   0   2  13   2   0   1   3   7   0   1   3  0.35 0.22
   99 E   -2  1 -1  0 -4  1  4 -3  1 -1 -3  3 -1 -4 -3  0  1 -5 -2  0    1   8   2   3   0   7  26   1   4   3   2  17   1   0   1   7   8   0   1   8  0.36 0.25
  100 L   -2  3 -3 -4 -2  4 -1 -4  1  1  1  1  4  1 -4 -1 -2 -4 -1 -1    1  15   0   0   1  21   3   1   3   8  14   7  13   5   0   3   1   0   2   2  0.39 0.28
  101 D   -2 -1  1  2 -4  1  3 -3  0 -1 -2  0 -1 -3 -3  0  3 -4 -2  0    0   2   6  10   0   6  24   1   3   3   4   4   1   1   0   5  18   0   1   8  0.32 0.23
  102 V   -3 -7 -7 -7 -5 -6 -7 -7 -7  1 -2 -6 -3 -5 -7 -6 -4 -7 -5  8    1   0   0   0   0   0   0   0   0   5   2   0   0   0   0   0   0   0   0  91  2.17 0.79
  103 S   -2 -2 -1  0 -6 -1  0 -3  1 -6 -4 -2 -5 -6  7  2 -3 -6 -2 -5    2   2   3   6   0   2   5   1   4   0   1   2   0   0  54  15   1   0   2   0  1.32 0.55
  104 V   -1 -5 -6 -6 -2 -5 -6 -6 -6  4  2 -5 -2  0 -3 -5 -2 -5 -4  5    4   0   0   0   1   0   0   0   0  19  19   0   0   4   1   0   2   0   0  50  1.03 0.44
  105 L    1  0  3  2 -4 -1  1 -1 -1 -3 -3  0 -2 -4 -3  2  1 -2 -1 -3   12   5  14  14   0   2   9   3   1   1   3   5   1   0   0  19  10   1   2   0  0.31 0.22
  106 N   -2  0  2  3 -5  2  4 -2 -3 -5 -4  0  0 -4 -4  1 -2 -6 -5 -4    2   5  11  19   0   9  33   2   0   0   1   3   3   1   0  10   1   0   0   1  0.68 0.36
  107 L   -5 -6 -7 -8 -5 -6 -7 -8 -7  0  7 -6 -2 -3 -7 -6 -5 -6 -5 -3    0   0   0   0   0   0   0   0   0   4  96   0   0   0   0   0   0   0   0   0  2.06 0.73
  108 I   -2  0  0 -2 -4  1  2 -4  1  2 -1  2  0 -2 -3 -1  0 -4 -2  2    2   5   6   1   0   8  19   0   4  14   2  12   2   2   0   2   7   0   1  15  0.24 0.21
  109 E   -5 -4 -4 -1 -8 -2  8 -6 -4 -8 -7 -3 -6 -8 -5 -4 -5 -7 -6 -7    0   0   0   3   0   0  97   0   0   0   0   0   0   0   0   0   0   0   0   0  2.59 0.89
  110 G    3 -4 -2 -3 -3 -3 -3  6 -4 -5 -5 -3 -4 -5 -3 -1 -3 -4 -4 -4   27   0   0   0   0   0   0  73   0   0   0   0   0   0   0   0   0   0   0   0  1.26 0.28

                      K         Lambda
Standard Ungapped    0.1372     0.3217
Standard Gapped      0.0410     0.2670
PSI Ungapped         0.1614     0.3176
PSI Gapped           0.0494     0.2670
