
Last position-specific scoring matrix computed, weighted observed percentages rounded down, information per position, and relative weight of gapless real matches to pseudocounts
           A  R  N  D  C  Q  E  G  H  I  L  K  M  F  P  S  T  W  Y  V   A   R   N   D   C   Q   E   G   H   I   L   K   M   F   P   S   T   W   Y   V
    1 M   -4 -5 -5 -6 -4 -4 -5 -6 -5  0 -1 -5 10 -3 -6 -5 -4 -5 -4  1    0   0   0   0   0   0   0   0   0   3   0   0  88   0   0   0   0   0   0   8  2.53 0.71
    2 V   -1 -3 -4 -4 -4 -4 -4  1 -5  0 -2 -4  0 -4  5 -2 -2 -5 -4  4    3   1   0   0   0   0   0  12   0   4   2   0   2   0  32   3   1   0   0  40  0.93 0.40
    3 K   -4  7  1 -2 -6  0 -2 -5 -3 -6 -5  4 -4 -6 -2 -1 -4 -6 -5 -4    0  57   7   2   0   4   1   0   0   0   0  24   0   0   2   3   0   0   0   1  1.39 0.54
    4 V    0  2 -1 -1 -4  1  2  2 -2 -2 -3  2 -3 -4  1  1 -1 -4 -3 -2    6  12   1   2   0   6  14  15   0   2   2  17   0   0   6  11   2   0   0   3  0.30 0.20
    5 K   -2  4  0 -1 -6  0  0 -4 -2 -4 -5  6 -4 -6 -3 -2  0 -6 -5 -3    3  23   4   3   0   4   4   0   1   1   0  48   0   0   1   1   7   0   0   1  1.03 0.48
    6 G   -1 -6  0  8 -7 -2 -3  0 -5 -7 -7 -5 -7 -7 -6 -2 -4 -8 -4 -7    5   0   3  80   0   1   0   6   0   0   0   0   0   0   0   3   1   0   1   0  2.10 0.79
    7 V   -2 -3 -4 -5 -6 -1 -3 -2 -5  2 -2 -2 -2 -2  7 -4 -3 -6 -3  0    3   2   1   0   0   3   1   3   0  14   3   2   1   2  56   1   1   0   1   8  1.40 0.60
    8 E    4 -4 -4 -4  4 -3  0  2 -4 -1  0 -4 -3  1 -3 -1  1 -4 -2 -1   35   0   0   0   8   0   7  16   0   3  10   0   0   8   0   2   7   0   1   3  0.47 0.33
    9 W   -8 -5 -9 -10 -8 -7 -5 -8 -8 -8 -7 -5 -7 -5 -9 -8 -8 13 -1 -8    0   1   0   0   0   0   1   0   0   0   0   1   0   0   0   0   0  96   1   0  5.05 1.46
   10 N    0 -1  2  1 -3  2  4 -2 -2 -5 -5  4 -4 -5 -3 -1 -1 -6 -5 -5    7   2   9   6   1   8  26   2   1   0   0  31   0   0   0   3   3   0   0   0  0.73 0.41
   11 H   -6 -5 -5 -6 -7 -3 -5 -7 10 -7 -5 -4 -6 -2 -7 -6 -6 -5  7 -7    0   0   0   0   0   1   0   0  62   0   1   1   0   1   0   0   0   0  34   0  2.99 1.02
   12 V    0 -4 -2 -4  8 -4 -4  3 -4 -2 -3 -4  0 -2 -5 -1 -3 -5 -2  3    8   1   2   1  32   0   1  20   0   1   1   0   2   2   0   4   1   0   1  23  1.04 0.46
   13 I   -1 -1 -2 -1 -2  0  0 -3  0  2 -1  0 -1 -1 -3 -1  2 -3  0  2    2   2   1   4   1   5   7   1   2  17   4   7   0   2   1   4  19   0   4  18  0.21 0.18
   14 V    0  0 -1 -1  2  0  0 -2 -2  1  1  1  2 -1  0  0 -1 -1 -2  1    7   5   2   2   5   5   6   1   0   6  12  10   8   3   3   8   2   1   1  14  0.08 0.09
   15 L   -2 -3 -4 -4 -3 -2 -3 -4 -2  3  2 -3  1  0  0 -3 -2 -2 -2  4    3   1   1   1   0   2   1   1   1  15  19   1   2   4   6   2   2   1   1  38  0.56 0.28
   16 K   -1  0  2  4 -3  0  2  0 -1 -2 -3  1 -3 -4  0  0  0 -4 -3 -3    3   3   9  30   1   3  13   6   1   2   2   9   0   1   4   5   5   0   1   1  0.43 0.22
   17 E    0  0  1  2 -3  0  2  1  0 -1 -2  1  0 -3 -1  0 -1 -3 -2 -1    8   4   7  11   0   2  16  13   2   4   3  10   2   1   2   8   2   0   1   5  0.16 0.11
   18 P    0  0  1  1 -2  0  0  1 -1 -2 -1  0 -2 -2  2  1  1 -3 -2 -2    6   4   8  10   0   3   5   9   1   2   6   7   0   2  13   9  11   0   1   2  0.17 0.10
   19 E    1  2  1  1 -3 -1  0  1 -1 -3 -3  2 -2 -3 -1  0  0 -3 -3 -2   11  14   8   8   0   1   6  12   1   1   2  18   1   1   3   7   5   0   0   1  0.24 0.16
   20 K   -1  2 -1  0 -3  2  1  0 -1 -2 -3  4 -2 -3 -1 -1 -1 -3 -2 -1    4  12   2   5   0   9   7   9   1   2   2  31   1   1   2   4   3   0   1   4  0.37 0.21
   21 H   -1  0  1 -1 -3  0  0  1  3 -3 -3  4 -2 -2  2 -1 -2 -3 -2 -2    3   5   6   3   0   2   6  12   8   2   2  31   1   2   9   3   2   0   1   2  0.38 0.20
   22 G    0 -1  1  1 -2 -1 -1  3 -1 -2 -1  0 -1 -2 -1  0 -1  2 -1 -1    6   3   8   7   1   3   4  30   2   2   5   7   1   1   3   6   4   3   2   3  0.23 0.10
   23 M    0  0  2  0 -1 -1  0  2  0 -1 -1  0  0 -1  0  0  0 -1  0 -1    5   6  14   6   2   2   4  18   1   3   6   7   2   2   3   6   4   1   3   4  0.10 0.05
   24 A    0  1  2  0 -1  0  0  0  0 -1 -1  1 -1 -1  0  0  1 -1  0 -1    6   8  12   3   1   3   4   8   2   4   6  11   1   2   4   6  10   1   4   5  0.06 0.04
   25 T    0  0  1 -1 -1 -1 -1  0 -1 -1 -1  1  0 -1  1  0  1  4  0  0    6   7   9   2   1   2   3   7   1   3   5   9   3   2   6   5  13   7   3   7  0.10 0.06
   26 L    0  2  0 -1 -1  0  0 -1  1 -1 -1  2  0 -1 -1  1  0  0  1 -1    5  12   3   3   2   4   3   3   5   4   5  15   2   2   2  10   7   1   7   5  0.09 0.07
   27 V   -3 -4 -4 -5  0 -4 -3 -5 -3  3  2 -3  0  3 -4 -4 -1  3  0  4    1   0   0   0   2   0   2   1   1  15  21   1   1  15   0   0   3   4   2  31  0.65 0.30
   28 R   -3  4 -3 -4 -3  3 -1 -5 -1 -2 -4  5 -4 -4 -4 -3  0 -5 -4 -1    1  24   0   0   0  13   3   0   2   3   1  42   0   1   0   1   5   0   0   4  0.99 0.47
   29 C   -6 -9 -8 -9 12 -8 -9 -8 -8 -6 -6 -8 -7 -7 -8 -6 -6 -7 -2 -6    0   0   0   0  99   0   0   0   0   0   0   0   0   0   0   0   0   0   1   0  4.48 1.23
   30 I   -4 -1  6 -3 -3 -3 -3 -4 -2  1 -1  4  0 -4 -3 -3 -2 -6 -5 -3    1   2  43   0   1   0   0   0   1   8   6  31   3   1   1   1   2   0   0   1  1.09 0.52
   31 H   -6 -6 -6 -7 -6 -6 -6 -7  2 -3 -3 -6 -5  6 -7 -6 -6  2  8 -5    0   0   0   0   0   0   0   0   5   2   2   0   0  28   0   0   0   2  60   0  2.38 0.81
   32 C   -5 -9 -8 -9 12 -8 -9 -8 -8 -6 -6 -8 -7 -4 -8 -4 -6 -7 -4 -6    0   0   0   0  97   0   0   0   0   0   0   0   0   1   0   1   0   0   1   0  4.35 1.21
   33 D   -2 -1  2  2 -5  2  0  3  3 -5 -3  0 -1 -4 -2  1 -2 -5 -2 -4    2   2  11  10   0  10   6  27   7   0   3   5   2   1   2  11   1   0   1   0  0.44 0.27
   34 K   -3  2  0 -2 -3  0  0 -3  2 -2 -2  6 -1 -2 -4 -3 -2 -5 -2 -3    1  11   3   1   1   3   6   2   5   2   4  53   2   2   0   1   1   0   2   2  0.88 0.44
   35 E   -2  0 -2  0 -2  0  2 -5 -2  3 -1  0 -1 -2 -4 -2  0 -3 -3  3    1   4   1   5   1   4  18   0   1  19   5   7   1   1   0   1   6   0   0  25  0.36 0.26
   36 F   -3 -2 -4 -5  0 -4 -5 -4 -2  2  0 -2  2  5 -5 -1  0  1  4  1    0   3   0   0   2   0   0   1   0  11   7   3   6  31   0   4   5   2  16   9  0.71 0.35
   37 Q   -1 -1  3 -1 -2  1 -2 -2  0 -2 -2  2 -2 -3 -2  3  2  0 -3 -2    4   3  14   2   1   6   0   2   3   3   4  15   1   1   1  24  13   1   1   1  0.33 0.26
   38 G   -2 -2 -2 -4 -6 -5 -4  7 -6 -7 -7 -4 -6 -7 -6 -2 -4 -1 -7 -5    2   3   2   1   0   0   1  88   0   0   0   0   0   0   0   2   1   1   0   0  2.12 0.72
   39 N   -2 -4 -2 -3 -6 -5 -5  7 -5 -7 -7 -5 -6 -6 -5  1 -2 -6 -6 -6    2   1   1   1   0   0   0  81   0   0   0   0   0   0   0  11   2   0   0   0  1.93 0.67
   40 A    1 -5 -5 -5 -4 -5 -5  0 -5  5 -2 -5 -2 -3 -2 -3 -2 -4  3  4   10   0   0   0   0   0   0   9   0  32   0   0   0   0   2   1   1   0  10  35  0.85 0.42
   41 M   -2 -3  0 -3 -1 -1 -1 -4  1  1 -3 -1 -1  2 -1  2  3 -1  5 -3    1   0   5   1   2   2   3   0   4   9   1   3   1   7   2  19  17   1  23   0  0.50 0.33
   42 R   -6  8 -3 -6 -2 -2 -4 -7 -1 -7 -6  0 -6 -7 -6 -5 -5 -7 -6 -7    0  93   1   0   1   1   0   0   1   0   0   3   0   0   0   0   0   0   0   0  2.67 0.89
   43 I   -1 -5 -5 -6 -4 -3 -5 -5  0  4  2 -5  5  3 -5 -3 -2 -4 -2  2    4   0   0   0   0   1   0   1   3  21  23   0  17  15   0   1   1   0   0  14  0.76 0.36
   44 R   -5  3 -1 -5 -7  0 -2 -5 -4 -6 -6  7 -5 -7 -5 -4 -5 -7 -6 -4    0  12   2   0   0   2   2   0   0   0   0  80   0   0   0   0   0   0   0   1  2.01 0.75
   45 A    2  0 -2 -2  0  4  1 -3  5 -4 -2 -1 -3  1 -4  0 -2  2  2 -3   20   4   1   2   2  18  10   1  15   0   3   2   0   6   0   5   1   3   7   1  0.48 0.31
   46 H   -7 -5 -1 -6 -8 -4 -5 -7 11 -8 -8 -6 -6 -6 -7 -6 -7 -7 -3 -8    0   0   2   0   0   0   0   0  98   0   0   0   0   0   0   0   0   0   0   0  4.03 1.15
   47 L   -3 -3 -4 -4 -3 -2 -3 -4 -4  1  6 -3  0 -1 -3 -3 -3 -3 -3 -1    1   1   1   1   0   2   1   1   0   6  74   1   1   2   1   1   1   0   1   2  1.10 0.39
   48 L    4 -4 -4 -4 -3 -3 -4 -3 -4  1  3 -3  0 -2 -4  0 -1 -4 -3  1   37   0   0   1   0   0   0   1   0   7  32   0   2   1   0   6   2   0   0   9  0.58 0.32
   49 G    1 -1 -3 -2  2 -1 -3  6 -1 -4 -4 -1 -4 -4 -3  0 -3 -4 -4 -4   11   4   1   1   5   3   1  57   2   1   1   3   0   0   1   6   1   0   0   1  0.97 0.37
   50 N   -1  1  1 -1 -1  2 -1  1  2  0 -2  1 -2 -3 -2 -1  2 -3 -2 -1    4   8   6   3   1  10   3  14   5   8   3   9   0   1   1   2  18   0   1   3  0.16 0.13
   51 K   -1  1 -1 -1 -2 -1 -1 -2  1  2  0  2  0  1  0 -1 -1 -2  1  0    2   9   2   4   1   2   1   2   5  18   7  16   2   7   6   4   4   0   4   5  0.10 0.11
   52 R   -1  3 -1 -2 -1 -1  1  1 -2 -2 -2  4 -2 -3  1  0  0 -3 -2 -2    3  15   2   1   1   1   8  12   0   2   4  29   0   1   7   6   5   0   1   2  0.35 0.20
   53 Q   -2 -1  5  0 -1  1 -1  2  1 -4 -4  1 -3 -3 -3  1 -1 -2 -2 -3    1   3  33   4   1   7   3  18   3   1   2   9   0   1   1   8   2   1   1   1  0.53 0.25
   54 A    1  0  0 -1  1  1 -1  1  1 -1 -1  1 -1  0 -1  0 -1 -2  0  0   11   5   4   2   4   6   2  14   4   3   4  14   2   4   1   6   3   0   4   6  0.07 0.06
   55 G   -1 -2  2  4 -2 -1  0  4 -2 -3 -3 -2 -3 -3 -2 -1 -1 -3 -3 -3    6   2  11  26   1   2   7  30   0   1   2   2   0   1   2   3   3   0   1   1  0.56 0.23
   56 V   -1 -5 -3 -3  1 -4 -5 -5 -5  4 -1 -4  1 -3 -5 -3 -1 -5 -4  6    3   0   1   2   2   0   0   0   0  24   3   0   3   1   0   1   3   0   0  54  1.07 0.44
   57 T    1  0  0  0 -2  0  1  0 -1 -1 -2  2 -2 -3 -2  0  1 -3 -3  0   15   5   4   6   1   1  10   7   1   4   2  18   0   0   1   7   8   0   0   9  0.15 0.13
   58 G    1 -2 -2 -2 -2 -2 -2 -1 -1  0 -3  2 -2 -4  5  0 -1 -4 -2 -1   12   1   1   1   1   1   1   5   1   7   1  17   1   0  32   8   2   0   2   5  0.59 0.29
   59 C   -5 -8 -8 -8 12 -8 -9 -7 -8 -6 -6 -8 -6 -2 -8 -6 -6 -7 -7 -6    0   0   0   0  98   0   0   0   0   0   0   0   0   2   0   0   0   0   0   0  4.36 1.17
   60 P   -1 -1  0  0 -4  0  0 -3 -1 -3 -1  2 -1 -3  5  1  1 -5 -4 -2    4   2   4   4   0   3   6   1   1   1   5  16   1   1  26  10  11   0   0   3  0.46 0.26
   61 T    0  1  1 -2 -5  1  1 -3 -1 -5 -4  5 -1 -4 -3  2 -1 -5 -2 -3    7   7   6   1   0   5   8   1   1   0   1  39   2   1   0  16   3   0   1   1  0.60 0.34
   62 V    0 -6 -6 -7  5 -6 -4 -6 -6  0 -3 -6 -1 -5 -6 -4 -3 -6 -5  7    9   0   0   0  13   0   1   0   0   3   0   0   1   0   0   1   1   0   0  72  1.65 0.64
   63 P   -4 -2 -2 -1 -6 -4 -5 -4 -3 -6 -5 -2 -6 -5  8 -1  0 -7 -6 -4    0   2   2   3   0   0   0   1   1   0   1   2   0   0  76   5   6   0   0   1  2.17 0.75
   64 D    1 -1  1  4 -4  0  2 -3 -1 -4 -3  0 -3 -3  2 -1 -1 -5 -1 -3   14   3   8  27   0   3  17   1   1   1   2   4   1   1  11   3   2   0   2   1  0.48 0.27
   65 D   -3 -3  1  5 -6 -1  4 -4  3 -2 -5 -1 -5 -3 -2 -1 -2 -5 -1 -4    1   0   6  38   0   1  29   1   8   2   0   3   0   1   1   3   2   0   2   1  0.95 0.43
   66 A   -1 -5 -6 -6 -2 -5 -4 -6 -3  2 -1 -5  1 -3 -5 -4 -1 -6 -2  6    5   0   0   0   1   0   1   0   1   9   2   0   4   0   0   1   2   0   1  72  1.41 0.57
   67 R   -2  5 -2 -3 -2  2 -2 -4 -1 -3 -3  4 -3 -3 -4  0 -1 -2 -2 -3    2  36   1   0   1   8   1   0   1   1   3  32   0   1   0   6   3   1   1   2  0.90 0.41
   68 E   -1 -1  1  3 -4  1  4 -3 -1 -1 -2  1 -1 -3 -3  0 -1 -2 -1 -2    5   2   6  16   0   5  28   1   1   4   5  10   1   1   0   7   2   0   3   2  0.34 0.21
   69 E    0  0 -1 -1 -4  3  4 -4  0 -3 -1  1  0 -2 -3 -1 -2 -3 -2 -3    7   5   3   2   0  16  37   1   3   1   7   9   3   1   0   2   1   0   1   1  0.57 0.33
   70 L    0 -3 -4 -5  1 -3 -4 -5 -3  3  1 -2  7  3 -4 -3 -3 -3 -1  0    7   1   0   0   4   0   0   1   1  17  12   3  33  12   0   1   0   0   1   6  0.84 0.39
   71 R   -1  4 -2 -2 -1  1 -1 -3 -1 -2  1  3  0  0 -3 -1 -2  3 -1 -2    4  22   1   1   1   7   3   1   1   2  16  21   3   3   0   4   1   5   1   3  0.37 0.23
   72 L    1 -1 -1  1 -1  2  3 -3 -2 -1  1  1  1 -2 -3 -1 -1 -3 -2 -1   11   2   1   6   1  10  25   1   0   3  15   7   4   1   1   2   3   0   1   3  0.24 0.18
   73 I   -1 -3 -1 -1 -2 -1 -2 -3 -1  3  1 -2  2  1 -3  0  0  0  2  1    5   1   3   3   0   3   1   1   1  21  15   2   6   5   1   8   4   1  10   9  0.19 0.15
   74 E   -2 -1 -2 -1  1  2  3 -2  0  0  1  0  2 -2 -3 -2 -2 -3  2  0    2   3   2   2   3   9  20   2   2   5  18   5   7   1   0   2   1   0   8   8  0.21 0.19
   75 I    0  0  0  0 -1  0  0  0  0  0  0  1  1 -1 -2  1  1 -3 -2  0    8   3   4   6   1   3   6   5   2   7   9  11   4   2   0  13   7   0   1   6  0.05 0.07
   76 A    1  0  0 -1  0  0  0  0 -2 -1 -1  3  0 -2 -2  0  0 -1 -2  0   16   4   4   2   2   2   6   8   1   4   6  24   2   1   1   6   4   1   1   6  0.15 0.15
   77 R   -1  2 -1  0 -1  0  0 -3 -1 -1  1  4  0 -1 -2 -1 -1 -1 -3 -1    3  12   3   5   1   3   5   2   1   3  13  31   2   3   1   3   3   1   0   3  0.29 0.23
   78 E   -1  0  2  1 -4  2  3  0 -1 -3 -3  2 -1 -1 -2  1 -1 -4 -3 -2    5   4  10   5   0  12  19   5   1   1   2  13   2   3   1  11   4   0   0   3  0.29 0.22
   79 Q    0  0  0  1 -2  2  2 -2 -1 -1 -1  1  0 -2 -2  0  1 -4 -3  0    6   3   4   6   1  11  17   3   1   3   4  10   2   2   2   7  11   0   0   7  0.18 0.16
   80 T    0  0  1  0 -3  0  1 -1 -1 -1 -2  2 -1 -1  2  1  1 -3 -1  0    9   4   9   4   0   3   7   3   1   3   3  13   1   3   9   9   9   0   2   7  0.13 0.12
   81 Q    0  3 -1 -1 -5  2  2 -2 -2 -3 -1  4 -2 -3 -2  0 -1 -5 -3 -2    6  13   3   3   0   8  14   2   1   1   6  29   1   1   1   6   3   0   1   3  0.43 0.29
   82 R   -1  3  0 -1 -3  0  1 -3 -1 -1 -2  4 -1 -5 -2 -1  0 -1 -4 -3    5  18   4   2   1   3  10   2   1   4   4  33   2   0   1   4   4   1   0   1  0.49 0.32
   83 K   -1  2  0 -2 -5  3  1 -3  0 -2 -3  5  0 -3 -3 -1 -2 -5 -4 -2    4   9   4   1   0  14   8   1   2   3   3  39   2   1   1   5   2   0   0   3  0.64 0.38
   84 R   -2  3  2 -2 -5  1 -1 -2  0 -2 -3  5 -2 -3 -1  0 -2 -5 -3 -3    2  16   9   1   0   6   3   2   2   3   2  37   1   1   3   8   2   0   0   2  0.61 0.36
   85 K    0  3  1 -2 -4  2  0 -3 -1 -1 -2  3  0 -3 -3  0  2 -4 -3 -1    7  15   7   1   0  12   5   1   1   4   4  18   2   1   1   6  14   0   1   4  0.31 0.24
   86 P    0  1  1 -1 -2  0  1 -2 -2 -2 -2  2  0 -2  4  0  0 -4 -2 -2    6   7   7   3   1   3   8   2   1   2   4  14   2   1  19   8   7   0   1   1  0.30 0.19
   87 V    0  1  0  0 -1  0  1 -2 -1  0  0  2  0 -2  0  0  0 -3 -2  0    8   9   4   4   1   3   8   2   1   8   8  18   2   2   3   7   5   0   1   8  0.09 0.10
   88 K   -1  2  0  1 -3  2  1 -2 -3 -3 -1  4 -2 -4 -2 -1 -2 -4 -3 -2    4   9   4   8   1  10  10   2   0   1   6  34   1   1   1   5   2   0   1   2  0.47 0.30
   89 T   -1  0 -1  0 -2  2  1 -2 -3  0  0  0  1 -1  3  0  1 -2 -1 -1    2   4   1   5   0  10   9   2   0   6   8   7   4   2  17   7   9   0   2   4  0.22 0.18
   90 R   -1  3  0  1 -2  0  2 -2 -1 -3 -3  3 -2 -2 -1  0 -1 -5 -3 -1    3  19   4   9   1   3  12   2   1   1   2  21   1   2   3   8   2   0   1   4  0.36 0.25
   91 G    0 -1  0  0 -2 -1  0  2 -2  1  0  0 -1  0 -1  0  0 -3 -1  1    7   3   5   7   1   1   6  17   0  11  10   5   1   3   2   6   4   0   2  10  0.06 0.08
   92 V    0  0 -2  1 -2  0  2 -1 -1  1 -1 -1  1 -1 -2  0 -1 -4 -1  2    8   6   1   7   1   2  19   4   1   8   4   3   4   2   2   8   3   0   1  16  0.13 0.16
   93 R    0  2  0  0 -3  1  2  0 -1 -1 -2  0  0 -2  0  1  0 -4 -1 -1    6  13   4   4   0   6  13   6   1   3   3   6   2   1   4  12   5   0   2   5  0.14 0.14
   94 G    0 -2  0  0 -2 -1  1  3  0 -2  0 -2 -1 -3 -1  1  1 -4 -2 -1    6   2   5   5   1   2   9  25   2   2   9   1   1   1   2  10  12   0   1   4  0.21 0.19
   95 T    0 -1  1  0 -1 -1  0  0 -2  0 -1 -1  0 -4  3  1  1 -4 -3  0    7   4   6   4   1   1   7   6   1   4   7   2   2   0  18  13  10   0   0   7  0.21 0.18
   96 S    0 -1  3  1 -1 -2  0  0 -1 -2 -4 -2 -1 -2 -1  4  1 -5 -3 -2    5   4  14   8   1   1   4   6   1   3   1   2   1   1   2  33   7   0   1   3  0.39 0.31
   97 S    0 -1  1  0  0 -1  0  0 -1 -1 -2 -1 -3 -3  1  3  0 -5 -2 -2    8   4   7   6   2   2   6   7   2   3   3   3   0   1   6  32   6   0   1   2  0.28 0.26
   98 P    0 -2 -2 -1  0  1  0 -1  1 -1 -2 -1  0 -3  5  1 -1 -5  0  0    9   1   1   3   2   6   5   5   3   3   3   4   3   1  29  10   3   0   3   6  0.42 0.28
   99 S   -1  0  1  0 -1  1  0 -1  3 -2 -2 -1  0 -1 -1  3  0 -4 -1 -2    4   4   7   5   1   6   7   5   9   2   4   3   3   3   2  24   6   0   2   2  0.20 0.20
  100 D   -1 -1  3  3 -5  1  2 -1  0 -3 -3  0 -1 -5 -2  2 -1 -5 -2 -2    4   3  16  18   0   5  14   4   2   1   3   6   2   0   1  14   3   0   1   3  0.37 0.27
  101 H   -1  0  1 -1 -1  1  0  0  4 -1 -3 -1  0 -2 -2  3  0 -5 -1  0    4   4   8   2   1   6   6   6  13   3   0   2   3   2   2  25   5   0   2   6  0.30 0.27
  102 S    0  0  1  0 -4  0  1 -1  0 -1 -3  0 -1 -3 -1  4  1 -5 -3 -1    5   4   5   4   0   3  10   5   2   3   1   5   2   1   3  34   8   0   1   4  0.34 0.30
  103 S    1  0  1  0  0 -2  0 -1 -3 -1 -2  0 -2 -3  0  4  0 -5 -4 -1   11   4   7   5   2   1   7   4   0   4   4   4   1   1   4  33   5   0   0   3  0.29 0.27
  104 G    2  0  0 -2  0 -1  0  3 -1 -2 -3  0 -3 -2 -2  1  1 -4 -3 -1   15   5   4   1   2   2   8  25   1   3   2   4   0   2   1  12   8   0   1   4  0.25 0.20
  105 S   -1  0  0  1 -1  1 -1 -1  0 -2 -2 -3 -3 -2 -2  4  1 -5 -2 -1    3   4   4   8   1   6   3   4   3   2   3   0   0   2   1  40   9   0   1   6  0.42 0.35
  106 A    1 -1  0  0 -1  0 -1  2  0 -1 -2  0 -1 -2  1  1  0 -4 -3 -1   12   3   3   4   2   4   3  20   3   3   3   6   2   1   5  14   6   0   0   6  0.15 0.13
  107 D    0 -1  3  4 -4 -1  0  3 -1 -3 -3  0 -4 -4 -2  0 -3 -5 -2 -2    6   3  13  24   0   2   4  24   1   1   2   5   0   0   1   7   0   0   1   3  0.46 0.28
  108 H    0  0  1  0 -3 -1  1 -1  4 -2 -1  0 -2  3  0  1 -1 -3  0 -2    6   4   7   4   0   2   8   5  15   2   5   5   0  14   4  11   2   0   2   3  0.19 0.17
  109 F   -1  0 -1  0  0  0  0 -1  4 -1 -1  0  0  2  0  0  0 -3  0 -1    2   6   2   4   2   3   7   5  15   4   3   6   3  14   4  10   4   0   2   4  0.15 0.15
  110 D   -1 -2  2  4 -3 -1 -1 -2 -3 -1  0  0  0 -1  1  1 -1 -4 -3  0    3   2  10  25   0   1   2   2   0   2  12   5   3   3   8  12   4   0   0   7  0.25 0.21
  111 G   -1 -1  3  2 -4  0  0  3 -2 -3 -4  1 -1 -3 -1  1 -1 -4 -4 -2    3   3  20  10   0   4   7  23   0   1   0   8   1   1   3   8   3   0   0   3  0.36 0.24
  112 K   -1  1 -1 -1 -1  1  1 -3  1  0 -1  3  0  0 -1  0  0 -3 -2  1    4   8   3   3   1   5   8   0   4   5   3  21   3   5   3   7   4   0   0  14  0.14 0.15
  113 G    0  0  1  0 -1 -2 -1  4 -1 -4 -3  0 -1 -1 -1  2 -1 -4 -3 -2    5   4   8   5   1   0   4  35   1   0   2   4   2   3   3  15   3   0   0   3  0.39 0.24
  114 G    1 -3  1 -1 -3 -1 -1  3 -3 -3 -2  0 -3 -4  1  3  0 -4 -4 -1   11   0   7   2   0   2   3  24   0   0   3   5   0   0   7  27   4   0   0   4  0.40 0.27
  115 S    0 -1 -2 -1 -1  0  0 -1 -2  0  0 -1  0 -1  0  3  0 -3  0  0    8   2   0   3   1   4   6   4   0   5  10   3   3   2   3  31   4   0   3   7  0.15 0.18
  116 G    0  0 -1 -2 -3 -1 -1  4  0 -1 -2  0 -3  1 -1  2 -1 -3 -2 -2    8   6   3   2   0   3   3  33   2   4   2   5   0   7   2  15   2   0   0   2  0.32 0.21
  117 R   -1  4  0 -2 -4  3  1 -2  0 -2 -2  2  0 -4 -3  1  0 -4 -1 -1    5  23   4   0   0  17   7   1   2   2   3  11   3   0   0  10   5   0   2   4  0.35 0.24
  118 K    0  3  0  0 -4  2  1 -1  1 -4 -2  3 -1 -2 -3  0 -1 -4 -1 -3    6  18   4   5   0   8   7   4   4   0   3  24   1   1   0   8   3   0   2   1  0.33 0.23
  119 G    0 -2 -1 -1 -4 -3  0  5 -3 -4 -2  0 -3  1 -1  0 -1 -4 -3 -3    6   1   3   2   0   0   8  47   0   0   5   6   0   6   3   5   5   0   0   2  0.57 0.31
  120 G    1 -2 -1  1 -3  0  1  1 -2 -2 -2  1  0 -1 -1  2  2 -4 -3 -1    9   0   2   8   0   3  10  12   0   1   2   9   3   3   2  20  13   0   0   3  0.20 0.17
  121 R    0  4  0 -1 -3  1 -1 -1  0 -3 -2  1 -1 -3 -1  1  0 -3 -1 -1    6  34   4   3   0   8   2   5   2   0   4   5   1   0   2  10   7   0   2   4  0.35 0.23
  122 I   -1 -2 -1  0  0 -2 -1  0 -1  2  0 -1  1 -1 -1  0  0  2  0  1    2   0   3   6   3   0   4   7   2  18   9   4   3   2   2   8   6   3   4  13  0.05 0.08
  123 S    0 -1  1 -1  0  1  0  0 -2 -3 -2  0  1 -3  1  3  1  1 -3 -3    6   3   6   3   2   8   6   6   0   0   2   6   5   0   7  29   8   2   0   0  0.27 0.21
  124 L    0 -3 -3 -4 -3  0 -2 -4 -3  2  3 -1  3 -2 -3 -1  1 -3 -3  0    9   0   0   0   0   5   3   0   0  12  41   4   9   0   0   2  11   0   0   4  0.40 0.24
  125 Q   -1  0 -1  2 -1  3  3 -3 -2 -3 -2  1 -2 -2  0  0  0 -4 -3 -1    5   4   2  15   2  19  18   0   0   0   4   9   0   2   3   6   4   0   0   6  0.31 0.20
  126 H   -1 -2  2  2 -4  3 -1 -2  7 -5 -4  1 -3 -1 -3  1 -1 -4 -2 -4    3   0   9  10   0  13   2   3  33   0   0  11   0   3   0  11   4   0   0   0  0.72 0.34
  127 E   -1  0  2  1  0  2  4 -1  1 -4 -3  0 -1 -3 -2  0 -1 -3  0 -3    5   3  10   8   2  12  33   5   3   0   1   3   2   0   0   6   3   0   3   0  0.40 0.21
  128 L   -2 -2 -1 -2 -2 -2  1 -3 -3  0  3 -1  3 -1 -3  0  0 -3 -2  0    1   0   4   0   0   0  11   1   0   3  44   3  10   0   0   8   7   0   0   6  0.32 0.20
  129 L   -1 -3 -3 -1 -3 -1 -1 -2 -3  4  3 -3  3 -2 -4 -3 -2 -3 -2  2    3   0   0   4   0   4   3   3   0  30  27   0  11   0   0   0   0   0   0  15  0.43 0.22
  130 A    4  1 -2  0 -2 -1  0 -2  0 -2 -3  1 -2 -3 -2  1  1 -4 -3  0   43   7   0   6   0   0   6   0   3   0   0   8   0   0   0  13   6   0   0   6  0.36 0.22
  131 R   -1  5  1  0 -4 -1  1 -1 -2 -4 -4  2 -3 -1  0 -1 -2 -4 -3 -4    4  47   7   4   0   0   9   4   0   0   0  14   0   3   4   3   0   0   0   0  0.64 0.27
  132 M    0 -2  0 -3 -3  0  0 -3 -2 -1 -1  1  7  1 -3 -1  0 -3 -2 -1    9   0   4   0   0   4   4   1   0   0   1  12  44   7   0   4   5   0   0   3  0.50 0.27
  133 V    0 -2 -2 -2 -2 -2 -1 -2 -2  1  1 -1  0  3 -2 -1 -1 -1  0  2   10   1   1   1   0   1   6   2   0   9  15   6   0  22   1   1   1   0   1  21  0.16 0.09
  134 C    0 -2  0  0  6 -1  1 -2 -1  0 -1 -2 -1  1 -2 -1  0 -1  4 -1    6   1   4   5  21   1  10   1   0   9   2   1   0   5   1   1   6   0  23   1  0.34 0.14
  135 V   -1  0  1  0 -2 -1 -1  0 -2  0  0 -1 -1  0 -2  1  2 -2 -1  1    1   5  10   5   0   1   1   5   0   5  10   1   0   5   1  13  16   0   1  18  0.07 0.07
  136 G    0 -2 -1 -2 -3  0  1  6 -2 -4 -4  0 -3 -4 -3 -1 -2 -3 -3 -3    6   1   0   1   0   5  10  67   0   1   1   5   0   0   1   1   1   0   0   1  0.91 0.23
  137 M   -2  0 -2 -1 -3  1  3  1  1  0  0  1  4 -2 -3 -2 -2  3 -2  0    0   5   0   0   0   5  25  13   4   5   5   9  18   0   0   0   0   5   0   5  0.24 0.15
  138 E   -2 -2  0  1 -3  1  4 -1 -2 -1  0 -1  1 -3 -2  0  1 -4 -3 -2    0   0   5   5   0   4  44   5   0   4  13   0   5   0   0   5   9   0   0   0  0.35 0.18
  139 M   -1  1  0 -2 -2 -2 -2  1 -2  2  1 -1  1 -2  1 -1  0 -3 -2  1    0  11   4   0   0   0   0  14   0  16  17   0   4   0   9   4   6   0   0  15  0.13 0.09
  140 V    1 -3  1 -2 -2 -2 -1 -1 -2  1 -1 -2 -1  4 -3 -1  0 -2  0  2   16   0   9   0   0   0   5   5   0  11   0   0   0  24   0   0   5   0   0  25  0.22 0.15
  141 V    0 -2  0 -3  2 -2 -1 -3  2  1  2 -2  2 -1 -3 -2 -1 -3 -2  2   11   0   5   0   5   0   5   0   9   6  28   0   7   0   0   0   0   0   0  24  0.21 0.12
  142 F   -1 -3 -3 -4 -3  0 -3 -4 -2 -1  1 -3 -1  6 -4 -1 -3  0  4 -2    6   0   0   0   0   5   0   0   0   0  11   0   0  56   0   5   0   0  17   0  0.85 0.24
  143 A    2 -2 -2 -2  2  0 -2 -2 -2  0 -1  0 -1  0  1  0  0 -3 -2  2   26   0   0   0   6   7   0   0   0   5   0   6   0   6   6   6   6   0   0  26  0.17 0.11
  144 C    1  1 -2 -2  6 -1  0 -2 -2 -1 -1  1 -1 -2  1  1 -1 -3  1 -1   12  11   0   0  24   0   6   0   0   5   7  10   0   0   8  11   0   0   7   0  0.27 0.12
  145 N   -2 -1  6  2 -3  1 -1 -2 -1 -4 -4 -1 -3 -4 -3  0  2 -4 -3 -3    0   0  68   9   0   8   0   0   0   0   0   0   0   0   0   0  16   0   0   0  0.92 0.22
  146 A    0  1  1  1 -3 -1 -1  1 -2 -1 -2  0 -1  2  1 -1 -1 -2 -1  0    8  10   9   8   0   0   0  14   0   0   0   9   0  18   8   0   0   0   0  15  0.11 0.06
  147 R    1  3  1 -1 -2  0 -1 -2  2 -3 -3  2 -2 -3 -2  3  0 -3 -2 -3    9  26   8   0   0   0   0   0   8   0   0  15   0   0   0  34   0   0   0   0  0.39 0.11
  148 V    0  2  1 -2 -2 -1 -1 -2 -1  1 -1  1 -1 -1 -2  0 -1 -2  1  2    9  15  10   0   0   0   0   0   0  10   0   8   0   0   0   8   0   0   9  30  0.11 0.06
  149 A    3 -2 -1 -2 -2 -1 -1  2  3 -2 -2 -1 -2  1 -2  2  0 -3 -1 -2   38   0   0   0   0   0   0  15  11   0   0   0   0  10   0  26   0   0   0   0  0.32 0.10
  150 W   -2  1 -2 -3  3 -2 -2  1 -2 -3 -2 -2 -2  2 -3  1 -2  8  3 -3    0  11   0   0   9   0   0  11   0   0   0   0   0  10   0  15   0  34   9   0  0.80 0.14
  151 R   -1  3  3 -1 -3  0  1 -2 -1 -2 -3  3 -2 -3 -2  1 -1 -4 -2 -1    0  18  21   0   0   0   8   0   0   0   0  34   0   0   0  11   0   0   0   8  0.36 0.09
  152 R    0  4 -1 -2 -3  0  1 -2 -1 -2 -2  2 -1  1 -2  1 -1 -3 -1  0    9  40   0   0   0   0  10   0   0   0   0  11   0   9   0  11   0   0   0  10  0.29 0.09
  153 S    2 -2 -1 -1 -2 -1  1  2 -2 -2 -2 -1 -2 -3 -2  2  3 -3 -2 -1   28   0   0   0   0   0  11  15   0   0   0   0   0   0   0  19  26   0   0   0  0.33 0.09
  154 G    1 -2 -1 -2 -3 -2 -2  5 -2 -4 -4  0 -3 -2 -3 -1 -2 -2  2 -3    9   0   0   0   0   0   0  70   0   0   0  10   0   0   0   0   0   0  11   0  0.80 0.14
  155 E   -1 -1 -1  0  5  4  4 -3 -1 -3 -3  0 -2 -4 -2 -1 -1 -3 -3 -3    0   0   0   0  21  27  52   0   0   0   0   0   0   0   0   0   0   0   0   0  0.70 0.12
  156 V    1  1  1 -1 -2  0  2 -2 -1  0 -1  0 -1 -2 -2  0  2 -3 -2  1   14  13  11   0   0   0  20   0   0  11   0   0   0   0   0   0  21   0   0  11  0.15 0.05
  157 L   -1 -1 -2 -3 -2 -1 -2 -3 -2  1  2  0  4 -1 -3 -1  2 -2 -2  0    0   0   0   0   0   0   0   0   0  11  32  11  27   0   0   0  20   0   0   0  0.26 0.07
  158 I   -2 -4 -4 -4 -2 -3 -4 -4 -4  5  2 -3  1 -1 -3 -3 -1 -3 -2  2    0   0   0   0   0   0   0   0   0  87  13   0   0   0   0   0   0   0   0   0  0.68 0.13
  159 D    0 -2  0  5 -3  0  2 -1 -1 -3 -4 -1 -3 -4 -2  1 -1 -4 -3 -3   12   0   0  60   0   0  15   0   0   0   0   0   0   0   0  13   0   0   0   0  0.67 0.08
  160 G    1 -2  0  4 -3 -1  0  3 -2 -2 -2 -1  2 -3 -2  0 -1 -3 -3 -2   15   0   0  46   0   0   0  24   0   0   0   0  15   0   0   0   0   0   0   0  0.44 0.07
  161 V   -1 -3 -3 -3 -1 -2 -3 -3 -3  3  1 -2  0 -1 -3 -1  2 -3 -2  3    0   0   0   0   0   0   0   0   0  38   0   0   0   0   0   0  16   0   0  46  0.37 0.06
  162 G    1  2 -1 -2 -3 -1 -2  5 -2 -4 -3 -1 -2 -3 -2  0 -2 -3 -3 -3   16  16   0   0   0   0   0  67   0   0   0   0   0   0   0   0   0   0   0   0  0.71 0.07
  163 L   -2  4 -1 -2 -3  0 -1 -3 -1 -2  0  3 -1  2 -2 -1 -1 -2  0 -2    0  39   0   0   0   0   0   0   0   0  13  31   0  16   0   0   0   0   0   0  0.35 0.06
  164 F    0 -2 -2 -3 -3 -2 -2 -3  4 -1 -1 -3 -1  6 -3 -2 -2  0  2 -1   16   0   0   0   0   0   0   0  16   0   0   0   0  67   0   0   0   0   0   0  0.59 0.09
  165 S    0 -2 -1 -2 -2 -1 -1  3  3 -1  1 -1 -1 -2 -2  2 -1 -3 -1 -2    0   0   0   0   0   0   0  32  15   0  23   0   0   0   0  30   0   0   0   0  0.26 0.05
  166 L   -2 -3 -3 -3 -2 -2 -3 -4 -1  2  2 -2  1  1  3 -2 -1 -1  3  1    0   0   0   0   0   0   0   0   0  31  30   0   0   0  16   0   0   0  23   0  0.36 0.05
  167 N   -1 -1  3  0 -2  0  2  2 -1  0 -1  0 -1 -2 -2  0 -1 -2 -2 -1    1   1  29   1   0   1  24  17   0  17   1   1   0   1   1   1   1   0   1   1  0.20 0.03
  168 T   -1 -2 -1 -2 -1 -1 -2 -2 -2  2  1 -1  0 -1 -2  0  3 -2 -1  2    1   1   1   1   0   1   1   1   0  16  18   1   0   1   1   1  37   0   1  18  0.18 0.03
  169 A    2 -2 -2 -3 -2 -1 -2  3 -2  1  0 -2  4 -1 -2 -1 -1 -3 -2  0   25   0   0   0   0   0   0  28   0  16   0   0  31   0   0   0   0   0   0   0  0.25 0.06
  170 V    1 -2 -2 -3 -1 -2 -2 -2 -2  1  1 -2  0  2 -2  1  0 -2  0  3   16   0   0   0   0   0   0   0   0   0  12   0   0  16   0  15   0   0   0  41  0.17 0.04
  171 S   -1  1  2  0 -3  2  2 -2 -1 -3 -3  3 -2 -3  3  1 -1 -3 -2 -3    0   0  11   0   0  15  12   0   0   0   0  33   0   0  16  13   0   0   0   0  0.43 0.05
  172 T    0  2 -1 -2  4 -1 -1 -2 -2 -2 -2  0 -2  1  3  2  1 -2 -1 -2    0  16   0   0  15   0   0   0   0   0   0   0   0  12  16  28  13   0   0   0  0.30 0.05
  173 I    0 -3 -3 -3 -2 -2 -2 -3 -3  1  1 -2  0 -2  5 -1 -1 -3 -2  1   12   0   0   0   0   0   0   0   0  13  16   0   0   0  42   0   0   0   0  16  0.65 0.05
  174 S    2  0  0  0 -2  0  2 -1 -1 -3 -3  2 -2 -3 -1  3  0 -3 -2 -2   26   0   0   0   0   0  16   0   0   0   0  16   0   0   0  41   0   0   0   0  0.33 0.05
  175 V   -1 -2 -2 -2 -2 -2 -2  1 -1  3  0 -2  0  0 -2 -1 -1 -1  3  2    1   1   1   1   0   1   1  16   0  40   1   1   0   1   1   1   1   0  17  14  0.16 0.03
  176 H   -2  2  0 -2 -2  0 -1 -2  7 -2  0  0 -1 -1 -2 -1 -1 -2  1 -2    1  17   1   1   0   1   1   1  53   1  16   1   0   1   1   1   1   0   1   1  0.47 0.06
  177 D    0 -1  0  2 -2  0  2  2 -1 -1 -2 -1 -1 -2 -1  2  0 -2 -2  0    1   1   1  14   0   1  17  18   0   1   1   1   0   1   1  24   1   0   1  16  0.17 0.02
  178 V   -1 -2 -2 -2 -1 -2 -2 -2 -2  2  2 -2  1 -1 -2 -1  2 -2 -1  2    1   1   1   1   0   1   1   1   0  17  33   1   0   1   1   1  24   0   1  14  0.17 0.03
  179 I   -1  2 -2 -1 -2  0  1 -2 -1  1  2  0  1 -1 -2 -1 -1 -2 -1  0    1  17   1   1   0   1  17   1   0  14  39   1   0   1   1   1   1   0   1   1  0.13 0.03
  180 G    1 -2 -1 -1 -2 -1 -1  4 -2 -2 -2 -1 -2 -2 -1  0  1 -2 -2 -2   18   1   1   1   0   1   1  52   0   1   1   1   0   1   1   1  17   0   1   1  0.46 0.04
  181 L   -1 -1 -1 -2 -2  0 -1 -2 -2 -1  1  1  2 -1  4  0  1 -2 -2 -1    1   1   1   1   0   1   1   1   0   1  15  17  17   1  24   1  16   0   1   1  0.29 0.03
  182 A    1 -2 -2 -2 -2 -2 -2  2 -1  0 -1 -2 -1 -1 -2  0  1 -1  2  2   13   0   0   0   0   0   0  23   0   0   0   0   0   0   0   0  16   0  16  31  0.18 0.04
  183 L   -1 -2 -3 -3 -2 -2 -3 -3 -3  2  4 -2  1  0 -3  0 -1 -2 -2  1    0   0   0   0   0   0   0   0   0  16  69   0   0   0   0  15   0   0   0   0  0.36 0.06
  184 K    0  1  0 -1 -3  0  0  2 -1 -3 -3  4 -2 -3 -2  1 -1 -3 -2 -3    0   0   0   0   0   0   0  23   0   0   0  61   0   0   0  16   0   0   0   0  0.45 0.07
  185 Q   -1  0  2  0 -3  4  4 -2  0 -3 -3  0 -2 -3 -2  0  1 -3 -2 -2    0   0  15   0   0  30  39   0   0   0   0   0   0   0   0   0  16   0   0   0  0.49 0.07
  186 R   -1  2 -1  2 -3  0  2 -2 -1 -2 -2  2 -1  3 -2  0  1 -2  0 -2    0  13   0  15   0   0  16   0   0   0   0  16   0  23   0   0  16   0   0   0  0.21 0.04
  187 W   -2 -1 -3 -3 -3 -1 -2 -3 -2 -1  1  2  3  0 -3 -2 -2  9  0 -2    0   0   0   0   0   0   0   0   0   0  15  23  16   0   0   0   0  46   0   0  0.99 0.10
  188 S    0 -1  0  0 -1  0  2 -1 -1  1 -1 -1 -1 -2 -1  3  0 -2 -2  0    1   1   1   1   0   1  17   1   0  24   1   1   0   1   1  46   1   0   1   1  0.17 0.04
  189 S    0 -1  0  0 -2  0  2 -1 -1 -3 -3  0 -2 -3  4  3  0 -3 -2 -2    0   0   0   0   0   0  20   0   0   0   0   0   0   0  27  53   0   0   0   0  0.59 0.05
  190 S    0 -1  0 -1 -1 -1 -1 -1 -2 -2 -2 -1 -1 -3 -1  3  4 -3 -2 -1    0   0   0   0   0   0   0   0   0   0   0   0   0   0   0  43  57   0   0   0  0.49 0.06
  191 Y   -2 -2 -2 -3 -2 -2 -2 -3  1 -2 -1 -2 -1  2 -3 -1  1  1  7 -1    0   0   0   0   0   0   0   0   0   0   0   0   0   0   0   0  20   0  80   0  0.83 0.08
  192 R   -1  4 -1 -1 -2  0  0 -2 -1 -2 -1  2 -1  2 -1 -1 -1 -1  0 -2    2  36   1   1   1   1   2   2   1   1   2  21   1  19   1   2   2   0   1   2  0.24 0.02
  193 E   -1  0 -1  1 -4  2  5 -2 -1 -4 -3  2 -2 -4 -1  0 -1 -3 -2 -3    0   0   0   0   0   0  82   0   0   0   0  18   0   0   0   0   0   0   0   0  0.75 0.07
  194 H    1 -1  0  0 -3  1  4 -2  6 -3 -3  0 -2 -3 -2  0 -1 -3  0 -2   19   0   0   0   0   0  45   0  36   0   0   0   0   0   0   0   0   0   0   0  0.51 0.06
  195 V   -1 -1 -1  2 -2 -1 -1 -3 -2  2  2  1  0 -1 -2 -1 -1 -3 -2  1    0   0   0  19   0   0   0   0   0  18  27  20   0   0   0   0   0   0   0  16  0.13 0.02
  196 L   -1  3 -2 -3 -2 -1 -2 -3 -2  1  2 -1  1 -1 -3 -2 -1 -3 -2  2    0  27   0   0   0   0   0   0   0   0  36   0   0   0   0   0   0   0   0  37  0.24 0.04
  197 G    0 -2 -1 -2 -2 -2 -2  5 -2 -1 -2 -2 -2 -3 -2  1 -1 -3 -3  0    0   0   0   0   0   0   0  62   0   0   0   0   0   0   0  18   0   0   0  20  0.54 0.04
  198 W   -3 -3 -4 -5 -3 -3 -3 -3 -2 -2 -1 -3 -1  4 -4 -3 -3 11  2 -3    0   0   0   0   0   0   0   0   0   0   0   0   0  23   0   0   0  77   0   0  1.97 0.07
  199 I   -1 -3 -3 -3 -1 -3 -3 -4 -3  4  1 -3  1  0 -3 -2 -1 -3 -1  3    0   0   0   0   0   0   0   0   0  70   0   0   0   0   0   0   0   0   0  30  0.39 0.02
  200 L   -2 -3 -4 -4 -1 -3 -3 -4 -3  3  4 -3  2  0 -3 -3 -1 -2 -1  1    0   0   0   0   0   0   0   0   0  30  70   0   0   0   0   0   0   0   0   0  0.41 0.01
  201 W   -1  0 -1  0 -3  3  3 -2  0 -3 -2  0 -1 -2 -2 -1 -1  7  0 -3    0   0   0   0   0  30  43   0   0   0   0   0   0   0   0   0   0  27   0   0  0.72 0.02
  202 S   -1 -1  4  4 -3  0  1 -1 -1 -3 -3  0 -2 -3 -2  2  0 -4 -3 -3    0   0  30  43   0   0   0   0   0   0   0   0   0   0   0  27   0   0   0   0  0.53 0.02
  203 G    0 -1  0  0 -3  0  3  4 -1 -4 -4  0 -3 -3 -2  0 -1 -3 -3 -3    0   0   0   0   0   0  43  57   0   0   0   0   0   0   0   0   0   0   0   0  0.62 0.02
  204 P   -1 -2 -3 -2 -2 -2 -2 -3 -3  1 -1 -2 -1 -2  6 -1 -1 -4 -2  2    0   0   0   0   0   0   0   0   0   0   0   0   0   0  57   0   0   0   0  43  0.96 0.02
  205 K   -1  2  0 -1 -3  3  1 -2  0 -3 -3  4 -1 -3 -1  0 -1 -3 -2 -2    0   0   0   0   0  30   0   0   0   0   0  70   0   0   0   0   0   0   0   0  0.52 0.02
  206 Q   -1  3  0  0 -4  3  4 -2  0 -3 -3  1 -1 -3 -2  0 -1 -3 -2 -3    0  30   0   0   0  27  43   0   0   0   0   0   0   0   0   0   0   0   0   0  0.54 0.02
  207 P   -1 -3 -3 -2 -2 -2 -2 -3 -3  2  0 -2  0 -1  5 -2 -1 -3 -2  2    0   0   0   0   0   0   0   0   0  30   0   0   0   0  40   0   0   0   0  30  0.61 0.00
  208 N   -1 -1  4  0 -2  0 -1 -1 -1 -2 -2 -1 -1 -3 -2  1  4 -3 -2 -1    0   0  40   0   0   0   0   0   0   0   0   0   0   0   0   0  60   0   0   0  0.41 0.01
  209 S    0  0  0  1 -2  1  4 -1  0 -3 -3  0 -2 -3 -1  2  0 -3 -2 -2    0   0   0   0   0   0  60   0   0   0   0   0   0   0   0  40   0   0   0   0  0.47 0.01
  210 Y   -2 -2 -2 -3 -3 -2 -2 -3  2 -1 -1 -2 -1  3 -3 -2 -2  2  7 -1    0   0   0   0   0   0   0   0   0   0   0   0   0   0   0   0   0   0 100   0  0.89 0.01
  211 S    1 -2 -1 -1 -1 -1 -1 -1 -2  1  0 -1  0 -2 -2  2  1 -3 -2  2    0   0   0   0   0   0   0   0   0   0   0   0   0   0   0  50   0   0   0  50  0.18 0.00
  212 L   -1 -2 -1 -2 -1 -1 -2 -3 -2  1  2 -2  1 -1 -2  0  3 -2 -1  0    0   0   0   0   0   0   0   0   0   0  50   0   0   0   0   0  50   0   0   0  0.25 0.00
  213 N   -1  1  4  0 -3  1  0 -1  0 -3 -3  3 -2 -3 -2  0  0 -3 -2 -3    0   0  50   0   0   0   0   0   0   0   0  50   0   0   0   0   0   0   0   0  0.45 0.00
  214 V   -1 -3 -3 -3 -1 -3 -3 -4 -3  4  1 -3  1 -1 -3 -2  0 -3 -1  3    0   0   0   0   0   0   0   0   0  50   0   0   0   0   0   0   0   0   0  50  0.35 0.00
  215 E   -1  1  0  1 -4  2  4 -2  0 -3 -3  3 -2 -3 -1  0 -1 -3 -2 -2    0   0   0   0   0   0  50   0   0   0   0  50   0   0   0   0   0   0   0   0  0.50 0.00
  216 I   -1 -3 -3 -3 -1 -3 -3 -4 -3  4  1 -3  1  0 -3 -2 -1 -2 -1  2    0   0   0   0   0   0   0   0   0   0   0   0   0   0   0   0   0   0   0   0  0.00    0.00
  217 R   -1  5  0 -2 -3  1  0 -2  0 -3 -2  2 -1 -3 -2 -1 -1 -3 -2 -2    0   0   0   0   0   0   0   0   0   0   0   0   0   0   0   0   0   0   0   0  0.00    0.00
  218 S    1 -1  1  0 -1  0  0  0 -1 -2 -2  0 -1 -2 -1  4  1 -3 -2 -2    0   0   0   0   0   0   0   0   0   0   0   0   0   0   0   0   0   0   0   0  0.00    0.00
  219 T    0 -1  0 -1 -1 -1 -1 -2 -2 -1 -1 -1 -1 -2 -1  1  4 -2 -2  0    0   0   0   0   0   0   0   0   0   0   0   0   0   0   0   0   0   0   0   0  0.00    0.00
  220 H   -2  0  1 -1 -3  0  0 -2  7 -3 -3 -1 -1 -1 -2 -1 -2 -2  2 -3    0   0   0   0   0   0   0   0   0   0   0   0   0   0   0   0   0   0   0   0  0.00    0.00
  221 T    0 -1  0 -1 -1 -1 -1 -2 -2 -1 -1 -1 -1 -2 -1  1  4 -2 -2  0    0   0   0   0   0   0   0   0   0   0   0   0   0   0   0   0   0   0   0   0  0.00    0.00
  222 H   -2  0  1 -1 -3  0  0 -2  7 -3 -3 -1 -1 -1 -2 -1 -2 -2  2 -3    0   0   0   0   0   0   0   0   0   0   0   0   0   0   0   0   0   0   0   0  0.00    0.00
  223 S    1 -1  1  0 -1  0  0  0 -1 -2 -2  0 -1 -2 -1  4  1 -3 -2 -2    0   0   0   0   0   0   0   0   0   0   0   0   0   0   0   0   0   0   0   0  0.00    0.00
  224 Y   -2 -2 -2 -3 -2 -1 -2 -3  2 -1 -1 -2 -1  3 -3 -2 -2  2  6 -1    0   0   0   0   0   0   0   0   0   0   0   0   0   0   0   0   0   0   0   0  0.00    0.00
  225 Y   -2 -2 -2 -3 -2 -1 -2 -3  2 -1 -1 -2 -1  3 -3 -2 -2  2  6 -1    0   0   0   0   0   0   0   0   0   0   0   0   0   0   0   0   0   0   0   0  0.00    0.00
  226 I   -1 -3 -3 -3 -1 -3 -3 -4 -3  4  1 -3  1  0 -3 -2 -1 -2 -1  2    0   0   0   0   0   0   0   0   0   0   0   0   0   0   0   0   0   0   0   0  0.00    0.00
  227 H   -2  0  1 -1 -3  0  0 -2  7 -3 -3 -1 -1 -1 -2 -1 -2 -2  2 -3    0   0   0   0   0   0   0   0   0   0   0   0   0   0   0   0   0   0   0   0  0.00    0.00
  228 L   -1 -2 -3 -3 -1 -2 -3 -4 -3  1  4 -2  2  0 -3 -2 -1 -2 -1  1    0   0   0   0   0   0   0   0   0   0   0   0   0   0   0   0   0   0   0   0  0.00    0.00
  229 S    1 -1  1  0 -1  0  0  0 -1 -2 -2  0 -1 -2 -1  4  1 -3 -2 -2    0   0   0   0   0   0   0   0   0   0   0   0   0   0   0   0   0   0   0   0  0.00    0.00
  230 E   -1  0  0  1 -3  2  5 -2  0 -3 -3  1 -2 -3 -1  0 -1 -3 -2 -2    0   0   0   0   0   0   0   0   0   0   0   0   0   0   0   0   0   0   0   0  0.00    0.00
  231 R   -1  5  0 -2 -3  1  0 -2  0 -3 -2  2 -1 -3 -2 -1 -1 -3 -2 -2    0   0   0   0   0   0   0   0   0   0   0   0   0   0   0   0   0   0   0   0  0.00    0.00
  232 S    1 -1  1  0 -1  0  0  0 -1 -2 -2  0 -1 -2 -1  4  1 -3 -2 -2    0   0   0   0   0   0   0   0   0   0   0   0   0   0   0   0   0   0   0   0  0.00    0.00
  233 T    0 -1  0 -1 -1 -1 -1 -2 -2 -1 -1 -1 -1 -2 -1  1  4 -2 -2  0    0   0   0   0   0   0   0   0   0   0   0   0   0   0   0   0   0   0   0   0  0.00    0.00
  234 S    1 -1  1  0 -1  0  0  0 -1 -2 -2  0 -1 -2 -1  4  1 -3 -2 -2    0   0   0   0   0   0   0   0   0   0   0   0   0   0   0   0   0   0   0   0  0.00    0.00
  235 V    0 -2 -3 -3 -1 -2 -2 -3 -3  2  1 -2  1 -1 -2 -2  0 -3 -1  4    0   0   0   0   0   0   0   0   0   0   0   0   0   0   0   0   0   0   0   0  0.00    0.00
  236 Q   -1  1  0  0 -3  5  2 -2  0 -3 -2  1  0 -3 -1  0 -1 -2 -1 -2    0   0   0   0   0   0   0   0   0   0   0   0   0   0   0   0   0   0   0   0  0.00    0.00
  237 C    0 -3 -3 -3  8 -3 -3 -2 -3 -1 -1 -3 -1 -2 -3 -1 -1 -2 -2 -1    0   0   0   0   0   0   0   0   0   0   0   0   0   0   0   0   0   0   0   0  0.00    0.00
  238 A    4 -1 -1 -2  0 -1 -1  0 -2 -1 -1 -1 -1 -2 -1  1  0 -2 -2  0    0   0   0   0   0   0   0   0   0   0   0   0   0   0   0   0   0   0   0   0  0.00    0.00
  239 R   -1  5  0 -2 -3  1  0 -2  0 -3 -2  2 -1 -3 -2 -1 -1 -3 -2 -2    0   0   0   0   0   0   0   0   0   0   0   0   0   0   0   0   0   0   0   0  0.00    0.00
  240 K   -1  2  0 -1 -3  1  1 -1 -1 -3 -2  4 -1 -3 -1  0 -1 -3 -2 -2    0   0   0   0   0   0   0   0   0   0   0   0   0   0   0   0   0   0   0   0  0.00    0.00
  241 I   -1 -3 -3 -3 -1 -3 -3 -4 -3  4  1 -3  1  0 -3 -2 -1 -2 -1  2    0   0   0   0   0   0   0   0   0   0   0   0   0   0   0   0   0   0   0   0  0.00    0.00
  242 I   -1 -3 -3 -3 -1 -3 -3 -4 -3  4  1 -3  1  0 -3 -2 -1 -2 -1  2    0   0   0   0   0   0   0   0   0   0   0   0   0   0   0   0   0   0   0   0  0.00    0.00
  243 A    4 -1 -1 -2  0 -1 -1  0 -2 -1 -1 -1 -1 -2 -1  1  0 -2 -2  0    0   0   0   0   0   0   0   0   0   0   0   0   0   0   0   0   0   0   0   0  0.00    0.00
  244 E   -1  0  0  1 -3  2  5 -2  0 -3 -3  1 -2 -3 -1  0 -1 -3 -2 -2    0   0   0   0   0   0   0   0   0   0   0   0   0   0   0   0   0   0   0   0  0.00    0.00
  245 P   -1 -2 -2 -1 -3 -1 -1 -2 -2 -3 -3 -1 -2 -3  7 -1 -1 -4 -3 -2    0   0   0   0   0   0   0   0   0   0   0   0   0   0   0   0   0   0   0   0  0.00    0.00
  246 S    1 -1  1  0 -1  0  0  0 -1 -2 -2  0 -1 -2 -1  4  1 -3 -2 -2    0   0   0   0   0   0   0   0   0   0   0   0   0   0   0   0   0   0   0   0  0.00    0.00
  247 E   -1  0  0  1 -3  2  5 -2  0 -3 -3  1 -2 -3 -1  0 -1 -3 -2 -2    0   0   0   0   0   0   0   0   0   0   0   0   0   0   0   0   0   0   0   0  0.00    0.00
  248 R   -1  5  0 -2 -3  1  0 -2  0 -3 -2  2 -1 -3 -2 -1 -1 -3 -2 -2    0   0   0   0   0   0   0   0   0   0   0   0   0   0   0   0   0   0   0   0  0.00    0.00
  249 I   -1 -3 -3 -3 -1 -3 -3 -4 -3  4  1 -3  1  0 -3 -2 -1 -2 -1  2    0   0   0   0   0   0   0   0   0   0   0   0   0   0   0   0   0   0   0   0  0.00    0.00
  250 G    0 -2  0 -1 -2 -2 -2  5 -2 -4 -4 -1 -3 -3 -2  0 -2 -2 -3 -3    0   0   0   0   0   0   0   0   0   0   0   0   0   0   0   0   0   0   0   0  0.00    0.00
  251 E   -1  0  0  1 -3  2  5 -2  0 -3 -3  1 -2 -3 -1  0 -1 -3 -2 -2    0   0   0   0   0   0   0   0   0   0   0   0   0   0   0   0   0   0   0   0  0.00    0.00
  252 D   -2 -2  1  6 -3  0  1 -1 -1 -3 -3 -1 -3 -3 -1  0 -1 -4 -3 -3    0   0   0   0   0   0   0   0   0   0   0   0   0   0   0   0   0   0   0   0  0.00    0.00
  253 D   -2 -2  1  6 -3  0  1 -1 -1 -3 -3 -1 -3 -3 -1  0 -1 -4 -3 -3    0   0   0   0   0   0   0   0   0   0   0   0   0   0   0   0   0   0   0   0  0.00    0.00
  254 A    4 -1 -1 -2  0 -1 -1  0 -2 -1 -1 -1 -1 -2 -1  1  0 -2 -2  0    0   0   0   0   0   0   0   0   0   0   0   0   0   0   0   0   0   0   0   0  0.00    0.00
  255 S    1 -1  1  0 -1  0  0  0 -1 -2 -2  0 -1 -2 -1  4  1 -3 -2 -2    0   0   0   0   0   0   0   0   0   0   0   0   0   0   0   0   0   0   0   0  0.00    0.00
  256 D   -2 -2  1  6 -3  0  1 -1 -1 -3 -3 -1 -3 -3 -1  0 -1 -4 -3 -3    0   0   0   0   0   0   0   0   0   0   0   0   0   0   0   0   0   0   0   0  0.00    0.00
  257 F   -2 -3 -3 -3 -2 -3 -3 -3 -1  0  0 -3  0  6 -3 -2 -2  1  3 -1    0   0   0   0   0   0   0   0   0   0   0   0   0   0   0   0   0   0   0   0  0.00    0.00
  258 C    0 -3 -3 -3  8 -3 -3 -2 -3 -1 -1 -3 -1 -2 -3 -1 -1 -2 -2 -1    0   0   0   0   0   0   0   0   0   0   0   0   0   0   0   0   0   0   0   0  0.00    0.00
  259 M   -1 -1 -2 -3 -1  0 -2 -3 -1  1  2 -1  5  0 -2 -1 -1 -1 -1  1    0   0   0   0   0   0   0   0   0   0   0   0   0   0   0   0   0   0   0   0  0.00    0.00
  260 K   -1  2  0 -1 -3  1  1 -1 -1 -3 -2  4 -1 -3 -1  0 -1 -3 -2 -2    0   0   0   0   0   0   0   0   0   0   0   0   0   0   0   0   0   0   0   0  0.00    0.00
  261 R   -1  5  0 -2 -3  1  0 -2  0 -3 -2  2 -1 -3 -2 -1 -1 -3 -2 -2    0   0   0   0   0   0   0   0   0   0   0   0   0   0   0   0   0   0   0   0  0.00    0.00
  262 A    4 -1 -1 -2  0 -1 -1  0 -2 -1 -1 -1 -1 -2 -1  1  0 -2 -2  0    0   0   0   0   0   0   0   0   0   0   0   0   0   0   0   0   0   0   0   0  0.00    0.00
  263 S    1 -1  1  0 -1  0  0  0 -1 -2 -2  0 -1 -2 -1  4  1 -3 -2 -2    0   0   0   0   0   0   0   0   0   0   0   0   0   0   0   0   0   0   0   0  0.00    0.00
  264 G    0 -2  0 -1 -2 -2 -2  5 -2 -4 -4 -1 -3 -3 -2  0 -2 -2 -3 -3    0   0   0   0   0   0   0   0   0   0   0   0   0   0   0   0   0   0   0   0  0.00    0.00
  265 K   -1  2  0 -1 -3  1  1 -1 -1 -3 -2  4 -1 -3 -1  0 -1 -3 -2 -2    0   0   0   0   0   0   0   0   0   0   0   0   0   0   0   0   0   0   0   0  0.00    0.00
  266 R   -1  5  0 -2 -3  1  0 -2  0 -3 -2  2 -1 -3 -2 -1 -1 -3 -2 -2    0   0   0   0   0   0   0   0   0   0   0   0   0   0   0   0   0   0   0   0  0.00    0.00
  267 C    0 -3 -3 -3  8 -3 -3 -2 -3 -1 -1 -3 -1 -2 -3 -1 -1 -2 -2 -1    0   0   0   0   0   0   0   0   0   0   0   0   0   0   0   0   0   0   0   0  0.00    0.00
  268 A    4 -1 -1 -2  0 -1 -1  0 -2 -1 -1 -1 -1 -2 -1  1  0 -2 -2  0    0   0   0   0   0   0   0   0   0   0   0   0   0   0   0   0   0   0   0   0  0.00    0.00
  269 L   -1 -2 -3 -3 -1 -2 -3 -4 -3  1  4 -2  2  0 -3 -2 -1 -2 -1  1    0   0   0   0   0   0   0   0   0   0   0   0   0   0   0   0   0   0   0   0  0.00    0.00
  270 E   -1  0  0  1 -3  2  5 -2  0 -3 -3  1 -2 -3 -1  0 -1 -3 -2 -2    0   0   0   0   0   0   0   0   0   0   0   0   0   0   0   0   0   0   0   0  0.00    0.00
  271 G    0 -2  0 -1 -2 -2 -2  5 -2 -4 -4 -1 -3 -3 -2  0 -2 -2 -3 -3    0   0   0   0   0   0   0   0   0   0   0   0   0   0   0   0   0   0   0   0  0.00    0.00
  272 E   -1  0  0  1 -3  2  5 -2  0 -3 -3  1 -2 -3 -1  0 -1 -3 -2 -2    0   0   0   0   0   0   0   0   0   0   0   0   0   0   0   0   0   0   0   0  0.00    0.00
  273 G    0 -2  0 -1 -2 -2 -2  5 -2 -4 -4 -1 -3 -3 -2  0 -2 -2 -3 -3    0   0   0   0   0   0   0   0   0   0   0   0   0   0   0   0   0   0   0   0  0.00    0.00
  274 L   -1 -2 -3 -3 -1 -2 -3 -4 -3  1  4 -2  2  0 -3 -2 -1 -2 -1  1    0   0   0   0   0   0   0   0   0   0   0   0   0   0   0   0   0   0   0   0  0.00    0.00
  275 S    1 -1  1  0 -1  0  0  0 -1 -2 -3  0 -2 -2 -1  4  1 -3 -2 -2    0   0   0   0   0   0   0   0   0   0   0   0   0   0   0 100   0   0   0   0  0.45 0.01
  276 W   -3 -3 -4 -4 -2 -2 -3 -3 -2 -3 -2 -3 -2  1 -4 -3 -3 11  2 -3    0   0   0   0   0   0   0   0   0   0   0   0   0   0   0   0   0 100   0   0  2.29 0.01
  277 Q   -1  1  0  0 -3  6  2 -2  0 -3 -2  1  0 -3 -1  0 -1 -2 -1 -2    0   0   0   0   0 100   0   0   0   0   0   0   0   0   0   0   0   0   0   0  0.64 0.01
  278 E   -1  0  0  2 -4  2  5 -2  0 -3 -3  1 -2 -3 -1  0 -1 -3 -2 -3    0   0   0   0   0   0 100   0   0   0   0   0   0   0   0   0   0   0   0   0  0.73 0.01
  279 G    0 -2  0 -1 -3 -2 -2  6 -2 -4 -4 -2 -3 -3 -2  0 -2 -3 -3 -3    0   0   0   0   0   0   0 100   0   0   0   0   0   0   0   0   0   0   0   0  1.04 0.01
  280 V    0 -3 -3 -3 -1 -2 -3 -3 -3  3  1 -2  1 -1 -2 -2  0 -3 -1  4    0   0   0   0   0   0   0   0   0   0   0   0   0   0   0   0   0   0   0 100  0.34 0.01
  281 N   -2  0  6  1 -3  0  0  0  1 -3 -4  0 -2 -3 -2  1  0 -4 -2 -3    0   0 100   0   0   0   0   0   0   0   0   0   0   0   0   0   0   0   0   0  0.72 0.01
  282 G    0 -2  0 -1 -3 -2 -2  6 -2 -4 -4 -2 -3 -3 -2  0 -2 -3 -3 -3    0   0   0   0   0   0   0 100   0   0   0   0   0   0   0   0   0   0   0   0  1.04 0.01
  283 F   -2 -3 -3 -4 -3 -3 -3 -3 -1  0  0 -3  0  6 -4 -2 -2  1  3 -1    0   0   0   0   0   0   0   0   0   0   0   0   0 100   0   0   0   0   0   0  0.73 0.01
  284 S    1 -1  1  0 -1  0  0  0 -1 -2 -3  0 -2 -2 -1  4  1 -3 -2 -2    0   0   0   0   0   0   0   0   0   0   0   0   0   0   0 100   0   0   0   0  0.45 0.01
  285 E   -1  0  0  2 -4  2  5 -2  0 -3 -3  1 -2 -3 -1  0 -1 -3 -2 -3    0   0   0   0   0   0 100   0   0   0   0   0   0   0   0   0   0   0   0   0  0.73 0.01
  286 T    0 -1  0 -1 -1 -1 -1 -2 -2 -1 -1 -1 -1 -2 -1  1  5 -3 -2  0    0   0   0   0   0   0   0   0   0   0   0   0   0   0   0   0 100   0   0   0  0.46 0.01
  287 L   -2 -2 -4 -4 -1 -2 -3 -4 -3  2  4 -3  2  0 -3 -3 -1 -2 -1  1    0   0   0   0   0   0   0   0   0   0 100   0   0   0   0   0   0   0   0   0  0.45 0.01
  288 L   -2 -2 -4 -4 -1 -2 -3 -4 -3  2  4 -3  2  0 -3 -3 -1 -2 -1  1    0   0   0   0   0   0   0   0   0   0 100   0   0   0   0   0   0   0   0   0  0.45 0.01
  289 S    1 -1  1  0 -1  0  0  0 -1 -2 -3  0 -2 -2 -1  4  1 -3 -2 -2    0   0   0   0   0   0   0   0   0   0   0   0   0   0   0 100   0   0   0   0  0.45 0.01
  290 G    0 -2  0 -1 -3 -2 -2  6 -2 -4 -4 -2 -3 -3 -2  0 -2 -3 -3 -3    0   0   0   0   0   0   0 100   0   0   0   0   0   0   0   0   0   0   0   0  1.04 0.01
  291 A    4 -1 -2 -2  0 -1 -1  0 -2 -1 -2 -1 -1 -2 -1  1  0 -3 -2  0  100   0   0   0   0   0   0   0   0   0   0   0   0   0   0   0   0   0   0   0  0.40 0.01
  292 G    0 -2  0 -1 -3 -2 -2  6 -2 -4 -4 -2 -3 -3 -2  0 -2 -3 -3 -3    0   0   0   0   0   0   0 100   0   0   0   0   0   0   0   0   0   0   0   0  1.04 0.01
  293 V    0 -3 -3 -3 -1 -2 -3 -3 -3  3  1 -2  1 -1 -2 -2  0 -3 -1  4    0   0   0   0   0   0   0   0   0   0   0   0   0   0   0   0   0   0   0 100  0.34 0.01
  294 F   -2 -3 -3 -4 -3 -3 -3 -3 -1  0  0 -3  0  6 -4 -2 -2  1  3 -1    0   0   0   0   0   0   0   0   0   0   0   0   0 100   0   0   0   0   0   0  0.73 0.01
  295 D   -2 -2  1  6 -4  0  2 -1 -1 -3 -4 -1 -3 -4 -2  0 -1 -4 -3 -3    0   0   0 100   0   0   0   0   0   0   0   0   0   0   0   0   0   0   0   0  0.92 0.01
  296 C    0 -4 -3 -4  9 -3 -4 -3 -3 -1 -1 -3 -1 -3 -3 -1 -1 -2 -3 -1    0   0   0   0 100   0   0   0   0   0   0   0   0   0   0   0   0   0   0   0  1.19 0.01
  297 L   -2 -2 -4 -4 -1 -2 -3 -4 -3  2  4 -3  2  0 -3 -3 -1 -2 -1  1    0   0   0   0   0   0   0   0   0   0 100   0   0   0   0   0   0   0   0   0  0.45 0.01
  298 N   -2  0  6  1 -3  0  0  0  1 -3 -4  0 -2 -3 -2  1  0 -4 -2 -3    0   0 100   0   0   0   0   0   0   0   0   0   0   0   0   0   0   0   0   0  0.72 0.01
  299 S    1 -1  1  0 -1  0  0  0 -1 -2 -3  0 -2 -2 -1  4  1 -3 -2 -2    0   0   0   0   0   0   0   0   0   0   0   0   0   0   0 100   0   0   0   0  0.45 0.01
  300 S    1 -1  1  0 -1  0  0  0 -1 -2 -3  0 -2 -2 -1  4  1 -3 -2 -2    0   0   0   0   0   0   0   0   0   0   0   0   0   0   0 100   0   0   0   0  0.45 0.01
  301 A    4 -1 -2 -2  0 -1 -1  0 -2 -1 -2 -1 -1 -2 -1  1  0 -3 -2  0  100   0   0   0   0   0   0   0   0   0   0   0   0   0   0   0   0   0   0   0  0.40 0.01
  302 K   -1  2  0 -1 -3  1  1 -2 -1 -3 -3  5 -1 -3 -1  0 -1 -3 -2 -2    0   0   0   0   0   0   0   0   0   0   0 100   0   0   0   0   0   0   0   0  0.51 0.01
  303 V    0 -3 -3 -3 -1 -2 -3 -3 -3  3  1 -2  1 -1 -2 -2  0 -3 -1  4    0   0   0   0   0   0   0   0   0   0   0   0   0   0   0   0   0   0   0 100  0.34 0.01
  304 I   -1 -3 -3 -3 -1 -3 -3 -4 -3  4  2 -3  1  0 -3 -2 -1 -3 -1  3    0   0   0   0   0   0   0   0   0 100   0   0   0   0   0   0   0   0   0   0  0.38 0.01
  305 G    0 -2  0 -1 -3 -2 -2  6 -2 -4 -4 -2 -3 -3 -2  0 -2 -3 -3 -3    0   0   0   0   0   0   0 100   0   0   0   0   0   0   0   0   0   0   0   0  1.04 0.01
  306 V    0 -3 -3 -3 -1 -2 -3 -3 -3  3  1 -2  1 -1 -2 -2  0 -3 -1  4    0   0   0   0   0   0   0   0   0   0   0   0   0   0   0   0   0   0   0 100  0.34 0.01
  307 P   -1 -2 -2 -2 -3 -1 -1 -2 -2 -3 -3 -1 -3 -4  8 -1 -1 -4 -3 -2    0   0   0   0   0   0   0   0   0   0   0   0   0   0 100   0   0   0   0   0  2.03 0.01
  308 W   -3 -3 -4 -4 -2 -2 -3 -3 -2 -3 -2 -3 -2  1 -4 -3 -3 11  2 -3    0   0   0   0   0   0   0   0   0   0   0   0   0   0   0   0   0 100   0   0  2.29 0.01
  309 K   -1  2  0 -1 -3  1  1 -2 -1 -3 -3  5 -1 -3 -1  0 -1 -3 -2 -2    0   0   0   0   0   0   0   0   0   0   0 100   0   0   0   0   0   0   0   0  0.51 0.01
  310 D   -2 -2  1  6 -4  0  2 -1 -1 -3 -4 -1 -3 -4 -2  0 -1 -4 -3 -3    0   0   0 100   0   0   0   0   0   0   0   0   0   0   0   0   0   0   0   0  0.92 0.01
  311 G    0 -2  0 -1 -3 -2 -2  6 -2 -4 -4 -2 -3 -3 -2  0 -2 -3 -3 -3    0   0   0   0   0   0   0 100   0   0   0   0   0   0   0   0   0   0   0   0  1.04 0.01
  312 I    0 -2 -1 -1 -1 -1 -1 -2 -2  2  0 -1  0 -1 -2  2  1 -3 -2  1    0   0   0   0   0   0   0   0   0  47   0   0   0   0   0  53   0   0   0   0  0.16 0.00
  313 I   -1 -3 -3 -3 -1 -2 -3 -4 -3  4  2 -2  3  0 -3 -2 -1 -2 -1  2    0   0   0   0   0   0   0   0   0  71   0   0  29   0   0   0   0   0   0   0  0.31 0.00
  314 M   -1 -1 -2 -3 -2  0 -2 -3 -2  1  2 -1  6  0 -3 -2 -1 -2 -1  1    0   0   0   0   0   0   0   0   0   0   0   0 100   0   0   0   0   0   0   0  0.34 0.00
  315 A    4 -1 -2 -2  0 -1 -1  0 -2 -1 -2 -1 -1 -2 -1  1  0 -3 -2  0  100   0   0   0   0   0   0   0   0   0   0   0   0   0   0   0   0   0   0   0  0.40 0.00
  316 S    1 -1  1  0 -1  0  0  0 -1 -2 -3  0 -2 -3 -1  4  1 -3 -2 -2    0   0   0   0   0   0   0   0   0   0   0   0   0   0   0 100   0   0   0   0  0.45 0.00
  317 I   -1 -3 -3 -3 -1 -3 -3 -4 -3  4  1 -3  1  0 -3 -2 -1 -3 -1  3    0   0   0   0   0   0   0   0   0  75   0   0   0   0   0   0   0   0   0  25  0.36 0.00
  318 D   -2 -2  1  6 -4  0  2 -1 -1 -3 -4 -1 -3 -4 -2  0 -1 -4 -3 -3    0   0   0 100   0   0   0   0   0   0   0   0   0   0   0   0   0   0   0   0  0.94 0.00
  319 L   -2 -2 -4 -4 -1 -2 -3 -4 -3  2  4 -3  2  0 -3 -3 -1 -2 -1  1    0   0   0   0   0   0   0   0   0   0 100   0   0   0   0   0   0   0   0   0  0.48 0.01
  320 D   -2 -1  1  5 -4  0  3 -2 -1 -3 -4  0 -3 -4 -2  0 -1 -4 -3 -3    0   0   0  70   0   0  30   0   0   0   0   0   0   0   0   0   0   0   0   0  0.78 0.01
  321 T   -1 -2  0  3 -2 -1  0 -2 -2 -1 -1 -1 -1  2 -2  0  3 -2  0 -1    0   0   0  30   0   0   0   0   0   0   0   0   0  18   0   0  52   0   0   0  0.29 0.01
  322 F   -2 -3 -3 -4 -3 -3 -3 -3 -1  0  0 -3  0  7 -4 -3 -2  1  3 -1    0   0   0   0   0   0   0   0   0   0   0   0   0 100   0   0   0   0   0   0  0.80 0.02
  323 F   -2 -3 -3 -4 -2 -3 -3 -3 -2  0  1 -3  0  6 -4 -3 -2  1  3 -1    0   0   0   0   0   0   0   0   0   0  18   0   0  82   0   0   0   0   0   0  0.63 0.01
  324 D   -1  0  1  5 -4  3  3 -2  0 -3 -3  0 -2 -4 -1  0 -1 -3 -2 -3    0   0   0  54   0  30  16   0   0   0   0   0   0   0   0   0   0   0   0   0  0.62 0.01
  325 G    2 -2 -1 -2 -2 -2 -2  5 -2 -3 -3 -1 -2 -3 -2  0 -1 -3 -3 -2   30   0   0   0   0   0   0  70   0   0   0   0   0   0   0   0   0   0   0   0  0.70 0.01
  326 F   -2 -3 -3 -4 -3 -3 -3 -3  0 -1  0 -3  0  6 -4 -2 -2  1  5 -1    0   0   0   0   0   0   0   0   0   0   0   0   0  70   0   0   0   0  30   0  0.72 0.01
  327 G    0 -3 -1 -1 -3 -2 -2  6 -2 -4 -4 -2 -3 -3 -2  0 -2 -3 -3 -3    0   0   0   0   0   0   0 100   0   0   0   0   0   0   0   0   0   0   0   0  1.08 0.01
  328 L   -1 -3 -3 -4 -1 -2 -3 -4 -3  3  3 -3  2  0 -3 -2 -1 -2 -1  2    0   0   0   0   0   0   0   0   0  18  52   0   0   0   0   0   0   0   0  30  0.34 0.01
  329 R   -2  6 -1 -2 -4  1  0 -3  0 -3 -2  2 -2 -3 -2 -1 -1 -3 -2 -3    0 100   0   0   0   0   0   0   0   0   0   0   0   0   0   0   0   0   0   0  0.80 0.02
  330 P    1 -2 -2 -2  6 -2 -2 -2 -2 -2 -2 -2 -2 -3  6  0 -1 -3 -3 -1   18   0   0   0  30   0   0   0   0   0   0   0   0   0  52   0   0   0   0   0  1.02 0.01
  331 E   -1  0  3  1 -4  1  4 -2  0 -3 -3  0 -2 -3 -1  0 -1 -3 -2 -3    0   0  30   0   0   0  70   0   0   0   0   0   0   0   0   0   0   0   0   0  0.59 0.01
  332 T    0 -1  0 -1 -1 -1 -1 -2 -2 -1 -1 -1 -1 -2 -1  1  5 -3 -2  0    0   0   0   0   0   0   0   0   0   0   0   0   0   0   0   0 100   0   0   0  0.52 0.02
  333 V    0 -3 -3 -3 -1 -2 -3 -3 -3  3  1 -3  1 -1 -3 -2  0 -3 -1  4    0   0   0   0   0   0   0   0   0  18   0   0   0   0   0   0   0   0   0  82  0.37 0.01
  334 F    2  1 -2 -2 -2 -1 -2  2 -2 -1 -1 -1 -1  3 -2  0 -1 -1  0  0   30  16   0   0   0   0   0  18   0   0   0   0   0  24   0   0   0   0   0  12  0.13 0.00
  335 K   -1  2  0 -1 -3  1  1 -2 -1 -3 -3  5 -2 -3 -1  0 -1 -3 -2 -2    0   0   0   0   0   0   0   0   0   0   0 100   0   0   0   0   0   0   0   0  0.56 0.02
  336 I   -1 -3 -3 -3 -1 -3 -3 -4 -3  5  2 -3  1  0 -3 -3 -1 -3 -1  3    0   0   0   0   0   0   0   0   0 100   0   0   0   0   0   0   0   0   0   0  0.43 0.01
  337 K    0  2  0 -1 -2  1  0 -1 -1 -3 -3  4 -2 -3 -1  2  0 -3 -2 -2    0   0   0   0   0   0   0   0   0   0   0  70   0   0   0  30   0   0   0   0  0.40 0.01
  338 E   -1  0  0  2 -4  2  5 -2  0 -3 -3  1 -2 -3 -1  0 -1 -3 -2 -3    0   0   0   0   0   0 100   0   0   0   0   0   0   0   0   0   0   0   0   0  0.78 0.02
  339 M   -1 -2 -2 -3 -1 -1 -2 -3 -2  1  3 -2  5  0 -2 -1  1 -2 -1  1    0   0   0   0   0   0   0   0   0   0  30   0  54   0   0   0  16   0   0   0  0.28 0.01
  340 G    0 -3 -1 -1 -3 -2 -2  6 -2 -4 -4 -2 -3 -3 -2  0 -2 -3 -3 -3    0   0   0   0   0   0   0 100   0   0   0   0   0   0   0   0   0   0   0   0  1.08 0.01
  341 F   -2 -3 -3 -4 -3 -3 -3 -3 -1  0  0 -3  0  7 -4 -3 -2  1  3 -1    0   0   0   0   0   0   0   0   0   0   0   0   0 100   0   0   0   0   0   0  0.80 0.02
  342 T    0 -1  0 -1 -1 -1 -1 -2 -2 -1 -1 -1 -1 -2 -1  1  5 -3 -2  0    0   0   0   0   0   0   0   0   0   0   0   0   0   0   0   0 100   0   0   0  0.52 0.02
  343 A    3 -2 -2 -2 -1 -1 -2  2 -2  0 -1 -1 -1 -2 -2  0  0 -3 -2  2   52   0   0   0   0   0   0  18   0   0   0   0   0   0   0   0   0   0   0  30  0.23 0.01
  344 K   -1  1  3  0 -3  1  0 -1  0 -3 -3  3 -2 -3 -1  0  1 -3 -2 -2    0   0  30   0   0   0   0   0   0   0   0  54   0   0   0   0  16   0   0   0  0.36 0.01
  345 T    0 -1  0 -1 -1 -1 -1 -2 -2 -1 -1 -1 -1 -2 -1  1  5 -3 -2  0    0   0   0   0   0   0   0   0   0   0   0   0   0   0   0   0 100   0   0   0  0.52 0.02
  346 L   -2 -2 -4 -4 -2 -2 -3 -4 -3  1  4 -3  2  3 -3 -3 -1 -1  0  1    0   0   0   0   0   0   0   0   0   0  82   0   0  18   0   0   0   0   0   0  0.42 0.01
  347 M   -1 -2 -3 -3 -1 -1 -3 -3 -2  2  3 -2  5  0 -3 -2 -1 -2 -1  1    0   0   0   0   0   0   0   0   0  16  30   0  54   0   0   0   0   0   0   0  0.34 0.01
  348 S    1 -1  0  0 -2  1  3 -1 -1 -3 -3  0 -2 -3 -1  3  1 -3 -2 -2    0   0   0   0   0   0  30   0   0   0   0   0   0   0   0  70   0   0   0   0  0.41 0.01
  349 N   -1 -1  5  0 -2  0 -1 -1  0 -1 -1 -1  3 -2 -2  0  0 -3 -2 -1    0   0  70   0   0   0   0   0   0   0   0   0  30   0   0   0   0   0   0   0  0.41 0.01
  350 V   -1  3 -2 -3 -2 -1 -2 -3 -2  2  1  0  1 -1 -3 -2 -1 -3 -1  2    0  30   0   0   0   0   0   0   0  16  12   0   0   0   0   0   0   0   0  41  0.20 0.01
  351 D   -2 -2  1  6 -4  0  2 -1 -1 -3 -4 -1 -3 -4 -2  0 -1 -5 -3 -3    0   0   0 100   0   0   0   0   0   0   0   0   0   0   0   0   0   0   0   0  0.98 0.02
  352 E   -1  0  0  2 -4  2  5 -2  0 -3 -3  1 -2 -3 -1  0 -1 -3 -2 -3    0   0   0   0   0   0 100   0   0   0   0   0   0   0   0   0   0   0   0   0  0.78 0.02
  353 L   -2 -2 -4 -4 -1 -2 -3 -4 -3  2  4 -3  2  0 -3 -3 -1 -2 -1  1    0   0   0   0   0   0   0   0   0   0 100   0   0   0   0   0   0   0   0   0  0.48 0.01
  354 P   -1 -2 -1  3 -3 -1  0 -2 -2 -2  0 -1 -1 -3  6 -1 -1 -4 -3 -2    0   0   0  30   0   0   0   0   0   0  18   0   0   0  52   0   0   0   0   0  0.89 0.01
  355 S    1 -1  0 -1 -1 -1 -1 -1 -2  0 -1 -1 -1 -2 -1  3  2 -3 -2  1    0   0   0   0   0   0   0   0   0   0   0   0   0   0   0  52  18   0   0  30  0.23 0.01
  356 L   -1 -2 -3 -4 -1 -2 -3 -4 -3  1  4 -2  4  0 -3 -2 -1 -2 -1  1    0   0   0   0   0   0   0   0   0   0  70   0  30   0   0   0   0   0   0   0  0.40 0.01
  357 L   -1 -2 -3 -4 -1 -2 -3 -4 -3  1  4 -2  4  0 -3 -2 -1 -2 -1  1    0   0   0   0   0   0   0   0   0   0  70   0  30   0   0   0   0   0   0   0  0.40 0.01
  358 E   -1 -1  3  3 -3  1  4 -1  0 -3 -3  0 -2 -3 -2  0 -1 -4 -2 -3    0   0  30  18   0   0  52   0   0   0   0   0   0   0   0   0   0   0   0   0  0.56 0.01
  359 S    1 -1  3  0 -1  0  0  0 -1 -3 -3  0 -2 -3 -1  3  1 -3 -2 -2   16   0  30   0   0   0   0   0   0   0   0   0   0   0   0  54   0   0   0   0  0.37 0.01
  360 I   -1 -3 -3 -3 -1 -3 -3 -4 -3  4  1 -3  1  0 -3 -2 -1 -3 -1  3    0   0   0   0   0   0   0   0   0  70   0   0   0   0   0   0   0   0   0  30  0.38 0.01
  361 N    0  0  4  1 -2  0  0 -1  0 -3 -3  2 -2 -3 -2  2  0 -3 -2 -3    0   0  52   0   0   0   0   0   0   0   0  18   0   0   0  30   0   0   0   0  0.43 0.01
  362 Q   -1  3  0 -1 -3  5  2 -2  0 -3 -2  1 -1 -3 -2  0 -1 -2 -2 -2    0  16   0   0   0  84   0   0   0   0   0   0   0   0   0   0   0   0   0   0  0.63 0.02
  363 H   -2  3  0 -1 -3  1  0 -2  7 -3 -3  0 -2 -2 -2 -1 -2 -3  1 -3    0  30   0   0   0   0   0   0  70   0   0   0   0   0   0   0   0   0   0   0  0.69 0.02
  364 H   -2 -1 -1 -2  4 -1 -1 -3  6 -2 -2 -1 -1  1 -3 -1 -2  0  4 -2    0   0   0   0  18   0   0   0  52   0   0   0   0   0   0   0   0   0  30   0  0.58 0.01
  365 L   -1 -1 -1  0 -3  2  3 -2  3 -1  1  0  0 -2  2 -1 -1 -3 -1 -1    0   0   0   0   0  16  30   0  18   0  24   0   0   0  12   0   0   0   0   0  0.28 0.01
  366 L   -2 -2 -4 -4 -1 -2 -3 -4 -3  2  4 -3  2  0 -3 -3 -1 -2 -1  1    0   0   0   0   0   0   0   0   0   0 100   0   0   0   0   0   0   0   0   0  0.48 0.01
  367 T    0 -2 -1 -2 -1 -1 -1 -2 -2  0  1 -1  0 -1 -2  1  4 -2 -2  0    0   0   0   0   0   0   0   0   0   0  30   0   0   0   0   0  70   0   0   0  0.30 0.01
  368 L   -1 -2 -3 -4 -1 -2 -3 -4 -3  2  3 -3  2  0 -3 -2 -1 -2 -1  2    0   0   0   0   0   0   0   0   0   0  70   0   0   0   0   0   0   0   0  30  0.37 0.01
  369 G    1 -2 -1 -2 -2 -2 -2  5 -2 -3 -3 -2 -2 -3 -2  0 -1 -3 -3 -3   16   0   0   0   0   0   0  84   0   0   0   0   0   0   0   0   0   0   0   0  0.85 0.01
  370 E   -1  0  0  2 -4  2  5 -2  0 -3 -3  1 -2 -3 -1  0 -1 -3 -2 -3    0   0   0   0   0   0 100   0   0   0   0   0   0   0   0   0   0   0   0   0  0.78 0.02
  371 E   -1  3  0  1 -4  2  4 -2  0 -3 -3  1 -2 -3 -2  0 -1 -3 -2 -3    0  30   0   0   0   0  70   0   0   0   0   0   0   0   0   0   0   0   0   0  0.60 0.01
  372 W   -3 -3 -3 -4 -3 -2 -3 -3 -1 -2 -2 -3 -1  2 -4 -3 -2 10  5 -2    0   0   0   0   0   0   0   0   0   0   0   0   0   0   0   0   0  70  30   0  1.73 0.02
  373 G    0 -3 -1 -1 -3 -2 -2  6 -2 -4 -4 -2 -3 -3 -2  0 -2 -3 -3 -3    0   0   0   0   0   0   0 100   0   0   0   0   0   0   0   0   0   0   0   0  1.08 0.01
  374 I   -1 -3 -3 -3 -1 -3 -3 -4 -3  5  2 -3  1  0 -3 -3 -1 -3 -1  3    0   0   0   0   0   0   0   0   0 100   0   0   0   0   0   0   0   0   0   0  0.43 0.01
  375 K   -1  2  0 -1 -3  1  1 -2 -1 -3 -3  5 -2 -3 -1  0 -1 -3 -2 -2    0   0   0   0   0   0   0   0   0   0   0 100   0   0   0   0   0   0   0   0  0.56 0.02
  376 G    2 -2 -1 -2 -2 -2 -2  5 -2 -3 -3 -1 -2 -3 -2  0 -1 -3 -3 -2   30   0   0   0   0   0   0  70   0   0   0   0   0   0   0   0   0   0   0   0  0.70 0.01
  377 A    4 -2 -2 -2 -1 -1 -1  0 -2 -1 -2 -1 -1 -2 -1  1  0 -3 -2  0  100   0   0   0   0   0   0   0   0   0   0   0   0   0   0   0   0   0   0   0  0.44 0.01
  378 A    3 -2 -2 -2 -1 -1 -1 -1 -2  0 -1 -1  0 -2 -1  1  0 -3 -2  2   70   0   0   0   0   0   0   0   0   0   0   0   0   0   0   0   0   0   0  30  0.27 0.01
  379 K   -1  2  0 -1 -3  1  0 -2  5 -3 -3  4 -2 -3 -1  0 -1 -3  0 -3    0   0   0   0   0   0   0   0  30   0   0  70   0   0   0   0   0   0   0   0  0.47 0.01
  380 K    2  1 -1 -1 -2  1  0 -1 -1 -2 -2  4 -1 -3 -1  0 -1 -3 -2 -2   30   0   0   0   0   0   0   0   0   0   0  70   0   0   0   0   0   0   0   0  0.36 0.01
  381 W   -2 -2 -2 -1 -3  0  2 -3 -2 -3 -2 -1 -2  0 -3 -2 -2 10  1 -3    0   0   0   0   0   0  30   0   0   0   0   0   0   0   0   0   0  70   0   0  1.52 0.02
  382 Q   -1  1  0 -1 -3  5  1 -2  0 -2  0  1  0 -2 -2  0 -1 -2 -2 -2    0   0   0   0   0  84   0   0   0   0  16   0   0   0   0   0   0   0   0   0  0.49 0.02
  383 L   -1  5 -1 -2 -3  1  0 -3 -1 -1  1  2  0 -2 -2 -1 -1 -3 -2 -1    0  59   0   0   0   0   0   0   0   0  24  18   0   0   0   0   0   0   0   0  0.39 0.01
  384 D   -1 -1  3  3 -3  0  1  3 -1 -4 -4 -1 -3 -3 -2  0 -1 -3 -3 -3    0   0  30  24   0   0  12  34   0   0   0   0   0   0   0   0   0   0   0   0  0.49 0.01
  385 Q   -1  3  0  0 -3  4  2 -2  4 -3 -3  1 -1 -3 -2  0 -1 -3 -1 -3    0  30   0   0   0  36  16   0  18   0   0   0   0   0   0   0   0   0   0   0  0.47 0.01
  386 T    0 -1  0 -1 -1 -1 -1 -1 -2  1 -1 -1  0 -2 -1  2  3 -3 -2  0    0   0   0   0   0   0   0   0   0  21   0   0   0   0   0  33  46   0   0   0  0.25 0.01
  387 Y   -2 -2 -3 -3 -2 -2 -3 -3  0  2  0 -2  0  4 -3 -2 -1  1  5  1    0   0   0   0   0   0   0   0   0  31   0   0   0  24   0   0   0   0  45   0  0.44 0.00
  388 A    2 -1  3 -1 -1 -1 -1 -1 -1 -1  1 -1  0 -2 -2  0  0 -3 -2  0   45   0  31   0   0   0   0   0   0   0  24   0   0   0   0   0   0   0   0   0  0.16 0.00
  389 P    2 -2 -1 -1 -2 -1 -1 -1 -2 -2 -2 -1 -2 -3  6  2  0 -3 -2 -2   24   0   0   0   0   0   0   0   0   0   0   0   0   0  45  31   0   0   0   0  0.78 0.00
  390 H   -1  0  0 -1 -3  3  1 -2  7 -3 -3  0 -1 -2 -2 -1 -1 -2  1 -3    0   0   0   0   0  31   0   0  69   0   0   0   0   0   0   0   0   0   0   0  0.64 0.00
  391 P   -1 -2 -1 -1 -2 -1 -1 -2 -2 -2 -2 -1 -2 -3  7  0  2 -3 -3 -2    0   0   0   0   0   0   0   0   0   0   0   0   0   0  69   0  31   0   0   0  1.26 0.00
  392 E   -1  0  0  2 -4  2  5 -2  0 -3 -3  1 -2 -3 -1  0 -1 -3 -2 -3    0   0   0   0   0   0 100   0   0   0   0   0   0   0   0   0   0   0   0   0  0.74 0.00
  393 D   -2 -2  0  5 -3 -1  1 -2 -2 -1  1 -1  0 -2 -2 -1 -1 -3 -2 -1    0   0   0  69   0   0   0   0   0   0  31   0   0   0   0   0   0   0   0   0  0.45 0.00
  394 E   -1  0  0  2 -4  2  5 -2  0 -3 -3  1 -2 -3 -1  0 -1 -3 -2 -3    0   0   0   0   0   0 100   0   0   0   0   0   0   0   0   0   0   0   0   0  0.74 0.00
  395 K   -1  2  0 -1 -3  1  1 -2 -1 -3 -3  5 -1 -3 -1  0 -1 -3 -2 -2    0   0   0   0   0   0   0   0   0   0   0 100   0   0   0   0   0   0   0   0  0.52 0.00
  396 W   -3 -3 -4 -4 -2 -2 -3 -3 -3 -3 -2 -3 -2  1 -4 -3 -3 11  2 -3    0   0   0   0   0   0   0   0   0   0   0   0   0   0   0   0   0 100   0   0  2.32 0.00
  397 P   -1 -2 -2 -2 -3 -1 -1 -2 -2 -3 -3 -1 -3 -4  8 -1 -1 -4 -3 -2    0   0   0   0   0   0   0   0   0   0   0   0   0   0 100   0   0   0   0   0  2.04 0.00
  398 E   -1 -1  1  5 -4  1  4 -2 -1 -3 -3  0 -3 -4 -1  0 -1 -4 -3 -3    0   0   0  55   0   0  45   0   0   0   0   0   0   0   0   0   0   0   0   0  0.70 0.00
  399 S    1 -1  0 -1 -1  0  0 -1 -1 -3 -3  0 -2 -3  5  3  1 -3 -2 -2    0   0   0   0   0   0   0   0   0   0   0   0   0   0  31  69   0   0   0   0  0.63 0.00
  400 E   -1  0  0  2 -4  2  5 -2  0 -3 -3  1 -2 -3 -1  0 -1 -3 -2 -3    0   0   0   0   0   0 100   0   0   0   0   0   0   0   0   0   0   0   0   0  0.74 0.00
  401 D   -2 -2  1  5 -3 -1  1 -2 -1 -3 -4 -1 -3 -4  5  0 -1 -4 -3 -3    0   0   0  69   0   0   0   0   0   0   0   0   0   0  31   0   0   0   0   0  0.89 0.00
  402 T    0 -2  0 -1 -1 -1 -1  3 -2 -1 -2 -1 -1 -3 -1  1  4 -3 -2 -1    0   0   0   0   0   0   0  31   0   0   0   0   0   0   0   0  69   0   0   0  0.39 0.00
  403 C    0 -4 -3 -4  9 -3 -4 -3 -3 -1 -1 -3 -2 -3 -3 -1 -1 -2 -3 -1    0   0   0   0 100   0   0   0   0   0   0   0   0   0   0   0   0   0   0   0  1.21 0.00
  404 K   -1  2  0 -1 -3  1  1 -2 -1 -3 -3  5 -1 -3 -1  0 -1 -3 -2 -2    0   0   0   0   0   0   0   0   0   0   0 100   0   0   0   0   0   0   0   0  0.52 0.00
  405 E   -1  0  0  2 -4  2  5 -2  0 -3 -3  1 -2 -3 -1  0 -1 -3 -2 -3    0   0   0   0   0   0 100   0   0   0   0   0   0   0   0   0   0   0   0   0  0.74 0.00
  406 V    0 -3 -3 -3 -1 -2 -3 -3 -3  3  1 -2  1 -1 -2 -2  0 -3 -1  4    0   0   0   0   0   0   0   0   0   0   0   0   0   0   0   0   0   0   0 100  0.34 0.01
  407 A    4 -1 -2 -2  0 -1 -1  0 -2 -1 -2 -1 -1 -2 -1  1  0 -3 -2  0  100   0   0   0   0   0   0   0   0   0   0   0   0   0   0   0   0   0   0   0  0.40 0.01
  408 C    0 -4 -3 -4  9 -3 -4 -3 -3 -1 -1 -3 -1 -3 -3 -1 -1 -2 -3 -1    0   0   0   0 100   0   0   0   0   0   0   0   0   0   0   0   0   0   0   0  1.19 0.00
  409 I   -1 -3 -3 -3 -1 -3 -3 -4 -3  4  2 -3  1  0 -3 -2 -1 -3 -1  3    0   0   0   0   0   0   0   0   0 100   0   0   0   0   0   0   0   0   0   0  0.38 0.01
  410 G    0 -1  0  0 -1  0  0  3 -1 -1 -1  0 -1 -1  0  0  0 -1 -1 -1    5   3   3   3   1   3   4  40   1   3   6   4   1   2   3   5   4   1   2   4  0.19 0.00
  411 E    0  0  0  1 -1  1  3 -1  0 -1 -1  0 -1 -1  0  0  0 -1 -1 -1    5   3   3   3   1   3  39   5   1   3   6   4   1   2   3   5   4   1   2   4  0.15 0.00
  412 S    1  0  0  0 -1  0  0  0  0 -1 -1  0 -1 -1  0  2  1 -1 -1 -1    5   3   3   3   1   3   4   5   1   3   6   4   1   2   3  40   4   1   2   4  0.10 0.00
  413 V    0 -1 -1 -1 -1  0 -1 -1 -1  1  0 -1  0  0  0  0  0 -1  0  2    5   3   3   3   1   3   4   5   1   3   6   4   1   2   3   5   4   1   2  39  0.03 0.00
  414 Q    0  0  0  0 -1  3  1 -1  0 -1 -1  1  0 -1  0  0  0 -1 -1 -1    5   3   3   3   1  38   4   5   1   3   6   4   1   2   3   5   4   1   2   4  0.14 0.00
  415 T    0  0  0  0 -1  0  0  0 -1  0 -1  0  0 -1  0  1  3 -1 -1  0    5   3   3   3   1   3   4   5   1   3   6   4   1   2   3   5  39   1   2   4  0.10 0.00
  416 W   -1 -1 -1 -1 -1  0 -1 -1 -1 -1 -1 -1 -1  0  0 -1 -1  8  1 -1    5   3   3   3   1   3   4   5   1   3   6   4   1   2   3   5   4  36   2   4  0.50 0.00
  417 F   -1 -1 -1 -1 -1 -1 -1 -1  0  0  0 -1  0  4  0 -1 -1  0  1  0    5   3   3   3   1   3   4   5   1   3   6   4   1  38   3   5   4   1   2   4  0.09 0.00
  418 P    0 -1 -1  0 -1  0  0 -1 -1 -1 -1  0 -1 -1  5  0  0 -1 -1 -1    5   3   3   3   1   3   4   5   1   3   6   4   1   2  39   5   4   1   2   4  0.47 0.00
  419 L    0 -1 -1 -1 -1  0 -1 -1 -1  1  2 -1  1  0  0 -1  0 -1  0  0    5   3   3   3   1   3   4   5   1   3  41   4   1   2   3   5   4   1   2   4  0.04 0.00
  420 H    0  0  0  0 -1  0  0 -1  5 -1 -1  0 -1 -1  0  0  0 -1  1 -1    5   3   3   3   1   3   4   5  37   3   6   4   1   2   3   5   4   1   2   4  0.16 0.00
  421 L    0 -1 -1 -1 -1  0 -1 -1 -1  1  2 -1  1  0  0 -1  0 -1  0  0    5   3   3   3   1   3   4   5   1   3  41   4   1   2   3   5   4   1   2   4  0.04 0.00
  422 R    0  3  0  0 -1  1  0 -1  0 -1 -1  1 -1 -1  0  0  0 -1 -1 -1    5  39   3   3   1   3   4   5   1   3   6   4   1   2   3   5   4   1   2   4  0.14 0.00
  423 L    0 -1 -1 -1 -1  0 -1 -1 -1  1  2 -1  1  0  0 -1  0 -1  0  0    5   3   3   3   1   3   4   5   1   3  41   4   1   2   3   5   4   1   2   4  0.04 0.00
  424 I    0 -1 -1 -1 -1 -1 -1 -1 -1  2  1 -1  0  0  0 -1  0 -1  0  1    5   3   3   3   1   3   4   5   1  39   6   4   1   2   3   5   4   1   2   4  0.02 0.00
  425 K    0  1  0  0 -1  1  0  0  0 -1 -1  3 -1 -1  0  0  0 -1 -1 -1    5   3   3   3   1   3   4   5   1   3   6  39   1   2   3   5   4   1   2   4  0.10 0.00
  426 L    0 -1 -1 -1 -1  0 -1 -1 -1  1  2 -1  1  0  0 -1  0 -1  0  0    5   3   3   3   1   3   4   5   1   3  41   4   1   2   3   5   4   1   2   4  0.04 0.00
  427 A    2  0  0  0  0  0  0  0 -1 -1 -1  0  0 -1  0  1  0 -1 -1  0   40   3   3   3   1   3   4   5   1   3   6   4   1   2   3   5   4   1   2   4  0.08 0.00
  428 P    0 -1 -1  0 -1  0  0 -1 -1 -1 -1  0 -1 -1  5  0  0 -1 -1 -1    5   3   3   3   1   3   4   5   1   3   6   4   1   2  39   5   4   1   2   4  0.47 0.00
  429 I    0 -1 -1 -1 -1 -1 -1 -1 -1  2  1 -1  0  0  0 -1  0 -1  0  1    5   3   3   3   1   3   4   5   1  39   6   4   1   2   3   5   4   1   2   4  0.02 0.00
  430 I    0 -1 -1 -1 -1 -1 -1 -1 -1  2  1 -1  0  0  0 -1  0 -1  0  1    5   3   3   3   1   3   4   5   1  39   6   4   1   2   3   5   4   1   2   4  0.02 0.00
  431 A    2  0  0  0  0  0  0  0 -1 -1 -1  0  0 -1  0  1  0 -1 -1  0   40   3   3   3   1   3   4   5   1   3   6   4   1   2   3   5   4   1   2   4  0.08 0.00
  432 S    1  0  0  0 -1  0  0  0  0 -1 -1  0 -1 -1  0  2  1 -1 -1 -1    5   3   3   3   1   3   4   5   1   3   6   4   1   2   3  40   4   1   2   4  0.10 0.00
  433 M    0  0 -1 -1 -1  0  0 -1 -1  0  1  0  3  0  0  0  0  0  0  0    5   3   3   3   1   3   4   5   1   3   6   4  37   2   3   5   4   1   2   4  0.04 0.00
  434 Y    0  0 -1 -1 -1  0  0 -1  1 -1 -1  0  0  1  0  0  0  1  4 -1    5   3   3   3   1   3   4   5   1   3   6   4   1   2   3   5   4   1  37   4  0.14 0.00
  435 G    0 -1  0  0 -1  0  0  3 -1 -1 -1  0 -1 -1  0  0  0 -1 -1 -1    5   3   3   3   1   3   4  40   1   3   6   4   1   2   3   5   4   1   2   4  0.19 0.00
  436 L    0 -1 -1 -1 -1  0 -1 -1 -1  1  2 -1  1  0  0 -1  0 -1  0  0    5   3   3   3   1   3   4   5   1   3  41   4   1   2   3   5   4   1   2   4  0.04 0.00
  437 A    2  0  0  0  0  0  0  0 -1 -1 -1  0  0 -1  0  1  0 -1 -1  0   40   3   3   3   1   3   4   5   1   3   6   4   1   2   3   5   4   1   2   4  0.08 0.00
  438 V    0 -1 -1 -1 -1  0 -1 -1 -1  1  0 -1  0  0  0  0  0 -1  0  2    5   3   3   3   1   3   4   5   1   3   6   4   1   2   3   5   4   1   2  39  0.03 0.00
  439 S    1  0  0  0 -1  0  0  0  0 -1 -1  0 -1 -1  0  2  1 -1 -1 -1    5   3   3   3   1   3   4   5   1   3   6   4   1   2   3  40   4   1   2   4  0.10 0.00
  440 L    0 -1 -1 -1 -1  0 -1 -1 -1  1  2 -1  1  0  0 -1  0 -1  0  0    5   3   3   3   1   3   4   5   1   3  41   4   1   2   3   5   4   1   2   4  0.04 0.00
  441 K    0  1  0  0 -1  1  0  0  0 -1 -1  3 -1 -1  0  0  0 -1 -1 -1    5   3   3   3   1   3   4   5   1   3   6  39   1   2   3   5   4   1   2   4  0.10 0.00
  442 V    0 -1 -1 -1 -1  0 -1 -1 -1  1  0 -1  0  0  0  0  0 -1  0  2    5   3   3   3   1   3   4   5   1   3   6   4   1   2   3   5   4   1   2  39  0.03 0.00
  443 S    1  0  0  0 -1  0  0  0  0 -1 -1  0 -1 -1  0  2  1 -1 -1 -1    5   3   3   3   1   3   4   5   1   3   6   4   1   2   3  40   4   1   2   4  0.10 0.00
  444 A    2  0  0  0  0  0  0  0 -1 -1 -1  0  0 -1  0  1  0 -1 -1  0   40   3   3   3   1   3   4   5   1   3   6   4   1   2   3   5   4   1   2   4  0.08 0.00
  445 Q    0  0  0  0 -1  3  1 -1  0 -1 -1  1  0 -1  0  0  0 -1 -1 -1    5   3   3   3   1  38   4   5   1   3   6   4   1   2   3   5   4   1   2   4  0.14 0.00
  446 S    1  0  0  0 -1  0  0  0  0 -1 -1  0 -1 -1  0  2  1 -1 -1 -1    5   3   3   3   1   3   4   5   1   3   6   4   1   2   3  40   4   1   2   4  0.10 0.00
  447 M    0  0 -1 -1 -1  0  0 -1 -1  0  1  0  3  0  0  0  0  0  0  0    5   3   3   3   1   3   4   5   1   3   6   4  37   2   3   5   4   1   2   4  0.04 0.00
  448 L    0 -1 -1 -1 -1  0 -1 -1 -1  1  2 -1  1  0  0 -1  0 -1  0  0    5   3   3   3   1   3   4   5   1   3  41   4   1   2   3   5   4   1   2   4  0.04 0.00
  449 T    0  0  0  0 -1  0  0  0 -1  0 -1  0  0 -1  0  1  3 -1 -1  0    5   3   3   3   1   3   4   5   1   3   6   4   1   2   3   5  39   1   2   4  0.10 0.00
  450 Q    0  0  0  0 -1  3  1 -1  0 -1 -1  1  0 -1  0  0  0 -1 -1 -1    5   3   3   3   1  38   4   5   1   3   6   4   1   2   3   5   4   1   2   4  0.14 0.00
  451 A    2  0  0  0  0  0  0  0 -1 -1 -1  0  0 -1  0  1  0 -1 -1  0   40   3   3   3   1   3   4   5   1   3   6   4   1   2   3   5   4   1   2   4  0.08 0.00
  452 W   -1 -1 -1 -1 -1  0 -1 -1 -1 -1 -1 -1 -1  0  0 -1 -1  8  1 -1    5   3   3   3   1   3   4   5   1   3   6   4   1   2   3   5   4  36   2   4  0.50 0.00
  453 C    0 -1 -1 -1  6 -1 -1 -1 -1 -1 -1 -1 -1 -1  0  0  0 -1 -1  0    5   3   3   3  37   3   4   5   1   3   6   4   1   2   3   5   4   1   2   4  0.22 0.00
  454 A    2  0  0  0  0  0  0  0 -1 -1 -1  0  0 -1  0  1  0 -1 -1  0   40   3   3   3   1   3   4   5   1   3   6   4   1   2   3   5   4   1   2   4  0.08 0.00
  455 D   -2 -2  1  6 -4  0  2 -1 -1 -3 -4 -1 -3 -4 -2  0 -1 -4 -3 -3    0   0   0 100   0   0   0   0   0   0   0   0   0   0   0   0   0   0   0   0  0.92 0.01
  456 S    1 -1  0 -1 -1  0  0 -1 -1 -2 -2  0 -1 -2 -1  3  3 -3 -2 -1    0   0   0   0   0   0   0   0   0   0   0   0   0   0   0  66  34   0   0   0  0.39 0.01
  457 E   -1  0  0  2 -4  2  5 -2  0 -3 -3  1 -2 -3 -1  0 -1 -3 -2 -3    0   0   0   0   0   0 100   0   0   0   0   0   0   0   0   0   0   0   0   0  0.73 0.01
  458 E   -1  0  0  2 -4  2  5 -2  0 -3 -3  1 -2 -3 -1  0 -1 -3 -2 -3    0   0   0   0   0   0 100   0   0   0   0   0   0   0   0   0   0   0   0   0  0.73 0.01
  459 V    0 -3 -3 -3 -1 -2 -3 -3 -3  3  1 -2  1 -1 -2 -2  0 -3 -1  4    0   0   0   0   0   0   0   0   0   0   0   0   0   0   0   0   0   0   0 100  0.34 0.01
  460 T    0 -1  0 -1 -1 -1 -1 -2 -2 -1 -1 -1 -1 -2 -1  1  5 -3 -2  0    0   0   0   0   0   0   0   0   0   0   0   0   0   0   0   0 100   0   0   0  0.46 0.01
  461 Q   -1  1  0  0 -3  6  2 -2  0 -3 -2  1  0 -3 -1  0 -1 -2 -1 -2    0   0   0   0   0 100   0   0   0   0   0   0   0   0   0   0   0   0   0   0  0.64 0.00
  462 L   -2 -2 -4 -4 -1 -2 -3 -4 -3  2  4 -3  2  0 -3 -3 -1 -2 -1  1    0   0   0   0   0   0   0   0   0   0 100   0   0   0   0   0   0   0   0   0  0.45 0.01
  463 E   -1  0  0  2 -4  2  5 -2  0 -3 -3  1 -2 -3 -1  0 -1 -3 -2 -3    0   0   0   0   0   0 100   0   0   0   0   0   0   0   0   0   0   0   0   0  0.73 0.01
  464 P   -1 -2 -2 -2 -3 -1 -1 -2 -2 -3 -3 -1 -3 -4  8 -1 -1 -4 -3 -2    0   0   0   0   0   0   0   0   0   0   0   0   0   0 100   0   0   0   0   0  2.03 0.01
  465 C   -1 -3 -3 -3  8 -2 -3 -3 -1 -1 -1 -3 -1  1 -3 -1 -1  0  4 -1    0   0   0   0  66   0   0   0   0   0   0   0   0   0   0   0   0   0  34   0  0.77 0.01
  466 S    1 -1  0 -1 -1  0  0 -1 -1 -3 -3  0 -2 -3  5  3  1 -3 -2 -2    0   0   0   0   0   0   0   0   0   0   0   0   0   0  34  66   0   0   0   0  0.66 0.01
  467 K   -1  2  0 -1 -3  1  1 -2 -1 -3 -3  5 -1 -3 -1  0 -1 -3 -2 -2    0   0   0   0   0   0   0   0   0   0   0 100   0   0   0   0   0   0   0   0  0.51 0.01
  468 W   -3 -3 -4 -4 -2 -2 -3 -3 -2 -3 -2 -3 -2  1 -4 -3 -3 11  2 -3    0   0   0   0   0   0   0   0   0   0   0   0   0   0   0   0   0 100   0   0  2.29 0.00
  469 M   -1 -2 -3 -3 -1 -1 -2 -3 -2  3  2 -2  5  0 -3 -2 -1 -2 -1  2    0   0   0   0   0   0   0   0   0  34   0   0  66   0   0   0   0   0   0   0  0.29 0.01
  470 Q   -1  0 -1 -1 -3  4  1 -2  0 -3 -2  1 -1 -3  5  0 -1 -3 -2 -2    0   0   0   0   0  66   0   0   0   0   0   0   0   0  34   0   0   0   0   0  0.76 0.01
  471 Q   -1  1  0  0 -3  6  2 -2  0 -3 -2  1  0 -3 -1  0 -1 -2 -1 -2    0   0   0   0   0 100   0   0   0   0   0   0   0   0   0   0   0   0   0   0  0.64 0.00
  472 Q   -1  1  0  0 -3  6  2 -2  0 -3 -2  1  0 -3 -1  0 -1 -2 -1 -2    0   0   0   0   0 100   0   0   0   0   0   0   0   0   0   0   0   0   0   0  0.64 0.00
  473 Q   -1  1  0  0 -3  6  2 -2  0 -3 -2  1  0 -3 -1  0 -1 -2 -1 -2    0   0   0   0   0 100   0   0   0   0   0   0   0   0   0   0   0   0   0   0  0.64 0.00
  474 Q   -1  1  0  0 -3  6  2 -2  0 -3 -2  1  0 -3 -1  0 -1 -2 -1 -2    0   0   0   0   0 100   0   0   0   0   0   0   0   0   0   0   0   0   0   0  0.64 0.00
  475 G    0 -2  0 -1 -3 -2 -2  6 -2 -4 -4 -2 -3 -3 -2  0 -2 -3 -3 -3    0   0   0   0   0   0   0 100   0   0   0   0   0   0   0   0   0   0   0   0  1.04 0.01
  476 Q   -1  1  0  0 -3  6  2 -2  0 -3 -2  1  0 -3 -1  0 -1 -2 -1 -2    0   0   0   0   0 100   0   0   0   0   0   0   0   0   0   0   0   0   0   0  0.64 0.00
  477 Q   -1  1  0  0 -3  6  2 -2  0 -3 -2  1  0 -3 -1  0 -1 -2 -1 -2    0   0   0   0   0 100   0   0   0   0   0   0   0   0   0   0   0   0   0   0  0.64 0.00
  478 L   -2 -2 -4 -4 -1 -2 -3 -4 -3  2  4 -3  2  0 -3 -3 -1 -2 -1  1    0   0   0   0   0   0   0   0   0   0 100   0   0   0   0   0   0   0   0   0  0.45 0.01
  479 P   -1 -1 -1 -1 -3  3  0 -2 -1 -3 -3  0 -2 -4  7 -1 -1 -3 -2 -2    0   0   0   0   0  34   0   0   0   0   0   0   0   0  66   0   0   0   0   0  1.24 0.01
  480 S    1 -1  1  0 -1  0  0  0 -1 -2 -3  0 -2 -2 -1  4  1 -3 -2 -2    0   0   0   0   0   0   0   0   0   0   0   0   0   0   0 100   0   0   0   0  0.45 0.01
  481 S    1 -1  0 -1 -1  0  0 -1 -1 -3 -3  0 -2 -3  5  3  1 -3 -2 -2    0   0   0   0   0   0   0   0   0   0   0   0   0   0  34  66   0   0   0   0  0.66 0.01
  482 H   -2  0  1 -1 -3  0  0 -2  8 -3 -3 -1 -2 -1 -2 -1 -2 -2  2 -3    0   0   0   0   0   0   0   0 100   0   0   0   0   0   0   0   0   0   0   0  0.84 0.00
  483 N   -2  0  6  1 -3  0  0  0  1 -3 -4  0 -2 -3 -2  1  0 -4 -2 -3    0   0 100   0   0   0   0   0   0   0   0   0   0   0   0   0   0   0   0   0  0.72 0.01
  484 H   -2  0  1 -1 -3  0  0 -2  8 -3 -3 -1 -2 -1 -2 -1 -2 -2  2 -3    0   0   0   0   0   0   0   0 100   0   0   0   0   0   0   0   0   0   0   0  0.84 0.00
  485 L   -2 -2 -4 -4 -1 -2 -3 -4 -3  2  4 -3  2  0 -3 -3 -1 -2 -1  1    0   0   0   0   0   0   0   0   0   0 100   0   0   0   0   0   0   0   0   0  0.45 0.01
  486 G    2 -2 -1 -2 -2 -1 -2  5 -2 -3 -3 -1 -2 -3 -2  0 -1 -3 -3 -2   34   0   0   0   0   0   0  66   0   0   0   0   0   0   0   0   0   0   0   0  0.64 0.01
  487 P   -1 -2 -2 -2 -3 -1 -1 -2 -2 -3 -3 -1 -3 -4  8 -1 -1 -4 -3 -2    0   0   0   0   0   0   0   0   0   0   0   0   0   0 100   0   0   0   0   0  2.03 0.01
  488 S    1 -1  0 -1 -1  0  0 -1 -1 -3 -3  0 -2 -3  5  3  1 -3 -2 -2    0   0   0   0   0   0   0   0   0   0   0   0   0   0  34  66   0   0   0   0  0.66 0.01
  489 N   -2  0  6  1 -3  0  0  0  1 -3 -4  0 -2 -3 -2  1  0 -4 -2 -3    0   0 100   0   0   0   0   0   0   0   0   0   0   0   0   0   0   0   0   0  0.72 0.01
  490 L   -2 -2 -4 -4 -1 -2 -3 -4 -3  2  4 -3  2  0 -3 -3 -1 -2 -1  1    0   0   0   0   0   0   0   0   0   0 100   0   0   0   0   0   0   0   0   0  0.45 0.01
  491 T    0 -1  0 -1 -1  0 -1 -1 -1 -1 -2 -1 -1 -2 -1  3  4 -3 -2 -1    0   0   0   0   0   0   0   0   0   0   0   0   0   0   0  34  66   0   0   0  0.39 0.01
  492 G    0 -2 -1 -2 -2 -2 -2  5 -2  0 -1 -2 -1 -2 -2 -1 -1 -3 -2  1    0   0   0   0   0   0   0  66   0   0   0   0   0   0   0   0   0   0   0  34  0.49 0.01
  493 S    1 -1  1  0 -1  0  0  0 -1 -2 -3  0 -2 -2 -1  4  1 -3 -2 -2    0   0   0   0   0   0   0   0   0   0   0   0   0   0   0 100   0   0   0   0  0.45 0.01
  494 N   -2  0  6  1 -3  0  0  0  1 -3 -4  0 -2 -3 -2  1  0 -4 -2 -3    0   0 100   0   0   0   0   0   0   0   0   0   0   0   0   0   0   0   0   0  0.72 0.01
  495 L   -2 -2 -4 -4 -1 -2 -3 -4 -3  2  4 -3  2  0 -3 -3 -1 -2 -1  1    0   0   0   0   0   0   0   0   0   0 100   0   0   0   0   0   0   0   0   0  0.45 0.01
  496 S    1 -1  1  0 -1  0  0  0 -1 -2 -3  0 -2 -2 -1  4  1 -3 -2 -2    0   0   0   0   0   0   0   0   0   0   0   0   0   0   0 100   0   0   0   0  0.45 0.01
  497 P   -1 -2 -2 -2 -3 -1 -1 -2 -2 -3 -3 -1 -3 -4  8 -1 -1 -4 -3 -2    0   0   0   0   0   0   0   0   0   0   0   0   0   0 100   0   0   0   0   0  2.03 0.01
  498 S    1 -1  0 -1 -1  0  0 -1 -1 -3 -3  0 -2 -3  5  3  1 -3 -2 -2    0   0   0   0   0   0   0   0   0   0   0   0   0   0  34  66   0   0   0   0  0.66 0.01
  499 N   -2  0  6  1 -3  0  0  0  1 -3 -4  0 -2 -3 -2  1  0 -4 -2 -3    0   0 100   0   0   0   0   0   0   0   0   0   0   0   0   0   0   0   0   0  0.72 0.01
  500 Q   -1  1  0  0 -3  6  2 -2  0 -3 -2  1  0 -3 -1  0 -1 -2 -1 -2    0   0   0   0   0 100   0   0   0   0   0   0   0   0   0   0   0   0   0   0  0.64 0.00
  501 G    0 -2  0 -1 -3 -2 -2  6 -2 -4 -4 -2 -3 -3 -2  0 -2 -3 -3 -3    0   0   0   0   0   0   0 100   0   0   0   0   0   0   0   0   0   0   0   0  1.04 0.01
  502 V    0 -3 -3 -3 -1 -2 -3 -3 -3  3  1 -2  1 -1 -2 -2  0 -3 -1  4    0   0   0   0   0   0   0   0   0   0   0   0   0   0   0   0   0   0   0 100  0.34 0.01
  503 S    1 -1  0 -1 -1  0  0 -1 -1 -2 -2  0 -1 -2 -1  3  3 -3 -2 -1    0   0   0   0   0   0   0   0   0   0   0   0   0   0   0  66  34   0   0   0  0.39 0.01
  504 D   -2 -2  1  6 -4  0  2 -1 -1 -3 -4 -1 -3 -4 -2  0 -1 -4 -3 -3    0   0   0 100   0   0   0   0   0   0   0   0   0   0   0   0   0   0   0   0  0.92 0.01
  505 V    2 -2 -2 -3 -1 -2 -2 -2 -3  2  0 -2  0 -1 -2  0  0 -3 -1  3   34   0   0   0   0   0   0   0   0   0   0   0   0   0   0   0   0   0   0  66  0.22 0.01
  506 G    0 -2  0 -1 -3 -2 -2  6 -2 -4 -4 -2 -3 -3 -2  0 -2 -3 -3 -3    0   0   0   0   0   0   0 100   0   0   0   0   0   0   0   0   0   0   0   0  1.04 0.01
  507 P   -1 -2 -2 -2 -3 -1 -1 -2 -2 -3 -3 -1 -3 -4  8 -1 -1 -4 -3 -2    0   0   0   0   0   0   0   0   0   0   0   0   0   0 100   0   0   0   0   0  2.03 0.01
  508 G    0 -2  0 -1 -3 -2 -2  6 -2 -4 -4 -2 -3 -3 -2  0 -2 -3 -3 -3    0   0   0   0   0   0   0 100   0   0   0   0   0   0   0   0   0   0   0   0  1.04 0.01
  509 G    0 -2  0 -1 -3 -2 -2  6 -2 -4 -4 -2 -3 -3 -2  0 -2 -3 -3 -3    0   0   0   0   0   0   0 100   0   0   0   0   0   0   0   0   0   0   0   0  1.04 0.01
  510 S    1 -1  1  0 -1  0  0  0 -1 -2 -3  0 -2 -2 -1  4  1 -3 -2 -2    0   0   0   0   0   0   0   0   0   0   0   0   0   0   0 100   0   0   0   0  0.45 0.01
  511 P   -1 -2 -2 -2 -3 -1 -1 -2 -2 -3 -3 -1 -3 -4  8 -1 -1 -4 -3 -2    0   0   0   0   0   0   0   0   0   0   0   0   0   0 100   0   0   0   0   0  2.03 0.01
  512 G    0 -2  0 -1 -3 -2 -2  6 -2 -4 -4 -2 -3 -3 -2  0 -2 -3 -3 -3    0   0   0   0   0   0   0 100   0   0   0   0   0   0   0   0   0   0   0   0  1.04 0.01
  513 R   -1  6  0 -2 -4  1  0 -2  0 -3 -2  2 -1 -3 -2 -1 -1 -3 -2 -3    0 100   0   0   0   0   0   0   0   0   0   0   0   0   0   0   0   0   0   0  0.74 0.01
  514 V    0 -3 -3 -3 -1 -2 -3 -3 -3  3  1 -2  1 -1 -2 -2  0 -3 -1  4    0   0   0   0   0   0   0   0   0   0   0   0   0   0   0   0   0   0   0 100  0.34 0.01
  515 G    0 -2  0 -1 -3 -2 -2  6 -2 -4 -4 -2 -3 -3 -2  0 -2 -3 -3 -3    0   0   0   0   0   0   0 100   0   0   0   0   0   0   0   0   0   0   0   0  1.04 0.01
  516 Y   -2 -2 -2 -3 -3 -1 -2 -3  2 -1 -1 -2 -1  3 -3 -2 -2  2  7 -1    0   0   0   0   0   0   0   0   0   0   0   0   0   0   0   0   0   0 100   0  0.85 0.00
  517 Y   -2 -2 -2 -3 -3 -1 -2 -3  2 -1 -1 -2 -1  3 -3 -2 -2  2  7 -1    0   0   0   0   0   0   0   0   0   0   0   0   0   0   0   0   0   0 100   0  0.85 0.00
  518 T    0 -1  0 -1 -1 -1 -1 -2 -2 -1 -1 -1 -1 -2 -1  1  5 -3 -2  0    0   0   0   0   0   0   0   0   0   0   0   0   0   0   0   0 100   0   0   0  0.46 0.01
  519 N   -2  0  6  1 -3  0  0  0  1 -3 -4  0 -2 -3 -2  1  0 -4 -2 -3    0   0 100   0   0   0   0   0   0   0   0   0   0   0   0   0   0   0   0   0  0.72 0.01
  520 L   -2 -2 -4 -4 -1 -2 -3 -4 -3  2  4 -3  2  0 -3 -3 -1 -2 -1  1    0   0   0   0   0   0   0   0   0   0 100   0   0   0   0   0   0   0   0   0  0.45 0.01
  521 L   -2 -2 -4 -4 -1 -2 -3 -4 -3  2  4 -3  2  0 -3 -3 -1 -2 -1  1    0   0   0   0   0   0   0   0   0   0 100   0   0   0   0   0   0   0   0   0  0.45 0.01
  522 S    3 -1  0 -1 -1  0  0  0 -1 -2 -2  0 -1 -2 -1  3  1 -3 -2 -1   34   0   0   0   0   0   0   0   0   0   0   0   0   0   0  66   0   0   0   0  0.36 0.01
  523 Y   -2 -2 -2 -3 -3 -1 -2 -3  2 -1 -1 -2 -1  3 -3 -2 -2  2  7 -1    0   0   0   0   0   0   0   0   0   0   0   0   0   0   0   0   0   0 100   0  0.85 0.00
  524 Q   -1  1  0  0 -3  6  2 -2  0 -3 -2  1  0 -3 -1  0 -1 -2 -1 -2    0   0   0   0   0 100   0   0   0   0   0   0   0   0   0   0   0   0   0   0  0.64 0.00
  525 S    3 -1  0 -1 -1  0  0  0 -1 -2 -2  0 -1 -2 -1  3  1 -3 -2 -1   34   0   0   0   0   0   0   0   0   0   0   0   0   0   0  66   0   0   0   0  0.36 0.01
  526 Q   -1  1  0  0 -3  6  2 -2  0 -3 -2  1  0 -3 -1  0 -1 -2 -1 -2    0   0   0   0   0 100   0   0   0   0   0   0   0   0   0   0   0   0   0   0  0.64 0.00
  527 G    0 -2  0 -1 -3 -2 -2  6 -2 -4 -4 -2 -3 -3 -2  0 -2 -3 -3 -3    0   0   0   0   0   0   0 100   0   0   0   0   0   0   0   0   0   0   0   0  1.04 0.01
  528 N   -2  0  6  1 -3  0  0  0  1 -3 -4  0 -2 -3 -2  1  0 -4 -2 -3    0   0 100   0   0   0   0   0   0   0   0   0   0   0   0   0   0   0   0   0  0.72 0.01
  529 A    4 -1 -2 -2  0 -1 -1  0 -2 -1 -2 -1 -1 -2 -1  1  0 -3 -2  0  100   0   0   0   0   0   0   0   0   0   0   0   0   0   0   0   0   0   0   0  0.40 0.01
  530 R   -1  6  0 -2 -4  1  0 -2  0 -3 -2  2 -1 -3 -2 -1 -1 -3 -2 -3    0 100   0   0   0   0   0   0   0   0   0   0   0   0   0   0   0   0   0   0  0.74 0.01
  531 F   -2 -3 -3 -4 -3 -3 -3 -3 -1  0  0 -3  0  6 -4 -2 -2  1  3 -1    0   0   0   0   0   0   0   0   0   0   0   0   0 100   0   0   0   0   0   0  0.73 0.01
  532 D   -1 -1  1  5 -4  1  3 -2 -1 -3 -4  0 -3 -4 -1  0 -1 -4 -3 -3    0   0   0  66   0   0  34   0   0   0   0   0   0   0   0   0   0   0   0   0  0.73 0.01
  533 I   -1 -3 -3 -3 -1 -3 -3 -4 -3  4  2 -3  1  0 -3 -2 -1 -3 -1  3    0   0   0   0   0   0   0   0   0 100   0   0   0   0   0   0   0   0   0   0  0.38 0.01
  534 M   -1 -1 -2 -3 -1  0 -2 -3 -2  1  2 -1  6  0 -3 -2 -1 -2 -1  1    0   0   0   0   0   0   0   0   0   0   0   0 100   0   0   0   0   0   0   0  0.33 0.00
  535 R   -1  6  0 -2 -4  1  0 -2  0 -3 -2  2 -1 -3 -2 -1 -1 -3 -2 -3    0 100   0   0   0   0   0   0   0   0   0   0   0   0   0   0   0   0   0   0  0.74 0.01
  536 E   -1  0  0  2 -4  2  5 -2  0 -3 -3  1 -2 -3 -1  0 -1 -3 -2 -3    0   0   0   0   0   0 100   0   0   0   0   0   0   0   0   0   0   0   0   0  0.73 0.01
  537 V    0 -3 -3 -3 -1 -2 -3 -3 -3  3  1 -2  1 -1 -2 -2  0 -3 -1  4    0   0   0   0   0   0   0   0   0   0   0   0   0   0   0   0   0   0   0 100  0.34 0.01
  538 D   -2 -2  1  6 -4  0  2 -1 -1 -3 -4 -1 -3 -4 -2  0 -1 -4 -3 -3    0   0   0 100   0   0   0   0   0   0   0   0   0   0   0   0   0   0   0   0  0.92 0.01
  539 V    0 -3 -3 -3 -1 -2 -3 -3 -3  3  1 -2  1 -1 -2 -2  0 -3 -1  4    0   0   0   0   0   0   0   0   0   0   0   0   0   0   0   0   0   0   0 100  0.34 0.01
  540 T    0 -1  0 -1 -1 -1 -1 -2 -2 -1 -1 -1 -1 -2 -1  1  5 -3 -2  0    0   0   0   0   0   0   0   0   0   0   0   0   0   0   0   0 100   0   0   0  0.46 0.01
  541 S    1 -1  1  0 -1  0  0  0 -1 -2 -3  0 -2 -2 -1  4  1 -3 -2 -2    0   0   0   0   0   0   0   0   0   0   0   0   0   0   0 100   0   0   0   0  0.45 0.01
  542 Q   -1  1  0  0 -3  6  2 -2  0 -3 -2  1  0 -3 -1  0 -1 -2 -1 -2    0   0   0   0   0 100   0   0   0   0   0   0   0   0   0   0   0   0   0   0  0.64 0.00
  543 R   -1  6  0 -2 -4  1  0 -2  0 -3 -2  2 -1 -3 -2 -1 -1 -3 -2 -3    0 100   0   0   0   0   0   0   0   0   0   0   0   0   0   0   0   0   0   0  0.74 0.01
  544 Q   -1  1  0  0 -3  6  2 -2  0 -3 -2  1  0 -3 -1  0 -1 -2 -1 -2    0   0   0   0   0 100   0   0   0   0   0   0   0   0   0   0   0   0   0   0  0.64 0.00
  545 P   -1 -2 -2 -2 -3 -1 -1 -2 -2 -3 -3 -1 -3 -4  8 -1 -1 -4 -3 -2    0   0   0   0   0   0   0   0   0   0   0   0   0   0 100   0   0   0   0   0  2.03 0.01
  546 Q   -1  1  0  0 -3  6  2 -2  0 -3 -2  1  0 -3 -1  0 -1 -2 -1 -2    0   0   0   0   0 100   0   0   0   0   0   0   0   0   0   0   0   0   0   0  0.64 0.00
  547 I   -1 -3 -3 -3 -1 -3 -3 -4 -3  4  1 -3  1  0 -3 -2 -1 -3 -1  3    0   0   0   0   0   0   0   0   0  66   0   0   0   0   0   0   0   0   0  34  0.35 0.01
  548 K   -1  2  0 -1 -3  1  1 -2 -1 -3 -3  5 -1 -3 -1  0 -1 -3 -2 -2    0   0   0   0   0   0   0   0   0   0   0 100   0   0   0   0   0   0   0   0  0.51 0.01
  549 H   -2  0  1 -1 -3  0  0 -2  8 -3 -3 -1 -2 -1 -2 -1 -2 -2  2 -3    0   0   0   0   0   0   0   0 100   0   0   0   0   0   0   0   0   0   0   0  0.84 0.00
  550 S    1 -1  1  0 -1  0  0  0 -1 -2 -3  0 -2 -2 -1  4  1 -3 -2 -2    0   0   0   0   0   0   0   0   0   0   0   0   0   0   0 100   0   0   0   0  0.45 0.01
  551 F   -2 -3 -3 -4 -3 -3 -3 -3 -1  0  0 -3  0  6 -4 -2 -2  1  3 -1    0   0   0   0   0   0   0   0   0   0   0   0   0 100   0   0   0   0   0   0  0.73 0.01
  552 D   -2 -2  1  6 -4  0  2 -1 -1 -3 -4 -1 -3 -4 -2  0 -1 -4 -3 -3    0   0   0 100   0   0   0   0   0   0   0   0   0   0   0   0   0   0   0   0  0.92 0.01
  553 H   -2  0  1 -1 -3  0  0 -2  8 -3 -3 -1 -2 -1 -2 -1 -2 -2  2 -3    0   0   0   0   0   0   0   0 100   0   0   0   0   0   0   0   0   0   0   0  0.84 0.00
  554 V    0 -3 -2 -3 -1 -2 -2  3 -3  2  0 -2  0 -2 -2 -1 -1 -3 -2  3    0   0   0   0   0   0   0  34   0   0   0   0   0   0   0   0   0   0   0  66  0.25 0.01
  555 V    2 -2 -2 -3 -1 -2 -2 -2 -3  2  0 -2  0 -1 -2  0  0 -3 -1  3   34   0   0   0   0   0   0   0   0   0   0   0   0   0   0   0   0   0   0  66  0.22 0.01
  556 G    2 -2 -1 -2 -2 -1 -2  5 -2 -3 -3 -1 -2 -3 -2  0 -1 -3 -3 -2   34   0   0   0   0   0   0  66   0   0   0   0   0   0   0   0   0   0   0   0  0.64 0.01
  557 T    0 -1  0 -1 -1 -1 -1 -2 -2 -1 -1 -1 -1 -2 -1  1  5 -3 -2  0    0   0   0   0   0   0   0   0   0   0   0   0   0   0   0   0 100   0   0   0  0.46 0.01
  558 T    0 -1  0 -1 -1 -1 -1 -2 -2 -1 -1 -1 -1 -2 -1  1  5 -3 -2  0    0   0   0   0   0   0   0   0   0   0   0   0   0   0   0   0 100   0   0   0  0.46 0.01
  559 F   -2 -3 -3 -4 -3 -3 -3 -3 -1  0  0 -3  0  6 -4 -2 -2  1  3 -1    0   0   0   0   0   0   0   0   0   0   0   0   0 100   0   0   0   0   0   0  0.73 0.01

                      K         Lambda
Standard Ungapped    0.1326     0.3170
Standard Gapped      0.0410     0.2670
PSI Ungapped         0.1235     0.3174
PSI Gapped           0.0378     0.2670
