
Last position-specific scoring matrix computed, weighted observed percentages rounded down, information per position, and relative weight of gapless real matches to pseudocounts
           A  R  N  D  C  Q  E  G  H  I  L  K  M  F  P  S  T  W  Y  V   A   R   N   D   C   Q   E   G   H   I   L   K   M   F   P   S   T   W   Y   V
    1 M   -1 -2 -3 -3 -1 -1 -3 -3 -2  3  2 -2  5  0 -3 -2 -1 -2 -1  2    0   0   0   0   0   0   0   0   0  41   0   0  59   0   0   0   0   0   0   0  0.33 0.02
    2 K   -1  1  0 -1 -2  1  0 -2 -1 -2 -2  4 -1 -3 -1  0  3 -3 -2 -1    0   0   0   0   0   0   0   0   0   0   0  61   0   0   0   0  39   0   0   0  0.38 0.03
    3 E    1  0 -1  1 -3  1  5 -2 -1 -3 -3  0 -2 -3 -1  0 -1 -3 -2 -2   18   0   0   0   0   0  82   0   0   0   0   0   0   0   0   0   0   0   0   0  0.61 0.03
    4 I   -1  0 -2 -2 -2 -1 -1 -3 -2  3  2  2  2 -1 -2 -2 -1 -3 -2  1    0   0   0   0   0   0   0   0   0  43  18  28  11   0   0   0   0   0   0   0  0.17 0.02
    5 T    0 -1  0 -1 -1 -1 -1 -2 -2 -1 -1 -1 -1 -2 -1  1  5 -3 -2  0    0   0   0   0   0   0   0   0   0   0   0   0   0   0   0   0 100   0   0   0  0.58 0.04
    6 E    3 -1 -1  0 -2  0  3 -1 -1 -2 -2  0 -2 -3  3  0 -1 -3 -2 -1   47   0   0   0   0   0  37   0   0   0   0   0   0   0  15   0   0   0   0   0  0.41 0.02
    7 E    2 -1 -1 -1 -1  1  1 -2 -1  0  1 -1  0 -1 -2  0  1 -2 -2  0   28   0   0   0   0  10  17   0   0   0  29   0   0   0   0   0  15   0   0   0  0.13 0.01
    8 Q   -1  0  0  0 -3  5  3 -2  3 -3 -3  1 -1 -3 -2  0 -1 -2 -1 -3    0   0   0   0   0  62  28   0  10   0   0   0   0   0   0   0   0   0   0   0  0.60 0.03
    9 Q    1  1  0 -1 -2  4  1 -1  0 -3 -2  2 -1 -3 -1  2  0 -3 -2 -2   11   0   0   0   0  45   0   0   0   0   0  15   0   0   0  28   0   0   0   0  0.38 0.02
   10 M   -1 -2 -3 -4 -2 -1 -3 -3 -2  1  3 -2  5  0 -3 -2 -1 -2 -1  1    0   0   0   0   0   0   0   0   0   0  44   0  56   0   0   0   0   0   0   0  0.42 0.03
   11 R    0  3  5  0 -3  0  0 -1  0 -3 -3  0 -2 -3 -2  0  0 -3 -2 -2   15  27  57   0   0   0   0   0   0   0   0   0   0   0   0   0   0   0   0   0  0.45 0.03
   12 L   -1 -1 -2 -2 -1 -1 -2 -2 -2  1  3 -2  2  0 -2 -2 -1 -1 -1  1    2   1   1   2   1   1   2   2   1   1  74   2   1   1   1   2   2   0   1   2  0.24 0.01
   13 D   -1 -1  1  5 -2  0  2 -1 -1 -2 -2  0 -2 -2 -1  0 -1 -2 -2 -2    2   1   1  64   1   1  11   2   1   1   3   2   1   1   1   2   2   0   1   2  0.52 0.02
   14 I   -1 -2 -2 -2 -1 -2 -2 -2 -2  3  2 -2  1  0 -2 -2 -1 -2 -1  2    2   1   1   2   1   1   2   2   1  63  13   2   1   1   1   2   2   0   1   2  0.18 0.01
   15 L   -2 -3 -3 -4 -2 -3 -3 -4 -1  1  3 -3  1  4 -3 -3 -2  0  3  0    0   0   0   0   0   0   0   0   0   0  45   0   0  39   0   0   0   0  15   0  0.45 0.02
   16 R   -1  5  0 -1 -4  1  0 -2 -1 -3 -3  4 -2 -3 -2 -1 -1 -3 -2 -3    0  61   0   0   0   0   0   0   0   0   0  39   0   0   0   0   0   0   0   0  0.65 0.03
   17 L   -1  0 -2 -3 -2 -1 -1 -3 -2  1  3  2  1  0 -2 -2 -1 -2 -1  0    0   0   0   0   0   0   0   0   0   0  72  28   0   0   0   0   0   0   0   0  0.27 0.02
   18 V   -1 -2 -3 -4 -1 -2 -3 -4 -3  2  2 -2  3 -1 -3 -2 -1 -3 -1  3    0   0   0   0   0   0   0   0   0   0  25   0  17   0   0   0   0   0   0  59  0.34 0.04
   19 L   -1 -2 -2 -2 -2  1 -2  3 -1 -1  1 -1  2  0 -3 -1 -1 -1  3 -1    0   0   0   0   0  12   0  33   0   0  21   0  17   0   0   0   0   0  18   0  0.23 0.04
   20 L    0  0  4  0 -2  0 -1 -1 -1 -2  0  1 -1 -2 -2  2  0 -3 -2 -2    0   0  38   0   0   0   0   0   0   0  13  12   0   0   0  36   0   0   0   0  0.31 0.05
   21 D   -2  0  4  5 -4  0  1 -1 -1 -3 -4  2 -3 -4 -2  0 -1 -4 -3 -3    0   0  30  52   0   0   0   0   0   0   0  18   0   0   0   0   0   0   0   0  0.66 0.06
   22 T    0 -1  0  2 -2  2  0 -1 -1 -2 -2 -1 -2 -3 -1  3  4 -3 -2 -1    0   0   0  13   0  13   0   0   0   0   0   0   0   0   0  33  41   0   0   0  0.40 0.08
   23 A    3 -2 -2 -2 -1 -1 -1 -1 -1  1 -1 -1 -1 -1 -2  2  0 -2  2  1   43   0   0   0   0   0   0   0   0  11   0   0   0   0   0  22   0   0  13  11  0.22 0.06
   24 A    3  2 -1 -2 -1  0 -1 -1 -1 -2 -2  1 -2 -3 -1  2  0 -3 -2 -1   49  14   0   0   0   0   0   0   0   0   0  11   0   0   0  26   0   0   0   0  0.34 0.07
   25 A    2  0  2  2 -2  0  0 -1 -1 -1 -2  2 -1 -3 -2  0  1 -3 -2  0   30   0  13  13   0   0   0   0   0   0   0  25   0   0   0   0   8   0   0  11  0.19 0.05
   26 Q   -2  0 -1  1 -4  4  2 -2 -1 -1 -3  4 -2 -4 -2 -1 -1 -3 -2 -2    0   0   0   9   0  34  14   0   0   8   0  36   0   0   0   0   0   0   0   0  0.52 0.13
   27 I    0 -1 -2 -3 -2 -1 -2  0 -2  1 -1  2 -1  3 -3 -1 -1 -1  2  1    8   0   0   0   0   0   0  10   0   6   0  28   0  19   0   0   0   0   8  21  0.16 0.09
   28 T    2  1 -1 -2 -2 -1 -2  4 -2 -3 -3  0 -2  1 -2  0  1 -3 -2 -2   20  10   0   0   0   0   0  40   0   0   0   6   0  10   0   0  14   0   0   0  0.37 0.11
   29 I    2 -2  1 -2 -2 -2 -2  0 -2  3  0 -2  1 -2 -2  1  0 -3 -2  2   21   0   8   0   0   0   0   6   0  32   0   0   4   0   0  12   4   0   0  14  0.20 0.11
   30 D   -1  0  2  3 -3  1  1  0 -1 -2 -3  0 -2 -3 -2  0  2 -4 -3 -1    3   6  12  21   0   8   8   6   0   0   0   4   0   0   0   0  24   0   0   7  0.28 0.12
   31 F   -2 -3  0 -3 -2 -2 -3 -1 -2  0  2 -2  2  4 -3 -2  0  3  0  1    0   0   5   0   0   0   0   6   0   4  18   3   8  34   0   0   8   5   0   9  0.31 0.13
   32 V    1  0 -2 -2 -2 -2 -2  2 -3  1 -2 -1 -1 -3  4  1  0 -4 -3  1   11   5   0   0   0   0   0  16   0  11   0   3   0   0  21  11   3   0   0  19  0.31 0.13
   33 K    0  3  1 -1 -4  0 -1  2 -2 -2 -3  3 -3 -4 -3  0 -2 -4 -3 -2    9  24   7   3   0   2   0  17   0   2   0  27   0   0   0   7   0   0   0   2  0.44 0.21
   34 D   -1 -2  2  2 -4 -1 -2  4 -3 -5 -5 -2 -4 -5  4  0 -1 -5 -4 -4    2   2  11  14   0   2   0  36   0   0   0   0   0   0  25   5   2   0   0   0  0.79 0.28
   35 E   -1  4  0  2 -4 -1  0 -3  1 -3 -3  2 -3 -2 -1  0  1 -3  1 -2    5  29   5  12   0   0   5   0   4   0   0  15   0   1   2   5   9   0   6   3  0.37 0.21
   36 K    0  1  0 -2 -4  0  1 -3 -2 -3 -2  5 -3 -2  0  1  0 -4 -3 -2    6   4   5   0   0   2   9   0   0   0   3  53   0   2   3   9   4   0   0   2  0.57 0.29
   37 L   -3 -3 -4 -4 -3 -3 -4 -4 -2  2  3 -3  1  2  3 -3 -3 -1  5 -1    0   0   0   0   0   0   0   0   0  13  29   0   4   5  17   0   0   0  29   0  0.71 0.30
   38 K   -2  0  0 -2 -4 -3 -2 -2 -4 -1 -4  1  0 -5 -4  3  5 -5 -4 -2    0   4   4   2   0   0   2   2   0   4   0  10   2   0   0  24  44   0   0   2  0.77 0.47
   39 F   -1 -5 -2 -5 -6 -4 -2 -3 -5 -5 -3 -2 -5  3  7 -1 -4 -5 -1 -1    5   0   2   0   0   0   2   2   0   0   2   2   0  11  63   4   0   0   2   6  1.59 0.65
   40 E   -1 -1 -1  3 -6  1  6 -3 -3 -3 -3  0 -1 -6 -4 -1 -2 -6 -5 -3    4   2   3  18   0   5  50   2   0   2   2   4   2   0   0   3   2   0   0   2  0.92 0.51
   41 I    0 -1 -2  2  0  2  3 -2  0 -1 -1  0  0 -4 -3  0  0 -4 -3 -1    9   3   0  11   2  11  27   3   2   4   6   6   2   0   0   4   5   0   0   4  0.29 0.23
   42 F   -4 -5 -6 -6  2 -5 -6 -6 -5  1  5 -5  3  2  0 -5 -4  3  1  0    0   0   0   0   5   0   0   0   0   6  52   0   7  10   5   0   0   4   5   6  0.96 0.47
   43 K   -2 -1 -1 -2 -5  1  0 -5 -4  1 -1  0  1  1 -5 -1 -2  9  1  0    4   3   3   2   0   6   8   0   0   7   6   5   3   7   0   6   2  28   3   8  0.75 0.39
   44 D    0  0  0  0 -3  1  0  0  2  0 -1  0  1  0  0  0  0  3 -1  0    6   6   6   6   0   6   6   6   6   6   6   6   6   6   6   6   6   6   0   6  0.06 0.10
   45 A    3  0 -1 -1  1  0  0 -1  1 -1  0  1  0 -1 -4 -1 -1  2  0 -1   26   5   3   3   3   3   6   5   3   3   9  10   3   3   0   4   3   3   3   3  0.15 0.20
   46 C    3 -6 -6 -6  6 -2 -5 -5 -5  1 -1 -5 -4  4 -6 -1 -2  4  1  0   30   0   0   0  18   2   0   0   0   8   5   0   0  15   0   4   2   6   4   6  0.90 0.50
   47 C    0 -1  0  0  3  1  1 -2  1  0 -1  0  1  0 -3 -1  0 -3  1  1    7   3   4   5   7   8   9   3   4   4   5   4   4   3   0   3   6   0   7  15  0.08 0.12
   48 E    0  1  1  1 -3  1  1  0 -2  0  0  1  1 -2 -2  0  0 -3 -2 -1    8   8   8   8   0   8   8   8   0   8   8   8   8   0   0   8   8   0   0   0  0.10 0.11
   49 Y   -7 -7 -7 -8 -7 -6 -7 -8 -3 -6 -6 -7 -6  2 -8 -6 -6 -2 10 -6    0   0   0   0   0   0   0   0   0   0   0   0   0   6   0   0   0   0  94   0  3.46 1.25
   50 F   -3 -1 -6 -6  1 -3 -6 -6 -5  0  0  0  0  8 -6 -4 -3  0  0  0    2   4   0   0   3   1   0   0   0   5   6   7   2  61   0   1   1   1   1   5  1.42 0.69
   51 E    0  0  0  2 -2  3  4 -4 -1 -3 -3  1 -3 -5 -3 -1  0 -5 -2 -3    9   5   3  12   1  14  30   0   1   1   1   9   0   0   0   4   5   0   1   2  0.52 0.38
   52 W   -3 -2 -5  0 -5 -2  1 -5  3 -3 -5 -2 -2  1 -5 -1 -5 10  2 -4    2   2   0   6   0   2   8   0   8   1   0   3   1   5   0   4   0  48   7   1  1.89 0.79
   53 I    1 -3 -2 -5  8 -1 -3 -4 -5  0 -1 -3  0 -4 -4 -2 -1 -5 -4  3   14   2   2   0  37   3   2   0   0   4   5   1   2   0   0   2   4   0   0  21  1.06 0.53
   54 E   -1  0 -1  5 -2 -1  4 -3 -1 -3 -3  2 -4 -3 -4 -1 -2 -5 -4 -3    4   4   2  30   1   2  27   1   1   2   3  13   0   1   0   4   2   0   0   2  0.68 0.43
   55 N    0  0  2  3  0  0  3  0 -3 -3 -3  1 -2 -4 -1  1  0 -5 -4 -4   10   5  10  16   2   3  21   5   0   1   2   7   1   0   2   8   5   0   0   0  0.36 0.28
   56 N   -2 -1  7  0 -5  0  0 -4  5 -5 -3 -2 -5 -5 -5 -1  0 -6 -4 -5    3   3  51   4   0   4   6   0  12   0   2   2   0   0   0   3   7   0   0   0  1.22 0.63
   57 P   -1 -2 -5 -3 -5 -2 -2 -3 -2 -2 -5 -1 -5  0  7 -4 -2 -5 -2 -1    5   2   0   2   0   2   2   2   1   3   1   5   0   4  63   1   2   0   1   4  1.60 0.74
   58 L   -4  1 -5 -3 -4 -4 -3 -5 -1  4  3 -2 -2  1 -2 -4 -4  7  0  1    1   7   0   2   0   0   2   0   2  25  26   3   0   4   2   0   0  14   3   7  0.78 0.45
   59 K   -2  0  0 -2 -4 -1  0 -3  0  2  0  2  1  0 -2 -2  0  2  3  0    1   5   4   2   0   2   5   1   3  13  10  18   5   2   2   2   5   3  12   5  0.21 0.21
   60 E   -1  0 -1 -1 -4  1  3 -2 -3  0 -2  3 -3 -4 -1 -1  0  2 -3  0    5   4   2   3   0   5  21   2   0   6   4  23   0   0   3   4   6   3   0   8  0.32 0.30
   61 E    0  0  0  1 -1  2  2 -1  1  0 -2  0  0 -2  0  0  1  0 -1  0    7   4   4   9   2  10  13   3   3   6   2   5   2   2   3   5   8   1   2   6  0.10 0.12
   62 K   -1  1 -2  1  0  2  2 -4  0 -2 -2  4 -3 -1 -1 -2  0  3 -1 -2    5   8   0   7   3   9  15   0   2   2   2  25   0   2   2   0   7   4   2   3  0.35 0.32
   63 V    0 -3  0 -3 -3  0 -1 -1  2  1  0 -1 -1  1  1 -1  0 -3  1  3    7   0   4   0   0   4   3   4   5  10   9   3   0   5   6   3   7   0   4  24  0.15 0.19
   64 F    0 -1  0 -1  0 -1 -1 -1  0  0 -1  1  0  2 -1  0  0 -2  1  0    8   3   3   2   2   2   3   4   2   7   3  12   3  13   2  10   6   0   5   9  0.06 0.11
   65 S    0  0  1  0  1  0 -1  0  2 -2 -3  2 -3 -1 -3  3  0  3 -3 -2    6   4   6   4   3   4   3   7   6   2   1  13   0   3   0  24   6   4   0   3  0.25 0.26
   66 Y   -1 -1  0 -1 -2 -3 -3  2  2 -2 -1  0 -1  3 -2  0 -1  0  3 -2    3   3   4   4   1   0   0  19   5   2   5   8   2  17   1   9   4   1  10   3  0.26 0.24
   67 Q   -1  1  0  1 -5  3  1  1  0 -3 -3  3 -3 -5 -2 -1  0 -4 -1 -4    4   7   4   8   0  17   8  12   2   1   2  22   0   0   2   3   5   0   2   0  0.42 0.33
   68 G   -1  0 -1  1 -5 -2 -1  5 -2 -4 -2  1  0 -1 -1 -1 -2 -5 -4 -4    5   4   3   9   0   2   4  45   1   1   4   8   2   3   4   4   1   0   0   0  0.63 0.40
   69 E    1  1 -1  1 -2  0  2  0 -2 -1 -2  2 -2 -4 -2  0 -1 -4 -3  0   15   9   2   8   1   2  16   7   1   4   2  15   1   0   1   7   3   0   0   6  0.22 0.22
   70 I    1 -2 -1 -3 -1 -1 -3  3 -3  2 -2 -2 -1 -1  0 -1 -1 -4 -2  2   12   2   3   0   1   2   0  23   0  14   2   2   1   3   5   4   4   0   1  20  0.30 0.26
   71 T   -1  0  0  0 -3  0  2 -3 -1  1 -2  0  0 -3 -3  0  3 -4 -1  1    4   4   5   6   0   5  12   1   1   9   2   6   2   0   0   6  21   0   2  13  0.25 0.25
   72 H   -2  1 -1 -1 -1  1  2 -2  1  0  0  2 -1 -1  1 -1 -1 -3  0  0    1   8   3   3   1   5  13   2   4   7  11  14   1   2   7   4   3   0   4   6  0.12 0.14
   73 T    0  0 -1  0  0 -1  1 -1  1  2 -1  0 -1  0 -2 -1  0  0  2  2    8   4   3   6   2   2  10   3   4  13   5   4   1   3   1   3   4   1   8  16  0.08 0.12
   74 N   -2 -1  0  2 -2  1  3 -2  1 -2 -2  0 -1 -2  1  0  0  1  1 -1    3   2   5  10   1   5  20   3   3   3   4   6   1   2   8   7   5   2   4   5  0.18 0.18
   75 I   -3  0 -3 -3 -1 -2 -2 -5 -5  4  1 -3  0 -2 -5 -3  0 -5  0  4    2   6   1   2   1   1   3   0   0  23  13   1   2   1   0   1   6   0   3  32  0.62 0.37
   76 S   -1  1  1 -2 -5 -3  2 -5  1 -3 -5  1 -2 -3  6 -1 -1 -5 -2 -2    5   7   6   2   0   0  14   1   3   2   1   9   1   1  38   4   4   0   1   3  0.84 0.50
   77 K   -3  1 -2 -2 -1  0 -1 -4  1  1 -1  5 -2 -2 -4 -1  1 -5 -1 -1    1   7   1   2   2   3   4   1   4   9   7  39   1   1   0   4   8   0   2   4  0.56 0.38
   78 M    0  0  0  0 -1  1  0 -2  0 -1 -1  1  3 -2  4 -1 -1 -3 -1 -1    7   4   4   6   1   8   6   2   2   4   6   8  10   2  21   4   2   0   2   3  0.26 0.20
   79 R   -1  5  0  0  1  0  0  0  2  0 -2  1  0 -3 -3 -2 -1 -3 -2 -1    3  38   4   5   3   3   7   6   6   6   3   4   2   0   0   1   3   0   0   4  0.34 0.24
   80 A    1 -1 -3 -3  1 -2 -2 -1 -3  0  0 -2 -2  0  5 -1  1 -3  0  0   13   5   0   0   3   0   0   3   0   5  10   0   0   5  32   4   9   0   3   6  0.46 0.25
   81 M    0 -1 -2 -3 -2  1 -2 -3 -2  1  0  0  2  2  1 -2 -1  4  2  1    9   0   0   0   0   9   1   1   0   9   9   9   9   9   9   1   0   8   9   9  0.19 0.14
   82 T   -3 -1  0 -1 -4 -1 -3 -1 -4 -4 -3 -1  0 -5 -4  2  6 -5 -4 -2    0   4   4   2   0   3   0   4   0   0   2   3   3   0   0  18  55   0   0   2  0.94 0.54
   83 I   -1 -1  0 -5 -5  1  0 -6 -4  3  2  1  3  0 -5 -4 -4  4  1  1    4   4   4   0   0   7   5   0   0  21  18   8   7   4   0   0   0   5   5   8  0.44 0.32
   84 S    0  0  0  0  1  1  1 -1  1  0 -2  2  0 -3 -1  1  0  2  0  0    7   4   4   4   3   5   9   4   3   5   3  14   3   0   3   9   6   3   3   6  0.09 0.11
   85 G    0 -1 -3  0 -4 -1  0  6  0 -5 -5 -3 -4 -4 -4 -1 -3  3 -4 -4    7   3   0   5   0   3   5  61   3   0   1   0   0   0   0   5   0   4   0   0  1.07 0.41
   86 L   -1 -4 -5 -5 -4 -4 -4 -5 -4  1  4 -4  2  5 -4 -4 -3 -3  1 -2    5   0   0   0   0   0   0   1   0   7  47   0   4  28   0   1   0   0   4   0  0.94 0.38
   87 C    2  0  0 -4  7 -4  0 -4 -4 -1 -1 -4  1  0 -1 -1  0  2  1 -1   16   5   4   0  29   0   7   0   0   3   5   0   4   4   3   4   4   3   4   3  0.68 0.44
   88 L    0 -1  0 -1  1 -1 -1 -1  0  1  2 -1  1  0 -3 -1  0 -3  0  0    8   4   5   3   3   3   3   3   3   9  24   3   3   3   0   4   8   0   4   7  0.07 0.11
   89 F    0 -1 -5 -1 -5 -4 -5 -5  5 -4 -4 -5 -4  6 -6 -2 -4  6  5 -1    7   4   0   4   0   0   0   0  12   0   0   0   0  33   0   4   0   9  23   4  1.23 0.57
   90 L    0 -2 -2 -5  3 -4 -5 -5 -1  1  4 -4  3 -1 -5 -2 -1  1 -3  0    7   3   2   0   6   0   0   0   2   7  53   0   6   2   0   4   2   2   0   4  0.67 0.38
   91 D   -1  0  2  3 -5  0  1  4 -3 -5 -5  1 -4 -5 -4 -1 -3 -5 -5 -5    3   5  13  17   0   5   8  40   0   0   0   8   0   0   0   3   0   0   0   0  0.74 0.35
   92 V    0 -5 -5 -3  4 -3 -5 -3 -1  6  0 -5  0  0 -5 -4 -2  2 -3  3    6   0   0   2   8   1   0   2   1  45   6   0   1   4   0   0   2   3   0  16  0.85 0.45
   93 A    0 -3  2  1 -2 -2 -1  0  0 -1 -3 -2 -2 -3 -2  4  3 -5 -4 -2    7   0   8   9   1   1   3   5   2   4   1   2   1   1   1  34  16   0   0   2  0.45 0.38
   94 D   -2  4 -1  0 -4  1  2 -1  1 -2  0  1  0 -2  0 -1  0 -4 -2  0    1  25   2   5   0   6  13   4   4   2   8   6   2   2   4   4   6   0   1   9  0.24 0.23
   95 S    0  1  1  2  0  3  0  0  1 -3 -3  1  0 -4 -2  2  0 -4 -2 -2    8   6   6  11   2  14   5   6   4   1   1   9   2   0   1  16   5   0   1   2  0.25 0.22
   96 T    0 -2 -2 -3 -4 -2 -2 -1  0 -1 -2 -1 -3 -1 -4  0  5  2  4 -2    9   2   1   1   0   2   2   5   2   3   3   3   0   1   0   7  40   3  15   2  0.62 0.43
   97 W   -5 -5 -6 -6 -5 -5 -6 -4 -5 -1  2 -3 -1  6 -6 -2 -5  9  2 -2    0   0   0   0   0   0   0   2   0   4  21   2   1  31   0   4   0  28   5   2  1.55 0.66
   98 Q   -1  3  1  2  0  1  1 -2  1 -2 -1  1 -1 -1 -3  0 -1 -1  2 -2    3  19   8  12   2   6   7   3   3   1   5   9   2   2   0   6   3   1   9   1  0.22 0.20
   99 A    0  2  3  2 -4  1  1 -1  1 -3 -2  0 -3 -3 -3  0  0 -4  1 -3    8  12  15  12   0   6  11   3   3   1   3   6   0   0   0   5   7   0   6   1  0.27 0.22
  100 Y   -1 -3 -2 -6 -5 -3 -4 -4 -3 -2 -1 -2 -1  4 -5 -4 -4  7  7 -2    6   1   2   0   0   1   1   1   0   2   6   3   1  15   0   0   0  16  42   2  1.42 0.64
  101 R   -1  3 -1 -2  0 -1  2  0 -1 -4 -3  4 -3 -1 -3 -1 -2 -5 -4 -3    5  18   2   1   2   2  16   7   1   0   3  32   0   3   0   4   1   0   0   2  0.54 0.36
  102 V    2  2  2 -1 -4  1  1 -2  1 -4 -3  3  0 -4 -3  0  0 -4 -3 -2   17  11   9   3   0   5   8   2   4   0   2  23   3   0   0   5   7   0   0   2  0.34 0.26
  103 K   -2  4  0  2 -4  0  1 -2  1 -2 -2  2 -1 -4 -1  0 -1 -4 -1 -3    2  25   5  15   0   2  10   2   3   2   4  14   1   0   2   6   3   0   2   1  0.39 0.27
  104 D   -2 -1  0  3 -5  1  4 -1  0 -5 -5  2 -4 -5  2 -1  0 -5 -4 -3    3   3   3  20   0   5  26   5   2   0   0  11   0   0  12   4   4   0   0   2  0.57 0.35
  105 G    0 -1  1  5  0 -1  2  1  0 -3 -3  0 -4 -5 -2 -1 -3 -6 -5 -5    7   3   5  38   2   2  16  11   2   2   2   6   0   0   2   3   0   0   0   0  0.66 0.39
  106 F   -3 -5 -6 -6 -5 -2 -6 -6 -4  0  1 -5  1  7 -6 -5 -2  3  5 -1    2   0   0   0   0   2   0   0   0   4  12   0   3  44   0   0   3   3  22   4  1.32 0.59
  107 S    1  0 -1 -1  2  1 -1 -1  0 -1  1  0  0  0 -3  2 -1  0  0 -1   11   6   1   2   5   6   3   4   2   3  17   6   2   4   0  20   2   1   3   2  0.09 0.15
  108 A    0 -1  1  3 -4  0  3  0  1 -3 -3 -1 -3 -2  2 -1  0  0  1 -2    6   2   5  20   0   3  20   6   4   1   2   3   0   1   9   3   6   1   5   2  0.32 0.24
  109 I    0 -2 -2  1 -2 -2 -2 -2 -2  1  1 -2  2  1  2  0  1 -3 -1  1   10   0   0  10   0   0   0   0   0  10  10   0  10  10  10  10  10   0   0  10  0.14 0.11
  110 T    0 -2 -2 -4  4 -2 -4 -4 -4  4  0 -2  2  1 -4 -2  2 -4 -3  2    7   1   2   0   9   2   0   0   0  31   6   1   6   5   0   2  16   0   0  13  0.46 0.31
  111 T    0  0  1  0 -3  1  2 -2  0 -2 -2  1  0 -3 -2  1  2 -4 -2 -2    9   5   6   4   0   4  19   2   2   3   3  11   2   0   0  10  18   0   1   0  0.25 0.20
  112 Q   -1  5 -1 -1 -1  0 -1 -3  4 -3 -2  1  0  0 -3 -2 -1  2  1 -2    5  34   2   3   1   3   2   0  11   0   4   9   2   4   0   2   2   3   6   3  0.45 0.29
  113 A    2 -4 -4 -4  2 -3 -3 -3 -3  5  0 -3  1  0 -3 -2 -2 -3  1  3   17   0   0   0   4   0   1   1   0  38   5   0   4   4   0   1   0   0   5  18  0.53 0.30
  114 E   -1  3  0  1  0  0  3 -2  0 -3 -1  1  1 -3 -2 -1  0 -3 -3 -2    3  21   3   9   3   3  25   3   2   0   4   7   4   0   0   3   7   0   0   3  0.31 0.21
  115 K    0 -1  2  3 -3  1  2  0 -1 -2 -1  0  0 -3 -2  0  0 -3  0 -2    8   3  10  23   0   5  12   6   0   0   6   6   3   0   0   5   4   0   4   3  0.22 0.16
  116 I    0  0 -1 -2  0  0  0 -2  0  3  0  0  0  0 -3 -1  0 -3  1  2    5   4   2   0   2   3   6   2   2  25   5   7   3   4   0   4   6   0   6  14  0.12 0.14
  117 I   -2 -1 -5 -5  3 -2 -5 -6 -5  6  0 -4  3  1 -5 -4 -2 -4  0  1    3   3   0   0   6   2   0   0   0  58   5   0   7   4   0   0   2   0   3   6  0.99 0.48
  118 Y   -2  3 -1 -2 -1 -1  2 -5  1 -3 -3  0 -2  3 -5 -3 -2  2  6 -4    2  16   2   2   1   2  16   0   4   1   2   4   1  12   0   1   1   3  30   0  0.73 0.43
  119 D    1 -1  2  2 -1  3  2 -3  0 -3 -2 -1 -1 -2 -3  0  1 -4 -2  0   11   2  10  10   1  15  14   0   2   0   2   2   2   2   0   7  11   0   1   7  0.27 0.24
  120 Q   -2 -1  0  2 -4  5  0 -2  3 -3 -2 -1  0 -1 -4  1 -1  2  2 -4    2   2   5  11   0  32   5   2   7   2   2   2   2   2   0  11   4   3   6   0  0.48 0.37
  121 K   -1  0  2 -3 -4  4 -1 -4 -2 -1  0  4  1 -4 -4 -1 -1  2 -1 -1    4   2  11   0   0  19   3   0   0   3  10  31   4   0   0   2   3   3   3   3  0.46 0.37
  122 F   -1 -1 -3 -1 -3 -1  0 -4 -3  2  1 -2  1  4 -4 -3  0  2  2  1    5   3   0   4   0   2   7   0   0  16  10   2   4  25   0   0   5   2   6  10  0.33 0.26
  123 S   -1  0  0  1  0  2  4 -2 -2 -2 -4  1 -3 -4 -3  1  1 -4 -4 -1    5   5   4   6   2  10  34   2   0   2   0   6   0   0   0  10   9   0   0   4  0.43 0.31
  124 G   -1 -1 -1 -4 -4 -2 -4  5  0 -4  1 -1  0 -4 -4 -2 -3 -4  0 -2    4   4   2   0   0   2   0  58   2   0  14   4   2   0   0   1   0   0   4   2  0.84 0.42
  125 A    5 -4 -1 -4 -3  0 -2  2 -4 -2 -2 -3 -3 -4 -3  0 -2 -5 -4 -2   62   0   3   0   0   4   1  14   0   2   4   0   0   0   0   4   2   0   0   2  0.85 0.48
  126 A    2 -3 -3 -2  0  0 -2 -2 -3  1  1 -1  3 -2 -1  0  0 -3 -1  1   26   0   0   2   2   4   0   2   0   9  17   2  11   0   3   6   5   0   2   9  0.22 0.21
  127 A    3 -3  1 -3 -1 -2 -3 -1 -3  1  0 -1  1 -1 -3  1  2 -4 -3  2   27   0   7   0   1   0   0   3   0  10   8   2   3   3   0   8  13   0   0  15  0.24 0.23
  128 D   -3 -2  2  0 -5 -3 -2  6 -1 -6 -4 -2 -5 -5  0 -1 -4  0 -5 -5    0   2  10   5   0   0   3  64   2   0   2   2   0   0   5   3   0   2   0   0  1.15 0.52
  129 L    0 -1 -1  0 -1  0 -1 -3 -1  2  2 -2  2  0 -1 -1  0 -3 -1  2    7   2   2   5   1   6   4   0   1  12  21   0   6   2   2   4   4   0   1  18  0.13 0.14
  130 L   -2 -3 -2 -4 -2 -1 -4 -1 -1  0  2 -2  1  5 -4 -3 -1 -1  4  0    2   0   1   0   1   3   0   4   1   4  19   3   4  28   0   0   4   0  19   4  0.56 0.32
  131 N   -2 -3  7  1 -4 -2 -1 -1  0 -4 -3  0 -4 -4 -4  1 -2 -5 -1 -3    2   0  58   8   0   1   2   4   2   0   3   5   0   0   0  10   0   0   2   1  1.04 0.50
  132 A    4 -3 -3 -3 -3  0 -1  0  1 -3 -4 -2 -3 -4  4  1  0 -4 -2 -2   44   0   0   0   0   5   2   5   3   0   0   1   0   0  21   9   5   0   1   2  0.65 0.38
  133 N    1 -1  4 -2 -3 -1 -1  1 -1  0 -2  0 -1 -2 -3  1  2 -4 -3 -2   10   2  29   0   0   2   2   9   1   9   3   4   1   2   0  13  12   0   0   2  0.32 0.26
  134 I   -3 -4 -3 -3 -3 -4 -4 -3 -4  5  1 -4  1  4 -2 -4 -2 -3  1  1    0   0   1   2   0   0   0   2   0  48  10   0   4  17   2   0   2   0   6   6  0.74 0.38
  135 I    1 -3 -3 -4 -2 -2 -3 -3 -3  4  1 -2  2  1 -3 -1  0  2 -2  2   13   0   0   0   0   1   0   0   0  29  11   3   5   7   0   2   6   3   0  19  0.36 0.24
  136 A    4 -2 -1 -3 -1 -1 -2 -1 -3  0 -1  0  2 -3 -3  2  0 -4 -3 -1   43   1   1   0   1   2   0   3   0   4   7   5   6   0   0  17   5   0   0   2  0.40 0.31
  137 R   -1  6  0 -3 -4 -1 -1 -3 -1 -4 -2  3 -1  0 -3  0 -2  0 -3 -4    3  47   5   0   0   1   2   0   1   0   5  20   1   4   0   6   2   2   0   0  0.76 0.39
  138 D   -2 -1  3  3 -3 -1  1 -2  1  0  0  1  0 -2 -3 -1 -1 -2 -1 -1    1   2  20  21   0   0  11   1   4   6  14   8   2   1   0   1   1   1   1   4  0.29 0.22
  139 L   -2 -1 -1 -4 -3 -2 -2 -4  2  0  4 -3  3  3 -4 -3 -1  1  1 -1    3   3   4   0   0   1   2   0   5   2  47   0   9  11   0   0   3   2   4   3  0.50 0.32
  140 G   -1 -3  0  0  0 -2 -1  6 -1 -6 -4 -3 -5 -5 -3 -1 -4 -5 -5 -5    2   1   4   4   2   1   4  73   1   0   1   1   0   0   1   3   0   0   0   0  1.33 0.54
  141 L   -3 -2 -5 -5 -4 -4 -5 -5 -4  1  4 -2  2 -1 -5 -4 -3  7  3 -1    1   2   0   0   0   0   0   0   0   8  51   3   4   0   0   1   0  17  11   2  1.00 0.46
  142 K    2  1  0 -1 -2  0  0  0 -2 -1 -2  2  0 -3 -2  1  1 -4 -3  0   22   8   4   2   0   3   4   5   0   2   0  14   2   0   1  11  11   0   0  10  0.19 0.17
  143 E   -1 -1  0  6 -5  0  3 -3 -3 -4 -5 -1 -5 -5 -4 -2  0 -6 -5 -5    4   2   4  58   0   4  18   1   0   1   0   3   0   0   0   1   5   0   0   0  1.16 0.51
  144 Q   -2  3  1 -2 -5  0 -1 -3  0 -5 -4  6 -4 -5 -2  0 -2 -5 -4 -3    1  12   6   2   0   3   2   1   2   0   1  62   0   0   1   5   1   0   0   1  1.02 0.50
  145 S   -1 -1 -1 -1 -4  5  0 -3  0 -2 -3  2 -3 -2 -2  1  2 -4 -3 -1    3   2   2   3   0  36   4   1   3   2   0  11   0   2   1  11  15   0   0   4  0.53 0.36
  146 Q   -2  0  0  3 -5  1  5 -4 -1 -4 -5  0 -4 -5 -1 -1 -2 -5 -4 -2    2   6   5  15   0   4  54   0   1   0   0   3   0   0   3   3   1   0   0   3  0.87 0.44
  147 V    0 -2 -1 -3 -2  0 -3 -2 -1  3  0 -3  0 -2 -3  0  1 -4 -2  3    9   2   4   0   0   4   0   2   2  23   8   0   1   1   0   6   7   0   0  32  0.32 0.23
  148 E   -2  0 -1  4 -4  1  3 -1 -1 -3 -3  2 -3 -3 -3  0  1 -4 -1 -2    0   5   0  26   0   4  21   3   1   1   2  12   0   1   0   7  11   0   3   2  0.44 0.27
  149 D   -1 -2  3  2 -4  1  1  1  5 -1 -3 -2 -3 -3 -3  0  0 -4 -2 -1    4   1  16  12   0   6   8  10  21   4   1   0   0   0   0   4   7   0   0   4  0.40 0.25
  150 V   -1  1  1 -1 -3  0  1 -2 -1  0 -2  0 -1 -3  0  0  3 -3 -2  1    3   7   7   1   0   4  11   2   1   6   2   6   0   0   5   7  24   0   1  13  0.19 0.18
  151 T    0 -1  1  1 -3  0  1  1 -2 -1 -2 -1 -1 -3 -1  2  2 -4 -2 -1    5   2   7   7   0   5   8  13   0   3   2   2   2   0   2  19  18   0   1   5  0.21 0.18
  152 K   -1 -1  2  0 -4  2  1  1 -2 -2 -3  3 -3 -4  2  1 -1 -4 -3 -2    2   1  10   3   0   9  10  13   0   2   1  24   0   0  10  10   3   0   0   2  0.33 0.22
  153 Y   -1 -1 -1  1 -2  1  0  1 -1  1  0 -1  1  0  2  0  0 -3 -1  0    2   1   2   9   0   8   5  11   2  11   9   2   5   5  10   5   6   0   1   6  0.07 0.08
  154 K    0 -1  0  1 -3  1  1  0  0 -1 -2  2 -2 -3  1  1  1 -3 -1 -1    7   1   3   7   0   6   8   7   3   4   3  17   0   0   7  11  11   0   2   3  0.16 0.12
  155 G    0 -2 -1 -2 -3 -1 -1  3  1  0  0  0  1 -2  2 -1 -1 -3 -1  0    8   0   3   1   0   2   3  29   5   7   8   5   4   0  11   0   3   0   2   8  0.22 0.15
  156 D   -1 -1  1  4 -3  0  1  0 -2 -1 -3  0 -3 -3 -1  1  1 -4 -3 -2    2   2   6  28   0   4   7   8   1   6   0   7   0   1   2  12  13   0   0   2  0.33 0.21
  157 R    0  1 -1  1 -3  0 -1 -2  0 -1 -1  0  1 -2  3  0  0 -3 -1  0    8  10   2  10   0   2   1   1   2   1   5   5   6   1  18   5   8   0   2  11  0.20 0.14
  158 D    0 -1  1  3 -3  0  2 -3 -2  1 -1  0 -2  0  0  1 -1 -4 -3 -2    7   1   5  20   0   2  17   0   0  12   5   4   0   5   4  16   1   0   0   1  0.25 0.19
  159 K   -1 -1  0  2 -3  0  3 -2  0 -1 -1  2  2 -3 -1 -1  2 -4 -1 -1    2   0   3  10   0   3  24   1   3   2   5  14   7   0   2   2  17   0   2   3  0.26 0.21
  160 R    0  1  1  1 -3  1  1 -2 -1  0 -1  1 -1 -1  0  1  1 -3 -2 -1    4  10   7   8   0   8   7   1   1   9   4  10   1   2   3   9  10   0   0   4  0.11 0.09
  161 R    0  3 -1  0 -3  1  1 -1 -2 -1 -2  2 -2 -3  0  0  0 -4 -3  0   10  17   0   5   0   4  12   3   0   2   3  19   0   0   3   7   5   0   0   8  0.22 0.16
  162 S    2 -2  0  2 -3  0  2 -1 -2 -2  0 -1  1 -2 -1  1  1 -4 -3 -2   23   1   2  12   0   4  17   2   0   1   9   2   6   1   2   9  10   0   0   0  0.21 0.18
  163 R    0  3  0 -2 -3  1  2 -3  0 -3 -2  2 -2 -4 -3  1  2 -4 -3 -1    7  22   4   0   0   6  12   0   3   0   2  16   0   0   0  11  13   0   0   4  0.35 0.21
  164 I    0 -3 -2  0 -2 -1 -2 -3 -3  4  2 -3  0 -2 -2 -2  0 -3 -2  2    7   0   2   6   0   4   3   1   0  30  22   0   2   0   1   0   4   0   1  18  0.31 0.20
  165 K    1  1 -1  1 -4  1  3 -2  0 -1 -3  3 -3 -4 -3  0 -2 -4 -3 -1   11   8   1   7   0   5  28   2   3   4   0  24   0   0   0   4   0   0   0   4  0.41 0.23
  166 E    0  1 -1  2 -4  1  4 -2 -2 -1 -2  1 -1 -3 -3  0 -2 -4 -3  0    6  10   1   9   0   4  41   1   0   4   3   6   1   1   0   7   0   0   0   7  0.43 0.24
  167 L   -1 -4 -1 -4 -3 -3 -4 -4 -4  3  4 -4  0  1 -4 -3 -1 -3 -2  2    6   0   3   0   0   0   0   0   0  18  52   0   0   7   0   0   2   0   0  11  0.58 0.26
  168 F   -1 -1  1 -1 -3 -1 -1 -3 -2  2  3  1  1  2 -3 -2 -2 -2  0  0    2   3  12   2   0   2   2   0   0  13  35  12   2  10   0   2   0   0   2   2  0.19 0.15
  169 N    0 -1  3  3 -3  0  2 -2 -1 -3 -4  2 -3 -4 -1  2  0 -4 -3 -2    5   0  18  19   0   3  17   0   0   0   0  14   0   0   2  16   3   0   0   4  0.41 0.19
  170 R   -2  3  0  0 -4  2  1  1 -2 -4 -2  3 -2 -4 -3 -1 -2 -4 -3 -3    0  23   2   4   0   9  11  15   0   0   5  29   0   0   0   2   0   0   0   0  0.45 0.19
  171 G    2  0  0 -2 -2  0 -1  4 -2 -2 -1 -1  2 -3 -3  0 -2 -3 -3 -2   28   7   3   0   0   3   3  38   0   0   4   0  11   0   0   3   0   0   0   0  0.41 0.16
  172 K    0  2  3 -1 -4  1 -1 -2 -1 -4 -3  5 -2 -4 -2 -1  0 -4 -3 -3    7   9  20   0   0   4   0   0   0   0   0  54   0   0   0   0   6   0   0   0  0.62 0.20
  173 S    0 -2  1 -1 -2 -1 -1  4 -2 -3 -3 -1 -2 -3 -2  3  2 -3 -3 -2    0   0   9   0   0   0   0  37   0   0   0   0   0   0   0  38  16   0   0   0  0.52 0.11

                      K         Lambda
Standard Ungapped    0.1341     0.3194
Standard Gapped      0.0410     0.2670
PSI Ungapped         0.1302     0.3171
PSI Gapped           0.0398     0.2670
