
Last position-specific scoring matrix computed, weighted observed percentages rounded down, information per position, and relative weight of gapless real matches to pseudocounts
           A  R  N  D  C  Q  E  G  H  I  L  K  M  F  P  S  T  W  Y  V   A   R   N   D   C   Q   E   G   H   I   L   K   M   F   P   S   T   W   Y   V
    1 M   -1 -2 -3 -3 -1 -1 -3 -3 -2  3  2 -2  4  0 -3 -2 -1 -2 -1  2    0   0   0   0   0   0   0   0   0  50   0   0  50   0   0   0   0   0   0   0  0.30 0.00
    2 C    0 -4 -3 -4  9 -3 -4 -3 -3 -1 -1 -3 -2 -3 -3 -1 -1 -3 -3 -1    0   0   0   0 100   0   0   0   0   0   0   0   0   0   0   0   0   0   0   0  1.22 0.01
    3 A    4 -2 -2 -2  0 -1 -1  0 -2 -1 -2 -1 -1 -2 -1  1  0 -3 -2  0  100   0   0   0   0   0   0   0   0   0   0   0   0   0   0   0   0   0   0   0  0.41 0.00
    4 A    4 -2 -2 -2  0 -1 -1  0 -2 -1 -2 -1 -1 -2 -1  1  0 -3 -2  0  100   0   0   0   0   0   0   0   0   0   0   0   0   0   0   0   0   0   0   0  0.41 0.00
    5 S    3 -1  0 -1 -1  0 -1  0 -1 -2 -2  0 -1 -2 -1  3  1 -3 -2 -1   50   0   0   0   0   0   0   0   0   0   0   0   0   0   0  50   0   0   0   0  0.35 0.00
    6 H   -2 -1 -1 -2 -3  0 -1 -3  6 -2 -2 -1 -1  2 -3 -1 -2  1  5 -2    0   0   0   0   0   0   0   0  50   0   0   0   0   0   0   0   0   0  50   0  0.66 0.00
    7 A    3 -1  0 -2 -2  0 -1 -1  6 -2 -2 -1 -1 -2 -2  0 -1 -3  0 -1   50   0   0   0   0   0   0   0  50   0   0   0   0   0   0   0   0   0   0   0  0.39 0.00
    8 R   -1  4  0  0 -4  2  4 -2  0 -3 -3  2 -2 -3 -2  0 -1 -3 -2 -3    0  50   0   0   0   0  50   0   0   0   0   0   0   0   0   0   0   0   0   0  0.55 0.00
    9 P   -1 -2 -2 -2 -3 -1 -1 -2 -2 -3 -3 -1 -3 -4  8 -1 -1 -4 -3 -3    0   0   0   0   0   0   0   0   0   0   0   0   0   0 100   0   0   0   0   0  2.05 0.01
   10 P   -1  4 -1 -2 -3  0 -1 -2 -1 -3 -3  1 -2 -3  6 -1 -1 -3 -2 -3    0  50   0   0   0   0   0   0   0   0   0   0   0   0  50   0   0   0   0   0  0.98 0.00
   11 P   -1 -3 -3 -2 -2 -2 -2 -3 -3  2  0 -2  0 -2  6 -2 -1 -3 -2  1    0   0   0   0   0   0   0   0   0  50   0   0   0   0  50   0   0   0   0   0  0.78 0.00
   12 S    1 -1  1  0 -1  0  0  0 -1 -3 -3  0 -2 -3 -1  4  1 -3 -2 -2    0   0   0   0   0   0   0   0   0   0   0   0   0   0   0 100   0   0   0   0  0.46 0.00
   13 R   -2  6  0 -2 -4  1  0 -2  0 -3 -2  2 -1 -3 -2 -1 -1 -3 -2 -3    0 100   0   0   0   0   0   0   0   0   0   0   0   0   0   0   0   0   0   0  0.75 0.00
   14 T    1 -1  0 -1 -1  0 -1 -1 -1 -2 -2  0 -1 -2 -1  3  4 -3 -2 -1    0   0   0   0   0   0   0   0   0   0   0   0   0   0   0  50  50   0   0   0  0.39 0.00
   15 P   -1 -2 -2 -2 -3 -1 -1 -2 -2 -3 -3 -1 -3 -4  8 -1 -1 -4 -3 -3    0   0   0   0   0   0   0   0   0   0   0   0   0   0 100   0   0   0   0   0  2.05 0.01
   16 G    0 -1  0 -1 -1 -1 -1  4 -1 -2 -2 -1 -1 -1 -1  0 -1 -1 -1 -1    4   3   2   3   1   2   3  54   1   3   5   3   1   2   3   4   3   1   2   3  0.33 0.00
   17 R   -1  4  0 -1 -2  1  0 -1  0 -1 -1  1 -1 -1 -1  0  0 -1 -1 -1    4  53   2   3   1   2   3   4   1   3   5   3   1   2   3   4   3   1   2   3  0.24 0.00
   18 R   -2  6  0 -2 -4  1  0 -2  0 -3 -2  2 -1 -3 -2 -1 -1 -3 -2 -3    0 100   0   0   0   0   0   0   0   0   0   0   0   0   0   0   0   0   0   0  0.75 0.00
   19 R   -2  4  1  4 -4  0  1 -2 -1 -3 -3  1 -2 -3 -2 -1 -1 -4 -2 -3    0  50   0  50   0   0   0   0   0   0   0   0   0   0   0   0   0   0   0   0  0.56 0.00
   20 S    0 -1  4  1 -2  0  0  0  0 -3 -3  0 -2 -3 -1  3  1 -3 -2 -2    0   0  50   0   0   0   0   0   0   0   0   0   0   0   0  50   0   0   0   0  0.45 0.00
   21 T    1 -1  0 -1 -1  0 -1 -1 -1 -2 -2  0 -1 -2 -1  3  4 -3 -2 -1    0   0   0   0   0   0   0   0   0   0   0   0   0   0   0  50  50   0   0   0  0.39 0.00
   22 S    1 -1  1  0 -1  0  0  0 -1 -3 -3  0 -2 -3 -1  4  1 -3 -2 -2    0   0   0   0   0   0   0   0   0   0   0   0   0   0   0 100   0   0   0   0  0.46 0.00
   23 P   -1 -2 -1  3 -3 -1  0 -2 -2 -3 -3 -1 -3 -4  7 -1 -1 -4 -3 -3    0   0   0  34   0   0   0   0   0   0   0   0   0   0  66   0   0   0   0   0  1.32 0.01
   24 E   -1  0 -1  0 -3  3  3 -3 -1 -1  1  0  0 -2 -2 -1 -1 -2 -2 -1    0   0   0   0   0  34  34   0   0   0  32   0   0   0   0   0   0   0   0   0  0.29 0.01
   25 T    0 -1 -1 -1 -1 -1 -1 -1 -1  0  2 -1  1 -1 -1  0  2 -1 -1  0    3   2   2   2   1   1   2   3   1   2  35   2   1   1   2   2  36   0   1   2  0.11 0.00
   26 S    1 -1  0  0 -1  0  0  0 -1 -2 -2  0 -1 -2  0  3  1 -2 -1 -1    3   2   2   2   1   1   2   3   1   2   3   2   1   1   2  68   2   0   1   2  0.25 0.01
   27 F   -2 -2 -2 -2 -2 -2 -2 -2 -1  0  0 -2  0  6 -2 -2 -1  1  2 -1    2   1   1   1   1   1   2   2   1   1   2   2   1  75   1   2   2   0   1   2  0.45 0.02
   28 R   -1  4 -1 -2 -3  0 -1  2 -1  1 -1  1 -1 -2 -3 -1 -1 -3 -2  0    0  52   0   0   0   0   0  24   0  24   0   0   0   0   0   0   0   0   0   0  0.29 0.02
   29 E   -1  0  0  0 -4  1  4 -2  6 -4 -3  0 -2 -2 -2 -1 -1 -3  0 -3    0   0   0   0   0   0  52   0  48   0   0   0   0   0   0   0   0   0   0   0  0.65 0.03
   30 R   -2  5  0  3 -4  1  0 -2 -1 -3 -3  2 -2 -3 -2 -1 -1 -3 -2 -3    0  76   0  24   0   0   0   0   0   0   0   0   0   0   0   0   0   0   0   0  0.64 0.03
   31 F   -1 -3 -3 -4 -2 -3 -3 -4 -3  2  3 -3  1  3 -3 -2 -1 -1  1  2    0   0   0   0   0   0   0   0   0   0  48   0   0  25   0   0   0   0   0  26  0.33 0.01
   32 S    2 -1  0 -1 -1  0  0  0 -1 -1 -1  0 -1 -2 -1  2  2 -2 -1 -1   26   1   1   1   1   1   2   2   1   1   2   2   1   1   1  27  25   0   1   2  0.20 0.01
   33 F   -1  2 -1 -2 -2  0 -1 -2 -1  0  0  0  3  3 -2 -1 -1 -1  1 -1    2  25   1   1   1   1   2   2   1   1   2   2  25  27   1   2   2   0   1   2  0.13 0.01
   34 R   -1  3 -1 -1 -2  0  0 -2 -1  0 -1  2  0 -2 -1 -1  0 -2 -1  1    2  27   1   1   1   1   2   2   1   1   2  25   1   1   1   2   2   0   1  26  0.15 0.01
   35 I    1 -1 -2 -2 -1 -1 -1 -1 -2  2  2 -1  1  0 -1 -1  0 -2 -1  1   26   1   1   1   1   1   2   2   1  27  26   2   1   1   1   2   2   0   1   2  0.09 0.00
   36 L    3 -1 -1 -2 -1 -1 -1 -1 -1  0  1 -1  0 -1 -1  0  0 -2 -1  0   50   1   1   1   1   1   2   2   1   1  28   2   1   1   1   2   2   0   1   2  0.13 0.01
   37 L   -1 -1 -1 -2 -1 -1 -1 -2 -2  1  3 -1  1  0 -1  0  2 -1 -1  0    2   1   1   1   1   1   2   2   1   1  52   2   1   1   1   2  25   0   1   2  0.15 0.01
   38 K    2  0  0  0 -1  0  0  0 -1 -1 -1  2 -1 -2  0  2  0 -1 -1 -1   22   2   2   2   1   2   2   3   1   2   4  23   1   2   2  24   2   1   1   3  0.13 0.01
   39 R   -1  4  0  0 -2  1  2 -1  0 -2 -1  1 -1 -2 -1  0 -1 -1 -1 -1    3  41   2   2   1   2  24   3   1   2   4   2   1   2   2   3   2   1   1   3  0.26 0.01
   40 G    1 -1  0 -1 -1 -1 -1  4 -1 -2 -2 -1 -2 -2 -1  0 -1 -2 -2 -2   18   2   1   2   1   1   2  54   1   2   3   2   1   1   2   2   2   0   1   2  0.42 0.02
   41 L   -1 -2 -2 -2 -1 -1 -2 -2 -2  2  1 -2  1  0 -1 -1 -1  6  0  2    3   2   1   2   1   1   2   2   1  20  20   2   1   1   2   2   2  16   1  19  0.23 0.01
   42 D   -1 -1  1  5 -2  0  1 -1 -1 -3 -3 -1 -2 -3 -1  1  0 -3 -2 -2    1   1   1  66   0   1   1   1   0   1   1   1   0   1   1  19   1   0   1   1  0.58 0.04
   43 K    1 -1 -2 -2 -2  0  1 -2 -2  0  3  1  1 -1 -2 -1 -1 -2 -2  0   16   0   0   0   0   0  16   0   0   0  52  17   0   0   0   0   0   0   0   0  0.15 0.03
   44 L    1 -2 -2 -2 -1 -1 -2 -2 -2  2  2 -1  1 -1 -2  0  1 -2 -1  1   18   1   1   1   0   1   1   1   0  18  36   1   0   1   1   1  16   0   1   1  0.13 0.01
   45 P   -1  2 -1 -1 -3  0  0 -2 -1 -3 -2  2 -2 -3  6 -1 -1 -3 -2 -2    1  18   1   1   0   1   1   1   0   1   1  19   0   1  50   1   1   0   1   1  0.85 0.03
   46 D    0 -1  0  2 -2  2  0 -1 -1 -1 -2  0 -1 -2  3  1  0 -2 -2  0    1   1   1  18   0  19   1   1   0   1   1   1   0   1  16  18   1   0   1  18  0.24 0.02
   47 P    0  2 -1 -1 -2  0  0 -2 -1 -1  0  2 -1 -2  3  1  0 -2 -2 -1    1  17   1   1   0   1   1   1   0   1  17  19   0   1  18  18   1   0   1   1  0.24 0.02
   48 P    0  0  0  2 -2  0  0 -1 -1 -2 -2  3 -2 -3  3  1  0 -3 -2 -2    1   1   1  16   0   1   1   1   0   1   1  36   0   1  18  18   1   0   1   1  0.34 0.02
   49 A    2 -1  0 -1 -1  0 -1 -1  5 -3 -3 -1 -2 -2 -1  2  0 -3  0 -2   35   0   0   0   0   0   0   0  32   0   0   0   0   0   0  33   0   0   0   0  0.38 0.04
   50 R    1  4 -1 -1 -3  4  0 -2  0 -3 -2  1 -1 -3 -2  0 -1 -3 -2 -2   17  48   0   0   0  35   0   0   0   0   0   0   0   0   0   0   0   0   0   0  0.50 0.05
   51 R   -1  4  0 -2 -3  0  0 -2  3 -3 -2  2 -1  2 -2  1 -1 -2  0 -2    0  34   0   0   0   0   0   0  16   0   0  18   0  16   0  17   0   0   0   0  0.30 0.03
   52 V    2 -1 -1 -1 -2  0  1 -2  5 -1 -2 -1 -1 -2 -2  0  1 -3 -1  1   30   0   0   0   0   0  13   0  27   0   0   0   0   0   0   0  16   0   0  15  0.23 0.04
   53 N    0 -1  3 -1  4 -1 -1  3  3 -3 -3 -1 -2 -3 -2  2  0 -3 -2 -3    0   0  27   0  13   0   0  24  12   0   0   0   0   0   0  24   0   0   0   0  0.38 0.05
   54 R    1  4 -1 -2 -3  0  0  1 -1 -3 -3  2 -2 -3 -2  1 -1 -3 -2 -2   13  49   0   0   0   0   0  12   0   0   0  14   0   0   0  12   0   0   0   0  0.42 0.05
   55 L   -1 -1 -1 -1 -2  3  0 -2 -1 -1  1  0  0 -2  4  1 -1 -2 -2 -1    1   1   1   1   0  26   1   1   0   1  26   1   0   1  25  13   1   0   0   1  0.34 0.04
   56 G    2 -1 -1 -1 -1  0  1  3 -1 -2 -2 -1 -2 -2 -1  1  1 -2 -2 -1   33   1   1   1   0   1  12  23   0   1   1   1   0   0   1  12  11   0   0   1  0.26 0.03
   57 A    2 -1 -1 -1 -1  0  1 -1 -1 -1 -1 -1 -1 -2  2  1  1 -3 -2  0   34   1   1   1   0   1  12   1   0   1   1   1   0   0  11  12  11   0   0  11  0.22 0.03
   58 I    1 -2  3 -1 -2 -1 -1 -2 -1  2  0 -1  0 -2 -2  1  0 -3 -2  1   11   0  24   0   0   0   0   0   0  23  11   0   0   0   0  21   0   0   0  11  0.14 0.04
   59 K    0  4  1 -1 -3  2  0 -2 -1 -3 -2  2 -1  1 -2  1 -1 -2 -1 -2   11  34  11   0   0  11   0   0   0   0   0  11   0  10   0  11   0   0   0   0  0.29 0.05
   60 K    0 -1  0  1 -2 -1  0 -1 -2 -2 -3  1 -2 -3  5  2  1 -3 -2 -2    1   1   0  10   0   0   1   1   0   1   1  11   0   0  30  31  10   0   0   1  0.52 0.06
   61 L   -1  2 -2 -2 -2 -1 -1 -2 -2  0  2  1  0 -1 -2  0 -1  5 -1 -1    1  21   0   1   0   0   1   1   0   1  40  10   0   0   1  10   1  11   0   1  0.23 0.05
   62 A    4 -2 -2 -2 -1 -2 -2  1 -2  0 -2 -2 -1 -3 -2  0  1 -3 -2 -1   75   0   0   0   0   0   0   8   0   8   0   0   0   0   0   0   8   0   0   0  0.48 0.12
   63 T   -1  1  1 -1 -3  2  0  0 -1 -3 -3  1 -2 -3  5  1  1 -3 -2 -2    1   8   9   0   0  15   0   8   0   0   1   8   0   0  30   9   9   0   0   0  0.49 0.06
   64 S    1  2 -1 -2 -1 -1 -1 -1 -2  0  0  0 -1 -2 -2  2  2 -3 -2  0   15  16   0   0   0   0   0   1   0   8   7   0   0   0   0  29  15   0   0   7  0.17 0.06
   65 R    1  4 -1  0 -2  1 -1  0 -1 -2 -2  0 -1  0 -2  0  0 -3 -2  0   22  35   0   7   0   7   0   8   0   0   0   0   0   6   0   0   8   0   0   7  0.22 0.08
   66 C    2  2  1  1  5 -1 -1  0 -2 -3 -3 -1 -2 -3 -2  1 -1 -3 -3 -2   27  15   7   8  22   0   0   6   0   0   0   0   0   0   0  15   0   0   0   0  0.33 0.09
   67 Y   -2 -2 -2  0  4  0 -2  1 -1 -2 -2 -2 -2  3 -3  0 -2  6  4 -2    0   0   0   8  14   7   0  14   0   0   0   0   0  14   0   7   0  13  22   0  0.45 0.10
   68 I   -1  3 -2 -3 -2 -1 -2  1 -2  1  2 -1  2 -1 -3  0 -1 -3 -2  0    0  25   0   0   0   0   0  14   0  14  21   0  13   0   0   7   0   0   0   6  0.17 0.07
   69 A    4 -2 -1  0 -1 -1 -1  1 -2 -2 -3 -1 -2 -3 -2  3  2 -3 -3 -1   50   0   0   6   0   0   0   6   0   0   0   0   0   0   0  25  13   0   0   0  0.43 0.12
   70 G   -1  0  2  2 -3  0 -1  4 -2 -3 -2 -1 -2 -3 -2  1 -1 -3 -3 -3    0   6  11  12   0   6   0  43   0   0   6   0   0   0   0  16   0   0   0   0  0.45 0.10
   71 Q   -1  3 -1  2  1  2  1  1  1 -3 -2  1  0 -3  0 -1  0 -3 -2 -3    0  21   0  14   5  14   6  13   5   0   4   4   4   0   4   0   5   0   0   0  0.22 0.09
   72 R    2  4 -1 -2 -2  0 -1 -2 -2 -3 -2  2 -2 -1  1  1  1 -3 -2 -2   24  35   0   0   0   0   0   0   0   0   0  10   0   4   6  10   9   0   0   0  0.35 0.12
   73 N   -1  0  3 -1 -3 -1  1  1 -1 -3 -2  1 -2  1 -2  3  0 -3 -2 -3    0   4  18   0   0   0  10   9   0   0   4   9   0   8   0  35   0   0   0   0  0.27 0.12
   74 W   -3  3  1  1 -4 -1 -2 -3  1 -3 -1  0 -2  0  0 -2 -2  8  1 -3    0  24   8   9   0   0   0   0   4   0   5   5   0   4   5   0   0  28   5   0  0.70 0.16
   75 R   -1  3 -1  0  3  3  0 -1  1 -2 -1  0 -1 -2  0  0  0 -2  0 -2    4  23   0   5   9  19   4   5   5   0   5   0   0   0   5   4   5   0   4   1  0.22 0.09
   76 R   -2  4 -2 -2 -3 -1  0  0 -2 -2  0  0 -1  3  0 -2  0 -2 -1 -1    0  38   0   0   0   0   5  10   0   0  13   3   0  17   4   0   5   0   0   4  0.28 0.12
   77 A    2  0 -1 -2 -2 -1  0  0 -2  1 -1  0 -1  0  4 -1  0 -3 -2  1   25   4   3   0   0   0   5   5   0  10   0   4   0   4  21   0   4   0   0  12  0.26 0.09
   78 N    0  2  3  0 -3  1  2 -1  1 -2 -3  1 -2 -3 -2  1  0 -3 -2  0    5  14  22   0   0   3  16   4   4   0   0   5   0   0   0  13   4   0   0  10  0.24 0.09
   79 G    0 -1 -1  1 -2  0  0  3  1 -1 -2  0  0  0  0  0  0 -2  0 -1    5   0   0   8   0   4   4  29   4   5   1   5   5   4   5   5   5   0   4   5  0.15 0.05
   80 I    0  0 -2 -1 -2  0 -2 -1 -2  3  0 -1  1  0  0  0 -1 -3 -1  2    4   8   0   4   0   5   1   4   0  29   5   0   5   4   5   8   0   0   0  16  0.11 0.07
   81 C    1  0 -1 -2  1 -1  0 -2 -2  1  1  0  0 -2  2 -1  0 -2 -2  1   13   5   3   1   5   1   8   1   0  11  16   8   0   0  11   1   4   0   0  11  0.09 0.04
   82 F   -1  1 -1 -2 -2 -1  0 -3  1  1  2 -1  0  2 -2 -1  0  2  1  0    1   9   4   1   0   1   8   1   5  11  28   1   0  11   1   4   8   3   4   1  0.10 0.06
   83 G    1 -2 -1 -1  1 -2 -2  4 -2 -2  0 -1 -1  0 -2 -1 -1  2  0 -1   11   1   1   3   4   1   1  42   0   1  12   4   0   3   1   1   4   4   4   4  0.33 0.10
   84 V   -1  2  1 -1  4  1 -1 -3 -2  1  1  0 -1 -2 -2 -1 -1 -3 -2  1    5  18   8   3  13   6   0   1   0   8  13   4   0   0   0   1   0   0   0  18  0.16 0.09
   85 V    0  0 -2 -2  2  0 -2 -2 -2  1  0 -1  1  0  2  0  1  2  0  1    7   6   0   0   6   5   0   1   0   7   6   3   8   4  11   4  11   3   4  14  0.11 0.06
   86 G    1  1  0  1 -3 -1  0  3 -2 -1 -3  1 -2 -3 -2  0 -1 -3 -3 -1   14   7   4  10   0   0   7  33   0   3   0  10   0   0   0   6   0   0   0   6  0.29 0.10
   87 D    0  1  2  3 -3  0  0 -1  1 -1 -1  1 -1 -3 -2  1  0 -3 -2 -1    7  12  10  20   0   4   4   4   3   5   6   6   0   0   0  12   3   0   0   3  0.16 0.07
   88 G   -1 -2  2  1  0 -2 -2  3  1 -2 -2 -1 -2  1 -3  0 -1  2  2 -2    0   0  17   9   3   0   0  28   4   3   4   3   0   6   0   3   3   4  10   3  0.25 0.11
   89 I    1 -2 -1 -2 -2 -1 -2 -1 -2  0  1  0  1  0  2  1 -1 -3 -2  1   13   0   3   0   0   0   0   4   0   4  14   9   7   4  13  14   0   0   0  15  0.13 0.08
   90 G   -1 -1  2 -2  3 -1 -1  3  1 -1  0 -1 -2 -3  1  0  0 -3 -3 -2    0   3  13   0   9   0   4  29   4   3  12   3   0   0   8   6   6   0   0   0  0.24 0.11
   91 M   -1  0 -2 -3 -3 -1 -2  0  0  1  0 -1  4  1  2  0 -1 -3  0  2    3   6   0   0   0   3   0   8   3   6   2   3  22   6  11   5   3   0   2  18  0.18 0.13
   92 V    0  1 -2 -2 -2 -1 -1 -1  0  1  1  0  0 -1 -3  0  0 -2  1  1    9  11   0   0   0   0   4   6   2   9  18   7   0   0   0   8   3   0   9  14  0.07 0.07
   93 D    0  0  0  2  0  2  0 -1  2 -2 -1  0 -2 -1  2  1  0 -3 -1 -1    6   3   3  14   2  11   2   3   6   0   6   3   0   2  12  14   5   0   2   6  0.16 0.08
   94 R    0  4  1 -1 -3 -1  0 -1 -2 -2  0  0  0 -1 -1 -1  0 -3 -2 -1    6  31   9   2   0   0   7   5   0   0  14   3   3   2   3   0   8   0   0   5  0.18 0.12
   95 I   -1  0 -3 -1  2 -2 -3 -2 -3  3  2 -1  4 -2 -3 -2 -2 -3 -2  1    5   6   0   4   6   0   0   3   0  22  25   4  18   0   0   2   0   0   0   5  0.30 0.16
   96 R   -1  3 -2 -2  1  0  0  0  1 -1 -1  1 -2  0  0  0  0  4  0 -1    2  26   0   0   3   2   6   7   4   5   4   8   0   6   4   6   4   6   2   4  0.17 0.11
   97 S    0  3 -1 -2  3  0  0 -3 -2 -4 -4  0 -1 -4 -3  4  2 -4 -1 -3    5  16   1   0   8   2   6   0   0   0   0   4   2   0   0  43  12   0   2   0  0.53 0.26
   98 V   -1 -2 -3 -3 -2  0 -2 -4 -1  2  2 -1  3  0 -2 -1  1  0 -2  2    5   0   0   0   0   6   2   0   2  15  18   3  12   3   2   5   9   1   0  18  0.22 0.14
   99 F   -1 -1 -3 -1 -1  0 -2 -3  0  0  1 -2  4  4 -3  0  0 -2  1  1    3   3   0   3   1   4   2   1   2   3  16   0  14  21   0   6   5   0   4   8  0.23 0.16
  100 S    0  2  1 -2 -1  0 -1  1 -1 -1 -2  1  1 -2 -1  2  0 -1 -2 -2    4  12   7   0   1   2   2  10   1   3   3  10   6   1   2  25   6   1   1   1  0.18 0.14
  101 H   -2  3 -1 -1 -3  0  0  0  3 -1  0  1 -1 -1 -3  0  0  2  2 -2    0  21   2   2   0   3   5  10   9   5   9   7   1   1   0   6   4   3  10   1  0.18 0.13
  102 C    0  2  0 -3  6 -2 -2 -3 -3  0 -1  1 -2 -1 -1  1  2 -4 -3  0    5  12   4   0  22   0   1   1   0   4   6   8   0   3   3  12  13   0   0   5  0.35 0.20
  103 A    1 -1 -1 -1 -1 -1 -1 -1 -1  0  1  0  0  0 -1  1  1  2 -1  1   15   3   2   4   1   1   4   2   1   4  16   4   1   3   1  12   8   3   1  12  0.05 0.07
  104 C    0 -1 -2 -3  6 -2 -2 -1 -3  1  1 -2  5  0 -1  0  0 -3 -2  0    5   3   1   1  17   1   1   4   0  10  12   2  18   4   3   9   4   0   1   3  0.34 0.21
  105 D    1  0  1  1  1 -1  0 -1  0  0  0  0  0 -2  1  0  0  2 -1  0   13   5   8   9   4   1   3   3   2   8   7   4   3   1   6   6   4   4   2   9  0.04 0.05
  106 L   -4  0 -1 -5 -4 -3 -4 -4 -2  0  3 -2  8  1 -5 -2 -3  0 -1  0    0   5   3   0   0   1   1   2   1   4  23   2  41   5   0   4   1   1   2   4  1.01 0.46
  107 K   -1  4  0 -3 -3 -1 -2 -2 -2 -2 -1  4 -1 -3 -2  0  0  1 -4 -2    5  24   4   0   1   2   1   3   1   2   7  30   1   1   2   6   5   2   0   2  0.51 0.30
  108 M   -2  1 -3 -5 -1 -2 -4 -4 -3  2  2  1  6  1 -1 -1 -1 -1 -1 -1    3   9   1   0   1   1   0   1   0  11  18   9  23   7   3   5   3   1   1   4  0.46 0.29
  109 A    1  0 -1 -2  0 -1 -2 -1 -1  1  0  1 -1  0 -1  1  1  1 -1  0   12   6   2   1   2   2   1   4   1  10  11  11   1   5   2  11  10   2   1   5  0.07 0.11
  110 F   -2  0 -3 -5 -2 -2 -4 -3  0  2  2 -1  3  4 -3 -2 -2  1  1 -1    2   6   1   0   1   1   0   2   3  14  20   4   7  22   2   3   3   2   4   4  0.43 0.26
  111 P    0  1 -1 -3 -2 -1 -2  0 -1  1  1 -1 -1  2  2  0  0 -1 -1  0    7   8   2   0   1   2   1   6   1  11  14   3   1   9  10   9   7   1   1   5  0.10 0.12
  112 F   -1 -3 -3 -6 -1 -3 -5 -3 -1  2  2 -4  2  4 -4 -3  0  3  1  1    6   1   1   0   1   1   0   2   1  12  23   1   5  21   1   1   6   4   4   9  0.51 0.29
  113 A    2  0 -3 -4  2 -2 -3 -2 -4  0  2 -2 -1  1 -3  1  1 -2 -1  0   20   5   1   0   5   1   1   3   0   4  22   2   1   5   1  12   9   0   2   7  0.25 0.23
  114 I    0 -4 -5 -6  1 -5 -5 -4 -4  4  3 -5  2  1 -3 -2 -2  1 -3  2    9   1   0   0   3   0   0   2   0  21  29   0   5   6   1   3   2   2   0  15  0.60 0.33
  115 M    1 -3 -5 -5  1 -3 -5 -3 -3  2  3 -4  3  2 -4 -2 -1  0 -2  2   12   2   0   0   3   1   0   2   0  12  30   0   7   8   1   3   4   1   1  12  0.45 0.28
  116 T    1 -2 -3 -4  0 -3 -4 -1 -3  1  2 -2  0  2 -2  1  1 -1 -2  1   14   1   1   0   2   0   0   6   0   8  21   1   2   8   2  11   9   1   0  10  0.23 0.21
  117 C    2 -5 -4 -5  6 -4 -5 -2 -5  1  2 -5 -1  2 -4  0  0  0 -2  1   15   0   0   0  19   0   0   3   0   9  23   0   1   7   1   6   5   1   1   8  0.63 0.36
  118 F    0 -5 -5 -5  1 -4 -5 -1 -3  2  3 -4  0  4 -5 -1 -1  1 -1  1    9   0   0   0   3   0   0   4   1  10  30   1   2  20   0   4   3   2   2   9  0.57 0.32
  119 A    2 -4 -4 -4  2 -3 -3 -1 -2  1  2 -4  0  1 -2  1  0  1 -2  1   21   0   1   0   4   0   1   5   1   6  24   0   2   6   2  11   4   2   1   9  0.31 0.24
  120 L    0 -4 -4 -5  3 -3 -5 -2 -3  1  4 -4  1  2 -3 -1 -1 -1 -2  2    8   1   1   0   6   1   0   3   1   8  36   0   3   9   1   4   4   1   1  12  0.50 0.30
  121 V    1 -3 -4 -4  3 -3 -4 -2 -4  2  2 -3  1  3 -3 -1  0 -1 -1  2   14   1   0   0   5   1   1   4   0  11  20   1   3  11   1   5   6   1   2  14  0.33 0.22
  122 G    2 -3 -1 -3  2 -1 -3  2 -3 -1  1 -3  0  1 -1  2  0  0 -2 -1   16   1   3   1   4   2   0  15   0   4  14   1   2   7   3  16   5   2   1   4  0.22 0.20
  123 A    2 -2 -2 -3  3 -1 -2  0 -2 -1  0 -2 -1  1 -1  1  0 -1 -2  0   21   1   2   1   6   3   1   7   1   4  12   1   1   6   3  14   7   1   1   8  0.17 0.18
  124 N    1 -2  0 -2  2 -1 -2  0 -1  0  1 -1  0  0  0  1  1  0 -1  1   11   1   5   2   5   2   2   7   2   5  13   2   2   3   5  15   7   1   2   9  0.07 0.10
  125 V    1 -2 -2 -2  2 -1 -2  0 -1  0  1 -2  0  1 -1  0  0 -1 -1  1   15   1   2   2   5   2   2   7   1   6  16   1   2   7   3   7   5   1   1  11  0.10 0.11
  126 S    2 -1 -1 -2  1  0 -2  0 -1 -1 -1 -2 -1  0  1  2  1 -2 -1 -1   19   4   3   1   3   4   1   7   2   3   7   2   1   5   6  20   8   0   2   4  0.17 0.17
  127 A    3 -1 -1 -2  2  0 -2  0  0 -1 -1 -1 -2 -1  0  1  0 -4 -2  0   32   2   3   2   4   5   2   6   2   4   5   3   1   2   5  10   5   0   1   6  0.24 0.21
  128 E    2 -1  0 -2  0  2  1 -1  0 -2 -1  0 -2 -2  1  1  0 -3 -2 -1   21   3   3   2   2   9   8   5   2   2   5   4   1   2   7  11   6   0   1   5  0.16 0.15
  129 T    2  0  0  0 -1  1  0 -1  0 -1 -1  0 -2 -2  1  1  1 -1 -2  0   18   5   4   5   1   5   5   5   2   2   5   4   1   2   6  10  11   1   1   7  0.10 0.11
  130 N    2  0  1  0  0  1  0 -1 -1 -2 -2  0 -2 -2  1  1  1 -2 -2  0   18   6   6   5   2   7   5   4   1   2   4   5   1   2   6  12   8   1   1   6  0.12 0.12
  131 G    2 -1  0  0 -1  1  0  1  0 -2 -2  0 -2 -2  1  1  0 -1 -2 -1   22   3   4   6   1   6   5  10   2   2   3   6   1   1   6  10   5   1   1   5  0.14 0.13
  132 G    3 -2  0  0 -3  0  1  0 -1 -3 -3  0 -2 -3  2  1  0 -4 -3 -1   28   2   5   5   0   4   9   7   1   1   3   5   1   1   9   9   6   0   1   3  0.27 0.22
  133 S    3 -1 -1  0 -3  2  1 -1 -1 -3 -4  0 -3 -4  2  2  0 -4 -4 -2   25   2   3   6   0   8   7   4   2   1   1   5   0   1  10  15   6   0   0   3  0.34 0.27
  134 Q    1  2 -1  1 -5  2  1 -2 -3 -4 -4  2 -4 -5  0  1  1 -5 -4 -3   10  13   2   9   0  11  10   3   0   0   1  15   0   0   5  11   7   0   0   2  0.38 0.27
  135 P   -3  5 -4 -6 -7  3 -4 -5  0 -7 -4  4 -6 -7  4 -3 -4 -7 -6 -6    2  33   0   0   0  10   0   1   2   0   2  26   0   0  20   2   1   0   0   0  1.34 0.67
  136 P   -7 -8 -8 -8 -9 -6 -8 -9 -7 -9 -6 -6 -9 -10  9 -7 -6 -10 -8 -9    0   0   0   0   0   0   0   0   0   0   1   0   0   0  96   0   1   0   0   0  3.56 1.39
  137 H   -8 -6  9 -4 -9 -6 -7 -7  5 -10 -10 -7 -8 -9 -8 -4 -7 -10 -8 -9    0   0  84   0   0   0   0   0  14   0   0   0   0   0   0   1   0   0   0   0  3.20 1.25
  138 I   -7 -8 -9 -9 -7 -8 -8 -9 -9  7 -1 -8 -3  1 -8 -8 -6 -8 -6  4    0   0   0   0   0   0   0   0   0  66   5   0   0   5   0   0   0   0   0  24  2.17 0.86
  139 V   -6 -8 -8 -9 -6 -8 -8 -9 -8  6  2 -8 -3 -5 -8 -7 -6 -8 -6  6    0   0   0   0   0   0   0   0   0  37  18   0   0   0   0   0   0   0   0  44  1.82 0.77
  140 H   -6 -7 -8 -8 -6 -7 -7 -8 -4  3  3 -7  0  5 -8 -7 -5 -3  1  3    0   0   0   0   0   0   0   0   0  16  30   0   2  26   0   0   0   0   5  19  1.28 0.58
  141 I   -7 -9 -9 -9 -7 -9 -9 -10 -6  8  0 -9  0  1 -9 -8 -6 -8 -5  1    0   0   0   0   0   0   0   0   0  78   7   0   2   5   0   0   0   0   0   7  2.41 0.94
  142 I   -6 -7 -8 -8 -5 -6 -8 -8 -6  1  5 -7  6  1 -8 -7 -3 -6  0  3    0   0   0   0   0   0   0   0   0   7  47   0  16   5   0   0   1   0   3  20  1.39 0.64
  143 A    6 -7 -7 -7 -1 -6 -6 -4 -7 -2 -5 -6 -3 -7 -5  0  2 -8 -7  1   64   0   0   0   1   0   0   1   0   3   1   0   1   0   0   7  13   0   0   8  1.49 0.76
  144 D   -8 -8 -5  9 -10 -7 -5 -8 -8 -10 -10 -7 -10 -10 -8 -7 -8 -11 -10 -10    0   0   0 100   0   0   0   0   0   0   0   0   0   0   0   0   0   0   0   0  3.56 1.36
  145 D   -9 -8 -2  9 -10 -7 -5 -8 -8 -10 -10 -7 -10 -10 -8 -7 -8 -11 -10 -10    0   0   1  98   0   0   0   0   0   0   0   0   0   0   0   0   0   0   0   0  3.48 1.35
  146 L   -2 -6 -8 -8 -7  4 -6 -7 -4 -3  6 -7  5 -4 -8 -6 -6 -4 -3 -3    3   0   0   0   0  17   0   0   0   1  60   0  15   1   0   0   0   0   1   2  1.62 0.78
  147 G   -6 -9 -7 -8 -9 -8 -9  8 -5 -11 -10 -8 -9 -10 -9 -7 -8 -9 -10 -10    0   0   0   0   0   0   0 100   0   0   0   0   0   0   0   0   0   0   0   0  3.20 1.25
  148 W   -7 -6 -4 -10 -3 -7 -9 -8 -2 -4 -6 -8 -4  2 -10 -4 -7 10  8 -5    0   0   1   0   1   0   0   0   1   1   0   0   0   7   0   2   0  38  46   1  3.04 1.20
  149 N    3 -2  5 -2 -4 -4 -5  5  0 -7 -7 -3 -3 -5 -6  0 -3 -3 -4 -5   21   2  23   3   0   1   0  36   3   0   0   2   1   0   0   6   1   1   1   1  1.04 0.57
  150 D   -6 -8 -5  9 -10 -4 -2 -4 -3 -10 -10 -7 -10 -10 -8 -6 -6 -11 -10 -9    1   0   0  94   0   1   2   1   1   0   0   0   0   0   0   0   0   0   0   0  3.18 1.26
  151 V   -3 -7 -8 -8 -4 -7 -8 -8 -8  3  4 -7 -1  1 -3 -6 -3 -7 -4  6    2   0   0   0   0   0   0   0   0  12  31   0   1   5   1   0   2   0   1  46  1.36 0.64
  152 G   -2 -4 -4 -5 -8 -7 -6  6 -4 -9 -8 -6 -8 -9 -4  4 -4 -8 -8 -8    3   1   0   0   0   0   0  64   1   0   0   0   0   0   1  28   1   0   0   0  1.94 0.89
  153 F   -1 -5 -8 -8  7 -6 -8 -7 -5 -2 -2 -7 -4  6 -6 -2 -5  4  5 -1    5   1   0   0  24   0   0   0   0   2   4   0   0  32   0   4   0   5  17   5  1.62 0.72
  154 H   -6 -1  3 -6 -8  1 -5 -4  9 -7 -5 -6 -2  0 -8 -4 -1 -6  6 -7    1   3  11   0   0   7   0   2  40   0   1   0   1   4   0   1   4   0  25   0  1.90 0.85
  155 G   -4 -4  2 -1 -5 -5 -7  7 -8 -10 -10 -6 -7 -9 -5 -3 -7 -9 -9 -9    1   1   9   3   0   0   0  81   0   0   0   0   0   0   1   2   0   0   0   0  2.29 0.97
  156 S   -1 -4  4 -2  2  1 -3  1 -2 -6 -7 -3 -6 -7  1  5 -1 -8 -7 -5    5   0  16   2   4   5   1  11   1   0   0   1   0   0   8  39   4   0   0   0  0.90 0.56
  157 E   -2 -1 -2  5 -6  4  3 -4  1 -5 -5  1 -5 -5  1 -2  0 -2 -4 -4    3   3   2  27   0  15  19   1   3   0   1   8   0   0   6   2   5   1   1   1  0.74 0.46
  158 I   -3 -8 -6 -7 -4 -6 -8 -8 -7  7  0 -6  2  2 -5 -6 -4 -3  1  3    3   0   0   0   0   0   0   0   0  56   6   0   4   8   1   0   1   0   5  15  1.54 0.68
  159 R   -1  3 -3 -2 -5  2  1 -5  1 -3 -2  3 -3 -4  4  0 -3 -7 -3 -3    4  15   1   2   0   9   8   0   4   2   5  17   1   1  22   6   1   0   1   2  0.61 0.40
  160 T   -6 -8 -7 -8 -8 -7 -8 -8 -9 -8 -8 -7 -5 -9 -7 -2  8 -9 -8 -7    0   0   0   0   0   0   0   0   0   0   0   0   0   0   0   2  97   0   0   0  3.20 1.35
  161 P   -8 -8 -8 -9 -10 -8 -7 -8 -7 -10 -8 -8 -10 -11  9 -6 -8 -11 -10 -7    0   0   0   0   0   0   0   0   0   0   0   0   0   0  98   0   0   0   0   0  3.71 1.48
  162 N   -2 -1  8 -5 -4 -2 -4 -5  7 -5 -8 -6 -7 -5 -8 -3 -1 -5 -2 -3    4   4  57   0   0   2   1   1  20   1   0   0   0   1   0   2   4   0   1   3  1.96 0.89
  163 I   -7 -8 -9 -9 -7 -7 -9 -9 -6  7  4 -8  2 -5 -9 -8 -6 -8 -7 -2    0   0   0   0   0   0   0   0   0  55  39   0   4   0   0   0   0   0   0   1  2.07 0.86
  164 D   -7 -7 -3  9 -10 -4 -3 -7 -6 -10 -10 -6 -10 -10 -8 -7 -7 -11 -7 -10    0   0   1  95   0   1   2   0   0   0   0   0   0   0   0   0   0   0   0   0  3.27 1.29
  165 R    3  6 -3 -4 -7  2 -2 -4 -2 -6 -4  2 -5 -6 -6  2 -3 -6 -5 -5   22  36   1   1   0   8   2   1   1   0   2  11   0   0   0  13   1   0   0   1  1.02 0.58
  166 L   -7 -8 -9 -9 -7 -8 -9 -9 -9  3  6 -8  3 -1 -9 -8 -7 -7 -7 -4    0   0   0   0   0   0   0   0   0  13  78   0   6   2   0   0   0   0   0   0  2.09 0.89
  167 A    7 -5 -8 -8 -4 -7 -7 -1 -2 -7 -8 -7 -6 -5 -7 -4 -4 -6 -4 -3   88   1   0   0   0   0   0   4   1   0   0   0   0   1   0   1   1   0   1   2  2.30 1.04
  168 S    3  3 -1 -1 -5  0  0 -2 -1 -5 -4  2 -4 -3 -5  1 -1 -2  3 -5   27  16   3   3   0   4   7   3   1   0   2  11   0   1   0   9   3   0   9   0  0.50 0.37
  169 E   -2 -1  3  2 -7  3  5  0  0 -7 -7 -2 -4 -7 -6  1 -1 -7 -5 -6    3   3  14  10   0  13  33   6   2   0   0   2   0   0   0  10   3   0   0   0  0.86 0.52
  170 S   -5 -9 -6 -8 -9 -8 -8  8 -8 -10 -10 -8 -9 -10 -8  0 -6 -9 -9 -9    1   0   0   0   0   0   0  92   0   0   0   0   0   0   0   7   0   0   0   0  2.83 1.14
  171 V    0 -5 -7 -8 -5 -6 -7 -8 -8  3  0 -6  4 -5 -7 -5  0 -7 -6  6    9   0   0   0   0   0   0   0   0  15   7   0  11   0   0   0   7   0   0  49  1.35 0.65
  172 T   -5  6 -4 -6 -4  1  0 -6 -2  3 -2  2 -1 -4 -6 -3 -1 -2 -3  0    0  38   1   0   0   5   5   0   1  19   4   9   1   1   0   2   4   1   1   8  0.89 0.50
  173 L   -6 -8 -9 -9  3 -8 -9 -9 -8 -4  5 -8  1  7 -9 -7 -7 -4 -3 -5    1   0   0   0   5   0   0   0   0   1  47   0   3  43   0   0   0   0   0   0  2.04 0.86
  174 D   -4 -2  4  2 -7 -3  2 -5 -3 -6 -5 -3 -4 -6 -6  1  6 -8 -7 -5    1   3  18   9   0   1  11   1   0   0   1   2   0   0   0   8  43   0   0   1  1.18 0.67
  175 R   -2  4  5  3 -5  5 -3 -6  0 -8 -7 -3 -5 -8 -7  1 -3 -5 -5 -8    3  20  24  16   0  21   1   0   2   0   0   1   0   0   0  10   1   0   0   0  1.17 0.65
  176 F    1 -7 -4 -7 -2 -6 -7  2  5 -6 -4 -7 -4  6 -8 -1 -5  0  5 -6   13   0   1   0   1   0   0  17  11   0   1   0   0  34   0   4   0   1  16   0  1.36 0.67
  177 Y   -9 -7 -8 -10 -10 -7 -9 -10  4 -9 -7 -9 -5 -2 -10 -9 -7 -5 10 -8    0   0   0   0   0   0   0   0   9   0   0   0   0   1   0   0   0   0  89   0  3.78 1.46
  178 V    3 -7 -2 -7 -3 -7 -7 -5 -5 -3 -5 -7 -3 -7 -6  1  1 -8 -7  6   24   0   2   0   1   0   0   1   0   1   0   0   1   0   0  12  10   0   0  49  1.34 0.71
  179 T    1 -5  3 -3  4  4 -3 -5  1 -6 -3 -5  0 -5 -3  4  2 -4 -2 -6   10   0  11   1   7  17   1   0   3   0   3   0   2   0   1  28  12   0   2   0  0.78 0.53
  180 P    2 -7 -5 -7 -3 -3 -7 -5 -1 -9 -9 -7 -6 -9  8  1 -2 -7 -5 -8   14   0   0   0   1   1   0   1   1   0   0   0   0   0  67  10   3   0   1   0  2.17 1.02
  181 I   -2 -3 -4 -6 -5 -1 -5 -6 -4  3  1 -4  3  0 -7 -2  0 -4 -1  5    2   2   1   0   0   3   1   1   0  13  11   1   6   3   0   3   6   0   2  45  0.91 0.49
  182 C   -8 -11 -10 -7 12 -10 -11 -8 -11 -9 -9 -11 -9 -10 -10 -2 -8 -10 -10 -8    0   0   0   0  95   0   0   0   0   0   0   0   0   0   0   4   0   0   0   0  4.75 1.65
  183 S    2 -7 -5 -6  0 -6 -6  1 -5 -7 -7 -6 -4 -7 -6  5  5 -8 -7 -4   16   0   0   0   2   0   0   9   0   0   0   0   0   0   0  39  32   0   0   1  1.36 0.77
  184 P   -4 -8 -9 -9 -10 -3 -7 -9 -6 -10 -9 -8 -10 -11  9 -7 -7 -11 -10 -5    2   0   0   0   0   1   0   0   0   0   0   0   0   0  95   0   0   0   0   1  3.51 1.45
  185 T   -3 -7 -6 -6 -7 -7 -7 -7 -8 -8 -8 -7 -5 -9 -7  6  6 -9 -8 -7    2   0   0   0   0   0   0   0   0   0   0   0   0   0   0  51  46   0   0   0  2.20 1.08
  186 R   -9  9 -8 -9 -11 -6 -7 -10 -4 -10 -9 -5 -9 -10 -9 -8 -8 -10 -9 -10    0 100   0   0   0   0   0   0   0   0   0   0   0   0   0   0   0   0   0   0  3.63 1.43
  187 A    6 -7 -4 -7  2 -6 -6 -2 -6 -5 -6 -6 -2 -5 -7  2  0 -8 -2 -2   64   0   1   0   4   0   0   3   0   1   1   0   1   1   0  15   6   0   1   3  1.48 0.77
  188 G    5 -7 -5 -7  1  0 -3  4 -7 -7 -7 -6 -7 -8 -7  2 -3 -8 -7 -3   46   0   0   0   3   4   1  27   0   0   0   0   0   0   0  15   2   0   0   2  1.31 0.71
  189 V   -6 -8 -9 -10 -6 -8 -9 -9 -8  1  6 -8  1  3 -9 -8 -7 -7 -5 -2    0   0   0   0   0   0   0   0   0   6  77   0   3  11   0   0   0   0   0   2  2.00 0.87
  190 L   -7 -7 -7 -9 -7 -6 -8 -9 -6  1  5 -8  9 -3 -9 -8 -7 -8 -4 -3    0   0   0   0   0   0   0   0   0   6  50   0  40   1   0   0   0   0   1   1  2.25 0.97
  191 T   -5 -8 -7 -8 -8 -7 -8 -8 -8 -7 -7 -7 -6 -9 -8  1  8 -9 -8 -6    1   0   0   0   0   0   0   0   0   0   0   0   0   0   0  10  88   0   0   0  2.84 1.26
  192 G   -6 -9 -7 -8 -6 -9 -9  8 -9 -11 -11 -8 -10 -10 -9 -6 -8 -9 -10 -10    0   0   0   0   0   0   0  99   0   0   0   0   0   0   0   0   0   0   0   0  3.19 1.27
  193 L   -5  7 -3 -6 -1  0 -5 -7 -3 -4 -1  3 -1 -6 -8 -6 -5 -5 -1 -3    1  61   1   0   1   4   0   0   1   1   7  15   2   0   0   0   0   0   2   3  1.72 0.82
  194 Y   -7 -7 -2 -4 -4 -6 -7 -9  5 -6 -5 -8 -5  0 -9 -3 -7  1  9 -7    0   0   3   1   1   0   0   0  12   0   1   0   0   3   0   2   0   2  73   0  2.88 1.17
  195 P   -1 -6 -1 -6 -6  6 -4 -5  1 -8 -7 -6 -4 -5  7 -2 -2 -3 -4 -8    5   0   3   0   0  30   1   1   3   0   0   0   1   1  47   4   3   1   1   0  1.78 0.90
  196 F    0 -4 -1 -3 -4  5 -3 -1  3  3 -1 -3  2  0 -2 -1 -2 -2  1 -2    7   0   3   2   0  23   1   6   7  19   5   1   4   5   2   5   3   0   5   3  0.46 0.35
  197 R   -6  8 -2 -6 -9 -2 -3 -7  6 -9 -7  0 -6 -8 -8 -3 -4 -9 -4 -7    1  66   2   0   0   1   1   0  19   0   0   4   0   0   0   2   1   0   1   0  2.32 1.00
  198 F   -1 -6 -1 -5 -1 -5 -6 -5  0 -1  0 -6  1  5 -6 -1  4 -1  2  0    6   0   3   0   1   0   0   1   2   4  10   0   3  25   0   5  27   1   6   7  0.78 0.46
  199 G   -5 -2 -4 -4 -6 -5 -6  7 -2 -9 -8 -6 -8 -8 -5 -5 -5 -4 -4 -8    1   2   1   1   0   1   0  88   1   0   0   0   0   0   1   1   1   0   1   0  2.48 1.03
  200 I   -2 -3 -4 -6 -2 -4 -5 -4  2  3  3 -5  5  2 -4 -4 -2 -5  0  3    3   2   1   0   1   0   0   1   5  13  22   1  16   9   1   1   2   0   3  17  0.71 0.38
  201 W   -2  1 -2 -1 -4  6  3 -1  0 -3 -3 -3 -1 -3 -2 -3  0  4  1 -2    3   7   2   3   0  30  18   4   2   2   3   1   1   1   3   1   7   5   5   3  0.66 0.44
  202 G   -2  1  1  2 -2 -1 -1  2  6 -4 -4 -3 -1  0 -4  0  0  0  1 -4    3   7   6  12   1   2   4  16  22   1   1   1   2   4   1   6   5   1   4   1  0.57 0.35
  203 G    0 -2  5 -1 -2 -1 -2  1  0 -2 -2 -2  0  0  0  0  1  2  0  0    8   1  26   3   1   2   2  10   2   1   4   2   2   5   4   6   7   3   4   7  0.31 0.25
  204 V   -1 -2 -2 -4 -2 -3 -4 -3 -3  3  1 -3 -1 -2  3 -1 -1 -1  0  4    4   3   2   1   1   1   1   2   1  15  10   1   1   2  13   5   3   1   3  29  0.46 0.30
  205 V   -1 -1 -2 -1 -2 -2 -2 -1 -2  4  1 -3  1  0  1 -1  1 -1 -1  1    4   4   2   3   1   1   2   5   1  25  16   1   3   3   7   4   8   1   2   7  0.24 0.18
  206 S    0  1  0 -1 -2  0  0  2  0 -2 -1  0 -1 -1  1  0  0  2  0 -1    8   9   4   3   1   3   5  16   3   1   8   4   1   2   9   7   6   3   4   3  0.10 0.10
  207 P    2  0  1 -1 -5 -2 -1  2  1 -4 -4 -1 -4 -2  5 -1 -1 -2 -2 -2   14   5   6   3   0   1   3  13   3   1   2   3   0   2  29   5   4   1   1   3  0.56 0.36
  208 S    1  0  1  2 -1  0  1  2  1 -4 -3 -2 -1 -3  0  1 -1  4 -1 -3   13   5   8  10   1   3   9  13   3   0   3   2   1   1   5   9   3   6   3   1  0.22 0.20
  209 K   -1  1  1  1 -3  2  3  0  2 -3 -4  0 -1 -3 -1  0 -1 -3  0 -2    6   7   7   8   0  10  19   8   4   2   1   5   2   1   2   8   4   0   3   3  0.25 0.21
  210 K   -1  2  1  2 -5  1  1 -1  0 -3 -4  0 -2 -5  5 -2  0 -3 -4 -2    4  11   7  10   0   6   8   4   2   1   2   6   1   0  25   2   7   0   0   3  0.51 0.33
  211 H    0  2  0 -1 -3  0  0 -1  2 -2 -1 -1  0  1  0 -1  0  4  3 -1    6  12   5   4   0   4   5   5   6   2   5   3   3   5   4   5   5   7   9   4  0.16 0.14
  212 G    0 -3 -3 -4  2 -4 -5  6 -1 -5 -5 -5  0 -3 -1 -2 -3 -4 -1 -3    7   2   1   1   4   1   1  63   2   1   1   1   2   1   3   3   2   0   2   2  1.34 0.60
  213 L   -5 -7 -8 -8 -6 -7 -8 -8 -8  2  6 -7  4 -1 -6 -7 -4 -7 -5  0    1   0   0   0   0   0   0   0   0  10  68   0  10   3   0   0   1   0   0   6  1.70 0.75
  214 P   -1  0  0  2 -7 -2 -3 -3 -2 -7 -4 -4 -6 -6  7 -1 -3 -3 -6 -7    5   6   4  10   0   2   1   2   1   0   2   1   0   0  57   5   2   0   0   0  1.57 0.78
  215 P    0 -1 -4 -1 -5 -2 -2 -4  0 -2  4 -1 -1 -3  3 -1  1 -4 -5  0    9   3   1   5   0   1   3   1   2   1  35   4   1   1  15   4   9   0   0   6  0.46 0.33
  216 Q   -2 -1  2  4 -6  0  3  1  1 -6 -7 -1 -6 -6 -4  2  0 -7 -4 -6    3   3  10  24   0   3  19  10   3   0   0   4   0   0   0  14   6   0   0   0  0.69 0.43
  217 L   -2 -3 -2  0 -4  1  6 -6  1 -2 -2 -3 -2  0 -6 -4  0 -7 -1 -1    4   1   1   4   0   6  53   0   3   3   4   1   1   3   0   1   5   0   2   5  1.02 0.59
  218 E   -2  2 -3 -3 -4  0 -2 -5 -1  1 -2  3 -2 -2  2 -2  3 -2 -2  2    2   9   1   1   0   4   2   0   1   8   3  18   1   2  11   2  17   1   1  16  0.43 0.33
  219 T   -6 -7 -4 -7 -6 -7 -7 -8 -8  2  2 -6  1  0 -7 -3  7 -8 -7 -3    0   0   1   0   0   0   0   0   0  10  17   0   3   4   0   2  61   0   0   2  1.72 0.86
  220 A   -5 -8 -8 -9 -7 -7 -8 -8 -8  4  5 -7  5  2 -8 -7 -4 -3 -4  0    1   0   0   0   0   0   0   0   0  23  49   0  12   7   0   0   1   0   0   6  1.50 0.68
  221 P    5 -8 -7 -7 -7 -7 -7 -1 -8 -8 -8 -7 -6 -6  6  0 -6 -9 -8 -6   48   0   0   0   0   0   0   5   0   0   0   0   0   0  39   6   0   0   0   0  1.88 0.93
  222 E   -2 -1 -2  3 -8  5  6 -4 -3 -7 -7 -1 -4 -8 -6 -1 -2 -8 -6 -8    3   3   2  13   0  21  45   1   0   0   0   3   0   0   0   5   2   0   0   0  1.34 0.73
  223 H    1  2 -4 -5 -3 -2 -2 -5  2  0  1 -1  2 -1 -5 -3 -2  0  5  2   12  11   0   0   0   2   2   0   4   4  13   4   6   2   0   2   2   1  17  16  0.46 0.33
  224 L   -7 -8 -9 -10 -7 -8 -9 -10 -9 -3  6 -9  3  4 -9 -8 -7 -7 -5 -4    0   0   0   0   0   0   0   0   0   1  78   0   7  14   0   0   0   0   0   1  2.17 0.94
  225 S   -2  4 -3 -5 -8  3 -3 -2  1 -8 -7  6 -7 -8 -5 -2 -5 -8 -6 -6    4  17   1   1   0  13   1   3   3   0   0  52   0   0   0   3   0   0   0   1  1.50 0.75
  226 K    1  1  0  3 -5  2  3 -1 -2 -6 -5  2 -5 -7  0  0  0 -7 -5 -6   12   6   4  13   0   9  22   4   1   0   1  12   0   0   5   7   5   0   0   0  0.52 0.37
  227 L    5 -1  1 -4 -1  0 -2 -3  0 -3  2 -3 -2 -4 -5 -1 -3 -4 -4 -1   45   3   6   1   1   5   2   2   2   1  20   1   1   1   0   4   1   0   0   5  0.70 0.46
  228 G   -6 -9 -3 -3 -9 -7 -8  8 -6 -10 -10 -8 -9 -10 -7 -6 -8 -9 -9 -8    0   0   1   2   0   0   0  95   0   0   0   0   0   0   0   0   0   0   0   0  2.95 1.19
  229 Y   -9 -9 -8 -10 -10 -9 -9 -10 -6 -7 -8 -9 -8 -4 -10 -8 -9 -5 10 -9    0   0   0   0   0   0   0   0   0   0   0   0   0   0   0   0   0   0  99   0  4.27 1.61
  230 D    1  0  0  0 -1  0  1 -1 -1 -1 -1  1 -1 -1 -1  1  0 -1  0  0   10   5   3   6   1   4   8   5   1   4   5  10   1   3   3  13   5   1   3  10  0.06 0.04
  231 H    2  3  0 -3 -3  1 -3 -4  2 -4 -4 -3 -3 -4 -4  0  5 -4 -4 -3   19  17   5   1   0   6   1   1   5   1   2   1   0   1   1   6  30   0   1   1  0.71 0.39
  232 R   -5  0 -5 -7 -1 -6 -6 -4  6 -5 -6 -5 -4 -7 -7 -2  7 -8 -5 -6    0   5   0   0   1   0   0   1  19   1   1   0   1   0   0   2  67   0   0   0  2.18 1.00
  233 A    4 -3 -2 -4 -2 -3 -4  5  1 -3 -4 -3 -2 -2 -4 -1 -3 -1  0 -3   37   1   2   1   1   1   1  35   3   1   2   1   1   2   1   3   1   1   3   2  0.93 0.46
  234 M    0 -5 -5 -6  3 -5 -6 -5 -1  4  3 -5  6 -2 -6 -4 -4 -1 -1  0    9   0   1   0   5   0   0   1   2  21  28   1  20   1   0   1   0   1   2   6  0.96 0.47
  235 F   -2 -6 -6 -7 -2 -6 -6 -7 -6  5 -2 -6 -1  5 -6 -3 -3 -5 -1  5    3   0   0   0   1   0   0   0   0  26   3   0   1  24   0   3   2   0   2  34  1.30 0.59
  236 G   -7 -9 -7 -8 -9 -9 -9  8 -9 -11 -10 -8 -9 -10 -9 -7 -8 -9 -10 -10    0   0   0   0   0   0   0 100   0   0   0   0   0   0   0   0   0   0   0   0  3.24 1.28
  237 K   -8 -5 -5 -8 -10 -6 -6 -9 -4 -10 -10  9 -8 -10 -8 -7 -8 -10 -9 -9    0   0   0   0   0   0   0   0   0   0   0  99   0   0   0   0   0   0   0   0  3.36 1.37
  238 W   -11 -11 -12 -12 -10 -8 -11 -11 -10 -11 -10 -11 -9 -7 -12 -6 -7 13 -6 -11    0   0   0   0   0   0   0   0   0   0   0   0   0   0   0   1   1  99   0   0  5.64 1.96
  239 H   -8 -5 -2 -5 -10 -4 -7 -1 11 -10 -8 -8 -9 -8 -9 -6 -9 -9 -6 -10    0   1   2   1   0   1   0   5  90   0   0   0   0   0   0   1   0   0   0   0  4.07 1.49
  240 L   -6 -7 -1 -5 -3 -2 -6 -8 -6 -1  6 -8  1 -5 -8 -7 -6 -7 -7  0    0   0   3   1   1   2   1   0   0   3  80   0   3   0   0   0   0   0   0   5  1.83 0.83
  241 G   -6 -8 -7 -8 -9 -8 -7  8 -8 -10 -9 -8 -9 -9 -7 -6 -8 -9 -9 -9    0   0   0   0   0   0   0  98   0   0   0   0   0   0   0   0   0   0   0   0  3.09 1.22
  242 L   -2 -2 -1  2 -2 -2  0 -1  5 -3 -2 -3  2  4 -3  0 -3 -2  4 -2    4   2   3  10   1   2   6   4  14   2   4   2   5  16   1   6   1   0  13   3  0.49 0.28
  243 A    2 -2  1 -1  3 -1 -1 -1  3 -2 -2 -2 -2  2  0  1  0  0  2 -2   16   2   7   3   6   2   5   5   6   2   4   2   0   8   4  11   6   2   9   2  0.18 0.16
  244 S   -1  2  1  1 -4  2  1  0  0 -4 -3  2 -2 -3  0  0 -1 -4  2 -3    6  11   6   9   0   8   9   8   3   1   2  14   1   1   5   5   4   0   6   1  0.25 0.21
  245 T   -3  1 -2  0 -6  0  1 -1 -2 -4 -4  3 -4 -2  5 -1 -1  4 -2 -3    2   7   2   6   0   3   9   5   1   1   2  15   0   2  28   5   5   5   2   2  0.61 0.39
  246 L    1 -1  0  0 -4  2  4 -2 -1 -3 -2  1  1 -4  1  0  0 -3 -3 -3   10   3   5   5   0   7  26   3   1   2   5  10   3   1   6   6   5   0   1   1  0.34 0.26
  247 F   -4 -3 -2 -4  2 -1 -4  0  4 -4 -2 -4  1  5 -5 -2 -4  3  7 -3    1   1   2   1   5   3   1   7   9   1   4   1   3  19   0   3   1   3  32   2  1.08 0.51
  248 H   -2  2  0 -2 -4 -1 -4 -1  6 -3  1 -3 -1 -2 -5 -1  3  4 -1 -3    3  11   5   2   0   2   1   5  18   1  16   1   2   2   0   4  18   6   1   2  0.59 0.39
  249 P   -4 -9 -9 -8 -10 -8 -8 -9 -9 -9 -8 -8 -9 -6  9 -8 -8 -10 -10 -8    2   0   0   0   0   0   0   0   0   0   0   0   0   0  96   0   0   0   0   0  3.61 1.47
  250 L   -3 -1  4 -3 -3  1 -1 -4  1 -1  1 -4  2 -4 -4 -2  4  0 -3 -1    2   3  20   1   1   5   4   1   3   4  15   1   4   0   1   2  27   2   1   4  0.57 0.41
  251 H    0  3  3  1 -5  2  0 -2  2 -5 -3  2 -3 -1 -5  0 -3 -3  2 -5    9  15  13   9   0   9   7   3   5   0   2  10   0   3   0   6   1   0   7   0  0.42 0.31
  252 H   -7  7 -3 -7 -9  4 -6 -8  5 -9 -7 -1 -4 -1 -8 -5 -7 -6 -2 -8    0  62   1   0   0  17   0   0  10   0   0   3   1   3   0   1   0   0   1   0  2.14 0.96
  253 G   -6 -9 -6 -7 -9 -8 -8  8 -6 -10 -10 -8 -9 -8 -9 -6 -8 -9 -9 -8    0   0   0   0   0   0   0  98   0   0   0   0   0   0   0   0   0   0   0   0  3.11 1.23
  254 M   -8 -10 -10 -11 -10 -10 -10 -10 -8 -6 -7 -10 -4 10 -11 -9 -9 -2  1 -6    0   0   0   0   0   0   0   0   0   0   0   0   0  94   0   0   0   1   4   0  3.74 1.38
  255 T   -5 -7 -2  8 -10  0  0 -5 -2 -8 -9 -4 -7 -10 -8 -5 -1 -8 -9 -8    1   0   2  79   0   4   5   1   1   0   0   1   0   0   0   1   4   0   0   0  2.46 1.06
  256 E   -4  0 -3 -1 -7 -1  4 -6  4 -5 -4 -2 -6 -2 -6  2  2 -4  3 -3    1   4   1   4   0   3  30   0  10   0   1   1   0   2   0  18  12   0  11   2  0.82 0.53
  257 F   -3 -7 -3 -8 -2 -3 -7 -7  5 -6 -6 -7 -4  8 -8  0 -3  2  3 -3    2   0   2   0   1   1   0   0  11   0   0   0   0  61   0   7   2   2   8   2  2.06 0.87
  258 Y   -5 -2 -6 -7 -3 -7 -5 -7  0 -1  1 -4 -3  6 -8 -5 -4  2  7  0    1   3   0   0   1   0   1   0   2   3  11   1   0  32   0   1   1   2  33   7  1.54 0.70
  259 G   -5 -7 -6 -6 -3 -7 -8  8 -6 -4 -9 -6 -6 -7 -8 -6 -6 -2 -5 -2    0   0   0   0   1   0   0  90   0   1   0   0   0   0   0   0   1   1   1   3  2.60 1.06
  260 H   -4 -6 -2 -6 -1 -5 -5 -6  6 -1 -1 -6  0  6 -5 -1 -3 -2  6 -4    2   0   2   0   1   0   0   1  15   4   6   0   2  33   1   6   2   0  23   1  1.39 0.65
  261 Y   -3 -1 -1 -6  0 -4 -4 -3  0  0  4 -3  1  0 -2 -3 -1  5  4 -1    2   4   4   0   2   1   1   2   2   5  36   1   3   3   2   1   4   8  16   4  0.67 0.40
  262 N    0 -3  4 -2  1 -2 -2  4  1 -5 -3 -3 -4 -5 -2  2  1 -4 -3 -4    6   1  19   2   3   2   2  27   3   1   3   1   0   0   2  16   9   0   1   1  0.59 0.39
  263 G   -1 -7 -4 -4 -7  0 -5  7  1 -6 -8 -5 -6 -6 -2 -2 -4 -4 -7 -8    5   0   1   1   0   4   1  76   3   0   0   1   0   0   3   3   1   0   0   0  1.94 0.85
  264 A    3 -2  1 -1  1  0 -2  3  4 -4 -3 -2  0  0 -3  1 -2 -3  0 -3   21   2   7   3   3   3   3  20  10   0   3   2   3   4   1   9   1   0   4   1  0.39 0.29
  265 I   -1  0 -2 -4 -1  0  0 -1  5  4 -1 -3  1 -3 -3 -1 -1  2 -3  1    6   6   2   0   1   4   7   5  14  21   5   1   3   1   1   5   4   3   0  11  0.36 0.27
  266 D   -3 -2  2  7 -5 -2 -2  0  1 -7 -5 -3 -5 -3 -3  1 -2 -5 -5 -6    2   2   9  51   0   2   2   8   3   0   1   1   0   1   2  11   3   0   0   0  1.20 0.61
  267 Y   -7 -6 -4 -8 -8 -1 -7 -7  3 -7 -6 -7 -1  2 -2 -6 -6 -3  9 -5    0   0   1   0   0   3   0   0   6   0   1   0   1   6   3   1   0   0  75   1  2.82 1.13
  268 F   -4 -4 -4 -5 -7 -4 -5 -7  2 -2 -2 -6 -3  7 -3 -6 -3  5  7 -3    1   1   1   1   0   1   1   0   4   2   3   0   0  40   2   0   2   7  31   2  1.78 0.76
  269 S   -1 -2  2  3 -5 -2 -2 -2  0 -5 -3  0 -3 -4  3  2  3 -3 -2 -4    5   2   9  14   0   2   2   2   3   0   2   5   1   1  12  17  19   0   2   1  0.48 0.36
  270 R   -4  0  0 -2 -5 -2 -1 -2  9 -4 -3 -1 -2 -3  1 -2 -2 -3  1 -4    2   6   5   3   0   2   3   3  45   1   3   4   1   1   8   3   3   0   5   1  1.35 0.63
  271 E   -1  0  1  2 -3  0  2 -1  1 -2 -3  1 -1 -2  0  0  2 -4  1 -2    5   5   5  11   0   3  13   4   3   2   2   9   2   1   4   6  16   0   5   3  0.21 0.19
  272 R   -1  3  1  1 -4  0 -1 -1  0 -2 -2  1 -2 -1  0  0 -1 -1  3 -2    5  19   8   7   0   3   3   4   3   2   5   8   1   2   4   7   4   1  13   3  0.24 0.20
  273 F    0  0  1  0  0  0  0  1  1 -1 -1  0  0  1  0 -1  0  0  2 -1    6   6   6   6   2   3   7  10   4   2   5   5   3   7   4   4   5   1  10   4  0.05 0.07
  274 G   -1 -1  1  1  0 -1 -1  4 -1 -3 -4  0 -3 -1  1  0  0  3 -1 -2    5   4   7   9   2   2   5  27   2   1   1   5   1   2   7   7   5   4   2   3  0.30 0.21
  275 Q   -1  1  0  1 -4  0  0  4 -1 -1 -2  0 -2 -3  0 -1 -1 -2  1 -1    5   7   4   7   0   5   7  28   1   3   3   7   1   1   4   3   4   0   5   4  0.25 0.19
  276 L   -2  0 -1 -2 -4 -2 -3 -3  3 -1  2 -1  0  2  2 -2 -1 -1  4 -1    3   6   3   2   0   1   1   2   7   4  18   5   3   7  12   3   4   1  13   5  0.29 0.22
  277 D   -2 -3 -1  7 -4 -2 -2 -3 -3 -2 -2 -2 -2 -2  1 -2  0 -4  0 -2    3   2   3  51   0   2   3   2   1   3   5   2   1   2   6   3   5   0   3   3  0.97 0.51
  278 W   -4 -5 -5 -5 -5 -4 -4 -2 -5  1  3 -5  4  3 -4 -5 -5  9  0 -3    1   1   1   1   0   1   1   3   0   6  31   1   8  12   1   1   1  26   3   2  1.35 0.61
  279 H   -4  4 -1 -2 -5  1  0 -4  5 -4 -3 -3  0  2 -4 -3 -3  7  4 -4    1  19   3   2   0   7   6   1  15   1   3   1   2   7   1   2   1  14  12   1  0.93 0.49
  280 R   -4  6  1  2 -5  0  1 -4  4 -5 -3  0 -4 -3 -4 -2 -3 -4 -1 -4    1  41   6   9   0   3   8   2  10   1   3   4   0   1   1   3   1   0   2   1  0.96 0.51
  281 D   -5 -6  7  4 -5 -2 -2  3 -4 -8 -7 -5 -5 -8 -3 -4 -4 -8 -6 -5    1   0  53  18   0   2   2  17   0   0   0   1   0   0   2   1   1   0   0   1  1.71 0.80
  282 F   -2  1  0  2 -4 -1  1  3  0 -3 -1 -1  1 -1 -3 -2  0 -1 -1 -2    2   6   5  10   0   3  10  25   2   1   7   4   4   3   1   2   7   1   3   3  0.25 0.21
  283 D   -2  1 -1  1 -5  2  4 -4 -2 -5 -4  3 -5 -6 -1 -1  1 -5 -5 -2    2   8   3   8   0   9  29   1   1   0   1  16   0   0   3   5  10   0   0   3  0.63 0.42
  284 S   -1  0 -2 -1 -5  0  0 -3 -3 -1  0 -1 -1 -1  5 -1 -1  0 -2  1    5   6   2   3   0   4   8   2   0   4   8   4   1   3  27   5   5   1   1  11  0.39 0.29
  285 V    1 -2 -2 -2 -3 -2  0 -2 -3  2  0 -1 -2  0 -2 -1  0 -2 -1  4   13   2   2   3   0   2   7   3   1  11   9   4   1   3   2   3   5   0   2  29  0.29 0.23
  286 H   -2  1  0  2 -6  1  1 -4  2 -4 -3  2 -4 -2  2 -1  0  3  2 -3    4   9   4  13   0   5  10   1   5   1   2  12   0   2  10   3   6   4   8   1  0.35 0.27
  287 E   -2  1  0  2 -5  0  5 -3 -2 -4 -3  0 -3 -1  0 -2  0 -4 -2 -2    3   8   5  12   0   4  34   2   1   1   2   4   1   3   6   2   7   0   2   4  0.54 0.38
  288 E   -2 -1  1  2 -5  0  3  3 -2 -5 -6  2 -5 -6  0 -1  0 -5 -3 -4    3   3   7  11   0   4  20  21   1   1   0  10   0   0   6   4   5   0   1   1  0.50 0.35
  289 G   -2 -2  0  0 -5  1  1  5 -1 -5 -6  0 -2 -2 -5 -2  0 -6 -3 -5    2   3   4   5   0   7  11  47   1   1   0   6   1   2   1   2   6   0   1   1  0.85 0.49
  290 Y   -9 -7 -5 -6 -9 -8 -9 -10  3 -8 -8 -9 -8 -1 -10 -7 -7 -4 10 -7    0   0   1   1   0   0   0   0   6   0   0   0   0   2   0   0   0   0  89   0  3.67 1.42
  291 S    2 -5 -4 -4  3 -4 -5 -5 -4  0  3 -5  1 -1 -6  3  1 -5 -2  0   14   0   0   1   5   1   0   1   0   6  25   0   3   2   0  25   9   0   1   6  0.59 0.41
  292 T   -2 -7 -3 -5 -7 -5 -7 -6  1 -5 -7 -7 -5 -8 -2 -2  8 -9 -8 -4    4   0   1   1   0   1   0   1   3   1   0   0   0   0   3   3  83   0   0   1  2.41 1.11
  293 E   -5 -3 -1  7 -9 -2  2 -7  3 -7 -6 -3 -4 -1 -7 -4 -1 -8 -2 -8    1   1   3  63   0   1  12   0   6   0   1   1   0   3   0   1   4   0   2   0  1.78 0.83
  294 L    1  0 -5 -2 -5 -2 -2 -5 -5  1  4 -3  0 -1 -6 -5 -3 -2 -2  2   10   6   0   3   0   2   2   1   0   7  43   1   2   2   0   0   1   1   2  15  0.66 0.40
  295 V   -7 -8 -8 -9 -4 -5 -7 -9 -6  4  3 -8  0  7 -8 -7 -4  1  2 -2    0   0   0   0   0   0   0   0   0  20  25   0   2  40   0   0   1   2   7   3  1.59 0.70
  296 G    3 -4 -2 -6 -5 -5 -5  1 -4 -5 -6 -5 -4 -1 -6  0  6 -8 -7 -4   21   1   2   0   0   0   1  11   1   0   1   0   0   3   0   7  50   0   0   1  1.29 0.72
  297 N   -1  2  1  5 -7  1  3 -4 -3 -6 -7  1 -6 -8 -5 -1 -2 -8 -6 -6    6  12   7  36   0   6  15   1   1   0   0   8   0   0   0   4   3   0   0   0  0.95 0.53
  298 A    0  3 -3 -1 -8  0  6 -6  3 -6 -6  2 -5 -6 -6 -4 -5 -2  0 -5    9  16   1   3   0   4  44   0   7   0   1   9   0   0   0   1   0   1   4   1  1.13 0.63
  299 V    7 -7 -7 -8 -1 -7 -7 -3 -8 -6 -7 -7 -7 -6 -7  0 -1 -9 -8 -2   81   0   0   0   1   0   0   2   0   0   0   0   0   0   0   7   4   0   0   3  2.06 0.97
  300 V   -1 -3 -4 -4  0 -1  0 -6 -6  4  1 -2  0 -5 -6 -3 -1 -5 -5  5    5   1   1   1   2   3   7   0   0  21  14   2   2   0   0   2   4   0   0  34  0.74 0.42
  301 D    0  3  1  4 -7  1  2 -1  0 -7 -6  2 -5 -7 -5  0 -3 -7 -5 -6    9  18   5  20   0   7  15   4   2   0   0  11   0   0   0   7   1   0   0   0  0.67 0.43
  302 F   -5 -4 -8 -7 -5 -5 -8 -9 -3  3  0 -8 -4  8 -9 -7 -4  4  2  0    1   1   0   0   0   1   0   0   1  16   8   0   0  52   0   0   1   5   6   7  1.81 0.77
  303 I   -6 -9 -9 -9 -7 -7 -8 -10 -9  8  1 -8  1 -5 -9 -7 -6 -8 -6  2    0   0   0   0   0   0   0   0   0  72  13   0   3   0   0   0   0   0   0  10  2.28 0.92
  304 D   -1  3  1  2 -6  2  4 -2 -1 -5 -4  2 -2 -5 -5 -1 -1 -4 -4 -4    6  13   6  12   0   9  24   3   2   1   2  12   1   0   0   4   4   0   0   1  0.54 0.36
  305 R    0  5  2  0 -7  2  2 -2 -2 -6 -6  2 -5 -7 -5  0 -1 -7 -5 -5    9  26   9   5   0   9  14   2   1   0   0  11   0   0   0   8   4   0   0   1  0.70 0.44
  306 N   -2  2  5 -4 -3  2 -2 -5  9 -5 -5 -3 -4 -5 -6 -1 -3 -5 -1 -5    3   9  23   1   1   7   2   1  39   1   1   1   0   0   0   5   2   0   2   1  1.56 0.70
  307 A    1  2  3  3 -5  1 -1 -2  0 -5 -5  3 -4 -6 -1  1 -2 -5 -4 -4   11  12  12  18   0   6   4   2   2   0   1  15   0   0   4   9   2   0   0   1  0.51 0.34
  308 N   -1  1  0  4 -5  0  0  0  0 -4 -4  3 -4 -4  1 -1  0 -5 -4 -2    5   6   5  21   0   4   6   6   3   1   1  20   0   1   8   4   6   0   1   3  0.43 0.29
  309 A    1  0  0  2 -3  0  3 -1 -2 -4 -4  1 -3 -4 -2  3  0 -3 -4 -3   10   4   5  11   0   5  21   5   1   1   1   7   0   1   2  20   4   0   1   1  0.41 0.27
  310 G   -2  3  1  0 -5  4  0 -1  0 -4 -5  4 -4 -5 -4 -1 -1 -5 -5 -3    3  16   6   5   0  17   6   5   2   1   1  27   0   0   1   4   4   0   0   2  0.68 0.40
  311 P   -7 -8 -8 -8 -9 -8 -8 -7 -8 -9 -9 -6 -9 -9  9 -6 -8 -9 -9 -9    0   0   0   0   0   0   0   0   0   0   0   0   0   0  97   0   0   0   0   0  3.65 1.46
  312 V   -7 -9 -9 -10 -8 -7 -9 -9 -8 -5  3 -9  2  8 -10 -9 -7  4 -1 -5    0   0   0   0   0   0   0   0   0   0  22   0   4  65   0   0   0   5   2   1  2.47 1.00
  313 Y   -8 -9 -10 -10  1 -10 -10 -10 -6 -7  0 -10 -2  9 -10 -9 -9 -4  1 -7    0   0   0   0   3   0   0   0   0   0   7   0   1  84   0   0   0   0   4   0  3.18 1.21
  314 A   -1 -8 -9 -9  3 -8 -8 -9 -7  0  6 -8  4 -4 -8 -7 -6 -7 -6 -1    5   0   0   0   6   0   0   0   0   5  72   0   7   0   0   0   0   0   0   4  1.77 0.80
  315 Y   -8 -8 -4 -8 -2 -2 -5 -10 -1 -6 -3 -8  1  2 -9 -3 -5 -1 10 -3    0   0   1   0   1   2   1   0   1   0   2   0   3   6   0   2   1   1  75   3  2.77 1.16
  316 V   -3 -7 -8 -9 -3 -6 -8 -8 -5  1  5 -8  2 -1 -8 -7 -5 -4 -2  4    2   0   0   0   0   0   0   0   0   7  55   0   4   2   0   0   0   0   1  26  1.45 0.68
  317 A    5 -7 -3 -7 -4 -5 -6 -5 -1 -8 -8 -6 -5 -8  5  3 -1 -6 -8 -7   42   0   1   0   0   0   0   0   2   0   0   0   0   0  28  22   3   0   0   0  1.52 0.81
  318 F   -7 -7 -6 -8 -6 -4 -7 -8  7 -6 -3 -8 -2  7 -4 -5 -1 -3  7 -7    0   0   0   0   0   1   0   0  22   0   3   0   1  36   1   1   4   0  30   0  2.15 0.92
  319 N   -2 -5  7 -4 -6  3 -2 -4  0 -3  0 -4 -3 -3 -2 -3  2 -5  0 -4    3   0  42   1   0  13   2   1   2   1   9   0   1   1   2   2  13   0   4   1  1.06 0.61
  320 A    7 -7 -2 -6 -2 -5 -6 -4 -6 -1 -4 -7 -5 -8 -6  0  0 -8 -8 -2   75   0   2   0   1   0   0   1   0   3   2   0   0   0   0   6   5   0   0   2  1.74 0.86
  321 P   -3 -8 -8 -8 -3 -5 -8 -7 -9 -1 -7 -8 -3 -8  7 -5 -4 -9 -8  5    3   0   0   0   1   0   0   0   0   3   0   0   1   0  58   1   1   0   0  32  2.20 1.01
  322 H   -5 -8 -7 -9 -10 -5 -7 -9 12 -11 -10 -8 -9 -9 -10 -8 -9 -10 -6 -9    1   0   0   0   0   0   0   0  98   0   0   0   0   0   0   0   0   0   0   0  4.68 1.66
  323 S    2 -4 -1 -2 -3 -3 -2  1 -2 -4 -3 -4 -4  1 -4  3  4  4  2 -2   14   1   2   2   0   1   2  11   1   1   2   1   0   5   1  20  22   5   6   2  0.52 0.39
  324 P   -3 -6 -5 -5 -7 -6 -3 -1 -7 -6 -6 -6 -7 -6  8 -4 -5 -5 -5 -5    3   0   1   1   0   0   2   5   0   0   1   0   0   0  80   1   1   0   1   1  2.58 1.08
  325 L   -3 -5 -2 -4 -3 -3 -5 -5 -2  1  4 -4  4  2 -5 -5 -4  5  2 -1    2   0   3   1   0   1   1   1   1   6  43   1  11   9   1   1   1   7   7   4  0.92 0.45
  326 Q   -3 -2 -3 -1 -6  8  3 -4  3 -3 -3 -3 -1 -4 -4 -3 -3 -6 -4 -4    2   2   1   4   0  54  15   1   7   2   2   1   1   1   1   2   2   0   1   2  1.52 0.74
  327 A    5 -4 -5 -3 -4 -5 -2  1 -5 -2 -4 -5 -4 -4  0 -2 -2 -6 -4  3   50   1   1   2   0   0   2   9   0   2   1   1   0   1   4   2   2   0   1  21  1.00 0.53
  328 L   -3 -1 -4 -2 -6 -4 -3 -5 -3 -5 -3  2 -5 -5  7 -2  0 -4 -5 -4    2   4   1   2   0   1   2   1   1   1   3  10   0   1  60   3   7   0   1   1  1.65 0.75
  329 R    0 -1 -1  3 -5  3  4 -2 -1 -4 -4  1 -4 -5  2 -1 -2 -4 -3 -4    7   4   3  15   0  11  24   4   1   1   2   9   0   0  11   3   2   0   1   1  0.54 0.34
  330 S    0  1 -1  3 -5  0  4 -2 -1 -3 -4  2 -4 -5 -2  0 -2 -5 -4 -4    7   7   3  16   0   4  30   2   2   1   2  13   0   0   2   7   3   0   0   1  0.59 0.35
  331 D   -2 -2 -2  3 -3 -3  0 -4  1 -2  0 -2 -2  1 -2 -1 -1  3  6 -2    4   2   2  15   0   1   6   2   3   2  11   2   1   5   2   4   4   4  28   3  0.59 0.33
  332 L   -1 -2 -3 -3 -3 -2 -1 -3 -3  3  2 -1  2  0 -2 -2 -2  2  0  2    4   2   1   1   0   2   5   1   1  18  24   4   4   3   2   3   2   3   4  15  0.32 0.19
  333 D    2 -1  1  4 -4  1  3 -2 -2 -3 -3  1 -2 -3 -2 -1 -2 -4 -2 -3   18   4   6  20   0   6  16   2   1   1   3   9   1   1   2   4   2   0   1   2  0.41 0.26
  334 E   -1  4 -2 -2 -4  1  0 -3  0 -3 -2  4  1 -3  1 -2 -2 -3 -2 -3    5  25   2   2   0   6   6   2   2   1   5  23   4   1   7   3   2   0   1   2  0.52 0.29
  335 Y   -3 -4 -2 -3 -3 -3 -4 -4  0 -2 -2 -2 -2  6 -3 -3 -2 -1  7  0    2   1   2   2   1   1   2   2   2   2   4   3   1  26   2   2   3   1  37   6  1.25 0.50
  336 G    1  1  0  0 -2  0  0  0 -1 -2 -1  1 -1 -2  2  1  0 -2 -2 -1   15   7   4   5   1   4   6   8   1   3   5   9   1   2  10  11   4   1   2   4  0.13 0.09
  337 F    0 -1  1  0 -2  0  0  1  5 -2 -2 -1 -2  0 -1  0 -1  1  2 -1    7   3   6   6   1   4   6  10  15   3   4   4   1   5   3   6   4   2   6   4  0.19 0.10
  338 D   -1  0  0  1 -2 -1  0 -1  0  4  0  1  0 -2 -1 -1 -1 -2 -1  0    4   5   4   7   1   3   6   5   2  25   9   9   2   2   3   4   3   1   2   4  0.14 0.09
  339 P    0 -1  0  0 -1  0  1  0 -1 -1 -1  2 -1 -1  3  0  0  0  0 -1    8   3   4   5   1   4  11   6   1   4   6  13   1   2  13   5   4   1   3   4  0.12 0.06
  340 N    0  0  1  2 -1  0  1  0  0 -1 -1  0 -1 -1  1  0  0  0  0 -1    6   4   6  12   1   4   7   8   2   4   7   5   1   3   6   7   5   1   3   5  0.06 0.02
  341 N    0  0  1  1 -1  0  1  0  0 -1 -1  1 -1 -1  1  0  0 -1 -1 -1    6   6   6   8   1   4   9   7   2   4   7   9   2   2   6   6   4   1   3   5  0.05 0.02
  342 K    0  0  0  0 -1  0  0  0  0 -1  0  1  0 -1  1  0  0 -1  0  0    7   5   4   5   1   4   6   8   2   4   8  13   2   3   6   6   5   1   3   5  0.04 0.01
  343 L    0  0  0  0 -1  0  0  0  0  0  0  0  0  0  1  0  0  1  0  0    7   6   4   6   1   5   6   8   2   5  10   6   2   4   6   6   6   2   3   6  0.02 0.00
  344 A    0  0  0  0 -1  0  0  0  0  0  0  0  0  0  1  0  0  0  0  0    9   6   4   6   1   6   6   7   2   5   8   5   2   4   6   6   6   1   4   6  0.03 0.00
  345 P    0  0  0  0 -1  0  0  0  0 -1 -1  0 -1 -1  3  0  0  0 -1  0    8   5   4   6   1   4   6   7   2   4   7   5   2   3  14   7   5   1   3   6  0.09 0.02
  346 N    0  0  1  0 -1  0  1  0  0 -1 -1  0  0 -1  1  0  0  0  0  0    7   5   7   6   1   4  10   6   2   4   8   5   2   3   6   6   5   1   5   6  0.03 0.01
  347 T    0  0  0  0 -1  0  0  0  0  0  0  0  0 -1  1  0  0  0  0  0    8   5   5   6   1   4   7   7   2   5   8   6   2   3   8   7   6   1   3   6  0.04 0.00
  348 D    0  0  1  1 -1  0  0  0  0 -1 -1  0  0 -1  1  0  0 -1  0  0    7   5   6  12   1   3   6   8   2   4   7   5   3   3   7   7   5   1   3   6  0.05 0.01
  349 R    0  1  0  0 -1  1  1  0  0  0 -1  1  0 -1  0  0  0  0  0 -1    8  10   4   5   1   6   9   6   2   5   7   7   2   3   5   6   4   1   3   5  0.04 0.01
  350 K    0  1  0  0 -1  0  0  0  0 -1 -1  1  0  0  0  0  0  1  0  0    8   7   5   6   1   4   7   7   2   4   7   8   2   4   5   6   5   2   3   5  0.03 0.00
  351 I    0  0  0  0 -1  0  0  0  0  0  0  0  0  0  0  0  0  1  0  0    6   5   5   5   1   5   6   8   2   6   9   6   2   3   4   6   6   2   4   7  0.01 0.16
  352 A    1  0  0  0 -1  0  0  0  0  0  0  0  0 -1  1  0  0  0  0  0   13   5   4   5   1   4   6   9   2   5   8   6   2   3   6   6   6   1   3   7  0.03 0.00
  353 K    0  1  0  0 -1  1  1  0  0 -1 -1  1  0 -1  1  0  0  0  0 -1    7   7   3   6   1   5   8   6   2   4   7  10   2   3   8   6   5   1   3   5  0.05 0.01
  354 R    0  1  0  0 -1  0  0  0  0 -1 -1  0  0  0  1  0  0  0  0  0    7   8   4   7   1   4   7   8   2   4   7   5   2   4   7   7   5   1   4   6  0.03 0.01
  355 E    0  0  0  1 -1  0  1  0  0 -1  0  0  0  0  1  0  0  1  0  0    7   4   4   7   1   4   8   7   2   4   8   6   2   3   7   6   6   2   2   6  0.04 0.01
  356 K    0  0  0  0 -1  0  0  0  0 -1 -1  0  0 -1  1  0  0  0  0 -1    8   5   5   5   1   4   7   6   3   4   7   8   2   3   7   6   6   2   3   5  0.04 0.01
  357 A    0  0  0  0 -1  0  0  0  0  0  0  0  0  0  1  0  0  1  0  0    9   5   4   6   1   4   6   7   2   6   8   6   2   4   6   6   6   2   3   6  0.02 0.16
  358 L    0  0  0  0 -1  0  0  0  0  0  0  0  0  0  1  0  0  0  0  0    8   5   5   5   1   4   6   7   2   5   9   6   2   5   7   6   6   1   5   6  0.02 0.00
  359 D    0  0  0  2 -1  0  0  0  0 -1 -1  0 -1 -1  1  0  0 -1  0 -1    7   5   5  12   1   4   7   7   3   5   7   6   2   3   6   7   5   1   3   5  0.05 0.01
  360 Y    0  0  0  0 -1  0  0  0  1 -1  0  0  0  0  0  0  0  1  2  0    8   6   4   5   1   4   7   7   4   4   8   6   2   4   5   6   5   2   9   6  0.03 0.01
  361 G    0  0  0  0 -1  0  0  1  0  0  0  0  0 -1  0  0  0 -1  0  0    8   6   5   5   1   4   7  11   2   5   7   7   3   3   5   6   5   1   3   5  0.03 0.00
  362 K    0  1  0  0 -1  0  0  0  0 -1 -1  1  0  0  1  0  0  0  0 -1    8   7   6   6   2   4   7   7   3   4   7   8   2   4   6   6   5   1   3   5  0.03 0.00
  363 R    0  2  0  0 -1  1  0  0  0 -1 -1  1  0  0  0  0  0  0  0 -1    7  12   4   5   1   6   6   7   2   3   7  10   2   3   4   7   4   2   4   4  0.05 0.02
  364 G    0 -1  1  1 -1  0  0  1  1 -1 -1  0 -1 -1  1  0  0 -1  0 -1    8   4   6  10   1   3   6  14   4   3   7   4   2   3   6   6   4   1   4   5  0.06 0.03
  365 K    0  0 -1  0 -1  0  0  0 -1  1  0  0  0  0  0  0  0  0 -1  1    5   5   3   5   1   3   6   6   2  15   8   5   2   3   5   7   5   1   2  10  0.02 0.02
  366 G    0  0  0  1 -1  1  1  1  0 -1 -1  1 -1 -1  1  0  0  0 -1 -1    8   5   3   7   1   7   7  10   2   3   6   8   2   2   5   7   6   1   2   5  0.06 0.03
  367 N   -2 -1  3  5 -3 -1  1 -2  0 -3 -2 -1 -3 -3  0  0  0 -3 -2 -2    3   3  15  31   1   2   8   3   3   2   5   4   1   1   5   5   5   0   1   3  0.52 0.24
  368 S   -1  0 -1  0 -2  0  2 -1  0 -1 -2  1 -2 -2  3  0  0 -2 -1 -1    6   5   3   6   1   4  13   5   2   3   4   9   1   2  16   5   7   1   2   4  0.20 0.12
  369 I    0  1  3  1 -3  0  0 -1  0 -1 -1  1 -1 -2  1  0  0 -1 -1 -1    7   7  14   8   0   4   6   5   2   3   6   9   1   1   6   5   7   1   3   4  0.11 0.08
  370 R   -1  7 -2 -4 -5  0 -3 -4  0 -3 -4 -1  0 -4 -3 -3 -3 -5 -4 -4    5  65   2   1   0   4   1   1   2   2   2   3   2   1   2   2   2   0   1   1  1.59 0.64
  371 Q    2  6 -4 -3 -4  2 -2 -3 -3 -4 -3  1 -4 -5 -3 -3 -2 -5 -4 -4   17  47   1   1   0   8   3   2   1   1   2   8   0   0   2   2   2   0   1   1  1.11 0.54
  372 T    1  0 -1 -2 -2 -2 -2 -3  0  2  0  1  0 -3 -4 -2  3 -2 -3  2   10   5   3   2   1   1   2   1   2  13   7  11   2   1   1   2  22   1   1  12  0.29 0.23
  373 F   -3 -5 -3 -7 -4 -5 -6 -6  0 -3  0 -6 -2  5 -7 -6 -5 -4  9 -3    2   1   1   0   0   1   0   1   2   1   8   1   1  18   0   1   1   0  58   2  2.09 0.88
  374 A    6 -1 -3 -5  2 -3 -4 -3 -4 -4 -1 -2 -1 -4 -4 -1 -3 -3  1 -2   59   4   1   1   3   1   1   2   0   1   8   3   2   1   1   4   1   0   5   3  1.04 0.56
  375 A    6 -3 -6 -3 -6 -4 -1  4 -7 -6 -7 -3 -6 -7 -6 -3 -4 -4 -7 -5   62   1   0   2   0   1   4  25   0   0   0   1   0   0   0   2   1   0   0   1  1.57 0.78
  376 M   -2 -8 -5 -7 -3 -2 -7 -8 -8 -2 -2 -6 11 -5 -9 -5 -4 -8 -6 -1    4   0   1   0   1   2   0   0   0   2   3   1  80   0   0   1   1   0   0   4  3.25 1.29
  377 T   -3 -7 -5 -8 -1 -4 -6 -7 -8  4  1 -7  3 -5 -7 -5  0 -7 -5  6    2   0   1   0   1   1   0   0   0  21  12   0   6   0   0   0   6   0   0  49  1.37 0.64
  378 T    1 -1 -2  1 -4 -1  3 -4  1 -4 -2 -1 -2 -4 -5  3  3  0  0 -2   11   3   1   6   0   2  18   1   3   1   4   4   1   1   0  20  17   2   4   3  0.40 0.33
  379 A    3  2  2 -3  2 -1  0 -2  3 -2 -4  0 -2 -5 -4  2 -2 -4 -4 -2   28   9  11   1   5   2   6   3   7   2   1   5   1   0   1  14   2   0   0   2  0.47 0.35
  380 M   -5 -7 -7 -9 -7 -5 -7 -9 -8  2  5 -7  8 -3 -8 -7 -5 -7 -7  1    1   0   0   0   0   0   0   0   0  10  44   0  34   1   0   0   1   0   0   8  1.86 0.82
  381 D   -9 -8 -5  9 -10 -7 -5 -8 -8 -10 -10 -8 -10 -10 -8 -7 -8 -11 -10 -10    0   0   0  99   0   0   0   0   0   0   0   0   0   0   0   0   0   0   0   0  3.56 1.39
  382 R    0  2 -2  5 -6  2  4 -4  1 -4 -5 -1 -3 -6 -6 -2 -1  2 -3 -4    7  12   2  27   0   9  23   1   3   1   1   3   1   0   0   2   3   2   1   1  0.79 0.48
  383 Q    3 -4  4 -1 -2 -1 -3  3 -3 -7 -7 -4 -4 -7 -6  3 -4 -5 -5 -5   21   1  20   4   1   3   2  23   0   0   0   0   0   0   0  23   1   0   0   1  0.92 0.55
  384 I   -6 -9 -9 -9 -7 -8 -9 -9 -9  6 -3 -8 -1 -3 -8 -8 -4 -9 -7  7    0   0   0   0   0   0   0   0   0  34   2   0   1   1   0   0   1   0   0  61  2.19 0.92
  385 G   -3 -5 -5 -6 -7 -6 -7  8 -7 -10 -10 -5 -5 -10 -9 -5 -7 -9 -8 -10    2   1   0   0   0   0   0  93   0   0   0   1   0   0   0   1   0   0   0   0  2.77 1.14
  386 R   -2  6  1 -1 -8  2  1 -5 -3 -5 -3  2 -2 -7 -7 -3 -3 -8 -5 -5    3  44   7   4   0   9   9   1   1   1   2  13   1   0   0   2   2   0   0   1  1.12 0.60
  387 I   -6 -8 -9 -9 -7 -8 -8 -9 -9  6  2 -8 -1 -4 -8 -8 -4 -8 -7  5    0   0   0   0   0   0   0   0   0  40  19   0   1   1   0   0   1   0   0  37  1.75 0.76
  388 L   -5 -2 -6 -7 -4 -4 -6 -8 -5  1  5 -6  5  0 -7 -6  1 -3 -2  3    0   3   0   0   0   1   0   0   0   6  44   0  11   3   0   0   8   0   1  20  1.07 0.55
  389 D    3  0  0  4 -6  2  2 -2 -2 -6 -5  2 -5 -6 -5  0 -1 -6 -4 -5   21   6   4  21   0   8  13   2   1   0   1  11   0   0   0   5   4   0   1   0  0.61 0.42
  390 A    5 -1 -5 -6 -2 -1  0 -4  0 -5 -2  2 -3 -4 -5  0  3 -4 -3 -3   42   4   0   0   1   3   5   1   2   0   4  13   0   1   0   5  16   0   1   2  0.77 0.51
  391 I   -7 -8 -10 -10 -7 -8 -9 -10 -9  1  7 -9 -1 -4 -9 -9 -6 -8 -6 -1    0   0   0   0   0   0   0   0   0   6  87   0   1   1   0   0   0   0   0   4  2.26 0.97
  392 D   -2  2 -1  4 -8  1  4 -4  0 -7 -7  4 -5 -8 -6 -2 -4 -6 -4 -4    3  11   3  19   0   5  25   1   2   0   0  24   0   0   0   3   1   0   1   1  0.95 0.54
  393 R    1  2 -1  2 -6  2  5 -4 -3 -6 -6  2 -4 -7 -6  0 -1 -6 -5 -5   12  11   3  11   0   7  32   1   0   0   1  12   0   0   0   5   3   0   0   1  0.77 0.49
  394 N    0  2  1 -3 -4  1  0 -4  1 -3  2  2 -1 -4 -5  1  1 -3 -1 -4    7   9   8   1   0   7   6   1   3   0  24  12   1   0   0   9   8   0   2   0  0.32 0.29
  395 G   -3 -3  2  1 -6 -2 -2  6 -1 -9 -9  1 -8 -9 -7 -3 -7 -6 -8 -8    2   2   9   7   0   2   3  64   1   0   0   8   0   0   0   2   0   0   0   0  1.59 0.75
  396 M   -4 -4 -7 -5 -6  1 -3 -7 -3  3  5 -3  6 -3 -7 -7 -5 -7 -3  0    1   1   0   1   0   7   2   0   1  15  46   2  16   1   0   0   0   0   1   6  1.18 0.59
  397 R    2  2 -4  2 -5 -3  2 -5 -4 -3  2 -3  0 -1 -5 -1 -1  4  1 -4   17   9   0  10   0   0  15   0   0   1  22   1   2   3   0   5   4   5   5   0  0.43 0.35
  398 E   -4  0  2  5 -8  0  5 -3 -3 -8 -8  0 -7 -8 -6 -2 -5 -8 -7 -8    2   6   8  33   0   4  34   3   1   0   0   6   0   0   0   3   0   0   0   0  1.29 0.67
  399 N   -8 -1  8  3 -9 -3 -2 -7 -2 -10 -10 -2 -8 -9 -7 -4 -5 -10 -8 -9    0   4  71  15   0   1   3   0   1   0   0   3   0   0   0   1   1   0   0   0  2.42 1.05
  400 T   -5 -8 -7 -8 -4 -7 -8 -8 -8 -7 -7 -7 -6 -9 -8  1  8 -9 -8 -7    1   0   0   0   0   0   0   0   0   0   0   0   0   0   0  11  87   0   0   0  2.82 1.26
  401 L   -6 -8 -9 -9 -6 -7 -8 -9 -8  6  5 -8  1 -1 -8 -8 -6 -7 -5  2    0   0   0   0   0   0   0   0   0  34  48   0   3   2   0   0   0   0   0  12  1.66 0.73
  402 V   -6 -8 -9 -9 -7 -8 -9 -9 -9  6  0 -8 -3 -1 -8 -8 -4 -8 -7  6    0   0   0   0   0   0   0   0   0  38   9   0   0   3   0   0   1   0   0  48  1.91 0.82
  403 V   -4 -8 -8 -8 -2 -8 -8 -8 -8  5  1 -8  1  4 -8 -7 -6  2 -3  5    1   0   0   0   1   0   0   0   0  32  14   0   3  14   0   0   0   2   1  32  1.40 0.64
  404 F   -8 -10 -10 -11 -7 -10 -10 -10 -8 -5 -3 -10 -5 10 -11 -9 -9 -2  1 -5    0   0   0   0   0   0   0   0   0   0   3   0   0  90   0   0   0   1   4   1  3.45 1.30
  405 H   -2 -6 -5 -6 -1 -4 -6 -6  0  1  3 -6  3  3 -6  1  4 -5 -1 -1    3   0   0   0   2   1   0   0   2   7  23   0   8  11   0  12  24   0   2   4  0.71 0.45
  406 S   -2 -7  1 -7 -4 -6 -7 -5 -6 -8 -9 -7 -6 -9 -6  7  3 -9 -8 -7    2   0   7   0   0   0   0   1   0   0   0   0   0   0   0  73  16   0   0   0  2.09 1.04
  407 D   -9 -9 -6  9 -10 -7 -5 -7 -8 -10 -11 -8 -10 -11 -8 -7 -7 -11 -10 -10    0   0   0  99   0   0   0   0   0   0   0   0   0   0   0   0   0   0   0   0  3.56 1.40
  408 N   -8 -7  9 -6 -9 -7 -7 -7 -1 -10 -10 -7 -6 -10 -9 -6 -6 -10 -9 -10    0   0  97   0   0   0   0   0   2   0   0   0   0   0   0   0   0   0   0   0  3.63 1.43
  409 G   -6 -9 -6 -8 -9 -8 -9  8 -9 -10 -10 -8 -9 -10 -9 -7 -8 -9 -10 -10    0   0   0   0   0   0   0  99   0   0   0   0   0   0   0   0   0   0   0   0  3.19 1.26
  410 A    2 -6 -5 -5 -2 -5 -6  6 -4 -6 -6 -5 -6 -6  1 -3 -3 -4 -6 -6   18   0   0   1   1   0   0  64   0   0   1   0   0   0   7   2   2   0   0   0  1.65 0.73
  411 D    1 -1 -2  1  0  2  1 -2  1 -2 -2 -1  0 -2  3  0  0 -1  0 -1   14   3   2   8   2   9   7   2   3   3   4   4   2   1  17   6   6   1   3   4  0.22 0.19
  412 P    0  0 -2 -3 -4 -3 -2 -1 -2 -1 -1 -1 -2 -2  5  0  3 -2 -1 -1    9   4   2   1   0   1   2   4   1   3   5   4   1   2  27   7  19   1   2   5  0.49 0.33
  413 K    0  1  3  1 -4  1  1  1 -1 -3 -2  0 -2 -3  0  0  0  1 -1 -2    8   7  14   7   0   5   7  12   1   2   4   6   1   1   4   7   6   2   3   2  0.16 0.15
  414 H   -1  1  4 -1 -4  0 -2  0  1 -2 -3 -2 -2  1 -3  1  0  2  2 -2    6   7  23   2   0   5   2   7   3   2   2   2   1   7   1  10   6   2   7   3  0.32 0.26
  415 G    1 -1  0 -2 -5 -1 -2  4  0 -4 -3 -2 -2  2  0 -1  0  3  2 -2   10   3   4   2   0   3   2  27   3   0   2   3   1  10   5   5   6   4   7   3  0.35 0.26
  416 G    3  1 -2 -2 -4 -3 -4  5 -4 -5 -5 -4 -6 -4 -5  3 -1 -6 -4 -4   22   7   2   2   0   1   1  38   0   1   1   1   0   1   1  17   4   0   1   1  0.89 0.51
  417 N   -4 -1  3  3 -2 -4 -3 -4 -3 -3 -5 -4 -3  0 -5  5 -3  1  1 -3    1   3  13  13   1   0   1   1   0   2   1   1   1   5   0  46   1   2   5   2  0.99 0.60
  418 N   -3 -5  9 -4 -5 -5 -6 -5 -3 -8 -9 -5 -2 -8 -5 -2 -2 -10 -8 -5    3   1  83   1   0   1   0   1   0   0   0   1   1   0   1   3   3   0   0   1  2.72 1.15
  419 E    1 -1 -4 -1 -5 -3 -3  4 -2 -6 -2 -3 -5  0 -4 -2  0  7  2 -5   12   4   0   3   0   1   1  30   1   0   5   2   0   3   1   3   7  17   8   1  0.85 0.49
  420 P   -4 -7 -5 -3 -9 -6 -4  1 -5 -4 -7 -3 -6 -8  8 -6 -6 -10 -8 -4    1   0   1   2   0   0   1  11   0   1   0   2   0   0  77   0   0   0   0   2  2.52 1.12
  421 L   -7 -8 -8 -9 -6 -8 -9 -9 -3 -5  6 -8  3  4 -9 -8 -7  0  2 -5    0   0   0   0   0   0   0   0   1   0  67   0   5  17   0   0   0   1   7   0  1.90 0.85
  422 R   -5  8 -2 -8 -9 -3 -6 -7 -3 -7 -7  2 -8 -4 -8 -2 -5 -6 -6 -7    1  79   2   0   0   1   0   0   1   0   0   9   0   1   0   3   1   0   0   0  2.46 1.06
  423 G   -2 -6 -4 -1 -8 -4 -4  7 -2 -9 -6 -4 -7 -8 -8 -3 -7 -8 -6 -9    3   1   1   3   0   1   2  83   1   0   1   1   0   0   0   2   0   0   0   0  2.25 0.96
  424 N    0  1  0 -3 -2  2 -1  3  2 -1 -2  0  1  0 -4  0  0  2  1 -1    7   8   4   1   1   9   4  20   5   4   3   5   3   5   0   6   4   3   6   4  0.18 0.17
  425 K   -6 -5 -7 -7 -9 -5 -6 -5 -5 -8 -9  9 -8 -10 -8 -7 -7 -9 -8 -9    0   0   0   0   0   0   0   1   0   0   0  98   0   0   0   0   0   0   0   0  3.25 1.32
  426 F    0  0  0 -2 -2 -1 -4  5  1 -4 -3 -4 -1  1 -5 -1  0  0 -1 -3    8   5   4   2   1   2   1  46   3   1   3   1   2   6   0   5   5   1   2   1  0.75 0.43
  427 T   -3 -5 -1  2 -5  1  0 -4 -2 -5 -5 -5 -1 -3 -6  4  5  1 -3 -6    1   0   2  11   0   6   6   2   1   0   1   0   2   1   0  28  34   2   1   0  0.99 0.62
  428 T   -2 -5 -3 -5 -2 -3 -3 -6 -2  0  4 -4  1 -1  1 -4  1 -3  0  3    3   0   1   1   1   1   2   0   1   4  40   1   3   3   6   1   9   0   3  19  0.66 0.40
  429 W   -6 -5 -5 -3 -6 -6 -6 -7  2 -7 -1 -8 -6  4 -9 -6 -5  9  7 -7    1   1   1   2   0   0   1   0   4   0   7   0   0  15   0   0   1  30  37   0  2.38 0.99
  430 E   -8 -6 -6  0 -10 -4  8 -9 -7 -8 -9 -6 -9 -10 -8 -7 -7 -9 -9 -9    0   0   0   4   0   1  94   0   0   0   0   0   0   0   0   0   0   0   0   0  3.04 1.30
  431 G   -6 -9 -5 -8 -9 -8 -9  8 -9 -10 -10 -8 -9 -9 -9 -7 -8 -9 -9 -10    0   0   0   0   0   0   0  99   0   0   0   0   0   0   0   0   0   0   0   0  3.16 1.25
  432 G   -2 -8 -7 -8 -9 -8 -8  8 -8 -10 -10 -8 -9 -9 -8 -5 -8 -9 -9 -9    3   0   0   0   0   0   0  95   0   0   0   0   0   0   0   1   0   0   0   0  2.96 1.18
  433 V   -6 -7 -5 -7 -2 -7 -7 -8  3  6 -1 -7  1 -3 -8 -5  1 -8 -4  4    0   0   1   0   1   0   0   0   8  44   6   0   3   1   0   1   9   0   1  27  1.47 0.68
  434 R   -5  9 -7 -8 -7 -5 -7 -9  2 -8 -8 -1 -8 -9 -9 -6 -8 -9 -8 -9    1  91   0   0   0   0   0   0   4   0   0   3   0   0   0   1   0   0   0   0  3.15 1.28
  435 V   -1 -7 -4 -7 -4 -6 -3  1 -8  0 -4 -7 -2 -7 -7 -1  1 -8 -7  7    5   0   1   0   0   0   3  11   0   3   1   0   1   0   0   4   8   0   0  63  1.45 0.72
  436 V    0 -7 -4 -7 -3 -6 -7 -8 -8 -4 -6 -7 -8 -6  8 -4 -3 -10 -9  2    8   0   1   0   1   0   0   0   0   1   1   0   0   0  72   2   2   0   0  11  2.36 1.07
  437 A    4 -6 -6 -7  4 -6 -6  1 -6 -3  0 -6  2  5 -6 -1 -1 -3 -1 -4   31   0   0   0   7   0   0  12   0   1   9   0   6  23   0   4   4   0   2   0  0.90 0.52
  438 M    0 -7 -7 -8  2 -7 -7 -6 -7  5  2 -7  1  5 -7 -5 -4 -4 -2  2    9   0   0   0   4   0   0   0   0  27  17   0   3  26   0   1   1   0   1  12  1.13 0.54
  439 M    2 -7 -8 -8 -4 -7 -7 -7 -7  4  0 -7  5 -1 -7 -6 -5  1 -5  5   18   0   0   0   0   0   0   0   0  22   9   0  12   3   0   0   0   2   0  34  1.22 0.61
  440 R   -3  5 -1 -6 -1  2 -5 -7  5 -6 -7  0 -4 -4 -7  1 -3  7  2 -4    2  33   3   0   2   8   0   0  11   0   0   5   0   1   0  11   2  15   7   1  1.27 0.66
  441 W   -4 -6 -8 -8 -9 -6 -9 -2 -5 -8 -6 -9 -3 -3 -9  3 -7 12  1 -8    2   0   0   0   0   0   0   4   0   0   1   0   1   1   0  20   0  66   4   0  3.41 1.34
  442 P   -4 -4 -4 -6 -9 -4 -5 -6 -3 -9 -7  1 -8 -8  8 -4 -3 -9 -6 -8    1   1   1   1   0   1   1   1   1   0   1   8   0   0  80   2   2   0   0   0  2.64 1.16
  443 N    1 -2  0 -1 -6 -3 -2  5 -4 -5  1 -1 -1 -6 -5 -1 -3 -4 -6 -6   12   2   4   3   0   1   3  48   0   0  14   5   2   0   0   4   1   0   0   0  0.90 0.50
  444 E   -3  3 -2 -4 -5  1 -2 -2  3  0  1  3 -1 -2 -5 -3  0 -5 -3  1    2  17   2   0   0   5   2   4   8   5  17  18   1   1   0   1   6   0   0  11  0.41 0.30
  445 L   -3 -2 -2 -6 -6 -1 -2 -6 -4  6  3  0 -1  0 -5 -4 -2 -1 -4  1    2   2   2   0   0   3   2   0   0  39  23   6   1   4   0   1   3   1   0   9  0.82 0.44
  446 P    0  1  0 -2 -7  1  0 -4 -2 -6 -6  4 -4 -7  5 -1 -1 -6 -5 -4    7   7   5   2   0   5   6   1   1   0   1  24   0   0  29   5   4   0   0   2  0.84 0.51
  447 A    4  0 -3 -5 -6 -1 -1  0 -4 -6 -6  1 -5 -7  5  0 -1 -7 -7 -4   32   5   1   0   0   3   4   8   0   0   0   8   0   0  25   7   4   0   0   1  0.84 0.52
  448 G   -2 -1  1 -3 -6 -1 -4  7 -1 -7 -7 -2 -5 -6 -2 -2 -5 -7 -6 -6    3   4   5   2   0   3   1  69   2   0   0   3   0   0   3   3   0   0   0   0  1.62 0.74
  449 I   -1  4 -3 -4 -3  2 -2 -2 -1 -2 -3  1 -2 -5 -4  1  3 -4  0  0    6  23   1   1   1   9   2   2   1   2   2   9   1   0   0  12  19   0   4   6  0.50 0.37
  450 T   -3 -1 -4 -1 -5 -2  0 -6 -3  2 -2  1 -2 -5 -5 -2  3 -4 -5  5    1   4   1   4   0   2   6   0   1   9   3   8   1   0   0   3  18   0   0  39  0.74 0.46
  451 Y   -2 -2  1 -4  3 -4 -3 -5  0  1 -2 -5 -2  1 -4  4  0 -1  4  1    2   2   7   1   7   1   1   0   2   7   3   0   1   5   1  28   7   1  16  11  0.61 0.41
  452 D   -3  1  3  5 -7  0  2 -3  2 -6 -6 -1 -3 -6 -1  1  0 -5 -3 -6    2   7  15  31   0   3  12   2   5   0   0   3   1   0   3   8   6   0   1   0  0.76 0.46
  453 S    0  0  0  1 -5  5  3  0  3 -4 -4 -1 -3 -4 -3 -1  0 -4 -2 -2    9   4   3   6   0  23  17   9   6   1   2   4   0   1   1   4   5   0   1   3  0.48 0.36
  454 V   -3 -3 -4 -6 -5 -4 -6 -7 -5  1  3 -5  3 -1  6 -5 -1 -3 -3  1    2   2   1   0   0   1   0   0   0   7  26   0   8   2  34   0   4   0   1  10  1.04 0.57
  455 T    1 -6 -6 -7 -1 -6 -6 -2 -4  3  0 -6  5  1 -6 -1  0  0 -3  4   12   0   0   0   2   0   0   4   0  15   7   0  15   5   0   4   5   1   1  30  0.79 0.45
  456 S    2 -6 -3 -4  0 -2 -6 -2  8  3 -4 -6  3 -4 -7  2  0 -1 -2 -2   14   0   1   1   2   1   0   3  30  14   2   0   6   1   0  16   5   1   1   3  1.04 0.58
  457 Y    1 -5 -2 -5 -3 -2 -4 -2  4  3 -2 -5 -1  0 -5  3  2 -6  0  2   12   0   2   0   0   2   0   3   9  14   3   0   1   4   0  22  11   0   3  14  0.50 0.37
  458 V   -2 -5 -5 -6 -1 -3 -5 -5 -3  3  2 -5  5  0 -5  0  2  3 -2  2    3   0   0   0   2   1   1   0   1  15  21   0  13   4   1   7  15   4   2  12  0.62 0.38
  459 D   -9 -9 -5  9 -11 -7 -4 -8 -8 -10 -11 -8 -10 -11 -9 -7 -8 -11 -8 -10    0   0   0  99   0   0   1   0   0   0   0   0   0   0   0   0   0   0   0   0  3.57 1.40
  460 L   -7 -8 -9 -9 -6 -8 -8 -9 -8  4  3 -8  1  2 -9 -8 -7 10 -2  2    0   0   0   0   0   0   0   0   0  18  25   0   3   8   0   0   0  31   1  14  1.88 0.81
  461 L   -2 -6 -7 -8 -5 -6 -7 -7 -3 -3  5 -7  5  5 -8 -4 -1 -4  3 -1    4   0   0   0   0   0   0   0   1   0  44   0  11  19   0   1   5   0  10   4  1.23 0.61
  462 P    0 -6 -7 -7 -9 -7 -7 -8 -7 -9 -8 -7 -9 -10  9 -5 -4 -10 -9 -7    9   0   0   0   0   0   0   0   0   0   0   0   0   0  87   1   1   0   0   0  3.07 1.30
  463 S   -5 -8 -7 -8 -8 -7 -8 -7 -8 -7 -6 -7 -4 -9 -8 -2  8 -9 -8 -7    1   0   0   0   0   0   0   0   0   0   1   0   0   0   0   2  95   0   0   0  3.12 1.34
  464 M    0 -7 -7 -8  0 -6 -7 -7 -7  3  5 -7  1  4 -7 -3 -4 -6 -4  0    8   0   0   0   2   0   0   0   0  14  46   0   3  17   0   2   1   0   0   6  1.12 0.55
  465 V    3 -6 -7 -7  3 -6 -6 -6 -5  1  4 -6  1 -3 -7 -4 -3 -6  3  2   21   0   0   0   6   0   0   0   0   6  40   0   3   1   0   1   2   0   9  11  0.91 0.50
  466 G    3  0 -1  2 -5  0  3 -1  1 -5 -6  0 -5 -7 -5  2 -1 -7 -6 -4   27   6   3  10   0   3  17   5   4   0   0   6   0   0   0  14   4   0   0   1  0.57 0.40
  467 A    5 -4 -6 -7 -5 -5 -6 -5 -5  1  4 -6  1 -2 -6 -4 -4 -3 -4  1   41   1   0   0   0   0   0   1   0   8  34   0   3   1   0   0   0   0   1   8  1.07 0.58
  468 A    6 -7 -5 -7  3 -6 -7 -3 -7 -1 -3 -6 -6 -7 -7 -1  1 -8 -7  0   69   0   0   0   6   0   0   2   0   3   3   0   0   0   0   4   7   0   0   5  1.59 0.80
  469 G   -4 -3  0 -2 -8 -3 -3  7 -4 -8 -9 -2 -8 -9 -8 -3 -4 -8 -8 -8    1   2   5   3   0   1   2  79   1   0   0   2   0   0   0   2   1   0   0   0  2.07 0.90
  470 S    2 -4 -5 -4 -2 -3 -3  3 -2  2  0 -4 -2 -3 -4 -2  0 -3 -3  3   20   1   0   1   1   1   1  25   1  12   8   0   1   1   0   3   5   0   1  17  0.51 0.34
  471 P   -1 -1  1  3 -6  0  2 -4 -3 -5 -6  3 -4 -7  3  1  1 -7 -6 -4    5   3   7  15   0   4  14   1   1   1   0  15   0   0  14   9   9   0   0   1  0.55 0.39
  472 P    1 -3 -3 -3 -4 -1 -4 -3 -2  1  2 -1  0 -3  5 -1  0 -5 -1  2   10   1   1   1   0   3   1   1   1   8  16   3   2   1  25   5   6   0   2  13  0.46 0.32
  473 P    0 -2 -1  2 -7 -2  1 -1 -2 -5 -5  0 -6 -7  6  1  0 -8 -6 -3    7   2   2  10   0   2   8   5   1   1   1   5   0   0  37  11   6   0   0   2  0.84 0.51
  474 E    0  0  1  2 -3  1  1  0  1 -1 -1  1 -2 -3  1  0  0  2  0 -1    6   5   6  11   0   8   9   5   4   3   5  10   0   0   6   6   6   4   3   4  0.12 0.14
  475 E   -1  0  1  2 -3  1  1  0  1 -1 -2  1  0 -3  2  0 -1 -4  0 -1    5   4   6  13   0   5   9   8   4   3   3   9   3   0  13   4   4   0   3   3  0.18 0.17
  476 T   -2 -3 -3 -5 -1 -2 -4 -3 -2  3  3 -3  2  1 -3 -2  0  1  0  1    2   1   1   0   2   1   0   2   1  20  36   1   4   6   1   2   6   2   3   9  0.46 0.28
  477 D   -3 -2 -1  7 -6 -1  1 -3  0 -6 -6 -4 -6 -6 -2 -2 -2 -6 -1 -6    2   2   2  70   0   2   7   2   2   0   1   0   0   0   2   2   2   0   2   0  1.64 0.67
  478 G   -1 -5 -4 -5 -5 -5 -5  7 -5 -6 -6 -5 -6 -6 -5 -1 -1 -6 -6 -6    5   0   0   0   0   0   0  82   0   0   1   0   0   0   0   5   4   0   0   0  1.96 0.74
  479 I   -1  0 -3 -3 -2  0 -1 -4  1  3  0  1  1  0 -4 -2 -1 -4  0  4    3   6   1   1   1   5   3   1   4  17   5   8   3   4   0   2   3   0   3  30  0.34 0.26
  480 N   -3 -5  5  6 -6 -4 -2 -3 -4 -6 -6 -4 -2 -6 -3  4 -2 -7 -6 -6    1   0  24  37   0   0   1   1   0   0   0   0   1   0   1  28   2   0   0   0  1.33 0.67
  481 L   -2 -2 -3 -5 -2  3 -4 -5 -2  2  4 -3  3  1 -3 -2 -3  0 -2  1    2   2   1   0   1  13   0   0   1  12  41   1   8   5   1   3   0   1   1   8  0.63 0.38
  482 L    0 -1 -4 -4 -3 -2 -5 -4 -3 -1  3 -4  1 -1 -5  0 -1  9 -1 -1    7   3   1   1   1   2   0   1   1   4  25   1   3   2   0   7   3  33   1   5  1.18 0.55
  483 P   -1 -1 -1  2 -3 -2  0 -1 -3 -6 -5 -1 -3 -6  7  0 -2 -7 -4 -5    6   3   3  10   1   1   6   6   1   0   1   5   1   0  48   7   2   0   1   1  1.12 0.57
  484 F    1 -2 -2 -3 -2  0 -2 -3  1  0  1 -3  1  2 -3  0  1 -1  3  1   14   1   1   1   0   4   1   1   4   3  16   1   4   7   1   7  11   1  12  11  0.22 0.22
  485 L   -3 -6 -7 -7 -1 -4 -6 -7 -6  4  5 -6  0  0 -4 -5 -5  1 -4 -1    1   0   0   0   1   1   0   0   0  21  62   0   2   3   1   1   0   2   0   4  1.32 0.62
  486 S    0  2  1 -1 -1  1 -1 -3 -1 -2  0  1 -1 -1 -2  2  2 -1 -2 -1    7  10   8   3   1   5   4   1   1   1   9   8   1   3   1  16  14   1   1   4  0.16 0.18
  487 G   -2  0  1  1 -2  0  1  5 -1 -5 -5  0 -4 -4 -4  0 -2 -3 -1 -6    3   5   8   7   1   4   9  44   2   1   1   5   0   1   0   5   3   0   3   0  0.72 0.43
  488 K   -2  1  2  2 -3  1  2  3 -2 -4 -4  2 -2 -5 -2  0 -1 -5 -4 -4    3   6  12  12   1   5  13  20   1   1   1  14   1   0   2   5   3   0   0   1  0.42 0.31
  489 A    2  0  1  0 -2  0  1  0 -2 -1 -2  2 -3 -3  0  1  1 -5 -2 -2   17   4   6   4   0   4   9   6   1   3   4  14   0   1   3  10  10   0   1   2  0.18 0.19
  490 S    1  0 -1  1 -2  1  1 -1 -1 -2 -3  1 -2 -4  4  0  1 -5 -3 -2   10   4   2   7   1   6  10   5   1   2   2   9   1   0  22   7   8   0   1   2  0.37 0.29
  491 P    0 -2 -1 -1 -2  0  0 -1 -3 -2  0 -1 -1 -3  2  4  0  2 -3 -1    8   2   2   3   1   4   6   4   0   3  10   3   2   1  11  29   4   3   0   4  0.29 0.30
  492 P   -1  0 -2 -2 -7 -1 -1 -3 -1 -3 -4  0 -4 -3  7 -2 -2 -2 -6 -1    6   5   2   3   0   3   5   3   2   2   2   5   1   2  51   4   2   1   0   4  1.13 0.66
  493 E   -2  6 -2  1 -7 -1  2 -4  6 -6 -5 -1 -6 -5  0 -2 -3 -4 -3 -4    3  36   2   9   0   2  12   1  19   0   1   3   0   0   5   3   1   0   1   1  1.06 0.62
  494 R   -4  6  0  1 -7  1  1 -4  1 -4 -5  1 -4 -5 -1 -2  0 -2 -3 -4    1  41   4   9   0   5   9   1   4   1   1   8   0   0   3   3   7   1   1   1  0.85 0.54
  495 T    0 -1  0  1 -3 -1  3 -3 -1 -2 -4 -1  0 -2  1  0  2 -2  1 -1    8   3   3   8   0   2  23   1   1   2   1   3   2   2   8   7  15   1   6   4  0.32 0.31
  496 I   -3 -6 -7 -4 -4 -4 -5 -5 -2  4  5 -5  2  2 -5 -6 -4 -1 -1  1    2   0   0   1   0   1   1   1   1  20  49   0   4   8   0   0   0   1   2   8  1.03 0.56
  497 L   -4 -5 -5 -7  0 -6 -7 -6  0  0  3 -6  0  6 -6 -5 -3 -1  6  1    1   1   1   0   2   0   0   1   2   4  24   0   2  28   0   0   1   0  23   9  1.19 0.63
  498 L   -6 -4 -5 -7 -4 -5 -7 -5  5  0 -1 -7 -3  3 -6 -4 -3 11  3 -2    1   1   1   0   0   1   0   1  13   5   7   0   1   9   0   2   2  44  10   3  2.14 0.97
  499 D   -3  4  5  1 -4  1  1  0  4 -6 -6 -1 -5 -4 -4 -2 -2  0 -2 -5    2  19  28   7   0   5   9   7   8   0   0   3   0   1   1   3   3   2   2   1  0.75 0.49
  500 A   -1  1  0 -2 -4  2 -2 -2  1  3 -2  0  0  0 -3 -1 -2  4  2 -1    5   8   5   3   0  11   2   4   4  22   3   5   2   3   1   5   2   5   8   3  0.27 0.27
  501 E    0  1  0  4 -2  1  0  0  2 -5 -5  0 -3 -3 -4  0 -2  4  0 -3    8   8   5  23   1   7   6   8   5   0   0   5   1   1   1   8   1   6   4   2  0.42 0.33
  502 T    7 -4 -3 -3 -2 -6 -3 -1 -7 -4 -7 -6 -4 -8 -1  1 -2 -8 -7 -3   73   1   1   2   1   0   2   4   0   1   0   0   0   0   3   8   3   0   0   1  1.59 0.88
  503 V    0 -5 -6 -7 -4 -6 -6 -6 -5  5  1 -7  2 -3 -6 -5 -4 -7 -1  5    8   0   0   0   0   0   0   0   0  28  13   0   5   1   0   0   1   0   2  40  1.19 0.63
  504 V   -5  8 -4 -7 -8 -4 -5 -7 -2  2 -2 -3  1 -1 -7 -5 -2 -2 -3 -1    1  67   1   0   0   0   0   0   1   9   4   0   3   3   0   1   2   1   1   5  1.77 0.91
  505 S   -2  2  0  2 -3  2  0 -2  2 -2 -2  1  1 -1 -4  1  0 -1  0  0    2  11   3  14   0   8   5   3   6   1   2  10   4   2   0  10   7   1   4   6  0.22 0.22
  506 D   -4 -2  0  2 -7  0 -2  6 -3 -8 -7 -1 -5 -8 -3 -2 -5  0 -5 -7    1   2   5  11   0   5   3  61   1   0   0   4   0   0   2   2   1   1   0   0  1.36 0.73
  507 R   -4  3  2  5 -7  1  1 -1  0 -5 -6  2 -5 -7  1 -2 -3 -7 -5 -6    1  15   9  32   0   6   7   5   2   0   1  10   0   0   8   2   1   0   0   0  0.81 0.52
  508 W   -7 -6 -9 -7 -9 -8 -7 -7 -1 -6 -3 -9  0  2 -10 -6 -9 12  5 -7    0   0   0   0   0   0   0   0   2   0   3   0   2   8   0   1   0  64  17   0  3.48 1.43
  509 K   -5  0 -6 -7 -9 -4 -5 -7 -7 -8 -5  8 -4 -9 -7 -4 -5 -9 -8 -6    1   5   0   0   0   0   0   0   0   0   1  90   1   0   0   1   1   0   0   0  2.71 1.22
  510 L   -2 -6 -8 -8 -4 -5 -7 -5 -6  0  6 -7  1  0 -7 -5 -5  0  3 -2    4   0   0   0   0   0   0   1   0   5  70   0   3   3   0   1   0   1   9   2  1.47 0.74
  511 K   -4  0 -3 -2 -4 -2 -5 -6 -1  4  0  0 -1 -4 -5 -4 -2 -6 -4  5    1   6   2   3   0   2   1   0   2  22   8   7   1   0   0   1   2   0   0  42  0.87 0.51
  512 A    0  2  2 -1 -4  1  0 -1 -1 -1 -2  2 -2 -3  0  0  0 -2 -2  0    8  14  10   2   0   8   5   4   1   3   3  13   1   1   4   7   5   1   1   8  0.18 0.19
  513 G    0 -2  2  0 -5 -1 -2  4 -1 -2 -4 -2 -4 -2  1 -1 -1  5  0 -1    6   2   8   5   0   2   2  32   1   2   2   2   0   2   9   4   4   8   3   5  0.51 0.37
  514 E   -2  1 -2  0 -4  3  5 -3  2 -6 -5 -1  0 -4 -4  0  1 -1 -1 -5    4   6   2   5   0  12  41   2   4   0   1   3   3   1   1   6   7   1   3   0  0.77 0.53
  515 L    0 -2  0  0 -3  1  0 -3  2  0 -1  0  1  1  1  0  0  4  1  0    6   0   6   6   0   6   6   0   6   6   6   6   6   6   6   6   6   6   6   6  0.10 0.13
  516 F   -2 -4 -1 -4  1 -4 -4 -1  1 -1 -1 -1  1  5 -5 -1 -1  3  6 -1    3   0   3   0   3   0   0   4   4   3   4   4   3  25   0   5   3   3  26   3  0.69 0.44
  517 D   -2  0  5  4 -4  0 -1 -1  3 -4 -3  0 -4 -1 -4 -1 -3 -4 -1 -4    3   6  30  27   0   3   3   3   8   0   3   4   0   2   0   3   0   0   2   0  0.65 0.42
  518 L   -3 -4 -4 -4 -3 -4 -4  2  0  3  4 -4  2 -2 -1 -2 -3 -4 -3  0    1   0   0   0   0   0   0  16   2  19  43   0   5   0   3   3   0   0   0   5  0.60 0.37
  519 T    1  0  0  1 -2  0  1 -1 -1 -1 -2  1 -1 -1 -1  1  1 -1  0  0   14   4   2   9   0   5  10   4   1   4   2   8   1   3   3   9   9   1   3   7  0.06 0.09
  520 N    0  1  2  2 -3  0  1 -2 -1 -2 -2  1 -1 -2 -2  1  0  2  1 -2   10   8   9  13   0   3   9   1   1   1   3  11   1   1   1  10   6   4   5   2  0.19 0.17
  521 D   -2 -5 -1  8 -6 -4 -1 -2 -5 -6 -6 -2 -6 -6 -5 -2 -4 -7 -6 -3    3   0   2  81   0   0   2   3   0   0   0   2   0   0   0   2   0   0   0   2  2.05 0.82
  522 P   -1 -3 -3 -3 -5 -3 -2 -3 -5  1  0 -3  0 -2  7 -1 -3 -1 -5  0    4   2   1   1   0   1   3   2   0   8   8   1   2   2  51   4   1   1   0   8  1.10 0.52
  523 N    0  1  1 -2  2  0  0  3 -2 -3 -3 -1 -2 -2 -2  1  0 -1  0 -3    7   8   6   2   5   4   5  25   1   1   2   3   1   1   1  14   7   1   4   1  0.24 0.22
  524 E   -3 -1 -4 -3 -7  2  7 -6 -4 -7 -6 -3 -6 -6 -5 -2 -5 -6  1 -6    2   2   0   0   0   7  78   0   0   0   0   0   0   0   0   3   0   0   5   0  1.94 0.84
  525 T   -1  2 -1  1 -3  3  1 -2  1 -3 -2  2 -2 -1 -4  1  2  0  0 -3    3  10   1   8   1  14   7   2   3   1   4  12   1   2   0  13  14   1   4   1  0.27 0.25
  526 T   -2  1  4  0 -2 -1  0 -2  3 -2 -4  0 -1 -3 -4 -1  3 -2  1 -1    3   8  21   4   1   3   7   3   8   2   1   6   1   1   0   4  17   1   4   4  0.40 0.29
  527 P   -5 -5  6  6 -6 -2 -1 -4 -4 -6 -7 -4 -6 -6  0 -2 -4  3 -6 -5    0   0  38  43   0   1   4   1   0   0   0   0   0   0   5   2   0   3   0   1  1.62 0.71
  528 L   -4 -3 -2 -6 -3 -2 -5 -3 -2  1  5 -2 -1 -2 -6 -4 -3  1 -5  2    1   2   2   0   1   2   1   3   1   8  60   2   1   2   0   1   1   2   0  13  1.01 0.50
  529 E    5 -2 -2 -5 -5 -4 -4 -3 -2 -1 -3  0 -3 -2 -5  3 -2  2 -1 -1   47   2   2   0   0   1   1   1   1   4   2   5   0   2   0  22   1   3   2   4  0.85 0.53
  530 V    1 -1  0  2 -3  1  2  0 -1 -2 -2  1 -2 -1 -1  1  1 -3 -2 -1   15   3   4  12   0   5  12   6   1   2   3   8   0   3   3   9   8   0   1   5  0.14 0.15
  531 A    1  2  1  0 -3  3  2 -2 -2 -3 -3  2 -2 -4 -4  1  0 -2 -3 -2   10  10   6   5   0  15  15   3   1   1   2  11   1   0   0   9   7   0   1   2  0.35 0.29
  532 N   -4  0  3 -1 -4  2  2 -5  6 -6 -3 -1  0  0 -3 -3 -3 -3  4 -6    1   6  16   3   0   9  13   1  21   0   3   4   3   3   1   1   1   0  13   0  0.81 0.49
  533 Q   -1 -2  0 -5 -7 -1 -2 -2 -2 -5 -5  0 -6 -7  8 -3 -1 -7 -3 -5    6   3   4   0   0   3   2   4   1   1   2   5   0   0  63   1   3   0   1   1  1.66 0.80
  534 N    0 -2  1  4 -6  1  5 -2 -1 -4 -4  0 -5 -6 -2 -1 -2 -3 -6 -3    8   2   5  25   0   4  34   2   1   1   1   6   0   0   2   3   2   0   0   2  0.80 0.48
  535 V   -3  3 -1 -2 -4 -1 -2 -5 -3  3  0  2  0 -3 -3 -4 -1 -5 -3  3    1  14   3   3   0   3   3   0   0  20   9  14   2   0   1   0   4   0   1  21  0.45 0.33
  536 R    1 -2 -1 -4 -3 -2 -1 -5  0 -1  1 -2 -1  2 -5 -3 -1 -5  0  5   12   2   3   1   0   2   5   0   3   1  11   3   1   8   0   1   4   0   3  40  0.52 0.37
  537 S    2  2  1  1 -5  2  2 -2 -2 -4 -4  3 -3 -4 -4 -1  0 -5 -2 -3   20  11   6   7   0   9  14   2   1   1   1  15   0   0   0   3   5   0   1   1  0.40 0.33
  538 R    0  4  0  0 -5  2  3 -3 -2 -4 -4  2 -2 -3 -4  1 -2 -3 -2 -4    8  19   4   6   0   8  23   1   1   1   2  12   1   1   0   9   2   0   2   0  0.50 0.38
  539 L   -4 -6 -7 -7 -6 -6 -5 -7 -7  0  6 -5  6 -3 -7 -6 -5 -6 -3 -2    1   0   0   0   0   0   1   0   0   4  69   1  20   1   0   0   0   0   1   2  1.78 0.81
  540 D   -1  2 -1  0 -3  2  0 -2 -1 -2  1  2  1 -2 -4  0  0 -2 -1 -1    4  12   2   5   0  10   7   2   1   2  16  14   4   1   0   7   6   1   2   5  0.19 0.20
  541 Q    2  1  0  1 -4  2  2  0 -1 -4 -3  2 -1 -3 -1  0  0 -5 -3 -3   19   8   3   7   0   8  12   6   1   1   2  13   2   1   3   8   5   0   0   1  0.27 0.25
  542 A    2  3 -2  0 -4  1  1 -4 -1 -1  1  2  1 -3 -4 -1 -1 -3 -3 -2   17  18   1   5   0   5  11   1   2   3  12  12   3   0   0   4   3   0   1   3  0.29 0.27
  543 L   -1 -4 -3 -5 -3 -3 -6 -6  1  1  4 -5  2  2 -5 -3 -4  5  4 -1    5   1   1   1   0   1   0   0   3   7  39   0   5   9   0   2   1   7  14   4  0.81 0.47
  544 Q    1  0  1  3 -5  2  3 -1 -1 -3 -3  1 -1 -3 -3 -1 -1 -4 -3 -2   15   6   6  14   0   8  20   4   2   2   3   7   1   1   0   3   4   0   0   3  0.33 0.28
  545 R    3  2  1  1 -4  2  3 -2  0 -4 -4  1 -1 -4 -3 -1  0 -5 -3 -2   23  10   6   7   0   8  17   2   2   1   1   8   2   1   0   4   5   0   1   2  0.36 0.31
  546 Y   -5 -5 -5 -9 -8 -4 -7 -8 -1 -5 -3 -6 -3  2 -9 -8 -7 12  5 -6    1   1   1   0   0   1   0   0   2   1   4   0   1   8   0   0   0  63  16   0  3.29 1.27
  547 P    0  2  2  0 -3  1  3 -3  0 -1 -2  1 -3 -1 -1 -1 -2  3  0 -2    7  13  12   4   0   6  18   1   2   3   5   7   0   3   2   4   2   4   3   3  0.26 0.22
  548 S    3  0  0  0 -4  0  2 -2 -2 -4 -4  3 -2 -4 -3  2  0 -3 -3 -3   25   4   3   4   0   4  12   3   1   1   1  19   1   0   1  14   4   0   1   1  0.43 0.34
  549 L   -1  0 -1  2 -4  2  2 -1 -1 -2  0 -1 -1 -2 -3  1  2  0 -2 -3    3   4   2  13   0   8  15   5   2   1   9   3   1   1   1  11  15   1   1   1  0.25 0.23
  550 V    1 -2  0 -1 -2 -1 -2 -4 -1  1  1 -2  4 -2 -3 -1 -1 -3 -3  3   10   2   4   3   1   3   2   1   1   7  14   2  13   1   1   4   4   0   1  24  0.35 0.26
  551 G    0  0  0  0 -3  0 -1  1 -1  0  0  0  0 -2  2  0  0 -3 -2  1   10   4   4   5   0   3   4   9   1   6   7   6   2   1  11   6   6   0   1  13  0.09 0.09
  552 P    1 -1 -3  1 -5 -1  0 -3 -3 -3 -4 -1 -3 -2  6  0 -2 -2 -3 -2   13   3   1   8   0   2   5   2   0   2   2   5   1   2  41   6   2   1   1   4  0.84 0.45
  553 A    2  0 -1 -1 -3  0  1  0 -1 -2 -2  0 -2 -3  4  0  0 -4 -1 -1   16   5   3   4   0   5   7   6   1   2   3   6   1   1  20   7   5   0   2   5  0.26 0.19
  554 V    0  0 -2 -1 -1 -1 -2 -1 -1  1  0 -1  1  1  1 -1  0  3 -1  1   10   7   1   3   1   3   2   6   2  11   9   3   4   6   9   4   4   4   1  10  0.08 0.08
  555 E   -1  1  0  0 -4 -1  1 -1 -1 -2 -2  0 -1  1  3 -1  0  5  0 -2    4   8   5   6   0   1  11   4   1   2   3   7   1   6  15   4   6   8   3   3  0.27 0.20
  556 S    0  0  1  1 -2  1  0  0 -1 -3 -2  0 -2 -2  2  1  1  1  0 -1    9   5   8  10   1   6   4   7   1   1   3   6   1   1   9  10  11   2   3   4  0.14 0.14
  557 Q   -1  2 -1  1 -5  4  0 -1 -1 -3 -3  1 -3 -3  3  0  0  2 -2 -3    4  10   3   7   0  17   6   4   2   2   3  10   0   1  15   5   5   3   1   2  0.36 0.27
  558 L    0  1  1 -1 -2 -1 -1 -1  0  0  1  0  0  1  0 -1 -1  1  0  0    9  10   9   3   0   2   4   4   3   7  16   5   3   7   4   4   2   2   3   4  0.04 0.07
  559 P    0 -2 -2 -1 -1 -1  0 -2 -1 -3 -5 -1 -2 -6  7 -1 -3 -6 -4 -2    6   2   2   3   1   2   7   3   2   2   1   4   1   0  54   5   2   0   0   3  1.25 0.62
  560 D   -1 -1  1  4 -4  0  0 -1  2 -1 -2  0 -2 -2  2 -1 -1 -5 -2 -1    6   4   6  27   0   5   4   5   5   4   3   4   1   1  10   4   4   0   1   5  0.33 0.24
  561 P   -2 -1 -1 -2 -1 -3 -2 -2 -3 -5 -5 -3 -6 -2  8 -2 -3 -7 -2 -5    3   4   3   3   1   1   3   4   1   1   1   1   0   2  64   2   2   0   2   1  1.68 0.78
  562 E    0  1 -1  1  1  0  0  2  0  0 -2  1 -2 -3  0 -1 -1 -4 -2  0    7   7   2   9   3   4   7  19   3   5   4   9   1   0   4   3   3   0   2   8  0.13 0.13
  563 I    0 -1 -1 -2 -1 -2 -3  2 -1  0 -1 -3 -1  2  0 -1 -2  7  0  0    6   3   3   2   1   2   2  17   2   7   4   1   1  10   5   5   2  17   2   8  0.42 0.28
  564 W   -1  1  0 -3 -5 -2 -3 -1 -1 -4 -1  1 -3  0 -3 -2  0  9  2  0    5   6   4   1   0   2   1   4   2   1   7   7   1   4   1   2   5  31   7   7  0.97 0.50
  565 P    1 -2 -2 -2 -2 -2  0 -1 -3 -5 -4 -2 -3 -4  6  1  1 -3 -4 -3   12   3   2   2   1   2   6   6   1   0   1   3   1   1  40   8  10   0   0   1  0.86 0.49
  566 P   -1  1 -4 -2 -2 -3  0  0 -1 -3 -4 -4 -1 -4  7 -1 -3 -7 -3 -3    5   8   1   2   1   1   5   8   2   1   1   0   2   1  53   4   1   0   1   2  1.25 0.63
  567 S    0  2 -1 -2 -4  1  1 -1  2 -3 -3  3 -3 -4  0  1 -1  1  0 -1    9  11   3   2   0   6  10   5   6   1   2  18   0   0   6  11   2   2   4   4  0.25 0.22
  568 E   -1  0  3  5 -5 -1  2 -1 -3 -4 -4  0 -3 -4 -3 -1 -1 -5 -3 -1    5   6  16  31   0   2  13   4   0   1   2   6   0   1   1   3   4   0   1   5  0.58 0.36
  569 W   -2  0 -7 -5 -2 -4 -2 -4 -6 -3 -4 -5  1 -3 -4 -6 -3 12  4 -4    4   5   0   1   1   1   3   1   0   2   1   1   3   1   1   0   2  61  11   1  2.70 1.00
  570 K    0  3  0  0 -4  2  2 -1  2 -3 -2  3 -1 -3 -1 -1 -1 -4 -1 -3   10  18   3   4   0   8  11   5   4   1   3  17   2   1   2   3   3   0   2   0  0.29 0.22
  571 L    0  0 -1 -1 -2  0  0  0 -1  0  0 -1  1  0  1  0  0 -1  0  1    8   4   1   3   0   6   8   8   1   5   8   3   4   4   7   6   5   1   3  13  0.04 0.05
  572 P    0 -3 -3 -1 -5 -1  0 -1  0 -3 -5 -2 -5 -2  6 -1 -1  5  1 -5    7   1   1   3   0   3   5   6   2   2   0   3   0   1  43   5   5   9   5   0  0.99 0.49
  573 E    0  1 -2  2 -4  2  3  1  0 -3 -4  1 -1 -5  1  1 -2 -5 -4 -3    7   9   0  14   0  10  20  10   2   1   1   8   1   0   7   9   1   0   0   2  0.36 0.25
  574 E    0  2  0  0 -4  0  3  0 -3 -2 -3  1 -3 -2  2  0  0 -4 -2 -3    7  14   4   5   0   2  26   7   0   3   2   8   0   2   9   6   5   0   1   1  0.32 0.24
  575 A    3  2  1 -1 -3  0 -2  0 -3 -3 -3  2 -1 -2  2  0  0 -4 -3 -1   27  12   8   2   0   2   0   8   0   0   2  12   1   2  11   4   4   0   0   3  0.31 0.24
  576 P    1 -2 -5 -3 -5 -4 -4 -5  0 -5 -5 -1 -5 -2  7 -4 -4  6 -1 -2   11   3   0   1   0   0   0   0   2   0   0   4   0   1  59   0   0  11   2   4  1.68 0.63
  577 A    2  1 -2  1 -3  0  2 -2 -2 -2 -3  1 -2 -3 -1  2  0 -4 -1  0   27   8   0   6   0   4  13   0   0   2   0  10   0   0   2  15   3   0   2   9  0.25 0.17
  578 P    0  1 -4 -4 -5 -1 -3 -4 -4 -5 -3  0 -4 -5  8 -3 -3  0 -5 -4    8  10   0   0   0   2   0   0   0   0   2   4   0   0  72   0   0   2   0   0  1.83 0.45
  579 R   -3  6 -2 -3 -5  2 -1 -4 -2 -5 -4  4 -3 -5 -3 -2 -2 -4 -3 -4    0  60   0   0   0  10   0   0   0   0   0  30   0   0   0   0   0   0   0   0  1.17 0.30

                      K         Lambda
Standard Ungapped    0.1371     0.3190
Standard Gapped      0.0410     0.2670
PSI Ungapped         0.1832     0.3176
PSI Gapped           0.0561     0.2670
