
Last position-specific scoring matrix computed, weighted observed percentages rounded down, information per position, and relative weight of gapless real matches to pseudocounts
           A  R  N  D  C  Q  E  G  H  I  L  K  M  F  P  S  T  W  Y  V   A   R   N   D   C   Q   E   G   H   I   L   K   M   F   P   S   T   W   Y   V
    1 M   -3 -4 -5 -6 -4 -3 -5 -5 -4 -1  2 -4  9  1 -5 -4 -3 -4 -3 -2    0   0   0   0   0   0   0   0   0   0  16   0  79   5   0   0   0   0   0   0  1.84 0.47
    2 Q    2  0 -2  2 -3  3  2 -1 -2 -2 -4 -1 -3 -4  2  2  0 -4 -3 -3   18   5   0  12   0  16  11   2   0   2   0   1   0   0   8  18   6   0   0   0  0.37 0.21
    3 G    0  0 -2 -2 -3  2 -1  3  1 -2 -2  0  2  0  1 -1 -1 -3  0 -2   10   4   0   1   0  10   2  27   5   1   1   7   9   5   7   1   3   0   4   3  0.25 0.17
    4 A    5 -4 -4 -4 -1 -4 -4  0 -1 -3 -2 -3 -2  1  3 -2 -3 -2  0 -3   57   0   0   0   1   0   0   7   1   1   3   1   1   6  18   1   0   0   3   0  0.91 0.43
    5 R   -2  5 -1 -3 -5  3  0 -4  1 -4 -3  4 -1 -3 -4 -1 -1 -5 -4 -1    2  36   2   0   0  12   6   0   3   1   1  23   1   1   0   3   4   0   0   4  0.80 0.39
    6 I   -3 -6 -7 -7 -3 -6 -6 -7 -6  3  6 -6 -2 -1 -6 -6 -4 -5 -4  1    1   0   0   0   0   0   0   0   0  16  70   0   0   2   0   0   0   0   0  10  1.46 0.57
    7 K   -2  1 -3 -3 -4 -1 -1 -5  1  3 -1 -1 -1 -2 -4 -1  2 -5 -1  4    2   8   1   1   0   2   3   0   3  18   4   3   1   1   0   5  15   0   2  31  0.44 0.29
    8 I   -3 -6 -6 -5 -3 -6 -5 -6 -6  6  1 -6  1 -1 -6 -5 -3 -2 -2  4    1   0   0   0   0   0   0   0   0  49   9   0   3   3   0   0   0   1   1  31  1.31 0.52
    9 T   -1  3 -2 -2 -4  2  2 -3  0  0  0  0  0 -1 -3  0  2 -4 -1  0    3  18   1   1   0  10  12   0   2   4   8   5   2   3   0   8  14   0   2   6  0.25 0.21
   10 D    0  0  0  3 -3  2  3  0  0 -4 -2  0 -2 -3 -1  0  0 -4 -1 -3    6   6   3  20   0   9  20   6   3   0   4   4   1   1   2   7   6   0   2   1  0.33 0.22
   11 P    0 -1 -1  2 -5 -2  0  4 -4 -3 -4  2 -4 -5  4 -1 -2 -6 -5 -5    7   2   2  14   0   1   5  28   0   1   1  14   0   0  18   4   2   0   0   0  0.63 0.33
   12 E   -1 -1  0  4 -5  0  2  3 -2 -5 -4 -1 -3 -6  3 -1 -1 -6 -5 -5    4   3   4  25   0   3  16  20   1   0   1   3   0   0  15   2   3   0   0   0  0.64 0.33
   13 G   -2 -2  0  0 -5  1 -1  6  0 -5 -4 -1 -2 -6 -4 -2 -3 -6 -4 -4    3   2   3   5   0   8   4  61   3   0   2   3   1   0   0   1   1   0   0   1  1.11 0.47
   14 Q    1  1 -1  0 -4  2  2 -1 -1 -3 -3  2 -2 -4  2  0  1 -4 -3 -1   15   8   2   5   0  12  13   3   1   1   1  11   1   0   9   6   8   0   0   3  0.28 0.20
   15 T    0  1 -1 -1 -4  1  1  3 -1 -2 -3 -1 -3 -3  2  0  2 -4 -4  0    5   9   2   2   0   5  12  21   1   2   2   3   0   1  11   6  12   0   0   8  0.27 0.20
   16 R   -1  5 -2 -3 -5  3 -1 -3  0 -3 -3  1 -1 -2 -3  0  2 -1 -2 -3    4  33   1   1   0  15   3   1   2   1   2   9   1   1   1   5  15   1   2   1  0.61 0.34
   17 S   -2  3 -2 -1 -4  0  2 -3 -1  0 -1 -1 -1 -2 -2  0  2 -4 -3  2    2  16   1   3   0   4  16   1   1   4   4   2   1   1   1   9  13   0   1  20  0.26 0.22
   18 F   -3 -2 -5 -5 -2 -3 -1 -6  2  1  1 -3  0  5 -5 -4 -3  0  3  3    1   2   0   0   1   1   4   0   6   7  13   1   2  29   0   0   0   1   9  23  0.73 0.35
   19 P    0 -1 -2  0 -5 -1  2 -3  0 -3 -3 -3 -2 -5  6  0  0 -6 -3 -1    8   3   1   6   0   3  15   1   2   1   2   0   1   0  37   8   6   0   0   6  0.76 0.37
   20 F   -4 -6 -6 -7 -5 -6 -6 -7 -6  2  5 -6  0  5 -6 -5 -4 -4 -1  0    0   0   0   0   0   0   0   0   0   9  60   0   1  22   0   1   0   0   1   5  1.31 0.50
   21 T    0  0  0  3 -4 -1  1  1  0 -1 -2  0 -2 -4 -1  0  2 -4 -3 -1    6   4   4  20   0   2  11  10   2   3   3   4   1   0   3   6  16   0   1   5  0.24 0.17
   22 K    0  4 -2 -1 -5  2  0  2  0 -3 -4  3 -4 -3 -1 -1 -2 -3 -4 -4    6  21   0   4   0  10   6  16   3   1   1  22   0   1   3   4   2   0   0   0  0.49 0.28
   23 A    1  0  0  4 -5 -1  2  1 -3 -4 -4 -2 -4 -5  3  0 -1 -5 -4 -4   11   5   4  22   0   1  13  12   0   0   1   0   0   0  18   7   3   0   0   1  0.52 0.29
   24 Q   -1  1 -2 -1 -4  1  4 -2 -1 -2 -3 -1 -3 -5  1  0  0 -3 -3  1    6   7   1   2   0   6  36   2   1   2   2   2   0   0   6   7   6   0   0  13  0.43 0.28
   25 L   -2 -5 -2 -5 -1 -4 -5 -5 -5  4  2 -5  2  0 -5 -3  0 -4  0  3    1   0   2   0   1   1   0   0   0  29  23   0   4   3   0   1   7   0   3  25  0.71 0.33
   26 S   -1  1 -1 -4 -2 -1 -4 -3 -1 -1 -1 -2 -2 -2 -4  2  5 -5 -2  1    3   8   3   0   0   2   0   1   1   2   6   2   1   1   0  14  45   0   1  10  0.66 0.38
   27 L   -5 -6 -7 -7 -5 -6 -7 -7 -7  7  2 -6  0 -1 -6 -6 -4 -6 -5  3    0   0   0   0   0   0   0   0   0  61  18   0   1   2   0   0   0   0   0  18  1.59 0.57
   28 G   -4 -7 -5 -6 -7 -6 -7  8 -7 -8 -8 -6 -7 -8 -7 -5 -6 -7 -8 -8    0   0   0   0   0   0   0 100   0   0   0   0   0   0   0   0   0   0   0   0  2.83 0.88
   29 R   -3  8 -5 -6 -8 -3 -5 -7 -5 -7 -7 -2 -6 -7 -7 -2 -4 -7 -4 -7    3  93   0   0   0   0   0   0   0   0   0   0   0   0   0   3   1   0   0   0  2.70 0.90
   30 A    2  0  0  2 -3  0  0  0  1 -2 -2  1 -2 -4 -3  2  0 -4 -3  0   18   4   2  16   0   4   6   5   3   2   3   8   1   0   0  15   4   0   0   8  0.21 0.18
   31 A    1  0 -3  0 -4  1  2 -3 -1 -2 -2  0 -2 -5  4  1 -1 -5 -4 -1   14   6   0   6   0   8  16   1   2   2   5   4   1   0  21  11   2   0   0   3  0.41 0.25
   32 T   -1 -2 -1  4 -5 -2  2  4 -1 -5 -6 -2 -3 -6 -3  1  0 -6 -4 -5    5   2   1  29   0   1  12  28   1   0   0   1   1   0   1  11   7   0   0   0  0.73 0.36
   33 N   -2 -4  8 -3  6 -4 -5 -5 -2 -4 -6 -5 -3 -7 -6  0 -4 -7 -6 -3    4   0  65   0  19   0   0   0   1   1   0   0   1   0   0   7   0   0   0   2  2.00 0.73
   34 D   -1 -4  0  7 -6  0  1 -4 -2 -6 -6 -4 -4 -6 -5 -1  3 -7 -6 -4    4   0   3  57   0   4   9   1   1   0   0   0   0   0   0   3  17   0   0   1  1.34 0.55
   35 V   -4 -6 -7 -7 -4 -6 -6 -7 -4  6  3 -6 -1 -2 -6 -5 -4 -6 -4  4    1   0   0   0   0   0   0   0   0  46  24   0   1   1   0   0   0   0   0  28  1.38 0.52
   36 V   -1  3 -5 -5  1  0 -4 -6 -2  1 -2 -4  0 -2 -1 -3 -2 -6 -4  5    5  18   0   0   3   4   0   0   1   5   2   0   2   2   3   1   2   0   0  53  0.89 0.44
   37 L   -4 -6 -7 -7 -5 -6 -6 -7 -6  4  6 -6 -1 -1 -5 -6 -5 -5 -4  0    0   0   0   0   0   0   0   0   0  20  71   0   1   2   0   0   0   0   0   5  1.53 0.57
   38 E    1 -1  2  3 -4 -1  0 -1 -2 -4 -4 -2 -3 -4  4  0  2 -5 -2 -3   11   3   8  16   0   3   6   3   1   0   1   1   0   0  23   5  17   0   1   1  0.56 0.31
   39 Q   -3  0  0  6 -6 -1  3 -1  1 -5 -3  1 -5 -6 -4  0 -3 -6 -3 -5    1   5   2  46   0   2  16   5   4   0   2   8   0   0   0   6   1   0   1   0  0.94 0.42
   40 G    0  3 -1 -1 -4  1  0  1  0 -3 -2 -1 -3 -5  4 -1 -1 -5 -3 -2   10  16   2   4   0   6   6  12   2   1   4   2   0   0  25   4   3   0   0   2  0.45 0.25
   41 G   -1  1  4  0 -4  1  1  2  0 -3 -2 -1 -2 -2 -4  1 -1 -2 -1 -3    4   6  25   4   0   6   9  16   2   1   3   3   1   2   0  11   4   1   2   1  0.36 0.23
   42 V    0 -6 -6 -7 -1 -6 -6 -6 -7  3 -1 -6 -2 -4 -6 -4 -3 -6 -5  7    9   0   0   0   1   0   0   0   0  13   4   0   0   0   0   1   1   0   0  71  1.54 0.59
   43 S   -1 -5 -4 -5 -5 -5 -5 -2 -5 -7 -7 -5 -6 -7 -5  7 -3 -7 -6 -6    3   0   0   0   0   0   0   3   0   0   0   0   0   0   0  94   0   0   0   0  2.28 0.88
   44 S   -3  7 -4 -5 -7 -3 -4 -2 -2 -6 -3  3 -5 -6 -1 -1 -5 -2 -5 -6    2  68   0   0   0   0   0   4   1   0   3  14   0   0   3   5   0   1   0   0  1.67 0.65
   45 D   -3  5  0 -3 -4  2  0 -5  5 -4 -2  1 -2  0 -5 -2 -1 -3 -2 -3    1  40   3   1   0  10   5   0  17   0   3   6   1   4   0   2   3   0   1   2  0.90 0.42
   46 H   -7 -5 -5 -6 -8 -5 -5 -7 11 -9 -8 -6 -7 -6 -7 -6 -7 -8 -3 -8    0   0   0   0   0   0   0   0 100   0   0   0   0   0   0   0   0   0   0   0  4.26 1.20
   47 C    6 -6 -5 -6  7 -5 -5 -4 -6 -4 -3 -5 -2 -4 -5 -1 -2 -6 -6 -3   68   0   0   0  20   0   0   1   0   0   3   0   1   0   0   3   2   0   0   1  1.67 0.66
   48 V   -1  6 -3 -3 -2  1  2 -4 -3 -3 -2  1  0 -5 -5 -2  0 -5 -5  0    4  48   0   1   1   5  11   1   0   1   3   8   2   0   0   2   6   0   0   7  0.88 0.42
   49 I   -4 -6 -6 -6 -4 -6 -6 -7 -6  6  4 -6 -1  2 -6 -5 -4 -5 -4  1    0   0   0   0   0   0   0   0   0  46  38   0   1   8   0   0   0   0   0   7  1.33 0.50
   50 V   -1  2 -2 -2 -1 -1  1 -3 -1  0  0 -1  0  0 -3  0  1 -2  1  2    4  12   1   2   1   2  11   1   1   5   8   1   1   4   0   9  11   0   5  22  0.16 0.16
   51 R   -1  5 -3 -4  3  0 -2 -4 -1 -2  0  1 -1  0 -1 -2 -2  3 -2  0    5  41   1   0   6   4   1   1   1   2   8   7   1   5   3   2   1   4   1   6  0.57 0.30
   52 D   -1  1  0  3 -3  2  2 -1  0 -3 -2  0 -1 -2 -2  0  0 -1 -1 -1    5   9   4  17   0   9  17   4   2   1   3   4   1   1   1   6   7   1   2   6  0.23 0.15
   53 P    0  1 -1  1 -4  0  1  4 -2 -3 -3  0 -3 -3  2 -1 -2 -2 -3 -3    7   9   2   9   0   4   9  31   1   1   2   6   0   1  11   4   1   1   0   2  0.40 0.21
   54 M    0 -1  3  4 -4  0  2  1 -1 -4 -3 -2 -3 -3  0  0 -1 -4 -4 -3    9   2  13  26   0   5  12  11   1   1   3   1   0   1   4   7   2   0   0   1  0.44 0.24
   55 G   -1 -2 -1 -1 -4 -3 -2  6 -2 -4 -4 -2 -4 -4 -3 -2 -3 -4 -4 -4    4   2   2   4   0   1   2  72   1   1   2   2   0   1   1   2   1   0   1   1  1.36 0.43
   56 T    0  2  0 -1 -1  2  0 -1  1 -1 -1  1 -1 -2 -1  0  0 -1 -1  0    9  16   3   3   1   9   6   5   4   2   6   8   1   2   2   6   7   1   1   8  0.10 0.08
   57 F   -3 -4 -6 -6  0 -5 -5 -6 -1  1  0 -5  0  5 -4 -5 -4  8  5  2    2   1   0   0   2   0   0   0   1   6   9   0   2  24   1   0   1  19  19  15  1.20 0.46
   58 S   -1  2 -3 -3 -1  0 -1 -4 -2  2  0 -1  0  1 -3 -1  1  2  1  2    5  12   0   0   1   3   4   0   1  15   8   2   1   7   0   3   9   4   4  20  0.22 0.17
   59 I   -3 -6 -6 -7 -3 -6 -6 -7 -6  5  3 -6 -2 -3 -6 -5 -4 -6 -2  4    1   0   0   0   0   0   0   0   0  34  29   0   0   0   0   0   0   0   1  34  1.27 0.49
   60 A   -1  2 -2 -1 -3  1  4 -4 -1  0 -2  0 -3 -3 -4 -1  1 -2  1  1    4  13   1   1   0   5  37   0   1   6   2   3   0   0   0   3   8   0   4  10  0.50 0.31
   61 D   -6 -6 -3  8 -8 -5 -2 -6 -6 -8 -8 -5 -8 -8 -6 -5 -6 -9 -8 -8    0   0   0  99   0   0   1   0   0   0   0   0   0   0   0   0   0   0   0   0  3.09 0.97
   62 R   -2  1 -5 -5 -3 -3 -5 -6  2 -2  6 -5  1 -2 -6 -4 -4 -5 -3 -1    3   7   0   0   0   1   0   0   4   1  74   0   2   1   0   1   0   0   0   3  1.25 0.53
   63 N   -2 -1  1  1 -6  0 -1  6  0 -6 -6  0 -5 -6 -5 -2 -4 -6 -6 -6    1   3   7   7   0   4   3  63   3   0   0   7   0   0   0   2   0   0   0   0  1.26 0.49
   64 S   -2 -5 -4 -4 -5 -4 -4 -4 -5 -6 -6 -4 -5 -6 -5  7 -2 -6 -6 -5    2   0   0   0   0   0   0   1   0   0   0   0   0   0   0  94   1   0   0   0  2.26 0.85
   65 T    1  2 -2 -4 -4 -1 -3 -3 -2 -4 -2 -1 -3 -3 -3  1  5 -4  3 -2   10  11   1   0   0   2   0   1   1   0   3   3   0   1   1  11  43   0  11   2  0.72 0.40
   66 N   -4 -5  9 -3 -6 -4 -4 -5 -1 -7 -5 -4 -6 -3 -6 -3 -3 -7 -2 -7    2   0  90   0   0   0   0   0   1   0   1   0   0   1   0   1   1   0   2   0  2.65 0.87
   67 G   -4 -4 -4 -5 -6 -6 -6  7 -6 -7 -7 -3 -6 -7 -6 -4 -5 -6 -7 -7    0   1   0   0   0   0   0  95   0   0   0   2   0   0   0   0   0   0   0   0  2.53 0.80
   68 T   -4 -5 -4 -5 -2 -5 -5 -5 -6 -1 -4 -5 -4 -6 -5 -2  7 -6 -5  1    0   0   0   0   1   0   0   0   0   4   1   0   0   0   0   2  80   0   0  11  1.92 0.74
   69 W   -4  1 -5 -5 -5 -2 -4 -5 -2 -2  0  0 -1  6 -5 -3 -3  5  5 -3    1   8   0   0   0   2   1   0   1   2   7   6   1  35   0   2   1   9  24   1  1.14 0.45
   70 I   -3 -3 -6 -6 -4 -5 -5 -6 -2  2  2 -4 -1 -3 -5 -5 -4 -6 -4  6    2   1   0   0   0   0   0   0   1  10  16   1   1   0   0   0   0   0   0  67  1.40 0.54
   71 G   -5 -4  9  0 -7 -3 -3 -2 -3 -7 -7 -4 -6 -7 -6 -4 -4 -7 -6 -7    1   1  87   4   0   1   1   3   0   0   0   0   0   0   0   0   0   0   0   0  2.56 0.84
   72 E   -2  0  0  1 -6 -2 -1  6 -3 -6 -6 -3 -5 -6 -5 -1 -4 -6 -4 -6    2   4   5   7   0   2   4  69   0   0   0   1   0   0   0   4   0   0   0   0  1.43 0.53
   73 Q   -1  4 -1  0 -5  4  2 -3  1 -3 -3  1 -1 -5 -4 -1 -1 -5 -4  0    5  24   2   4   0  19  16   1   3   1   2   9   1   0   0   3   3   0   0   6  0.54 0.30
   74 R   -2  7 -3 -4 -6  0 -3 -5 -4 -6 -4  2 -5 -6  1 -4 -3 -6 -4 -4    4  67   1   0   0   3   1   0   0   0   1  10   0   0   9   1   1   0   0   1  1.63 0.61
   75 I   -3 -5 -6 -6  1 -5 -5 -6 -6  6  1 -5 -1 -3 -5 -5 -3 -5 -4  4    1   0   0   0   3   0   0   0   0  47  14   0   1   0   0   0   1   0   0  31  1.28 0.47
   76 H    1  0  0  0 -3  1  1 -1  2 -2 -2 -1 -1 -3 -2  1  3 -4 -1 -1   14   4   5   6   0   7  10   3   6   1   3   3   1   0   1  11  19   0   1   5  0.21 0.17
   77 G    2 -2 -1  0 -4  2  2  4 -1 -4 -4 -1 -3 -5 -2  0 -1 -5 -4 -3   15   1   2   4   0   9  16  32   1   0   1   4   0   0   1   8   4   0   0   2  0.50 0.28
   78 P    0  2 -2 -2 -5  0  1 -3 -2 -4 -4 -1 -4 -5  6 -1 -1 -5 -5 -3    9  12   1   2   0   3  10   1   1   1   2   4   0   0  45   5   3   0   0   2  0.99 0.42
   79 T    1  2 -3 -3  0  1 -1 -3  4 -2 -2 -1  0 -3 -4 -1  4 -2 -1  2   10  10   0   0   2   8   3   1  10   1   3   2   3   1   0   3  27   1   2  14  0.37 0.27
   80 P   -1  1 -3 -2 -4 -1  1 -3 -1  0 -1 -1  0 -3  4 -1  0 -1 -2  2    5   9   1   2   0   2  11   2   1   5   5   3   2   1  24   3   6   1   1  16  0.38 0.24
   81 L   -4 -6 -7 -8 -5 -6 -7 -7 -7  2  5 -6  0  0 -7 -6 -5  2 -5  3    1   0   0   0   0   0   0   0   0  11  63   0   2   3   0   0   0   2   0  17  1.40 0.56
   82 E    1  3  1 -2 -1  2 -1  1  2 -3 -4  2 -1 -3 -1  1  0 -5 -3 -2   10  20   5   1   1   8   3  10   5   1   1  12   2   1   3   9   5   0   1   3  0.30 0.22
   83 P    0 -2  0  4 -6 -2  1 -2  2 -4 -4 -3 -5 -4  5  0 -1 -1 -3 -2    6   2   4  21   0   1  10   3   5   1   1   1   0   1  31   6   4   1   1   2  0.74 0.39
   84 G   -3 -1 -2  0 -7 -2 -3  7 -3 -5 -6 -4 -3 -7 -6 -1 -1 -7 -7 -5    2   3   2   5   0   2   1  73   1   1   1   1   1   0   0   3   4   0   0   1  1.63 0.64
   85 V   -2 -6 -2  8 -8 -2  0 -6 -2 -7 -8 -3 -2 -8 -6 -2 -3 -8 -4 -3    4   0   1  78   0   2   4   0   1   0   0   1   1   0   0   3   2   0   1   2  2.10 0.79
   86 S   -1  3 -2 -2  0  2  2 -4  0 -1  0  1 -1 -3 -2 -1  1 -4 -1  1    3  16   1   1   2  10  13   1   2   4   8  10   1   1   2   4   8   0   2  11  0.23 0.19
   87 V   -5 -7 -7 -7 -5 -7 -7 -8 -7  6  2 -7 -3  1 -7 -6 -5 -6 -5  4    0   0   0   0   0   0   0   0   0  51  16   0   0   5   0   0   0   0   0  28  1.63 0.61
   88 T   -1  3 -1 -2 -4  3  0  0  0 -2 -1 -1 -1 -1 -4 -1  1 -1  3  0    4  20   2   1   0  14   5   8   2   2   5   3   1   3   0   4   9   1  10   7  0.27 0.22
   89 V   -3 -6 -6 -6 -5 -6 -6 -7 -6  6  2 -6  2  0 -6 -5 -3 -5 -4  2    2   0   0   0   0   0   0   0   0  51  21   0   4   4   0   0   1   0   0  15  1.34 0.51
   90 G   -2 -6 -5 -5  1 -6 -6  7 -6 -3 -7 -5 -6 -6 -6 -3 -3 -6 -2 -6    4   0   0   0   3   0   0  84   0   2   0   0   0   0   0   2   1   0   2   0  2.15 0.75
   91 S    0  0  1  5 -5  0  2 -1  0 -4 -4 -1 -5 -5  1  0 -2 -6 -3 -2    7   4   5  37   0   3  13   4   2   1   1   3   0   0   7   6   2   0   1   3  0.64 0.34
   92 Y   -2 -3 -2 -4 -2 -2 -4 -3  2 -1 -2 -4 -3  4 -5  0  2  0  6  1    3   1   1   1   1   1   0   2   5   3   3   1   0  17   0   7  16   1  25  11  0.71 0.38
   93 L   -1  2 -2 -1 -3  0  0 -2  0  1  0 -1  0 -2 -2 -1  2  3 -1  2    4  12   2   2   0   3   5   2   3   7   9   3   2   1   1   2  16   4   1  20  0.19 0.18
   94 V   -4 -5 -6 -6  0 -3 -4 -6 -5  3  5 -5  2  3 -6 -4 -3  0 -2  0    1   0   0   0   2   1   1   0   0  13  57   0   4  10   0   1   1   1   1   4  1.08 0.47
   95 S    0  1  0 -1  1  0  0 -1  1  0 -1  0  0 -1 -2  0  1  2  0  1    7   8   4   3   3   4   8   5   3   4   5   4   3   3   0   8   9   3   3  12  0.04 0.06
   96 V    0 -5 -5 -5 -4 -4 -5 -5 -4  2  3 -5 -2  4 -5  0 -4 -4  3  3    8   0   0   0   0   0   1   1   0  12  23   0   0  19   0   7   0   0   9  18  0.69 0.31
   97 E    0  0 -1  1  0  2  3 -2  1 -2 -2  1  0 -1 -2 -1  0  1 -1 -1    8   6   3   7   2   8  22   2   4   2   4   7   2   3   2   4   5   2   2   5  0.20 0.17
   98 I    1  0 -1  0 -1  0  0 -1  0 -1  1 -2  1  0  2 -1  0  0  0  1   10   5   2   7   1   4   6   5   2   4  14   2   3   3  10   4   5   1   3   8  0.07 0.06
   99 G    1 -1 -1  2 -4  0  2  0  0 -2 -1 -1  1 -2  1  0  0 -4 -1 -1   14   3   2  14   0   3  12   8   2   3   5   3   4   2   7   5   5   0   2   6  0.16 0.16
  100 G    1  0 -2  2 -5  0  0  3 -1 -3 -3 -2 -1 -3  1  1 -1  0 -5 -2   14   5   2  11   0   3   6  23   1   1   3   2   1   1   6  12   3   1   0   4  0.32 0.26
  101 T   -1  0  0  0 -3  0  0 -1  1  0 -1  0  1  0  0  0  0  3  1  0    5   5   5   5   0   5   5   5   5   5   5   5   5   5   5   5   5   5   5   5  0.06 0.08
  102 G    1  1  0  1 -3  0  1  1 -2 -1 -1  0  0 -1  1  0  0 -3  0 -1   11   7   4  10   0   4   9   9   0   4   4   5   3   3   8   6   6   0   3   5  0.09 0.11
  103 A    2  0 -1  0 -3  0  1 -1  1 -1 -1 -1 -2 -1  3  0  0 -4 -1 -1   22   5   3   4   0   4   9   5   3   3   5   3   0   2  13   6   6   0   2   4  0.18 0.20
  104 L    1  0  0  0 -2  0  0 -1  0 -1  0  0  0 -1  0  0  1 -3 -1  1   16   5   4   5   0   4   7   4   2   2   9   5   3   2   5   6   8   0   2  12  0.05 0.10
  105 V    1 -1 -1  0 -3  0  0  0 -3  0 -1 -1  0 -1  2  0  1 -4 -1  1   15   4   2   5   0   4   5   9   0   4   5   2   3   2  12   5   9   0   2  13  0.13 0.17
  106 G    1  0 -1  0 -3  1  1  1  0 -2 -2  0 -1 -2  2  0  1 -1 -2 -1   16   6   2   6   0   5  10  11   3   2   3   4   2   1  11   5   8   1   1   5  0.15 0.17
  107 R    1  3 -2  0 -4  0  0 -1 -1 -1 -2  0 -1 -3  3  0  0 -4 -2 -1   15  16   1   6   0   4   7   4   1   4   3   4   2   1  15   7   5   0   1   4  0.25 0.25
  108 P    1 -1 -1 -1 -2 -1  0 -1 -2 -1 -1 -1 -2 -2  5 -1  0 -5 -3 -1   12   4   3   4   1   2   6   4   1   4   5   3   1   1  34   5   5   0   1   5  0.54 0.40
  109 I    1 -1 -1 -1 -3 -2 -1  0 -1  0  0 -2  1 -2  3  0  1 -4 -2  1   12   4   2   3   0   1   5   6   1   6   8   2   3   2  16   6  12   0   1  11  0.18 0.20
  110 R    1  2 -1  0 -4  1  2 -1  2 -2 -2 -1 -1 -2  1  0  1 -4 -2 -1   14  11   1   6   0   7  13   4   5   2   3   2   2   1   7   7   9   0   1   5  0.18 0.22
  111 S    2  0 -2 -1 -3  0  0  0  0 -1 -1 -1  0  0  2  1  1  0 -1  0   18   6   1   4   0   3   4   6   3   2   7   3   2   4   9   9   9   1   2   6  0.09 0.13
  112 R    0  1  0  1 -4  1  2  0  0 -2 -2 -1 -1 -2  2  0  0 -4 -1 -1    8  10   4   6   0   7  13   9   2   2   4   2   1   2  11   7   6   0   2   5  0.15 0.17
  113 G    1 -1 -1  1 -4  1 -1  2 -1 -2 -2 -2 -2 -3  4 -1 -1 -5 -2 -1   13   4   2   7   0   6   4  16   2   1   5   1   1   1  22   5   3   0   1   5  0.36 0.31
  114 A    1  1  0  0 -3  0  1  0 -1 -1 -2  0 -1 -2  1  1  1  1 -1 -1   12   8   3   4   0   2  10   8   2   4   4   4   1   2   8  10  11   3   2   4  0.10 0.13
  115 G   -1  0  0  0 -3  0  0 -1  1  0 -1  0  1  0  0  0  0  3  1  0    5   5   5   5   0   5   5   5   5   5   5   5   5   5   5   5   5   5   5   5  0.06 0.08
  116 A    1  0  0  0  1  0  0  0  1 -1 -1  0  0  0  2  0  0 -3  0  0   16   5   3   5   4   3   5   6   4   3   7   4   3   4  10   6   5   0   3   5  0.07 0.09
  117 M   -1  0  0  0  2  0  0 -1  2  0 -1  0  2  1  0 -1  0  3  1 -1    5   5   5   5   5   5   5   5   5   5   5   5   5   5   5   5   5   5   5   5  0.08 0.08
  118 G    1  0 -1  2 -5  0  0  1  0 -1 -2 -1  0 -1  2 -1  0  2  0 -1   10   5   3  12   0   4   6  10   3   4   5   4   3   3   9   5   6   3   3   4  0.12 0.13
  119 M    1  1 -1  0 -3  0  0  0 -3  1  0 -1  1 -1  1  0  0  1 -3  1   12   8   2   6   0   3   5   6   0   8   8   4   4   3   8   6   5   2   0  11  0.07 0.11
  120 G    0  0  0  0 -2  1  0  0  1  0 -1  0  1  0  1  0  0 -2  1  0    6   6   5   6   0   5   6   6   5   6   6   6   5   5   6   6   6   0   5   6  0.03 0.06
  121 V    1  0  0  0 -2  0  0  0  0  0  0  0  0  0  1  0  0 -2  0  0   14   5   3   4   0   4   6   6   3   6   8   3   3   3   7   7   7   0   3   8  0.04 0.05
  122 R    1  1 -1  0  0  0  0  0  1 -1 -1  0  0 -1  1  1  1 -3 -1 -1   11  11   2   6   2   3   5   7   4   2   7   3   3   3   7  10   8   0   2   4  0.07 0.10
  123 G    1  1 -1 -1 -4  0  1  2  0 -2 -2 -1  0 -2  2  0  1  0 -1 -2   13   7   2   4   0   3   8  18   2   2   4   2   3   2   9   7   8   2   2   3  0.17 0.19
  124 P    0 -1 -1  0 -5  0  1  0 -4 -2 -2 -2  0 -2  5 -1  0  0 -4 -1    6   3   2   4   0   5   8   8   0   2   5   2   3   2  34   3   5   1   0   5  0.55 0.41
  125 L    0  0 -2 -1 -3  1 -1 -2 -1  1  2 -2  0 -1 -1  0  0  0 -1  2    8   5   1   4   0   7   2   3   1   7  22   2   2   2   3   8   6   1   2  14  0.11 0.16
  126 L    1  0 -2  0 -1  0  0 -1 -1  1  1 -1  0 -1  1  0  0 -3 -2  1   13   4   1   5   1   6   6   5   2   9  15   2   1   2   8   5   4   0   1  10  0.07 0.11
  127 R    0  3 -2  0 -3  0  0  1 -1  0 -1  0 -1 -1  0 -1 -1  2 -1  0    9  18   1   7   0   4   4  11   2   7   5   4   1   2   5   4   4   3   2   6  0.10 0.14
  128 K    3  1 -1 -1 -4  2  1  0  0 -2 -2  0 -1 -2  1  1 -1 -4 -3 -1   24   7   2   4   0   8   8   7   3   2   4   4   1   2   7   9   2   0   0   5  0.19 0.23
  129 S    1  1  0 -1 -4  1  1  0 -2 -2 -2 -1 -2 -4  1  2  1 -4 -2  0   10   9   3   3   0   7  10   7   1   2   3   2   1   0   8  16   8   0   1   6  0.20 0.23
  130 E    1  0  0  2 -4  1  2  0  1 -2 -1 -1  0  0  0  0  0 -4 -2 -2   14   4   3  11   0   5  17   7   4   2   5   2   2   6   4   7   5   0   1   2  0.16 0.19
  131 S    2  0 -2  0 -2  1  1  0  0 -1 -2 -2 -1 -2  3  0  0 -5 -2 -1   17   5   1   6   1   7  10   6   2   3   3   1   2   2  18   6   5   0   1   5  0.25 0.25
  132 E    0  1 -2  1 -4  1  2 -1  1 -2  0  0  0 -2  3  0  0 -4 -2 -1    7   8   0  10   0   7  12   5   4   2   9   4   2   1  14   8   4   0   1   4  0.19 0.22
  133 R    0  3 -1  0 -2  1  0  0  0 -1  0 -1  0 -3  0 -1  0 -2 -2  1    7  21   2   4   1   5   7   9   2   2  10   2   2   1   4   3   6   1   1  10  0.15 0.20
  134 A    2  1 -3  0 -2 -1  0  0 -1  0 -1  0 -1 -3  2  1  0 -4 -4 -1   19   9   0   6   1   2   5   7   2   5   6   6   1   1  12   8   6   0   0   4  0.19 0.21
  135 A    2 -1 -2 -2 -4  1 -1  0 -1 -2  0 -1 -1 -3  4 -1 -1  3 -2 -1   20   4   1   2   0   6   3   8   2   2  11   3   1   1  21   3   3   4   1   3  0.34 0.32
  136 R    1  3 -1 -1 -1  0  0 -1 -1 -1  0  0  0 -1  0  0  0 -4 -1  0   10  22   1   4   1   3   7   5   1   4   8   3   2   3   4   8   5   0   3   6  0.13 0.17
  137 R    1  1 -1  2 -2  1  1 -1  0 -2 -1 -1  1 -2  1  1  0 -4 -3 -1   14  10   2  13   1   6   8   4   2   2   6   3   4   1   6   9   4   0   1   4  0.14 0.18
  138 L    0  0 -2  0 -3  0  1 -1 -1 -1  1  0  0 -1  3 -1 -1 -1 -2  0    9   4   1   4   0   4  10   6   2   2  17   4   3   2  15   5   4   1   1   6  0.15 0.17
  139 N    1  0 -1  0 -3  0  0  1  1  0  0  0  0 -2  0  0  0 -1  0  0   15   5   3   5   0   4   5  11   4   5   8   3   3   1   4   7   5   1   3   8  0.05 0.08
  140 D    2  1 -1  2 -4  1  2  0  0 -3 -1 -1 -1 -3  1  1 -1 -1 -4 -2   19   7   2  12   0   7  11   6   2   1   5   3   1   1   6   9   2   1   0   3  0.20 0.23
  141 R    1  4 -1 -1 -4  1  1 -1  0 -1 -2  1 -1 -4  2 -1 -1 -1 -4 -1   11  22   3   3   0   5   9   5   3   3   3   6   2   0  12   4   3   1   0   4  0.29 0.27
  142 I    0  0 -2 -1 -3 -2 -1 -2 -2  1  2 -1  0  0  1 -1  1  0 -2  1   10   6   1   4   0   1   3   2   1   9  23   2   2   4   7   5   8   1   1   9  0.12 0.15
  143 S    2  1 -1  1 -1  0  1  0 -1 -2 -1 -1 -2 -1  1  2  1 -4 -3 -1   16   8   2   6   1   5   8   5   1   1   5   2   1   2   7  17   7   0   0   5  0.16 0.21
  144 R    1  3 -2  0 -4  1  1  0  0 -1 -1  0 -2 -2  0  0 -1 -4 -2  0   16  18   1   4   0   7   9   8   2   3   5   4   1   2   5   5   3   0   1   7  0.17 0.20
  145 Y    1  1 -2  0 -2  0 -1 -1  0  0  0 -1  0  0  0 -1  1  0  1  1   17   9   0   5   1   4   3   4   2   4  12   2   3   3   4   3   9   1   5   9  0.07 0.14
  146 A    3 -1 -1 -1 -3 -1  0  1  0  0  0 -2 -1 -1  1  0 -1 -4 -2  0   31   2   3   4   0   3   5   9   3   5   8   1   1   2   6   5   3   0   1   6  0.20 0.23
  147 K    0  3 -1  1 -4  0  3 -1  0 -2 -1 -1 -1 -4  1  0  1 -4 -2 -1    8  16   2   9   0   3  18   4   2   2   6   2   1   0   6   6  10   0   1   4  0.23 0.24
  148 E    1  0 -2 -1 -1  1  1 -1 -1 -1  0 -1  0 -2  3  0 -1 -3 -2  0   13   6   0   3   1   6  12   4   1   4  11   3   2   1  15   8   3   0   1   6  0.16 0.18
  149 W   -1  0  0  0  2  0  0 -1  2  0 -1  0  1  0  0  0  0  3  1 -1    5   5   5   5   5   5   5   5   5   5   5   5   5   5   5   5   5   5   5   5  0.07 0.08
  150 D    0  1  0  1  1  0  0 -1  3 -1 -1 -1 -3  0  0  0  0 -4  0 -1    9   7   4  10   3   5   6   5   7   4   6   4   0   4   6   7   5   0   3   5  0.08 0.10
  151 E    0  1  0  1 -3  1  2 -1  1 -1 -1 -1  0 -1  1 -1  0 -4 -1  1    8   7   4   9   0   6  14   3   5   4   6   3   2   3   7   3   4   0   2  10  0.10 0.14
  152 Q    1  1 -1 -1 -3  0 -1  0  1  0  0 -1  0 -1  0  0 -1  1 -1  0   12   9   2   4   0   4   4   7   5   7  13   3   3   2   5   8   3   2   2   8  0.04 0.09
  153 D    0  0  1  3  0  0  0  1  0 -1 -3 -1 -1 -2  0  1  1 -4 -4 -2    8   4   5  16   2   3   4  13   3   4   2   2   1   2   5  12  10   0   0   2  0.20 0.22
  154 R    1  4 -1 -1 -1  1  2 -2  0 -4 -2  0 -3 -5 -1  0  0 -5 -4 -2   10  28   2   4   2   7  12   3   2   0   5   5   0   0   4   8   4   0   0   3  0.41 0.35
  155 P    0  0  0  0 -3  0  0  0  2  0 -1 -2  1  1  0  0  0  3  1  0    6   6   5   6   0   5   6   6   5   6   6   0   5   5   6   6   6   5   5   6  0.07 0.11
  156 G    1  1  1  0  1  0  0  0  1 -1 -1  0  1 -3  1  0  0  3 -2 -1   15   7   6   6   3   3   4   5   4   3   5   4   5   0   8   7   4   4   0   4  0.11 0.15
  157 R    1  3 -1 -1 -3  2  0  0  0 -1 -1  0  1 -1  1  0  0  1 -2 -1   11  17   2   3   0   9   4   8   3   4   4   3   4   2   8   4   7   2   0   5  0.13 0.18
  158 L    0  0 -1  0 -2  1  0 -1  0  0  1  0  0  0  0  0  0 -2 -1  1    8   7   2   4   0   6   6   5   2   4  17   5   2   3   4   4   4   0   2  13  0.03 0.07
  159 L    0 -1 -1 -1 -3 -2 -1 -2  1  1  2 -1  1  0  0  0  1 -3 -2  1    6   3   2   3   0   0   5   3   4   6  24   3   3   4   4   6  11   0   0  11  0.13 0.17
  160 L   -1  0  0  0  2  0  0 -1  2  0 -1  0  1  0  0  0  0  3  1 -1    5   5   5   5   5   5   5   5   5   5   5   5   5   5   5   5   5   5   5   5  0.06 0.08
  161 R    0  3 -5 -1 -5  1  0 -2  2  0 -1 -4  1  0  3 -1 -1 -5  0  1    9  17   0   3   0   5   6   4   6   4   6   0   3   3  13   4   4   0   4   8  0.29 0.25
  162 R    0  0  0  1 -3  0  1  1  2 -1  0 -1  0 -1  1  0  0 -3 -2 -1   10   4   4  10   0   3   8   9   6   4   9   2   2   3   7   9   5   0   0   4  0.09 0.11
  163 R    1  2 -2 -1 -3  0  0 -1  0  0  0  0  1 -1  2  0  0 -3  0  0   13  12   0   3   0   4   8   4   3   5   8   3   5   2  10   5   6   0   3   6  0.10 0.15
  164 N    1 -1  0  2 -3  0  1 -1 -1 -1  0 -1  0 -3  3  0 -1  0 -1  0   13   3   4  11   0   4  10   3   2   2  12   3   2   0  15   5   2   1   2   6  0.17 0.19
  165 L   -1  0 -2 -2  0  0 -2 -3 -1  1  3 -2  0  0  0 -1 -1 -4 -3  1    5   5   2   2   2   4   2   2   1   8  37   2   2   4   4   3   3   0   0  11  0.27 0.25
  166 R    1  2  0  1 -4  1  1  0 -1 -2 -2 -1 -3 -2  2 -1 -1  0 -2 -1   14  15   4   7   0   8   9   8   1   2   4   2   0   2   9   4   4   1   1   5  0.18 0.21
  167 Q    0  1 -1 -1  0  1  1  2 -1 -1 -1  0  0 -2  0  0  0 -3 -2 -1    8   8   3   3   2   7  12  15   1   4   6   6   2   1   4   4   5   0   1   5  0.09 0.12
  168 A    2 -1 -1 -2 -1  1  0  1  0  0  1 -2  1 -2  1  0  0 -4 -3  0   18   3   2   1   1   6   5  12   2   4  15   1   3   1   6   6   4   0   0   9  0.10 0.16
  169 Q    1  1 -1  0  0 -1  0  1  1 -1  0 -1  0 -1  0  0  0 -1 -1  0   12   9   3   4   2   2   8  11   4   3  11   2   2   2   5   5   5   1   1   8  0.03 0.07
  170 D    0  1 -1  3 -1  0  1  1 -1 -2 -2  0 -3 -1  1 -1 -1 -4  1 -3    8   8   2  20   1   4  11  10   1   3   4   5   0   3   6   3   4   0   6   1  0.21 0.22
  171 F    1  0 -3 -1 -3 -2  0 -2  3  0  2 -1  0  1 -1  0  0  4  0 -1   11   5   0   3   0   1   6   2   8   6  21   3   2   7   4   6   5   6   3   3  0.16 0.19
  172 L    0  0 -3 -4 -1 -1 -2 -3 -1  1  2 -2  0  1  1 -2  0 -1 -1  2    7   6   0   0   1   2   2   1   1   7  24   2   2   6   7   3   5   1   1  19  0.23 0.23
  173 E    1  1 -1 -1 -1  1  0  1 -1 -1 -1 -1  1 -1  0  1  0  0 -1  0   12   8   2   2   1   8   5  11   1   4   6   2   4   3   4  11   6   1   2   6  0.07 0.12
  174 A    1  2 -1  1 -1  2  0 -1 -1 -1 -2  1 -1 -2  1  0  0 -4 -1  0   13  11   2   7   1   9   7   4   1   3   2   7   2   2   8   6   6   0   2   6  0.12 0.15
  175 S    2 -1 -1 -2 -1 -1  0  1 -1 -2  0  0  0 -2  2  1  1 -4  0 -1   19   3   2   2   1   2   5  10   2   1   9   5   2   2   9   9  11   0   3   4  0.14 0.18
  176 L    0  0  0 -1 -3 -1 -1  0 -1  0  1  0  0 -2  1 -1  0  0 -1  1    9   6   4   4   0   2   3   9   1   3  15   5   1   1   8   4   6   2   2  16  0.07 0.11
  177 G    0  0 -1 -1 -4 -1 -1  2  1 -1 -2  0  1 -1  3  1 -1 -1 -1 -1    9   6   2   4   0   2   4  18   3   3   4   4   4   3  14   9   4   1   2   4  0.19 0.19
  178 T    2 -2 -3 -1  0 -1  0  1  0  0 -1 -1  0 -2  2  1  1 -4 -1 -1   21   2   0   3   2   3   5  10   2   5   7   3   2   1  12   9   9   0   2   3  0.19 0.22
  179 D    0  0  0  0 -3  1  0  0  2  0 -1  0 -1 -2  1  0  0  3  1  0    6   6   6   6   0   6   6   6   6   6   6   6   0   0   6   6   6   6   6   6  0.08 0.10
  180 D    0  0  0  0 -3  0  0  0  2  0 -1  0 -1  0  0  0  0  3  1  0    6   6   5   6   0   5   6   6   5   6   6   6   0   5   6   6   6   5   5   6  0.06 0.08
  181 P    1  1  0 -1  2  0 -1 -1 -3 -1 -1 -1  0 -1  4  0  0 -4 -3  0   11  10   4   3   6   4   3   5   0   3   5   4   3   3  19   5   4   0   0   6  0.23 0.21
  182 E    0  0  0  0 -2  1  0  0  1  0 -1  0  1  0  1  0  0 -2  1  0    6   6   5   6   0   5   6   6   5   6   6   6   5   5   6   6   6   0   5   6  0.03 0.06
  183 L    0  0  0  0 -2  0  0  0  0  0  0 -1  0  0  1 -1  0 -3  0  1    6   5   4   5   0   4   6   9   3   6   8   3   3   3   7   4   4   0   3  15  0.03 0.06
  184 Q    0  2  0  0 -3  1  1 -1  0  0  0  0  1 -1  0  0  0 -3 -2  0    7  13   6   6   0   5   9   3   2   7  10   5   4   3   5   6   4   0   0   6  0.06 0.09
  185 L    1  0 -1 -1 -1 -1 -1 -1  0  0  2 -2  1  0  0 -1 -1  0 -2  1   12   6   4   2   1   2   3   5   3   5  26   0   4   3   4   5   2   1   0  10  0.10 0.16
  186 G    0  0  0  0  2  1  0  0  2  0 -1  0 -2 -2  0  0  0  3  1  0    6   6   5   6   5   5   6   6   5   6   6   6   0   0   6   6   6   5   5   6  0.07 0.11
  187 E    1  2  0  1  1  0  1 -1  2 -1 -1  0 -2 -3  2  0  0 -4 -3 -1   11  12   5   7   3   5   9   4   6   4   5   4   0   0   9   5   6   0   0   4  0.14 0.16
  188 L    0 -1 -2 -1  0 -1 -2  0 -4 -1  3 -2  1  1 -1 -1 -1  2 -1  1    8   4   2   4   2   2   3   7   0   2  33   2   3   5   3   4   3   3   2   8  0.21 0.20
  189 E   -1  1 -1  0  0  1  1 -2  0 -1  1  0  0  0  2  0 -1  1 -1  0    5   6   2   4   3   5  11   2   2   2  13   6   2   4  11   6   4   2   2   7  0.10 0.12
  190 E    0  3 -1  2 -4  1  1 -1 -1  0 -1  0  0 -1  0 -1 -1 -4 -1  1   10  17   1  12   0   5   8   4   2   5   5   3   3   3   4   3   3   0   2  12  0.14 0.18
  191 S    0  3 -1  1 -4  0  3  0 -3 -2 -3 -1 -4 -4  0  1  0  1 -1 -2    7  17   2   8   0   4  17   8   0   3   3   3   0   0   4  11   7   2   2   3  0.27 0.27
  192 F    0 -1 -2  0 -1 -1 -2 -1 -3  1  1 -1  0  2  1  0 -1  1  0  0    8   3   0   7   1   2   2   5   0  10  16   2   3  10   6   7   2   2   3   8  0.08 0.12
  193 V    1  0  0 -1 -2  0  0  0  1  0  0  0  0  0  0  0  0 -2  0  0   13   5   3   3   0   5   4   6   4   8   8   7   3   5   4   4   4   0   3   8  0.02 0.04
  194 R    0  0  1  0  2  1  0  0  2 -2 -1  0  1  0  1  0  0 -3 -2 -1    6   6   6   6   6   6   6   6   6   0   6   6   6   6   6   6   6   0   0   6  0.05 0.10
  195 A    3  0 -3 -1 -3 -1  0 -1  0 -1 -1  0  0 -1  3  0 -1  1 -3  0   26   6   0   2   0   3   6   5   2   3   7   5   3   2  14   6   4   2   0   5  0.22 0.25
  196 S    0  0  0  0  2  0  0 -1  1  0 -1  0  1  0  0  0  0 -2  1  0    5   5   5   5   5   5   5   5   5   5   5   5   5   5   5   5   5   0   5   5  0.03 0.05
  197 I    0  0  0  0  2  0  0  0  1  0 -1  0  1  0  1  0  0 -3 -1  0    6   6   5   6   5   5   6   6   5   6   6   6   5   5   6   6   6   0   0   6  0.03 0.07
  198 E    0  0  1  0 -3  1  0  0 -1 -2 -1  0 -1  1  1  0  0  3  1 -1    6   6   6   6   0   6   6   6   0   0   6   6   0   6   6   6   6   6   6   6  0.09 0.11
  199 A    1  0 -1  0 -3  1  0  0  0 -1 -1 -1  0  0  0  0  0  2  0  0   17   6   3   4   0  10   4   7   3   4   6   0   3   3   4   7   4   3   3   8  0.07 0.12
  200 R    0  1  1  0  1  1  1  0  1 -1 -1  1 -2 -1  0  0  0 -3  0  0    8   9   6   4   4   6   8   6   5   2   4   8   0   3   4   5   5   0   4   8  0.06 0.09
  201 E    0  0  0  0 -3  1  0  0  2  0 -1  0  1 -2  0  0  0  3  1  0    6   6   5   6   0   5   6   6   5   6   6   6   5   0   6   6   6   5   5   6  0.07 0.10
  202 R    0  2  0  0 -3  0  0  1  1  0 -1  1  0 -1  0  0  0  4 -2 -1    7  12   5   4   0   5   4  10   4   6   4   8   3   3   4   4   6   6   0   4  0.10 0.13
  203 G    0  0  0  0 -2  1  0  0  1  0 -1  0 -1  0  1  0  0 -2  1  0    6   6   6   6   0   6   6   6   6   6   6   6   0   6   6   6   6   0   6   6  0.04 0.06
  204 K   -1  0  0  0  2  0  0 -1  2  0 -1  0  1  0  0  0  0  3  1 -1    5   5   5   5   5   5   5   5   5   5   5   5   5   5   5   5   5   5   5   5  0.06 0.08
  205 I    1  0 -3 -1 -3 -1 -1 -1  1  1  1 -1  1  0 -1 -1  0  3  0  1   12   4   0   4   0   3   4   5   3  10  13   4   4   3   3   4   6   4   3  11  0.09 0.11
  206 L   -1  0  0  0 -3  0  0 -1  1  0 -1  0  1  0  0  0  0  3  1  0    5   5   5   5   0   5   5   5   5   5   5   5   5   5   5   5   5   5   5   5  0.06 0.08
  207 R    0  3  0 -1  1  1 -1 -1  0  0 -2  1  0  0  0  0 -1  2 -2 -1   10  17   5   3   3   7   3   5   3   6   3   7   3   4   4   5   4   3   0   5  0.11 0.16
  208 Y    1  0  0  0 -3  0  0  0  1  0 -1  0  0  0  0  0  0  3  0  0   11   5   4   7   0   3   5   8   4   5   6   5   3   5   4   6   4   5   4   5  0.05 0.07
  209 A    0  0  0  0  2  0  0 -1  1  0 -1  0  1  0  0  0  0 -2  1  0    5   5   5   5   5   5   5   5   5   5   5   5   5   5   5   5   5   0   5   5  0.03 0.05
  210 G    0  0  0  0 -3  1  0  0 -2  0 -1  0  1 -2  1  0  0  3  1  0    6   6   6   6   0   6   6   6   0   6   6   6   6   0   6   6   6   6   6   6  0.07 0.10
  211 I    0 -1 -1 -1  0  0 -1 -1  0  1  1 -1  0  0  1  0 -1  1  0  1   10   2   3   3   2   4   4   5   2  11  13   2   3   3   7   5   3   2   5  11  0.03 0.06
  212 G    1  0  0 -1  0 -1 -1  1  0  0  0 -1  0 -3  0  2  0 -4 -3  0   11   6   4   4   2   3   3  13   2   4   9   2   3   0   5  16   5   0   0   9  0.09 0.14
  213 G    0  0  1  0  0  0  1  2  1 -1 -1  0  0  0  0  0  0  2  0 -1    7   4   6   5   3   5   8  15   3   3   5   4   3   4   5   5   6   3   3   4  0.06 0.08
  214 G    0  0  0  0 -3  1  0  0  2  0 -1  0  1 -2  0  0  0  3  1  0    6   6   5   6   0   5   6   6   5   6   6   6   5   0   6   6   6   5   5   6  0.07 0.10
  215 A    1  0 -1  0  1  0 -1 -1  1 -1  0 -1  0  0  0  0  0  2 -2  0   15   7   3   6   3   4   4   4   4   3  11   3   3   4   4   7   6   4   0   5  0.05 0.09
  216 L    0  0 -2  0  2  0  0  0 -2  0  0 -1  1  1  1  0  0 -2  1  0    6   6   0   6   6   6   6   6   0   6   6   0   6   6   6   6   6   0   6   6  0.04 0.10
  217 A    1  0  0 -1  1  0 -1  0  1  0  0 -1  0 -2  2  0  0 -3  0  0   11   5   3   4   3   4   3   8   4   6   8   0   3   0  10   7   6   0   3   9  0.06 0.09
  218 V    0  0  0 -1  0  0  0  0 -2  0  0 -1  0 -1 -1  0  0  1 -1  1   10   8   4   4   2   3   4   9   0   6  12   3   3   3   3   8   5   2   2  11  0.01 0.04
  219 I    1  0 -1 -1 -2  0 -1  1 -2  0  1  0  1 -1  0  0  0 -3  0  1   11   6   3   3   0   5   4  10   0   6  12   4   6   2   3   4   7   0   3  11  0.04 0.08
  220 G    2  0 -1  1  0 -1  0  2  0 -2 -1 -1 -1 -2 -2  0  0 -4  0 -1   20   5   3   8   2   2   4  19   2   2   6   2   2   2   1   8   5   0   4   3  0.17 0.19
  221 L    0  0  0  0  2  0  0  0  1  0 -1  0  1  0  1  0  0 -3 -1  0    6   6   5   6   5   5   6   6   5   6   6   6   5   5   6   6   6   0   0   6  0.03 0.07
  222 L    0  1  0  0 -2  0 -1 -1  1  0  1 -1  0  0  0  0  0 -3  0  0   10  10   4   4   0   4   4   5   4   5  13   0   3   3   5   8   6   0   3   9  0.03 0.08
  223 A    1  0  0  0 -1  0  1  0 -1 -1  0 -1  0  0  0  0  0  3  0  0   16   5   4   5   1   4   8   6   2   3  10   2   2   3   4   6   4   4   4   8  0.04 0.07
  224 F    1  0 -2 -1 -3 -1  0  0  0  0  0 -2  1  3  0 -1 -1  4  1 -1   15   7   2   3   0   3   5   8   2   4  10   0   3  13   4   3   3   5   5   5  0.14 0.17
  225 G    2  0  0 -1 -4 -1 -1  0 -3 -1  1 -1  1  0  0  0 -1  4  1  0   16   5   5   3   0   3   4   8   0   4  13   4   4   3   5   5   3   6   4   5  0.10 0.13
  226 V   -1  0  0  0  2  0  0 -1  2  0 -1  0  1  0  0  0  0  3  1 -1    5   5   5   5   5   5   5   5   5   5   5   5   5   5   5   5   5   5   5   5  0.06 0.08
  227 S    1  0 -1  0 -3  0  0 -1  2  0 -1 -1  1  1  0  1  1 -4 -2  1   12   4   3   6   0   4   5   5   5   4   6   3   3   7   5   9   8   0   0   9  0.07 0.11
  228 R   -1  0  0  0  2  0  0 -1  2  0 -1  0  1  0  0  0  0  3  1 -1    5   5   5   5   5   5   5   5   5   5   5   5   5   5   5   5   5   5   5   5  0.06 0.08
  229 I    0  1  0 -1 -3  0  0  0 -2  0  0  0  1  1  1 -1  0  2  0  0    8   7   3   4   0   5   6   9   0   4  10   4   3   6   7   4   4   3   4   8  0.05 0.07
  230 G    2 -1  0  0 -3 -1 -1  1  1 -1 -1 -1  0 -2  0  0  1  3  0 -1   18   4   3   6   0   2   4  11   4   3   7   2   2   0   4   5  11   5   3   5  0.10 0.14
  231 G    1 -1  0  0 -3  1  0  1  0 -1 -1  0  0 -1  1  0  0 -3 -1  0   12   3   3   4   0   6   6  14   2   4   5   3   3   3   8   7   5   0   2   8  0.08 0.09
  232 E    1  0  0  0  1  1  1 -1  1 -1 -1  0  0 -3  1  0  0 -3  0 -1   16   6   5   6   3   6  11   5   3   3   5   4   3   0   6   5   4   0   3   5  0.08 0.11
  233 E    0 -1  0  1 -4  0  0  2  1 -1 -2 -1 -3 -4  3  0  1 -4 -3 -1    6   4   4  10   0   4   7  15   4   5   4   4   0   0  15   4   9   0   0   5  0.22 0.19
  234 D    0  0  0  1 -3  0  2  1  0 -1 -1  0  0 -3  0  0  0 -3  0  0    7   5   3  11   0   4  15   9   3   3   7   4   2   0   5   8   4   0   3   8  0.09 0.12
  235 E    0  0  0  0 -2  1  0  0 -2  0  0  0  1  0  1  0  0 -3 -1  0    6   6   6   6   0   6   6   6   0   6   6   6   6   6   6   6   6   0   0   6  0.04 0.06
  236 L    0  0 -2  0  1  1  0 -1 -2  0  0  0  1  0  3  0  0 -3  0  0    9   5   0   6   3   9   6   5   0   5   8   4   4   3  14   4   5   0   3   5  0.10 0.12
  237 A    2  0 -1  0 -3  0  1  1  0 -2 -1 -1  0 -1  2  0  0  1 -2  1   19   4   3   6   0   3   9   9   3   0   3   3   2   2   9   7   5   2   0  11  0.12 0.16
  238 E    1  1  0  1  0  1  1 -1  0  0 -2  0 -2 -3  1  0  0  1 -1 -1   14   8   5   9   2   6  10   3   2   5   4   3   0   0   7   8   5   2   2   4  0.11 0.15
  239 A    2 -1 -1 -1 -3 -1 -1  0  0  0 -1 -1  0 -1  1  0  0  2  0  0   23   4   3   3   0   3   3   8   3   5   6   3   3   3   8   5   5   3   3   7  0.11 0.15
  240 E   -1  1  1  2 -4  2  1 -1  1 -1 -2 -1  0 -1  3 -1  1 -4  0 -1    4   7   6  10   0   9   8   4   3   4   4   4   3   3  14   4   9   0   3   3  0.18 0.20
  241 S    0  0 -2  0 -3  1  0  0  2 -2 -1  0  1  1  1  0  0  3  1 -1    6   6   0   6   0   6   6   6   6   0   6   6   6   6   6   6   6   6   6   6  0.09 0.13
  242 G    0  0  0  0  2  1  0  0 -1 -2 -1  0  1  0  1  0  0 -2  1  0    6   6   6   6   6   6   6   6   0   0   6   6   6   6   6   6   6   0   6   6  0.05 0.09
  243 G    0  0  1  0 -2  1  0  0 -1  0 -1  0 -1 -2  1  0  0 -2  1  0    7   7   7   7   0   7   7   7   0   7   7   7   0   0   7   7   7   0   6   7  0.06 0.07
  244 D    0  0 -1  0 -3  1  0  0  2  0 -1  0  1 -2  1  0  0  3 -2  0    6   6   0   6   0   6   6   6   6   6   6   6   6   0   6   6   6   6   0   6  0.09 0.12
  245 T    0  0  0  0  2  0  0 -1  1  0 -1  0  1  0  0  0  0 -2  1  0    5   5   5   5   5   5   5   5   5   5   5   5   5   5   5   5   5   0   5   5  0.03 0.05
  246 S    0  0  1  0 -2  1  0  0  2  0 -1  0 -1 -2  1  0  0 -2  1  0    6   6   6   6   0   6   6   6   6   6   6   6   0   0   6   6   6   0   6   6  0.06 0.07
  247 T    1  0 -1  0 -2  0 -1  0  0  0  0 -1  0 -1  1  0  1 -3 -1  1   13   4   2   4   0   4   3   7   2   6   6   3   3   3   7   6   9   0   2  14  0.05 0.08
  248 D    0  1  0  2 -3  0  1  0  0  0  0 -1  0 -3  2  0 -1 -3 -1 -1   10   8   3  12   0   5   8   6   2   5   9   2   2   0  12   6   3   0   2   3  0.14 0.15
  249 G    1  0  0  0 -3  0  0  2  0 -1 -1  0 -2 -1  0  0  1 -3 -2 -1   15   5   3   4   0   4   8  17   3   3   6   5   0   4   4   6   9   0   0   4  0.09 0.12
  250 G    0  0  0  0 -3  1  0  0  2  0 -1  0  1 -2  1  0  0  3 -2  0    6   6   6   6   0   6   6   6   6   6   6   6   6   0   6   6   6   6   0   6  0.08 0.11
  251 D    1  0  0  1 -3  0  1 -1  1 -1 -1  0 -2 -1  1  0  0  2  0  0   13   3   4  11   0   5   9   4   5   4   4   4   0   3   8   5   6   3   4   6  0.10 0.12
  252 D    0  0 -2  0 -3 -1  0  0  2  0  0  0  1 -2  1  0  0  3  1  0    6   6   0   6   0   0   6   6   6   6   6   6   6   0   6   6   6   6   6   6  0.08 0.12
  253 D    1  0 -2  0  1  0  0 -1  0  0 -1 -1  0  0  1  0  0  2  0  0   13   4   0   7   3   5   7   5   3   8   4   3   3   4   6   5   8   3   4   5  0.05 0.08
  254 S    0  0  1  0 -2  1  0 -2 -2  0  0  0  1  0  1  0  0 -3 -1  0    7   7   7   7   0   7   7   0   0   7   7   7   6   6   7   7   7   0   0   7  0.06 0.09
  255 V    0  0  0  0  2  0  0 -1  1  0 -1  0  1  0  0  0  0 -2  1  0    5   5   5   5   5   5   5   5   5   5   5   5   5   5   5   5   5   0   5   5  0.03 0.05
  256 V    0  0 -2  0  1  0  1  0 -3  1  0 -1 -2  0  2  0  0 -4 -3  1    7   5   0   6   3   4   9   9   0   8  11   4   0   4  11   5   5   0   0   9  0.09 0.13
  257 E    0 -1  0  0 -4  0  3 -2  0 -1 -3  1 -3 -4  3  0 -2 -5 -2  1    7   4   4   6   0   4  18   3   2   3   2   9   0   0  16   9   2   0   2  10  0.31 0.29
  258 L    1  1  0  0  1  0  0 -1  0 -1  0  0 -1  0  0  0  0  2  0  0   12   8   3   6   3   3   4   4   3   3  10   3   0   3   5   8   5   4   4   8  0.03 0.07
  259 V    0  1  0  0 -3  1  0 -1  0  0 -1  0  0 -1  1  0  0 -3  0  1    9   9   4   5   0   6   7   5   3   7   5   3   3   3   7   5   6   0   3  10  0.05 0.08
  260 A    0  1  1  1 -2  1  0  0  2 -2 -1  0 -1  0  1  0  0 -3 -1 -1    7   7   7   7   0   7   7   7   6   0   7   7   0   6   7   7   7   0   0   7  0.07 0.09
  261 G    0  0  0  0  1  0  0  2  1 -1 -1  0  0 -2  1  0  0 -3  0  0    9   5   5   5   3   4   5  16   4   3   5   4   3   0   7   7   5   0   3   6  0.08 0.08
  262 G    0  0 -2  0 -3  1  0  0  2  0 -1  0  1  1  1  0  0  3  1 -2    6   6   0   6   0   6   6   6   6   6   6   6   6   6   6   6   6   6   6   0  0.09 0.13
  263 D    0  0  0  0 -3  1  0  0  1  0 -1  0  1  0  0  0  0  3 -1  0    6   6   5   6   0   5   6   6   5   6   6   6   5   5   6   6   6   5   0   6  0.06 0.09
  264 E    0  0  1  0  2  1  0  0  2 -2 -1  0  1  0  1  0  0 -3 -2 -1    6   6   6   6   6   6   6   6   6   0   6   6   6   6   6   6   6   0   0   6  0.05 0.10
  265 G    0  0  0  0 -2  1  0  0 -1  0  0  0  1  0  1  0  0 -2  1  0    6   6   6   6   0   6   6   6   0   6   6   6   6   6   6   6   6   0   6   6  0.03 0.06
  266 G    0  0 -1  0 -2  1  0  0  2  0 -1  0 -1  0  1  0  0 -3 -1  0    7   7   0   7   0   7   7   7   6   7   7   7   0   6   7   7   7   0   0   7  0.05 0.07
  267 Q    0  0 -1  0 -2  1  0  0  2  0 -1  0 -1  1  1  0  0 -2  1  0    6   6   0   6   0   6   6   6   6   6   6   6   0   6   6   6   6   0   6   6  0.04 0.07
  268 D    0  0  0  0  2  0  0 -1  1  0 -1  0  1  0  0  0  0 -2  1  0    5   5   5   5   5   5   5   5   5   5   5   5   5   5   5   5   5   0   5   5  0.03 0.05
  269 D    0  0  0  0  2  0  0 -1  1  0 -1  0 -2  0  0  0  0  3  1 -1    5   5   5   5   5   5   5   5   5   5   5   5   0   5   5   5   5   5   5   5  0.06 0.08
  270 T    1  0  0  1  1  0  0  0  0 -1 -1  0 -2 -2  1  1  1 -3  0 -1   12   4   4   9   3   4   4   8   3   5   5   4   0   0   8  10   9   0   3   4  0.09 0.11
  271 T    0  0  0  0 -2  1  0  0  1  0 -1  0 -1  0  1  0  0 -2  1  0    6   6   6   6   0   6   6   6   6   6   6   6   0   6   6   6   6   0   6   6  0.04 0.06
  272 K    0  2  0  0 -3  0  0  0  1 -1 -1  1  0 -1  0  0  0 -3 -2 -1    9  13   3   4   0   4   6   8   5   3   4  10   3   3   5   8   6   0   0   4  0.09 0.11
  273 K    0  0  1  0  2  1  0  0 -2 -1 -1  0  1  0  1  0  0 -3 -2  0    6   6   6   6   6   6   6   6   0   0   6   6   6   6   6   6   6   0   0   6  0.06 0.09
  274 V    0  1 -1  1 -2  1  1  0  2 -2 -1  1 -1 -2  1  0  0 -3 -2  0    8   8   0   8   0   7   8   8   7   0   8   8   0   0   8   8   8   0   0   8  0.11 0.10
  275 W    0  0 -2  0 -3  0 -2  0  2  0  0  0  1  1  1  0  0  3  1  0    6   6   0   6   0   6   0   6   6   6   6   6   6   6   6   6   6   6   6   6  0.07 0.12
  276 I    0  0 -2 -2 -3  1  0  0  2  0  0  0  1  1  1  0  0  3  1  0    6   6   0   0   0   6   6   6   6   6   6   6   6   6   6   6   6   6   6   6  0.08 0.12
  277 E    0  0  0  0 -2  1  0  0  1  0 -1  0  1  0  1  0  0 -2  1  0    6   6   5   6   0   5   6   6   5   6   6   6   5   5   6   6   6   0   5   6  0.03 0.06
  278 H   -1 -2 -2  1 -4 -1 -1 -2  8 -3 -2 -2 -3 -1 -3 -2 -1  1  4 -1    4   1   1   8   0   2   3   3  42   1   4   2   0   2   1   3   3   2  15   5  0.94 0.43
  279 V    0  3 -2 -1 -3  2  1 -2  0 -1 -1  0 -2 -2  0 -1  1  1 -1  1    7  19   1   2   0   9   9   1   2   3   3   5   0   1   5   3  13   2   2  13  0.19 0.16
  280 V    0 -2 -4 -4  1 -3 -4 -4 -4  2  0 -3  1  0 -4 -2  1 -4 -1  5    9   2   0   0   2   0   0   1   0  10   4   0   4   3   0   2   8   0   2  51  0.65 0.37
  281 I    0  2  0 -1 -2  1  0 -1 -2  0  0  1  1 -1  0  0  0  1 -2  1   11  14   4   2   0   5   7   4   0   8   6   8   6   2   4   4   3   2   0  11  0.07 0.09
  282 P    1  1 -2 -1 -3  0  0 -1 -3 -3 -3  0 -3 -4  6  0 -1  2 -3 -1   15   8   0   4   0   3   4   3   0   0   1   6   0   0  38   5   4   3   0   4  0.68 0.29
  283 A    0  2  0 -2 -3  0 -1  3  0 -1 -2  0 -2 -1 -1  0  0 -3 -1 -1    8  18   4   0   0   3   4  28   3   6   1   3   0   2   3   6   5   0   2   3  0.23 0.16
  284 Q   -1  0 -1  4 -4  1  4 -3 -2 -4 -4  0 -3 -1 -3  0 -1 -4 -3 -3    6   4   0  28   0   7  34   1   0   0   1   4   0   4   0   6   4   0   0   0  0.62 0.32
  285 S   -1  1  0 -1 -3  1 -2 -1  2 -2 -3 -1 -2 -4 -3  2  5 -4 -3 -1    3   8   3   2   0   6   0   3   5   2   1   3   0   0   0  19  41   0   0   2  0.50 0.33
  286 L   -1 -3 -4 -4 -3 -3 -1 -2 -3  1  4 -3  0  1 -2 -3 -2  1  0  2    5   0   0   0   0   0   5   3   0   5  54   0   0   6   2   1   0   2   3  13  0.51 0.28
  287 E    1  0 -1  1 -3  0  2  2 -2 -2 -2 -1 -1 -3 -2  1  0  3  0 -2   12   6   2   9   0   2  18  17   0   2   3   0   2   0   0  12   4   5   4   2  0.23 0.17
  288 E    0  1  0  1 -1  2  1  1  1 -2 -2  0  0 -3 -2  1 -1 -3 -2 -2    7  10   2   8   1  14  11  12   4   2   4   3   3   0   0  16   2   0   0   2  0.19 0.15
  289 I   -1 -4 -4 -2 -3 -3 -4 -4 -4  6  2 -3 -1  0 -3 -3 -2 -3 -3  2    6   1   0   3   0   0   1   1   0  51  21   1   0   2   1   1   1   0   0  10  0.74 0.33
  290 A    6 -3 -3 -4 -3 -3 -3 -1  2 -3 -1 -3 -3 -4 -3  0 -2 -4 -3 -1   75   0   0   0   0   0   0   4   6   0   6   0   0   0   0   3   0   0   0   3  1.02 0.46
  291 L    1  2 -1  0 -2  1  0  0  0 -1 -1  2 -1 -3 -2  0  1 -3 -1 -1   15  16   2   6   0   6   3   7   2   3   5  13   1   0   0   6   9   0   2   4  0.14 0.11
  292 R   -1  6 -1 -1 -4  1 -1 -3  0 -3 -2  2 -3 -3 -3  0 -2 -4 -1 -3    5  56   3   2   0   4   2   1   2   1   4   9   0   0   1   5   1   0   2   1  0.85 0.37
  293 Y   -2 -3  0 -1 -4 -1 -3 -4  4 -1 -1 -3 -2  3  0 -2 -2 -1  7 -3    2   1   6   3   0   2   1   1  11   3   6   1   0  11   6   2   2   0  42   1  0.81 0.35
  294 D   -1  2  0  1 -4 -1 -1  5  0 -4 -4  0 -1 -4 -3 -1 -2 -4 -4 -4    3  11   3  10   0   2   4  52   3   0   1   4   2   0   0   2   1   0   0   0  0.79 0.37
  295 I   -1 -4 -4 -4  3 -2 -1 -4 -4  1  0 -3  0 -3 -1 -2  0  1 -3  5    5   0   0   0   7   2   4   0   0   6   9   1   2   0   2   2   6   2   0  50  0.61 0.38
  296 P   -1  3 -1  1 -3  0  1 -2  0 -4 -4 -1 -3 -4  1  3  3 -2 -3 -3    4  17   1   9   0   3   7   3   2   0   0   2   0   0   6  22  22   1   0   0  0.43 0.33
  297 L    0  1 -3 -3 -3 -2 -1 -2 -3  1  1 -1 -1 -3  2 -2  1 -4 -3  3    9   9   0   0   0   0   4   3   0   5  11   3   1   0  12   1   8   0   0  32  0.31 0.27
  298 P    1  2 -1  2 -3  1  2  0 -1 -3 -2  1 -3 -4  0  1 -1 -4 -2 -2   16  11   2  14   0   6  12   6   1   0   2   8   0   0   5   9   2   0   1   3  0.24 0.20
  299 T    1  0 -1  3 -4  2  3 -2  0 -3 -2  0 -1 -4 -3  0  0 -1 -3 -2   11   5   1  22   0  10  20   2   2   0   3   6   1   0   0   8   5   1   0   2  0.38 0.27
  300 L    0 -4 -5 -5 -3 -4 -5 -5 -5  3  5 -4  0 -1 -5 -4 -2 -4 -3  1   10   0   0   0   0   0   0   0   0  20  58   0   1   1   0   0   2   0   0   6  0.94 0.49
  301 A    0  4 -3 -2  2  1  0 -3 -3  0  0  1  1 -1 -3 -2 -1 -4 -3  0    9  28   0   2   5   8   5   1   0   7  10   8   5   2   0   1   3   0   0   6  0.30 0.26
  302 R    2  4 -2 -2 -4  1  2 -2  0 -3 -3  2 -2 -4 -2 -1  0 -4 -3 -3   21  29   1   1   0   4  14   3   2   1   2  11   1   0   2   3   4   0   0   0  0.49 0.34
  303 W    1  0 -5 -2 -4 -4 -2 -5 -1 -2  1 -4  2 -1 -5 -1 -4 10 -2 -3   15   5   0   2   0   0   3   0   2   1  17   0   5   1   0   4   0  43   0   1  1.51 0.65
  304 N   -4 -1  8  0 -5 -1 -2 -3 -3 -5 -6 -2 -5 -5 -2 -2 -3 -6 -5 -3    0   3  76   5   0   2   2   2   0   0   1   2   0   0   2   2   0   0   0   2  1.81 0.78
  305 G    0  0  1  2 -4  0  0  3  0 -4 -3  2 -3 -2  2  0 -1 -4 -3 -3    5   6   5  11   0   3   5  26   3   0   2  12   0   2  12   5   2   0   0   0  0.36 0.24
  306 V   -1 -1 -3 -2 -3 -1 -1 -1 -1  2  3  0  2 -1 -3 -2 -2 -3 -3  0    3   2   0   2   0   2   5   6   2  16  39   8   5   1   0   2   2   0   0   6  0.30 0.25
  307 G    1 -1  0  0 -2  0 -1  1 -2 -1  0  0 -1 -2 -1  1  1  1 -1  0   13   3   6   6   0   3   3  14   0   2  11   6   0   1   2  12   8   2   1   7  0.08 0.10
  308 E    0  1  1  1 -3 -1  1  0  0 -2 -2  2 -2 -3  2  1  0 -4 -3 -2    6   9   5   8   0   0   8   8   2   2   5  14   0   0  12  12   6   0   0   2  0.22 0.18
  309 T    0  1  1  1 -3 -1  1  2 -2 -3 -3  1 -3 -4  2  1 -1 -4 -3 -2    9   8   5  10   0   1  10  17   0   0   2  10   0   0  12   9   4   0   0   2  0.29 0.21
  310 E   -1  2  2  3 -4  0  1 -1 -1 -3 -3  1 -3 -4 -1  1  0 -4 -2 -2    5  11  11  23   0   4   9   5   1   0   1   7   0   0   2  10   4   0   1   3  0.33 0.24
  311 A    0  3 -1 -3 -4  0 -1 -2  0 -1 -1  1 -1 -2  3 -1  1  0 -1  0    8  21   2   0   0   3   2   3   3   3   5   7   2   1  18   3  10   2   2   6  0.30 0.25
  312 L   -1 -1 -4 -4 -3 -1 -2 -2 -4  3  3 -3  0 -2  2 -3 -3 -4 -1  1    3   3   0   0   0   3   3   4   0  19  39   0   2   0  10   0   0   0   2  10  0.46 0.32
  313 E    1  3 -1 -1 -3  2  0 -2  2 -2 -1  1 -1 -2 -1  0 -1 -3  0  0   12  23   1   2   0   8   7   2   6   1   5   9   1   1   3   4   3   0   3   7  0.22 0.20
  314 V    1  0 -2 -2 -3  0  0 -1 -3  0 -1 -1 -2 -2  5  0 -1 -4 -1  1   16   4   2   2   0   3   5   3   0   5   5   3   0   2  28   7   2   0   3  10  0.39 0.26
  315 G   -1  0 -3  0 -5  0 -1  6 -4 -5 -5 -1 -4 -3 -2 -2  0  1 -4 -2    3   4   0   4   0   4   4  58   0   0   0   4   0   1   2   2   7   2   0   4  0.90 0.48
  316 R    0  4 -2  1 -4  3  0 -2 -1 -2 -2  1  1 -4 -1  0  1  0 -3 -3    7  22   0   7   0  18   5   3   1   1   4   7   3   0   3   6  10   1   0   0  0.35 0.29
  317 K    0  1  1 -1 -2  1  0  0  2  0  0  0  1 -2  1  0  0 -3 -2  0    7   7   7   0   0   7   7   7   6   7   7   7   6   0   7   7   7   0   0   7  0.07 0.10
  318 L   -1 -3 -4 -4 -3  0 -2 -2 -4  2  4 -1 -1  0 -4 -2 -1 -3 -1  0    3   0   0   0   0   6   3   3   0  10  53   3   0   4   0   3   2   0   2   5  0.55 0.36
  319 R    0  4 -2 -1  1  0  0 -2  0 -1 -1  2 -2 -2  0 -1  0 -4 -1  0    9  31   0   2   3   2   4   2   2   4   5  12   0   2   5   2   5   0   2   7  0.31 0.25
  320 V   -1  0 -3 -4  2  0 -3 -1 -4  3  1  0  2 -3 -4 -1 -2 -4 -3  3    5   5   0   0   5   5   0   5   0  22  12   5   5   0   0   5   0   0   0  23  0.35 0.26
  321 E    0  0  0 -2  2 -1  0  0  2  0  0  0  1  1  1  0  0 -2  1  0    6   6   6   0   6   0   6   6   6   6   6   6   6   6   6   6   6   0   6   6  0.04 0.09
  322 V    1 -1 -2  0 -3  0 -1 -1  0 -1 -1 -1 -2 -1  1  1  3  1 -3  1   13   4   0   6   0   5   4   3   2   3   4   3   0   2   7  10  18   2   0  14  0.17 0.22
  323 D    0  1  0  1  3  0 -1  0  0 -1 -2  1 -2 -1  1  1  0  2  0 -1    5   8   4  10   6   4   3   8   3   3   3   8   0   3   7  10   5   3   3   3  0.10 0.13
  324 P    0  0  0  0 -3  1  0  0  1  0 -1  0  1  0  0  0  0  3 -1  0    6   6   5   6   0   5   6   6   5   6   6   6   5   5   6   6   6   5   0   6  0.06 0.09
  325 L    0  0  0  0 -3  0  0  0  0  0 -1  0  1 -1  3  0  0 -3 -2  0    8   5   4   4   0   4   6   6   2   4   5   6   6   3  16   5   7   0   0   8  0.13 0.14
  326 T    0  0  0  0 -2  1  0  0  1  0 -1  0  1  0  1  0  0 -2  1  0    6   6   5   6   0   5   6   6   5   6   6   6   5   5   6   6   6   0   5   6  0.03 0.06
  327 R    0  0  0  0  2 -1  0  0  1  0 -1  0  1  0  0  0  0 -2  1  0    6   6   5   6   5   0   6   6   5   6   6   6   5   5   6   6   6   0   5   6  0.03 0.07
  328 P    0  0  1  0  2  1  0  0 -2 -1 -1  0  1  0  1  0  0 -3 -2  0    6   6   6   6   6   6   6   6   0   0   6   6   6   6   6   6   6   0   0   6  0.06 0.09
  329 L    0  0  1  0  2 -1  0  0  2  0 -1  0 -1 -2  1  0  0 -2  1  0    6   6   6   6   6   0   6   6   6   6   6   6   0   0   6   6   6   0   6   6  0.05 0.08
  330 P    0  0 -1  0 -2  1  0  0  2  0 -1  0 -1 -2  1  0  0 -2  1  0    7   7   0   7   0   7   7   7   6   7   7   7   0   0   7   7   7   0   6   7  0.06 0.09
  331 S    0  2 -2 -1 -3  0  0  0  1 -1 -1  0  0  0  1  0  0 -3  0  0    8  16   0   4   0   5   4   8   3   4   7   4   3   3   8   7   5   0   3   7  0.08 0.11
  332 Q    0  0  1  0 -3  1  0  0  2 -2 -1  0  1 -2  1  0  0  3  1 -1    6   6   6   6   0   6   6   6   6   0   6   6   6   0   6   6   6   6   6   6  0.10 0.13
  333 N    0  3  0  0 -1  1  2 -1  1 -2 -2  1 -2 -2  0  0  1 -3 -1 -1    6  17   4   5   1   5  17   3   3   1   3  10   0   2   3   3   9   0   2   4  0.19 0.17
  334 F   -1  0 -3 -2 -3 -1 -2 -2 -1  3  1 -3  0 -1 -1 -2 -2 -3  0  3    5   7   0   2   0   2   2   2   2  24  12   0   2   2   3   3   1   0   4  28  0.32 0.25
  335 A    0  1 -1 -1 -3  0  1 -2  0 -1 -1  0 -1  1 -1  0  1  1  1  0    8  11   2   3   0   5  14   2   3   4   4   2   1   6   1   8  10   2   7   6  0.09 0.11
  336 Y   -2 -2 -3 -1 -4 -3 -2 -3  5 -2 -1 -3 -3  0 -4 -3  0  7  6 -1    2   2   0   4   0   0   3   2  17   1   7   0   0   2   0   0   7  15  33   5  0.92 0.45
  337 R   -1  2 -1 -1 -3  0  1 -3  0  0 -2  0 -2 -1 -3 -1  3  0 -2  1    4  15   1   3   0   2  12   0   2   4   3   6   0   3   0   2  29   1   0  12  0.26 0.25
  338 T    1 -1 -3 -1 -2 -3 -3 -3 -3  2  0 -3 -1  0 -2 -2  0 -3 -1  5   14   3   0   3   0   0   0   0   0  10   6   0   0   3   2   0   7   0   2  47  0.47 0.32
  339 E    1  3 -1 -1 -3  1  2  0  1 -3 -2  1 -2 -2  1  0 -1 -3 -2 -1   15  18   0   2   0   7  15   6   4   0   2  10   0   2   5   5   3   0   0   4  0.22 0.19
  340 K    0  2 -1  0 -3  0  1 -3  0 -2 -2  1 -2 -2  4  0 -1 -4 -3 -2    6  16   3   4   0   3  12   0   2   2   4   9   0   2  23   7   3   0   0   3  0.39 0.23
  341 K   -1  1  0  1 -4  0 -1  5  0 -4 -3 -1 -3 -4  0  0 -2  1 -3 -4    4   7   4   7   0   3   3  50   2   0   3   3   0   0   4   6   0   2   0   0  0.64 0.33
  342 E   -1  0 -1  4 -3  1  3 -1  2 -3 -1 -1  1 -3 -3  0  0 -3  0 -3    5   5   0  28   0   4  19   5   5   0   5   0   5   0   0   5   6   0   4   0  0.36 0.25
  343 S    0  1  1  1 -2 -1  0  0 -1 -2 -1  0  1  1  1  0  0 -2  1 -2    7   7   7   7   0   0   7   7   0   0   7   7   7   7   7   7   7   0   7   0  0.08 0.11
  344 W   -1 -4 -4 -5 -4 -1 -4 -2 -4  0  4 -1  1  2 -2 -1 -3  7 -1  0    4   0   0   0   0   3   0   3   0   5  37   4   3   8   3   4   0  17   1   7  0.72 0.40
  345 S    1  1 -1  1 -3  0  1  1  0  0 -1 -1 -1 -2 -1  1 -1  3  0 -1   11   8   1   8   0   4   9  10   2   6   6   3   1   1   2  13   3   6   3   2  0.11 0.14
  346 S    2  1  0  0 -3  0  1  0 -1 -3 -2  1 -1 -3  1  2  0 -4 -3 -1   17  10   3   6   0   3   7   7   1   0   3  11   2   0   6  16   3   0   0   4  0.19 0.18
  347 L   -2 -2 -5 -5 -4 -4 -4 -5  0  5  2 -4 -2  0 -2 -2 -3 -4  0  3    3   2   0   0   0   0   0   1   3  37  22   0   0   4   2   3   0   0   3  18  0.76 0.40
  348 S    6 -1 -4 -2 -1 -4 -2 -1 -5 -3 -5 -4 -4 -5  0  0 -1 -6 -5 -3   68   3   0   2   1   0   2   4   0   1   0   0   0   0   5   7   3   0   0   1  1.19 0.68
  349 K    1  3  1  0  0 -1  1 -1  0 -2 -1  2 -2 -3 -2  0  0  0 -1 -1   11  19   8   4   2   2   7   4   2   2   7  14   0   0   1   6   4   1   2   3  0.19 0.20
  350 R    1  4  0 -1 -2  0 -2 -2 -1 -1 -1  2  0 -3  1 -1 -2 -4 -4 -2   13  28   3   2   1   3   2   3   2   3   7  15   3   1   6   4   2   0   0   2  0.37 0.31
  351 F   -1 -2 -1 -5 -5 -1 -3 -5  5 -2  0 -4  0  4  0 -3 -2  5  5 -3    6   2   2   0   0   2   1   0  16   1  10   0   2  15   5   1   3   9  21   1  0.80 0.47
  352 D   -1  3  0  2 -5 -3 -1  4  2 -5 -3  2 -4 -2 -1 -1 -3  0 -4 -5    3  16   4  10   0   0   3  35   6   0   3  11   0   2   3   3   0   1   0   0  0.59 0.39
  353 V    0 -2 -4 -3  2 -3 -2 -1 -4  2  1 -3  2  0 -2 -2  1 -4 -3  4    9   2   0   2   4   0   3   5   0  12  10   0   6   3   2   2   9   0   0  30  0.35 0.30
  354 P    0  0 -1  2 -1 -1  0 -1 -1 -1 -3 -1 -3 -1  2  2  2  0 -2 -2    6   4   2  11   1   2   6   4   1   3   2   3   0   3  13  21  12   1   1   2  0.24 0.26
  355 V    0 -1 -1  0 -3 -1 -1 -2  0  0  0 -2  1 -1  2  0  0 -3  0  1    8   4   3   7   0   2   4   3   3   6   9   0   5   2  13   7   6   0   4  15  0.12 0.15
  356 A    2  2 -1  1  0  0  2 -1  1 -3 -2  0 -3 -4  0  1 -1  1 -1 -2   23  11   3   7   2   2  13   4   4   0   3   6   0   0   4   8   3   2   2   2  0.22 0.25
  357 K    0  0  0  2  0  1  1 -1  1 -1 -1  0 -2 -1  1 -1  0  2 -2  0    8   5   3  14   3   6  11   3   3   3   5   6   0   3   6   3   8   3   0   7  0.11 0.14
  358 L    0  0 -2 -2  2  1  0  0 -2  0  0  0  1  1  1  0  0 -2  1  0    6   6   0   0   6   6   6   6   0   6   6   6   6   6   6   6   6   0   6   6  0.05 0.10
  359 R    0  0  0  0  2  1  0  0  2  0 -1  0  1 -2  0  0  0  3 -2  0    6   6   5   6   5   5   6   6   5   6   6   6   5   0   6   6   6   5   0   6  0.07 0.11
  360 A    3  2 -2 -2 -4  0  0  0 -2 -1 -1  0 -3 -3 -2  0 -1  0 -3 -1   30  14   2   2   0   4   7   6   1   5   6   6   0   1   2   7   3   1   1   3  0.27 0.30
  361 Y    0 -1 -1 -2 -4 -1 -1 -2  1 -1  2 -3  1  1  1 -1 -2  6  2 -2    8   3   2   2   0   3   4   3   4   2  23   1   3   5   7   6   1  14   6   2  0.38 0.33
  362 N    0 -1  6 -1  0  1 -1  0  0 -1 -2 -2 -5 -3 -3 -2 -1  0 -2 -4    7   4  47   3   2   5   3   7   2   3   4   2   0   1   1   2   3   1   1   1  0.81 0.58
  363 P    0  2 -1  1 -5 -1 -2  0 -1 -2 -3  0 -4 -3  5 -1 -2  4 -2 -2    8  11   3   9   0   2   2   8   2   3   3   4   0   1  29   5   2   6   1   3  0.51 0.38
  364 E    0  2 -2 -1 -3 -1  0  1 -1  0  0  1 -1 -2  2 -1 -1 -1 -3 -1   10  16   1   4   0   2   6  11   1   5  11   8   1   1  11   3   4   1   0   3  0.15 0.18
  365 V    0  1 -1 -1 -2 -1  0 -1 -1  0  1  0  0 -2  0  0  0  1 -1  1   10   8   3   3   0   1   4   3   1   4  17   6   2   1   5   6   5   2   1  15  0.06 0.12
  366 G    1  2  0  2 -3  0  1  1  0 -2 -2  0 -1 -4  3  0 -1 -4 -3 -1   10  13   4  12   0   3   8  10   2   2   3   5   1   0  14   6   3   0   0   4  0.23 0.20
  367 D    0  2  1  1 -3  1  1  0  0 -2 -1  1 -2 -2  1  0  0  2 -2 -2    9  13   6   8   0   5   8   7   2   3   6   7   0   1   8   6   6   3   0   2  0.14 0.14
  368 E    0  2 -1  1 -3  0  1 -1  1 -2 -1  0  0 -3  2  0  0 -4 -1 -1    9  13   3  10   0   3  10   4   4   1   7   5   2   0  11   6   7   0   2   4  0.17 0.17
  369 L    0  0 -2 -1 -1 -1 -1 -1 -3  1  2 -1  1  0  0  0 -1 -3 -2  1    6   5   2   5   1   2   3   4   0   7  29   4   3   3   6   7   4   0   0  10  0.12 0.16
  370 P    0  2 -2 -1 -4  0  0 -2  0  0 -1  0 -1 -2  4 -1 -1 -4 -1 -1    9  14   2   3   0   5   5   3   2   5   6   4   1   2  23   4   4   0   2   5  0.31 0.26
  371 R    1  2 -1 -1 -3  1  0 -1 -3 -1  0  0 -2 -3  3 -1 -1  1 -3  0   13  15   2   3   0   6   6   5   0   4   9   5   0   0  16   4   4   2   0   6  0.23 0.23
  372 K    1  0 -1  0 -4  0 -1  3  0 -2 -2  0  0 -1  2 -1 -1  2 -3 -2   10   6   2   4   0   5   4  29   2   2   4   5   2   2  10   3   2   3   0   3  0.28 0.26
  373 A    1  0  0  0 -2  1  1  0  1 -1 -1  0  0 -1  1  0  0 -3  0 -1   11   5   3   5   0   7   9   8   3   3   7   5   4   3   7   6   5   0   3   5  0.06 0.07
  374 E    0  0  0  0  2  0  0  0  1  0 -1  0  1  0  1  0  0 -3 -1  0    6   6   5   6   5   5   6   6   5   6   6   6   5   5   6   6   6   0   0   6  0.03 0.07
  375 L    0  0 -1 -1 -3  0 -1 -2 -1  0  1 -1  0 -1  2 -1  0  1  0  1    9   4   3   3   0   4   4   2   2   6  19   3   3   3  11   3   6   2   3  10  0.10 0.13
  376 S    0  1  1  0  0  0  0 -1  0 -1 -1  1 -1 -1  1  0  0  1  0  0    9   7   6   3   3   4   5   4   3   4   7   8   0   3   6   9   6   3   3   7  0.04 0.06
  377 I   -1  0  0  0 -3  0  0 -1  1  0 -1  0  1  0  0  0  0  3  1  0    5   5   5   5   0   5   5   5   5   5   5   5   5   5   5   5   5   5   5   5  0.06 0.08
  378 W    0  0  0  0 -3  0  0  0  2  0 -1  0 -1  0  0  0  0  3  1  0    6   6   5   6   0   5   6   6   5   6   6   6   0   5   6   6   6   5   5   6  0.06 0.08
  379 I    1 -1 -3 -1 -2 -2 -2 -2 -2  2 -1 -2 -1  0  2  0 -1  1  0  2   14   4   1   3   1   1   3   4   1  11   5   2   2   3  12   6   4   2   4  17  0.23 0.21
  380 D    1 -1  0  3 -2  0  0 -1 -2 -2  0  0  1 -2  1  0  0  1  0 -1   11   4   4  16   1   3   7   6   1   1   8   5   3   1   7   7   7   2   3   4  0.13 0.16
  381 P    2 -1 -3  0 -2 -1 -1 -1 -2 -3 -3 -1  1 -3  5 -1 -2 -6 -2 -1   15   4   1   6   1   3   4   6   1   2   2   3   4   1  33   4   2   0   1   5  0.62 0.47
  382 K    1  0 -1  1 -3  0  1  1 -1 -1  0  1  0 -2  1  0 -1 -1 -1  0   13   6   2   7   0   4   8  10   1   4   8   8   2   1   6   5   3   1   2   8  0.05 0.09
  383 P    1  1 -4 -2 -5 -1  0 -2 -1 -1 -1 -1 -4 -2  5  0 -1  1 -2  0   13   7   0   2   0   3   6   4   2   4   7   4   0   2  26   7   4   2   1   7  0.40 0.34
  384 L    1  0 -2 -1 -1 -2 -1  0  2  1  1 -1 -1 -1  1  0  0 -4  0  1   12   5   2   3   1   2   5   7   5   7  11   4   1   3   7   7   5   0   3  10  0.07 0.07
  385 Q    2  1 -2  2 -1  2  1 -1  0 -2 -3  0 -2 -1  1 -1  0  1 -2  0   15   6   2  10   1   9   8   5   3   2   3   5   1   3   8   5   5   2   2   6  0.16 0.17
  386 R    2  3 -2 -1 -1  0  0 -2  0 -2  0 -2 -1 -2  2  0 -1  2 -1  0   17  13   2   3   2   5   5   3   2   2  10   3   2   2   9   7   4   3   2   6  0.19 0.19
  387 K    0  1  0  1 -3  0  0  0  0 -1 -1  0  0  0  1  0  0  2 -2  0    7  10   3   7   0   5   7   7   3   4   5   7   2   5   7   6   6   3   0   7  0.06 0.09
  388 A    2  0 -1 -1 -5  0  0  0  1 -1 -1 -1  1 -1  2 -1  0  3  0 -1   15   4   3   3   0   4   6   8   3   3   6   4   3   3  11   3   6   4   3   4  0.10 0.15
  389 N   -1  0  0  0  2  0  0 -1  2  0 -1  0  2  1  0 -1  0  4  1 -1    5   5   5   5   5   5   5   5   5   5   5   5   5   5   5   5   5   5   5   5  0.09 0.08
  390 A    2  1 -1 -1  0 -1 -1  1 -1 -1 -2 -1 -1  0  2 -1 -1  4 -2 -1   17   7   3   4   2   3   5   9   2   3   4   4   2   5   9   5   5   5   1   5  0.14 0.14
  391 Q    0  2 -1  0  1  2  1 -1  0 -1 -1  0  0 -4  2  0 -1  1 -4 -1    9  14   2   5   3   9   8   5   3   5   5   4   2   0  11   6   3   2   0   4  0.18 0.20
  392 I    0  1 -1 -1  1 -1 -1 -2  0  0  1  0  0  0  1 -1 -1  3  0  1    7   8   3   4   3   3   4   3   3   5  12   5   3   4   8   5   5   4   3   9  0.07 0.07
  393 P    0  0  0  0  2  0  0 -1  1  0 -1  0  1  0  0  0  0 -2  1  0    5   5   5   5   5   5   5   5   5   5   5   5   5   5   5   5   5   0   5   5  0.03 0.05
  394 T    1  0 -1  0 -1  0  0 -1 -1 -1 -1  0  0 -1  2  0  2  2 -3  0   15   6   2   5   1   3   5   4   1   3   7   5   2   3  10   6  12   3   0   6  0.10 0.14
  395 F    1  1 -1  0 -3 -1  0 -1  1  0  0 -1  0  1  2  0  0 -3  0 -1   12   7   2   5   0   2   6   5   4   5   9   3   2   8  10   5   4   0   4   5  0.07 0.09
  396 E    0  1  0  0  0  0  2  0  0 -1 -1  1  0 -1  2  0 -1  1 -1 -1    7   9   3   5   2   3  14   7   3   3   6   7   2   2   9   5   3   2   2   5  0.09 0.10
  397 V    1  0 -1  0  1  0  0 -1 -3  0 -1  0  0  0  2  1  0  2 -2  0   10   5   3   5   3   3   5   5   0   6   5   5   3   4  12  11   6   3   0   7  0.09 0.12
  398 R    0  0  0  0  2  0  0 -1  1  0 -1  0 -2  0  0  0  0  3  1 -1    5   5   5   5   5   5   5   5   5   5   5   5   0   5   5   5   5   5   5   5  0.06 0.08
  399 E    0  0  0  1 -3  1  1  0  1 -2 -1  0  0 -1  2  1  0  1  0 -1    8   5   3   7   0   5   8   9   4   2   6   6   2   2  10  10   4   2   3   3  0.10 0.11
  400 D    0  1  0  0 -3  0 -1  0  0  0 -1  0 -2 -1  3 -1  0  2  0 -1    7   8   3   6   0   3   3   7   3   5   7   7   0   3  15   4   5   4   4   5  0.13 0.13
  401 A    0  0  0  0  2 -1  0  0  1  0 -1  0 -1  0  1  0  0  3 -1  0    6   6   6   6   6   0   6   6   6   6   6   6   0   6   6   6   6   6   0   6  0.06 0.10
  402 V   -1  2 -1  0 -3  1  0  0  1  0  0 -1  1 -1 -1 -1  0  1 -1  1    5  12   2   5   0   8   4   7   4   5   8   3   3   3   3   4   6   2   2  13  0.07 0.11
  403 S    1  0 -6 -1 -7  0  1  0 -7 -7 -2 -1 -7 -7 -1  5 -1 -7 -7  0   13   4   0   4   0   4   7   6   0   0   5   5   0   0   4  35   4   0   0   6  0.64 0.40
  404 V   -1  0  0  0  2  0  0 -1  2  0 -1  0  2  1  0 -1  0  4  1 -1    5   5   5   5   5   5   5   5   5   5   5   5   5   5   5   5   5   5   5   5  0.09 0.08
  405 G   -1  0  0  0 -7 -7 -1  6 -7 -7 -2 -7 -7  0  0 -1 -1  4 -7 -7    5   5   4   5   0   0   4  48   0   0   4   0   0   4   4   4   4   5   0   0  1.07 0.52
  406 S   -1  3  0  2  1 -1 -1 -2  0 -2 -2  0  3  1  0  0 -2  2  2 -2    6  14   4  10   2   3   5   4   3   3   4   5   6   5   5   6   3   2   8   3  0.21 0.15
  407 P    0 -2 -3 -3  3  0 -3 -2 -1 -2 -5 -2 -1 -2  5 -2  1 -5  3  0    8   3   1   2   6   4   2   3   2   2   1   3   1   2  34   3   9   0  10   6  0.72 0.43
  408 N    1  0  3  0 -3  0  0  0  2 -2 -2 -1 -1  0  1  1  0  1  0 -2   11   4  14   6   0   4   5   7   5   2   4   2   1   4   6  13   6   2   3   2  0.14 0.14
  409 N    1  3  1  2 -1  0  0  0  1 -4 -3  1 -3 -1 -2  0 -1  1 -1 -2   13  16   5  13   1   3   5   8   3   0   2   8   0   2   2   8   3   2   1   4  0.21 0.17
  410 G    1 -3 -2 -3 -3 -3 -3  5 -3 -3 -2 -3 -3 -4  0  0  0 -4 -4  0   14   0   0   0   0   0   1  51   0   0   5   1   0   0   5   7   5   0   0   9  0.74 0.35
  411 S    0  2 -1 -1  5 -1 -1 -2  0 -1 -2 -1 -1 -1  1  1 -1  3  1 -1    8  16   2   2  14   2   4   2   3   2   2   3   2   2   6  12   2   4   7   4  0.21 0.18
  412 I    0  1 -2 -2 -2  1 -1 -2 -2  1  0  1  2  1  1 -1  1 -2 -1  1    9   9   0   0   0   9   1   1   0   9   9   9   9   9   9   1   9   0   0   9  0.10 0.10
  413 E    0  1 -1  1 -3  0  0 -1  1  1  0  0  0 -1 -1  0  0  0 -1  1   10   8   2   7   0   4   7   3   4   8  11   5   1   2   1   5   4   1   2  14  0.04 0.08
  414 N   -1  0  3  0  0  0 -1  3  2 -4 -4 -1 -1 -1 -3  1 -1  1  1 -2    3   5  15   5   2   3   3  28   5   0   1   2   2   3   0   9   2   2   6   3  0.35 0.25
  415 A    2 -3 -3  0 -3 -3  0  3 -3 -3 -1 -3  2 -4  2  0 -3  4 -3 -3   22   0   0   5   0   0   6  25   0   0   8   0   5   0  13   8   0   5   0   0  0.48 0.30
  416 I    0  0  0  0  2  1  0 -2  2  0  0  0  1  1 -2  0  0 -2  1  0    6   6   6   6   6   6   6   0   6   6   6   6   6   6   0   6   6   0   6   6  0.06 0.10
  417 Q    1  3 -1 -3 -2  4  0 -3  0 -5 -2  0 -1 -3  3  0 -1 -1 -2 -2   11  15   3   1   1  19   6   1   2   0   4   6   1   1  16   6   3   1   1   2  0.45 0.37
  418 F   -5 -6 -6 -6 -5 -5 -6 -6 -6  2  5 -6  4  3 -6 -2 -5 -5 -4  1    0   0   0   0   0   0   0   0   0  10  55   0  11  11   0   3   0   0   0   8  1.24 0.60
  419 P   -1 -1 -3  0 -6 -1  0 -3 -1 -3 -2 -2 -2 -6  7 -3 -1 -6 -6 -2    5   3   1   5   0   2   5   2   1   1   5   2   1   0  56   2   3   0   0   3  1.31 0.67
  420 R    0  0 -1  2 -4  0  2 -1  0 -2 -1  0 -1 -2  2  0  0 -1 -1 -2    9   5   2  11   0   4  16   4   2   2   8   4   1   1  11   6   7   1   2   3  0.17 0.17
  421 N   -1  0  1  1  0  1  0  2  2 -2 -2  0 -1 -1  0  1  0 -4 -1 -2    4   5   7   9   2   5   5  15   6   2   3   5   2   2   4  13   6   0   2   3  0.14 0.16
  422 D   -1 -1 -1  1 -4 -1  1  3  1 -2 -2 -1 -1  0  3  0 -1 -4 -4 -2    5   3   3  10   0   2   8  24   4   2   3   3   2   4  14   8   3   0   0   2  0.31 0.28
  423 D    0  0  0  0  2  0  0  0  1  0 -1  0 -1  0  1  0  0 -2  1  0    6   6   5   6   5   5   6   6   5   6   6   6   0   5   6   6   6   0   5   6  0.03 0.06
  424 L   -1  0 -2  0 -1 -2 -2  3  2 -1  1 -2 -2  0 -3 -2 -1  4  1 -1    5   5   1   5   1   2   2  27   5   4  15   1   1   3   1   3   3   5   6   4  0.29 0.22
  425 Y   -3  0 -3 -4 -6 -4 -3 -5  3 -3 -2 -5 -2  4 -4 -3 -3  7  7 -1    2   6   1   1   0   1   2   1   7   2   4   1   1  14   1   2   1  13  35   5  1.32 0.69
  426 K   -2  3 -3 -1 -2  3  0 -3  0  1  1  0 -1 -1 -2 -2  0 -2 -2  2    2  15   1   3   1  12   5   1   3  10  11   6   1   3   1   2   7   1   1  14  0.22 0.22
  427 R   -1  4 -5 -5 -2 -1 -4 -4 -1  2  2  0 -1 -2 -3 -3 -2 -2 -3  3    4  24   0   0   1   3   0   1   2  11  16   5   1   1   1   2   3   1   1  23  0.58 0.40
  428 R   -1  5 -1 -2 -5 -2 -3 -4 -3 -2  0  0  4 -4 -1 -1 -2  0 -3  1    4  37   3   2   0   2   2   1   1   2  10   5   9   1   3   5   2   1   1   9  0.64 0.44
  429 Y    0  3  2  1  1  0  0 -1  2 -2 -3  0 -2 -1 -1  1  0 -1  0 -3    6  18  10   9   3   3   6   3   6   2   2   4   1   2   2  11   5   1   3   1  0.23 0.22
  430 P   -2  5 -2 -2 -7 -2 -1 -1 -6 -7 -6 -3 -3 -7  6 -2 -1 -7 -7 -3    4  31   2   2   0   2   3   5   0   0   1   1   1   0  38   3   4   0   0   2  1.27 0.74
  431 N    0  2  3  3 -5  0  1  1  2 -5 -6  0 -3 -3 -2  0 -2  2 -2 -4    7  10  15  17   0   3   9  12   5   1   0   5   1   1   2   7   2   3   1   1  0.43 0.33
  432 I   -1  6  1 -3 -3 -1 -1 -4  3 -1 -1  0 -3 -4 -6 -1 -1 -1  0 -3    5  39   6   1   1   3   4   1   8   4   6   5   0   1   0   5   4   1   3   2  0.69 0.47
  433 M    3  2  2 -3 -2 -2 -3 -2  3 -3 -1 -1  0  0 -3  1  0 -1  1 -2   25  14   9   1   1   1   1   2   8   1   5   2   2   3   1   9   7   1   5   2  0.35 0.32
  434 W   -6  0 -8 -9 -2 -7 -5 -8  1 -3 -5 -8 -7  4 -9 -8 -8 10  7 -5    1   5   0   0   1   0   1   0   3   1   1   0   0  15   0   0   0  36  34   1  2.61 1.17
  435 C    3 -6 -5 -2  0 -5 -5  6 -5 -3 -6 -5 -6 -1 -6 -2 -1 -6  1 -3   20   0   0   2   2   0   0  58   0   2   0   0   0   2   0   2   5   0   5   2  1.29 0.68
  436 G   -1 -2  0 -4 -2 -2 -3 -1  4 -3 -3 -3 -2  1 -5  0  6 -1  0 -2    5   2   4   0   1   1   1   4  12   1   2   1   1   5   0   7  47   1   3   2  0.84 0.56
  437 G   -1  1  1  1 -4 -1  0  1 -1 -3 -3 -2 -4 -2  4  0  0 -1 -2 -2    5   7   6   9   0   3   5  12   1   1   2   1   0   1  25   8   6   1   1   4  0.41 0.30
  438 H   -1  0 -1  0 -5  1  4 -3  6 -3 -1 -2 -2 -1 -3 -1 -1 -1  0 -1    5   5   2   6   0   5  27   1  23   2   5   2   1   2   1   3   3   1   2   4  0.61 0.43
  439 M   -1 -3 -3 -5 -4 -4 -3 -2 -5 -1  3 -4  4 -2  2 -2  4 -5 -4  0    4   1   1   0   0   0   2   3   0   2  27   0  12   2   9   2  26   0   0   6  0.61 0.47
  440 A    0 -3 -3 -3 -1 -3 -5 -2 -2  4  0 -3 -1 -2 -5 -2 -2 -5 -1  5    9   1   1   2   1   1   0   3   1  26   8   1   1   1   0   3   1   0   2  37  0.71 0.44
  441 K    1  2  0  1 -3  0  1  0  0 -2 -1  0  0 -2 -3  1  0 -4 -2 -1   12  15   4  10   0   4   9   6   2   1   8   5   2   1   0   9   6   0   1   3  0.15 0.16
  442 H    1 -2 -2 -4 -2 -1 -1 -1  1  1  2 -2  1  3 -5 -2 -1  1  3 -1   16   2   2   0   1   3   3   4   4   7  19   2   4  13   0   2   5   2   9   3  0.26 0.23
  443 L   -2 -6 -7 -7 -5 -2 -7 -8 -7  4  4 -3  1 -2 -7 -6 -1 -6 -5  2    3   0   0   0   0   2   0   0   0  25  45   2   3   1   0   0   4   0   0  15  1.17 0.61
  444 Q   -1  1 -2 -1 -2  2  2 -3  0  0  0  1  1  0 -4 -1  0 -4  0  1    5   7   1   3   1  11  16   1   2   7   9   8   4   4   0   3   7   0   3   9  0.17 0.19
  445 W    0  4  0  2 -3  1  1 -2  1 -2 -2  0 -2 -3 -4 -2 -1  2 -1 -1   10  25   4  12   1   6   9   3   3   2   3   5   1   1   0   2   4   3   2   5  0.35 0.29
  446 A    4 -3 -3 -4  1 -1 -3 -2 -5 -1  1 -3  0 -1 -4  0  0 -5 -3  1   42   1   1   1   3   2   2   3   0   2  14   1   2   3   0   5   7   0   1  10  0.57 0.40
  447 I    3 -3 -4 -1 -1 -4 -4  1 -5  2  1 -4  1  1 -2  0 -2 -5 -2  1   27   1   0   4   1   0   0  13   0  13  12   0   3   6   1   7   2   0   1   9  0.36 0.30
  448 A    3  2 -1  0 -1 -1  1  0  0 -1 -1  0 -2 -2 -2  0 -1 -2 -2 -1   24  12   2   7   1   2   8   6   3   3   8   6   1   1   1   6   4   1   1   4  0.16 0.18
  449 S    2  3 -1  1 -2  1  2 -1  0 -3 -3  1 -2 -2 -2  0 -1 -2 -1 -2   20  14   2   6   1   7  13   4   2   1   1   9   1   1   1   6   4   1   2   2  0.27 0.25
  450 F    0 -2 -4 -6 -5 -3 -4 -6 -1  0  0 -2  2  3 -5 -2 -1  3  3  4    7   3   1   0   0   1   1   0   2   3   9   2   5  12   0   3   4   3   9  34  0.61 0.40
  451 R    2  3 -1  0 -5  2 -1 -2  3 -4 -3  1 -1 -2 -2  0 -2  1 -1 -2   19  18   3   6   0   8   3   3   7   0   2   9   2   2   2   7   2   2   1   3  0.32 0.28
  452 Y    2  4 -1  0 -5  1  1 -1  0 -3 -3  2 -2 -4 -4 -1 -2 -1 -3 -2   19  22   3   6   0   6  10   4   2   1   3  12   1   1   0   4   2   1   1   3  0.42 0.34
  453 N    0  0  0  0  2  0  0 -1  1  0 -1  0  1  0  0  0  0 -2  1  0    5   5   5   5   5   5   5   5   5   5   5   5   5   5   5   5   5   0   5   5  0.03 0.05
  454 Y   -2 -1 -2  0 -4 -1 -2 -1  5 -1 -1 -1  0  4 -4  0  0  1  4 -2    4   4   2   5   0   2   2   4  13   3   7   3   2  15   1   6   7   2  15   3  0.43 0.29
  455 E   -2  0 -2  0 -5 -3 -2  2 -2 -2 -3 -1 -5 -3  6 -2 -2  0 -5 -4    4   6   2   5   0   1   3  17   1   2   3   4   0   2  41   3   2   1   0   1  0.94 0.54
  456 F   -1 -2  0  2 -5  0  0  4 -1 -4 -2  0 -2  0  0 -1 -2  4  2 -2    4   2   5  11   0   3   5  28   1   1   3   5   1   3   4   4   2   6   6   3  0.38 0.29
  457 E    2  0  0 -1 -2  0 -1  2 -1 -1 -1 -1 -1 -3  0  1  1  2 -2 -1   19   5   3   3   1   3   3  14   1   4   7   3   1   1   5  11  10   3   1   3  0.15 0.18
  458 G    0  0 -1  0  1 -1 -1  3  2 -3 -3 -2 -1 -3  4 -1 -2 -4 -2 -1    6   4   3   5   3   3   3  23   6   1   2   3   1   1  22   4   3   0   2   6  0.46 0.31
  459 E   -1  2 -2  1 -4  0  1 -1 -1 -2 -2  1 -1 -4  4 -2  0 -5 -4  0    4  11   2   9   0   5   8   4   1   2   4  10   2   0  19   3   7   0   0   9  0.34 0.27
  460 I   -3 -7 -7 -4 -6 -6 -7 -4 -7  3  5 -7  2 -2 -3 -6 -3 -6 -6  3    2   0   0   1   0   0   0   1   0  16  51   0   4   2   1   0   1   0   0  18  1.24 0.66
  461 V   -1  0  0  0  2  0  0 -1  2  0 -1  0  2  1  0 -1  0  4  1 -1    5   5   5   5   5   5   5   5   5   5   5   5   5   5   5   5   5   5   5   5  0.09 0.08
  462 V   -2 -6 -6 -6 -4 -6 -6 -1 -6  5  1 -6  1  0 -6 -5 -2 -6 -4  5    2   0   0   0   0   0   0   6   0  29  11   0   3   3   0   0   2   0   0  45  1.13 0.47
  463 A   -1 -3  1 -3 -6 -5 -4  7  1 -7 -4 -3 -2 -6 -6 -2 -4  0 -3 -6    5   2   5   1   0   0   1  73   3   0   2   1   1   0   0   2   1   1   1   0  1.60 0.61
  464 D   -2  1  2  7 -1 -1 -1 -3  2 -6 -7 -4 -6 -7 -5 -1 -3 -7 -6 -3    3   8  10  60   1   2   3   2   4   0   0   0   0   0   0   3   1   0   0   2  1.42 0.58
  465 M   -2 -5 -6 -6 -1 -5 -6 -4 -6  5  3 -5  4  2  0 -3 -2 -5 -4  0    2   0   0   0   1   0   0   2   0  31  31   0  12   8   6   1   2   0   0   3  0.88 0.40
  466 S    2 -6 -5 -6 -6 -6 -6  1 -6 -7 -2 -6 -6 -7 -6  6  1 -8 -7 -6   13   0   0   0   0   0   0  11   0   0   5   0   0   0   0  63   7   0   0   0  1.55 0.78
  467 K    1  3 -1  0 -1  3 -2  0  0 -2 -1  1  2 -1 -1 -1 -1 -5 -1 -2   12  18   2   5   1  14   2   8   3   3   5   7   6   3   2   3   3   0   2   2  0.25 0.22
  468 K    0  3 -2 -1 -1  1  1 -3  0 -3 -1  2 -1 -5  4 -1 -2 -6 -2 -3    7  19   2   3   2   7  11   2   2   2   7  10   2   0  18   3   2   0   1   2  0.43 0.29
  469 K   -1  4  1  1 -1 -1  0  2  3 -3 -4  0 -1 -2 -5 -1 -1  0 -1 -3    4  25   6   7   1   2   6  18   7   2   2   6   1   2   0   4   3   1   2   1  0.40 0.27
  470 G   -5 -8 -6 -7 -8 -7 -8  7 -8 -8  0 -7 -7 -8 -8 -6 -7 -8 -8 -8    0   0   0   0   0   0   0  92   0   0   8   0   0   0   0   0   0   0   0   0  2.67 0.73
  471 G   -5  1 -6 -1 -8 -7 -7  7 -7 -9 -9 -6 -8 -8 -7 -5 -1 -8 -8 -8    0   6   0   4   0   0   0  85   0   0   0   0   0   0   0   0   4   0   0   0  2.37 0.67
  472 H    0  4 -2  0 -3  0 -1 -3  0 -4 -3  1 -3 -2  5 -2 -3  0  0 -3    7  21   2   6   1   4   3   1   3   0   2   8   0   2  31   3   1   1   4   2  0.69 0.31
  473 F   -2 -4 -5 -5 -4 -5 -6 -5 -2  4  4 -4  3  3 -6 -3 -3 -5 -1  1    4   1   0   0   0   0   0   1   1  20  39   1   8  11   0   2   1   0   2   9  0.83 0.32
  474 P   -1  3 -1 -1 -3 -2 -2  1 -1 -3 -4  1 -2 -3  4  1  1 -2 -2 -3    5  16   2   3   0   1   2  11   2   1   1   9   1   1  23  11   7   1   2   1  0.46 0.23
  475 P   -1  1 -2  0 -6 -3 -2  4  1 -6 -4 -2 -3 -4  5 -2 -3  4 -1 -5    6   8   1   6   0   1   2  28   4   0   1   1   1   1  30   2   1   5   2   0  0.87 0.35
  476 H   -1 -3 -3 -7 -8 -5 -6 -7 11 -9 -8 -6 -7 -7 -8  1 -7 -8 -4 -8    5   1   1   0   0   0   0   0  83   0   0   0   0   0   0   9   0   0   0   0  3.44 0.92
  477 K    2  4 -1 -3 -5 -1 -2 -1  1 -2  0  3 -2 -3 -4 -1 -2 -5 -3  0   15  26   3   1   0   1   1   4   3   1  11  17   1   1   0   5   1   0   0   8  0.43 0.24
  478 S   -3 -6 -5 -6 -6 -5 -5 -4 -6 -8 -8 -5 -7 -7 -6  7 -1 -8 -2 -7    1   0   0   0   0   0   0   1   0   0   0   0   0   0   0  92   4   0   2   0  2.41 0.80
  479 H   -7 -6 -5 -7 -9 -5 -6 -8 11 -9 -9 -7 -7 -7 -8 -1 -7 -8 -4 -9    0   0   0   0   0   0   0   0  95   0   0   0   0   0   0   5   0   0   0   0  4.20 1.06
  480 Q   -5  4  1 -4 -4  8 -1 -7 -2 -8 -7 -2 -3 -2 -6 -5 -4 -7 -6 -7    1  20   7   1   1  62   4   0   1   0   0   1   1   2   0   0   1   0   0   0  1.96 0.67
  481 S    0 -2  4 -1 -2 -3 -1 -2 -2 -1 -1 -3 -2 -5 -4  4  2 -6 -4 -2    8   2  20   2   1   0   4   2   1   4   6   1   1   0   0  34  10   0   0   3  0.58 0.31
  482 G   -5 -8 -6 -7 -8 -7 -7  8 -7 -9 -9 -7 -8 -8 -7 -6 -7 -8 -8 -9    0   0   0   0   0   0   0 100   0   0   0   0   0   0   0   0   0   0   0   0  3.01 0.83
  483 R   -6  7 -3 -4 -7 -2 -5 -7 -5 -2  3 -3 -2 -6 -7 -5  0 -7 -6 -3    0  63   1   1   0   2   0   0   0   2  23   0   1   0   0   0   5   0   0   2  1.69 0.58
  484 D   -1 -1  0  3 -3  0  2  2  0 -3 -3 -1 -2 -1 -2  1 -1 -1  3 -3    0   0   0  20   0   0  20  20   0   0   0   0   0   0   0  20   0   0  20   0  0.31 0.05
  485 V    2 -3 -3 -3  0  0  0 -2 -3  1 -1 -3  0 -1 -3 -1 -1 -4 -3  4   20   0   0   0   2   5   6   2   0   6   2   0   2   2   0   2   2   0   0  51  0.44 0.22
  486 D   -4 -4 -1  8 -6 -3 -1 -4 -4 -6 -6 -3 -5 -6  2 -3 -3 -7 -6 -6    0   0   0  89   0   0   0   0   0   0   0   0   0   0  11   0   0   0   0   0  1.98 0.49
  487 I   -1 -3 -4 -4 -2 -3 -3 -4 -4  4  2 -3  1  0 -3 -3  0 -3 -2  4    3   0   0   0   0   0   0   0   0  27  20   0   3   3   0   0   4   0   0  37  0.55 0.19
  488 W    2  0 -1 -2 -1 -1 -2  2 -2 -1 -1 -1 -1 -1 -1  1 -1  5  0 -1   22   7   2   0   1   3   0  21   0   2   6   2   1   2   2   9   2  11   2   4  0.24 0.11
  489 L   -3 -3 -3 -4 -3 -3 -3 -4 -2  0  2 -3  1  5 -4 -2  1  2  5 -1    1   0   0   0   0   0   0   1   0   3  19   0   4  30   0   1  11   2  24   3  0.65 0.22
  490 P   -3 -2 -3 -3  2 -1 -3 -3 -1 -1 -1 -3 -2  2  3 -2  2  0  6 -1    1   2   1   1   4   2   1   1   1   3   6   1   1   8  17   1  12   1  28   4  0.61 0.29
  491 T    0  1  1 -2 -1  0  0 -1  0 -1  1 -1  1  0 -1 -1  0  1  2  0    9   8  10   1   1   5   5   4   3   2  17   2   5   3   3   2   4   2   7   5  0.06 0.08
  492 L   -1  2 -2 -1 -3 -1  0 -2 -1  0  2  1  1 -2  1 -1  1  2 -1  0    5  13   2   3   0   2   5   2   2   4  22   8   4   1   7   3   8   3   2   5  0.13 0.11
  493 K   -2  1  1  4 -4  0  0  0  0 -3 -3  1 -2 -4  4 -1  0 -1 -4 -3    3   8   5  22   0   4   7   7   2   1   2   7   1   0  18   3   6   1   0   2  0.43 0.22
  494 G    0  0 -2  1 -1 -1  0  3  0 -4 -3  0 -1 -3  2  0 -1 -3 -2 -2    9   6   2   7   2   3   6  25   3   1   2   7   2   1   9   8   4   0   1   3  0.30 0.20
  495 V    1  2 -1  0 -2 -1  0 -1 -1 -1 -2 -1 -1  2  1 -1 -1  1  0  1   13  14   2   4   1   3   6   4   2   3   3   3   1   9   7   4   3   2   3  12  0.14 0.13
  496 Y    0  1 -2  0 -2  0  0  1  0 -1  0  0 -1  1  2 -2 -1  2  2 -1    6   9   1   5   1   3   6  11   2   3  11   5   1   5  10   3   4   2   9   3  0.12 0.12
  497 K    0  3 -1 -1 -4  1  1 -1  0 -2 -1  2 -2 -2  0  0 -1  0 -1 -2   10  17   3   3   0   7   7   4   2   2   7  11   1   2   6   8   4   1   2   3  0.18 0.16
  498 K    0  2 -2  2 -5 -1  1  0 -2 -2 -2  0 -1 -1  3  0 -1  2 -1 -2    8  13   2  10   0   3   7   7   1   3   3   6   1   3  14   8   4   3   2   3  0.23 0.19
  499 N    0  0  2  1 -2  0  1  0 -1 -2 -2  0 -1  0  2  0  0 -1  0 -1    8   6  10   9   1   4   8   7   1   2   3   5   1   4  10   5   6   1   3   4  0.13 0.12
  500 Q    0  2  0  1 -3  0  2  0  0 -3 -2  1 -2 -3  1  0  0 -1  0  0    8  10   4   7   1   4  14   6   2   1   5   7   1   1   7   8   4   1   4   6  0.13 0.13
  501 L    0  1 -1 -1  0  0  0 -1 -1 -1  1 -1  1  1  1  0  0  1  0  0    9   9   2   3   3   3   8   6   1   3  14   3   4   5   7   5   5   2   3   6  0.04 0.06
  502 N    0  2  2  0 -4  0  1  0  1 -3  0 -1 -1 -1  1  0  0 -2 -2 -1    8  10  10   5   0   4   8   9   4   1   9   3   1   2   7   7   5   1   1   5  0.11 0.12
  503 D    0  0  0  2 -1 -1  0  1 -1 -1 -2 -1 -1 -1  1  0  1  2 -1 -1    8   6   5  14   1   2   7  11   1   3   4   4   2   3   7   6   8   3   2   4  0.12 0.11
  504 R   -1  3 -1 -1 -3 -1  0  1  0 -1 -1  0 -1 -1  1  0  0  2 -2  1    4  18   3   4   1   2   7   9   2   3   7   4   2   2   6   6   6   3   1  10  0.14 0.14
  505 D   -1  1 -1  1 -3 -1 -1 -1  0 -2 -1 -1  0  3  0  0  1  2  0  0    4   8   3   9   1   3   5   5   2   2   7   4   2  14   4   8   8   3   3   7  0.12 0.12
  506 Y    0  0 -1 -1  0 -1  0 -1  0  0  0 -1  1  2 -1  0  0 -1  0  1    9   6   3   3   2   2   6   5   3   4   7   3   4  12   3   6   5   1   3  13  0.06 0.08
  507 R    0  4  0  1 -3 -2 -1  0  0 -1 -1  1  0 -3  0 -1 -1 -3 -2  0    8  22   4   7   1   1   3   7   2   4   5  10   2   1   5   5   3   0   1   7  0.23 0.19
  508 P    2 -1 -1  0 -3 -3 -1  0 -2 -2 -2 -1  2 -1  4 -1  0 -3 -3  0   17   4   2   6   1   1   3   8   1   2   4   3   5   2  20   5   6   0   1   7  0.32 0.25
  509 Q    0  2  1  1 -3  0  0  0 -1 -2  0 -1  1 -1 -1  0  2 -4 -2 -1    6  10   6   9   0   4   5   8   2   1   9   3   3   2   3   8  13   0   1   5  0.11 0.13
  510 S    1  0 -1  1 -3 -2  0  0 -2 -2 -2  1 -1 -2  3  1  1 -3 -3 -1   14   5   3   9   0   1   5   9   1   2   4   8   2   2  15   8   8   0   1   4  0.21 0.19
  511 E    0  1  0  3 -3 -1  0  0  0 -2  0  1 -1 -1 -2  0 -1 -2  0  0    8   9   5  15   0   3   7   6   2   2  10   7   1   2   2   8   2   1   3   8  0.10 0.11
  512 E   -1  3  4  1 -2  0  2 -3  0 -4 -4  0 -4 -6 -2 -2  1  1 -1 -1    5  17  20   8   1   4  12   2   2   1   2   4   0   0   2   3   9   2   2   4  0.49 0.35
  513 A    0 -1 -5 -3 -6 -4 -5 -5 -4  2  3 -2  1  5 -5 -4 -4 -2 -2  2    9   4   0   2   0   1   1   1   0   9  26   3   3  23   1   1   1   0   1  13  0.71 0.40
  514 D   -5 -6  2  8 -9 -3 -4 -6 -1 -4 -6 -4 -4 -2 -8 -2 -4 -3 -3 -4    1   1   9  71   0   1   1   1   2   1   1   1   0   2   0   3   1   0   1   2  2.14 1.01
  515 W    1 -1 -6  1 -4 -5 -4 -6 -7 -2  1 -5 -3 -1 -1 -5  0  8 -2  3   13   4   0   7   0   0   2   1   0   2  12   1   1   2   4   1   6  22   1  22  0.98 0.55
  516 F    3  1 -2  0 -6 -2  3 -3 -4 -5 -4 -1 -4 -5  3 -1  1 -1 -3 -2   24   7   2   5   0   2  19   2   0   1   2   4   0   0  16   4   9   1   1   3  0.56 0.43
  517 A    2  5 -1 -1 -2 -1 -2 -3  0 -2 -1  2 -1 -2 -1 -1 -2 -5 -2 -2   17  32   3   3   1   2   2   1   2   2   7  13   2   1   3   3   2   0   1   2  0.49 0.36
  518 L   -1 -1  4 -2 -4  2 -2 -4  1  0 -1 -2  0 -2 -3 -1  4  1 -2  0    4   3  18   1   0  11   2   0   3   6   7   1   2   1   1   4  24   2   1   7  0.41 0.35
  519 Y   -3 -1 -1 -4 -6 -2 -3 -6  4 -3 -2 -3 -1  1 -4 -4 -3 11  1 -2    3   3   3   1   0   2   2   0   8   1   5   1   1   4   1   1   2  51   5   4  2.10 0.90
  520 G    2  2 -1  1  0  1  1 -1  0 -2 -1  1 -2 -1 -3  0  1  1 -2 -2   22  10   2   7   2   5   8   3   2   2   5   8   1   2   0   7   9   3   1   2  0.17 0.19
  521 F   -1 -5 -2 -6 -4 -2 -3 -6 -5  1  5 -3  2  3 -5 -5 -4 -4 -1  1    6   0   2   0   0   2   2   0   0   5  54   2   4  11   0   0   0   0   1   9  0.91 0.50
  522 L   -2 -5 -5 -5 -4 -5 -5 -5 -5  5  3 -5  3  0 -5 -3 -1  0 -1  3    3   0   0   0   0   0   0   0   0  29  26   0   7   4   0   2   4   2   2  21  0.85 0.44
  523 Q   -2  4 -1  0 -5  2  2 -3  1 -5 -1  4 -1 -5 -4 -1 -2 -1 -2 -2    3  23   2   4   0   8  14   1   4   0   7  22   1   0   0   5   2   1   1   3  0.54 0.38
  524 A    4  1 -2 -2  1 -1 -1 -2  0 -2  0 -1 -1 -1 -4  1  1 -5 -2 -2   35   9   2   2   2   2   3   2   3   1   9   3   2   2   0  11   9   0   1   2  0.32 0.29
  525 L    2 -3 -6 -7 -5 -3 -6 -6 -6 -1  4 -5  2  4 -6 -3 -3  3 -2 -1   19   1   0   0   0   1   0   0   0   3  44   0   4  19   0   1   1   3   0   3  0.94 0.52
  526 H    3 -2 -4 -3 -2 -2 -3 -4  1  2  3 -3  0 -2 -5 -2 -2 -2 -1  2   23   2   0   1   1   2   1   1   4  11  28   1   2   1   0   2   2   1   2  17  0.45 0.32
  527 E    1  1  0  2 -4  1  2 -1 -2 -3 -3  0 -2 -5 -3  1  1 -2 -4 -1   12   9   3  11   0   7  17   4   0   1   3   6   0   0   1  11  11   1   0   3  0.30 0.26
  528 T   -1 -1  1  4 -3  1  0 -1  0 -3 -3 -1 -2 -3 -2  2  3 -5 -1 -3    4   3   6  21   0   6   4   4   2   1   2   3   1   1   2  15  21   0   2   1  0.42 0.33
  529 G   -1 -1 -1  2 -3 -1 -2  4 -1 -5 -6 -2 -4 -6  4 -1  0 -4 -5 -3    6   3   3  10   1   3   2  33   2   0   0   3   0   0  23   3   6   0   0   2  0.74 0.43
  530 E    0  3  0  2 -3  2  3  0 -1 -5 -3  1 -2 -5 -1 -1 -2 -5 -2 -4   10  18   4  12   0  10  18   7   2   0   3   7   1   0   3   3   1   0   1   1  0.42 0.31
  531 V   -2 -6 -6 -3 -5 -6 -6 -7 -7  2  0 -6 -1 -5 -3 -5 -1 -7 -5  7    4   0   0   2   0   0   0   0   0   9   7   0   1   0   1   0   4   0   0  72  1.62 0.73
  532 H    0 -1 -1  2 -6  5  3 -4  0 -4 -4  0 -1 -6 -4 -1  0 -2 -2 -2    8   3   2  12   0  28  22   1   2   0   1   5   1   0   0   4   7   1   1   2  0.66 0.44
  533 A    0  5 -3 -4 -5 -2 -3 -5  2 -1 -2 -2  2  0 -6 -2 -2  5  5  0    7  32   1   0   0   1   1   0   5   3   3   1   6   3   0   2   2   7  18   6  0.78 0.47
  534 V   -3 -7 -7 -8 -5 -7 -7 -8 -7  7  0 -7  2 -2 -7 -6 -5 -7 -3  3    2   0   0   0   0   0   0   0   0  65   8   0   4   1   0   0   0   0   1  19  1.83 0.77
  535 F   -7 -7 -7 -8 -7 -7 -8 -4 -6 -3  1 -7 -1  9 -8 -7 -7 -4  1 -4    0   0   0   0   0   0   0   2   0   1  11   0   1  80   0   0   0   0   4   1  2.63 0.99
  536 L   -3 -6 -7 -7  1 -6 -6 -7 -7  3  3 -6  3 -3 -6 -4 -3 -2 -5  6    2   0   0   0   2   0   0   0   0  16  22   0   6   1   0   1   1   1   0  49  1.28 0.61
  537 A    1 -4  3  6 -6 -3 -1 -2  4 -6 -6 -3 -5 -4 -5  1 -2 -3 -2 -3   10   0  15  41   0   1   2   3   9   0   0   0   0   1   0  12   2   0   1   2  1.01 0.54
  538 Y   -1  3 -1 -2 -5  1  0 -2  2 -4 -4  0  0 -2  4 -1 -1  1  4 -3    6  16   3   2   0   5   5   3   4   1   1   5   3   1  21   4   3   2  15   1  0.49 0.34
  539 E    1  2  0  0 -3 -1  0  0  1 -2 -3  0 -3 -2  1  1 -1  2 -1 -1   16  11   3   5   0   2   5   8   5   2   2   6   0   1   8  13   3   3   2   4  0.16 0.16
  540 L   -3 -2 -5 -6 -5 -4 -5 -6  0  5  4 -5 -1 -1 -6 -5 -3 -2 -2  2    1   3   0   0   0   1   0   0   2  34  37   0   1   2   0   0   1   0   1  15  1.04 0.51
  541 H   -3  2 -3 -4 -6  6 -1 -5  1  0 -4  5 -1 -6 -5 -3 -4 -3 -5 -2    1  10   0   0   0  34   2   0   3   6   1  35   1   0   0   1   0   0   0   3  1.24 0.65
  542 D    1  3  0  0 -4  2  1 -1  0 -3 -3  3 -3 -4 -1 -2 -1 -2 -4 -2   11  20   3   5   0   8   8   4   2   1   2  21   0   1   3   2   4   1   0   3  0.39 0.28
  543 R    1  3 -2 -2 -3  0  0 -3  0 -1  1  1  1 -2  1 -1 -1  0 -1 -1   15  18   1   1   0   5   6   1   3   2  16   7   4   1   6   3   2   2   2   4  0.19 0.20
  544 V   -4 -6 -6 -7 -5 -5 -6 -7 -6  1  6 -6  3  1 -6 -6 -3 -5 -4 -1    1   0   0   0   0   0   0   0   0   7  73   0   6   4   0   0   1   0   0   4  1.51 0.67
  545 Y   -4  1 -4 -6  7 -4 -4 -6  2 -1  2 -2 -1  0 -6 -4 -4  0  5 -2    1   8   0   0  28   1   1   0   4   4  18   3   2   3   0   1   0   1  22   3  1.10 0.54
  546 Q    1  3  0  2 -5  2  3 -2 -1 -4 -4  2 -4 -5 -2 -1 -2 -5 -3 -3   14  16   4  12   0   8  22   2   1   1   1  10   0   0   1   3   2   0   1   1  0.49 0.33
  547 A    2 -2 -2 -2 -4 -1  1 -3  5 -3 -3 -2 -2  0 -4 -2  0  5  5 -2   15   2   1   2   0   3  10   2  13   1   2   2   1   3   1   3   6   7  24   3  0.66 0.40
  548 A    6 -4 -4 -4 -4 -3 -3 -1 -4 -3 -1 -3 -1 -3 -4 -2 -2 -5 -2  0   68   1   0   1   0   1   2   4   0   1   5   1   1   1   1   2   2   0   1   6  1.18 0.60
  549 K    0  4 -2 -1 -2  1  1 -3 -2 -1  0  3 -1 -3 -3 -1  0 -2 -3  0    8  24   1   3   1   6   7   1   1   3  11  16   1   1   1   3   6   1   0   7  0.31 0.23
  550 I    2  3 -1  0  0  0  1  0 -2 -2 -2  2 -1 -3 -2  1 -1 -2 -2 -2   16  17   2   6   2   3   9   5   1   2   3  13   1   1   1  11   3   1   1   2  0.22 0.19
  551 M    1  1  0 -1 -3  1  1 -2  3  0  0  1  0 -2 -2  0  0 -1 -1  0   11  10   5   2   0   8   8   2   8   8   7   8   3   1   1   7   4   1   2   5  0.11 0.11
  552 G   -2 -1  0 -2 -4 -3 -1  6  1 -5 -4  0 -2 -3  0 -2 -2  2 -1 -4    2   3   4   2   0   1   3  56   3   1   1   5   1   1   5   3   2   3   2   1  0.94 0.45
  553 A    2 -1 -2  0 -1 -1  2  0 -1  0 -1 -1 -1 -2 -1 -1 -1  2  0  1   20   2   1   4   1   2  18   6   1   4   6   4   2   1   2   4   3   3   4  13  0.15 0.17
  554 T   -1 -2  0  5 -4 -3 -1 -2  0 -3 -2 -2 -3 -3  3  2  1 -5 -2 -4    4   2   4  30   0   1   3   2   2   1   5   2   1   1  15  17   8   0   1   1  0.58 0.37
  555 D    0  4 -2  1 -4  0  2 -3 -1 -3 -3  2 -2 -5  3 -1 -2 -3 -4 -2    9  21   2   9   0   2  14   2   1   1   2  12   1   0  16   3   2   0   0   3  0.50 0.33
  556 E    2  1 -2  2 -4  0  4 -1 -2 -4 -4  0 -4 -4 -1  1 -1 -3 -4 -3   22   6   1  13   0   3  25   5   1   1   1   5   0   1   3   8   2   0   0   2  0.45 0.32
  557 E   -1  0 -3 -1 -4  1  2 -3 -2 -1  1 -1 -2 -1 -3 -2  0  8  0  0    5   6   0   3   0   6  15   2   1   3  13   2   1   2   1   3   7  21   2   6  0.57 0.34
  558 L   -1  0 -4 -4 -4 -3 -3 -5 -3  2  5 -3 -1 -2 -3 -4 -2 -4 -3  1    6   5   1   1   0   1   2   1   1  11  55   1   1   1   1   1   2   0   1   9  0.82 0.42
  559 D    1  3  0  3 -4  1  2 -2  0 -4 -3  0 -1 -3 -2  0 -1 -4 -3 -3   14  16   4  17   0   5  15   3   2   1   2   6   1   1   1   5   4   0   1   2  0.36 0.24
  560 A    0  4 -2 -1 -3  1  1 -2 -2 -3 -3  3 -2 -3 -1  0 -1  0 -3 -3    8  27   1   4   1   6   8   2   1   1   2  20   1   1   3   8   3   1   1   1  0.49 0.29
  561 M    0 -1 -2 -2 -2 -2 -2 -2 -2  2  2 -2  1  0 -2 -2 -1  4  1  2   10   3   1   2   1   2   2   3   1  13  21   2   2   3   2   3   4   6   4  17  0.23 0.14
  562 I   -1 -1 -2 -2 -2 -2 -1 -2 -2  1  1 -2  0  5 -2 -1 -2  0  0  0    6   3   2   2   1   2   5   3   1  10  16   3   2  28   2   3   2   1   3   6  0.35 0.17
  563 A    0  1 -2 -1 -2  5  1 -1  1 -2 -1 -1 -1 -2  0  0 -1 -2 -1 -1    9   6   2   3   1  28   8   5   3   2   6   3   1   2   5   7   3   0   2   5  0.32 0.19
  564 Y   -1 -1  0 -2 -2  1 -1 -1 -1 -1 -1 -1  0  1 -1 -1 -1  4  5  1    5   2   4   2   1   8   4   5   1   3   6   3   2   5   3   3   3   6  21  11  0.28 0.15
  565 P   -1 -1 -1 -1 -2 -1 -1  0 -2 -2 -1 -2  1 -1  6 -1 -1 -2 -2 -1    6   3   3   3   1   2   4   7   1   2   8   3   3   3  37   4   3   1   1   5  0.57 0.22
  566 R   -1  4  0 -1 -2  0  0  0  2 -2 -1  1  0 -1  0 -1 -1 -2 -1 -1    5  26   5   4   1   3   4   8   5   3   5   8   2   3   5   4   4   0   1   5  0.21 0.12
  567 G    0  0 -1 -1 -2  1  0  4  1 -2 -2 -1 -2 -2  1  0 -1 -1 -2 -2    6   5   2   4   1   6   5  34   3   3   4   4   1   1   7   6   4   1   2   2  0.32 0.16
  568 E    0  2  0  0 -1  0  0  0  1 -1 -1  1 -1 -2  2  0 -1  0 -1 -1    9  12   4   6   1   4   5   7   4   2   6   7   1   2  12   8   4   1   2   4  0.12 0.07
  569 H    0  2  0  0 -2  0  0  1  2 -2 -1  1 -1 -2 -1  0  0  1 -1 -1    6  15   4   5   1   3   5  14   5   2   7   7   1   2   3   7   5   3   2   4  0.11 0.08
  570 H    1  1  0  0 -2  0  0  1  1 -2 -2  0 -2 -1  1  1  0 -1  0 -1   13   8   4   5   1   2   7   9   5   2   4   4   1   2   6  13   6   1   3   4  0.10 0.08
  571 R    0  2  0 -1 -2  0  0  0  1 -1 -1  0  1 -1  2  0  0  3  0 -1    8  12   4   3   1   3   4   7   3   4   6   5   4   3   9   7   5   4   2   4  0.08 0.06
  572 K    1  1  0  0 -2  0  0  0  1 -1  0  0  0 -1  0  0  0 -1 -1 -1   12  10   4   6   1   4   6   6   5   2  11   7   3   3   3   6   4   1   2   4  0.04 0.04
  573 S    2  1 -2 -2 -2 -1 -1  3 -2 -2 -2 -1  0 -3  1  0  0 -3 -2 -1   19   7   1   2   1   2   4  26   1   2   4   4   2   1   7   7   6   0   1   5  0.27 0.17
  574 L   -1  0 -1 -2 -2 -2 -2 -2 -2  3  2  0  2 -1 -1 -2 -1  0 -1  2    4   6   3   2   1   1   2   2   1  17  22   7   5   2   3   3   3   1   2  14  0.18 0.11
  575 L   -3 -2 -4 -3  0 -3 -3 -3 -1  5  1 -3  1 -2 -3 -3 -3 -4 -3  4    2   2   1   1   2   1   1   2   2  31  11   1   2   1   1   1   1   0   1  34  0.79 0.35
  576 Q   -3  7 -1 -2 -4  3 -2 -4 -1 -3 -2  0 -1 -3 -4 -2 -2 -4 -2 -3    2  55   3   2   0  11   2   1   1   1   4   4   2   1   1   3   3   0   1   2  1.18 0.53
  577 H   -3 -2 -2 -2 -1 -3 -4 -3  9 -4 -4 -3 -4 -4  5 -3 -4 -4 -1 -4    3   2   2   3   1   1   1   2  45   1   2   1   0   1  30   2   1   0   2   1  1.81 0.71
  578 S    2 -2 -3 -2 -4  0  0 -3  0 -2 -2 -2 -2 -1 -3  1 -1  8  1  0   18   2   1   2   0   4   8   1   2   3   4   1   1   2   1  13   3  21   5   7  0.61 0.35
  579 P    0  2 -2  0 -4 -2 -1 -2  0 -2 -3  0 -3 -1  4  0 -3  6  1 -3    8  13   1   6   0   1   3   4   2   2   1   6   1   3  25   6   1  10   5   1  0.56 0.33
  580 G   -2 -1  2 -2 -4 -3 -2  6  1 -5 -4 -2 -4 -4  0 -1 -2 -3 -4 -4    3   3   9   2   0   1   2  54   4   1   2   3   0   1   5   5   2   0   0   1  0.96 0.46
  581 H   -7 -6 -5 -6 -8 -5 -6 -7 11 -8 -7 -6 -7 -6 -7 -6 -7 -7 -4 -8    0   0   0   0   0   0   0   0  96   0   0   0   0   0   0   0   0   0   0   0  4.28 1.47
  582 T    1  2  1  5 -4 -2 -1 -2  3 -3 -3 -1 -3 -4 -4 -1 -1 -3 -2 -2   11  13   6  36   0   1   3   3   7   1   2   3   1   0   0   3   4   0   1   3  0.64 0.40
  583 H   -1 -2  3  6 -4 -3  0 -2  2 -4 -6 -4 -4 -5 -5  0  1 -6  1 -5    6   2  13  43   0   1   5   3   4   1   0   0   0   0   0   6   9   0   5   0  0.95 0.52
  584 H   -7 -6 -5 -7 -8 -5 -6 -7 11 -8 -8 -6 -7 -7 -7 -6 -7 -7 -2 -8    0   0   0   0   0   0   0   0  96   0   0   0   0   0   0   0   0   0   1   0  4.29 1.48
  585 V   -5 -6 -7 -7 -6 -6 -6 -7 -6  3  2 -6  5  7 -7 -6 -5 -4  0 -1    1   0   0   0   0   0   0   0   0  14  16   0  16  46   0   0   1   0   2   3  1.63 0.71
  586 H   -7 -6 -5 -7 -8 -5 -6 -7 11 -8 -8 -6 -7 -7 -7 -6 -7 -7 -4 -8    0   0   0   0   0   0   0   0  97   0   0   0   0   0   0   0   0   0   0   0  4.35 1.50
  587 V   -4 -7 -7 -7 -5 -7 -7 -7 -7  3  1 -7  0 -3 -7 -6 -4 -7 -6  7    1   0   0   0   0   0   0   0   0  14  12   0   2   1   0   0   1   0   0  69  1.81 0.80
  588 R   -7  9 -6 -8 -9 -5 -6 -8 -6 -9 -8 -4 -7 -9 -8 -7 -4 -9 -8 -8    0  99   0   0   0   0   0   0   0   0   0   0   0   0   0   0   1   0   0   0  3.38 1.33
  589 F   -6 -7 -7 -8 -6 -7 -7 -8 -6  4  3 -7  0  7 -7 -6 -3 -3 -1  1    0   0   0   0   0   0   0   0   0  24  22   0   2  39   0   0   1   0   1  10  1.46 0.65
  590 K    1  3 -1 -3 -5 -1 -3  0  3 -3 -2  2 -2  2 -3 -1 -1 -2  3 -2   11  20   2   1   0   1   1   6   7   1   4  13   1   8   1   4   3   0  13   3  0.40 0.31
  591 C   -2 -6 -1 -4 11 -8 -7 -8 -6 -7 -7 -7 -7 -8 -4 -2 -4 -8 -8 -7    4   1   4   1  85   0   0   0   0   0   0   0   0   0   1   3   1   0   0   0  3.71 1.31
  592 S    0 -4 -4 -1 -6  0 -2  1 -3 -7 -6 -5 -6 -7  7  2 -1 -7 -6 -6    7   1   0   3   0   4   2   9   1   0   0   0   0   0  54  14   4   0   0   0  1.47 0.72
  593 R    2  1 -2  1 -5 -2  1 -2 -2 -2 -3  1 -3 -4  5  0 -2 -5 -4 -1   17   8   1   8   0   1   8   2   1   3   2   8   0   0  29   5   2   0   0   5  0.56 0.36
  594 A    1 -1  0  3 -3 -1  1  4  0 -4 -4 -2 -4 -3 -3  0  0 -1 -1 -4   14   4   5  15   0   2   9  28   2   1   1   1   0   1   1   7   5   1   3   1  0.44 0.30
  595 D   -2 -2  1  6 -6  3  3 -4  0 -5 -6 -3 -2 -6 -4  1 -3 -6 -3 -5    2   2   6  39   0  12  17   1   2   1   0   1   1   0   0  13   1   0   1   1  1.00 0.53
  596 K    0  3 -2  0 -4 -1  1 -2 -2 -1 -1  1 -1 -3  3  0  1  1 -2 -1    7  19   1   5   0   2   9   3   1   3   6   8   1   1  14   7   8   2   1   3  0.25 0.20
  597 E    1  2  0  1 -1  1  2  0  1 -2 -1  0 -1 -2 -1  0  0 -2 -1 -1   11  16   4   7   1   6  12   6   3   1   8   5   1   1   2   7   4   0   2   3  0.13 0.13
  598 A    1 -2 -3 -3 10 -3 -2 -1 -2 -4 -2 -2 -3 -3  0 -1 -3 -4 -2 -3    9   2   1   2  53   1   3   4   1   1   4   3   0   1   6   5   1   0   1   1  1.65 0.66
  599 G   -1  4 -2 -3 -3  0 -1  4 -3 -3 -2  1 -3 -4 -3 -1 -2 -4 -2 -1    5  25   1   1   1   3   4  33   0   1   4   8   0   1   1   3   2   0   1   5  0.57 0.33
  600 C    0 -3 -2 -5 10 -1 -4 -3 -4 -6 -5 -6 -3 -4  1  0 -3 -7 -7 -5    8   1   2   1  63   3   1   2   0   0   1   0   1   1   8   6   2   0   0   0  2.32 0.86
  601 S   -2  3 -3 -2 -3  5  2 -3 -2 -1 -2  1 -1 -4 -4 -1  0 -3 -2  1    3  16   0   2   1  25  11   2   1   4   3   8   2   0   0   3   7   0   1  12  0.47 0.34
  602 N    0 -3  3  5 -6 -2  2 -2 -1 -6 -6 -2 -5 -6  1  1 -2 -3 -4 -4    8   1  16  36   0   1  10   3   1   0   0   2   0   0   7  10   2   0   0   1  0.82 0.44
  603 R   -1  4 -4 -1 -6  4  1 -4 -4 -3 -3  0 -3 -6  4 -2 -1 -2 -5 -3    4  27   0   3   0  23   9   1   0   1   2   3   0   0  18   3   3   1   0   1  0.81 0.45
  604 L    0 -1 -3 -2 -4 -3 -3  1 -2  1  0 -1 -2 -2  5 -2 -1 -5 -4  1    9   3   0   1   0   1   0  14   1   8  10   4   0   1  30   1   4   0   0  11  0.52 0.30
  605 A    2 -1 -4 -1 -5 -3 -2 -2 -5 -3 -2 -1 -5 -5  7  0 -2 -7 -6 -3   20   3   1   3   0   1   2   3   0   1   3   4   0   0  50   5   1   0   0   2  1.19 0.54
  606 H    1 -1  0 -1 -4  0  1 -2  3 -1 -1 -1 -1  1  4 -1  0 -4 -1 -1   11   3   4   3   0   3   8   2  10   4   6   3   1   7  24   4   4   0   2   3  0.34 0.22
  607 G    0  0 -3 -1 -5 -4 -3  5  1 -5 -6 -3 -5 -5  5 -3 -2  4 -1 -4    6   6   1   3   0   0   1  40   4   0   0   0   0   0  26   1   2   5   3   1  1.01 0.47
  608 P   -1 -3 -1  4 -5 -3 -1 -3 -3 -5 -5  0 -5 -6  5  1  1  4 -5 -4    5   1   2  23   0   0   4   2   0   0   0   5   0   0  32   9   9   6   0   1  0.91 0.44
  609 G   -3 -4 -3 -3 -2 -5 -5  7 -6 -4 -7 -4 -1 -7 -6 -3 -5 -6 -7 -4    0   1   1   1   1   0   0  90   0   1   0   0   2   0   0   1   0   0   0   1  2.14 0.69
  610 D   -4 -4  1  8 -6 -3  1 -4 -3 -6 -6 -3 -6 -6 -4 -3 -3 -7 -6 -6    0   0   4  89   0   0   6   0   0   0   0   0   0   0   0   0   0   0   0   0  2.05 0.50

                      K         Lambda
Standard Ungapped    0.1353     0.3162
Standard Gapped      0.0410     0.2670
PSI Ungapped         0.1157     0.3176
PSI Gapped           0.0354     0.2670
