
Last position-specific scoring matrix computed, weighted observed percentages rounded down, information per position, and relative weight of gapless real matches to pseudocounts
           A  R  N  D  C  Q  E  G  H  I  L  K  M  F  P  S  T  W  Y  V   A   R   N   D   C   Q   E   G   H   I   L   K   M   F   P   S   T   W   Y   V
    1 M   -3 -4 -5 -6 -4 -3 -5 -5 -4 -1  0 -4 10 -2 -5 -4 -3 -4 -3  1    0   0   0   0   0   0   0   0   0   0   0   0  93   0   0   0   0   0   0   7  2.23 0.52
    2 I   -3 -4 -5 -5 -3 -4 -5 -5 -5  6  1 -4  3  0 -4 -4 -2 -4 -3  3    0   0   0   0   0   0   0   0   0  62   5   0   7   2   0   0   0   0   0  23  0.99 0.29
    3 D    0 -1  0  2 -3  0  2  1 -2 -3 -3  1 -2 -4  2  1  1 -4 -3 -3    5   2   4  14   0   2  18   9   0   1   2  10   0   0  10  11  12   0   0   0  0.29 0.11
    4 R   -1  5 -2 -2 -4  2  0 -2 -1 -2 -1  3 -2 -4 -2 -1 -1 -4 -3 -2    2  45   0   0   0   8   5   1   1   3   5  21   0   0   1   4   3   0   0   1  0.62 0.22
    5 K    0  0  0  2 -3  1  3  0 -2 -2 -3  1 -2 -3 -1  2 -1 -4 -1 -1    6   5   3  13   0   4  24   6   0   1   0  11   0   0   2  19   0   0   2   5  0.29 0.13
    6 E   -2  0 -1  3 -5  2  5 -2 -2 -3 -4  1 -3 -5 -3 -1 -1 -5 -4 -3    0   3   0  21   0  10  47   2   0   2   0  10   0   0   0   2   2   0   0   2  0.76 0.25
    7 I   -3 -4 -5 -5 -3 -4 -4 -5 -5  6  0 -4  5 -1 -1 -3 -1 -4 -3  2    0   0   0   0   0   0   0   0   0  60   1   0  17   1   3   2   3   0   0  13  0.93 0.30
    8 K    0  1 -1  0 -1  3  1 -1  0 -2  0  2 -1 -3 -2  1 -1 -1 -2 -2    7   9   1   6   1  21   7   4   3   1  12  14   1   0   0  10   2   1   0   1  0.20 0.11
    9 E   -1  1  0  1 -4  1  4 -1  1 -4 -4  2 -3 -4 -1  1 -1 -4 -3 -4    4   5   3   5   0   3  41   4   3   0   0  17   0   0   2  12   1   0   0   0  0.52 0.19
   10 I   -2 -3 -2 -4 -3 -3 -4 -3 -4  5  2 -1  1 -1 -4 -3  0 -4 -3  3    1   0   2   0   0   0   0   2   0  51  14   4   3   1   0   0   4   0   0  17  0.59 0.21
   11 V    0 -3 -4 -4 -2 -3 -4 -4 -4  2  4 -2  1  1 -4 -3 -1 -3 -2  3    7   0   0   0   0   0   0   0   0   7  49   2   2   5   0   0   2   0   0  26  0.53 0.19
   12 E   -1  2  1  1 -2  0  3 -1 -1 -3 -2  1 -3 -4 -2  2 -1 -4 -3 -3    3  11   5   8   1   1  28   3   1   1   3  11   0   0   0  23   1   0   0   0  0.36 0.16
   13 G   -1  2  0  2 -4  0  2  3  0 -4 -4  2 -3 -4 -3  1 -1 -4 -3 -4    1  14   4  11   0   1  17  23   1   0   0  15   0   0   0  12   1   0   0   0  0.41 0.15
   14 Y   -4 -4 -5 -6 -5 -4 -5 -6 -1 -1 -3 -4 -3  1 -5 -4 -2  0  9 -3    0   0   0   0   0   0   0   0   0   4   0   0   0   2   0   0   2   0  92   0  2.27 0.50
   15 Y    0  1  1  0 -1  1  1  0  0 -1 -1  1 -1 -1  0  0  0 -1  0 -1    9   7   6   3   1   5   8   6   1   3   5  13   1   2   4   8   6   1   5   5  0.06 0.01
   16 A    0  0  0  0 -1  0  1  0  0 -1  0  0  0 -1  0  0  0 -1 -1  0   11   6   5   5   1   3  10   9   1   3   9   6   1   2   3   9   5   1   2   7  0.04 0.00
   17 H   -2 -2  2  6 -3 -1  0 -2  0 -2 -3 -1 -3 -4  2 -1 -2 -4 -3 -3    1   1   9  57   0   1   2   1   3   3   1   3   0   1  11   3   1   0   0   1  0.84 0.21
   18 A   -1  1 -1 -2 -1  0 -1 -2 -1  0  1  2  0  0  2 -1  0 -2  0 -1    5   9   2   1   1   3   2   1   1   8  22  17   2   4  10   3   4   0   5   2  0.10 0.06
   19 D    0  0  1  2 -3  0  1  2 -1 -3 -2  1 -1 -2 -2  1 -1 -3 -2 -2    3   2   5  15   0   3  12  17   0   1   5  14   1   1   1  13   2   0   0   1  0.20 0.08
   20 K   -1  0  3  2 -2  0  1  0  0 -2 -1  3 -2 -3 -2  0 -1 -3 -2 -2    4   3  23  12   1   1   8   5   2   0   8  24   0   0   0   4   2   0   0   2  0.26 0.11
   21 I   -1 -3 -3 -4 -2 -3 -3 -4 -3  4  3 -3  2  0  1 -2 -1 -3 -1  2    5   0   0   0   0   0   0   0   0  34  27   0   6   2   7   0   0   0   1  14  0.39 0.12
   22 K    0  1  0 -2 -2 -1 -1 -1  1 -1 -2  1 -1 -3 -2  1  4 -3 -2  0    4  10   2   0   0   0   2   4   4   4   1  10   1   0   0  13  39   0   0   5  0.28 0.12
   23 I   -2 -4 -4 -4 -2 -3 -4 -4 -4  6  1 -3  1 -1 -3 -3 -2 -3 -2  3    1   0   0   0   0   0   0   1   0  69   4   0   3   2   0   1   0   0   0  17  0.78 0.20
   24 G    3 -3 -2 -2  2 -2 -2  4 -3 -3 -3 -2 -2 -3 -2  0 -1 -3 -3 -1   42   0   0   0   5   0   0  39   0   0   1   0   0   0   0   5   2   0   0   4  0.59 0.15
   25 A    0 -2  0 -2 -1 -2 -2 -3 -3  1 -1 -2  2 -2 -2  0  4 -3 -2  2    6   0   4   0   1   0   0   0   0   8   0   0   6   0   0   4  47   0   0  22  0.43 0.16
   26 I   -2 -3 -4 -4 -2 -3 -4 -4 -3  3  3 -3  1  2 -4 -2  0 -2  0  2    0   0   0   0   0   0   0   0   0  24  42   0   1   9   0   1   4   0   2  15  0.46 0.13
   27 A    2 -3 -2 -3  4 -3 -3  5 -3 -4 -4 -3 -3 -4 -3  0 -1 -4 -4 -3   22   0   0   0  13   0   0  61   0   0   0   0   0   0   0   3   2   0   0   0  0.97 0.21
   28 S   -1 -3 -1 -2 -3 -2 -2  1 -3 -4 -4 -2 -3 -4 -3  6  0 -5 -4 -3    0   0   0   0   0   0   0   8   0   0   0   0   0   0   0  92   0   0   0   0  1.17 0.32
   29 H   -4 -2 -1 -3 -5 -2 -2 -4 10 -6 -5 -3 -4 -3 -4 -3 -4 -5  0 -5    0   0   0   0   0   0   0   0 100   0   0   0   0   0   0   0   0   0   0   0  2.67 0.45
   30 S   -1 -2 -1 -2  1 -2 -2 -2 -3 -4 -4 -2 -3 -4 -3  6  2 -4 -3 -3    0   0   0   0   3   0   0   0   0   0   0   0   0   0   0  86  11   0   0   0  1.08 0.30
   31 G    5 -3 -2 -3 -2 -2 -2  0 -3 -3 -3 -2 -3 -4 -2  2 -1 -4 -3 -2   77   0   0   0   0   0   0   3   0   0   0   0   0   0   0  20   0   0   0   0  0.88 0.25
   32 L   -3 -3 -4 -4 -3 -2 -1 -5 -4  1  5 -2  2  0 -4 -3 -2 -3 -2  0    0   0   0   0   0   1   5   0   0   4  82   2   3   2   0   0   0   0   0   0  0.79 0.22
   33 D   -2 -1  1  4 -5  5  3 -3  1 -4 -4 -1 -3 -5 -1 -1 -2 -4 -3 -4    0   0   7  33   0  38  18   0   3   0   0   0   0   0   2   0   0   0   0   0  0.85 0.22
   34 I    0 -1 -4 -4 -2 -3 -4 -4 -4  5  1 -3  0 -2 -3 -2  0 -4 -2  3    7   3   0   0   0   0   0   0   0  52   6   0   1   0   0   0   5   0   0  25  0.56 0.17
   35 C    1 -4 -3 -4  5 -3 -4  1 -3  0  1 -3  3  3 -4  0 -1  4 -1  0   14   0   0   0  14   0   0  11   0   4  15   0  10  14   0   7   2   5   0   5  0.35 0.20
   36 D   -1  1  0  3 -3  1  0 -3  3 -1  0  1  0 -1 -1  0 -2 -3  0  0    5   6   2  20   0   7   3   0   9   3   9  12   2   2   2   6   0   0   4   8  0.16 0.13
   37 G    1 -5 -3  0 -5 -4 -4  7 -4 -6 -6 -4 -5 -6 -4  0 -4 -5 -5 -5   12   0   0   4   0   0   0  78   0   0   0   0   0   0   0   6   0   0   0   0  1.56 0.47
   38 A    6 -4 -4 -4  1  0 -3  0 -4 -3 -2 -3 -3 -5 -3  0 -2 -5 -4 -1   77   0   0   0   3   4   0   5   0   0   3   0   0   0   0   4   0   0   0   4  1.09 0.44
   39 V   -3  4 -3 -3 -5  0  0 -4  0 -1 -2  6 -1 -2 -4 -3 -2 -5 -3 -1    0  22   0   0   0   2   4   0   2   5   2  54   2   2   0   0   2   0   0   4  0.87 0.36
   40 E    0  0  2  3  1  1  2 -3 -2 -3 -2  3  1 -4 -3  0 -1 -4 -2 -2    9   4   9  19   4   4  12   0   0   0   3  21   5   0   0   7   2   0   1   1  0.30 0.17
   41 E    0 -1 -1 -1 -5  2  5 -4  1 -4 -3 -1  0  0 -3 -2 -3  2  2 -3    8   1   3   0   0   7  56   0   3   0   2   1   4   4   0   0   0   2   8   1  0.77 0.32
   42 D   -2 -4  1 -1 -5 -4 -4  7 -4 -5 -5 -2 -5 -5 -4 -1 -3 -5 -5 -1    0   0   7   4   0   0   0  80   0   0   0   3   0   0   0   2   0   0   0   5  1.48 0.42
   43 F   -4 -5 -5 -6 -4 -5 -5 -5 -4  1  3 -5  1  7 -5 -4 -4 -2  1  0    0   0   0   0   0   0   0   0   0   7  30   0   3  54   0   0   0   0   2   5  1.19 0.36
   44 R   -2  4  1 -2 -4  1  1 -3  2 -4 -4  3 -3 -4  1  0 -2 -4 -3 -4    2  29   9   0   0   5  10   0   5   0   0  27   0   0   6   6   0   0   0   0  0.57 0.22
   45 T   -1 -2  1 -2 -3 -3 -3 -1 -3 -3 -3 -3 -3 -4 -3  1  6 -5 -4  0    2   1   8   2   0   0   0   3   0   0   0   0   0   0   0   9  68   0   0   7  0.96 0.36
   46 L    0 -1 -4 -4  0 -2 -3 -4 -4  3  3 -2  1 -2 -4 -3 -1 -4 -2  4    6   4   0   0   2   1   0   0   0  18  30   2   1   0   0   0   1   0   0  35  0.48 0.20
   47 A    1 -4 -3 -4  4 -3 -4  1 -4  2  1 -3 -1 -2 -3 -2 -1 -4 -3  3   14   0   0   0  10   0   0  14   0  15  15   0   0   0   0   0   1   0   0  31  0.38 0.18
   48 V   -2 -4 -4 -5 -3 -4 -4 -5 -3  4  1 -4  1  2 -4 -4 -2 -2  4  4    0   0   0   0   0   0   0   0   0  29   6   0   2   8   0   0   0   0  17  38  0.73 0.26
   49 C    2 -4 -3 -4  9 -4 -4  0 -4 -2 -2 -4 -3 -4 -4 -1  2 -4 -4  0   16   0   0   0  50   0   0   6   0   0   2   0   0   0   0   2  16   0   0   7  1.16 0.34
   50 Q   -1  1 -1 -1 -3  4  1 -2 -2 -1 -1  2 -1  0  0  0  2 -3 -2 -1    3   5   2   2   0  29   5   1   0   4   4  13   1   5   4   5  14   0   0   4  0.26 0.17
   51 A   -1  3 -1  1 -5  1  1 -1 -2 -4 -4  5 -3 -5  2 -1 -2 -5 -4 -4    3  17   1   6   0   6   8   4   0   0   0  45   0   0   8   2   0   0   0   0  0.65 0.25
   52 G   -2  1  0  2 -4  0  1  5 -3 -5 -4  2 -3 -5 -2 -1 -2 -4 -4 -3    0   9   2  11   0   4   8  47   0   0   0  13   0   0   2   4   0   0   0   1  0.64 0.23
   53 R   -3  7 -1 -1 -5 -1 -1 -4 -1 -4 -4  0 -1 -5  0  0 -1 -5 -4 -2    0  69   2   3   0   0   1   0   1   0   0   1   2   0   5   8   4   0   0   4  1.08 0.37
   54 E    0  0 -2  1 -4  0  5 -2  0 -2 -2  1 -3 -4  1 -1 -2  1 -2 -1   10   5   0   5   0   0  44   3   2   3   4   9   0   0   8   1   0   2   1   4  0.46 0.24
   55 K   -1  4  0 -2 -4  0  1 -2 -1 -1 -3  4 -2 -3  0 -1 -1  0 -2 -1    3  25   3   0   0   3   7   2   1   4   1  34   0   1   5   4   2   2   1   3  0.45 0.22
   56 T   -1 -3 -3 -4 -3 -2 -3 -4 -2  1  2 -3  0  4  2 -2  3 -2  0  0    4   0   0   0   0   2   0   0   1  11  19   0   2  22  10   0  21   0   2   6  0.39 0.21
   57 Y   -5 -5 -5 -6 -6 -5 -5 -6 -1 -5 -4 -5 -4  1 -6 -5 -5  3 10 -4    0   0   0   0   0   0   0   0   0   0   0   0   0   2   0   0   0   3  95   0  2.84 0.72
   58 T    1  2  0  2 -3  1  1 -1 -2 -2  0  1 -2 -3 -2  1  1 -4 -3 -2   12  14   3  11   0   5   9   2   0   1  11  11   0   0   0  14   7   0   0   1  0.19 0.13
   59 E    1  3  0 -1  1  3  0 -2  1 -3 -2  2 -1 -4 -3  1 -1 -4 -3 -3   10  21   3   1   3  15   5   1   4   0   3  16   2   0   0  14   1   0   0   0  0.35 0.19
   60 Y   -4 -4  0 -4 -4 -4 -2 -5  3 -3 -2 -4 -1  7 -5 -4 -4  2  6 -3    0   0   5   0   0   0   3   0   6   0   1   0   1  46   0   0   0   2  33   0  1.34 0.40
   61 F   -1 -2  1 -2 -2 -2 -2 -2  0 -2 -2 -1 -2  3  5 -1 -2  1  3 -2    4   2   7   2   1   1   2   2   2   3   3   3   1  15  35   3   2   2  10   2  0.60 0.16
   62 R   -1  3 -1  0 -2  0  0  0 -1  0  0  1  1 -1  0 -1  0 -1 -1 -1    3  20   2   5   1   4   3   6   1   5  10  13   6   3   5   4   4   1   2   3  0.09 0.05
   63 A    1  0 -1 -1  0 -1 -1  0  0  0  0  0  0 -1  0  1  1 -1 -1  0   19   6   2   2   2   2   3   5   4   5   8   3   1   2   4   8  12   1   1  10  0.05 0.03
   64 Q    0  2  0  0 -1  1  0  1  1 -1 -1  1 -1 -1 -1  0 -1 -1 -1 -1    5  15   2   5   1   6   7  13   4   3   8  11   1   3   3   5   3   1   2   4  0.08 0.03
   65 R   -1  1  0  0  1  0  0  0 -1 -1 -1  1 -1 -1  3  0  0 -1 -1 -1    4  12   6   6   4   2   4   6   1   3   5  12   2   2  14   4   4   1   2   6  0.13 0.03
   66 D    0  0  0  1  0  0  0 -1 -1 -1 -1  0 -1 -1  2  0  0 -1 -1 -1   11   7   3  10   3   6   4   4   1   5   7   3   1   2  13   7   6   1   2   4  0.10 0.02
   67 H    0  1  0  1 -1  0  0 -1  0  0  0  0  0 -1  1  0  0 -1 -1  0    7   8   3  10   1   3   7   4   3   8   8   5   3   2   8  10   4   1   2   4  0.05 0.01
   68 Y    0  0  0  1 -1  0  1  0 -1  0  0  0  0  0  0  0  0 -1  0  0    8   3   3  12   1   3   9   7   1   5   8   4   3   4   5   7   6   1   4   7  0.03 0.01
   69 G    1  0  0  0 -1  0  0  1 -1  0  0  0  0  0  0  0  0 -1  0  0   12   4   4   4   1   6   4  16   1   7   8   3   1   4   5   7   4   1   3   4  0.04 0.01
   70 R    0  2  1  0 -1  0  0  1  0 -1 -1  0  0 -1  0  0  0 -1 -1 -1    9  15   7   6   1   3   4  10   1   3   5   6   4   2   3   8   6   1   2   4  0.06 0.02
   71 I    0  1  0  1 -1  0  0  0 -1  0  0  0  0  0  0  0  0  1 -1  0    7   8   5   9   1   2   7   6   1   7  10   8   1   4   3   4   3   2   2   8  0.01 0.01
   72 K    0  1  0  1  0  0  0  0 -1  0 -1  0 -1 -1  1  0  0 -1 -1  0    4   8   6   9   3   4   5   6   1   5   7   6   1   4   8   5   7   1   2   7  0.04 0.01
   73 R    0  3  0  0 -1  0  0 -1  0 -1  0  1 -1 -1 -1  1  0 -1 -1 -1    6  22   2   5   1   2   5   4   2   4   9   9   1   2   3  11   5   1   2   5  0.10 0.04
   74 G    0  0  0  0 -2  0 -1  4  1 -2 -2  0 -2 -1  0  0 -1 -2 -2 -2    5   5   5   4   1   4   2  41   3   2   3   6   1   4   5   4   2   0   1   2  0.34 0.11
   75 I   -1 -2 -2 -3  3 -2 -2 -3 -2  1  1  0  2  1 -2  0  1  5 -1  1    1   0   0   0   9   0   1   1   0  10  10  10   9   9   0  10  10   9   0  10  0.18 0.13
   76 V    1  0 -2 -2  1 -1 -1 -2 -2  2 -1  0 -1  0  0 -1 -1 -2  0  3   15   8   1   1   3   1   3   1   0  16   2   6   0   4   4   1   3   0   3  27  0.14 0.12
   77 D   -1 -3  2  7 -4 -2  1 -3 -3 -4 -5 -2 -4 -5 -3  0 -2 -5 -4 -4    5   0   7  69   0   0   5   1   0   0   1   1   0   0   0   7   1   0   0   1  1.31 0.45
   78 E    0  0  1  2  1  0  4 -2  2 -2 -3  1 -3 -3 -2  0 -1 -4 -1 -1    6   3   5   9   3   2  39   2   6   2   1   9   0   0   0   3   3   0   2   4  0.40 0.22
   79 T   -1 -3 -3 -3  0 -3 -3 -4 -3  3  1 -3  0  3 -1 -2  1  2  2  2    3   0   0   0   2   0   0   1   0  27   7   0   2  14   2   2  11   3   8  17  0.33 0.19
   80 V   -2 -3 -3 -3 -2 -2 -1 -4 -2  3  2 -1  3  1 -3 -3 -2  4  2  1    1   0   0   0   0   0   6   1   0  27  19   6   8   6   0   1   1   6   8  10  0.34 0.20
   81 V    0  0 -2 -2  1 -1  0 -3 -2  2  0  0  1  0 -2  0  1 -2  0  2    7   5   0   0   4   0   7   1   0  16   7   7   4   4   0   5   8   0   4  19  0.10 0.10
   82 Y    0 -2 -2 -3 -2 -2 -1 -1 -2  1  1 -2  1  1  0 -2  0 -2  2  2    5   0   0   0   0   0   6   5   0   8  17   0   5   5   6   1   5   0  10  26  0.14 0.13
   83 K    0  0  1  3 -3  1  2  1  1 -3 -3  1 -2 -3  1  0 -1 -3 -2 -3    6   5   6  23   0   5  17  11   4   0   1   9   0   0   6   5   0   0   0   1  0.32 0.15
   84 K   -1  0  1  3  2  0  2 -1  0 -3 -2  2 -2  0 -2  1 -1 -3 -2 -3    2   4   5  20   6   2  15   3   3   0   4  13   0   6   0  15   2   0   0   0  0.27 0.19
   85 Y   -2  0 -4 -5 -4 -3 -4 -4 -2 -2  0 -3  3  6  0 -1 -3  3  5 -3    2   6   0   0   0   0   0   0   0   0   6   0   9  36   6   4   0   4  26   0  0.91 0.41
   86 N    0  1  2  1 -3  0  1  0  0 -1 -2  1 -2 -2  1  1  1 -3 -2 -1    3   6  12   6   0   3   8   5   2   3   3  12   0   2   7  16   7   0   0   3  0.16 0.11
   87 E   -1 -2  0  5 -4  1  4 -3  0 -4 -4 -1 -3  1 -3 -1 -2 -4 -3 -4    5   0   3  37   0   6  31   1   2   0   1   2   0   6   0   3   1   0   0   1  0.74 0.34
   88 I   -1 -3 -3 -3 -2 -2 -3 -3 -3  4  1 -3  3  1 -3 -2 -1 -2  0  2    4   1   1   1   0   1   1   1   0  33  13   1  12   7   1   3   3   0   4  14  0.36 0.19
   89 L    0 -2 -2 -2  0 -1 -2 -2 -2  1  2 -1  3  0  0  0  0  1 -1  1    8   1   1   1   2   1   1   2   0   6  32   5  10   2   4   6   5   2   1   9  0.15 0.11
   90 L    0  0  2  2 -2  0  1  0 -1 -1 -1  1 -1 -1 -1  1  0 -2 -2 -2    6   4  10  12   0   3   9   7   1   3   7  11   1   2   1  15   5   0   1   2  0.13 0.08
   91 P    0  0  1  0 -2  1  0  0 -2  0  0  0  1 -2  1  0  0 -3 -2  0    6   6   6   6   0   6   6   6   0   6   6   6   6   0   6   6   6   0   0   6  0.03 0.08
   92 Q   -1  0  1  2 -4  1  3 -3  1 -1 -3  3 -3 -4  0  0 -1 -4 -3 -1    4   5   7  13   0   6  20   0   3   4   1  19   0   0   3   7   4   0   0   4  0.32 0.25
   93 N    0 -1  1 -2  1 -2  0 -3  0  2  0  0  1  0 -3 -1 -1  2  1  2    7   3  11   1   3   0   5   1   3  14   7   6   3   5   0   3   3   3   5  17  0.09 0.14
   94 Q    1 -2 -2 -1 -4  5  1 -1 -2  1 -1 -1  1 -4 -3  0 -2 -4 -3  0   12   0   0   3   0  36   9   5   0   8   7   3   3   0   0   5   0   0   0   7  0.45 0.36
   95 Q   -1  0  1  2 -4  1  3 -1 -2 -1 -3  2 -3  0  0  1 -2 -4 -3 -3    6   5   5  11   0   6  22   4   0   6   1  13   0   5   5  10   0   0   0   0  0.29 0.24
   96 K    0  1  1  0 -3  1  2 -1  1 -1 -1  1  1 -2 -3 -1  0  2  0 -1    7   8   7   4   0   6  16   3   3   3   4  12   5   0   0   4   5   3   4   5  0.13 0.14
   97 L   -3 -3 -4 -4 -3 -3 -1 -4 -4  1  5  0  3  1 -4 -1 -2 -3 -2 -1    1   0   0   0   0   0   5   1   0   6  61   6   7   6   0   5   0   0   0   0  0.65 0.34
   98 V   -1  3  0  1  0  1  0 -1 -2  1  0  0  1 -2 -2  0 -1 -3 -2  0    4  21   3  10   3   6   5   3   0   9  11   5   5   1   1   5   3   0   0   4  0.11 0.10
   99 D    0  0  0  2 -3  1  2 -1  0 -1 -3  1 -2 -1 -2  2  0 -3 -2 -2    7   4   4  15   0   4  16   4   3   4   1  10   0   4   1  18   4   0   0   1  0.21 0.14
  100 E   -1  3  1  1 -1  0  1 -1 -1 -1  1  1  1 -2 -2 -1 -1 -3 -1 -1    5  18   8   7   1   2  11   4   0   2  16   9   4   0   1   2   2   0   3   4  0.12 0.11
  101 K   -1  1  4  2 -3  1  1  1  0 -3 -3  1 -2 -2 -2  0 -1 -2  1 -3    1   6  35   9   0   6   8  11   0   1   1   6   0   0   1   6   1   0   6   1  0.34 0.14
  102 V    1 -2 -2 -2  3 -2 -2  2 -2  0 -1 -2 -1  0 -2  1  1 -2  1  1   17   0   0   0  10   0   0  16   0   5   1   0   0   5   0  12   7   0   8  18  0.15 0.11
  103 L    1 -2 -3 -3 -1 -2 -2 -2 -3  3  2 -2  1 -1 -2 -1 -1 -3 -2  2   25   0   0   0   0   0   0   0   0  25  25   0   0   0   0   0   0   0   0  25  0.22 0.02
  104 F   -2 -3 -3 -4 -2 -1 -3 -4 -2  2  2 -3  2  4 -3 -2 -1  2  2  1    0   0   0   0   0   4   0   0   0  18  14   0   8  38   0   0   0   2   3  14  0.35 0.05
  105 I   -1 -3 -4 -4  2 -3 -3 -4 -4  4  1 -3  1 -1 -3 -2 -1 -3 -2  4    0   0   0   0   7   0   0   0   0  54   0   0   0   0   0   0   0   0   0  39  0.49 0.08
  106 P    0 -2 -2 -2 -3 -1 -1 -2  3 -1 -2 -1 -2 -3  7 -1  0 -4 -2 -2    7   0   0   0   0   0   0   0  15   7   0   0   0   0  64   0   7   0   0   0  1.15 0.07
  107 N   -1 -1  4  0 -3  0 -1 -2  7 -3 -3 -1 -2 -2 -2  1  1 -3  0 -3    0   0  30   0   0   0   0   0  51   0   0   0   0   0   0  10   9   0   0   0  0.59 0.07
  108 R    0  4 -1 -2 -3  0 -1  3 -1 -3 -3  1 -2 -3 -2  0 -1 -3 -2 -3    9  53   0   0   0   0   0  30   0   0   0   0   0   0   0   8   0   0   0   0  0.47 0.05
  109 S    1 -1  0 -1 -1 -1 -1 -1 -1 -2 -2 -1 -2 -1 -1  4  1 -2  2 -2   12   0   0   0   0   0   0   0   0   0   0   0   0   0   0  67   7   0  14   0  0.41 0.09
  110 F   -1 -2 -2 -3 -2 -2 -3 -3 -1  2  1 -2  3  3 -3  0 -1 -1  3  1    0   0   0   0   0   0   0   0   0  14  14   0  14  14   0  14   0   0  14  14  0.23 0.09
  111 T    0 -1  0 -2  2 -2  1 -3 -3  2 -1 -2 -1  0 -3  0  0  3 -2  3    8   5   5   0   5   0  12   0   0  15   0   0   0   5   0   5   7   5   0  30  0.18 0.14
  112 S    2  0 -1 -1 -2 -1  0 -1 -1  0 -2 -1 -1 -2 -2  3  1 -3  1  0   22   6   0   0   0   0   8   0   0   6   0   0   0   0   0  35   7   0   6   9  0.21 0.11
  113 Y    0 -2 -2 -2 -3  1  0 -3  3 -2 -2 -1 -2  1 -3  0 -2  0  7 -2    8   0   0   0   0   8   8   1   8   0   1   0   0   0   0   8   0   0  54   0  0.64 0.19
  114 C   -1 -2 -3 -3  3 -2 -3 -3 -2  1  2  0  4  1 -3 -1 -1 -2  2  2    3   0   0   0   9   0   0   0   0   8  22   6  14   5   0   3   3   0   8  17  0.27 0.16
  115 S   -4 -5  2  2 -6 -4 -4  5 -5 -7 -7  1 -6 -7 -5  2  2 -7 -6 -6    0   0   9  13   0   0   0  42   0   0   0  10   0   0   0  14  12   0   0   0  1.03 0.45
  116 I    0 -1 -1 -1 -3  1 -2 -2  3  0  0 -1  1  2 -1 -1 -1  2  3 -1    6   3   3   4   0   8   0   3   7   7  10   3   4  12   4   5   4   3  10   4  0.13 0.12
  117 D    0  1  0  4 -4  0  4 -2 -2 -4 -2  1 -3 -4 -3 -1 -1 -4 -4 -3    7   9   3  29   0   2  27   2   0   0   4   9   0   0   0   2   4   0   0   0  0.54 0.28
  118 E    0  1  3  1 -3  2  2 -1  1 -2 -2  1 -2 -3  0  0  0 -3 -2 -2    8   9  17   6   0   9  17   4   3   3   4  10   0   0   3   3   4   0   0   1  0.22 0.14
  119 I    0 -1 -3 -3  2 -2 -3 -3 -3  3  2 -2  2  2 -3 -2  0 -2 -1  2    6   5   1   1   5   1   1   1   0  31  16   1   6  11   1   1   5   0   0  10  0.27 0.17
  120 E    0 -1  0 -1 -3 -1  3 -3  1  0  1 -1  3  0 -3 -1  0 -3 -2 -1   11   3   4   0   0   0  31   0   4   3  14   0  11   5   0   0   5   0   0   4  0.21 0.22
  121 D   -2  0  4  3 -3  0  1 -1 -1 -3 -2  3 -2 -3 -2  0  0 -3 -3 -3    1   4  23  19   0   3  10   3   0   1   4  20   0   1   1   3   6   0   1   1  0.40 0.19
  122 N    0  2  1  1 -3  1  3 -1 -2 -4 -4  2 -3 -3 -2  1 -1 -4 -1 -3    9  11   7   7   0   6  19   4   0   0   0  15   0   0   0  14   3   0   3   0  0.33 0.18
  123 F   -1 -3 -4 -4 -3 -3 -4 -4 -3  1  3 -3  4  5 -4 -1 -2 -2  1  0    4   0   0   0   0   0   1   1   0   8  28   0  12  31   0   5   0   0   4   4  0.61 0.26
  124 R   -1  2  1  0 -1  1  1 -1  0 -3 -1  3  0 -2  1 -1  0 -3  0 -3    4  11   7   4   2   4   8   5   2   0   5  27   2   2   6   3   4   0   3   0  0.22 0.15
  125 V    1 -2 -2 -2 -2 -2 -2 -2  3  1  1 -2  0 -2  3 -1  1 -3 -1  1   14   0   0   0   0   0   0   0  14  14  14   0   0   0  14   0  14   0   0  14  0.21 0.08
  126 P   -2  1 -3 -3 -4 -2 -2 -4 -3 -4 -2  0  0 -5  8 -1 -3 -5 -4 -4    0  10   0   0   0   0   0   0   0   0   3   6   3   0  76   2   0   0   0   0  1.80 0.32
  127 M   -2 -3 -2 -4 -2 -3 -3 -4 -2  3  1 -3  4  2 -3 -2  0 -2  3  2    0   0   2   0   0   0   0   0   0  26   8   0  18  11   0   2   8   0  13  14  0.37 0.14
  128 V   -3 -4 -4 -5 -4 -4 -4 -5  0  0  0 -4  0  7 -5 -4 -3  0  4 -1    0   0   0   0   0   0   0   0   2   4   7   0   2  67   0   0   0   0  15   3  1.19 0.28
  129 G   -1  0 -2 -3 -4 -3 -4  7 -4 -5 -5 -3 -4 -5 -4 -2 -3 -4 -5 -5    0   7   0   0   0   0   0  93   0   0   0   0   0   0   0   0   0   0   0   0  1.62 0.32
  130 S   -3 -3  7 -2  2 -3 -3  1 -2 -5 -2 -3 -4 -5 -4  1  1 -6 -4 -4    0   0  66   0   5   0   0   9   0   0   4   0   0   0   0   9   7   0   0   0  1.22 0.40
  131 R   -3  6  1 -3 -5 -1 -2 -4 -3 -4 -4  3 -3 -5  1  0 -3 -5 -4 -1    0  58   7   0   0   0   0   0   0   0   0  17   0   0   6   6   0   0   0   6  1.04 0.40
  132 N   -1  2  1  0 -3  0  1 -1  0 -1 -1  3  0  0 -2  0 -1  2  0 -1    4  15   6   3   0   3   8   3   3   2   8  23   2   4   0   5   3   3   3   2  0.15 0.11
  133 L   -1 -2 -2 -3 -2 -2 -2  1 -2  1  1 -2  2  2 -3  0  1 -2 -1  1    0   0   0   0   0   0   0  12   0  12  12   0  12  12   0  12  12   0   0  12  0.14 0.09
  134 L   -2 -3 -4 -4 -2 -3 -3 -4 -2  2  3 -3  3  2 -4 -3 -2 -1  2  1    0   0   0   0   0   0   0   0   0  10  48   0  15   9   0   0   0   0   9   9  0.45 0.13
  135 R   -1  3 -1 -1 -4  1  2 -1  1 -1 -2  2  0 -2 -1 -1 -1 -2  2 -2    2  18   2   3   0   7  13   5   3   4   3  16   3   0   2   2   2   0  12   2  0.21 0.14
  136 S    0 -4 -5 -5 -4 -4 -4 -4 -4 -1  1 -4  0  1 -5 -1 -1 10  1 -1   10   0   0   0   0   0   0   0   0   4  15   0   3   5   0   4   4  47   4   5  1.41 0.33
  137 E   -3 -2 -2 -1 -6  0  7 -4 -2 -6 -5  2 -4 -6 -3 -2 -3 -5 -4 -5    0   0   0   0   0   0  89   0   0   0   0  11   0   0   0   0   0   0   0   0  1.68 0.45
  138 E    0 -2 -1  0 -1 -1  5  0 -2 -2 -3 -1  1 -4 -3  2  1 -4 -3 -2    8   0   2   3   2   0  43   7   0   2   1   2   4   0   0  15   8   0   0   3  0.53 0.28
  139 R   -3  6  1  4 -4 -2 -1 -4 -3 -4 -4  0 -4 -5 -4  1 -1 -5 -4 -1    0  46   5  22   0   0   2   0   0   0   1   3   0   0   0  11   4   0   0   4  0.86 0.36
  140 S    0  5  1  1 -4  0 -1 -1 -1 -4 -3 -1 -3  0 -4 -1  1 -4  1 -4    7  42   6   9   0   3   3   4   1   0   1   0   0   4   0   3  10   0   6   0  0.57 0.31
  141 E   -1  1  0  2 -4  1  3  0 -1 -1 -2  1 -2 -3  1 -1 -1 -4 -1 -1    3   6   3  14   0   4  28   6   1   4   3   6   1   0   7   3   3   0   3   4  0.28 0.17
  142 Q   -1  2  0 -1 -4  2  1 -3 -1 -2  0  4  1 -2  2 -2 -2 -4 -3 -3    3   8   3   3   0   8  10   1   1   2   9  36   4   1  10   0   0   0   0   1  0.43 0.25
  143 Q   -2  2  0 -2 -5  4  2 -2 -2 -4 -3  4  1 -2 -2 -1 -3  1 -2 -3    1  11   5   0   0  24  12   2   0   0   1  29   4   2   2   2   0   2   1   1  0.60 0.31
  144 S   -1  3  4  2 -4 -1  0 -3  0 -4 -1  0  1 -2 -3  1 -2 -4 -3 -3    3  20  26  12   0   2   6   0   2   0   5   3   5   2   0  13   0   0   0   0  0.46 0.26
  145 Y   -2  0 -2 -1 -4  5  3 -4 -1 -3 -3  3 -3 -1 -3 -2 -1 -3  3 -1    2   3   0   2   0  28  20   0   1   0   2  20   0   2   0   0   2   0  12   6  0.61 0.33
  146 Y   -3 -3 -3 -1 -4 -3 -2 -2  1 -3  0 -3  1  1 -4 -3 -3  9  6 -1    1   1   1   4   0   1   3   3   3   1   9   1   3   3   1   1   1  30  31   4  1.25 0.39
  147 W   -1  0  0  0 -2 -1  0 -1  1 -1  1  0 -1  1 -2  0  0  6  2 -1    5   4   3   6   0   1   5   5   4   1  17   5   1   5   1   6   5  14  11   1  0.19 0.09
  148 I    0 -2 -2 -2 -1 -2 -2 -2 -2  1  2 -2  2  2 -2 -1 -1  4  1  1    7   1   1   1   0   1   1   2   0   9  25   1   6  10   1   2   1   9   6  14  0.18 0.06
  149 L    0 -2 -2 -2 -2 -1  1 -2 -2  1  1 -1  2  2 -2 -1 -1 -2  0  1   13   1   1   1   0   1  13   1   0  13  14   1  13  13   1   1   1   0   0  13  0.10 0.06
  150 E   -1  2  0  1 -3  1  3  1 -1 -3 -3  2 -2 -3 -2  0  0 -3 -2 -2    3  13   4   6   0   4  25  11   0   1   2  17   0   1   1   4   4   0   1   3  0.27 0.11
  151 K    0  1  0  2  1  1  2 -1 -1 -3 -2  3 -2 -3 -2  0 -1 -3 -2 -2    5   8   3  15   3   5  17   4   0   0   4  24   0   0   0   6   0   0   0   2  0.27 0.13
  152 A    4 -2 -2 -2 -2 -2 -2  1 -2 -2 -2 -2 -2 -3 -2  2 -1 -3 -2  1   46   1   1   1   0   1   1  11   0   1   1   1   0   1   1  21   1   0   0  12  0.41 0.16
  153 G    0  2  1  0  2  1  0  3 -1 -3 -3  1 -2 -3 -2  0  0 -3 -2 -2    6  15   7   6   5   5   5  27   0   1   1   7   0   1   1   5   5   0   0   1  0.25 0.08
  154 L   -1 -3 -4 -4  3 -3 -3 -4 -4  5  2 -3  0  1 -3 -3 -2 -3 -2  1    5   0   0   1   6   0   1   1   0  51  20   1   0   5   1   1   1   0   0   7  0.56 0.21
  155 P   -1  3  0  0 -3  0  0 -3  0 -3 -2  2 -2 -3  5 -1  0 -4 -3 -3    3  20   4   4   0   3   4   1   3   0   4  14   0   0  32   4   5   0   0   1  0.59 0.20
  156 F   -1  2 -2 -3 -2 -1 -2 -3  2  1  0  0  4  1 -3 -1  1 -2  1  1    4  15   0   0   0   0   1   1   6  10   6   3  17   7   0   1  14   0   5   7  0.18 0.15
  157 P   -2 -3 -3 -2 -3 -2  0 -3 -3 -3 -1 -2 -3 -4  7  0 -2 -4 -3  0    1   1   1   1   0   0   7   1   0   1   7   1   0   0  66   7   1   0   0   7  1.42 0.36
  158 E   -1  4 -2 -2 -4  1  1 -1  1 -3 -2  4 -2 -3 -2 -1 -1 -3 -1 -1    3  25   0   0   0   3  11   3   3   0   2  35   0   0   0   2   3   0   2   6  0.48 0.24
  159 K   -1  0 -2 -2 -2  0  0 -3 -2  2  0  1  0 -2  1  0  1 -3 -1  2    3   5   0   0   0   4   7   0   0  14   6   9   2   0   6   5  11   0   2  23  0.13 0.12
  160 I   -3 -3 -4 -4 -3 -3 -1 -4 -2  3  0 -3  1  5 -4 -3 -3 -1  4  1    0   0   0   0   0   0   6   0   0  18   5   0   3  36   0   0   0   0  18   9  0.69 0.30
  161 E    0  2  0  1 -3  0  2 -1 -1 -3 -2  2 -2 -3  1  1  0 -3  0 -3    6  10   5   9   0   0  16   4   0   0   5  17   0   0   6  10   5   0   5   0  0.22 0.16
  162 S    0  1  1  1 -2 -1  0  0 -1 -1 -1  0 -1  0  1  0  0 -3 -1  0    8   8   7   8   0   0   8   8   0   0   8   8   0   7   8   8   8   0   0   8  0.07 0.08
  163 P   -1 -3  0  0 -4 -2 -1  1 -3 -1 -2  0  0 -4  6 -1 -2 -4 -1 -3    3   0   4   5   0   0   4  12   0   5   3   4   3   0  47   5   0   0   2   1  0.85 0.31
  164 E   -1  0  1  1 -4  0  4 -1  1 -3 -3  2 -1 -4 -2  0 -2 -4 -3 -2    4   4   5   8   0   2  43   5   3   0   2  11   2   0   0   5   0   0   0   4  0.46 0.25
  165 D   -1 -1  0  5 -4  0  4 -3 -2 -4 -4  1 -3 -2  1 -1 -2 -4 -3 -2    3   2   2  39   0   3  28   0   0   0   1   7   0   2   6   2   0   0   0   3  0.70 0.31
  166 I   -1 -3 -4 -4 -3 -3 -3 -4 -4  6  0  0 -1  0  1 -3 -2 -4 -2  2    5   0   0   0   0   0   0   0   0  57   3   8   0   5   6   0   0   0   0  13  0.66 0.34
  167 N   -2 -1  3  5 -4  0  3 -1 -2 -2 -4 -1 -3 -4 -3 -1 -1 -4 -3 -3    1   2  12  39   0   3  26   3   0   3   1   3   0   0   0   2   3   0   0   1  0.71 0.30
  168 E   -1  3 -1 -1  1  1  1  2 -2 -2 -2  1 -1 -3 -2  0 -1 -3 -1 -1    1  23   0   2   4   4  12  23   0   3   1  10   2   0   0   5   2   0   2   4  0.27 0.14
  169 L   -2 -3 -3 -3 -3 -3 -2 -4 -3 -1  3 -1  0 -2  6 -2 -1 -4 -3 -1    2   0   0   0   0   0   3   1   0   2  39   3   1   0  41   1   3   0   0   3  0.87 0.29
  170 V    2 -3 -3 -3  1 -3 -3 -3 -3  1  0 -3  1 -2 -3  0 -1 -3  1  4   17   0   0   0   4   0   1   1   0   1   8   0   3   0   0   6   2   0   5  49  0.40 0.22
  171 M   -2 -4 -4 -4 -3 -3 -4 -4 -4  6  1 -3  3  2 -4 -3 -2 -3 -2  1    1   0   0   0   0   0   1   1   0  57  12   0   9  11   0   1   1   0   0   6  0.75 0.28
  172 V    0 -3 -4 -4 -2 -3 -3 -4 -4  2  0 -3  1 -1 -3 -3 -2 -4 -2  6    7   0   0   0   0   0   1   1   0   8   7   0   3   2   0   1   1   0   0  68  0.77 0.30
  173 K   -3  2 -2 -2 -4 -1  0 -3 -2 -4 -4  7 -3 -4 -3 -2 -2 -4 -3 -4    1   6   0   0   0   0   2   1   0   0   1  85   0   0   0   1   1   0   0   1  1.38 0.45
  174 L    1 -1 -3 -3 -2 -2 -2 -3 -1  1  1 -2  0  3 -2 -1 -1 -1  2  2   15   3   0   0   0   0   1   1   1   5  19   0   1  15   2   4   3   0   9  19  0.19 0.12
  175 P   -1 -1  0 -1 -3  2  2 -3  4 -3 -3 -1 -1 -1  5  0 -1 -3  1 -3    4   2   5   1   0  10  14   1  13   0   1   0   1   3  31   5   3   0   4   1  0.58 0.21
  176 H   -2 -2  0 -1 -4  1  2  5  4 -4 -4  0 -3 -2 -3 -2 -2 -3 -2 -4    1   0   3   0   0   7  20  45  14   0   1   4   0   2   0   1   1   0   0   1  0.68 0.26
  177 A    5 -2 -3 -3 -2 -2 -2 -1 -3 -3 -3  1 -3 -4  2  0 -2 -4 -3 -2   68   0   0   0   0   0   1   3   0   0   1  10   0   0  10   4   1   0   0   1  0.77 0.32
  178 V    1  1  0  1 -1  1  1  0  1 -1 -1  1 -1 -1 -1  0  0 -1 -1 -1   14   8   3   9   1   4   8   6   6   4   5  11   2   2   2   3   7   1   1   5  0.06 0.02
  179 K   -1  4  1 -1 -2  0  0  0 -1 -1 -1  2  0 -2 -1 -1 -1 -1 -1 -1    4  36   6   3   1   2   3   6   1   2   4  10   3   2   3   3   3   1   2   5  0.25 0.08
  180 K    0  3 -1 -2 -3  0 -1  1 -1 -3 -3  4 -2 -3  2  0  0 -3 -1 -2    6  19   1   1   0   1   1   9   0   1   2  33   0   1   9   5   5   0   3   2  0.35 0.16
  181 L   -1 -3 -2 -3 -3 -2 -3  4 -2 -1  1 -3 -1  3 -3 -2 -2 -2  1 -1    2   0   0   0   0   1   1  45   0   2  17   0   0  17   0   1   0   0   6   5  0.52 0.20
  182 E   -2 -2 -2 -1 -4  0  5  4 -2 -4 -4  0 -3 -4 -2 -1 -2 -3 -3 -3    1   1   1   1   0   3  44  40   0   1   1   4   0   0   1   1   1   0   0   1  0.80 0.27
  183 R    0  4  1  0 -2  0  0  0  1 -2 -2  2  0 -2 -2  1 -1 -3 -2 -2    4  33   8   4   0   1   4   9   4   1   1  10   4   1   1  13   1   0   1   1  0.26 0.08
  184 G    1 -2  1  0 -2 -1  0  4 -1 -3 -3 -1 -2 -2 -2  0 -1 -2  1 -2   11   1   8   5   0   1   6  48   0   1   1   1   0   1   1   5   1   0   8   1  0.45 0.11
  185 F   -2 -2 -2 -3 -3 -2 -2 -3  4 -2 -1 -2 -1  5 -3 -2 -2  0  6 -2    1   1   1   1   0   1   1   1  11   1   1   1   0  37   1   1   1   0  38   1  0.83 0.19
  186 F   -2 -2 -3 -3 -3 -3 -2 -3 -2  1 -1 -3  1  6  1 -2 -2 -1  2 -1    3   3   1   1   0   1   3   1   0  11   1   1   5  55   7   3   1   0   3   1  0.64 0.21
  187 T    0  0 -1 -3 -2 -2 -2 -3 -2  2  1 -1  1  1 -2 -1  1 -2  2  1    7   5   2   0   0   0   0   1   0  22  17   3   2   7   0   2  13   0   9   8  0.13 0.08
  188 A    3 -2 -2  0  2 -2 -2 -2 -3  1 -1 -2 -1 -2 -1 -1  1 -3 -2  2   37   0   0   7   4   0   0   1   0   9   1   0   0   0   3   1  12   0   0  24  0.27 0.16
  189 S    0  0  1  0  2  1  0  0 -2  0 -2  0  1 -3  1  0  0  4 -2  0    6   6   6   6   6   6   6   6   0   6   1   6   6   0   6   6   6   6   0   6  0.11 0.14
  190 S   -2 -3  4  3 -3 -2 -2  1 -3 -4 -4 -2 -4 -4 -3  4  1 -4 -4 -4    1   0  18  21   0   0   1  11   0   0   1   0   0   0   0  35   9   0   0   1  0.71 0.36
  191 Y    0  1 -2 -2 -3  0  1 -1  1 -2 -1  1 -2  0  3  0  0 -2  2 -1    7   7   1   1   0   3  13   4   3   1   5   8   0   3  19   6   5   0  10   4  0.25 0.14
  192 K    0  0  1  2 -3  1  3 -2  0 -2 -3  1 -2 -4 -2  0  1 -4 -3 -2    9   5   6  11   0   6  28   2   2   2   1   9   0   0   0   7   8   0   0   3  0.32 0.18
  193 E    0  0 -1  2 -3  1  3 -2 -1 -2 -2  1 -2 -2 -2  0  1  4 -2  0    6   5   0  14   0   5  25   1   0   0   1   7   0   0   0   6  11   7   0  11  0.26 0.13
  194 Y    0 -2 -2 -3 -2 -2 -2 -2 -1  1  1 -2  0  3 -2  0  1 -1  4  1   11   1   0   1   0   0   1   1   0   6  10   1   0  20   1   7  11   0  18  11  0.24 0.13
  195 Q   -1  1  0 -1  0  0  1 -2  1 -1  0  2  0 -2 -2 -1  0  2  1  0    3  10   3   3   2   3  12   1   3   3  10  18   2   0   0   3   4   3   6  11  0.11 0.11
  196 E   -1  1  1  1 -4  2  4 -3  1 -2 -3  1 -1 -3 -3 -1  0 -4  0 -3    3   8   5   8   0   8  36   0   3   3   0   9   2   0   0   3   8   0   4   0  0.44 0.26
  197 K   -1  2 -1 -2 -3  1  1  0 -2 -2 -1  4 -2 -3 -2  0  0 -4 -3 -1    5  11   2   0   0   3   8   9   0   2   5  39   0   0   0   5   4   0   0   3  0.38 0.24
  198 S    2 -1 -1 -2  0 -2 -2 -1 -3  2  1 -2  1 -1 -2  2  0 -3 -2  1   19   3   2   1   2   0   1   3   0  15  17   1   4   3   1  18   3   0   0   8  0.17 0.17
  199 E   -1  1  1  2 -4  1  4 -1  1 -3 -2  2 -3 -4 -2  0 -1 -4 -3 -3    3   9   7   9   0   4  33   5   3   1   3  14   0   0   1   5   2   0   0   1  0.42 0.25
  200 A    0  2 -1  0 -3  1  2  0 -1 -2 -1  2 -1 -3 -1  0  0  1 -1 -2    8  11   2   5   0   5  14   5   1   1   6  20   1   1   3   5   5   2   2   3  0.17 0.13
  201 L   -1  0 -3 -1 -2 -2 -1 -3 -1  1  3  0  4  0 -3 -1 -2 -2  0  0    5   5   1   3   0   1   3   1   2   8  35   6  14   3   1   4   1   0   3   5  0.25 0.20
  202 I   -1  0 -1 -1 -2 -1 -1 -2 -2  3  1  1  1 -1 -1 -1  0 -2 -2  2    5   4   2   3   0   2   5   2   0  21  14  12   3   2   3   1   4   0   1  17  0.11 0.11
  203 K    1  2  0  0 -3  1  2 -1  0 -1 -2  3 -2 -3  0  0 -1 -3 -2 -2   11  12   3   4   0   7  16   4   2   4   3  23   0   1   3   5   1   0   1   1  0.25 0.16
  204 Q    0  2  0  0 -3  2  2 -1 -1 -3 -2  2 -2 -3  1  0 -1 -3 -2 -2   10  15   5   5   0   9  14   4   0   1   4  17   0   1   6   3   1   0   1   1  0.25 0.15
  205 G   -1  1  0  0 -3 -2 -1  5 -2 -3 -2  0 -2 -3 -2 -1 -1 -3 -3 -3    4   7   3   4   0   1   4  53   1   1   6   5   1   1   1   2   4   0   1   1  0.63 0.27
  206 V   -1  0  0 -2 -2 -1 -1 -2  0  2  1  0  1 -1 -1 -1  0  1  0  1    2   4   6   1   0   1   4   1   3  20  17   9   3   2   3   4   4   2   3  11  0.08 0.10
  207 I    0 -1 -1 -3 -2 -2 -2 -2 -3  4  2 -1  0 -2 -3 -2  0 -3 -2  2    6   4   3   1   0   1   3   4   0  37  18   3   0   1   1   1   6   0   1  12  0.33 0.22
  208 T    0  0  1  2 -2 -1  0  0 -2 -1  0  0 -1 -2  0  1  2 -3 -2 -1    5   6   7  11   0   1   7   7   0   3   9   4   2   1   4  13  17   0   0   3  0.13 0.12
  209 R   -1  2 -1  1 -3  1  2 -2  0 -2 -2  2 -2 -2  1 -1 -1 -3 -2 -1    4  12   2   8   0   3  19   2   2   1   4  19   0   2   8   3   3   0   0   6  0.24 0.17
  210 D   -1  1 -1  3 -4  1  4 -2  0 -3 -3  2 -3 -2  0 -1 -2 -4 -3 -3    5   6   2  15   0   4  38   2   2   2   2  11   0   3   4   4   1   0   0   1  0.51 0.30
  211 A   -1 -1  0  5 -3  0  1  0  0 -2 -3  0 -3 -3  0  1 -1  0 -3 -2    4   2   3  37   0   3   6   9   2   3   1   5   0   1   5  10   3   2   0   3  0.40 0.24
  212 L   -1 -2 -3 -2 -2 -2 -2 -2 -3  1  3 -1  1  1  0 -1  0  0 -2  1    4   1   1   2   0   1   1   2   0   9  41   4   2   5   4   6   7   1   0   9  0.24 0.19
  213 E    0  1  1  0  0  1  4 -1 -2 -3 -3  3 -3 -4 -2  0 -1 -3 -3 -2    9   6   6   5   2   5  28   5   0   1   1  19   0   0   1   6   2   0   0   2  0.37 0.24
  214 N    0  1  1  1 -3  1  1  0  2  0 -1  1 -1 -3  1  0  0 -3 -2 -2    7   7   7   7   0   7   7   7   7   7   7   7   0   0   7   7   7   0   0   0  0.10 0.10
  215 A    2 -3 -2 -3 -2 -2 -2 -1  1  0  0 -2  1  1  1  0  0 -2  3  0   24   0   0   0   0   0   0   4   4   6   8   0   5   6   6   9   5   0  13   7  0.19 0.19
  216 R   -1  2 -1 -2 -2  0 -1 -3  2  0 -1 -1  0  0 -1  1  1 -1  3  0    2  15   0   0   0   4   2   0   7   5   3   0   3   2   2  10  14   0  18  10  0.17 0.10
  217 I   -1 -3 -3 -4 -3 -3 -3 -4  4  5  1 -3  2 -2 -4 -3 -2 -4 -2  2    5   0   0   0   0   0   0   0  14  55   8   0   5   0   0   0   0   0   0  13  0.63 0.21
  218 E   -2 -1 -1 -1 -4  5  4 -3  2 -3 -3 -1 -2 -4 -3  1 -2 -4 -3 -1    0   0   0   0   0  33  41   0   5   0   0   0   0   0   0  14   0   0   0   7  0.73 0.24
  219 R   -2  1 -2  0 -5  2  5  1 -2 -5 -4  2 -3 -5 -3 -1 -2 -4 -3 -4    0   8   0   0   0   6  61  14   0   0   0  11   0   0   0   0   0   0   0   0  0.83 0.24
  220 Y   -2 -3 -3 -3 -3 -2 -3 -3  0  2  1 -3 -1  4 -3 -2 -2  0  6  0    1   0   0   1   0   0   1   1   0  18  13   1   0  16   0   1   1   0  46   1  0.65 0.16
  221 I    0 -3 -3 -3 -2 -2 -3 -3 -3  4  1 -3  1 -1 -3 -2  0 -3  0  4    7   1   0   1   0   0   1   1   0  33   5   1   3   0   1   1   3   0   3  40  0.39 0.13
  222 I   -1 -2 -1 -2 -2 -2 -2 -3 -2  3  2 -2  1  0  1 -1  0 -2 -1  2    4   2   4   1   0   1   2   1   0  23  25   1   1   3   9   5   3   0   0  15  0.18 0.08
  223 G    0 -3 -2 -2 -3 -3 -3  6 -3 -4 -4 -2 -3 -4 -3 -1 -2 -3 -4 -3    5   1   1   1   0   1   1  84   0   1   1   1   0   0   1   1   1   0   0   1  1.30 0.26
  224 P    1 -2 -2 -2  1 -2 -1 -2 -3  0 -1 -2 -1 -2  4 -1  3 -3 -2  2   13   1   1   1   3   1   3   1   0   1   1   1   0   0  19   1  25   0   0  28  0.38 0.15
  225 V   -1  2  2 -1  0  1 -1 -2  1 -1 -1  1  0 -2  3  0  0 -2  1 -1    1  15  13   1   2   7   1   1   4   2   5   9   2   0  15   3   5   0   8   6  0.19 0.10
  226 F    1 -2 -3 -3  0 -2 -2 -3 -2  1  1 -2  1  4 -3 -2 -1 -1  3  1   15   1   1   1   3   0   1   1   0   8   9   1   5  24   1   1   3   0  13  15  0.26 0.13
  227 N   -3 -2  5  0  2 -2 -2 -3  0 -3 -3 -2 -2  2 -3 -2 -2 -1  6 -3    1   1  34   4   5   0   1   1   0   1   1   1   0   6   1   1   1   0  41   1  0.83 0.29
  228 L    0 -2 -2 -3  2 -2 -2 -3  1  1  2 -2  0  3  2 -2 -1 -1  1  1    8   1   1   1   5   0   1   1   5   7  25   1   0  18  10   1   1   0   6   9  0.19 0.09
  229 D   -2 -1  3  1 -3  1  0 -2  6 -3 -3  1 -2 -3 -2  1  1 -3 -1 -3    1   1  22   8   0   8   1   1  31   1   1   7   0   0   1   8   8   0   0   1  0.49 0.18
  230 M   -2 -2 -2 -3 -3 -2 -3  0  3 -1 -1 -3  0  5 -3 -2 -2  0  5 -2    1   1   1   1   0   1   1   9   7   1   4   1   4  36   1   1   1   0  32   1  0.64 0.19
  231 F   -2 -2 -2 -3 -3  0  0 -3  3 -2 -1 -2 -1  6 -3 -2 -2  5  1 -2    1   1   1   1   0   5   8   1  11   1   1   1   0  58   1   1   1   8   0   1  0.76 0.23
  232 Y    1  0  0 -2 -2  0 -1 -2  4 -2 -2 -1 -2  1 -2  0 -1  2  5 -1   20   4   3   1   0   3   1   1  17   1   1   1   0   6   1   7   1   2  29   3  0.36 0.14
  233 S   -1 -2 -1  1 -2 -1 -1 -2 -2 -3 -3 -2 -2 -2  1  4  1  5  2 -3    1   1   1   9   0   0   1   1   0   1   1   1   0   0   8  49   9   8   9   1  0.53 0.23
  234 P    2 -2  0  0 -2 -1 -1  0 -2  0 -1  0  1 -3  5  0 -1 -3 -2  0   20   1   5   5   0   0   1   6   0   5   5   5   4   0  28   5   1   0   0   7  0.37 0.13
  235 I   -1 -3 -3 -4 -2 -3 -3 -4 -3  2  3 -3  3  1 -3 -2  0 -2  1  1    5   0   0   0   0   0   0   0   0  15  43   0  10   6   0   0   6   0   6  10  0.38 0.15
  236 E    0  1  1  1 -2  1  1 -2  2 -2 -1  1 -1 -3  1  0  0 -3 -2  0    8   8   7   8   0   7   8   1   7   0   8   8   0   0   8   8   8   0   0   8  0.13 0.11
  237 P    0  0  1  3 -3  0  1  0  1 -2 -1  1 -2 -3  1 -1  0 -3 -2 -1    9   5   8  21   0   1  10   6   4   1   7  12   0   0   6   1   5   0   0   4  0.18 0.12
  238 K   -1  1 -1  1 -2  1  1  2 -1 -2 -2  1 -1 -1  1 -1  0 -2 -2 -1    2   6   1  10   1   5  10  17   1   1   2  14   1   4   7   2   6   0   1   8  0.14 0.08
  239 M    0  0 -1 -1 -2 -1  0  0 -1  0  0  0  1  1  0  0  1  1  1  0    8   4   3   1   0   1   8   7   1   7   6   6   6   9   4   5  11   2   6   5  0.03 0.04
  240 S   -1 -2  2  1 -3  0  1  3 -2 -3 -3  0 -2 -1  1  0  0 -3 -2 -2    4   1  10   6   0   2  13  31   0   1   2   5   0   3   6   5   5   0   1   4  0.28 0.15
  241 K    0  3  0  2 -4  0  3 -1 -2 -4 -3  2 -3 -4 -1  1 -1 -4 -3 -3    5  23   3  12   0   2  20   3   0   0   1  16   0   0   3   8   3   0   0   0  0.41 0.23
  242 L   -3 -4  0 -4  0 -3 -4 -4 -4  1  4 -4  1  2 -4 -3 -1  4 -2  2    0   0   5   0   2   0   0   0   0   6  47   0   2   9   0   0   3   7   0  17  0.58 0.31
  243 E   -2 -1 -1  3 -5  2  6 -3 -1 -4 -4  0 -3 -4 -2 -1 -2 -4 -3 -3    0   0   0  15   0   8  77   0   0   0   0   0   0   0   0   0   0   0   0   0  0.95 0.16
  244 L   -2 -3 -4 -4 -2 -3 -4 -4 -3  3  4 -3  2  3 -4 -3 -2 -2  0  1    0   0   0   0   0   0   0   0   0  18  49   0   5  19   0   0   0   0   0   8  0.53 0.12
  245 L   -2 -2 -3 -3 -2 -2 -3 -3  1  2  2 -2  4  2 -3 -1  0 -2  1  1    0   0   0   0   0   0   0   0   5  17  27   0  19   9   0   6   5   0   4   7  0.27 0.09
  246 G    1 -3 -1 -2 -3 -2 -2  5 -3 -4 -4 -2 -3 -4 -2  3 -1 -4 -3 -3   12   0   0   0   0   0   0  59   0   0   0   0   0   0   0  29   0   0   0   0  0.85 0.18
  247 V    1 -3 -3 -3  4 -2 -3 -3 -3  2  1 -2  3  2 -3 -1  1 -2 -1  1   13   0   0   0  13   0   0   0   0  13  13   0  13  13   0   0  13   0   0  13  0.22 0.10
  248 D   -3 -3  3  6 -5 -1  1  0 -2 -5 -5 -2 -4 -5 -3  0 -2 -5 -4 -4    0   0  16  69   0   0   5   6   0   0   0   0   0   0   0   5   0   0   0   0  1.13 0.25
  249 W   -1  3 -1  1 -2  1  1 -2 -1  0 -1  1 -1 -2 -2  0  0  3 -1 -1    3  23   1   9   0   8  12   1   0   7   3  10   0   1   1   3   7   5   1   5  0.20 0.07
  250 R   -3  7 -2 -3 -5  0 -1 -4 -2 -5 -4  3 -3 -5 -4 -2 -3 -4 -3 -4    0  84   0   0   0   0   0   0   0   0   0  16   0   0   0   0   0   0   0   0  1.46 0.32
  251 F   -2  2 -2 -1 -3 -1 -1 -4  1  0  0  0  1  2 -3 -2 -2 -1  5  1    0  13   0   4   0   0   5   0   3   7   9   4   4   5   0   0   0   0  36  11  0.37 0.14
  252 E   -2 -1 -2 -1 -4  5  4 -4 -1  2 -1 -1 -1 -3 -3 -2 -2 -4 -3  0    0   0   0   0   0  35  40   0   0  16   4   0   0   0   0   0   0   0   0   5  0.64 0.22
  253 T    0 -2 -1 -2 -2 -2 -2  2 -2  0 -2 -2 -2  0 -2  2  4 -3 -2  0    4   0   0   0   0   0   0  16   0   9   0   0   0   5   0  25  35   0   0   5  0.33 0.15
  254 S    0 -2  5  1 -3 -1  1 -2 -1 -1 -3 -1 -2 -3  0  1  0 -4 -3 -2    9   0  47   7   0   0  12   0   0   5   1   0   0   0   3   7   5   0   0   0  0.51 0.18
  255 L    0 -2 -2  0 -2 -1  0 -2  0  1  2 -2  1  0 -2  0 -1 -2  0  2    7   0   0   8   0   0   6   1   3   9  24   1   4   3   0   8   1   0   4  19  0.09 0.08
  256 D   -2 -2  0  5 -3  1  2 -2  4 -3 -3 -1 -3 -3 -2  1  1 -4 -2 -3    1   1   0  47   0   5  12   1  12   1   1   1   0   0   1   8   8   0   0   1  0.65 0.22
  257 G    0 -2  1  1 -2 -1  1  1 -1  0 -1 -1 -1  1 -2  1  1 -2 -1 -1   11   1  10  11   0   0  11  11   0  11   1   1   0  10   1  11  11   0   0   1  0.10 0.08
  258 H    0  0  1 -2  3 -2 -2 -2  2  0  0 -2 -1  1 -3  0  0  4  2  0    8   8   7   0   7   0   0   1   7   8   8   0   0   7   0   8   8   7   7   8  0.15 0.15
  259 V    0  0  0 -2  0 -1 -2  0  0  0  1 -1  0  0 -1 -1  1 -2  2  0    7   6   5   0   2   2   1   8   3   2  18   3   2   3   3   3  11   0  12   9  0.07 0.10
  260 R   -1  4  1  0 -3  0 -1  0  1 -3 -2  1 -2  1  0  0 -1 -3 -1 -3    6  38   8   5   0   0   1   6   5   1   1   6   0  10   5   6   1   0   0   1  0.31 0.16
  261 L   -1 -2 -2 -2 -2 -1  0  1 -2  1  1 -2  2  2 -2 -2 -1  5  0  1    1   1   0   1   0   0  12  12   0  12  12   1  11  12   1   1   1  11   0  12  0.18 0.09
  262 P    0 -2 -2  0 -2 -2 -2  0 -2  0 -1 -2 -1 -2  4  0  0  4  1  0    6   1   0   5   0   0   1   8   0   7   7   1   0   0  27   7   6   8   5  10  0.37 0.14
  263 A    4 -2 -1  0 -3 -1  0 -1 -3  0 -2 -1 -2  0  0  1 -2 -4 -3  0   46   0   2   5   0   2   7   2   0   5   3   4   0   4   4   9   0   0   0   6  0.34 0.27
  264 P    0  0  0  1 -2  0  1 -2 -1  0 -1  2 -1 -2  1  0  0 -3 -1  0    6   4   4   7   0   3   9   2   1   6   7  17   0   0   6   9   3   0   2  11  0.09 0.09
  265 Q   -1  1  0  1  1  2  2 -2  1  0 -1  0  0 -1 -2  0 -1 -2  0  0    3   9   2  10   4  11  13   1   4   9   6   3   3   2   1   5   3   0   4   6  0.09 0.09
  266 Q   -2 -1 -2  0 -3  6  1 -3  1 -2 -1 -1  0 -2 -2 -1 -2 -2  2 -1    2   1   1   4   0  46   9   2   3   1   8   1   3   1   1   4   1   0   7   4  0.64 0.32
  267 M   -1 -1 -1  0 -2 -1  0 -2 -2  1  2  0  3 -1 -2 -1  0 -2  1  0    4   3   3   6   0   1   6   2   1   6  26   8  11   1   1   2   4   0   7   7  0.11 0.11
  268 A    0  2 -1  0 -3  1  3 -1 -1 -2 -2  1 -2  0 -2  0  0 -2  0 -2   10  11   1   5   0   4  29   5   1   1   4   8   1   4   1   4   6   0   3   2  0.24 0.15
  269 L    0 -2 -2 -2 -1 -1 -2 -1 -2  2  2 -2  2  0 -2  0 -1 -2 -1  1    6   2   1   2   1   1   2   6   1  15  30   2   8   3   2   7   2   0   1   9  0.15 0.10
  270 A    0  0  0  0 -1  0  0  0 -1  0  0  0  0  0  1  0  0 -1 -1  0   11   5   6   5   1   2   6   7   1   6  15   5   1   4   6   9   4   1   2   3  0.03 0.01
  271 P    0  0  0  2 -2  0  2  0 -1 -2 -1  1 -1 -2  2  1  0 -2 -1 -1    6   4   4  13   1   3  14   5   1   2   6  11   1   2   9   9   5   1   1   3  0.15 0.06
  272 H    0  0  0  0 -1  0  0  0  3  0  0  0  0 -1  0  0  0  0  0  0   10   4   5   6   1   3   5   6  13   4   7   3   4   2   3   8   4   1   3   8  0.05 0.05
  273 Q   -1 -1  3  1 -3  1  1  1  2 -2 -2  1  1 -3  0 -1 -1 -3 -2 -1    4   1  18   8   0   8   9  14   5   3   1  10   5   1   4   3   3   0   0   4  0.21 0.15
  274 L   -1 -1 -3 -1 -2 -1 -2 -3 -2  3  2 -1  2  1  0 -2 -2 -2  1  2    4   4   1   3   0   4   1   1   0  28  19   4   6   6   4   1   1   0   4  11  0.23 0.17
  275 T   -1  1  1  1  1 -1  3 -1  1 -1 -2  0 -2 -3  2  0 -1 -3  0 -1    5   8   6   6   3   0  24   4   3   4   4   6   0   0  11   4   4   0   3   4  0.21 0.16
  276 P    0  1  1 -1 -2 -1 -1 -2 -2  1  0 -1  0 -2  2  1  1 -3 -2  1   11  11  10   1   0   0   1   1   0  11  11   1   0   0  11  11  11   0   0  11  0.11 0.07
  277 E   -1  1  1  0 -3  2  1 -2 -1 -3 -2  1 -2 -3  0  2  2 -3 -2 -2    0   6   8   4   0  10  11   0   0   0   2   8   0   0   4  26  20   0   0   0  0.31 0.12
  278 Y   -2 -2  3 -2 -3 -2 -2  1  0 -2 -2 -2  1  3 -3 -1 -1  0  6 -2    0   0  19   0   0   0   0  10   0   0   0   0   5  16   0   3   4   0  40   0  0.56 0.20
  279 T   -1 -2  1  0 -2 -1  1 -2 -2  2 -1 -1 -1 -2 -2  0  2 -3 -2  2    0   0   9   5   0   0  16   0   0  18   0   0   0   0   0   5  21   0   0  24  0.16 0.08
  280 V   -1 -2 -2 -1 -2 -1  3 -3 -2  2  1  0  2 -2 -3 -2 -1 -3 -2  3    0   0   0   0   0   0  28   0   0  17   9   8   9   0   0   0   0   0   0  30  0.25 0.12
  281 C    0 -3 -2 -3  3 -2 -2 -3 -3  2  1 -2  2 -1 -2  0  2 -3 -2  2    8   0   0   0   7   0   0   0   0  19   7   0   7   0   0   7  21   0   0  23  0.24 0.09
  282 G    1 -4 -2 -3  1 -3 -3  6 -3 -3 -2 -3 -3  0 -3 -1 -1 -4 -3 -2   12   0   0   0   4   0   0  69   0   0   3   0   0   5   0   0   5   0   0   3  0.96 0.25
  283 H   -4 -2  6 -2 -5 -2 -2 -3  9 -5 -5 -2 -4 -4 -4 -2 -3 -5 -1 -5    0   0  42   0   0   0   0   0  58   0   0   0   0   0   0   0   0   0   0   0  1.81 0.41
  284 N    0  0  0 -2 -2  0 -1 -2  1  2  0 -1  1  1 -3  0  1 -2  0  1    9   5   6   0   0   6   3   2   5  24   3   0   3   8   0   6   9   0   2   9  0.07 0.07
  285 S    0 -3 -2 -1 -3 -2 -2  1 -2 -1 -1 -2  1 -2  6  0  0 -3  1 -2    9   0   0   4   0   0   0  13   0   4   4   0   5   0  42   7   5   0   7   0  0.69 0.19
  286 A    1 -2  0 -3  3 -2 -2 -1 -3  2  1 -1  1 -2 -3  0 -1 -3 -2  2   19   0   7   0   7   0   0   4   0  14  15   4   4   0   0   5   0   0   0  22  0.16 0.10
  287 T    1 -2 -1 -2 -2 -2 -2 -2 -3  1 -1 -2  1 -3 -2  3  4 -4 -3  2    7   0   0   0   0   0   0   0   0   6   0   0   6   0   0  28  35   0   0  18  0.42 0.21
  288 L   -1 -3 -3 -3 -2 -2 -3 -3 -3  2  3 -3  3 -1  1 -2  1 -3 -2  2    5   0   0   0   0   0   0   0   0  13  38   0  12   0   7   0  13   0   0  12  0.33 0.12
  289 R   -3  7 -2 -3 -4  0 -1 -4 -2 -4 -1  3 -2 -4 -3 -2  0 -4 -3 -3    0  76   0   0   0   0   0   0   0   0   6  13   0   0   0   0   5   0   0   0  1.07 0.27
  290 E   -3 -3 -3 -1 -6  0  7 -5 -3 -6 -6 -2 -5 -6 -4 -3 -3 -5 -5 -5    0   0   0   0   0   0 100   0   0   0   0   0   0   0   0   0   0   0   0   0  2.02 0.51
  291 S   -1 -1 -2 -3 -3 -2 -2 -3 -3 -5 -5  0 -4 -5 -3  7 -1 -5 -4 -4    0   3   0   0   0   0   0   0   0   0   0   5   0   0   0  92   0   0   0   0  1.44 0.45
  292 L   -3 -3 -4 -4 -3  0 -3 -5 -3  1  4  0  3  2 -4 -3 -1 -3  0 -1    0   0   0   0   0   4   0   0   0   5  61   9   7   7   0   1   3   0   3   0  0.60 0.23
  293 L   -2 -4 -5 -5 -3 -2 -4 -5 -4  1  5 -2  3 -1 -5 -4 -3 -4 -3  0    2   0   0   0   0   2   0   0   0   5  80   3   6   0   0   0   0   0   0   3  0.99 0.30
  294 D    0 -1 -1  0 -4  0  3  0 -1 -3 -3  0 -1 -4  5 -1 -2 -4 -3  0    5   2   2   5   0   2  27   6   1   0   0   6   1   0  32   2   0   0   0   8  0.63 0.20
  295 K   -2  1 -1  2 -4  1  3 -2  1 -3 -2  3  2 -4 -2 -1 -1 -4 -3 -2    2   7   1  11   0   5  25   2   3   0   2  24   8   0   1   3   4   0   0   2  0.42 0.23
  296 V    2 -4 -5 -5 -3 -4 -4 -4 -4  3  1 -4  2  0 -4 -3 -2 -4  0  4   18   0   0   0   0   0   0   0   0  15  11   0   6   3   0   0   0   0   3  43  0.64 0.30
  297 F   -3 -4 -4 -5 -4  0 -4 -5  2  0  2 -4  2  5 -5 -4 -3  2  4  1    0   0   0   0   0   5   0   0   5   5  18   0   6  34   0   0   0   3  14  11  0.74 0.30
  298 E   -1  2 -1  3 -4  0  3  1  1 -4 -3  1 -3 -4 -1  0 -1  3 -3 -3    2  12   0  18   0   2  23  10   3   0   2  11   0   0   2   4   3   6   0   2  0.39 0.21
  299 M    1 -3 -1 -1  1 -2 -1 -3 -3  1  1 -3  6 -2 -4  1  0 -3  2  0   11   0   3   4   3   0   3   0   0   9   9   0  29   0   0  12   4   0  10   4  0.36 0.25
  300 G    3 -4 -3 -3 -4 -3  0  5 -4  1 -4 -3 -3 -4 -4  0 -3 -5 -4 -3   24   0   0   0   0   0   7  50   0  12   0   0   0   0   0   8   0   0   0   0  0.83 0.34
  301 E   -1  1  0  2 -4  0  4 -2  2 -2 -2  0 -3 -3  2 -2 -1 -4 -1 -1    2  10   4  12   0   2  31   3   5   3   4   3   0   0  12   0   3   0   2   4  0.36 0.20
  302 K    1  3  2 -2 -4  1  0  0  0 -4 -3  4 -3 -4 -3  0 -1 -4 -3 -3   12  18  11   0   0   7   2   7   2   0   2  33   0   0   0   3   2   0   0   0  0.45 0.22
  303 Y   -2 -4 -4 -5 -3 -4 -4 -5 -3  1  2 -4 -1  6 -5 -3 -1  2  2  2    3   0   0   0   0   0   0   0   0   8  17   0   0  44   0   0   5   3   4  16  0.79 0.29
  304 V    1 -1 -4 -5 -3 -3 -4 -4 -4  3  1 -3  1 -2 -4 -3 -1 -4 -1  5   11   4   0   0   0   0   0   0   0  15  11   0   3   0   0   0   2   0   2  52  0.63 0.28
  305 K    0  1  0  1 -4  1  4 -2 -2 -4 -2  3 -3 -4 -3  0 -1 -4 -3 -3    8   5   3   7   0   4  40   2   0   0   3  18   0   0   0   8   1   0   0   1  0.52 0.24
  306 A    3 -1 -2 -3 -2 -1  0 -2 -3  0 -2  0 -1 -1 -2  1  2 -4 -3  1   39   2   0   0   0   2   7   0   0   4   2   5   1   3   0   8  15   0   0  12  0.31 0.21
  307 T    1 -2 -2 -3  4 -2 -2 -3 -2  0  1 -2  2  2 -3  1  1 -1  2  1   11   0   0   0  11   0   0   0   0   0  11   0  11  11   0  11  11   0  11  11  0.20 0.12
  308 Q    0  0  1  0 -3  1  0  0  2  0  0  0  1  1 -3 -1 -2  4 -1  0    7   7   7   7   0   7   7   7   6   7   7   7   6   6   0   0   0   6   0   7  0.08 0.13
  309 E   -1  3 -2  1 -4  0  4 -2 -2 -4 -4  4 -3 -4 -3 -1 -2 -4 -3 -2    4  16   0   8   0   3  30   3   0   0   1  28   0   0   0   3   0   0   0   2  0.63 0.33
  310 H   -2  0 -2 -2 -3 -1  1 -4  3  1  3  0  1  0 -3 -1 -1 -3  0  0    1   5   0   0   0   0  13   0  10   9  35   6   3   3   0   4   3   0   3   4  0.25 0.20
  311 Y   -1 -2 -1 -1  2 -2  1 -2  0  0 -1 -1  0  4 -3 -1  0 -1  4  0    5   0   3   2   4   0  10   3   1   3   4   4   3  21   0   3   5   0  19   9  0.28 0.20
  312 A    0 -1  0 -1 -4 -2  0  3  2 -4 -4  0 -3 -4  5  0 -2 -4  0 -4    8   2   4   3   0   0   5  25   6   0   1   7   0   0  27   6   0   0   4   0  0.58 0.27
  313 P   -2  1 -1 -2  1  1 -2 -2 -2 -3 -3  0 -3 -3  6 -2 -2 -3  1 -3    1   9   4   1   4   7   1   4   0   1   2   7   0   1  49   1   1   0   5   1  1.01 0.35
  314 G   -2  0 -3 -1 -5 -3 -4  6 -4 -6 -5  0 -5 -5  1 -3 -4 -5 -5 -5    0   5   0   4   0   0   0  77   0   0   0   5   0   0   8   0   0   0   0   0  1.44 0.46
  315 I   -1 -2 -2 -3 -2 -2 -2 -3 -3  2  2 -2  3 -1  3 -1  1 -3 -2  2    0   0   0   0   0   0   0   0   0  17  17   0  17   0  17   0  17   0   0  17  0.30 0.07
  316 I   -1  1  0 -2 -2 -1 -2 -3 -2  3  0  1  0  0  0 -1  1  3 -1  1    4  12   5   0   0   0   0   0   0  29   3  12   0   4   3   0  13   5   0  11  0.14 0.08
  317 G   -1  1 -1 -2  3 -2 -3  6 -3 -4 -4 -2 -3 -4 -3  1 -2 -4 -4 -4    0   9   0   0  10   0   0  69   0   0   0   0   0   0   0  12   0   0   0   0  0.94 0.20
  318 S    1 -3 -3 -3 -3 -2 -2 -3 -3 -3 -1 -2  1 -4  7  1 -2 -4 -4 -3   10   0   0   0   0   0   0   0   0   0   7   0   5   0  65  13   0   0   0   0  1.34 0.21
  319 F   -3 -4 -4 -4 -3 -4 -4 -4 -2  0  1 -4 -1  7 -4 -3 -3  5  3 -1    0   0   0   0   0   0   0   0   0   5   8   0   0  72   0   0   0   8   7   0  1.00 0.17
  320 C    2 -3 -2 -3  8 -2 -3  1 -2 -2 -2 -3 -2 -2 -3  1  0 -3  1 -2   21   0   0   0  49   0   0  10   0   0   0   0   0   0   0   8   5   0   6   0  0.75 0.15
  321 L   -1 -3 -3 -4 -2 -2 -3 -4 -3  2  2 -3  3  3 -3 -2 -1 -1  0  2    0   0   0   0   0   0   0   0   0  20  20   0  20  20   0   0   0   0   0  20  0.31 0.05
  322 Q   -2 -1 -1  1 -5  6  5 -4  2 -5 -4 -1 -3 -5 -3 -2 -2 -4 -3 -4    0   0   0   6   0  44  44   0   6   0   0   0   0   0   0   0   0   0   0   0  1.09 0.30
  323 T    0 -2  0 -2  3 -2 -2  2 -2 -2 -1 -2  2  1 -3  1  3 -3 -2 -1    8   0   4   0   8   0   0  18   0   0   5   0  11   8   0  11  27   0   0   0  0.26 0.14
  324 C    2 -3 -4 -4  2 -3 -3 -3 -3  3  1 -3  2  2 -3 -2 -1 -3 -1  3   21   0   0   0   5   0   0   0   0  26   7   0   5  10   0   0   0   0   0  26  0.36 0.15
  325 V    0 -4 -4 -4  3 -3 -4 -1 -3  3  0 -3  2  2 -4 -3 -2 -2  2  3   10   0   0   0   8   0   0   6   0  23   6   0   8   7   0   0   0   0  11  21  0.39 0.22
  326 D   -1  0  2  3 -3  0  1  0  1 -1 -3  0 -3 -4  0  0  2 -4 -3 -2    4   4   9  21   0   4   6   7   4   4   0   6   0   0   4   4  22   0   0   0  0.29 0.18
  327 K   -1 -1  0  3 -4  0  1  1 -2 -1 -3  1 -3 -1  3 -1 -1  1  1 -2    4   2   2  18   0   2  10  11   0   4   0  11   0   2  15   3   4   2   6   2  0.28 0.19
  328 D   -1  1  1  1 -3  1  1  0  2 -2 -1  1 -2 -3  1  0  0 -3 -2 -2    1   8   8   8   0   8   8   8   8   0   8   8   0   0   8   8   8   0   0   0  0.17 0.11
  329 L    0  0 -2 -2 -2  0  1  1 -2  0  2  0  2 -2  0 -1 -1 -3 -2 -1    7   6   0   0   0   3  14  11   0   3  32   8   7   0   4   2   0   0   0   0  0.14 0.12
  330 N   -1  0  2  2 -3  2  3 -1  0 -3 -3  1 -2 -4 -2  1  0 -4 -3 -3    3   4  12  13   0   7  27   4   2   0   2  10   0   0   0   7   8   0   0   0  0.36 0.14
  331 F   -3 -4 -4 -4 -3 -4 -4 -2 -3  2  1 -4  2  6  1 -3 -2  2  1  0    0   0   0   0   0   0   0   3   0  14  15   0   5  45   7   0   0   3   3   5  0.60 0.20
  332 Y   -1  1 -2 -3 -3 -2 -2  0 -1  1 -1  1 -1  1 -3 -1  0 -1  4  2    0   9   0   0   0   0   0   9   0   6   2  10   0   4   0   2   4   0  23  29  0.23 0.14
  333 I    1 -3 -3 -2  1 -2 -3 -3 -3  3  0 -3  1  0 -3 -1  1 -3  0  3   12   0   0   2   3   0   0   0   0  20   4   0   5   3   0   3  10   0   3  35  0.27 0.14
  334 Y   -3 -3 -3 -4 -4 -1  0 -4  1  1 -1 -3  0  6 -4 -3 -3 -1  4 -1    0   0   0   0   0   3   7   0   5  10   0   0   3  53   0   0   0   0  17   3  0.83 0.25
  335 D   -1 -1  0  4 -3  0  3  3 -1 -4 -4  0 -3 -4 -2  0 -1 -3 -3 -3    0   0   0  33   0   0  33  33   0   0   0   0   0   0   0   0   0   0   0   0  0.53 0.02
  336 V    0 -3 -3 -4 -2 -3 -3 -3 -3  3  1 -3  2  3 -3 -2 -1 -1  0  3    6   0   0   0   0   0   0   0   0  20   7   0   6  25   0   0   0   0   0  36  0.29 0.04
  337 A    2 -1  0  3 -1 -1  0 -1 -2 -2 -2 -1 -2 -3 -1  2  2 -3 -2 -1   25   0   0  25   0   0   0   0   0   0   0   0   0   0   0  25  25   0   0   0  0.31 0.03
  338 P    1 -2 -1 -2 -2 -1 -2  1 -2 -1  0 -1  1  0  3  1  1 -2 -1  0   20   0   0   0   0   0   0   9   0   0  10   0   6   7  14  15  14   0   0   5  0.19 0.04
  339 R   -2  7 -1 -3 -4  0 -1 -3 -1 -4 -3  1 -2 -4 -3 -2 -2 -4 -3 -4    0 100   0   0   0   0   0   0   0   0   0   0   0   0   0   0   0   0   0   0  1.27 0.16
  340 V   -2 -3 -3 -3 -2 -3 -3 -4  2  4  1 -3  2 -1 -3 -2  0 -3 -1  3    0   0   0   0   0   0   0   0   8  61   4   0   4   0   0   0   5   0   0  18  0.41 0.08
  341 G   -1 -3 -2  0 -2 -2 -2  3 -3  0 -2 -2 -1 -3  4 -1 -1 -4 -3  2    0   0   0   8   0   0   0  28   0   0   0   0   0   0  27   0   0   0   0  38  0.47 0.08
  342 G    4 -4 -2 -3 -3 -3 -3  5 -3 -4 -4 -3 -4 -4 -3  0 -2 -4 -4 -3   39   0   0   0   0   0   0  59   0   0   0   0   0   0   0   3   0   0   0   0  1.11 0.33
  343 G   -1 -2 -1  1  2 -2 -2  5 -3 -4 -4 -2 -3 -4 -3  2 -2 -4 -4 -4    0   2   0   9   6   0   0  56   0   0   0   0   0   0   0  23   0   0   0   0  0.84 0.26
  344 T   -2 -3 -2 -3  0 -2 -2 -3 -3 -3 -3 -2 -3 -4  6  2  5 -4 -3 -2    0   0   0   0   2   0   0   0   0   0   0   0   0   0  38  13  44   0   0   0  1.06 0.32
  345 N    0 -2  6  1  3 -2 -2  1 -2 -4 -4 -2 -3 -4 -3  0 -1 -4 -4 -4    9   0  58   5   8   0   0  12   0   0   0   0   0   0   0   3   3   0   0   0  0.85 0.29
  346 V    0 -2 -2 -3 -1 -2 -2 -3 -3  2  1 -2  0 -1  2  0  1 -3 -2  2    7   1   0   1   1   0   1   1   0  13  17   1   1   2  12   5  12   0   0  24  0.23 0.11
  347 H   -1 -1 -2 -2 -3 -1  0  0  3  0 -1 -1 -1  2  0 -2 -1  3  5 -1    6   4   0   2   0   1   6   8   9   7   5   3   1  11   5   1   2   3  26   1  0.24 0.12
  348 M    0 -3 -3 -3 -2 -2 -3 -3 -3  3  1 -2  3  2  3 -2 -2 -2  0  2    6   0   0   0   0   1   1   1   0  25   7   0  15  10  16   1   0   0   4  12  0.34 0.15
  349 S    1 -2  1  0 -2 -1 -1  2  0 -2 -3 -1 -2 -3  0  2  3 -3 -2 -1   10   1   7   3   0   1   1  17   2   1   1   1   0   0   4  21  26   0   0   2  0.31 0.14
  350 V    0 -1 -1 -1 -1 -1 -1 -1  1  0 -1 -1  0 -1  4  1  1 -1  0  0    9   2   2   3   1   2   2   3   4   7   6   3   3   2  22  10  10   1   4   6  0.21 0.05
  351 G    0 -2  0 -1 -2  1 -1  4 -2 -3 -3 -1 -2  0  1  1  1 -2 -2 -2    6   1   5   1   0   9   1  36   0   1   1   1   0   5   8  15   9   0   0   1  0.33 0.11
  352 H    0 -2  1 -1 -2 -1  0  0  2 -2 -2 -1  2 -3  2  3  2 -3 -2 -2    3   0   5   0   0   0   4   4   8   0   1   0   9   0  11  41  11   0   0   0  0.35 0.16
  353 S   -1  1 -3 -3  4  0 -2 -3 -3 -3 -3  0 -3 -2  6  0 -1  2 -3 -3    2   9   0   0  11   6   0   0   0   0   2   5   0   2  53   5   3   3   0   0  1.04 0.25
  354 Y   -2 -1 -2 -2 -4 -1  1 -3  3 -3 -3  1 -2  1  3 -2 -2  0  6 -3    0   0   0   0   0   0  11   0  10   0   0  11   0   0  16   0   0   0  52   0  0.71 0.17
  355 G    0  2 -1 -2 -2 -1 -1  2 -1 -2 -1  0  2 -1 -2  1  1 -2  1 -1    8  17   0   0   0   0   0  18   0   0   1   0  17   0   0  17  14   0   7   0  0.17 0.08
  356 N    0  0  2  1 -3  0  0  0 -1 -2 -1  2 -2 -1 -2  0 -1  1  1 -1    8   4  16  11   0   1   4   6   0   0   6  19   0   2   1   4   1   2   8   5  0.13 0.08
  357 S    1 -2  0 -2 -2 -2 -2 -2 -1  0  2 -2  0  0 -2  0  0  3  3  0   15   1   5   1   0   1   1   1   0   5  26   1   1   2   1   5   5   4  18   8  0.19 0.11
  358 L    0  0 -2 -3 -3  0 -1 -3 -2  0  2  1  1  1 -3 -2 -1 -2  3 -1    8   6   1   0   0   4   3   0   0   6  34  13   3   3   0   0   3   0  16   0  0.22 0.14
  359 W   -3 -1  0 -4 -4 -3 -4 -4  1  2 -1 -3 -2  3 -4 -3 -3  8  6 -2    0   4   5   0   0   0   0   0   4  19   2   0   0  12   0   0   0  21  33   0  0.98 0.28
  360 R   -1  2  1  1 -4  1  2  3 -1 -4 -3  1 -3 -4 -3  0 -1 -4 -3 -4    0  17   8  10   0   4  14  31   1   0   1   7   0   0   0   3   4   0   0   0  0.43 0.15
  361 K   -1  2 -1  1 -4  1  3  0 -1 -3 -2  2  0 -2  1  0 -1 -4 -3 -2    3  10   0   6   0   2  32   7   1   0   4  14   3   1   7   5   3   0   0   1  0.31 0.13
  362 P   -1  0  1  0 -3 -1  1  0 -3 -3 -4 -2 -3 -2  6  1  1 -4 -3 -2    1   5   6   4   0   1   8   7   0   1   0   0   0   2  43   9  11   0   0   1  0.78 0.21
  363 M   -2 -3 -4 -4 -3 -3 -4 -4 -4  2  3 -3  7  0 -4 -1 -1 -3 -2  1    0   0   0   0   0   0   0   0   0  11  25   0  43   3   0   7   1   0   0  10  0.75 0.28
  364 S   -1 -3 -1  3 -3 -2 -1  0 -3 -4 -4 -2 -3 -4 -3  5  1  1 -1 -3    0   0   0  20   0   0   0   7   0   0   0   0   0   0   0  61   7   2   3   0  0.77 0.31
  365 T   -2 -3 -2 -3 -1 -2 -3 -3 -2  0  2 -2  5  0  0  0  3 -2  1  0    0   0   1   0   1   0   0   0   0   3  16   0  26   4   4   8  24   0   5   6  0.34 0.19
  366 G   -1 -3 -2 -3 -4 -3 -3  6 -3 -5 -4 -3 -4 -4  3  0 -3 -4 -4 -4    1   0   0   0   0   0   0  76   0   0   1   0   0   0  14   5   0   0   0   0  1.29 0.30
  367 R    0  6 -1  0 -3  1  2 -1 -1 -3 -3  1 -2 -3 -2 -1 -2 -3 -2 -3    8  53   1   4   0   3  12   3   0   1   2   6   0   1   1   1   1   0   1   1  0.61 0.18
  368 R   -3  7 -2 -3 -4 -1 -2 -3 -2 -4 -3  0 -3 -4 -3 -2 -2 -3 -3 -3    1  86   1   1   0   1   1   1   0   1   1   1   0   1   1   1   1   0   0   1  1.48 0.35
  369 L   -2  0 -3 -3 -2 -3 -3 -4 -3  5  1 -1  1 -2 -3 -2  0 -3 -2  2    1   7   0   1   0   0   1   1   0  62   6   3   2   0   1   1   6   0   0   7  0.59 0.21
  370 A    5 -3 -3 -4  2 -3 -3 -1 -3 -1 -2 -3  4 -3 -3  0 -2 -4 -3 -2   72   0   0   0   5   0   0   3   0   4   0   0  14   0   0   3   0   0   0   0  0.85 0.32
  371 F   -2  4 -2 -4 -3  0 -2 -4 -1  1  1 -1  6 -1 -4  0 -2 -3 -2 -1    0  30   1   0   0   4   0   0   1   7  12   0  34   2   0   7   0   0   0   2  0.58 0.26
  372 E   -3 -2 -2  0 -1  0  7 -4 -2 -5 -5  0 -4 -5 -3  1 -2 -5 -4 -4    0   0   0   1   2   0  85   0   0   0   0   2   0   0   0  10   0   0   0   0  1.41 0.41
  373 I   -3 -4 -5 -5 -3 -4 -5 -5 -5  6  1 -4  0 -2 -4 -3  1 -4 -3  3    0   0   0   0   0   0   0   0   0  72   7   0   0   0   0   0   8   0   0  14  1.01 0.31
  374 R   -2  5 -2 -3 -5  0 -1 -2  0 -4 -2  5 -3 -4 -3 -1 -2 -4 -3 -4    1  34   0   0   0   0   1   2   2   0   5  52   0   0   0   4   0   0   0   0  0.89 0.30
  375 R   -2  3 -1  0 -4  1  3 -3 -1  0  0  2  0 -1 -3 -2 -1 -3  2 -2    0  17   2   4   0   6  22   0   0   6   9  17   2   1   0   0   3   0  10   1  0.30 0.16
  376 A    6 -4 -4 -4 -1 -3 -3  1 -4 -4 -2 -3 -3 -5 -3  0 -2 -5 -4 -3   86   0   0   0   1   0   0   8   0   0   2   0   0   0   0   2   0   0   0   0  1.28 0.42
  377 L    1  0 -2 -3 -2 -1 -2 -3 -3  3  1 -1  2  1 -3 -2 -1  2  0  1   13   6   1   1   0   3   1   1   0  28  15   2   5   5   0   1   1   3   4  10  0.20 0.12
  378 E   -1  0 -1  2 -5  1  5 -3  1 -3 -4  4 -2 -5 -3 -1 -2 -5 -3 -4    3   3   2  11   0   5  40   1   4   1   0  27   1   0   0   3   0   0   0   0  0.70 0.26
  379 L    0  1  1  0 -3  2  2 -2 -1 -2 -1  2  1 -3 -2  1  1 -4 -2 -2    5   5   9   2   0  14  15   0   1   1   7  14   6   0   0   9  12   0   1   1  0.24 0.14
  380 E   -2  0  4  4 -5  0  1  3 -2 -5 -5  1 -4 -5 -3 -1 -2 -5 -4 -5    0   3  23  26   0   5   6  29   0   0   0   7   0   0   0   1   0   0   0   0  0.72 0.25
  381 K   -2  5 -1 -2  2  2  0 -3 -1 -2 -1  3  1 -4 -3 -1 -1 -4 -3 -1    2  34   1   1   5  12   6   0   1   2   5  20   6   0   0   1   1   0   0   3  0.49 0.21
  382 L   -3 -4 -5 -5 -3 -1 -3 -6 -5  1  6 -4  2 -2 -5 -3 -3 -4 -3 -1    0   0   0   0   0   3   1   0   0   7  81   0   5   0   0   1   0   0   0   1  1.10 0.35
  383 D   -1 -1  0  4 -4 -1  3  0 -1 -3 -1  1 -1 -3 -2  0  0 -4 -1 -3    4   1   3  26   0   0  28   5   1   0   6   7   2   0   1   7   5   0   2   0  0.40 0.18
  384 M   -3  2  0  2 -5  1  4 -4 -1 -4 -2  4  0 -4 -3 -2 -2 -5 -3 -3    0   8   2  10   0   2  37   0   1   0   4  29   3   0   0   1   0   0   0   2  0.66 0.26
  385 I   -2 -5 -5 -5 -3 -4 -5 -5 -5  6  1 -5  0 -2 -5 -4 -2 -5 -3  4    2   0   0   0   0   0   0   0   0  60  10   0   1   0   0   0   0   0   0  27  1.10 0.34
  386 V   -2 -4 -4 -5 -3 -4 -4 -5 -5  3  3 -4  0 -1 -4 -3  1 -4 -3  5    0   0   0   0   0   0   0   0   0  16  25   0   0   2   0   1   7   0   0  48  0.71 0.26
  387 T   -2 -3 -2 -3 -3 -3 -3 -3 -4 -3 -4 -3 -3 -4 -3  3  6 -5 -4 -2    0   0   0   0   0   0   0   0   0   0   0   0   0   0   0  28  72   0   0   0  1.28 0.40

                      K         Lambda
Standard Ungapped    0.1369     0.3193
Standard Gapped      0.0410     0.2670
PSI Ungapped         0.1323     0.3175
PSI Gapped           0.0405     0.2670
