
Last position-specific scoring matrix computed, weighted observed percentages rounded down, information per position, and relative weight of gapless real matches to pseudocounts
           A  R  N  D  C  Q  E  G  H  I  L  K  M  F  P  S  T  W  Y  V   A   R   N   D   C   Q   E   G   H   I   L   K   M   F   P   S   T   W   Y   V
    1 M   -1 -1 -2 -3 -1  0 -2 -3 -2  1  2 -1  5  0 -2 -1 -1 -1 -1  1    0   0   0   0   0   0   0   0   0   0   0   0   0   0   0   0   0   0   0   0  0.00    0.00
    2 T    0 -1  0 -1 -1 -1 -1 -2 -2 -1 -1 -1 -1 -2 -1  1  4 -2 -2  0    0   0   0   0   0   0   0   0   0   0   0   0   0   0   0   0   0   0   0   0  0.00    0.00
    3 F   -2 -3 -3 -3 -2 -3 -3 -3 -1  0  0 -3  0  6 -4 -2 -2  1  3 -1    0   0   0   0   0   0   0   0   0   0   0   0   0   0   0   0   0   0   0   0  0.00    0.00
    4 N   -2  0  6  1 -3  0  0  0  1 -3 -3  0 -2 -3 -2  1  0 -4 -2 -3    0   0   0   0   0   0   0   0   0   0   0   0   0   0   0   0   0   0   0   0  0.00    0.00
    5 T    0 -1  0 -1 -1 -1 -1 -2 -2 -1 -1 -1 -1 -2 -1  1  4 -2 -2  0    0   0   0   0   0   0   0   0   0   0   0   0   0   0   0   0   0   0   0   0  0.00    0.00
    6 A    4 -1 -2 -2  0 -1 -1  0 -2 -1 -1 -1 -1 -2 -1  1  0 -2 -2  0    0   0   0   0   0   0   0   0   0   0   0   0   0   0   0   0   0   0   0   0  0.00    0.00
    7 A    4 -1 -2 -2  0 -1 -1  0 -2 -1 -1 -1 -1 -2 -1  1  0 -2 -2  0    0   0   0   0   0   0   0   0   0   0   0   0   0   0   0   0   0   0   0   0  0.00    0.00
    8 L   -1 -2 -3 -4 -1 -2 -3 -4 -3  2  4 -2  2  0 -3 -2 -1 -2 -1  1    0   0   0   0   0   0   0   0   0   0   0   0   0   0   0   0   0   0   0   0  0.00    0.00
    9 M   -1 -1 -2 -3 -1  0 -2 -3 -2  1  2 -1  5  0 -2 -1 -1 -1 -1  1    0   0   0   0   0   0   0   0   0   0   0   0   0   0   0   0   0   0   0   0  0.00    0.00
   10 L   -1 -2 -3 -4 -1 -2 -3 -4 -3  2  4 -2  2  0 -3 -2 -1 -2 -1  1    0   0   0   0   0   0   0   0   0   0   0   0   0   0   0   0   0   0   0   0  0.00    0.00
   11 L   -1 -2 -3 -4 -1 -2 -3 -4 -3  2  4 -2  2  0 -3 -2 -1 -2 -1  1    0   0   0   0   0   0   0   0   0   0   0   0   0   0   0   0   0   0   0   0  0.00    0.00
   12 I   -1 -3 -3 -3 -1 -3 -3 -4 -3  4  2 -3  1  0 -3 -2 -1 -3 -1  3    0   0   0   0   0   0   0   0   0   0   0   0   0   0   0   0   0   0   0   0  0.00    0.00
   13 S    1 -1  1  0 -1  0  0  0 -1 -2 -2  0 -1 -2 -1  4  1 -3 -2 -2    0   0   0   0   0   0   0   0   0   0   0   0   0   0   0   0   0   0   0   0  0.00    0.00
   14 P   -1 -2 -2 -1 -3 -1 -1 -2 -2 -3 -3 -1 -2 -4  7 -1 -1 -4 -3 -2    0   0   0   0   0   0   0   0   0   0   0   0   0   0   0   0   0   0   0   0  0.00    0.00
   15 Q   -1  1  0  0 -3  5  2 -2  0 -3 -2  1  0 -3 -1  0 -1 -2 -1 -2    0   0   0   0   0   0   0   0   0   0   0   0   0   0   0   0   0   0   0   0  0.00    0.00
   16 K   -1  2  0 -1 -3  1  1 -2 -1 -3 -2  4 -1 -3 -1  0 -1 -3 -2 -2    0   0   0   0   0   0   0   0   0   0   0   0   0   0   0   0   0   0   0   0  0.00    0.00
   17 M   -1 -1 -2 -3 -1  0 -2 -3 -2  1  2 -1  5  0 -2 -1 -1 -1 -1  1    0   0   0   0   0   0   0   0   0   0   0   0   0   0   0   0   0   0   0   0  0.00    0.00
   18 H   -2  0  1 -1 -3  0  0 -2  7 -3 -3 -1 -2 -1 -2 -1 -2 -2  2 -3    0   0   0   0   0   0   0   0   0   0   0   0   0   0   0   0   0   0   0   0  0.00    0.00
   19 G    0 -2  0 -1 -2 -2 -2  6 -2 -4 -4 -2 -3 -3 -2  0 -2 -2 -3 -3    0   0   0   0   0   0   0   0   0   0   0   0   0   0   0   0   0   0   0   0  0.00    0.00
   20 D   -2 -2  1  6 -3  0  1 -1 -1 -3 -4 -1 -3 -3 -1  0 -1 -4 -3 -3    0   0   0   0   0   0   0   0   0   0   0   0   0   0   0   0   0   0   0   0  0.00    0.00
   21 G    0 -2  0 -1 -2 -2 -2  6 -2 -4 -4 -2 -3 -3 -2  0 -2 -2 -3 -3    0   0   0   0   0   0   0   0   0   0   0   0   0   0   0   0   0   0   0   0  0.00    0.00
   22 L   -1 -2 -3 -4 -1 -2 -3 -4 -3  2  4 -2  2  0 -3 -2 -1 -2 -1  1    0   0   0   0   0   0   0   0   0   0   0   0   0   0   0   0   0   0   0   0  0.00    0.00
   23 V    0 -2 -3 -3 -1 -2 -2 -3 -3  3  1 -2  1 -1 -2 -2  0 -3 -1  4    0   0   0   0   0   0   0   0   0   0   0   0   0   0   0   0   0   0   0   0  0.00    0.00
   24 S    1 -1  1  0 -1  0  0  0 -1 -2 -2  0 -1 -2 -1  4  1 -3 -2 -2    0   0   0   0   0   0   0   0   0   0   0   0   0   0   0   0   0   0   0   0  0.00    0.00
   25 R   -1  5  0 -2 -3  1  0 -2  0 -3 -2  2 -1 -3 -2 -1 -1 -3 -2 -2    0   0   0   0   0   0   0   0   0   0   0   0   0   0   0   0   0   0   0   0  0.00    0.00
   26 I   -1 -3 -3 -3 -1 -3 -3 -4 -3  4  2 -3  1  0 -3 -2 -1 -3 -1  3    0   0   0   0   0   0   0   0   0   0   0   0   0   0   0   0   0   0   0   0  0.00    0.00
   27 A    4 -1 -2 -2  0 -1 -1  0 -2 -1 -1 -1 -1 -2 -1  1  0 -2 -2  0    0   0   0   0   0   0   0   0   0   0   0   0   0   0   0   0   0   0   0   0  0.00    0.00
   28 L   -1 -2 -3 -4 -1 -2 -3 -4 -3  2  4 -2  2  0 -3 -2 -1 -2 -1  1    0   0   0   0   0   0   0   0   0   0   0   0   0   0   0   0   0   0   0   0  0.00    0.00
   29 L   -1 -2 -3 -4 -1 -2 -3 -4 -3  2  4 -2  2  0 -3 -2 -1 -2 -1  1    0   0   0   0   0   0   0   0   0   0   0   0   0   0   0   0   0   0   0   0  0.00    0.00
   30 S    1 -1  1  0 -1  0  0  0 -1 -2 -2  0 -1 -2 -1  4  1 -3 -2 -2    0   0   0   0   0   0   0   0   0   0   0   0   0   0   0   0   0   0   0   0  0.00    0.00
   31 G    0 -2  0 -1 -2 -2 -2  6 -2 -4 -4 -2 -3 -3 -2  0 -2 -2 -3 -3    0   0   0   0   0   0   0   0   0   0   0   0   0   0   0   0   0   0   0   0  0.00    0.00
   32 M   -1 -1 -2 -3 -1  0 -2 -3 -2  1  2 -1  5  0 -2 -1 -1 -1 -1  1    0   0   0   0   0   0   0   0   0   0   0   0   0   0   0   0   0   0   0   0  0.00    0.00
   33 S    1 -1  1  0 -1  0  0  0 -1 -2 -2  0 -1 -2 -1  4  1 -3 -2 -2    0   0   0   0   0   0   0   0   0   0   0   0   0   0   0   0   0   0   0   0  0.00    0.00
   34 L   -1 -2 -3 -4 -1 -2 -3 -4 -3  2  4 -2  2  0 -3 -2 -1 -2 -1  1    0   0   0   0   0   0   0   0   0   0   0   0   0   0   0   0   0   0   0   0  0.00    0.00
   35 R   -1  5  0 -2 -3  1  0 -2  0 -3 -2  2 -1 -3 -2 -1 -1 -3 -2 -2    0   0   0   0   0   0   0   0   0   0   0   0   0   0   0   0   0   0   0   0  0.00    0.00
   36 Q   -1  1  0  0 -3  5  2 -2  0 -3 -2  1  0 -3 -1  0 -1 -2 -1 -2    0   0   0   0   0   0   0   0   0   0   0   0   0   0   0   0   0   0   0   0  0.00    0.00
   37 V    0 -2 -3 -3 -1 -2 -2 -3 -3  3  1 -2  1 -1 -2 -2  0 -3 -1  4    0   0   0   0   0   0   0   0   0   0   0   0   0   0   0   0   0   0   0   0  0.00    0.00
   38 R   -1  5  0 -2 -3  1  0 -2  0 -3 -2  2 -1 -3 -2 -1 -1 -3 -2 -2    0   0   0   0   0   0   0   0   0   0   0   0   0   0   0   0   0   0   0   0  0.00    0.00
   39 V    0 -2 -3 -3 -1 -2 -2 -3 -3  3  1 -2  1 -1 -2 -2  0 -3 -1  4    0   0   0   0   0   0   0   0   0   0   0   0   0   0   0   0   0   0   0   0  0.00    0.00
   40 D   -2 -2  1  6 -3  0  1 -1 -1 -3 -4 -1 -3 -3 -1  0 -1 -4 -3 -3    0   0   0   0   0   0   0   0   0   0   0   0   0   0   0   0   0   0   0   0  0.00    0.00
   41 H   -2  0  1 -1 -3  0  0 -2  7 -3 -3 -1 -2 -1 -2 -1 -2 -2  2 -3    0   0   0   0   0   0   0   0   0   0   0   0   0   0   0   0   0   0   0   0  0.00    0.00
   42 R   -1  5  0 -2 -3  1  0 -2  0 -3 -2  2 -1 -3 -2 -1 -1 -3 -2 -2    0   0   0   0   0   0   0   0   0   0   0   0   0   0   0   0   0   0   0   0  0.00    0.00
   43 H   -2  0  1 -1 -3  0  0 -2  7 -3 -3 -1 -2 -1 -2 -1 -2 -2  2 -3    0   0   0   0   0   0   0   0   0   0   0   0   0   0   0   0   0   0   0   0  0.00    0.00
   44 K   -1  2  0 -1 -3  1  1 -2 -1 -3 -2  4 -1 -3 -1  0 -1 -3 -2 -2    0   0   0   0   0   0   0   0   0   0   0   0   0   0   0   0   0   0   0   0  0.00    0.00
   45 F   -2 -3 -3 -3 -2 -3 -3 -3 -1  0  0 -3  0  6 -4 -2 -2  1  3 -1    0   0   0   0   0   0   0   0   0   0   0   0   0   0   0   0   0   0   0   0  0.00    0.00
   46 T    0 -1  0 -1 -1 -1 -1 -2 -2 -1 -1 -1 -1 -2 -1  1  4 -2 -2  0    0   0   0   0   0   0   0   0   0   0   0   0   0   0   0   0   0   0   0   0  0.00    0.00
   47 P   -1 -2 -2 -1 -3 -1 -1 -2 -2 -3 -3 -1 -2 -4  7 -1 -1 -4 -3 -2    0   0   0   0   0   0   0   0   0   0   0   0   0   0   0   0   0   0   0   0  0.00    0.00
   48 Q   -1  1  0  0 -3  5  2 -2  0 -3 -2  1  0 -3 -1  0 -1 -2 -1 -2    0   0   0   0   0   0   0   0   0   0   0   0   0   0   0   0   0   0   0   0  0.00    0.00
   49 L   -1 -2 -3 -4 -1 -2 -3 -4 -3  2  4 -2  2  0 -3 -2 -1 -2 -1  1    0   0   0   0   0   0   0   0   0   0   0   0   0   0   0   0   0   0   0   0  0.00    0.00
   50 C    0 -3 -3 -3  8 -3 -4 -2 -3 -1 -1 -3 -1 -2 -3 -1 -1 -2 -2 -1    0   0   0   0   0   0   0   0   0   0   0   0   0   0   0   0   0   0   0   0  0.00    0.00
   51 R   -1  5  0 -2 -3  1  0 -2  0 -3 -2  2 -1 -3 -2 -1 -1 -3 -2 -2    0   0   0   0   0   0   0   0   0   0   0   0   0   0   0   0   0   0   0   0  0.00    0.00
   52 L   -1 -2 -3 -4 -1 -2 -3 -4 -3  2  4 -2  2  0 -3 -2 -1 -2 -1  1    0   0   0   0   0   0   0   0   0   0   0   0   0   0   0   0   0   0   0   0  0.00    0.00
   53 Q   -1  1  0  0 -3  5  2 -2  0 -3 -2  1  0 -3 -1  0 -1 -2 -1 -2    0   0   0   0   0   0   0   0   0   0   0   0   0   0   0   0   0   0   0   0  0.00    0.00
   54 C    0 -3 -3 -3  8 -3 -4 -2 -3 -1 -1 -3 -1 -2 -3 -1 -1 -2 -2 -1    0   0   0   0   0   0   0   0   0   0   0   0   0   0   0   0   0   0   0   0  0.00    0.00
   55 L   -1 -2 -3 -4 -1 -2 -3 -4 -3  2  4 -2  2  0 -3 -2 -1 -2 -1  1    0   0   0   0   0   0   0   0   0   0   0   0   0   0   0   0   0   0   0   0  0.00    0.00
   56 G    0 -2  0 -1 -2 -2 -2  6 -2 -4 -4 -2 -3 -3 -2  0 -2 -2 -3 -3    0   0   0   0   0   0   0   0   0   0   0   0   0   0   0   0   0   0   0   0  0.00    0.00
   57 P   -1 -2 -2 -1 -3 -1 -1 -2 -2 -3 -3 -1 -2 -4  7 -1 -1 -4 -3 -2    0   0   0   0   0   0   0   0   0   0   0   0   0   0   0   0   0   0   0   0  0.00    0.00
   58 G    0 -2  0 -1 -2 -2 -2  6 -2 -4 -4 -2 -3 -3 -2  0 -2 -2 -3 -3    0   0   0   0   0   0   0   0   0   0   0   0   0   0   0   0   0   0   0   0  0.00    0.00
   59 S    1 -1  1  0 -1  0  0  0 -1 -2 -2  0 -1 -2 -1  4  1 -3 -2 -2    0   0   0   0   0   0   0   0   0   0   0   0   0   0   0   0   0   0   0   0  0.00    0.00
   60 F   -2 -3 -3 -3 -2 -3 -3 -3 -1  0  0 -3  0  6 -4 -2 -2  1  3 -1    0   0   0   0   0   0   0   0   0   0   0   0   0   0   0   0   0   0   0   0  0.00    0.00
   61 V    0 -2 -3 -3 -1 -2 -2 -3 -3  3  1 -2  1 -1 -2 -2  0 -3 -1  4    0   0   0   0   0   0   0   0   0   0   0   0   0   0   0   0   0   0   0   0  0.00    0.00
   62 N   -2  0  6  1 -3  0  0  0  1 -3 -3  0 -2 -3 -2  1  0 -4 -2 -3    0   0   0   0   0   0   0   0   0   0   0   0   0   0   0   0   0   0   0   0  0.00    0.00
   63 H   -2  0  1 -1 -3  0  0 -2  7 -3 -3 -1 -2 -1 -2 -1 -2 -2  2 -3    0   0   0   0   0   0   0   0   0   0   0   0   0   0   0   0   0   0   0   0  0.00    0.00
   64 A    4 -1 -2 -2  0 -1 -1  0 -2 -1 -1 -1 -1 -2 -1  1  0 -2 -2  0    0   0   0   0   0   0   0   0   0   0   0   0   0   0   0   0   0   0   0   0  0.00    0.00
   65 L   -1 -2 -3 -4 -1 -2 -3 -4 -3  2  4 -2  2  0 -3 -2 -1 -2 -1  1    0   0   0   0   0   0   0   0   0   0   0   0   0   0   0   0   0   0   0   0  0.00    0.00
   66 H   -2  0  1 -1 -3  0  0 -2  7 -3 -3 -1 -2 -1 -2 -1 -2 -2  2 -3    0   0   0   0   0   0   0   0   0   0   0   0   0   0   0   0   0   0   0   0  0.00    0.00
   67 C    0 -3 -3 -3  8 -3 -4 -2 -3 -1 -1 -3 -1 -2 -3 -1 -1 -2 -2 -1    0   0   0   0   0   0   0   0   0   0   0   0   0   0   0   0   0   0   0   0  0.00    0.00
   68 R   -1  5  0 -2 -3  1  0 -2  0 -3 -2  2 -1 -3 -2 -1 -1 -3 -2 -2    0   0   0   0   0   0   0   0   0   0   0   0   0   0   0   0   0   0   0   0  0.00    0.00
   69 G    0 -2  0 -1 -2 -2 -2  6 -2 -4 -4 -2 -3 -3 -2  0 -2 -2 -3 -3    0   0   0   0   0   0   0   0   0   0   0   0   0   0   0   0   0   0   0   0  0.00    0.00
   70 K   -1  2  0 -1 -3  1  1 -2 -1 -3 -2  4 -1 -3 -1  0 -1 -3 -2 -2    0   0   0   0   0   0   0   0   0   0   0   0   0   0   0   0   0   0   0   0  0.00    0.00
   71 H   -2  0  1 -1 -3  0  0 -2  7 -3 -3 -1 -2 -1 -2 -1 -2 -2  2 -3    0   0   0   0   0   0   0   0   0   0   0   0   0   0   0   0   0   0   0   0  0.00    0.00
   72 L   -1 -2 -3 -4 -1 -2 -3 -4 -3  2  4 -2  2  0 -3 -2 -1 -2 -1  1    0   0   0   0   0   0   0   0   0   0   0   0   0   0   0   0   0   0   0   0  0.00    0.00
   73 Y   -2 -2 -2 -3 -2 -1 -2 -3  2 -1 -1 -2 -1  3 -3 -2 -2  2  7 -1    0   0   0   0   0   0   0   0   0   0   0   0   0   0   0   0   0   0   0   0  0.00    0.00
   74 D   -2 -2  1  6 -3  0  1 -1 -1 -3 -4 -1 -3 -3 -1  0 -1 -4 -3 -3    0   0   0   0   0   0   0   0   0   0   0   0   0   0   0   0   0   0   0   0  0.00    0.00
   75 H   -2  0  1 -1 -3  0  0 -2  7 -3 -3 -1 -2 -1 -2 -1 -2 -2  2 -3    0   0   0   0   0   0   0   0   0   0   0   0   0   0   0   0   0   0   0   0  0.00    0.00
   76 L   -1 -2 -3 -4 -1 -2 -3 -4 -3  2  4 -2  2  0 -3 -2 -1 -2 -1  1    0   0   0   0   0   0   0   0   0   0   0   0   0   0   0   0   0   0   0   0  0.00    0.00
   77 Q   -1  1  0  0 -3  5  2 -2  0 -3 -2  1  0 -3 -1  0 -1 -2 -1 -2    0   0   0   0   0   0   0   0   0   0   0   0   0   0   0   0   0   0   0   0  0.00    0.00
   78 R   -1  5  0 -2 -3  1  0 -2  0 -3 -2  2 -1 -3 -2 -1 -1 -3 -2 -2    0   0   0   0   0   0   0   0   0   0   0   0   0   0   0   0   0   0   0   0  0.00    0.00
   79 R   -1  5  0 -2 -3  1  0 -2  0 -3 -2  2 -1 -3 -2 -1 -1 -3 -2 -2    0   0   0   0   0   0   0   0   0   0   0   0   0   0   0   0   0   0   0   0  0.00    0.00
   80 I   -1 -3 -3 -3 -1 -3 -3 -4 -3  4  2 -3  1  0 -3 -2 -1 -3 -1  3    0   0   0   0   0   0   0   0   0   0   0   0   0   0   0   0   0   0   0   0  0.00    0.00
   81 V    0 -2 -3 -3 -1 -2 -2 -3 -3  3  1 -2  1 -1 -2 -2  0 -3 -1  4    0   0   0   0   0   0   0   0   0   0   0   0   0   0   0   0   0   0   0   0  0.00    0.00
   82 S    1 -1  1  0 -1  0  0  0 -1 -2 -2  0 -1 -2 -1  4  1 -3 -2 -2    0   0   0   0   0   0   0   0   0   0   0   0   0   0   0   0   0   0   0   0  0.00    0.00
   83 T    0 -1  0 -1 -1 -1 -1 -2 -2 -1 -1 -1 -1 -2 -1  1  4 -2 -2  0    0   0   0   0   0   0   0   0   0   0   0   0   0   0   0   0   0   0   0   0  0.00    0.00
   84 T    0 -1  0 -1 -1 -1 -1 -2 -2 -1 -1 -1 -1 -2 -1  1  4 -2 -2  0    0   0   0   0   0   0   0   0   0   0   0   0   0   0   0   0   0   0   0   0  0.00    0.00
   85 G    0 -2  0 -1 -2 -2 -2  6 -2 -4 -4 -2 -3 -3 -2  0 -2 -2 -3 -3    0   0   0   0   0   0   0   0   0   0   0   0   0   0   0   0   0   0   0   0  0.00    0.00
   86 E   -1  0  0  1 -4  2  5 -2  0 -3 -3  1 -2 -3 -1  0 -1 -3 -2 -2    0   0   0   0   0   0   0   0   0   0   0   0   0   0   0   0   0   0   0   0  0.00    0.00
   87 H   -2  0  1 -1 -3  0  0 -2  7 -3 -3 -1 -2 -1 -2 -1 -2 -2  2 -3    0   0   0   0   0   0   0   0   0   0   0   0   0   0   0   0   0   0   0   0  0.00    0.00
   88 N   -2  0  6  1 -3  0  0  0  1 -3 -3  0 -2 -3 -2  1  0 -4 -2 -3    0   0   0   0   0   0   0   0   0   0   0   0   0   0   0   0   0   0   0   0  0.00    0.00
   89 E   -1  0  0  1 -4  2  5 -2  0 -3 -3  1 -2 -3 -1  0 -1 -3 -2 -2    0   0   0   0   0   0   0   0   0   0   0   0   0   0   0   0   0   0   0   0  0.00    0.00
   90 C    0 -3 -3 -3  8 -3 -4 -2 -3 -1 -1 -3 -1 -2 -3 -1 -1 -2 -2 -1    0   0   0   0   0   0   0   0   0   0   0   0   0   0   0   0   0   0   0   0  0.00    0.00
   91 S    1 -1  1  0 -1  0  0  0 -1 -2 -2  0 -1 -2 -1  4  1 -3 -2 -2    0   0   0   0   0   0   0   0   0   0   0   0   0   0   0   0   0   0   0   0  0.00    0.00
   92 I   -1 -3 -3 -3 -1 -3 -3 -4 -3  4  2 -3  1  0 -3 -2 -1 -3 -1  3    0   0   0   0   0   0   0   0   0   0   0   0   0   0   0   0   0   0   0   0  0.00    0.00
   93 P   -1 -2 -2 -1 -3 -1 -1 -2 -2 -3 -3 -1 -2 -4  7 -1 -1 -4 -3 -2    0   0   0   0   0   0   0   0   0   0   0   0   0   0   0   0   0   0   0   0  0.00    0.00
   94 L   -1 -2 -3 -4 -1 -2 -3 -4 -3  2  4 -2  2  0 -3 -2 -1 -2 -1  1    0   0   0   0   0   0   0   0   0   0   0   0   0   0   0   0   0   0   0   0  0.00    0.00
   95 Q   -1  1  0  0 -3  5  2 -2  0 -3 -2  1  0 -3 -1  0 -1 -2 -1 -2    0   0   0   0   0   0   0   0   0   0   0   0   0   0   0   0   0   0   0   0  0.00    0.00
   96 I   -1 -3 -3 -3 -1 -3 -3 -4 -3  4  2 -3  1  0 -3 -2 -1 -3 -1  3    0   0   0   0   0   0   0   0   0   0   0   0   0   0   0   0   0   0   0   0  0.00    0.00
   97 F   -2 -3 -3 -3 -2 -3 -3 -3 -1  0  0 -3  0  6 -4 -2 -2  1  3 -1    0   0   0   0   0   0   0   0   0   0   0   0   0   0   0   0   0   0   0   0  0.00    0.00
   98 G    0 -2  0 -1 -2 -2 -2  6 -2 -4 -4 -2 -3 -3 -2  0 -2 -2 -3 -3    0   0   0   0   0   0   0   0   0   0   0   0   0   0   0   0   0   0   0   0  0.00    0.00
   99 F   -2 -3 -3 -3 -2 -3 -3 -3 -1  0  0 -3  0  6 -4 -2 -2  1  3 -1    0   0   0   0   0   0   0   0   0   0   0   0   0   0   0   0   0   0   0   0  0.00    0.00
  100 E   -1  0  0  1 -4  2  5 -2  0 -3 -3  1 -2 -3 -1  0 -1 -3 -2 -2    0   0   0   0   0   0   0   0   0   0   0   0   0   0   0   0   0   0   0   0  0.00    0.00
  101 G    0 -2  0 -1 -2 -2 -2  6 -2 -4 -4 -2 -3 -3 -2  0 -2 -2 -3 -3    0   0   0   0   0   0   0   0   0   0   0   0   0   0   0   0   0   0   0   0  0.00    0.00
  102 V    0 -2 -3 -3 -1 -2 -2 -3 -3  3  1 -2  1 -1 -2 -2  0 -3 -1  4    0   0   0   0   0   0   0   0   0   0   0   0   0   0   0   0   0   0   0   0  0.00    0.00
  103 I   -1 -3 -3 -3 -1 -3 -3 -4 -3  4  2 -3  1  0 -3 -2 -1 -3 -1  3    0   0   0   0   0   0   0   0   0   0   0   0   0   0   0   0   0   0   0   0  0.00    0.00
  104 R   -1  5  0 -2 -3  1  0 -2  0 -3 -2  2 -1 -3 -2 -1 -1 -3 -2 -2    0   0   0   0   0   0   0   0   0   0   0   0   0   0   0   0   0   0   0   0  0.00    0.00
  105 E   -1  0  0  1 -4  2  5 -2  0 -3 -3  1 -2 -3 -1  0 -1 -3 -2 -2    0   0   0   0   0   0   0   0   0   0   0   0   0   0   0   0   0   0   0   0  0.00    0.00
  106 P   -1 -2 -2 -1 -3 -1 -1 -2 -2 -3 -3 -1 -2 -4  7 -1 -1 -4 -3 -2    0   0   0   0   0   0   0   0   0   0   0   0   0   0   0   0   0   0   0   0  0.00    0.00
  107 L   -1 -2 -3 -4 -1 -2 -3 -4 -3  2  4 -2  2  0 -3 -2 -1 -2 -1  1    0   0   0   0   0   0   0   0   0   0   0   0   0   0   0   0   0   0   0   0  0.00    0.00
  108 P   -1 -2 -2 -2 -3 -1 -1 -2 -2 -3 -3 -1 -3 -4  8 -1 -1 -4 -3 -3    0   0   0   0   0   0   0   0   0   0   0   0   0   0 100   0   0   0   0   0  2.05 0.00
  109 C    0 -2 -1 -2  7 -1 -2 -1 -2 -2 -2 -1 -2 -3 -2  3  0 -3 -2 -1    0   0   0   0  50   0   0   0   0   0   0   0   0   0   0  50   0   0   0   0  0.56 0.00
  110 I   -2 -2  0  4 -2 -1  0 -2 -2  2  0 -2  0 -1 -2 -1 -1 -4 -2  1    0   0   0  50   0   0   0   0   0  50   0   0   0   0   0   0   0   0   0   0  0.29 0.00
  111 H   -1 -1  0 -1 -2  0 -1 -2  6 -2 -2 -1 -1 -2 -2  0  3 -3  1 -1    0   0   0   0   0   0   0   0  50   0   0   0   0   0   0   0  50   0   0   0  0.42 0.00
  112 R   -2  6  0 -2 -4  1  0 -3  0 -3 -2  2 -1 -3 -2 -1 -1 -3 -2 -3    0 100   0   0   0   0   0   0   0   0   0   0   0   0   0   0   0   0   0   0  0.75 0.00
  113 H   -1  0  0  1 -4  1  4 -2  6 -3 -3  0 -2 -2 -2 -1 -1 -3  0 -3    0   0   0   0   0   0  50   0  50   0   0   0   0   0   0   0   0   0   0   0  0.58 0.00
  114 F   -2 -3 -3 -4 -2 -3 -3 -4 -2  1  3 -3  1  5 -3 -3 -2  0  2  0    0   0   0   0   0   0   0   0   0   0  50   0   0  50   0   0   0   0   0   0  0.43 0.00
  115 I   -2 -3 -4 -4 -1 -3 -3 -4 -3  3  3 -3  2  0 -3 -3 -1 -2 -1  2    0   0   0   0   0   0   0   0   0  50  50   0   0   0   0   0   0   0   0   0  0.37 0.00
  116 E   -1  0  0  2 -4  2  5 -2  0 -3 -3  1 -2 -3 -1  0 -1 -3 -2 -3    0   0   0   0   0   0 100   0   0   0   0   0   0   0   0   0   0   0   0   0  0.74 0.00
  117 Q   -1  1  0  0 -3  6  2 -2  0 -3 -2  1  0 -3 -1  0 -1 -2 -2 -2    0   0   0   0   0 100   0   0   0   0   0   0   0   0   0   0   0   0   0   0  0.66 0.01
  118 Y   -2 -1 -1 -2 -3  0 -1 -3  6 -2 -2 -1 -1  2 -3 -1 -2  1  6 -2    0   0   0   0   0   0   0   0  50   0   0   0   0   0   0   0   0   0  50   0  0.66 0.00
  119 A    3 -2 -2 -2 -1 -1 -1 -1 -2 -2 -2 -1 -2 -3  6  0 -1 -3 -2 -1   50   0   0   0   0   0   0   0   0   0   0   0   0   0  50   0   0   0   0   0  0.89 0.00
  120 M   -1 -2 -2 -3 -2  0 -2 -3 -2  1  2 -1  6  0 -3 -2 -1 -2 -1  1    0   0   0   0   0   0   0   0   0   0   0   0 100   0   0   0   0   0   0   0  0.36 0.01
  121 K   -1  2  0 -1 -3  4  1 -2  0 -3 -2  4 -1 -3 -1  0 -1 -3 -2 -2    0   0   0   0   0  50   0   0   0   0   0  50   0   0   0   0   0   0   0   0  0.49 0.00
  122 G    1 -2  0 -1 -2 -1 -1  4 -2 -3 -3 -1 -2 -3 -2  3  0 -3 -2 -2    0   0   0   0   0   0   0  50   0   0   0   0   0   0   0  50   0   0   0   0  0.53 0.00
  123 R   -2  6  0 -2 -4  1  0 -3  0 -3 -2  2 -1 -3 -2 -1 -1 -3 -2 -3    0 100   0   0   0   0   0   0   0   0   0   0   0   0   0   0   0   0   0   0  0.75 0.00
  124 V   -1 -3 -3 -3 -1 -3 -3 -4 -3  4  1 -3  1 -1 -3 -2  0 -3 -1  3    0   0   0   0   0   0   0   0   0  50   0   0   0   0   0   0   0   0   0  50  0.35 0.00
  125 N   -2 -1  5  5 -3  0  1 -1  0 -3 -4  0 -3 -3 -2  0 -1 -4 -3 -3    0   0  50  50   0   0   0   0   0   0   0   0   0   0   0   0   0   0   0   0  0.67 0.00
  126 A    3 -2 -2 -2 -1 -1 -1 -1 -2 -2 -2 -1 -2 -3  6  0 -1 -3 -2 -1   50   0   0   0   0   0   0   0   0   0   0   0   0   0  50   0   0   0   0   0  0.89 0.00
  127 V    0 -3 -3 -3 -1 -2 -3 -3 -3  3  1 -2  1 -1 -3 -2  0 -3 -1  4    0   0   0   0   0   0   0   0   0   0   0   0   0   0   0   0   0   0   0 100  0.35 0.00
  128 C    0 -4 -3 -4  9 -3 -4 -3 -3 -1 -1 -3 -2 -3 -3 -1 -1 -3 -3 -1    0   0   0   0 100   0   0   0   0   0   0   0   0   0   0   0   0   0   0   0  1.22 0.01
  129 R   -1  4 -2 -2 -2  0 -1 -3 -1  1  0  1  0 -2 -2 -1 -1 -3 -2  2    0  50   0   0   0   0   0   0   0   0   0   0   0   0   0   0   0   0   0  50  0.26 0.00
  130 D   -2 -2  1  6 -4  0  2 -1 -1 -3 -4 -1 -3 -4 -2  0 -1 -5 -3 -3    0   0   0 100   0   0   0   0   0   0   0   0   0   0   0   0   0   0   0   0  0.93 0.00
  131 H   -2  0  1 -1 -3  0  0 -2  8 -4 -3 -1 -2 -1 -2 -1 -2 -3  2 -3    0   0   0   0   0   0   0   0 100   0   0   0   0   0   0   0   0   0   0   0  0.87 0.01
  132 A    3 -2  0  4 -2 -1  1 -1 -1 -2 -3 -1 -2 -3 -1  1 -1 -4 -3 -1   50   0   0  50   0   0   0   0   0   0   0   0   0   0   0   0   0   0   0   0  0.41 0.00
  133 I   -1  4 -2 -2 -2  0 -1 -3 -1  2  0  1  0 -1 -3 -2 -1 -3 -2  1    0  50   0   0   0   0   0   0   0  50   0   0   0   0   0   0   0   0   0   0  0.25 0.00
  134 H   -2  0  1 -1 -3  0  0 -2  8 -4 -3 -1 -2 -1 -2 -1 -2 -3  2 -3    0   0   0   0   0   0   0   0 100   0   0   0   0   0   0   0   0   0   0   0  0.87 0.01
  135 E   -1  1  0  1 -4  4  4 -2  0 -3 -3  1 -1 -3 -1  0 -1 -3 -2 -3    0   0   0   0   0  50  50   0   0   0   0   0   0   0   0   0   0   0   0   0  0.60 0.00
  136 F   -2 -3 -3 -3 -3 -2 -2 -3 -2 -1 -1 -2 -1  5  6 -2 -2 -1  1 -2    0   0   0   0   0   0   0   0   0   0   0   0   0  50  50   0   0   0   0   0  0.91 0.00
  137 I    3 -2 -2 -3 -1 -2 -2 -1 -3  3  0 -2  0 -1 -2  0  0 -3 -2  2   50   0   0   0   0   0   0   0   0  50   0   0   0   0   0   0   0   0   0   0  0.19 0.00
  138 D   -2 -2  0  4 -3 -1  0 -2  1 -2 -2 -1 -2  1 -2 -1 -1  0  5 -2    0   0   0  50   0   0   0   0   0   0   0   0   0   0   0   0   0   0  50   0  0.52 0.00
  139 E   -1  4  0  0 -4  2  4 -2  0 -3 -3  2 -2 -3 -2  0 -1 -3 -2 -3    0  50   0   0   0   0  50   0   0   0   0   0   0   0   0   0   0   0   0   0  0.55 0.00
  140 L   -2  4 -2 -3 -2  0 -1 -3 -1  0  2  1  1 -1 -3 -2 -1 -2 -1  0    0  50   0   0   0   0   0   0   0   0  50   0   0   0   0   0   0   0   0   0  0.29 0.00
  141 I   -2 -3 -4 -4 -1 -3 -3 -4 -3  3  3 -3  2  0 -3 -3 -1 -2 -1  2    0   0   0   0   0   0   0   0   0  50  50   0   0   0   0   0   0   0   0   0  0.37 0.00
  142 Q   -1  0  1  4 -3  4  2 -2  0 -3 -3  0 -2 -4 -2  0 -1 -3 -2 -3    0   0   0  50   0  50   0   0   0   0   0   0   0   0   0   0   0   0   0   0  0.58 0.00
  143 R   -2  6  0 -2 -4  1  0 -3  0 -3 -2  2 -1 -3 -2 -1 -1 -3 -2 -3    0 100   0   0   0   0   0   0   0   0   0   0   0   0   0   0   0   0   0   0  0.75 0.00
  144 L   -2 -2 -4 -4 -1 -2 -3 -4 -3  2  4 -3  2  0 -3 -3 -1 -2 -1  1    0   0   0   0   0   0   0   0   0   0 100   0   0   0   0   0   0   0   0   0  0.46 0.00
  145 P    0 -1 -1 -1 -1  0  0 -1 -1 -1 -1  0 -1 -2  6  0  0 -1 -1 -1    4   3   2   3   1   2   3   4   1   3   5   3   1   2  53   4   3   1   2   3  0.76 0.00
  146 F   -1 -1 -1 -1 -1 -1 -1 -1 -1  0  0 -1  0  5 -1 -1 -1  1  2 -1    4   3   2   3   1   2   3   4   1   3   5   3   1  52   3   4   3   1   2   3  0.19 0.00
  147 L   -1 -1 -1 -1 -1 -1 -1 -1 -1  1  3 -1  1  0 -1 -1  0 -1 -1  0    4   3   2   3   1   2   3   4   1   3  55   3   1   2   3   4   3   1   2   3  0.09 0.00
  148 A    3 -1 -1 -1  0  0  0  0 -1 -1 -1  0 -1 -1  0  1  0 -1 -1  0   54   3   2   3   1   2   3   4   1   3   5   3   1   2   3   4   3   1   2   3  0.14 0.00
  149 K    0  1  0  0 -1  1  1 -1  0 -1 -1  3 -1 -1  0  0  0 -1 -1 -1    4   3   2   3   1   2   3   4   1   3   5  53   1   2   3   4   3   1   2   3  0.17 0.00
  150 A    3 -2 -2 -3 -1 -2 -2 -1 -2  1  0 -2  0 -2 -2  0  0 -3 -2  3   50   0   0   0   0   0   0   0   0   0   0   0   0   0   0   0   0   0   0  50  0.21 0.00
  151 S    0 -1  4  1 -2  0  0  0  0 -3 -3  0 -2 -3 -1  3  1 -3 -2 -2    0   0  50   0   0   0   0   0   0   0   0   0   0   0   0  50   0   0   0   0  0.45 0.00
  152 H   -2  0  1 -1 -3  0  0 -2  8 -4 -3 -1 -2 -1 -2 -1 -2 -3  2 -3    0   0   0   0   0   0   0   0 100   0   0   0   0   0   0   0   0   0   0   0  0.87 0.01
  153 N   -1 -1  4  0 -2 -1 -1 -2 -1  1 -1 -1  0 -2 -2  0  0 -4 -2  2    0   0  50   0   0   0   0   0   0   0   0   0   0   0   0   0   0   0   0  50  0.23 0.00
  154 G    0 -3  0 -1 -3 -2 -2  6 -2 -4 -4 -2 -3 -3 -2  0 -2 -3 -3 -3    0   0   0   0   0   0   0 100   0   0   0   0   0   0   0   0   0   0   0   0  1.04 0.00
  155 Q   -1  1  0  0 -3  6  2 -2  0 -3 -2  1  0 -3 -1  0 -1 -2 -2 -2    0   0   0   0   0 100   0   0   0   0   0   0   0   0   0   0   0   0   0   0  0.66 0.01
  156 H   -2  4  0 -1 -3  1  0 -2  6 -3 -3  1 -2 -2 -2 -1 -2 -3  0 -3    0  50   0   0   0   0   0   0  50   0   0   0   0   0   0   0   0   0   0   0  0.58 0.00
  157 V   -1 -1 -1 -2 -2 -1 -1 -3  6  1 -1 -2  0 -1 -2 -1 -1 -3  1  2    0   0   0   0   0   0   0   0  50   0   0   0   0   0   0   0   0   0   0  50  0.31 0.00
  158 V    3 -2 -2 -3 -1 -2 -2 -1 -2  1  0 -2  0 -2 -2  0  0 -3 -2  3   50   0   0   0   0   0   0   0   0   0   0   0   0   0   0   0   0   0   0  50  0.21 0.00
  159 E   -1  0  0  1 -4  1  4 -2  6 -3 -3  0 -2 -2 -2 -1 -1 -3  0 -3    0   0   0   0   0   0  50   0  50   0   0   0   0   0   0   0   0   0   0   0  0.58 0.00
  160 V    0 -3 -3 -3 -1 -2 -3 -3 -3  3  1 -2  1 -1 -3 -2  0 -3 -1  4    0   0   0   0   0   0   0   0   0   0   0   0   0   0   0   0   0   0   0 100  0.35 0.00
  161 A    4 -2 -2 -2  0 -1 -1  0 -2 -1 -2 -1 -1 -2 -1  1  0 -3 -2  0  100   0   0   0   0   0   0   0   0   0   0   0   0   0   0   0   0   0   0   0  0.41 0.00
  162 V    0 -3 -3 -3 -1 -2 -3 -3 -3  3  1 -2  1 -1 -3 -2  0 -3 -1  4    0   0   0   0   0   0   0   0   0   0   0   0   0   0   0   0   0   0   0 100  0.35 0.00
  163 A    3 -2  0  4 -2 -1  1 -1 -1 -2 -3 -1 -2 -3 -1  1 -1 -4 -3 -1   50   0   0  50   0   0   0   0   0   0   0   0   0   0   0   0   0   0   0   0  0.41 0.00
  164 D   -2 -2  1  6 -4  0  2 -1 -1 -3 -4 -1 -3 -4 -2  0 -1 -5 -3 -3    0   0   0 100   0   0   0   0   0   0   0   0   0   0   0   0   0   0   0   0  0.93 0.00
  165 G    0 -3  0 -1 -3 -2 -2  6 -2 -4 -4 -2 -3 -3 -2  0 -2 -3 -3 -3    0   0   0   0   0   0   0 100   0   0   0   0   0   0   0   0   0   0   0   0  1.04 0.00
  166 V    0 -3 -2 -2 -2 -2 -2  4 -3  1 -1 -2 -1 -2 -2 -1 -1 -3 -2  2    0   0   0   0   0   0   0  50   0   0   0   0   0   0   0   0   0   0   0  50  0.34 0.00
  167 D   -2 -1  1  4 -3  0  1 -2  6 -3 -3 -1 -2 -2 -2 -1 -1 -3  0 -3    0   0   0  50   0   0   0   0  50   0   0   0   0   0   0   0   0   0   0   0  0.63 0.00
  168 K   -1  2  0 -1 -3  4  1 -2  0 -3 -2  4 -1 -3 -1  0 -1 -3 -2 -2    0   0   0   0   0  50   0   0   0   0   0  50   0   0   0   0   0   0   0   0  0.49 0.00
  169 R   -2  6  0 -2 -4  1  0 -3  0 -3 -2  2 -1 -3 -2 -1 -1 -3 -2 -3    0 100   0   0   0   0   0   0   0   0   0   0   0   0   0   0   0   0   0   0  0.75 0.00
  170 K   -1  1 -1 -2 -2  0 -1 -3 -2  0  2  3  1 -1 -2 -1 -1 -2 -2  0    0   0   0   0   0   0   0   0   0   0  50  50   0   0   0   0   0   0   0   0  0.19 0.00
  171 L   -2 -2 -4 -4 -1 -2 -3 -4 -3  2  4 -3  2  0 -3 -3 -1 -2 -1  1    0   0   0   0   0   0   0   0   0   0 100   0   0   0   0   0   0   0   0   0  0.46 0.00
  172 V    3 -2 -2 -3 -1 -2 -2 -1 -2  1  0 -2  0 -2 -2  0  0 -3 -2  3   50   0   0   0   0   0   0   0   0   0   0   0   0   0   0   0   0   0   0  50  0.21 0.00
  173 R   -1  4  0 -2 -3  0 -1  4 -1 -4 -3  1 -2 -3 -2 -1 -1 -3 -2 -3    0  50   0   0   0   0   0  50   0   0   0   0   0   0   0   0   0   0   0   0  0.56 0.00
  174 E   -1  0  0  2 -4  2  5 -2  0 -3 -3  1 -2 -3 -1  0 -1 -3 -2 -3    0   0   0   0   0   0 100   0   0   0   0   0   0   0   0   0   0   0   0   0  0.74 0.00
  175 V    0 -3 -3 -3 -1 -2 -3 -3 -3  3  1 -2  1 -1 -3 -2  0 -3 -1  4    0   0   0   0   0   0   0   0   0   0   0   0   0   0   0   0   0   0   0 100  0.35 0.00
  176 L   -2 -2 -4 -4 -1 -2 -3 -4 -3  2  4 -3  2  0 -3 -3 -1 -2 -1  1    0   0   0   0   0   0   0   0   0   0 100   0   0   0   0   0   0   0   0   0  0.46 0.00
  177 V    0 -3 -3 -3 -1 -2 -3 -3 -3  3  1 -2  1 -1 -3 -2  0 -3 -1  4    0   0   0   0   0   0   0   0   0   0   0   0   0   0   0   0   0   0   0 100  0.35 0.00
  178 E   -1  0  0  2 -4  2  5 -2  0 -3 -3  1 -2 -3 -1  0 -1 -3 -2 -3    0   0   0   0   0   0 100   0   0   0   0   0   0   0   0   0   0   0   0   0  0.74 0.00
  179 R   -2  6  0 -2 -4  1  0 -3  0 -3 -2  2 -1 -3 -2 -1 -1 -3 -2 -3    0 100   0   0   0   0   0   0   0   0   0   0   0   0   0   0   0   0   0   0  0.75 0.00
  180 S    3 -1  0 -1 -1  0 -1  0 -1 -2 -2  0 -1 -2 -1  3  1 -3 -2 -1   50   0   0   0   0   0   0   0   0   0   0   0   0   0   0  50   0   0   0   0  0.35 0.00
  181 D   -2 -2  1  6 -4  0  2 -1 -1 -3 -4 -1 -3 -4 -2  0 -1 -5 -3 -3    0   0   0 100   0   0   0   0   0   0   0   0   0   0   0   0   0   0   0   0  0.97 0.02
  182 A    4 -2 -2 -2 -1 -1 -1  0 -2 -1 -2 -1 -1 -2 -1  1  0 -3 -2  0  100   0   0   0   0   0   0   0   0   0   0   0   0   0   0   0   0   0   0   0  0.43 0.01
  183 N   -2 -1  5  4 -3  0  0 -1  0 -3 -4  0 -3 -3 -2  0  0 -4 -3 -3    0   0  67  33   0   0   0   0   0   0   0   0   0   0   0   0   0   0   0   0  0.67 0.01
  184 A    3  3 -1 -2 -1  0 -1 -1 -1 -2 -2  1 -1 -3 -1  1  0 -3 -2 -1   66  34   0   0   0   0   0   0   0   0   0   0   0   0   0   0   0   0   0   0  0.32 0.01
  185 R   -2  6 -1 -2 -4  1  0 -3  0 -3 -2  2 -2 -3 -2 -1 -1 -3 -2 -3    0 100   0   0   0   0   0   0   0   0   0   0   0   0   0   0   0   0   0   0  0.79 0.02
  186 N   -1  3  3  1 -3  1  3 -2  0 -3 -3  1 -2 -3 -2  0 -1 -3 -2 -3    0  33  33   0   0   0  34   0   0   0   0   0   0   0   0   0   0   0   0   0  0.46 0.01
  187 F    1 -2 -2 -1 -2 -1  2 -2 -1 -1 -1 -1 -1  5 -2 -1 -1  0  2 -1   25   0   0   0   0   0  24   0   0   0   0   0   0  51   0   0   0   0   0   0  0.27 0.02
  188 S   -1  5  0 -1 -3  1  0 -2 -1 -3 -3  2 -2 -3 -2  1  0 -3 -2 -3    0  75   0   0   0   0   0   0   0   0   0   0   0   0   0  25   0   0   0   0  0.57 0.03
  189 D   -2  2  1  6 -4  0  1 -2 -1 -4 -4  0 -3 -4 -2 -1 -1 -4 -3 -3    0  21   0  79   0   0   0   0   0   0   0   0   0   0   0   0   0   0   0   0  0.78 0.04
  190 L   -1 -2 -3 -3 -2 -2 -2 -3 -1  1  2 -2  1  1  3 -2 -1 -1  3  1    0   0   0   0   0   0   0   0   0   0  36   0   0   0  21   0   0   0  22  21  0.35 0.02
  191 V    1 -2 -2 -3 -1 -2 -2 -2 -3  1  1 -2  1 -1 -2  0  2 -3 -2  2   21   0   0   0   0   0   0   0   0   0  22   0   0   0   0   0  21   0   0  36  0.18 0.02
  192 G   -1  4  0 -1 -3  2  0  4 -1 -4 -3  1 -2 -3 -2 -1 -1 -3 -2 -3    0  40   0   0   0  21   0  39   0   0   0   0   0   0   0   0   0   0   0   0  0.49 0.03
  193 G    3 -2 -1 -2 -1 -1 -2  4 -2 -2 -2 -1 -2 -3 -1  1 -1 -3 -3 -1   61   0   0   0   0   0   0  39   0   0   0   0   0   0   0   0   0   0   0   0  0.50 0.03
  194 E    1 -1 -1  0 -3  0  3  2 -1 -3 -3  0 -2 -3  4  0 -1 -3 -3 -2   22   0   0   0   0   0  39  18   0   0   0   0   0   0  21   0   0   0   0   0  0.46 0.02
  195 A    3  2 -1 -2 -1  0 -1  0 -1 -2 -2  0 -1 -3 -1  2  0 -3 -2 -1   61  18   0   0   0   0   0   0   0   0   0   0   0   0   0  21   0   0   0   0  0.32 0.03
  196 R   -1  5 -1 -2 -2  0 -1 -2 -1 -1 -2  1 -1 -3 -2  1  0 -3 -2  0    0  61   0   0   0   0   0   0   0   0   0   0   0   0   0  21   0   0   0  18  0.38 0.03
  197 P   -1 -2 -3 -3 -2 -2 -2 -3 -1  1 -1 -2 -1  0  5 -2 -1 -1  3  2    0   0   0   0   0   0   0   0   0   0   0   0   0   0  39   0   0   0  22  39  0.61 0.03
  198 T    0 -2  0 -1 -2 -1 -1 -1 -2 -2 -3 -1 -2 -3  5  3  2 -3 -2 -2    0   0   0   0   0   0   0   0   0   0   0   0   0   0  39  43  18   0   0   0  0.73 0.03
  199 T   -1  4 -1 -2 -3  3  0 -3 -1 -1  0  1  0 -2 -2  0  1 -3 -2 -1    0  42   0   0   0  22   0   0   0   0  18   0   0   0   0   0  18   0   0   0  0.30 0.02
  200 V   -1 -3 -3 -3 -2 -2 -3 -3 -3  1  2 -2  1  3  3 -2 -1 -1  0  1    0   0   0   0   0   0   0   0   0   0  39   0   0  22  21   0   0   0   0  18  0.36 0.02
  201 A    2  4 -1 -2 -2  0  0 -1 -1 -3 -2  2 -1 -3 -2  0 -1 -3 -2 -2   34  47   0   0   0   0   0   0   0   0   0  19   0   0   0   0   0   0   0   0  0.40 0.03
  202 Q   -1  2  0  4 -4  4  1 -2  0 -3 -3  1 -2 -4 -2  0 -1 -3 -2 -3    0  15   0  37   0  48   0   0   0   0   0   0   0   0   0   0   0   0   0   0  0.56 0.04
  203 N   -1  2  3  1 -4  3  3 -2  0 -3 -3  1 -2 -3 -2  0 -1 -3 -2 -3    0  15  29   0   0  19  37   0   0   0   0   0   0   0   0   0   0   0   0   0  0.48 0.03
  204 A    3 -2 -2 -3 -1 -2 -2  2 -2  0  2 -2  0 -1 -2  0 -1 -2 -2  0   44   0   0   0   0   0   0  17   0   0  38   0   0   0   0   0   0   0   0   0  0.21 0.02
  205 S    4 -1 -1 -1 -1 -1 -1  0 -2 -2 -2 -1 -1 -3 -1  3  0 -3 -2 -1   71   0   0   0   0   0   0   0   0   0   0   0   0   0   0  29   0   0   0   0  0.41 0.04
  206 P    1 -2 -1  2 -2 -1 -1  3 -2 -3 -3 -1 -3 -3  5  0 -1 -3 -3 -2   19   0   0  19   0   0   0  29   0   0   0   0   0   0  32   0   0   0   0   0  0.64 0.03
  207 G   -1  5 -1 -1 -4  0  2  3 -1 -4 -3  1 -2 -3 -2 -1 -2 -3 -3 -3    0  54   0   0   0   0  18  28   0   0   0   0   0   0   0   0   0   0   0   0  0.54 0.06
  208 A    1  3 -1 -2 -2 -1 -1 -2 -1 -2 -2  0 -2  2  4  1 -1 -2 -1 -2   13  29   0   0   0   0   0   0   0   0   0   0   0  16  25  16   0   0   0   0  0.40 0.05
  209 N   -2  4  4  0 -4  1  3 -2  0 -4 -3  1 -2 -3 -2  0 -1 -4 -2 -3    0  41  30   0   0   0  28   0   0   0   0   0   0   0   0   0   0   0   0   0  0.54 0.06
  210 D    1 -1  0  4 -2  1  1 -1 -1 -3 -3 -1 -2 -3  2  1 -1 -4 -3 -2   18   0   0  44   0  12   0   0   0   0   0   0   0   0  10  16   0   0   0   0  0.46 0.05
  211 D   -1  4  0  1 -3  0 -1 -2 -1 -2 -2  0 -1  2 -2  1  1 -2  0 -2    0  37   0  13   0   0   0   0   0   0   0   0   0  18   0  16  16   0   0   0  0.25 0.05
  212 L    0 -2 -1 -2 -1 -1 -2 -2 -1  0  2 -2  0  0 -2  2  2 -1  2  1    0   0   0   0   0   0   0   0   0   0  30   0   0   0   0  26  16   0  15  12  0.16 0.04
  213 D   -1  2  1  5 -3  2  1 -2 -1 -3 -3  0 -2 -3 -1  0 -1 -3 -2 -3    1  17   1  53   0  17   1   1   0   1   1   1   0   1   1   1   1   0   0   1  0.50 0.05
  214 G    1 -2 -1 -2 -2 -1 -2  4 -1 -2 -2 -1 -2 -1 -2  0 -1 -1  3 -2   19   1   1   1   0   1   1  52   0   1   1   1   0   1   1   1   1   0  17   1  0.44 0.04
  215 G    0 -2  0 -1 -3 -2 -2  6 -2 -4 -4 -2 -3 -3 -2  1 -1 -3 -3 -3    0   0   0   0   0   0   0  82   0   0   0   0   0   0   0  18   0   0   0   0  0.92 0.07
  216 P    1 -3 -2 -2 -3 -2 -2  1 -3 -2  0 -2 -2 -3  6 -1 -1 -3 -3 -2   14   0   0   0   0   0   0  15   0   0  14   0   0   0  57   0   0   0   0   0  1.00 0.07
  217 G    1 -3 -1 -2 -2 -2 -2  5 -2 -2  0 -2 -2 -3  3 -1 -2 -3 -3 -2   15   0   0   0   0   0   0  56   0   0  14   0   0   0  15   0   0   0   0   0  0.57 0.06
  218 A    2 -1 -1  1 -2 -1 -1 -1 -1  0 -1  1 -1 -1 -2  1  0 -2  2 -1   29   0   0  14   0   0   0   0   0  14   0  15   0   0   0  15   0   0  14   0  0.13 0.04
  219 R   -1  2 -1 -2 -2 -1 -1  3 -1 -2 -1  1 -1  3 -2 -1 -1 -1  0 -2    1  14   1   1   0   1   1  28   0   1   1  16   0  30   1   1   1   0   0   1  0.23 0.04
  220 L    2 -2 -2 -1 -2 -1  1  3 -2 -1  1 -1  0 -2 -2  0 -1 -3 -2 -1   29   0   0   0   0   0  15  29   0   0  27   0   0   0   0   0   0   0   0   0  0.21 0.04
  221 A    3 -1 -1 -2 -1 -1 -1 -1 -2 -1 -1  1 -1  2 -2  1  0 -2 -1  1   41   0   0   0   0   0   0   0   0   0   0  15   0  15   0  15   0   0   0  14  0.16 0.04
  222 W    1 -1 -1 -2 -2 -1 -1 -1  3 -1 -1 -1 -1  0 -2  1 -1  6  3  0   15   1   1   1   0   1   1   1  16   1   1   1   0   1   1  16   1  14  14  16  0.25 0.04
  223 L    0 -2 -1 -2 -1 -1 -1 -2 -2  0  2 -1  0 -1  3  2  0 -2 -2  0    1   1   1   1   0   1   1   1   0   1  43   1   0   1  16  30   1   0   0   1  0.23 0.04
  224 F    0 -1 -1 -1 -1 -1 -1 -1 -1  1  0 -1  0  4 -1  2  0 -1  1  0    2   1   1   1   1   1   2   2   1  17   2   2   1  29   1  31   2   0   1   2  0.13 0.03
  225 T   -1 -1 -1 -1 -1 -1 -1 -2 -2  0  1 -1  2 -1  3  0  2 -2 -1  0    2   1   1   1   1   1   2   2   1   1  16   2  16   1  16   2  31   0   1   2  0.21 0.03
  226 H   -1 -1  0  2 -2  0  2 -2  3  1 -1 -1 -1  2 -1 -1 -1 -1  0  0    2   1   1  15   1   1  17   2  14  16   2   2   1  16   1   2   2   0   1   2  0.10 0.02
  227 R   -1  3  0 -1 -2  2  0 -2  4 -1 -1  1  2 -1 -1 -1 -1 -2 -1 -1    2  30   1   1   1  16   2   2  16   1   2   2  14   1   1   2   2   0   1   2  0.23 0.03
  228 R    0  4  0 -1 -2  2  0 -1  0 -2 -2  1 -1 -2 -1  2  0 -2 -1 -2    2  39   1   1   0  14   2   2   1   1   2   1   1   1   1  27   1   0   1   2  0.32 0.05
  229 P    2  3 -1 -2 -2 -1 -1 -1 -1 -1  0  0 -1 -2  2  0 -1 -2 -2 -1   40  25   1   1   0   1   1   1   0   1  14   1   0   0  13   1   1   0   0   1  0.24 0.05
  230 W   -2 -2 -2 -2 -2 -1  0 -2 -2 -1  0 -2 -1  2 -2 -1  2  8  1 -1    1   1   0   1   0   0  11   1   0   1  13   1   0  11   1   1  23  33   0   1  0.65 0.09
  231 R   -1  2 -1 -2 -2  0 -1 -2  3 -1  0  0  2 -1  2  0 -1 -1  2 -1    1  22   0   1   0   0   1   1  12   1  12   1  12   0  11  13   1   0  11   1  0.18 0.05
  232 W   -1  3 -2 -2 -3 -1 -1  1 -2 -2  0  1 -1 -1  2 -1 -2  7 -1 -2    1  23   0   1   0   0   1  11   0   1  12  11   0   0  12   1   1  23   0   1  0.48 0.07
  233 N   -1 -2  3  2 -3 -1 -1  2  3 -2  0 -1 -1  1 -2 -1 -1 -2  0 -2    1   1  22  12   0   0   1  23  11   1  12   1   0  12   1   1   1   0   0   1  0.20 0.05
  234 A    3 -1 -1 -1 -1  1 -1  1 -1 -2 -2 -1 -1 -3  2  1  0 -3 -2 -1   48   1   0   1   0  11   1  11   0   1   1   1   0   0  11  11   1   0   0   1  0.32 0.06
  235 S    0 -1  0 -1  4  1 -1  2 -1 -2 -2 -1 -2 -3 -1  2  2 -2 -2 -2    1   1   0   1  12  11   1  22   0   1   1   1   0   0   1  24  23   0   0   1  0.28 0.06
  236 R   -1  5 -1 -2  3  0  1 -2  0 -3 -2  1 -2 -1 -2 -1 -1 -2  2 -2    1  56   1   1  11   1  11   1   0   1   1   1   0   0   1   1   1   0  12   1  0.47 0.09
  237 H   -1  1  0  3 -3  0  2 -2  3 -2 -2  0  1 -2  2  0 -1 -3 -2 -2    1  11   0  21   0   0  20   1  10   1   1   1  10   0  11  10   1   0   0   1  0.28 0.06
  238 L    0 -2 -2 -2 -2 -2 -2 -2 -3 -1  1 -2 -1 -2  7 -1 -1 -3 -3 -1   11   1   0   1   0   0   1   1   0   1  22   1   0   0  60   1   1   0   0   1  1.06 0.11
  239 E    1 -1  0  3 -3  0  3  3 -1 -3 -3 -1 -2 -3 -2  0 -1 -3 -3 -2   19   0   0  18   0   0  27  28   0   0   1   1   0   0   1   1   1   0   0   1  0.39 0.07
  240 R    0  3 -1  1 -3  0  1  3 -1 -3 -3  0 -2 -3 -2  0 -1 -3 -2 -3    9  25   0   9   0   0   8  34   0   0   1   1   0   0   0   8   1   0   0   1  0.36 0.07
  241 S   -1  1  2 -1 -2  1  0 -1  2 -2 -2  0  1 -2  2  2  0 -3 -2 -2    1   9  16   0   0   9   1   1   8   0   1   1   9   0  10  33   1   0   0   1  0.27 0.08
  242 S    1  1 -1 -2 -2 -1 -1  1 -2 -1 -1  1  1  1  3  0 -1 -2 -1  0   17  10   0   0   0   0   1   9   0   0   1   9   9   8  16   9   1   0   0   8  0.17 0.05
  243 Q   -1  2 -1  0 -2  1 -1  0 -2  1  1  0  0 -1 -2  0 -1 -2 -2  1    1  17   0   8   0   8   1  10   0   9  18   1   0   0   0   9   1   0   0  17  0.06 0.04
  244 E   -2  1 -1 -1 -3  0  1 -2  7 -3 -3 -1 -2 -2  3 -1  2 -3  0 -2    1   9   0   0   0   0   8   1  41   0   1   1   0   0  18   1  17   0   0   1  0.59 0.12
  245 C    0 -3 -3 -3  7 -2 -3  0 -3  1  0 -3  2 -2 -3 -1 -1 -3 -2  2    8   0   0   0  38   0   1   8   0   8   7   0   8   0   0   1   0   0   0  17  0.49 0.11
  246 V    0  0 -2 -2 -2 -1 -2 -2 -2  2  0 -1  0  1  2  0 -1 -2 -1  2    8   7   1   1   0   1   1   1   0  13   8   1   0   7  13   8   1   0   0  28  0.15 0.05
  247 H    0 -1  0  0 -2 -1 -1  1  6 -2 -1 -1 -1 -1 -2  0  1 -2  2 -2    7   1   1   6   0   1   1  13  31   1   8   1   0   0   1   7  14   0   7   1  0.28 0.10
  248 R   -2  6 -1  0 -4  2 -1 -3  2 -3 -3  1 -2 -3 -3 -1  0  3 -2 -3    1  58   0   5   0  10   1   1   5   0   1   5   0   0   0   1   5   5   0   1  0.75 0.21
  249 T    1  1  0  0 -2  0  0  0  1 -2 -2  0  0 -2  1  0  1 -2  0 -1   20  10   5   5   0   1   7   6   5   1   1   6   5   1   6   6  10   0   5   1  0.11 0.05
  250 H    0  0  0  3 -2  2  2 -2  3 -2 -2  0 -2 -2 -2  1  1 -2  1 -1    6   5   1  19   0  10  13   1   9   1   1   1   0   0   1  10  11   0   5   5  0.22 0.09
  251 I    1 -2 -2 -1 -2 -2 -2 -2 -2  3  1 -1  0  0 -2 -1  0  2 -1  2   14   1   1   5   0   1   1   1   0  25  16   6   0   5   1   1   6   4   0  14  0.14 0.08
  252 L    3  2 -2 -2 -2 -1  0 -2 -2 -1  0 -1 -1 -2  0  0  1 -3 -2  1   34  15   1   1   0   1   7   1   0   1  12   1   0   1   4   1   8   0   0  12  0.18 0.12
  253 E   -1  2  2  2 -3  2  2 -1 -1 -1 -2  0 -2 -1  0  1 -1 -3 -2 -2    4  17  13  11   0  13  12   3   0   4   4   0   0   3   3   9   0   0   0   1  0.22 0.12
  254 Q    1  1  0 -1 -2  2  1 -2 -2 -1 -1  1  0 -3  0  1  1 -3 -2  1   17   9   5   0   0  11   7   0   0   0   3   9   3   0   3   9  10   0   0  14  0.15 0.11
  255 E    0  0 -1  1 -3  2  3 -2 -1 -2  0  0 -1  0 -1  1  1 -3  1 -2   11   3   0   6   0   9  24   0   0   0  13   5   0   4   3   8   8   0   5   0  0.18 0.13
  256 K   -1  5 -2 -1 -4  2  0 -3  0  0 -2  3 -2 -3 -3  0 -2 -4 -1 -1    5  38   0   2   0  10   2   0   2   7   3  16   0   0   0   5   0   0   2   6  0.48 0.25
  257 D   -1  2  1  3 -4  1  2  0 -2 -3 -3  2 -1 -4  1  0  1 -4 -3 -2    2  14   7  17   0   4  12   6   0   0   0  11   2   0   6   6   8   0   0   2  0.29 0.16
  258 T    0 -2  1 -1 -3 -2 -1  0 -1 -3 -2 -2 -1 -1  1  2  4 -4 -1 -1    8   1   7   3   0   0   4   5   1   0   3   0   2   3   8  20  29   0   2   3  0.32 0.25
  259 R   -1  2 -1 -1 -1  1  1  0  3 -2 -1  2 -1 -2 -1  1  2 -4 -2 -2    2  14   0   2   1   7   8   7   8   2   5  14   2   1   2   8  14   0   0   3  0.20 0.18
  260 Q   -1  1 -2 -2 -4  1  0 -2 -3 -2 -2  1  4 -4  4  0 -1 -4 -1 -1    5   7   2   1   0   7   5   2   0   1   3  10  14   0  25   8   3   0   3   3  0.45 0.30
  261 M   -5 -6 -8 -6 -5 -7 -8 -5 -8 -3 -3 -8 11 -4 -6 -6 -1 -8 -7 -3    1   0   0   1   0   0   0   1   0   1   1   0  86   1   0   1   4   0   0   2  3.54 1.47
  262 S   -1 -2  2  2 -3 -1 -1 -3  0  1 -1  0 -1 -3  0  3  1 -3 -3 -2    3   2  10  10   0   2   3   1   2   8   6   6   1   1   5  26  10   0   1   2  0.30 0.29
  263 S    1  0  0  1 -3  0 -1 -2 -1 -1  1 -1  0 -1 -1  1  3  0 -2 -1   10   4   5   9   0   4   3   2   1   3  13   4   3   2   2  10  20   1   1   2  0.16 0.20
  264 L   -1  0 -2 -3  0  2 -2 -5 -2  1  2  4  2 -3  0 -2  0 -4 -4  0    4   4   2   1   2   8   1   0   1   9  18  25   6   1   4   3   5   0   0   6  0.37 0.31
  265 A    2 -2  1  3 -6  1  3 -2  1 -5 -5 -1 -4 -5 -2  1  1 -6 -5 -3   14   2   7  18   0   7  16   2   3   1   1   3   0   0   2  11  10   0   0   2  0.48 0.39
  266 L   -2 -4 -3  0 -5 -1 -4 -6  7  0  1 -5  3  2 -5 -3  1  0  5 -3    3   1   1   5   0   3   1   0  21   4  15   0   6   7   0   2   9   1  17   2  0.80 0.49
  267 L   -1 -6 -7 -8  1 -5 -7 -7 -7  3  4 -7 -1  6 -6 -6 -5 -4  0  0    5   0   0   0   2   1   0   0   0  15  37   0   1  29   0   0   0   0   2   5  1.26 0.64
  268 R   -1  4 -2 -3 -3  3  0 -4  2  1  1  2 -2 -4 -4 -2 -1 -6 -2 -1    4  23   1   1   1  13   7   1   4   7  12  12   1   1   1   2   5   0   1   5  0.44 0.34
  269 T   -2  3  0  1 -2  2  1 -3  0 -3  0  1  2 -4 -4  0  2 -4 -4 -3    3  17   4   7   1   9   8   2   2   1  10   9   5   1   0   7  13   0   0   1  0.33 0.30
  270 L   -6 -6 -5 -8 -5  0 -8 -9 -3 -2  6 -5  6  1 -8 -6 -6 -3  2 -4    0   0   1   0   0   5   0   0   1   2  60   1  17   4   0   1   0   0   6   1  1.62 0.84
  271 F    3 -6 -6 -8 -4 -5 -6 -4 -2  0  1 -7  0  6 -7 -3 -3 -2  4 -1   27   0   0   0   0   0   0   2   1   4  11   0   2  30   0   2   2   1  13   4  1.08 0.63
  272 N    2  4  0  3 -4  2  2 -2  1 -5 -4  1 -4 -7 -6 -1 -2 -7 -4 -4   15  21   5  14   0   8  14   3   4   1   2   6   0   0   0   3   2   0   0   1  0.59 0.44
  273 Y   -6 -9 -4 -10 -6 -4 -9 -10  4 -5 -7 -9 -8  0 -10 -9 -9 -1 10 -7    1   0   1   0   0   1   0   0   9   1   0   0   0   4   0   0   0   1  82   0  3.41 1.51
  274 R   -4 -3  7  2 -6  0 -1 -4  5 -6 -4  2  0 -8 -7 -3 -1 -8 -7 -5    1   1  43   9   0   3   4   2  13   1   2  11   2   0   0   2   4   0   0   1  1.29 0.74
  275 A    2  3 -1  0 -2  2 -1 -3  2 -1 -2  0 -3 -1 -4 -1 -1 -1  2  0   19  16   3   6   1   9   4   1   5   4   4   5   0   2   0   4   4   1   6   6  0.24 0.25
  276 W   -7 -4 -8 -5 -7 -4 -5 -8  0 -7 -6 -7 -4 -4 -11 -6 -8 13 -2 -7    1   1   0   1   0   1   1   0   2   0   1   0   1   1   0   1   0  85   1   1  4.52 1.86
  277 A    7 -6 -8 -8 -1 -1 -6 -5 -8 -3 -6 -7  4 -5 -6 -1 -3 -9 -5 -3   75   0   0   0   1   3   0   1   0   2   0   0   8   0   0   4   1   0   0   2  1.91 1.03
  278 N   -7 -2  8  3 -5 -5 -4 -5 -1 -6 -7 -6 -5 -7 -9 -4  0 -2 -4 -7    0   2  69  14   0   0   1   1   1   1   1   0   0   0   0   1   6   1   1   0  2.25 1.13
  279 A    1  3  1  2 -5  3  2 -1  2 -4 -3  1 -3 -5 -5 -2 -1 -3 -4 -5   12  18   6   9   0  13  14   5   4   1   3   6   1   0   0   2   4   0   0   1  0.49 0.39
  280 E   -1  6 -2 -4 -5  2  1 -3 -1 -3  0  2 -2 -6 -6 -2 -1 -5 -5 -2    5  35   2   1   0  10  10   2   2   2   8  12   1   0   0   3   4   0   0   3  0.75 0.51
  281 L   -3 -7 -8 -8 -2 -5 -7 -8 -4  4  4 -7  3  1 -7 -5  0 -2 -2  2    2   0   0   0   1   1   0   0   1  19  41   0   7   5   0   1   6   1   1  15  1.07 0.58
  282 L   -2 -4 -5 -8 -1 -7 -7 -5 -1  3  4 -6  1  4 -8 -5 -3  0  4  0    4   1   1   0   1   0   0   1   2  13  36   0   3  15   0   1   2   1  14   5  0.96 0.54
  283 E    2  0  1  4 -4  1  3 -2  0 -5 -5  0 -3 -7 -4  0 -1 -7 -4 -5   15   5   7  21   0   6  19   3   2   1   1   6   1   0   1   6   5   0   1   0  0.57 0.42
  284 K    4 -1 -3 -4  2 -2 -3 -3  3 -2 -1 -1 -2 -3 -5  1  0  2 -1  1   36   4   1   1   4   2   2   1   6   2   5   4   1   1   0  11   5   2   2   8  0.48 0.39
  285 M    1 -7 -7 -8  5 -7 -7 -5 -7  3  4 -7  2  0 -6 -4 -3 -7 -4  2   13   0   0   0   9   0   0   1   0  14  40   0   4   3   0   1   1   0   1  11  1.00 0.56
  286 E    3  2 -1  0 -3  1  2 -1 -2 -1 -1  1 -1 -5 -4  0 -1 -5 -4 -3   23   9   2   5   0   6  14   4   1   3   7   9   2   0   0   8   4   0   1   1  0.30 0.28
  287 G    2  1  0  0 -3  3  1  1 -2 -4 -3  1 -3 -5 -1  1  2 -5 -4 -3   16   6   3   5   0  11  10   9   1   0   3   9   0   0   2   9  11   0   0   1  0.30 0.28
  288 F   -1 -4 -2 -5 -1 -2 -3 -5 -2  2  5 -2  0 -2 -4 -3 -1 -4 -4  1    7   1   2   1   2   2   2   1   1   9  51   3   2   1   1   2   3   0   1   9  0.79 0.45
  289 D   -1 -3 -1  3 -4 -2 -1 -1 -3 -4 -4 -3 -5 -3  5  2  1 -6 -5 -4    5   1   3  15   0   2   5   4   1   1   2   1   0   1  30  17  10   0   0   1  0.78 0.51
  290 A    2 -2 -1  3 -3  0  3 -1 -1 -2 -3 -1 -3 -4  3 -1 -1 -5 -3 -2   15   2   2  16   1   5  18   5   1   3   2   3   1   1  12   5   3   0   1   3  0.38 0.30
  291 D    2 -1 -2  3 -5  1  4  0  0 -4 -4 -1 -4 -4  0  0 -1 -3 -4 -3   15   3   2  13   0   5  27   8   2   1   2   3   0   1   4   5   4   0   1   2  0.47 0.35
  292 L    0 -1 -1  1 -3  3  3 -2  0  0  0 -1 -2 -4 -1 -1 -1 -4 -3  1    9   3   3   8   1  14  19   3   2   5   9   4   1   1   4   3   3   0   1   9  0.24 0.22
  293 H   -1  1 -2 -2 -2 -1 -2 -3  2 -1  2 -2  0  3  0 -2 -2  2  4 -2    6   8   2   2   1   2   2   2   5   3  20   2   2  12   5   4   2   2  15   3  0.32 0.24
  294 E    0  1  1  1 -4  0  1 -1  2 -3 -2  0 -1 -1  1  0  1  0 -1 -2    9   9   6   8   0   4  10   5   6   1   5   6   1   3   8   5   8   1   2   3  0.13 0.13
  295 L    2  2 -1 -1 -3  3  1 -2 -2 -2 -2  2 -1 -3 -2 -1  0 -5 -3 -2   16  13   3   4   1  12  10   2   1   3   4  13   2   1   2   5   6   0   1   3  0.28 0.24
  296 D   -1 -2  1  4 -4  0  3 -3  0 -2 -4 -1 -5 -4  3 -1 -2 -5 -3 -2    5   2   6  21   0   4  21   2   2   3   2   4   0   1  15   5   3   0   1   3  0.55 0.37
  297 R   -1  4 -1 -2 -3 -1 -3 -3  0  0  0 -2  2  4  0 -2 -3  0  1 -1    4  23   3   2   1   3   1   2   2   6  11   2   4  18   5   3   1   1   4   5  0.44 0.30
  298 E    0  0 -1  0 -5  1  2  3  2 -4 -4  2 -4 -5  2 -1 -1 -5 -4 -2    9   4   2   5   0   7  11  21   5   1   2  11   0   0  12   3   3   0   0   3  0.38 0.29
  299 T    1  1 -1 -3 -3 -2 -2 -2 -2 -4 -4  1 -2 -1 -3  5  1 -6 -2 -4   10   7   3   2   1   2   2   3   1   1   2   7   1   3   1  46   7   0   1   1  0.77 0.52
  300 A    2 -4 -4 -4  0 -4 -4 -2 -5  4  0 -5  2  1 -3  2 -2 -3 -2  2   18   1   1   1   2   0   1   3   0  25   9   0   4   6   2  14   2   0   1  12  0.55 0.36
  301 L   -2  1 -4 -5 -2 -2 -4 -5  5  1  2 -3  0  6 -6 -4 -3 -2  0  0    3   7   1   1   1   2   1   1  14   7  22   1   2  26   0   1   2   1   2   5  0.84 0.46
  302 R    0  3 -1 -1 -6  0 -1  4  1 -6 -3  2 -5 -4 -1 -1 -3 -6 -2 -5    8  17   3   3   0   5   4  29   3   0   3  12   0   1   4   4   2   0   1   1  0.55 0.37
  303 L   -3 -4 -4 -6 -4 -2 -6 -3 -3  0  3 -5 -2 -3 -5  1  6  1 -4  0    2   1   1   0   0   2   0   3   1   5  22   1   1   1   0  10  42   2   1   5  0.97 0.60
  304 L   -3 -7 -8 -8 -4 -7 -7 -8 -7  2  5 -7  5  3 -7 -7 -4  0 -2  0    2   0   0   0   0   0   0   0   0  11  52   0  11  11   0   0   1   1   2   5  1.39 0.67
  305 N    1  1  6 -1  0 -2 -2  0  3 -4 -3 -3 -4 -5 -5  2 -2 -7 -3 -2   11   8  31   3   2   2   3   6   7   1   3   1   1   0   1  14   2   0   1   4  0.68 0.45
  306 H   -8 -8 -7 -8 -9 -3 -8 -9 12 -9 -9 -8 -8 -8 -9 -8 -8 -9 -2 -9    0   0   0   0   0   2   0   0  94   0   0   0   0   0   0   0   0   0   1   0  4.57 1.76
  307 T   -3 -8 -3 -8 -1 -5 -8 -6 -5  6  3 -6  4 -6 -6 -5 -1 -4 -4  2    2   0   2   0   1   1   0   1   0  39  24   1   9   0   0   1   4   0   1  13  1.27 0.65
  308 L   -1 -4 -4 -8  0 -3 -6 -6  3  1  4 -7  2 -1 -6 -5 -4  4  4  1    5   1   1   0   2   1   0   1   6   8  40   0   4   2   0   1   1   4  13  10  0.93 0.53
  309 V    1 -2  1  0 -3 -2 -2  1 -2  0  0 -3 -1 -2 -6 -1 -1  4 -2  3   13   2   7   6   0   1   3   9   1   6  11   2   1   2   0   6   3   5   1  20  0.26 0.22
  310 V    5 -6 -5 -4 -3 -9 -9  1 -3 -1 -8 -9 -2 -5 -6 -1  1 -3 -9  4   46   1   1   1   1   0   0   9   1   3   0   0   1   1   0   5   8   0   0  22  1.26 0.71
  311 D   -5 -3 -4  6 -10  4  4 -5  2 -10 -5 -5 -10 -6 -9 -4 -5 -10 -10 -6    2   2   1  42   0  14  27   1   4   0   2   1   0   1   0   2   1   0   0   1  1.68 0.91
  312 Q   -2  4 -2 -1 -1  3  0 -4  3 -1  0  1  0 -3 -8 -2 -1  5 -1 -3    3  22   2   3   2  11   7   1   7   3   9   7   2   1   0   4   4   6   2   3  0.54 0.36
  313 I   -2 -4 -2 -5 -3 -6 -5 -3 -4  6  2 -7  2 -2 -9 -3 -2 -1 -2  3    4   1   2   1   1   0   1   3   1  34  20   0   4   2   0   2   3   1   2  17  0.99 0.51
  314 F   -11 -12 -12 -12 -11 -11 -12 -12 -3 -5 -6 -12 -11  3 -12 -12 -11 13  1 -5    0   0   0   0   0   0   0   0   1   1   1   0   0   9   0   0   0  81   5   1  4.67 2.01
  315 A   -4  2 -3 -5 -3 -1 -7 -8  0  0  5 -3  4  2 -7 -5 -5  1  2 -4    2   9   2   1   1   3   0   0   2   4  45   2   7   8   0   1   1   2   7   1  1.02 0.57
  316 A    3 -1  0  0 -1  0  1  0  2 -4 -2  0 -1 -3 -5  2 -1 -2 -4 -4   21   3   5   6   2   5   8   9   4   1   4   6   1   1   1  16   4   1   1   1  0.32 0.28
  317 H   -4  8 -1 -6 -4 -6 -7 -6  4 -4 -7 -6 -4 -5 -12 -7 -5 -3 -5 -2    2  74   3   1   0   0   0   1   8   2   1   0   1   1   0   1   1   1   1   3  2.52 1.28
  318 L   -5 -11 -11 -11  2 -5 -7 -11 -4  4  4 -11  4  4 -11 -7 -5  6 -4 -1    1   0   0   0   4   1   1   0   1  18  37   0   8  15   0   1   1   8   1   4  1.45 0.75
  319 V    0  1  1 -2 -2  4  1 -2  1 -2 -1  2 -1 -4 -5  0  2 -8 -4 -2    7   7   6   2   1  15  10   3   3   3   8  11   2   1   1   6  11   0   1   3  0.31 0.28
  320 G   -2  0  1  0 -3  1 -1  6  1 -6 -5 -1 -4 -5 -4 -2 -4 -2 -5 -6    4   4   5   5   1   6   4  52   3   1   2   4   1   1   1   3   1   1   1   1  1.09 0.67
  321 I   -1  2  0  0 -2  2  3  0  1  0 -2  1  0 -4 -4 -1  1 -1 -3  0    5   9   4   5   1   8  18   9   3   5   5   7   2   1   1   4   7   1   1   6  0.21 0.19
  322 D    0 -1 -1  2 -8  0  1  0 -2 -4 -4  1 -2 -4  4  1 -1 -2 -4 -3    8   4   3  10   0   5   9   6   1   1   2   7   1   1  22  11   4   1   1   2  0.42 0.36
  323 H    0 -1  1 -1 -2  0  0 -4  5 -2 -2 -2  0  0  3  1  0  0  1 -2    8   3   5   4   1   4   6   2  13   3   5   2   2   4  14  10   5   1   4   3  0.32 0.25
  324 G    1 -1 -2  0 -3 -1  0  2 -1 -2 -3 -2 -3 -3  4  1  0 -1 -3 -2   11   3   2   5   1   3   6  14   2   2   3   3   1   1  22  10   5   1   1   3  0.38 0.32
  325 L    0 -1 -1 -2 -2 -1 -1 -1  2  0 -1 -1  0  3  1 -2 -1  0  3  1    7   3   3   3   1   3   5   5   5   5   7   4   2  10   8   3   4   1  11  10  0.18 0.14
  326 T    1  0 -1 -1 -2  0  0 -2  0  0 -1  0  0 -2  0  1  2  2 -1 -1   11   5   3   4   1   5   7   4   2   6   6   5   3   2   6   9  14   3   2   4  0.11 0.13
  327 A    1  0 -2 -1 -2 -1 -1 -1 -1  0 -1 -2  1  1  2  1  0  0 -1  1   13   6   2   4   1   2   5   5   2   4   7   2   4   6   9  11   5   1   2   8  0.09 0.11
  328 D   -2  1 -3  0 -7 -1 -2 -3 -1  0  3 -2 -1  0  1 -2  0  6 -2 -1    4   6   2   5   0   3   3   3   1   4  25   3   2   4   7   4   6  10   2   5  0.38 0.28
  329 N   -2  0  3  3 -1  1  0 -1  1 -1 -3  0 -1  0  0  0 -1  5 -2 -3    3   4  12  15   1   5   7   6   3   3   4   6   2   4   6   6   4   6   2   3  0.28 0.23
  330 T    0 -1 -2  1 -6  1  1 -2  0  0 -2 -2  0 -1  2  0  2  3 -2  0    9   3   2   7   0   6  10   3   2   5   4   2   3   3  11   6  13   3   2   7  0.21 0.22
  331 T   -1  0  0  0  2  0  0 -1  2  0 -1  0  2  1  0 -1  0  4  1 -1    5   5   5   5   5   5   5   5   5   5   5   5   5   5   5   5   5   5   5   5  0.09 0.08
  332 E   -1 -2 -2  3 -3  0  2 -3 -1 -1  2 -2 -1  0  2 -1 -1 -7 -4 -1    5   3   2  14   1   4  14   2   2   3  17   3   1   4  11   5   4   0   1   5  0.29 0.25
  333 T   -1 -2 -2 -2 -1 -2  0 -3  3  0  0 -2 -2  4  0 -2  2  1  3  1    5   3   2   3   2   2   6   2   6   6   9   3   1  13   4   3  12   2   9   9  0.28 0.20
  334 P    0 -1 -3  0 -7 -2  1 -1 -1 -2 -2 -2 -3 -1  5  1 -1  4  0 -3    8   3   2   6   0   2   9   6   2   3   4   3   1   2  27   9   4   4   3   2  0.50 0.39
  335 L   -1 -3  0  5 -8 -1  1 -2 -2 -3 -4 -2 -7 -4  0  2  3 -3 -4 -4    5   2   5  26   0   3   8   4   1   2   3   3   0   1   5  14  16   1   1   2  0.61 0.45
  336 L   -2  0 -6 -6  3 -4 -4 -6 -3  1  4 -3  2  4 -1 -5 -3  4 -2  0    4   6   1   1   5   1   1   1   1   7  32   2   5  14   3   1   2   5   2   7  0.72 0.42
  337 Q    2 -1  0  3 -8  1  3 -1  1 -3 -3 -1 -3 -5 -1  1 -1 -2 -5 -3   18   3   4  14   0   6  19   5   3   2   3   4   1   1   3   8   4   1   1   2  0.42 0.35
  338 D    2 -2 -2  3 -3  2  5 -2 -2 -5 -4 -1 -2 -6 -2  0 -1 -3 -4 -2   14   2   2  13   1   7  30   3   1   1   3   4   1   1   2   7   4   0   1   3  0.62 0.47
  339 L   -2 -9 -5 -10  5 -9 -5 -10 -10  1  6 -9  1 -1 -10 -6 -3  1 -1 -1    4   0   1   0   9   0   1   0   0   8  57   0   3   3   0   1   2   2   3   5  1.45 0.76
  340 R    1  4 -1 -1  0  1  2 -3  1 -1 -2  1  0 -1 -4 -1 -1  2 -2 -1   10  19   3   3   2   6  11   3   4   4   5   9   2   2   1   5   4   3   1   4  0.28 0.24
  341 V    2  0 -1  1 -2  2  3 -2  0 -3 -3  1 -2 -4 -2  0  0 -1 -3 -2   17   6   3   9   1   8  17   3   3   2   3   7   1   1   2   6   6   1   1   3  0.30 0.28
  342 A    3  3 -1 -1 -1  1  1 -2  1 -2  0 -1  1 -2 -4 -1 -2  0 -1 -2   21  13   3   4   1   6  10   3   3   3  10   4   3   2   1   5   3   1   3   3  0.25 0.23
  343 L   -1  4  0 -5 -1  0 -5 -4  0  1  2 -4  2  1 -8 -3 -3  7  0  0    5  17   4   1   1   4   1   2   2   7  17   1   5   6   0   3   2  13   3   6  0.66 0.42
  344 M    2  2 -1  0 -2  2  2 -2  1 -2 -1  0  0 -2 -2  0  0 -1 -1 -2   14   9   4   6   1   8  15   3   3   3   6   5   2   2   2   6   6   1   2   3  0.16 0.17
  345 A    2  1  0  0 -2  2  3 -2  0 -3 -4  1 -1 -4 -2 -1 -1  0 -3 -2   17   8   4   6   1   7  21   3   2   2   2   8   1   1   2   5   4   1   1   3  0.35 0.31
  346 S   -1 -2  2 -2  0  0  0 -2 -1  0  2 -1  3  0 -3  0  0  0 -1  1    5   2  10   2   2   5   6   3   2   6  17   3   6   4   1   8   5   1   3   8  0.14 0.13
  347 D   -1 -1  1  5  0 -1  1 -3  4 -2 -3 -2 -1 -2 -2  1 -1  2 -1 -3    5   3   7  26   2   3   8   3   7   2   3   2   2   2   3  11   4   2   3   2  0.47 0.35
  348 Q    1  2  0  1 -1  3  2 -2  0 -2 -3  0 -1 -3 -3  0 -1  0 -2 -2   13  10   4   9   1  11  11   4   3   2   3   7   2   2   2   6   4   1   2   3  0.23 0.22
  349 W    1  2  0  0 -1  2  2  0  1 -2 -1  0 -1 -2 -3 -2 -2  6 -2 -3   12  10   4   6   2   8  11   7   3   2   6   5   2   2   2   4   3   9   2   3  0.28 0.24
  350 Y   -6 -2 -6 -10 -3 -2 -10 -10 -3  3  2 -6  3  3 -10 -7 -3  8  6 -4    1   3   1   0   1   2   0   0   1  15  19   1   5   9   0   1   2  18  20   2  1.48 0.77
  351 R    0  2 -1 -1 -2  1  1 -3 -2  3  1 -1  0 -3 -4 -1 -1 -1 -4  1    7  11   3   3   1   6   8   3   1  16  13   4   3   1   1   5   4   1   1   8  0.24 0.18
  352 N    2  2  1  3 -5  2  2 -1  0 -3 -3  0 -1 -3 -3  0  0 -5 -2 -2   15   9   6  15   0   8  13   4   3   1   3   5   1   1   1   6   5   0   1   2  0.28 0.27
  353 Y   -3 -3 -4 -6 -2 -3 -4 -4  1 -1  1 -4 -1  5 -6 -2 -2  7  6 -1    2   1   1   0   1   1   1   1   3   3  11   1   1  25   0   3   3  12  23   4  1.12 0.63
  354 L    1 -3 -5 -4  1 -3 -3 -3 -2  3  3 -3  1  1 -5 -2 -1 -5 -2  3   11   2   0   1   3   1   2   2   1  15  27   1   3   6   0   3   3   0   1  19  0.47 0.33
  355 E    2  1  0  2 -1  1  2 -1  0 -3 -3  1 -1 -3 -3  1 -1 -1 -3 -2   17   8   4  13   1   5  13   5   2   2   2   8   1   1   1   9   3   1   1   2  0.25 0.25
  356 T    1  0  1  0 -4  1  1  1 -1 -1 -2  0 -1 -1 -2  1  1 -1 -2 -2   10   5   8   6   0   7   8  11   2   4   3   4   2   3   1  12  10   1   1   2  0.13 0.16
  357 V   -1 -2 -3 -4  1  0 -3 -4 -1  0  5 -3  2 -1 -3 -2 -2  2  0  0    6   2   1   1   3   4   2   1   1   5  47   2   5   2   1   3   2   3   3   6  0.59 0.40
  358 T   -1 -1  1  2 -2 -1  0 -2  0 -3 -4  0 -2 -3  1  2  3 -1 -5 -3    4   3   6  12   1   3   6   4   2   2   1   6   1   1   7  18  20   1   0   2  0.37 0.35
  359 T    0 -2  0  3 -2  1  4 -3 -1 -4 -4 -2 -2 -3  3 -1  0 -6 -3 -3    9   2   4  17   1   5  26   2   1   1   2   2   1   1  14   4   5   0   1   2  0.55 0.44
  360 E    2 -2 -1  3 -3  0  3  0 -1 -3 -4 -1 -2 -4 -1  0 -1 -6 -4 -2   17   2   3  15   1   5  23   6   1   2   2   4   1   1   3   7   4   0   0   3  0.38 0.35
  361 Q    0  1 -1  5 -6  1  2 -2  0 -4 -4 -1 -2 -1 -4 -1 -1  3 -2 -3    9   7   3  33   0   7  10   4   2   1   2   3   1   3   0   5   3   3   1   2  0.57 0.44
  362 L   -3 -4 -7 -5 -2 -4 -5 -5 -4  0  6 -5  1  3 -3 -5 -3  1 -2 -2    2   1   0   1   1   1   1   1   1   4  63   1   3  10   2   1   2   2   1   3  1.24 0.69
  363 S    1 -2  1  4 -2  1  2  0  0 -4 -2 -1 -2 -3 -3  1  0 -6 -3 -3   14   2   7  20   1   7  12   7   2   1   4   3   1   1   1  10   5   0   1   2  0.33 0.31
  364 E    1  3 -2  0 -3  2  3  1  1 -5 -5  1 -5 -4 -4  0 -1 -2 -3 -3   10  17   1   4   1  10  21  10   4   1   1   7   0   1   1   6   4   1   1   2  0.46 0.39
  365 S   -1  0  0  0 -2 -1  1 -3 -1  1 -1  0  1 -2  2  0  2 -1 -3  1    4   5   3   6   1   2  11   2   1   7   4   5   3   1  11   6  12   1   1  13  0.16 0.19
  366 I   -3 -2 -6 -7  1 -3 -6 -7 -2  5  2 -3  0  2 -6 -4 -2  0 -2  4    2   2   0   0   3   1   0   0   1  27  20   2   2   8   0   2   2   1   1  24  0.84 0.48
  367 P    0  1 -1  1 -1  0  1 -2  2 -1 -2 -1 -2 -2  0  2  3  0 -2 -1    8   7   2   8   1   4   8   3   5   3   3   3   1   2   4  13  17   1   1   5  0.18 0.21
  368 F   -5 -4 -7 -8  0 -3 -7 -8  0  0 -1 -4 -1  5 -8 -4 -3  3  8 -2    1   1   0   0   2   1   0   0   2   5   5   1   2  22   0   1   2   3  47   3  1.80 0.91
  369 V   -1  3 -1  0 -2  1  0 -3  2 -2 -2  2 -1 -3  0  1  2 -5 -1 -1    4  14   3   4   1   6   5   2   6   2   4  11   2   1   5  11  13   0   2   5  0.23 0.24
  370 F   -2  1  5  0 -6 -3 -3 -3  3 -2 -1 -3 -1  3 -2  0  1  3 -1 -3    3   7  27   5   0   1   1   2   7   2   6   1   1  10   3   8   8   4   1   1  0.54 0.41
  371 T   -1 -1 -1 -2 -4 -1 -2 -2 -4  0  0 -2  2 -1  3  1  2  1 -1  1    4   4   2   2   0   3   3   3   0   6   9   2   5   3  17  11  13   2   2   8  0.24 0.25
  372 D    0  0  0  1 -4  2  0  0  1 -2 -2  2  0 -1 -1  0  0  3  1 -2    8   5   3  10   0   8   5   6   3   2   3  12   2   3   3   7   5   5   6   3  0.14 0.17
  373 G   -1 -2  0 -2  0 -1 -2  5 -1 -3 -4 -1 -1  0 -2 -1 -3  1 -1 -3    5   2   5   3   2   3   2  48   2   2   2   4   2   4   2   4   2   2   3   3  0.74 0.49
  374 D    0  0  0  1 -4  2  1  2  1 -1 -2  1  0 -1 -1 -1 -1  1 -3  0    6   6   4   8   0   9  11  16   3   4   2   7   2   3   3   2   4   2   0   7  0.15 0.18
  375 K    0  1 -2  1 -5  0  1 -2 -1 -2 -2  0  0 -2  3  0  2  0 -1 -1    8   6   1   6   0   5  10   2   2   3   4   7   2   2  16   6  13   1   2   4  0.23 0.25
  376 G   -2  1 -2 -3  0  0 -3  1  1 -1  0 -2  2  4 -5 -2 -3  2  3  0    4   9   2   1   2   4   1  11   4   2   7   3   5  20   0   3   1   3  11   6  0.39 0.33
  377 R    0  3  0  0  0  1  2 -4  1 -3 -4  1 -2 -3 -3  2  2 -2 -1 -1    6  14   3   4   2   6  15   1   3   2   1   7   1   1   1  13  13   1   2   4  0.32 0.33
  378 M   -1  0  3 -1 -3  1  0 -4  0 -1  0  0  5 -1 -4  1  2 -5  0 -2    5   5  12   4   1   6   6   1   2   3   8   5  13   2   1   9  13   0   3   3  0.27 0.29
  379 S   -1  1 -1 -2 -3 -1 -3 -5 -2 -4 -3 -1 -3 -5  5  2  3 -2 -4 -2    5   7   3   2   1   3   2   1   1   1   2   4   1   1  30  16  16   1   1   3  0.72 0.57
  380 R   -2  3 -4 -7 -1 -2 -4 -5 -3  2  3 -2  1  1 -4 -4 -2 -1  1  2    4  15   1   0   1   2   1   1   1  10  30   2   2   5   1   1   2   1   4  16  0.54 0.39
  381 E    1  1 -2 -1 -2  0  1  2  0 -3 -3 -2 -3 -1 -3  1 -2  7  1 -3   13   7   2   4   1   4   9  15   2   2   3   2   1   3   2   9   2  15   4   1  0.47 0.38
  382 E   -1 -3 -2  4 -4  3  4 -4  2 -2  0 -3 -2 -2 -3 -3 -3 -1 -2 -1    4   1   1  23   0  10  26   1   4   2   9   1   1   2   2   2   1   1   1   5  0.65 0.47
  383 M    0 -8 -5 -8  3 -2 -6 -5 -4  5  2 -7  5 -3 -5 -4 -1 -7 -3  2    7   0   1   0   5   2   0   1   1  33  19   0  12   1   1   2   4   0   1  11  1.00 0.56
  384 L   -3 -9 -9 -10 -2 -8 -9 -10 -9  3  5 -9  3  0 -9 -8 -5 -1 -3  3    2   0   0   0   1   0   0   0   0  13  55   0   7   3   0   0   1   1   1  15  1.50 0.77
  385 I    1 -2 -2 -4 -2  3 -3 -3  1  0  2 -4  3  0 -4 -1  3 -1 -3 -1   10   2   2   1   1  13   2   2   4   5  19   0   6   4   1   5  17   1   1   5  0.37 0.33
  386 H   -10 -4 -3 -9 -11  2 -8 -7 11 -11 -7 -8 -9 -9 -6 -6 -4 -10 -3 -11    0   1   1   0   0   8   0   1  84   0   1   0   0   0   1   1   2   0   1   0  3.90 1.60
  387 L   -3 -8 -5 -9  1 -4 -8 -6 -8  2  3 -5  3  3 -8 -6 -4 -1 -4  5    3   0   1   0   3   1   0   1   0   8  26   1   7  10   0   0   1   1   1  38  1.14 0.60
  388 V    0 -8 -5 -8 -1 -8 -6 -5 -4  2  0 -8  2  7 -5 -3 -2 -2 -2  4    7   0   1   0   1   0   0   1   0  10   7   0   5  36   1   2   2   1   1  25  1.22 0.63
  389 T   -5 -5  8 -3 -4 -1 -5 -4  1 -1 -1 -7 -1 -2 -8 -3  1 -9 -4 -4    1   0  63   1   0   3   1   1   3   3   8   0   2   2   0   2   8   0   1   2  1.79 0.93
  390 H   -10 -8 -2 -9 -11 -3 -4 -10 12 -11 -11 -9 -10 -9 -10 -9 -10 -10 -3 -11    0   0   2   0   0   2   1   0  94   0   0   0   0   0   0   0   0   0   1   0  4.51 1.70
  391 S    1 -4 -3 -4 -3  5 -5  5 -1 -6 -6 -4 -7 -2 -7  3 -2 -8 -5 -7   12   1   1   1   1  23   0  34   1   0   1   1   0   2   0  19   2   0   0   0  1.10 0.67
  392 G    1 -7 -3 -7 -3 -1 -5 -3 -1 -1 -4 -6 -1 -4 -5  1  7 -3 -7 -1   10   0   1   0   1   3   0   3   1   4   1   0   2   1   0  11  57   1   0   4  1.38 0.78
  393 Y   -8 -1 -4 -5 -1  0 -4 -7  9 -6 -5 -7 -5  0 -9 -6 -8 -6  8 -6    0   4   1   1   1   4   1   1  39   0   1   0   0   3   0   0   0   0  43   1  2.54 1.11
  394 H   -9 -8 -7 -9 -11 -2 -8 -10 11 -5 -5 -8 -9 -4 -10 -8 -5 -10 -3 -10    0   0   0   0   0   2   0   0  93   1   2   0   0   1   0   0   1   0   1   0  4.29 1.58
  395 R   -6  9 -7 -9 -4 -6 -7 -7 -4 -6 -6 -4 -8 -10 -6 -8 -8 -10 -4 -9    1  95   0   0   0   0   0   0   0   1   1   0   0   0   0   0   0   0   1   0  3.28 1.29
  396 G    2 -8 -6 -5 -3 -8 -8  7 -8 -9 -9 -7 -8 -9 -8  0 -4 -9 -9 -4   13   0   0   1   1   0   0  76   0   0   0   0   0   0   0   7   1   0   0   1  2.15 0.92
  397 E   -3 -4  1 -6 -2  8  2 -6 -2 -7 -7 -4 -3  0 -7 -5 -7 -1 -2 -5    2   0   7   0   1  67  11   0   1   0   0   0   1   4   0   1   0   1   2   1  2.08 1.00
  398 A    1 -7 -6 -8  0 -7 -7 -6 -7  5  1 -7  1 -4 -4 -5 -3 -4 -4  5   12   0   0   0   2   0   0   0   0  34  10   0   3   0   1   0   1   0   0  35  1.23 0.59
  399 G    3 -4  0 -2 -2 -2 -4  1  4  0 -3 -4 -2 -4 -4  1  2 -2 -4  1   25   0   4   2   1   2   0  10  11   4   2   0   1   1   1  11  14   1   0   9  0.49 0.36
  400 R    3  0 -1  0 -2  1 -1 -2 -1 -3 -1 -2  1 -4 -3  0  4  2 -4 -2   25   5   3   5   1   6   3   3   2   1   5   1   4   0   1   7  22   3   0   3  0.39 0.32
  401 I    0 -1 -6 -4 -3 -1 -3 -4 -2  1  3 -3  7 -2 -7 -4 -2 -3 -2  0    8   3   0   1   1   3   2   2   1   8  27   1  31   2   0   1   2   0   1   6  0.94 0.51
  402 M   -2 -7 -8 -8 -2 -5 -8 -3 -8  2  6 -7  4  0 -8 -7 -5 -7 -4 -1    3   0   0   0   1   0   0   2   0  10  65   0   7   4   0   0   1   0   1   4  1.47 0.67
  403 S   -1  6 -3 -4 -3 -2 -3 -2  1 -4 -5  0 -2 -2 -3  1  3 -1  0 -3    6  36   1   1   1   2   1   4   4   1   1   5   1   2   1  12  18   1   3   1  0.78 0.48
  404 R    0  2 -2 -1 -5  7  2 -1  1 -4 -3 -2  0 -6 -5 -1 -4 -7 -5 -5    7  10   2   3   0  41  12   5   3   1   3   2   3   0   1   4   1   0   0   1  0.97 0.59
  405 L    2 -2 -1 -3  3  1 -2 -3  0  1  3 -2  2  0 -4 -1 -1 -3 -1  0   16   2   3   1   5   6   3   1   2   6  28   2   5   4   0   5   4   0   2   5  0.29 0.23
  406 S   -4 -5 -1  0 -6 -5 -3  7 -3 -5 -7 -2 -4 -5 -1 -1 -5 -8 -6 -6    1   1   4   5   0   0   2  72   1   1   1   3   0   1   3   4   1   0   0   1  1.74 0.81
  407 L    2 -1 -3 -3 -2 -1 -2  1  3  3  1 -2 -1  0 -5 -2 -2 -3  1  2   15   4   1   1   1   3   2  10   7  15  12   3   1   4   0   2   1   0   5  12  0.23 0.20
  408 P    0 -1 -1  3 -6  0  2 -4 -3 -3 -5  1 -3 -6  2  1  2 -4 -4 -2    9   3   2  14   0   4  15   0   0   1   1   9   1   0  11   9  15   0   0   3  0.45 0.35
  409 L    0 -1 -7 -4 -1 -5 -6  0 -3  0 -1 -5 -1 -3  7 -1 -2 -4 -2 -1    9   4   0   1   2   0   0   6   1   5   7   0   1   1  49   5   3   0   2   4  1.13 0.63
  410 P    0 -3 -5 -5 -4 -3 -3  2 -2 -1 -3 -6 -4 -6  7 -3 -3 -2 -6  0    7   2   1   0   0   1   2  14   1   4   3   0   0   0  52   2   1   1   0   8  1.38 0.73
  411 W    1 -1  1  1 -4  0  1 -2 -3 -1 -2 -1  1 -4  2  1  0  1 -2  1   12   3   7   8   0   5   8   3   0   3   2   4   4   1  11  11   4   2   1  11  0.18 0.20
  412 D   -5 -6 -2  2  0 -3 -3 -4 -5  1  1 -6  2 -4 -5 -2  6 -7 -4 -1    0   0   2  11   2   1   1   1   0   7  15   0   5   1   0   3  45   0   1   4  1.01 0.60
  413 T   -6 -6 -3  8 -10 -5 -3 -3 -2 -6 -4 -7 -3 -10 -8 -5  0 -10 -6 -3    1   0   1  80   0   0   1   3   1   0   2   0   1   0   0   1   5   0   0   3  2.43 1.09
  414 F   -7 -8 -8 -7 -7 -6 -8 -7 -4  1  4 -8  1  5 -8 -7 -6 -3  6 -3    0   0   0   0   0   0   0   0   0   6  34   0   3  24   0   0   0   0  29   1  1.67 0.77
  415 A    0 -4 -3 -4 -3 -4 -4 -5 -3  6  0 -6  2 -3  2 -2  2 -6 -3  1    7   1   1   1   1   1   1   1   1  41   7   0   5   1  11   3  13   0   1   7  0.85 0.48
  416 V    0  0 -4 -3 -2 -2 -2 -2  0  0  0 -2 -1  4 -5 -2  1 -2  4  3    8   5   1   2   1   2   2   3   2   4   8   2   2  16   0   3   8   1  12  20  0.37 0.27
  417 Y   -7 -7 -7 -9 -5 -8 -9 -9  0 -7 -5 -6  2  8 -9 -7 -8  3  7 -5    0   0   0   0   0   0   0   0   2   0   1   1   5  47   0   0   0   3  39   1  2.56 1.06
  418 L   -1 -2 -6 -6  0 -2 -5 -6 -6  1  5 -3  2 -1 -5 -4 -1 -2  0  1    6   2   0   0   2   2   1   0   0   8  51   2   4   2   1   1   4   0   3  11  0.81 0.45
  419 H   -3  7 -1 -3 -7 -3 -4 -6  5 -4 -4 -2 -2 -4 -3 -4 -5 -1  0 -4    2  63   2   2   0   1   1   0  13   1   2   2   1   1   1   1   0   1   4   1  1.74 0.80
  420 R    0  3 -3  2 -6  3  5 -2  0 -5 -3 -1  0 -6 -5 -2 -3 -6 -3 -3    8  13   1  11   0  13  34   3   2   1   3   3   3   0   0   2   2   0   1   2  0.71 0.45
  421 T    2  0  1  0 -2  0  0 -1  1 -1 -1  0  1 -3 -3  0  2 -4 -2  0   18   4   8   4   1   4   7   3   5   3   5   4   5   1   1   6  13   0   1   9  0.13 0.15
  422 E   -1 -1 -1  2 -5  4  5 -3 -1 -5 -4  2 -2 -4 -2 -2 -2  0 -1 -2    4   3   3  10   0  16  33   2   1   0   2  13   1   1   2   1   2   2   2   3  0.63 0.38
  423 P    1 -1 -4 -2 -5 -1 -2 -4 -1 -5 -3 -1 -4 -5  7  0 -1 -5 -5 -3   11   4   0   2   0   2   2   1   1   0   3   4   0   0  58   6   3   0   0   2  1.38 0.54
  424 S    3  0 -2  0 -3  1  2  0 -2 -2 -1 -1 -2 -2 -1  1  1 -2 -2 -2   29   5   1   5   0   7  12   8   1   2   5   1   1   2   2   8   8   0   1   2  0.22 0.19
  425 R   -1  7 -2 -3 -1 -2 -2 -2 -2 -4 -2  1 -4 -1 -3 -2  0  0 -1 -2    4  58   1   1   2   0   2   3   1   0   5   5   0   3   1   1   6   1   3   2  0.94 0.45
  426 R   -2  7 -3 -4 -6  3  0 -5 -3 -5 -3  2 -4 -6 -3 -1 -4 -6 -5 -3    2  64   0   0   0  11   4   0   0   0   2   9   0   0   1   3   0   0   0   2  1.39 0.55
  427 L   -1  0 -1  0  0  0  2  0 -2 -1  2 -1  1 -1 -1  0 -1  1 -2  0    1   7   3   6   3   3  16   7   0   2  24   0   5   2   2   7   2   2   0   5  0.08 0.11
  428 A    2 -1  0 -1 -3  2 -1 -1 -3 -3 -3 -1 -1 -2  5  1  0 -4 -3 -1   22   3   3   2   0  11   2   3   0   0   0   2   2   2  30   9   5   0   0   3  0.54 0.24
  429 I    2  0 -2 -1 -2 -2 -2  3 -3  1 -1 -1  0 -2  0 -1 -2 -3 -3  1   19   7   0   4   0   0   0  26   0  12   5   3   3   0   4   0   0   0   0  15  0.21 0.14
  430 R    1  2  2 -1 -3  3  2 -2  0 -3 -1  1 -2 -3  0  0 -1 -3 -2 -1   13  12  11   0   0  14  19   0   2   0   6   8   0   0   3   7   2   0   0   4  0.26 0.14
  431 S    3 -2  0 -2 -2  1 -1 -2 -2 -1 -2  0 -1 -3  0  2  2 -4 -3 -1   33   0   4   0   0   8   2   0   0   3   3   3   2   0   4  19  15   0   0   4  0.31 0.18
  432 P   -2  1 -1  1 -4 -2  1  0 -3 -4 -4 -2 -4 -5  6 -1 -1 -5 -4 -4    0  10   3  10   0   0  12   8   0   0   0   0   0   0  50   3   4   0   0   0  1.04 0.28
  433 A    5  3 -2 -3 -2 -2 -2 -1 -3 -3 -3 -1 -2 -4 -2  1  0 -4 -3  0   62  19   0   0   0   0   0   3   0   0   0   0   0   0   0   6   3   0   0   5  0.62 0.25
  434 A    3 -1  1 -2 -2  2 -1  1 -2 -2 -2 -1 -2 -3  0  1  1 -3 -2  0   35   0   6   0   0  14   0  11   0   0   0   0   0   0   4  12  10   0   0   6  0.27 0.11
  435 R   -2  5  1 -1 -3  0  1 -2 -1 -3 -3  3 -2 -2 -2  0  0 -3  1 -3    0  43   7   0   0   0  10   0   0   0   0  18   0   0   0   6   5   0   7   0  0.51 0.14
  436 I    0 -2 -2  1 -2 -1  2 -1 -1  1  1 -1  0 -1  1 -1 -1 -2  2  0    7   0   0   9   0   0  22   6   0  12  17   0   0   0   7   0   0   0  14   8  0.11 0.06
  437 K    1  3 -1 -1 -3  1  1 -2 -1 -3 -3  2 -2 -3  3  1 -1 -3 -2 -2   20  27   0   0   0   7   8   0   0   0   0  14   0   0  15   9   0   0   0   0  0.41 0.09
  438 G    2 -3 -2 -2 -3 -2 -2  3 -3 -3 -3 -2 -3 -4  6 -1 -2 -4 -3 -3   27   0   0   0   0   0   0  33   0   0   0   0   0   0  40   0   0   0   0   0  0.93 0.14
  439 P    0  1 -1 -1 -2 -1 -1 -2 -2  0 -1  0 -1 -2  2  2  3 -3 -2  0    0  14   0   0   0   0   0   0   0  14   0   0   0   0  13  30  30   0   0   0  0.28 0.04
  440 C    1 -3 -2 -3  6 -2 -2 -2 -3  2  0 -2  0 -2 -2  1  0 -3 -2  2   13   0   0   0  25   0   0   0   0  31   0   0   0   0   0  17   0   0   0  14  0.29 0.05
  441 S    1 -2  0  4 -2 -1  0 -1 -2 -3 -3 -1 -2 -3  3  2  0 -4 -3 -2   17   0   0  40   0   0   0   0   0   0   0   0   0   0  17  27   0   0   0   0  0.50 0.05
  442 G    1 -2  2  0 -3  0  2  4 -1 -3 -3 -1 -2 -3 -2  0 -1 -3 -3 -3   16   0  15   0   0   0  19  49   0   0   0   0   0   0   0   0   0   0   0   0  0.49 0.04
  443 R   -1  4 -1 -1 -3  3  2 -3  0 -3 -2  1 -1  0 -2 -1 -1 -1  4 -2    0  38   0   0   0  18  19   0   0   0   0   0   0   0   0   0   0   0  25   0  0.41 0.03
  444 F    1 -3 -3 -3 -2 -2 -2 -2 -2 -1  0 -2  0  6 -3 -1 -1  0  2 -1   31   0   0   0   0   0   0   0   0   0   0   0   0  69   0   0   0   0   0   0  0.41 0.01
  445 R   -2  6 -1 -2 -4  1  0 -3  0 -3 -2  2 -2 -3 -2 -1 -1 -3 -2 -3    0 100   0   0   0   0   0   0   0   0   0   0   0   0   0   0   0   0   0   0  0.79 0.02
  446 P   -1 -2 -2 -2 -3 -1 -1 -2 -2 -3 -3 -1 -3 -4  8 -1 -1 -4 -3 -3    0   0   0   0   0   0   0   0   0   0   0   0   0   0 100   0   0   0   0   0  2.05 0.00
  447 P   -1 -2 -2 -1 -3 -1 -1 -2 -2 -3 -3 -1 -2 -4  7 -1 -1 -4 -3 -2    0   0   0   0   0   0   0   0   0   0   0   0   0   0   0   0   0   0   0   0  0.00    0.00
  448 L   -1 -2 -3 -4 -1 -2 -3 -4 -3  2  4 -2  2  0 -3 -2 -1 -2 -1  1    0   0   0   0   0   0   0   0   0   0   0   0   0   0   0   0   0   0   0   0  0.00    0.00

                      K         Lambda
Standard Ungapped    0.1367     0.3232
Standard Gapped      0.0410     0.2670
PSI Ungapped         0.1453     0.3176
PSI Gapped           0.0445     0.2670
