
Last position-specific scoring matrix computed, weighted observed percentages rounded down, information per position, and relative weight of gapless real matches to pseudocounts
           A  R  N  D  C  Q  E  G  H  I  L  K  M  F  P  S  T  W  Y  V   A   R   N   D   C   Q   E   G   H   I   L   K   M   F   P   S   T   W   Y   V
    1 M   -2 -2 -3 -4 -2 -2 -3 -4 -3  1  3 -2  7  0 -3 -3 -2 -2 -2  0    0   0   0   0   0   0   0   0   0   0  35   0  65   0   0   0   0   0   0   0  0.74 0.13
    2 G   -1 -3 -1 -2 -3 -3 -3  6 -3 -5 -5 -2 -4 -4 -3 -1 -2 -3 -4 -4    0   0   0   0   0   0   0 100   0   0   0   0   0   0   0   0   0   0   0   0  1.42 0.14
    3 E    0 -2 -2 -1 -3 -1  2 -3 -2 -3 -4 -1 -3 -4  7 -1 -2 -4 -3 -3   11   0   0   0   0   0  20   0   0   0   0   0   0   0  69   0   0   0   0   0  1.48 0.14
    4 I   -1 -2  1 -2  4 -2 -3 -3 -1  1  1 -2  0  2 -3 -1 -1  4  3  1    0   0  12   0  13   0   0   0   0  10  15   0   0   6   0   5   0   7  20  13  0.24 0.06
    5 H   -1  2  4  0 -3  1  2 -2  1 -3 -3  0 -2 -3 -2  0  2 -3 -2 -2    0  16  32   0   0   6  17   0   4   0   0   0   0   0   0   0  25   0   0   0  0.41 0.09
    6 R   -3  7 -1 -3 -5  0 -1 -3 -1 -4 -3  1 -2 -4 -3 -2 -2 -4 -3 -4    0 100   0   0   0   0   0   0   0   0   0   0   0   0   0   0   0   0   0   0  1.41 0.22
    7 P   -2 -3  1 -2 -4 -2 -2 -1 -3 -4 -4 -2 -3 -4  7 -1  0 -5 -4 -3    0   0   9   0   0   0   0   5   0   0   0   0   0   0  81   0   5   0   0   0  1.80 0.19
    8 T   -2 -2  3 -2 -3 -2 -2 -2 -1 -2 -1  0 -1  5 -3  0  1 -1  2 -2    0   0  22   0   0   0   0   0   0   0   4   7   0  41   0   8  14   0   4   0  0.38 0.12
    9 R   -1  3 -1 -2 -3 -1 -1  3  2 -3 -3  0 -2  0  0  1 -1 -2  1 -3    0  22   0   0   0   0   0  34   7   0   0   4   0   4   5  16   0   0   8   0  0.36 0.09
   10 G    1 -1 -1 -1  1  0  0  3 -2 -2 -2  0 -2 -2 -2  1  0 -2  0  0   16   0   0   0   4   4   5  27   0   0   0   9   0   0   0  14   5   0   5  11  0.20 0.06
   11 W   -2  0 -2 -1 -3  2 -1 -1 -2  2  0 -1 -1 -1 -3 -1 -1  7 -1  1    0   6   0   5   0  17   0   4   0  20   7   0   0   0   0   5   0  24   0  13  0.44 0.11
   12 S    2 -2  0  0  4 -1 -1  0  3 -2 -1 -2 -2 -2 -2  1 -1  3 -1 -2   31   0   5   4  16   0   0   4  12   0   5   0   0   0   0  16   0   6   0   0  0.29 0.09
   13 Y   -3 -2 -2 -3 -3 -2 -2 -3  6 -2 -1 -3 -1  4 -4 -2 -1  6  4 -2    0   0   0   0   0   0   0   0  32   0   6   0   0  28   0   0   5  13  15   0  0.80 0.15
   14 G    1  1 -1 -2 -3 -2 -2  5 -3 -2 -3 -1 -2 -3 -3 -1 -2 -3 -3  0   12  14   0   0   0   0   0  63   0   0   0   0   0   0   0   0   0   0   0  11  0.70 0.13
   15 L    0 -3 -3 -4 -2 -3 -3  0 -3  1  4 -3  3 -1 -3 -2 -2 -2 -2  0    7   0   0   0   0   0   0   9   0   3  70   0  11   0   0   0   0   0   0   0  0.49 0.13
   16 R    0  3 -1  1  1  0  0 -2 -1 -2 -2  0 -1  2 -2  0  1 -2 -1 -1    5  31   0  12   4   0   7   0   0   0   0   0   0  16   0   9   9   0   0   7  0.20 0.08
   17 H   -2  1 -1  0 -3 -1  1 -3  5  0 -1 -1 -1  2 -3 -2 -2 -2  1  2    0  10   0   7   0   0  12   0  23   5   0   0   0  16   0   0   0   0   3  23  0.24 0.09
   18 E    0  1  3  3 -3  0  0 -1  1 -3 -3  0  0 -1 -2  0 -1 -3 -2 -2   11  10  25  29   0   0   3   0   4   0   0   4   5   4   0   4   0   0   0   0  0.33 0.08
   19 G   -1 -3  1 -2 -3 -2 -3  6 -3 -4 -4 -2 -3 -4 -3  1 -2 -3 -4 -4    0   0   5   0   0   0   0  86   0   0   0   0   0   0   0   9   0   0   0   0  1.17 0.16
   20 R    0  3  1  1 -3  3  3 -2 -1 -3 -3  1 -2 -4 -2  0  0 -3 -2 -3    5  23   5   7   0  25  27   0   0   0   0   0   0   0   0   0   7   0   0   0  0.46 0.09
   21 L   -1  0 -3 -3 -2 -2 -2 -3 -3  1  3 -2  0 -1  5 -2 -1 -3 -2  0    5   6   0   0   0   0   0   0   0   9  40   0   0   0  36   0   3   0   0   0  0.60 0.10
   22 L    0 -3 -3 -4 -2 -3 -3 -4 -3  2  1 -3  0  2 -3 -2 -1 -2  1  4    6   0   0   0   0   0   0   0   0   4   6   0   0   9   0   0   0   0   7  67  0.44 0.12
   23 A    5 -2 -2 -2  2 -2 -2  2 -2 -2 -2 -2 -2 -3 -2  1 -1 -3 -3 -1   80   0   0   0   4   0   0  12   0   0   0   0   0   0   0   4   0   0   0   0  0.62 0.14
   24 V    1 -3 -3 -4 -2 -3 -3 -3 -3  2  0 -3  0 -1 -3 -2 -1 -3  1  5   10   0   0   0   0   0   0   0   0   5   4   0   0   0   0   0   0   0   5  76  0.51 0.13
   25 V    3 -2 -2 -2 -1 -2 -2 -1 -3 -1 -1 -2 -1 -2 -2  0  3 -3 -2  1   51   0   0   0   0   0   0   0   0   0   5   0   0   0   0   0  28   0   0  15  0.37 0.11
   26 A    2 -2 -2 -3 -1 -2 -2 -2 -3  2  0 -2  1 -2 -2  0  1 -3 -2  2   33   0   0   0   0   0   0   0   0  23   0   0   3   0   0   7   9   0   0  25  0.25 0.08
   27 T    2 -2 -1 -2 -2 -1 -2 -2 -2 -2  0 -2 -1 -1 -2  2  2  7 -1 -1   19   0   0   0   0   0   0   0   0   0  12   0   0   0   0  25  23  20   0   0  0.47 0.11
   28 D    2 -2  1  3 -2 -1  0  1 -2 -3 -3 -1 -2 -3 -2  2  0 -4 -3 -2   32   0   3  23   0   0   0  12   0   0   0   0   0   0   0  28   0   0   0   0  0.39 0.09
   29 T    0  2  2 -1 -2  0  1 -2  1 -2 -3  0 -2 -3 -2  3  2 -3 -2 -1    0  14   9   0   0   0   7   0   4   0   0   0   0   0   0  44  16   0   0   5  0.33 0.09
   30 L   -1 -2 -2 -3 -2 -2 -2 -3 -3  0  3 -2  0 -2  3 -1  4 -3 -2 -1    0   0   0   0   0   0   0   0   0   0  39   0   0   0  16   0  45   0   0   0  0.46 0.12
   31 I    0 -3 -4 -4 -2 -3 -3 -4 -4  4  1 -3  1 -1 -3 -2 -1 -3 -2  4    8   0   0   0   0   0   0   0   0  41   0   0   4   0   0   0   0   0   0  46  0.50 0.11
   32 R    1  4  1 -1 -2  0 -1  0 -1 -3 -3  0 -2 -3 -2  3  0 -3 -2 -3   12  36   6   0   0   0   0   5   0   0   0   0   0   0   0  40   0   0   0   0  0.45 0.12
   33 E    2  2 -1 -1 -2  0  3 -1  1 -3 -3  1 -2 -3  1  1 -1 -3 -2 -2   32  13   0   0   0   0  29   0   4   0   0   5   0   0   6  11   0   0   0   0  0.34 0.09
   34 R    0  2  3 -1 -2 -1 -1 -2 -1 -1  0  0 -1 -2 -2  1  3 -3 -2  0    4  20  19   0   0   0   0   0   0   0   9   0   0   0   0   8  34   0   0   7  0.27 0.09
   35 V    1  0 -3 -3  4 -2 -2 -3 -3  1  0 -2  0 -2 -2 -1 -1 -3 -2  4   10   8   0   0  13   0   1   1   0   4   1   0   0   0   0   1   1   0   0  58  0.34 0.10
   36 A    3 -1 -1 -2  3 -1 -1  2  0 -2 -1  0  1 -2 -1  0  1 -2 -2 -1   38   1   1   1  10   1   1  17   4   1   1   5   8   0   1   1  10   0   0   1  0.22 0.07
   37 G   -1 -2 -1  1 -3 -2 -2  5 -2 -3 -3  0 -3 -3 -2 -1 -2 -3 -3 -3    1   1   1   9   0   1   1  73   0   1   1   9   0   0   1   1   1   0   0   1  0.84 0.12
   38 L   -2 -2  0 -3 -2 -2 -3 -3 -1  1  2 -3  2  3 -3 -2 -2  4  3  0    0   0   8   0   0   0   0   0   0  13  33   0   5  18   0   0   0   6  14   0  0.34 0.08
   39 T    1  0 -1 -1 -2 -1 -1  1  3 -2 -2 -1  0 -3  3  2  1 -3 -2 -1    9   7   0   3   0   0   0  13  12   0   0   0   4   0  13  19  14   0   0   5  0.24 0.06
   40 R   -2  7 -1 -3 -5  2 -1 -3 -1 -4 -3  1 -2 -4 -3 -2 -2 -4 -3 -4    0  92   0   0   0   8   0   0   0   0   0   0   0   0   0   0   0   0   0   0  1.27 0.20
   41 H    0  2  2  1 -3  1  1  1  2 -3 -3  1 -2 -2 -2  0  0 -2  1 -2    9  14  12   5   0   3  12   9   9   0   1  13   0   0   0   0   5   0   6   0  0.20 0.04
   42 D   -2  0  3  3 -3  3  3 -2 -1 -3 -3  0 -2 -4 -2  0  1 -4 -3 -3    0   3  20  24   0  18  22   0   0   0   0   0   0   0   0   0  13   0   0   0  0.50 0.10
   43 A    3 -2 -2 -3  5 -2 -2 -2 -3  0 -1 -2 -1 -2 -2  0  2 -3 -2  2   44   0   0   0  16   0   0   0   0   0   4   0   0   0   0   0  15   0   0  21  0.37 0.10
   44 V   -1 -3 -3 -4  1 -3 -3 -4 -3  3  2 -3  0  1 -3 -2  0 -3 -1  4    0   0   0   0   3   0   0   0   0  16  14   0   0   7   0   0   5   0   0  54  0.41 0.10
   45 E   -2 -1 -1  3 -5  1  6 -3 -1 -4 -4  0 -3 -4 -2 -1 -2 -4 -3 -4    0   0   0  12   0   0  88   0   0   0   0   0   0   0   0   0   0   0   0   0  1.15 0.19
   46 L   -2 -3 -4 -5 -2 -3 -4 -5 -4  1  5 -3  1  0 -4 -3 -2 -3 -2  0    0   0   0   0   0   0   0   0   0   0 100   0   0   0   0   0   0   0   0   0  0.91 0.17
   47 S    3  2 -1 -2 -2 -1 -1  0 -2 -3 -3 -1 -2 -1 -2  3  0 -3 -2 -2   43  14   0   0   0   0   0   5   0   0   0   0   0   3   0  35   0   0   0   0  0.39 0.11
   48 R   -3  7 -2 -3 -5  0 -1 -3 -1 -4 -3  1 -3 -4 -3 -2 -2 -4 -3 -4    0 100   0   0   0   0   0   0   0   0   0   0   0   0   0   0   0   0   0   0  1.44 0.22
   49 L   -2 -3 -4 -4 -2 -3 -4 -4 -3  3  3 -3  2  1 -3 -3 -1 -2 -1  2    0   0   0   0   0   0   0   0   0  32  46   0   4   6   0   0   0   0   0  12  0.48 0.09
   50 C    1 -3 -3 -3  9 -3 -3 -2 -2 -2 -2 -3 -2 -2 -3 -1 -1 -2  1  0   17   1   1   1  62   1   1   1   0   1   1   1   0   0   1   1   1   0   6   5  1.03 0.14
   51 A    4 -2 -2 -2 -2 -2 -2 -1 -2 -2 -1 -1 -2 -3  4  1  1 -3 -3 -1   57   0   0   0   0   0   0   0   0   0   5   0   0   0  22  10   6   0   0   0  0.57 0.12
   52 A    2  2 -1  0 -2  1  0 -2  2  0 -2  0 -1 -2 -2  0  0 -3 -2  0   32  21   0   6   0   5   6   0   8  11   0   0   0   0   0   0   6   0   0   4  0.18 0.07
   53 K    1  4 -1  0 -3  0  0 -2  3 -3 -3  1 -2 -3  3  0 -1 -3 -2 -3   17  36   0   6   0   0   4   0  13   0   0   3   0   0  15   6   0   0   0   0  0.44 0.09
   54 P   -1  1 -2 -2 -4 -2 -2  0 -3 -4 -4 -1 -3 -4  7 -1  0 -4 -4 -3    4   9   0   0   0   0   0   6   0   0   0   0   0   0  76   0   5   0   0   0  1.62 0.16
   55 D    0  0  0  5 -3 -1  0  2  1 -4 -4  1 -3 -4 -2 -1 -2 -4 -3 -3   10   4   0  47   0   0   0  23   6   0   0  10   0   0   0   0   0   0   0   0  0.53 0.09
   56 L    2 -2 -3 -3  2 -2 -2 -2 -3  1  2 -2  0 -1 -2  0 -1  3 -1  1   30   0   0   0   6   0   0   0   0  13  35   0   0   0   0   6   0   6   0   4  0.24 0.07
   57 C   -1 -2  0 -2  6 -2 -2 -2 -2 -1 -1 -2  1 -2  2  2  3 -3 -2 -1    0   0   5   0  25   0   0   0   0   0   6   0   8   0   9  22  25   0   0   0  0.41 0.09
   58 R   -2  7 -1 -2 -4  0 -1 -3 -1 -4 -3  2 -2 -4 -3 -2 -2 -4 -3 -4    0  91   0   0   0   0   0   0   0   0   0   9   0   0   0   0   0   0   0   0  1.23 0.18
   59 V    1  0 -3 -3 -2 -2 -2 -3 -3  1  1 -2  2 -2  2 -2 -1 -3 -2  3   11   9   0   0   0   0   0   0   0   0   9   0  10   0  11   0   0   0   0  49  0.29 0.08
   60 A    1 -2 -3 -3 -1 -1 -2 -2 -2  1  2 -2  4  0 -2 -1 -1 -2 -1  1   25   0   0   0   0   0   0   0   0   0  32   0  31   0   0   0   0   0   0  11  0.22 0.02
   61 L   -1 -2 -2 -3 -1 -2 -2 -3 -2  1  3 -2  1  0 -2  1  0 -2 -1  1    0   0   0   0   0   0   0   0   0   0  61   0   0   0   0  25   0   0   0  14  0.22 0.02
   62 R   -1  5 -1 -2 -3  0 -1 -2 -1  1 -1  1 -1 -2 -2  0 -1 -3 -2  0    0  63   0   0   0   0   0   0   0  25   0   0   0   0   0  12   0   0   0   0  0.35 0.03
   63 L   -1 -3 -4 -4 -2 -2 -3 -4 -3  2  4 -3  4 -1 -3 -3 -2 -3 -2  1    6   0   0   0   0   0   0   0   0   7  58   0  22   0   0   0   0   0   0   7  0.56 0.14
   64 W   -1 -1 -4 -4 -3 -2 -3 -3 -3 -3 -2  0  2 -1 -4 -3 -1 11  2 -3    7   4   0   0   0   0   0   0   0   0   0   7   7   0   0   0   6  65   6   0  1.87 0.26
   65 R   -2  7 -2 -3  1  0 -1 -4 -2 -4 -3  1 -3 -4 -3 -2 -1 -4 -3 -3    0  91   0   0   4   0   0   0   0   0   0   0   0   0   0   0   4   0   0   0  1.28 0.24
   66 S    2 -1 -1  1 -3  0  4 -2 -1 -2 -1 -1  1 -3 -2  1 -1 -3 -3 -2   22   0   0   4   0   0  50   0   0   0   7   0   8   0   0   9   0   0   0   0  0.43 0.13
   67 F   -2 -3 -3 -4 -2 -3 -3 -4 -1  2  1 -3  2  5 -3 -3 -2  0  4  1    0   0   0   0   0   0   0   0   0  18   4   0   9  39   0   0   0   0  16  10  0.51 0.11
   68 A    1 -3 -3 -3 -2 -3 -3  1 -3  2  2 -3  0 -1 -3 -2 -1 -3 -2  3   15   0   0   0   0   0   0  12   0  20  26   0   0   0   0   0   0   0   0  27  0.26 0.08
   69 F    2 -2 -3 -3 -2 -2 -3 -1 -2 -1  0  0 -1  5 -3 -1 -2 -1  2  0   27   0   0   0   0   0   0   4   0   0   3   7   0  48   0   0   0   0   4   7  0.45 0.14
   70 P   -2 -3 -3 -2 -4  0  0 -3 -3 -4 -4 -2 -3 -5  8  0 -2 -5 -4 -4    0   0   0   0   0   6   5   0   0   0   0   0   0   0  83   7   0   0   0   0  1.94 0.24
   71 A    3  1 -1  0 -2  0  2 -1 -2 -2 -1 -1 -1 -3 -2  1  1 -3 -2 -1   40  11   0   3   0   0  17   2   0   0   7   0   0   0   0   6  14   0   0   0  0.24 0.09
   72 I   -2 -3 -4 -4 -2 -3 -4 -4 -3  3  2 -3  3 -1 -4 -3 -1  8  0  1    0   0   0   0   0   0   0   0   0  25  18   0  10   0   0   0   4  32   0  11  0.87 0.16
   73 A    2 -1 -2 -1  5 -2 -2 -2 -3 -2 -2 -1 -2 -3  4 -1  0  3 -2 -1   21   3   0   4  21   0   0   0   0   0   0   3   0   0  28   0   7   6   0   5  0.57 0.11
   74 V    1  2 -1  1  2  2  1 -2  1 -2 -2  0 -2 -1 -2  0 -1 -1  3 -1   20  14   0  10   6  11   7   0   2   0   0   3   0   0   0   3   0   0  20   3  0.20 0.08
   75 A    0 -2  0 -2 -2 -1  2 -2 -2 -1  0 -2 -1 -1  0 -1  0  7 -1  0    8   0   6   0   0   0  18   0   0   0  14   0   0   0   3   3   9  25   0  12  0.44 0.10
   76 R   -1  3 -1  0  4 -1 -1  0  2 -2 -2  0 -2 -2  3 -1 -1  3 -1 -2    2  26   1   5  14   1   1   7   9   1   2   1   0   1  20   1   1   5   1   1  0.37 0.08
   77 G    0 -2 -1 -2 -2 -2 -2  5 -2 -2 -2 -2 -2 -2  1 -1 -1 -2 -2  0    6   1   1   1   0   1   1  60   0   1   2   1   0   1   6   2   1   0   1  12  0.56 0.09
   78 C    1  1 -1 -2  2  1 -1 -2  1  0 -1 -1 -1  2 -2 -1  0 -1  3 -1   17  14   1   1   7   8   1   1   3   6   1   1   0  14   1   1   5   0  16   1  0.13 0.05
   79 R    2  0 -1  1 -2  1  1 -1  1 -1 -2  0 -1 -2  1  1  0 -3 -2  0   25   5   0  11   0   6   7   1   5   0   1   4   0   0   8  10   3   0   0  14  0.14 0.04
   80 W    1 -1 -2 -2 -2  1 -1 -1 -1 -1  0 -1 -1  0 -2  0 -1  8  1 -1   16   1   1   1   1   8   2   2   1   1  11   2   1   1   1   8   2  33   5   2  0.63 0.09
   81 A    4 -2 -2 -3 -1 -2 -2  0 -2  0  0 -2 -1  1 -2  0 -1 -3 -1  1   63   0   0   0   0   0   0   3   0   7   6   0   0   7   0   0   0   0   0   9  0.35 0.12
   82 V   -1 -4 -4 -4 -2 -3 -4 -4 -4  4  1 -3  0 -1 -3 -3 -1 -4 -2  5    0   0   0   0   0   0   0   0   0  26   7   0   0   0   0   0   0   0   0  67  0.70 0.17
   83 S    3 -2 -1 -2 -2 -1 -1 -1 -2 -3 -3 -1 -2  0 -2  5  0 -3 -2 -2   24   0   0   0   0   0   0   0   0   0   0   0   0   4   0  72   0   0   0   0  0.67 0.19
   84 Y   -3 -3 -4 -5 -4 -3 -3 -5  0 -2  0 -3 -2  2 -4 -3 -3  1  8 -2    0   0   0   0   0   0   0   0   0   0   7   0   0   0   0   0   0   0  93   0  1.69 0.29
   85 Q    0 -1 -1 -1 -3  6  0  0 -1 -4 -3  0 -2 -4 -2  2 -1 -3 -3 -3    8   0   0   0   0  62   0   6   0   0   0   0   0   0   0  24   0   0   0   0  0.75 0.20
   86 D   -2 -2  0  6 -4 -1  0 -2  1 -2  0 -2  1 -3 -3  0 -2 -4 -3 -3    0   0   0  70   0   0   0   0   4   0  15   0   5   0   0   7   0   0   0   0  0.81 0.18
   87 A    3 -2  1 -1 -2 -1  1 -1 -2 -2 -2 -1 -2 -3  3  1  1 -3 -3  0   45   0   7   0   0   0   9   0   0   0   0   0   0   0  14   4  14   0   0   7  0.36 0.11
   88 A    2 -2 -1  0 -2 -1  2  1  0 -1 -2 -1 -2 -3 -2  2  1 -3 -2  0   24   0   0   4   0   0  17  14   3   2   0   0   0   0   0  17  13   0   0   5  0.23 0.07
   89 L    0  1 -2 -3 -2  0 -2 -3  0  1  2 -1  2 -1  1 -1  0 -2 -2  1   12  11   0   0   0   5   0   0   2  14  30   0   7   0   6   0   5   0   0   7  0.13 0.05
   90 H   -2  1 -1 -2 -4 -1 -1 -1  8 -4 -4  1 -3 -3  3 -2 -3 -4  0 -4    0   6   0   0   0   0   0   6  67   0   0   8   0   0  14   0   0   0   0   0  1.16 0.22
   91 S    2  0  0  0 -2 -1 -1  1 -2 -2 -2  1 -2 -3  2  2  1 -3 -2 -2   23   3   4   4   0   0   0   9   0   0   5   9   0   0  11  22   9   0   0   0  0.23 0.06
   92 G   -1 -3 -1 -2 -4 -3 -3  6 -3 -5 -5 -3 -4 -4 -3 -1  0 -4 -4 -4    0   0   0   0   0   0   0  93   0   0   0   0   0   0   0   0   7   0   0   0  1.42 0.22
   93 N   -2 -1  4  3 -3  2  0 -2  3 -3 -4 -1 -2 -3 -2  1  1 -4 -2 -3    0   0  33  25   0  11   0   0  11   0   0   0   0   0   0   7  13   0   0   0  0.55 0.13
   94 L   -2 -3 -4 -4 -2 -3 -3 -4 -3  3  3 -3  3 -1 -3 -3  0 -3 -2  1    0   0   0   0   0   0   0   0   0  33  47   0  13   0   0   0   4   0   0   4  0.53 0.13
   95 F   -1 -3 -3 -4 -3 -3 -3 -4  1 -3 -2 -3 -2  2 -4 -1 -3  1  8 -2    7   0   0   0   0   0   0   0   2   0   0   0   0   2   0   4   0   0  84   0  1.41 0.26
   96 R   -2  6 -1 -2 -4  0 -1 -3 -1 -4 -3  3 -2 -4 -3  0 -2 -4 -3 -3    0  74   0   0   0   0   0   0   0   0   0  19   0   0   0   7   0   0   0   0  1.05 0.20
   97 F    1 -3 -3 -4 -3 -3 -3 -3 -2 -1  0 -3 -1  7 -4 -2  1 -1  1 -1   13   0   0   0   0   0   0   0   0   0   4   0   0  67   0   0  16   0   0   0  0.79 0.19
   98 D    1 -3  0  7 -4 -1  0 -2 -2 -4 -4 -2 -4 -4 -2  0 -2 -5 -4 -4   13   0   0  80   0   0   0   0   0   0   0   0   0   0   0   7   0   0   0   0  1.12 0.21
   99 G   -1 -3 -2 -3 -4 -3 -3  6 -3 -5 -5 -3 -4 -4 -3 -1 -3  3 -4 -4    0   0   0   0   0   0   0  95   0   0   0   0   0   0   0   0   0   5   0   0  1.51 0.23
  100 W   -4 -4 -5 -6  3 -4 -4 -4 -4 -3 -1 -4 -2  3 -5 -4 -4 11  1 -4    0   0   0   0   7   0   0   0   0   0   5   0   0  13   0   0   0  76   0   0  2.55 0.31
  101 V    0  0 -1 -2 -2  2  0 -2 -2  0  0  1  0 -2 -2  0  2 -3 -2  1    4   4   0   0   0  19   5   0   0   2   9  14   0   0   0   7  17   0   0  20  0.16 0.07
  102 T   -1  4  0 -2 -3  1 -1 -3  1 -2  0  2 -1  0  1  0  0 -3 -1 -1    0  34   5   0   0   4   0   0   3   0  11  12   0   6   9   7   5   0   0   4  0.25 0.08
  103 L   -1 -3 -3 -3 -2 -2 -1  0 -3  3  2 -2  1 -1  2 -2 -1  3 -2  1    4   0   0   0   0   0   4   9   0  29  26   0   4   0  11   0   0   5   0  10  0.24 0.08
  104 G    2  3 -1 -2 -3 -1 -1  4 -2 -3 -3  1 -2 -3 -2  0 -1 -3 -3 -2   20  27   0   0   0   0   0  40   0   0   1   5   0   0   0   0   4   0   0   0  0.47 0.10
  105 R    0  1 -1 -1 -2  0  0  1 -2 -2 -2  0 -1  1 -2  0  3 -2 -1 -1    8   8   0   0   0   3   8  14   0   0   1   6   0  12   0   0  36   0   0   0  0.19 0.08
  106 S    0  0  0 -1 -2 -1 -1  1  4 -3 -3 -1 -2 -1  1  3  1 -3 -1 -3    0   4   0   0   0   0   0  14  18   0   0   0   0   3   7  49   5   0   0   0  0.42 0.13
  107 R    0  5 -1 -2 -3  1 -1  2  1 -4 -3  2 -2 -4 -3  0 -2 -3 -2 -3    5  54   0   0   0   5   0  19   4   0   0   8   0   0   0   5   0   0   0   0  0.58 0.12
  108 S    0 -2 -1 -1 -2 -2 -2  4 -2 -4 -4 -2 -3 -4 -2  3  1 -3 -3 -3    0   0   0   0   0   0   0  48   0   0   0   0   0   0   0  46   5   0   0   0  0.72 0.14
  109 G    0 -2 -1 -2 -3 -2 -2  6 -2 -4 -3 -2 -3 -3 -2  0 -2  3 -2 -3    6   0   0   0   0   0   1  73   0   0   1   1   0   0   0   9   1   6   0   1  0.89 0.12
  110 T    0 -1 -1 -1 -2 -1 -1  1  0  0 -2  0 -1 -2  3  1  2 -3 -2 -1    6   0   0   0   0   0   1  15   4  11   1   5   0   0  15  14  25   0   0   1  0.24 0.06
  111 D   -1 -2  0  5 -3 -1  0  1 -2 -3 -3 -1 -3 -2 -2  0  1  5 -2 -3    1   0   0  51   0   0   1  12   0   0   1   1   0   0   0   6  12  13   0   1  0.62 0.11
  112 S   -1 -2  1 -1 -3  0 -1  0 -2 -3 -3  0 -3 -4  6  2  1 -4 -3 -3    0   0   8   0   0   3   0   8   0   0   0   4   0   0  49  19   9   0   0   0  0.91 0.12
  113 R   -2  6 -1 -2 -4  0 -1 -3 -1 -4 -3  3 -2 -4 -3 -1  0 -4 -3 -3    0  77   0   0   0   0   0   0   0   0   0  15   0   0   0   0   8   0   0   0  0.99 0.18
  114 S    1 -2 -1 -1 -2 -1  0  1 -1 -2 -2 -1 -2 -2 -2  3  3 -2  1  0    6   0   0   0   0   0   6  10   0   0   0   0   0   0   0  36  27   0   9   7  0.28 0.08
  115 G    1 -2 -1 -2 -3 -2 -2  5 -2 -4 -4 -1 -3 -4 -2  1 -1 -3 -3 -3   12   0   0   0   0   0   0  69   0   0   0   4   0   0   0  16   0   0   0   0  0.84 0.12
  116 R   -2  6 -1 -2 -4  1 -1  0  3 -4 -3  2 -2 -3 -3 -1 -2 -3 -2 -3    0  66   0   0   0   7   0  10  11   0   0   6   0   0   0   0   0   0   0   0  0.75 0.14
  117 R   -1  3  0 -2 -3 -1 -1  0 -2  0 -2  2 -2 -3  5 -1 -1 -4 -3 -2    0  22   6   0   0   0   0   6   0  10   0  19   0   0  38   0   0   0   0   0  0.66 0.10
  118 G    2 -2 -1 -2 -2 -2 -2  5 -2 -3 -3 -2 -2 -3 -2  1  0 -3 -3 -2   27   0   0   0   0   0   0  58   0   0   0   0   0   0   0   9   6   0   0   0  0.70 0.11
  119 R    0  6 -1  0 -4  0 -1 -3 -1 -4 -3  2 -2 -4 -3 -1 -2 -4 -3 -3    9  78   0   7   0   0   0   0   0   0   0   6   0   0   0   0   0   0   0   0  0.88 0.15
  120 R   -1  4  1  1 -3  0 -1  2 -1 -3 -3  2 -2 -3 -2  0  1 -3 -2 -3    0  38   4   8   0   0   0  17   0   0   0  15   0   0   0   8  10   0   0   0  0.39 0.08
  121 K   -1  2 -1 -2 -3  0 -1 -1 -2 -2  1  5  2 -2 -2 -1 -1 -3 -2 -2    0   6   0   0   0   0   0   4   0   0  16  64  10   0   0   0   0   0   0   0  0.45 0.12
  122 V   -1 -2 -2 -3 -2 -2 -2 -3 -2  0 -1  0 -1  1 -3  1  2  8  1  1    0   0   0   0   0   0   0   0   0   3   0  10   0   4   0  14  16  26   5  21  0.50 0.10
  123 I   -2 -3 -4 -4 -2 -3 -3 -4 -4  4  3 -3  1 -1 -3 -3 -1 -3 -2  3    0   0   0   0   0   0   0   0   0  40  33   0   0   0   0   0   0   0   0  26  0.51 0.09
  124 W   -3 -4 -4 -5 -3 -3 -4 -4 -3 -4 -3 -4 -3  0 -5 -1 -3 11  3 -4    0   0   0   0   0   0   0   0   0   0   0   0   0   0   0   6   0  84  10   0  2.71 0.27
  125 G    2 -3 -2 -2 -2 -2 -2  5 -3 -2  0 -2 -2 -3 -2 -1 -2 -3 -3 -1   28   0   0   0   0   0   0  56   0   0  11   0   0   0   0   0   0   0   0   4  0.60 0.10
  126 W   -1 -4 -4 -5 -3 -3 -4 -3 -2 -3 -3 -4 -2  0 -4 -3 -3 11  5 -3    7   0   0   0   0   0   0   0   0   0   0   0   0   0   0   0   0  72  21   0  2.31 0.23
  127 C   -1 -2  0 -2  5 -1 -2  0  3 -3 -3 -2 -2 -3  5  1 -1 -4 -2 -3    0   0   6   0  17   0   0   5  14   0   0   0   0   0  41  16   0   0   0   0  0.78 0.09
  128 D    1 -2  0  4 -3  0  2 -2 -2 -3 -3 -1 -3 -4  4  0 -1 -4 -3 -2   20   0   0  36   0   0  20   0   0   0   0   0   0   0  24   0   0   0   0   0  0.63 0.06
  129 D   -1 -2  1  5 -3  0  2 -2 -1 -3 -4 -1 -3 -4 -2  1  1 -4 -3 -3    0   0   0  63   0   0  15   0   0   0   0   0   0   0   0   9  13   0   0   0  0.72 0.08
  130 P   -1 -1 -1 -2 -3  1  0 -2  3 -2 -1  1 -1 -3  5  1 -1 -3 -1 -2    0   0   0   0   0  11   0   0  15   0  10  14   0   0  39  12   0   0   0   0  0.64 0.06
  131 Q    2  3 -1 -1  4  1  2 -2 -1 -3 -2  0 -2 -3  2  0 -1 -3 -2 -2   25  24   0   0  15   6  17   0   0   0   0   0   0   0  13   0   0   0   0   0  0.34 0.05
  132 I   -1  1 -1 -1 -2  3  1 -3 -1  2  0  0  0 -2 -2  0  1 -3 -2  0    0  12   0   0   0  26  13   0   0  26   7   0   0   0   0   7  10   0   0   0  0.18 0.04
  133 R    0  5 -1 -2 -3  0 -1 -2 -1 -2 -2  1 -2 -3 -2  1 -1 -3 -2 -1   10  68   0   0   0   0   0   0   0   0   0   0   0   0   0  15   0   0   0   7  0.56 0.08
  134 R    1  3 -1  1 -2  0 -1 -2 -1 -2 -2  0 -2 -2 -2  2  0  5 -1 -1   17  30   0  11   0   0   0   0   0   0   0   0   0   0   0  22   0  13   0   7  0.31 0.05
  135 S    0  2  0 -1 -2  0 -1 -1 -1 -3 -3  0 -2 -2 -2  4  0 -2  2 -2    0  17   0   0   0   0   0   0   0   0   0   0   0   0   0  72   0   0  11   0  0.46 0.09
  136 R   -2  5 -1  1 -4  1  2 -3 -1 -4 -3  2 -2 -3 -2 -1 -1 -3 -2 -3    0  67   0   9   0   0  16   0   0   0   0   8   0   0   0   0   0   0   0   0  0.68 0.07
  137 A    2 -1 -1 -1 -1  2  0 -1 -1  0  0 -1  0 -2 -2  2  0 -3 -2  1   21   0   0   0   0  18   0   0   0   0  12   0   0   0   0  30   0   0   0  20  0.16 0.03
  138 V    0  4 -1 -2 -2  0 -1  0 -1  1 -1  0 -1 -2 -2  0  2 -3 -2  0    9  40   0   0   0   0   0  10   0  13   0   0   0   0   0   0  20   0   0   7  0.20 0.03
  139 G    0 -2 -1 -2 -2 -1 -2  3  4  0  0 -2 -1 -2  2 -1 -1 -3 -1 -1   11   0   0   0   0   0   0  32  21  10  11   0   0   0  14   0   0   0   0   0  0.29 0.03
  140 L   -1  1 -2 -2 -2  2 -1 -3 -2  0  3 -1  1 -1  2 -2 -1 -2 -2  0    0  11   0   0   0  21   0   0   0   0  53   0   0   0  14   0   0   0   0   0  0.28 0.03
  141 A    2 -2 -1  2 -1 -1  0 -1 -2  0  0 -1 -1 -2 -2  1  0 -3 -2  1   33   0   0  22   0   0   0   0   0   0  13   0   0   0   0  15   0   0   0  16  0.16 0.02
  142 T    2 -2  0  2 -2 -1 -1  4 -2 -3 -3 -1 -2 -3 -2  0  1 -3 -3 -2   29   0   0  23   0   0   0  38   0   0   0   0   0   0   0   0  10   0   0   0  0.41 0.03
  143 T    0  2  0 -1 -2  3  0 -2 -1 -2 -2  0 -1 -3 -1  2  3 -3 -2 -1    0  15   0   0   0  23   0   0   0   0   0   0   0   0   0  16  45   0   0   0  0.35 0.04
  144 P   -1 -2 -2 -2 -3 -2 -1 -2 -2 -3 -3 -1 -3 -4  8 -1 -1 -4 -3 -3    0   0   0   0   0   0   0   0   0   0   0   0   0   0 100   0   0   0   0   0  2.13 0.04
  145 T   -1 -1  0  3 -3  1  4 -2 -1 -3 -3  0 -2 -3 -1  0  1 -3 -2 -2    0   0   0  22   0   0  62   0   0   0   0   0   0   0   0   0  16   0   0   0  0.56 0.02
  146 E   -1  2 -1  0 -3  0  3 -2 -1 -3 -3  0 -2 -4  6 -1 -1 -3 -3 -3    0  17   0   0   0   0  34   0   0   0   0   0   0   0  49   0   0   0   0   0  0.94 0.02
  147 R    0  2  0 -1 -1  0 -1 -1 -1  0 -1  0 -1 -2 -1  2  0 -2 -1  1    1  17   1   1   0   1   1   1   0   1   2   1   0   1   1  41   1   0   1  28  0.13 0.01
  148 K    0  0  0  1 -2  1  4 -1  0 -2 -2  2 -2 -2 -1  2  0 -2 -2 -2    1   1   1   1   0   1  46   1   0   1   2  17   0   1   1  23   1   0   1   1  0.34 0.01
  149 S    1 -1  4  0 -1  0  0  0  0 -2 -2  0 -1 -2 -1  2  0 -2 -2 -2   23   1  46   1   0   1   1   1   0   1   2   1   0   1   1  17   1   0   1   1  0.30 0.01
  150 G    2 -2 -1 -1 -1 -1 -1  4 -2 -2 -2 -1 -2 -2 -1  0 -1 -2 -2 -2   29   1   1   1   0   1   1  57   0   1   2   1   0   1   1   1   1   0   1   1  0.50 0.01
  151 P   -1 -1  0  3 -2 -1  0 -1 -1 -2 -2 -1 -2 -2  6  0 -1 -2 -2 -2    2   1   1  26   0   1   2   2   1   1   2   1   1   1  51   2   1   0   1   2  0.86 0.01
  152 I   -1 -3 -3 -4 -1 -2 -3 -4 -3  3  3 -3  2  0 -3 -2 -1 -2 -1  2    0   0   0   0   0   0   0   0   0  25  50   0   0   0   0   0   0   0   0  25  0.35 0.01
  153 T    0 -2  0 -1 -2 -1 -2  5 -2 -3 -3 -1 -2 -3 -2  0  2 -3 -3 -2    0   0   0   0   0   0   0  69   0   0   0   0   0   0   0   0  31   0   0   0  0.64 0.01
  154 F   -2 -2  3 -1 -2 -1 -2 -2 -1  0  2 -2  0  3 -3 -1 -1 -1  1 -1    0   0  35   0   0   0   0   0   0   0  34   0   0  31   0   0   0   0   0   0  0.22 0.01
  155 N   -1 -1  3  4 -2  0  0 -1 -1 -2 -3 -1 -2 -3 -2  1  2 -4 -2 -2    0   0  31  35   0   0   0   0   0   0   0   0   0   0   0   0  34   0   0   0  0.44 0.01
  156 A    3 -1 -1 -1 -1 -1 -1  0 -1 -2 -2 -1 -1 -2 -1  3  1 -3 -2 -1   65   0   0   0   0   0   0   0   0   0   0   0   0   0   0  35   0   0   0   0  0.36 0.01
  157 E   -1 -1  0  1 -3  1  4  3 -1 -4 -3  0 -2 -3 -2  0 -1 -3 -2 -3    0   0   0   0   0   0  66  34   0   0   0   0   0   0   0   0   0   0   0   0  0.54 0.01
  158 D    2 -2  1  5 -2 -1  1 -1 -1 -3 -3 -1 -2 -3 -1  0 -1 -4 -3 -2   34   0   0  66   0   0   0   0   0   0   0   0   0   0   0   0   0   0   0   0  0.53 0.01
  159 G    0 -3 -1 -2  6 -2 -3  5 -3 -3 -3 -2 -2 -3 -3 -1 -1 -3 -3 -2    0   0   0   0  35   0   0  65   0   0   0   0   0   0   0   0   0   0   0   0  0.77 0.01
  160 V   -1 -2 -3 -4 -1 -2 -3 -4 -3  2  3 -3  2  0 -3 -2 -1 -2 -1  2    0   0   0   0   0   0   0   0   0   0  69   0   0   0   0   0   0   0   0  31  0.36 0.01
  161 A    3 -1 -1 -2 -1 -1 -1  0 -2 -1 -1 -1 -1 -2 -1  1  3 -3 -2  0   65   0   0   0   0   0   0   0   0   0   0   0   0   0   0   0  35   0   0   0  0.32 0.01
  162 A    2 -1  0 -1 -1  0  0 -1  5 -2 -2 -1 -1 -2 -1  2  0 -3  0 -2   31   0   0   0   0   0   0   0  34   0   0   0   0   0   0  35   0   0   0   0  0.32 0.01
  163 V   -1 -3 -3 -3 -1 -3 -3 -3 -2  2  1 -3  0  4 -3 -2 -1 -1  1  3    0   0   0   0   0   0   0   0   0   0   0   0   0  34   0   0   0   0   0  66  0.30 0.01
  164 P   -1 -2 -2 -2 -3 -1 -1 -2 -2 -3 -3 -1 -3 -4  8 -1 -1 -4 -3 -3    0   0   0   0   0   0   0   0   0   0   0   0   0   0 100   0   0   0   0   0  2.06 0.02
  165 F   -2 -3 -3 -4 -3 -3 -3 -3 -1  0  0 -3  0  6 -4 -3 -2  1  3 -1    0   0   0   0   0   0   0   0   0   0   0   0   0 100   0   0   0   0   0   0  0.77 0.01
  166 Q    0  0  0  0 -1  3  1 -1  0 -2 -1  0 -1 -2  0  2  0 -1 -1 -1    3   2   2   2   1  33   2   3   1   2   3   2   1   1   2  36   2   0   1   2  0.21 0.00
  167 I   -1 -2 -2 -2 -1 -1 -2 -2 -2  3  1 -1  1  0 -1 -1  0 -1 -1  2    3   2   2   2   1   1   2   3   1  67   3   2   1   1   2   2   2   0   1   2  0.13 0.00
  168 G    0 -1  0 -1 -2 -1 -1  5 -1 -2 -2 -1 -2 -2 -1  0 -1 -1 -2 -2    3   2   2   2   1   1   2  68   1   2   3   2   1   1   2   2   2   0   1   2  0.51 0.00
  169 D   -1  0  0  4 -2  1  3 -1  0 -2 -2  0 -2 -2 -1  0 -1 -2 -1 -2    3   2   2  33   1   1  36   3   1   2   3   2   1   1   2   2   2   0   1   2  0.34 0.00
  170 L   -1 -2 -3 -4 -1 -2 -3 -4 -3  2  3 -2  1  0 -3 -2 -1 -2 -1  3    0   0   0   0   0   0   0   0   0   0  50   0   0   0   0   0   0   0   0  50  0.32 0.00
  171 V   -1 -3 -3 -3 -2 -3 -3 -3 -2  2  1 -3  0  5 -3 -2 -1  0  2  2    0   0   0   0   0   0   0   0   0   0   0   0   0  50   0   0   0   0   0  50  0.35 0.00
  172 N   -2 -1  4  0 -3 -1 -1 -2  1 -2 -2 -1 -2  1 -3  0 -1  1  5 -2    0   0  50   0   0   0   0   0   0   0   0   0   0   0   0   0   0   0  50   0  0.47 0.00
  173 V   -1 -3 -3 -3 -1 -3 -3 -4 -3  4  1 -3  1 -1 -3 -2  0 -3 -1  3    0   0   0   0   0   0   0   0   0  50   0   0   0   0   0   0   0   0   0  50  0.35 0.00
  174 D    0 -1  1  4 -2  0  1 -1 -1 -3 -3  0 -2 -3 -1  3  0 -4 -2 -2    0   0   0  50   0   0   0   0   0   0   0   0   0   0   0  50   0   0   0   0  0.49 0.00
  175 E   -1 -1 -1  0 -3  1  3 -2 -1 -3 -3  0 -2 -4  6  0 -1 -3 -3 -3    0   0   0   0   0   0  50   0   0   0   0   0   0   0  50   0   0   0   0   0  1.01 0.00
  176 N   -2 -1  4  3 -3  0  0 -1  5 -3 -3 -1 -2 -2 -2  0 -1 -3  0 -3    0   0  31  31   0   0   0   0  39   0   0   0   0   0   0   0   0   0   0   0  0.55 0.01
  177 I   -2 -3 -4 -3 -1 -3 -3 -4 -3  4  2 -3  1  0 -3 -3 -1 -3 -1  2    0   0   0   0   0   0   0   0   0  77  23   0   0   0   0   0   0   0   0   0  0.40 0.02
  178 Y   -2 -2 -2 -3 -2 -1 -2 -3  4  0  2 -2  0  2 -3 -2 -2  1  5 -1    0   0   0   0   0   0   0   0  23   0  32   0   0   0   0   0   0   0  45   0  0.42 0.02
  179 I   -1 -3 -3 -3 -1 -3 -3 -4 -3  4  1 -3  1 -1 -3 -2  0 -3 -1  4    0   0   0   0   0   0   0   0   0  45   0   0   0   0   0   0   0   0   0  55  0.38 0.01
  180 T   -1  2 -1 -2 -2 -1 -1 -2 -2  0 -1  0 -1 -2  4  0  2 -3 -2  2    0  23   0   0   0   0   0   0   0   0   0   0   0   0  23   0  22   0   0  32  0.32 0.01
  181 G   -1 -1 -1  0 -2  0  3  2 -1 -2 -1  0 -1  2 -1  0 -1 -1  0 -2    2   1   1   1   0   1  43  19   1   1   2   1   1  18   1   2   1   0   1   2  0.21 0.01
  182 K   -1  0 -1 -1 -2  0  2 -2 -1 -1  1  2  0 -2 -2  0  2 -3 -2 -1    0   0   0   0   0   0  17   0   0   0  25  34   0   0   0   0  24   0   0   0  0.18 0.02
  183 N    0 -1  2  0 -1  0 -1 -1 -1 -2 -2 -1 -1 -3 -1  3  3 -3 -2 -1    0   0  17   0   0   0   0   0   0   0   0   0   0   0   0  41  42   0   0   0  0.39 0.03
  184 Y   -1 -2 -2 -3 -2 -2 -2 -3 -1  3  0 -2  0  1 -3  1 -1 -1  4  1    0   0   0   0   0   0   0   0   0  50   0   0   0   0   0  20   0   0  29   0  0.26 0.04
  185 L   -1  2 -1  1 -2  0 -1 -2 -1 -1  0  2  2 -1 -2 -1  1 -1  2 -1    0  18   0  12   0   0   0   0   0   0  11  18  16   0   0   0  13   0  13   0  0.14 0.03
  186 H   -2  3  0  2 -3  0  0 -2  5 -2 -2  2  1 -2 -2 -1 -1 -3 -1 -2    0  25   0  18   0   0   0   0  27   0   0  18  13   0   0   0   0   0   0   0  0.36 0.04
  187 G    1  1 -1  0  4  0  3  2 -1 -3 -3  0 -2 -3 -2  0 -1 -3 -3 -2   11  10   0   0  16   0  40  23   0   0   0   0   0   0   0   0   0   0   0   0  0.36 0.05
  188 G    2  3 -1 -2 -2  0 -1  0 -1 -1 -2  1 -1 -3 -2  1  0 -3 -2  0   23  31   0   0   0   0   0   7   0   0   0  10   0   0   0  14   0   0   0  15  0.21 0.04
  189 P   -1 -1  0  3 -3  0  2  0 -2  0 -1  1 -1 -3  1  0  0 -3 -2 -1    0   0   0  29   0   0  14   9   0  10   7  13   0   0   7   0  10   0   0   0  0.21 0.03
  190 M   -2 -3 -3 -4 -3 -2 -3 -4 -3  0  1 -3  9 -1 -4 -2 -1 -3 -2  0    0   0   0   0   0   0   0   0   0   0   0   0  96   0   0   0   4   0   0   0  1.29 0.25
  191 P    2 -2 -1 -1 -1 -1  1 -1 -2  0 -2 -1 -1 -3  1  2  3 -3 -2  0   25   0   0   0   0   0   9   0   0   5   0   0   0   0   8  16  32   0   0   6  0.28 0.07
  192 I   -2 -3 -4 -4 -2 -3 -4 -4 -4  4  3 -3  1  0 -3 -3 -1 -3 -2  2    0   0   0   0   0   0   0   0   0  53  42   0   0   0   0   0   0   0   0   6  0.58 0.11
  193 N   -1  1  5  0 -3  0 -1 -1  3 -3 -3  0 -2 -3 -2  2  2 -4 -2 -3    0   9  52   0   0   0   0   0   8   0   0   2   0   0   0  16  13   0   0   0  0.56 0.11
  194 V    0 -3 -4 -4 -2 -3 -3 -4 -4  5  1 -3  0 -1 -3 -2 -1 -3 -2  3   11   0   0   0   0   0   0   0   0  62   0   0   0   0   0   0   0   0   0  26  0.54 0.12
  195 N   -1  4  3  2 -3  0  0 -2 -1 -3 -3  2 -2 -3 -2  0  1 -4 -2 -3    0  33  21  11   0   0   0   0   0   0   0  18   0   0   0   7  10   0   0   0  0.44 0.09
  196 N   -2 -1  6  4 -3 -1  0 -1  1 -4 -4  0 -3 -4 -2  0  0 -4 -3 -3    0   0  57  26   0   0   0   0   3   0   0   5   0   0   0   4   6   0   0   0  0.76 0.14
  197 P    0 -1 -2 -1 -3  1  3 -2 -2 -3 -3  1 -3 -4  6  0 -1 -4 -3 -3    6   0   0   0   0   5  25   0   0   0   0   7   0   0  50   8   0   0   0   0  1.00 0.13
  198 E   -1  0 -1  0 -4  2  5 -3 -1 -4 -3  1 -2 -4 -2  0 -1 -4 -3 -3    2   2   0   0   0   6  72   0   0   0   0   9   0   0   0   5   3   0   0   0  0.78 0.15
  199 A    4 -2 -2 -2 -1 -2 -2  0 -2 -1 -2 -2 -1 -3 -2  0  3 -3 -2  1   63   0   0   0   0   0   0   5   0   0   0   0   0   0   0   0  24   0   0   9  0.45 0.13
  200 D   -2 -2  0  6 -4  0  1 -1  1 -4 -4 -1 -4 -4 -2 -1 -2 -4  0 -4    0   0   0  82   0   4   5   2   4   0   0   0   0   0   0   0   0   0   4   0  1.08 0.17
  201 A    3  2 -1 -2 -2  1  0 -1 -1 -2 -2  0  0 -2 -2  0  1 -2  2 -1   39  20   0   0   0   6   7   0   0   0   0   0   3   0   0   2  12   0  10   2  0.24 0.08
  202 L   -2 -3 -4 -4 -2 -3 -4 -2 -3  1  5 -3  4  0 -4 -3 -2 -2 -2  0    0   0   0   0   0   0   0   3   0   0  82   0  15   0   0   0   0   0   0   0  0.73 0.17
  203 T    3 -2 -1 -2 -1 -1 -2 -1 -2  0 -1 -1 -1 -2 -2  0  4 -3 -2  2   35   0   0   0   0   0   1   1   0   0   1   0   0   0   0   1  41   0   0  18  0.36 0.12
  204 R    1  6 -1 -2 -3  1 -1 -2 -1 -3 -3  1 -2 -3 -2 -1  0 -3 -2 -2   13  71   0   0   0   2   1   1   0   0   1   3   0   0   0   1   5   0   0   1  0.76 0.16
  205 R   -1  3 -1  0 -4  3  3 -2 -1 -3 -3  2 -2 -4 -2 -1  0 -3 -2 -3    4  23   0   0   0  19  32   0   0   0   0  17   0   0   0   0   5   0   0   0  0.54 0.12
  206 F   -2 -3 -3  0 -2 -3 -3 -4 -3  1  3 -3  1  4 -4 -3 -2 -1  0  1    0   0   0   8   0   0   0   0   0   0  51   0   0  29   0   0   0   0   0  12  0.45 0.12
  207 A    5 -2 -2 -3 -1 -2 -2 -1 -2 -2 -2 -2 -2  2 -2  1 -1 -3 -1 -1   83   0   0   0   0   0   0   0   0   0   0   0   0  12   0   5   0   0   0   0  0.66 0.18
  208 H    0  3 -1  0 -3  1  2 -1  4 -3 -3  1 -2 -2 -2 -1  0 -2  1 -2    7  21   0   4   0   6  18   3  16   0   0  10   0   0   0   0   4   0   8   3  0.29 0.08
  209 M   -2 -1 -3 -3 -2 -1 -3 -4 -3  3  2 -2  4 -1 -3 -2  1 -3 -2  1    0   3   0   0   0   3   0   0   0  32  27   0  18   0   0   0  12   0   0   4  0.34 0.10
  210 A    2  0 -1  2 -2 -1  1 -2 -2  0 -1  0 -1 -2 -2  0  1 -3 -2 -1   31   6   0  17   0   0  13   0   0  12   6   2   0   0   0   0  12   0   0   0  0.17 0.08
  211 G   -1 -2 -1 -2 -3 -1 -3  6 -3 -3  0 -1 -2 -3 -3 -1 -2 -3 -4 -3    0   2   0   0   0   3   0  80   0   0  12   2   0   0   0   0   0   0   0   0  0.98 0.17
  212 V   -1 -2 -2  1 -2 -2  0 -3 -3  1  1 -2  0 -2 -2 -1  2 -3 -2  3    0   0   0  12   0   0   8   0   0   3  13   0   0   0   0   0  23   0   0  43  0.25 0.10
  213 S    0  2  0 -1 -2 -1 -1  1 -2 -2 -2 -1  1 -3 -2  3  2 -3 -2 -2    2  15   3   0   0   0   0  14   0   0   0   0   8   0   0  39  19   0   0   0  0.33 0.11
  214 I   -2 -3  1 -3 -2 -2 -3 -3 -3  4  1 -2  2 -1 -1 -2  1 -3 -2  2    0   0  12   0   0   0   0   0   0  48   7   0  10   0   3   0   8   0   0  11  0.32 0.11
  215 T   -1  2  0 -2 -2 -1 -2 -2 -2 -2 -1 -1 -2 -3 -2  1  5 -3 -3 -1    0  14   4   0   0   0   0   0   0   0   3   0   0   0   0  11  68   0   0   0  0.61 0.17
  216 D   -2  0  1  5 -4  1  3 -2 -1 -3 -2 -1  2 -3 -2  0 -1 -4 -3 -3    0   6   3  43   0   3  30   0   0   0   0   0  12   0   0   3   0   0   0   0  0.61 0.14
  217 A    5 -2 -2 -2  2 -1  0 -1 -2 -2 -3 -2 -2 -3  2  0 -1 -4 -3 -1   73   0   0   0   6   0   8   0   0   0   0   0   0   0  12   0   0   0   0   0  0.62 0.16
  218 I   -1 -3 -4 -4  4 -3 -4 -4 -4  3  1 -3  3 -1 -3 -3 -1 -3 -2  4    0   0   0   0  14   0   0   0   0  21   6   0  11   0   0   0   0   0   0  49  0.59 0.17
  219 V    0  0 -2 -3  4 -2 -1 -3 -3  2  0 -2 -1  1 -3 -1  2 -3 -2  3    5   6   0   0  14   0   4   0   0  16   0   0   0   7   0   0  19   0   0  29  0.26 0.12
  220 I    0  1 -2 -3 -2  0 -1 -2 -3  3  1 -1  1 -1 -3 -1  0 -3 -2  2    5  13   0   0   0   3   3   3   0  37   6   0   5   0   0   4   7   0   0  13  0.18 0.10
  221 A    4 -2 -2  1 -2 -2 -1 -1 -3 -3 -3 -2 -2 -3  3  1  1 -4 -3 -2   61   0   0  10   0   0   0   0   0   0   0   0   0   0  13   7  10   0   0   0  0.57 0.20
  222 M    1 -2  0  1 -2 -2 -2 -3 -2  0  2 -2  4 -1 -3 -1  0 -3 -2  2   13   0   7  10   0   0   0   0   0   0  25   0  24   0   0   0   6   0   0  16  0.24 0.13
  223 K   -1  3 -1  1 -4  0  3  2 -1 -4 -3  3 -3 -4 -2  0  0 -4 -3 -3    0  20   0   6   0   0  27  17   0   0   0  21   0   0   0   5   4   0   0   0  0.43 0.14
  224 E   -1  1  1  1 -4  1  5 -3 -1 -4 -4  1 -3 -4 -3  0 -2 -4 -3 -4    4   6   9   3   0   4  62   0   0   0   0   8   0   0   0   4   0   0   0   0  0.82 0.28
  225 A    5  1 -2 -3 -2 -2 -2 -2  4 -3 -3 -2 -2 -3 -2  0  1 -4 -2 -2   64   8   0   0   0   0   0   0  15   0   0   0   0   0   0   4  10   0   0   0  0.69 0.29
  226 I   -2 -3 -3 -4 -2 -3 -3 -4 -3  4  2 -3  1  1 -3 -2  2 -2  1  2    0   0   0   0   0   0   0   0   0  33  24   0   4   7   0   0  15   0   6  10  0.42 0.17
  227 E    1  1  0  1 -3  3  4 -1 -1 -3 -2  1 -2 -3 -2 -1 -1 -3 -2 -2   16   6   3   7   0  18  34   3   0   0   5   5   0   0   0   1   0   0   0   0  0.39 0.16
  228 R    0  4  0 -2  1 -1 -1 -2 -2 -2 -1  1 -2 -3  2  0  0 -3 -2  0   11  40   5   0   5   0   0   1   0   0   5   5   0   0   9   6   4   0   0   7  0.35 0.16
  229 R   -1  6 -1  1 -4  0  1 -3 -2 -3 -1  1 -2 -3  0 -2 -2  0 -3 -3    4  56   0   9   0   0   9   1   0   0   5   7   0   0   5   1   0   2   0   0  0.66 0.23
  230 R    0  4  0  0 -3  0  1 -3  1 -2 -2  1  0 -3 -3 -1  1 -4 -2 -1    8  38   3   4   0   0  12   0   5   2   3   4   3   0   0   2  13   0   0   3  0.34 0.17
  231 D    0  2  2  1 -3  2  0  0 -1 -3 -3  1 -2 -4  1  1  1 -4 -3 -3    4  18  13   6   0  11   5   6   0   0   0   9   0   0   6  14   8   0   0   0  0.29 0.12
  232 A    1  3  0 -2 -3  2 -1  1  2 -3 -3  1 -2 -3  0  0 -1 -3 -2 -2   17  28   4   0   0  11   0  14   8   0   0   7   0   0   4   2   2   0   0   2  0.32 0.14
  233 E   -2 -1  1  2 -4  0  5 -3 -1 -4 -3  2  0 -4 -2  0 -2 -4 -3 -3    0   0   5   7   0   0  60   0   0   0   0  16   4   0   0   6   0   0   0   0  0.75 0.24
  234 S    1 -2 -1  0 -2  0 -1 -2 -2 -3 -3 -1 -2 -4  2  3  4 -4 -3 -2    8   0   0   4   0   5   2   0   0   0   0   0   0   0  11  32  38   0   0   0  0.55 0.22
  235 P   -2 -3 -3  1 -4  0 -2 -3 -3 -2 -1 -2 -3 -4  7  0 -2 -5 -4 -3    0   0   0  10   0   6   0   0   0   3   7   0   0   0  67   7   0   0   0   0  1.46 0.31
  236 L   -1  3 -1 -3  1 -1 -2  0 -2 -1  1 -1  1 -1 -3  0  0  4  1  0    3  27   3   0   5   0   0   7   0   0  15   0   5   0   0  10   4   7   5   9  0.17 0.12
  237 Q   -2 -1  1  2 -4  3  5 -3 -1 -4 -4  1 -3 -4 -2  0 -2 -4 -3 -4    0   0   8  11   0  12  55   0   0   0   0   9   0   0   0   5   0   0   0   0  0.79 0.24
  238 T    0  0 -2 -2 -2 -2 -2  0 -2  0  0  0 -1 -2 -2  0  4 -3  1 -1    6   7   0   0   0   0   0   8   0   7  12   5   0   0   0   4  45   0   6   0  0.28 0.17
  239 A    5 -3 -3 -3 -2 -2 -1 -2 -3  0 -2 -2 -2 -3 -2  0  1 -4 -3  1   71   0   0   0   0   0   4   0   0   6   0   0   0   0   0   0   7   0   0  12  0.63 0.26
  240 A    3  2 -1  1 -3  2  2 -2 -2 -3 -3  1 -2 -4 -2  1 -1 -4 -3 -2   36  14   0  10   0  11  11   0   0   0   0  11   0   0   0   7   0   0   0   0  0.37 0.16
  241 R   -2  6 -1  1 -5  1  2 -1 -2 -4 -4  1 -3 -4 -3 -2 -2  2 -3 -4    0  61   0   6   0   2  19   5   0   0   0   3   0   0   0   0   0   3   0   0  0.86 0.26
  242 L   -1  0 -3 -4 -2 -3 -3 -4 -3  3  4 -2  2 -1  0 -2  0 -3 -2  0    3   5   0   0   0   0   0   0   0  24  49   0   7   0   5   0   7   0   0   0  0.43 0.17
  243 R   -1  5 -2 -3 -3 -1 -2 -3 -2  0  2  1 -1 -2 -3 -2  0 -3 -3 -2    5  50   0   0   0   0   0   0   0   5  28   7   0   0   0   0   5   0   0   0  0.54 0.21
  244 E    3  1 -1  0 -2  1  2 -1 -2 -2 -3  1 -2 -3 -2  0  0 -4 -3 -1   46   8   0   6   0   5  13   0   0   0   0  10   0   0   0   3   5   0   0   3  0.33 0.15
  245 K   -1  1 -1 -1 -3  3  3 -3 -1 -3 -3  3 -2  0  1 -1 -2 -3 -2 -1    2   5   0   0   0  16  23   0   0   0   0  33   0   7   5   0   0   0   0   6  0.42 0.16
  246 H   -2  2  0  0 -3  0 -1 -3  6 -2 -2 -1  1  2 -3 -2 -2 -2  2  0    1  17   4   6   0   3   1   1  33   1   1   1   5  12   1   1   1   0   5   8  0.43 0.16
  247 G   -1  1 -1 -2  2 -1 -2  5  0 -3 -3  0 -2 -3 -2 -1 -2 -3 -3 -3    1   9   1   1   6   1   1  63   2   1   1   7   0   1   1   1   1   0   1   1  0.71 0.16
  248 V    0 -3 -3 -3 -2 -2 -1 -1 -3  3  2 -3  0  1 -3 -2 -1 -3 -1  3    6   0   0   0   0   0   5   5   0  30  18   0   0   6   0   0   0   0   0  27  0.28 0.12
  249 S    1  1 -1  1 -2 -1  1 -2 -2 -2 -3  0 -2 -3 -2  3  1 -4 -3  0   16  12   0   7   0   0  11   0   0   0   0   1   0   0   0  34  10   0   0   8  0.29 0.14
  250 L    1  0 -3 -3 -2 -2 -3 -2 -3  0  3 -2  1  3 -1  0 -2 -2 -1 -1   13   5   0   0   0   0   0   2   0   0  44   0   4  18   4  10   0   0   0   0  0.28 0.15
  251 R    1  1 -1 -2 -2 -1 -1 -1 -2 -2 -1  1  0  0  0  3  2 -3 -2 -2    8   7   0   0   0   0   0   3   0   0   6   9   3   6   3  37  15   0   0   0  0.22 0.12
  252 K   -1  1 -1  1 -4  3  2 -1 -1 -3 -3  2 -2 -4  3 -1 -2 -4 -3 -1    5   8   0   7   0  19  19   4   0   0   0  17   0   0  15   0   0   0   0   6  0.43 0.15
  253 A    1 -1 -1  1 -3  1  2  0 -1 -3 -2  0 -2  1  1  0  1 -2  2 -2   12   0   1   8   0   8  19   8   0   0   0   4   0   9   7   0  15   0   8   0  0.20 0.10
  254 A    3 -2  0  1 -2 -1 -1  0  2  0 -2 -1  1 -2 -2  1  0 -3 -2  0   43   0   2  11   0   0   0   3   6   6   0   0   7   0   0   8   6   0   0   4  0.24 0.14
  255 K   -2  6 -2 -3 -4 -1 -2  0  1 -3 -3  1 -3 -4 -3  0 -2 -4 -3 -1    0  71   0   0   0   0   0   9   4   0   0   4   0   0   0   5   0   0   0   6  0.92 0.28
  256 K   -1  3  0 -2 -3  0  1 -2 -1 -1  0  3 -1 -3 -2  0  0 -3 -2 -2    4  25   4   0   0   0   9   0   0   3  13  29   0   0   0   6   6   0   0   0  0.31 0.13
  257 P    0 -3 -3 -3 -4 -3 -2 -3 -4 -4 -4 -2 -4 -5  8  1 -2 -5 -4 -4    6   0   0   0   0   0   0   0   0   0   0   0   0   0  81  13   0   0   0   0  2.00 0.35
  258 L   -2 -3 -4 -4 -2 -3 -1 -4 -4  2  4 -3  1 -1 -3 -3  0 -3 -2  3    0   0   0   0   0   0   6   0   0  13  51   0   0   0   0   0   4   0   0  26  0.49 0.17
  259 P   -1 -3 -2  0 -3  0  0 -3 -3 -3 -1 -2 -2 -4  6  0  2 -4 -3 -3    4   0   0   7   0   3   6   0   0   0   6   0   0   0  51   5  18   0   0   0  0.99 0.22
  260 R   -2  4 -1 -1 -3  2 -1 -3 -2 -3  0  3 -1 -3  1  0 -1 -4 -3 -3    0  30   0   2   0  10   0   0   0   0  12  28   0   0   8   9   0   0   0   0  0.45 0.16
  261 E    1  0 -1  1 -3  1  3 -2 -1 -1 -3  0 -2 -3 -1  3 -1 -4 -3 -2   10   4   0   6   0   7  31   0   0   6   0   4   0   0   2  30   0   0   0   0  0.37 0.15
  262 A    3 -3 -3 -2 -2 -2  0  0 -3  1 -1 -2 -1  2 -2 -1 -1 -2 -1  2   37   0   0   0   0   0   9   6   0  10   0   0   0  15   0   0   0   0   0  22  0.23 0.13
  263 F   -3 -3 -3  0 -4 -3 -3 -4 -1 -2 -2 -3  2  5 -4 -3 -3  7  6 -2    0   0   0   8   0   0   0   0   0   0   0   0   6  26   0   0   0  16  44   0  1.14 0.25
  264 D   -3 -2  0  7 -5 -1  1 -3  5 -5 -5 -2 -4 -4 -3 -2 -2 -5 -3 -4    0   0   0  76   0   0   8   0  17   0   0   0   0   0   0   0   0   0   0   0  1.31 0.29
  265 K   -1 -1 -1  3 -4  1  5 -1 -1 -4 -4  0 -3 -4 -2  0 -2 -4 -3 -4    4   0   0  16   0   2  66   3   0   0   0   2   0   0   0   7   0   0   0   0  0.86 0.23
  266 M   -2 -3 -4 -4 -2 -2 -3 -4 -3  1  4 -3  7 -1 -4 -3 -2 -3 -2  0    0   0   0   0   0   0   0   0   0   6  46   0  48   0   0   0   0   0   0   0  0.82 0.20
  267 W   -2 -2 -2 -3 -3 -2 -2 -2  3 -3 -2 -2 -2  1 -3  0 -2 10  4 -2    1   1   1   1   0   1   1   1   9   1   1   1   0   1   1   8   1  48  23   1  1.31 0.14
  268 E   -1 -2  0  6 -4 -1  2  2 -2 -4 -4 -1 -3 -4 -2 -1 -2 -4 -3 -3    5   0   0  70   0   0   9  16   0   0   0   0   0   0   0   0   0   0   0   0  0.81 0.10
  269 S   -1 -1  0  1 -4  1  4 -1  5 -4 -3  0 -2 -3 -2  1 -1 -3 -1 -3    0   0   0   6   0   0  58   4  23   0   0   0   0   0   0   9   0   0   0   0  0.61 0.09
  270 E   -1 -1  0  5 -4  1  4 -2 -1 -4 -4  0 -3 -4 -2  0 -1 -4 -3 -3    0   0   0  45   0   0  55   0   0   0   0   0   0   0   0   0   0   0   0   0  0.75 0.04

                      K         Lambda
Standard Ungapped    0.1355     0.3216
Standard Gapped      0.0410     0.2670
PSI Ungapped         0.1335     0.3179
PSI Gapped           0.0408     0.2670
