
Last position-specific scoring matrix computed, weighted observed percentages rounded down, information per position, and relative weight of gapless real matches to pseudocounts
           A  R  N  D  C  Q  E  G  H  I  L  K  M  F  P  S  T  W  Y  V   A   R   N   D   C   Q   E   G   H   I   L   K   M   F   P   S   T   W   Y   V
    1 M   -5 -5 -6 -7 -5 -5 -6 -7 -6  2  4 -6  8  4 -6 -6 -4 -5 -3 -2    0   0   0   0   0   0   0   0   0  12  37   0  36  15   0   0   0   0   0   0  1.52 0.67
    2 K    1  2 -1 -3 -2 -1 -2 -2 -2  0  1  2  0  1 -2  1  0 -4 -2 -1   12  13   2   0   1   1   1   2   1   5  13  15   2   8   1  12   7   0   0   4  0.16 0.20
    3 S    1 -3 -2 -3 -2 -3 -3 -3 -4 -2 -1 -4 -4  3 -3  4  2 -5  1 -2   13   1   2   1   1   1   1   1   0   2   7   0   0  14   1  38  11   0   5   2  0.63 0.48
    4 A    2 -5 -4 -6 -2 -5 -5 -4 -1  1  3 -5 -1  3 -4 -2 -1  5 -2  3   18   0   1   0   1   0   0   1   2   7  26   0   1  11   1   3   4   7   1  18  0.55 0.38
    5 I    1 -2 -4 -5 -1 -5 -6 -5 -6  4  3 -5 -1  3 -2 -3 -1 -5 -3  2   11   2   1   0   1   0   0   1   0  26  30   0   0  12   2   1   3   0   0  10  0.71 0.43
    6 I    1 -5 -5 -6  1 -4 -5 -4 -2  3  3 -5 -2  4 -4 -3  2 -1 -2  0   15   0   0   0   3   0   0   1   1  16  27   0   1  15   1   1  13   1   1   5  0.62 0.42
    7 G    2 -3 -2 -4 -1 -1 -3  0 -1 -1  1 -3 -3 -1  2  2  0 -5 -3  0   20   1   2   0   1   3   0   6   2   3  15   1   0   3  12  18   5   0   1   7  0.29 0.29
    8 Y   -2 -4 -5 -5 -2 -1 -4 -6  0  2  4 -4 -1  3 -2 -2 -1  1  1  2    4   0   0   0   1   3   0   0   2  10  37   0   1  13   2   3   3   2   4  12  0.56 0.37
    9 M    1 -2 -5 -4  2 -3 -5 -2 -5  2  4 -3  1  1 -4  0  1 -5 -3  0   12   2   0   1   4   1   0   3   0   9  36   1   2   6   1   9   7   0   1   4  0.43 0.34
   10 A    3 -4 -3 -4  5 -2 -3 -1 -3 -1  0 -3 -1 -3  0  2  1 -6 -3  0   29   1   1   1  14   2   1   5   0   3   9   1   1   1   4  14   7   0   1   5  0.49 0.38
   11 V    1 -3 -2 -4  2 -1 -3 -3 -3  2  1 -3 -2 -1 -1  1  2 -3 -4  3   12   1   2   0   5   2   1   1   0  11  14   1   0   2   3  11  12   0   0  20  0.30 0.28
   12 A    3 -2 -1 -2  0  1 -2 -1 -1 -1  0 -1 -3 -2  1  2  1 -2 -2 -1   27   1   3   2   2   6   2   4   1   3   8   3   0   1   6  18   7   1   1   4  0.27 0.29
   13 V    2 -3 -1 -2 -4 -1 -3 -3 -3  0  1 -2 -2  0 -1  2  1 -2 -1  3   17   1   4   2   0   3   1   1   1   5  12   1   0   4   3  16   7   1   2  20  0.25 0.26
   14 A    3 -1 -1 -1 -4  0 -2  1 -2  0  0 -1  0 -3 -3  1  0 -3 -3 -1   30   3   2   3   0   5   2  10   1   5   8   4   2   1   1  13   6   0   1   4  0.26 0.27
   15 A    3 -2  0 -1 -1  0 -1  0 -2 -1 -1 -3  0 -3  1  2  1 -2 -2 -1   29   2   4   4   1   4   3   5   1   4   6   1   2   1   8  13   7   1   1   4  0.25 0.26
   16 A    0 -3  0  2  3 -2 -2 -2 -4 -1  0 -1 -2  4 -2 -1 -1  3  0  0    7   1   4  12   6   2   2   3   0   4  11   4   0  21   2   5   3   3   3   7  0.27 0.24
   17 S   -1 -4  4  5  0  0  0 -3  0 -3 -6 -3 -6 -5  0  3 -2 -3 -4 -5    4   1  16  32   2   5   6   1   2   1   1   1   0   0   4  20   2   0   1   1  0.83 0.55
   18 C   -6 -10 -10 -3 12 -6 -5 -8 -10 -6 -8 -8 -5 -10 -10 -6 -8 -10 -10 -7    1   0   0   2  94   1   1   0   0   0   0   0   0   0   0   1   0   0   0   0  4.56 1.76
   19 Q    0  1  0 -1 -5  1  1 -3  2 -1 -4  3 -3 -4 -5  2  2 -6 -3 -1    7   6   3   4   0   6   7   1   5   3   1  19   0   1   0  16  14   0   1   4  0.38 0.34
   20 F   -2 -5 -2 -3  4 -4 -4 -4 -2  2  1 -1  0  5 -1 -3 -2 -1  2  2    4   0   3   2   8   1   1   1   1  12  11   4   2  22   3   2   2   1   6  15  0.54 0.35
   21 T   -2  1  1  1 -3  1  0 -4  2  0 -4  0 -1 -4 -1  2  3 -3 -3  0    3   6   7   8   0   6   6   0   6   5   1   5   2   0   3  14  18   0   1   8  0.29 0.29
   22 V   -1 -2 -1  3 -2 -2 -1 -4 -1  1  1 -1 -1  0 -2  0  1 -3 -2  2    5   2   3  19   1   1   3   1   1   9  13   4   1   4   2   6   8   0   1  17  0.23 0.22
   23 D   -2 -3  2  5 -6  0  0  2 -2 -3 -4 -1 -5 -4 -1  1 -2 -7 -5 -3    3   1  10  29   0   4   6  18   1   2   2   4   0   1   3  11   3   0   0   2  0.60 0.43
   24 S   -3 -2  2  1 -1 -1 -1  5 -1 -6 -2  0 -6 -6 -5  0 -2 -7 -5 -5    1   2   9   7   1   2   5  47   2   0   5   6   0   0   1   8   2   0   0   0  0.86 0.54
   25 K   -1  1  1 -2 -4  1 -1  1  2 -1 -1  3  0  1 -3  0  0 -2  1 -1    3   6   7   2   0   6   2  11   6   3   5  17   2   5   1   7   5   1   5   6  0.16 0.19
   26 N   -2  1  1 -1 -5  1  1 -1  3 -1 -2  3 -2 -1 -3  1  1 -5  1 -1    2   7   6   3   0   5   8   5   6   4   3  18   0   2   1  10  10   0   5   4  0.23 0.24
   27 Y   -6 -8 -5 -9 -8 -8 -8 -9 -2  2 -2 -8 -3  6 -9 -8 -7  3  8  0    1   0   1   0   0   0   0   0   1  11   4   0   1  25   0   0   0   3  47   6  2.11 1.00
   28 D   -6 -3  4  8 -9 -4 -4 -7 -4 -6 -9 -2 -6 -9 -8 -3 -4 -10 -9 -6    0   2  17  72   0   1   0   0   0   1   0   2   0   0   0   2   1   0   0   1  2.36 1.15
   29 L   -7 -8 -9 -9 -7 -8 -8 -7 -4  1  6 -8 -1  3 -8 -8 -7 -7 -3 -2    0   0   0   0   0   0   0   0   0   8  77   0   1   9   0   0   0   0   1   2  1.95 0.96
   30 S   -3  0  1 -2  5 -2 -2 -3 -2 -5 -6 -1 -6 -7 -5  5  3  0 -7 -6    2   4   6   2  12   1   2   2   1   1   0   4   0   0   0  44  15   1   0   0  1.09 0.73
   31 A    0 -2 -1 -2 -7 -1 -1 -2 -1 -5 -3  2 -4 -6  6  2 -2 -7 -6 -4    8   2   3   2   0   3   4   3   2   1   2  13   0   0  37  17   3   0   0   1  0.90 0.62
   32 I   -4 -6 -5 -8 -7 -7 -7 -8 -4  1  6 -5  0 -2 -6 -5 -5 -7 -6 -1    1   0   1   0   0   0   0   0   1   8  77   1   2   2   0   1   1   0   0   4  1.78 0.90
   33 S    2 -1  1  1 -4 -1 -1  1 -1 -1 -2  2 -2 -1 -2  2  0 -5 -2 -2   16   3   8   7   0   2   2  12   1   3   4  13   1   3   2  13   5   0   1   2  0.19 0.21
   34 G    0  1  1 -1 -2  0 -1  4 -1 -4 -3  2 -3 -3 -3  0 -1 -1 -2 -4    6   7   8   4   1   5   4  31   2   1   2  13   1   1   1   7   4   1   1   1  0.44 0.32
   35 P   -2 -1  0  1 -3  0  2 -1 -1 -1 -1  0 -2 -3  4  1  1 -5 -2  0    3   3   4   8   0   4  12   4   2   3   6   6   1   1  18  10   7   0   1   6  0.25 0.23
   36 K   -2  1  0  0 -5  1 -1 -2  6 -1 -2  2 -2  1 -3 -1 -1  4  1 -2    3   7   4   5   0   5   3   3  20   4   5  11   1   7   1   5   4   5   5   2  0.42 0.31
   37 S   -2 -1  2  1 -4  0  1  1 -2 -1 -2  0 -1 -2 -1  2  2 -2 -2 -1    2   3   9   8   0   3   7   9   1   4   3   5   1   2   3  20  12   1   2   5  0.19 0.21
   38 V    0 -3 -1 -2 -2 -3 -3 -2 -2  3  0 -2 -1 -1 -1  0 -1  2  1  3    7   1   3   2   1   1   2   3   1  16   8   2   1   3   3   7   4   3   6  26  0.30 0.24
   39 E    0 -2  1 -1 -4 -1  1 -1  0 -2 -2 -1 -1 -1  0  2  2  2  1  1    6   2   8   4   0   2  11   4   3   2   3   4   1   3   4  15  12   3   5   9  0.14 0.18
   40 Y   -1  2  1 -1 -4  0 -1 -3  1  0 -2  0 -2  1 -3  1  1  4  2  0    3  11   7   4   0   4   3   1   4   6   4   6   0   6   1   9   9   7   7   7  0.18 0.19
   41 T   -1 -2  1  2 -4  0  2 -2 -1 -1 -2  1 -2  0 -2  1  3 -1 -1 -1    5   2   5  12   0   3  13   3   1   3   3   8   1   4   2   9  17   1   2   5  0.20 0.21
   42 I   -1  2 -2  1 -4  1  2 -2 -1  1 -2  1 -1 -1 -2 -1  1  1 -1  1    4  12   2   8   0   5  14   3   1   9   4   7   1   2   2   4   8   2   1  11  0.15 0.16
   43 E   -1 -2  1  4 -4  0  2 -1  0 -2 -3  0 -2 -3  0  1 -1  0  0 -1    5   2   5  26   0   4  14   4   2   2   2   5   1   1   4  11   3   1   3   4  0.38 0.29
   44 T    0 -2  0 -2 -2 -1 -1 -1  0 -1 -2 -2 -1 -1 -3  1  5 -1 -2 -1    6   2   4   2   1   2   4   4   2   4   4   2   2   3   1   9  41   1   1   4  0.56 0.38
   45 P   -2 -1 -3  0 -4 -2 -1  0  0 -3 -2 -1 -4 -1  7 -1 -2 -2 -1 -2    3   4   1   5   0   2   3   6   3   2   4   5   0   2  46   5   2   1   2   3  0.93 0.48
   46 P   -2 -3  0  1 -3 -3 -2 -2 -2 -3 -3 -2 -2 -2  7 -2 -3 -2 -3 -1    4   2   4   8   1   1   3   3   1   1   4   2   1   2  52   3   2   1   1   4  1.18 0.57
   47 S    0 -3 -1 -2 -4 -2 -2 -1 -3 -3 -4 -3 -1 -2 -3  4  5 -4 -1 -2    7   2   2   3   0   2   3   4   1   2   2   2   1   2   1  32  30   0   2   3  0.71 0.47
   48 K   -1 -1 -1 -1 -2  0  0 -1  1  1 -1  1 -1  0 -2  0  2 -1  0  1    4   3   3   3   1   4   6   5   5  11   6  10   1   4   1   6  13   1   3  11  0.07 0.10
   49 R   -2 -1  1  0 -4 -1 -1 -1 -1 -2 -2  0  1 -2 -2  2  4 -4  1 -2    3   3   8   5   0   3   3   5   2   3   3   7   4   2   1  13  28   0   5   3  0.34 0.31
   50 K   -2  1  4  0 -4  0  0  0  1  0 -2  2 -2 -3 -3  0  1 -2 -2 -1    3   6  21   5   0   3   7   8   3   5   4  12   1   1   1   6   8   1   1   4  0.25 0.23
   51 M   -1  0 -1  1 -3  0  0 -2  0  0 -1 -2  0  1 -4 -1  3  1  3 -1    4   5   3   9   1   4   7   2   2   6   6   2   2   6   0   4  18   2  11   4  0.20 0.22
   52 E   -3  0 -1 -1 -5  0  1 -4  1 -1 -2  1 -1 -1 -4  1  4 -2 -2  1    2   6   3   4   0   3   9   1   3   4   4   8   2   3   0   9  29   0   1   8  0.38 0.34
   53 F   -5 -5 -8 -6 -7 -7 -8 -8 -5  0  0 -8 -3  4 -8 -5 -2  7  8  0    1   1   0   1   0   0   0   0   0   6   8   0   1  15   0   1   2  12  46   6  1.92 0.93
   54 V   -1  1 -2 -1 -3  0 -2 -5  2 -1 -2  0 -2  2 -5  1  1  5  5 -2    5   7   1   4   0   4   3   1   4   3   4   6   1   8   0  11  11   7  19   3  0.45 0.36
   55 L   -6 -7 -5 -7 -6 -4 -7 -5 -6  5  2 -7  1  5 -7 -7 -6  4  3  1    0   0   1   0   0   1   0   1   0  29  19   0   3  25   0   0   0   5   8   8  1.26 0.64
   56 D   -1 -3  7  2 -7  2 -4 -1  2 -6 -8 -4 -3 -5 -7  2 -3 -8 -3 -7    5   2  49  10   0   7   1   4   4   1   0   1   1   1   0  14   1   0   1   0  1.37 0.78
   57 P   -4 -3 -7 -7 -6 -4 -7 -5 -7  3  3 -6  1  0  5 -5 -4 -7 -6  3    1   2   0   0   0   1   0   1   0  15  27   0   3   4  27   1   1   0   0  17  1.03 0.63
   58 C   -5 -4 -3 -3 11 -5 -6 -2 -8 -4 -6 -5 -3 -8 -8 -4 -4 -8 -3 -5    1   1   1   2  81   1   1   3   0   1   1   1   1   0   0   1   1   0   1   1  3.60 1.51
   59 A    0  1  1  1 -5  1  1  2  1 -3 -4  2 -3 -2 -4  1  0 -2 -1 -3    7   7   6   9   0   7   7  18   4   2   1  11   1   1   0   8   6   1   2   2  0.27 0.25
   60 S    1 -2  0  1 -5 -1 -1  0 -2 -4 -4 -1 -3 -6  5  1 -1 -2 -2 -2   10   2   5   9   0   3   5   8   1   1   2   3   1   0  31  11   4   1   1   3  0.61 0.45
   61 L   -3 -3 -3 -4 -5 -2 -4 -3 -3  2  4 -3  3  2 -5 -2 -3  1 -1  2    2   1   1   1   0   2   1   2   1   9  42   1   7   8   0   3   2   2   2  13  0.69 0.42
   62 K   -1  0  1  0 -3  0  0 -1  0  0 -2  2 -2 -3  1  1  2 -2 -1 -1    4   4   6   6   0   5   5   4   2   5   5  16   1   1   8   9  12   1   2   5  0.15 0.16
   63 Q   -1  1  0 -1 -1  1  0 -1  0 -1 -1  2  0  2  0  0  0  2  1 -1    3   7   4   3   2   6   7   3   2   4   5  12   2   9   5   6   6   3   5   4  0.09 0.10
   64 D   -2 -2  3  3 -1  0  1 -1 -1 -1 -2  1 -3 -3  1  0  0 -4 -4 -1    3   2  14  19   1   4   8   5   1   3   5   7   0   1   6   8   6   0   0   4  0.28 0.23
   65 K   -2 -1  0  2 -2 -1  1  2  2 -2 -2  1 -2  0  1  0  0 -4 -2 -2    3   4   4  11   1   2   7  14   6   2   4   9   1   4   8   8   6   0   1   3  0.17 0.17
   66 K   -1 -1  1  2 -1 -1  0  2 -1 -2 -2  1 -2 -2 -1  1  1  2 -2 -2    5   3   6  13   1   2   6  13   2   3   3   9   1   2   3  10  11   3   1   3  0.18 0.18
   67 K    0  0  1  0  0  0 -1  0 -1  0  0  0  0  0  1  0  0 -1 -1  1    6   4   9   6   2   4   3   7   2   4   9   6   2   4   7   6   4   1   2  12  0.02 0.04
   68 P    0 -2  0  1 -1 -1 -1 -1 -1 -2 -1  1 -2 -3  5  0  0  1 -1  0    8   2   4   8   1   2   4   4   2   3   5   7   1   1  25   7   5   2   2   6  0.33 0.27
   69 A    1  0  0  1 -2  0  1  1 -1 -1 -2  2 -1 -2  0  1 -1 -4 -3 -1   10   5   5   8   1   3  11   9   1   3   4  11   2   2   5  12   4   0   0   5  0.13 0.14
   70 D    0 -1  1  2  3  0  2  0  1 -1 -2  0 -2 -2  0  0 -1 -4 -1 -1    7   3   7  13   6   4  14   8   3   4   4   5   1   2   5   6   3   0   2   4  0.15 0.14
   71 E   -1 -1  1  4  1  0  2 -2 -1 -2 -1  0 -1 -2 -2  0  0 -4 -1 -1    5   2   7  20   3   4  13   3   2   2   7   5   2   2   2   8   6   0   3   4  0.22 0.19
   72 Q   -1  0  0  0 -3  0  0 -1  2  0 -1  0  1  0  0  0  0  3  1  0    5   5   5   5   0   5   5   5   5   5   5   5   5   5   5   5   5   5   5   5  0.06 0.08
   73 C   -2 -6 -2 -6 11 -6 -6 -2 -6 -6 -4 -3  0 -6 -3 -2 -2  1 -6 -3    4   0   2   0  69   0   1   4   0   0   2   2   2   0   2   3   3   2   0   2  2.79 1.12
   74 P   -1 -1  1  0 -1  0  0  0  0 -3 -3  1 -2 -2  5  0 -2  1 -2 -3    4   3   7   6   2   4   6   8   3   2   2   8   1   2  28   6   2   2   2   2  0.44 0.33
   75 D    0  0  0  2  0  0  2  0  0 -2 -3  1 -1 -2  0  1  0 -4 -1  0    6   4   5  13   2   4  12   6   2   3   2  10   1   1   5   9   7   0   2   6  0.14 0.15
   76 N   -2 -3  3  2 -5 -2 -2  5  0 -3 -4 -1 -5 -3 -1  0 -2 -5  0 -3    3   2  13  12   0   2   3  38   2   2   2   3   0   1   3   8   3   0   3   2  0.66 0.45
   77 T    0 -1  0  0  1 -1 -1 -1 -3 -1 -2 -1  0 -1  1  2  3 -4  0  0    9   3   3   5   3   3   3   4   0   4   3   3   3   3   6  15  20   0   3   6  0.18 0.23
   78 I   -1  0  0  0 -3  0  0 -1  2  0 -1  0  1  0  0  0  0  3  1  0    5   5   5   5   0   5   5   5   5   5   5   5   5   5   5   5   5   5   5   5  0.06 0.08
   79 V    1 -2 -3 -4  0 -6 -6 -2  0  4 -1 -6  0  0 -3 -3 -3 -6 -2  5   12   3   2   1   2   0   1   3   2  19   7   1   2   4   2   3   2   0   2  32  0.78 0.39
   80 C   -2 -4 -7 -7 11 -7 -7 -4 -7 -4 -5 -4 -1 -7 -7 -3 -4  2 -7 -3    4   2   0   0  73   0   1   2   0   2   2   2   2   0   0   2   2   2   0   2  3.35 1.33
   81 G    1 -1 -3 -2 -2  3 -1  3  0 -2  1 -2  4 -2 -4 -2 -3  2 -1 -3   10   4   2   2   1  12   4  22   2   2  13   3   8   2   1   3   2   2   2   2  0.42 0.30
   82 L   -3  0  0 -3  1  0 -2 -3 -1  3  0 -1  2  0 -3 -2  2 -5  1  2    2   6   4   2   3   4   3   2   1  14   9   4   4   4   2   4  13   0   4  15  0.28 0.19
   83 G   -2  0  0  0  1  2  1 -1 -1  0 -3  0  0 -2 -3  0  3  0 -1  1    4   5   4   6   3   8   8   5   2   5   3   6   2   2   2   7  15   2   3  10  0.16 0.16
   84 Y   -1  2  0 -2  2  0 -1 -1  3  0 -2  0  0 -1 -1  0  1  1  1  1    5   9   4   2   4   5   5   5   6   5   5   6   2   2   3   8  10   2   4   8  0.10 0.10
   85 I   -1 -1  5 -1 -6 -1 -2 -3  2  1 -1 -1 -1  0 -3  1  0  0  0  1    5   3  21   4   0   2   2   2   4   7   6   3   1   4   2  11   6   1   3  10  0.33 0.25
   86 L    0  1  1 -1  0  1 -1 -1  0  1 -1  0  0  0 -1  0  1  3  1 -1    8   7   6   4   2   5   3   5   3   9   5   5   2   3   3   8   9   4   5   4  0.08 0.09
   87 L   -1  1  2  0  0  0  0 -2  1 -1  0  1  0  0 -1  0  0 -3  1 -1    5   6  11   6   2   3   5   3   4   3  13   9   2   4   3   7   5   0   6   2  0.07 0.10
   88 P   -1  0  0  1 -5  1  0  0  1 -1 -2  0  1 -1  2 -1  1  4  0  0    5   4   5   9   0   5   6   7   3   4   4   6   3   3   9   5   8   5   3   7  0.12 0.12
   89 K   -1 -1  3  1  1  0 -1  1  0 -2 -2  1  0 -1 -1  0 -1  2  0 -1    6   4  11   9   3   3   5  10   3   3   3  10   3   3   3   8   3   3   3   4  0.14 0.13
   90 E   -1 -1  1  2 -1  1  2  1  2 -3 -2  1 -1 -1 -2  1 -1 -4  0 -2    3   3   8  13   1   6  12  10   5   2   3   8   2   2   2  10   3   0   3   2  0.21 0.20
   91 K   -1 -1  2  1  1  0  0  0  1 -1 -2  2  1 -1  0  0  0  2  0 -2    5   3   9   7   3   4   7   8   3   3   4  11   3   3   5   8   5   3   3   3  0.09 0.10
   92 D   -1 -1  2  2 -5 -1  1 -1  1 -1 -2 -1  0 -1  0  1  1  3  0 -1    4   4   9  12   0   3   7   5   3   4   4   4   3   3   5  10   7   4   3   5  0.14 0.14
   93 F   -1  2 -1  1 -2  0  0  1 -1 -2 -1 -1 -2  1  2  0  0 -1  0 -1    6  10   3   8   1   4   7   9   1   2   5   4   1   5  11   8   5   1   4   5  0.12 0.12
   94 V   -1  2 -1 -2 -2 -1 -1  1 -1  1  0 -2 -1  0 -1  0  1 -4  1  1    6  11   3   2   1   2   4  10   1   9   8   2   2   3   4   6   9   0   4  12  0.11 0.10
   95 L   -2 -3 -2 -4  0 -2 -3 -2 -5  4  2 -3  1 -2 -3 -2 -1 -5  2  3    4   2   2   1   2   2   2   4   0  19  18   2   3   2   2   4   4   0   6  20  0.50 0.27
   96 S    0 -1 -1 -1 -1  1  0  1  1  0 -2 -2 -1 -2 -1  1  3 -5  0 -1    8   3   3   4   1   5   7   9   3   6   5   3   1   2   3  11  18   0   4   5  0.16 0.16
   97 E   -1  1 -1  0 -2  3  2 -1  0 -3 -3  1  0 -3 -3  0 -1  0  0  1    6   6   4   6   1  14  13   5   2   2   3   7   2   1   1   6   4   1   4  11  0.24 0.21
   98 V   -3 -3 -2 -3  2 -3 -3 -2 -2  3 -1 -2 -1  1 -3 -1  0 -1  1  5    3   2   2   2   4   1   2   4   1  13   7   3   2   6   2   4   6   1   5  31  0.53 0.30
   99 M   -2 -1  0 -2 -4  0 -2 -1  0  3  0 -2  0  1  1  0  1  0  1  1    3   3   5   3   0   4   3   6   2  14  10   3   2   5   7   8   7   1   4   9  0.14 0.11
  100 P    0 -1  0  1 -5 -1 -1 -2  0  0 -2 -1 -5 -2  3  2  0  2 -1  0    7   3   5   8   0   3   4   4   2   5   5   4   0   2  15  13   6   3   3   7  0.21 0.19
  101 F   -1 -1 -1 -1  2 -1 -2 -2  0  2  0 -1  1  2 -1 -1  1  2  0  1    6   3   4   3   4   3   3   4   3  11   9   4   3  10   3   4   8   3   3   9  0.11 0.08
  102 G   -1  0  0  0  2  0  0 -1  2  0 -1  0  2  1  0 -1  0  4  1 -1    5   5   5   5   5   5   5   5   5   5   5   5   5   5   5   5   5   5   5   5  0.09 0.08
  103 N   -1  0  0  0  2  0  0 -1  2  0 -1  0  2  1  0 -1  0  4  1 -1    5   5   5   5   5   5   5   5   5   5   5   5   5   5   5   5   5   5   5   5  0.09 0.08
  104 G    0 -1  2  1  0  1 -1  1  1 -1 -1  0 -1 -1  0  1  0 -3  0 -1    7   2  10  10   2   6   3  10   3   3   4   4   2   3   4  12   4   0   4   5  0.09 0.12
  105 P   -1 -1  0  0  1  0 -1 -1  0  0  0 -1  1  0  2  0  0  2  0 -1    5   3   5   6   3   3   5   5   3   6  10   4   4   4   9   8   7   3   3   5  0.05 0.05
  106 A    0  0  0  0  2  0  0 -1  1  0 -1  0  1  0  0  0  0 -2  1  0    5   5   5   5   5   5   5   5   5   5   5   5   5   5   5   5   5   0   5   5  0.03 0.05
  107 P    1 -1  0  1 -2 -2  0 -1  0 -1 -1  0 -1  0  3  0  0 -1  0 -1   10   3   4   8   1   1   5   4   3   4   5   6   2   4  17   8   7   1   4   4  0.17 0.17
  108 Q   -1  1  0  1 -4  2  1 -1  1 -1 -2  2  0 -1  0  0  0  0 -1  0    4   6   5   8   0   9  10   4   3   3   3  12   2   3   3   8   7   1   2   6  0.12 0.15
  109 Y   -1 -1 -1 -1 -3 -1  0 -2  1  1  0 -1  1  2 -1  0  0  4  2  1    5   2   3   3   0   2   5   3   3   8   8   3   4  11   3   6   7   6   6  10  0.10 0.13
  110 Q    0  0  1  0 -3  1  1  0  1  0 -1  1  0 -1  0  0  1  2  0 -1    5   5   7   5   0   5   8   6   3   5   5   8   3   3   3   8  10   3   3   5  0.05 0.08
  111 P    0  0  0  0  2  0  0 -1 -2  0 -1  0  1  0  0  0  0  3  1  0    5   5   5   5   5   5   5   5   0   5   5   5   5   5   5   5   5   5   5   5  0.05 0.08
  112 L   -1 -1 -1  0 -1 -1  0  0 -1  1  1  0  1  0 -1  0  1  0  0  0    4   2   3   6   1   3   7   6   1   8  17   5   4   4   2   7   8   1   3   8  0.05 0.05
  113 K   -1  0  1  1 -1  0  0 -2 -1 -1 -1  2 -1  1  0  1  1  0  0 -1    4   5   6   8   1   4   6   4   1   4   7  13   1   5   4   9   8   1   3   4  0.09 0.10
  114 T    0 -2  1  2 -5  0 -1 -1  0 -2  0  0 -5 -1 -1  2  2  0 -1 -1    9   2   6   9   0   4   5   4   2   3  10   5   0   3   4  14  12   2   2   4  0.15 0.16
  115 G   -1 -1  1  0 -1  0  0  2 -1 -1 -2  0 -1 -2 -1  1  0  0  0  0    5   4   7   6   2   5   7  14   2   3   4   7   2   2   3  12   6   1   3   7  0.10 0.10
  116 P   -2 -2  1  3 -1  0  0  0 -1 -1 -2  0  0 -2  2  1 -1  0 -2 -2    4   3   7  18   2   4   6   7   2   4   5   6   3   2   9  10   4   1   2   3  0.21 0.19
  117 E   -1  0  1  2 -4  0  1  0  0 -2 -2  1  0  0  0  1  0  1  0 -1    4   4   8  13   0   3  10   6   2   2   4   8   2   4   5   9   6   2   3   4  0.11 0.13
  118 G   -1  0  1  1  1  0 -1  2  2 -1 -2  0  0  0  0  0  0 -5  1 -1    5   5   6   7   3   3   4  16   5   3   4   5   3   3   5   8   6   0   5   5  0.11 0.11
  119 T   -1  0  0  0  2  0  0 -1  2  0 -1  0  2  1  0 -1  0  4  1 -1    5   5   5   5   5   5   5   5   5   5   5   5   5   5   5   5   5   5   5   5  0.09 0.08
  120 E    0 -1  1  2 -2  1  1  1 -1 -1 -1  1 -2 -2  1  0 -1  0 -1 -1    6   3   7  10   1   6  10   9   2   4   7   8   1   2   7   7   3   1   2   4  0.09 0.11
  121 G   -2 -3 -1 -2 -1 -1 -3  4 -1  0  1 -2 -1  0 -3 -1 -1  0 -1  0    3   2   3   3   1   3   2  31   2   5  14   3   2   4   2   5   4   1   2   6  0.38 0.26
  122 L   -2 -3 -2  0  0  1 -3 -3  0  2  3  0  1  0 -3 -1  0 -1 -1  2    3   2   2   5   2   5   2   2   2  10  24   5   3   4   2   5   5   1   2  12  0.24 0.17
  123 S   -2  1 -1 -1  0  1 -1 -1  0  2  0 -1  0  0 -2  0  1  1  1  1    3   8   4   4   2   5   3   4   2  11  11   4   2   4   2   7   9   2   4  10  0.07 0.07
  124 T   -2 -2 -1 -2  2 -1 -1 -3  1  2  1 -1  1  0 -3 -1  2  0  2  2    3   3   3   2   4   3   4   3   3  10  11   4   3   4   2   5  12   1   7  15  0.20 0.15
  125 S   -2 -1 -1 -1  1  1  0 -1  0  0  1  1  2  0 -1  1  0 -5  1  0    3   3   3   4   3   5   6   5   2   6  14  10   5   3   3   9   7   0   5   6  0.07 0.08
  126 Y   -2 -2  1  0  0 -1 -1 -1  5 -2 -1 -1  4  2 -2 -1 -1  0  4 -1    4   2   6   6   2   3   4   5  11   3   6   4   8   7   2   4   4   1  14   5  0.38 0.26
  127 G   -1  0  0  0  2  0  0 -1  2  0 -1  0  2  1  0 -1  0  4  1 -1    5   5   5   5   5   5   5   5   5   5   5   5   5   5   5   5   5   5   5   5  0.09 0.08
  128 N    0 -2  1  0  0  0 -2  4  0 -2 -3 -2 -1 -2  0  1 -1 -7  1 -1    7   2   7   6   2   4   3  26   2   3   3   3   2   2   5  10   5   0   4   4  0.31 0.25
  129 P   -1  0  1  0  1  0  0 -1  1 -1 -2  1  0 -1  2  1  1  2  0 -1    4   4   6   5   3   4   5   6   3   3   4  10   3   3   9   9   9   2   4   5  0.09 0.11
  130 W   -1  0  0  0  2  0  0 -1  2  0 -1  0  2  1  0 -1  0  4  1 -1    5   5   5   5   5   5   5   5   5   5   5   5   5   5   5   5   5   5   5   5  0.09 0.08
  131 G    0 -2  2  1 -1  0  0  3 -1 -2 -2  0 -1 -4  1  0  1 -4 -1 -1    6   2   9   7   1   4   5  24   2   2   4   5   2   0   8   5   8   0   2   4  0.23 0.22
  132 S   -1 -1  2  2  0  1  0  1  1 -2 -3  1 -1 -1  0  2  0 -4 -1 -2    4   3  10  11   2   6   6  11   3   2   2   7   2   2   4  15   4   0   2   2  0.19 0.20
  133 E   -1  1  2  0  0  1  0 -1  1  0 -1  1  0 -1  0  0  0 -3  0  0    4   8  11   6   2   7   6   5   4   6   5   8   3   3   5   5   6   0   3   6  0.06 0.09
  134 K   -1  2  1 -1  1  1 -1 -2  2 -2 -2  2  0 -1  1  0  1 -6  0 -2    5  11   7   4   3   5   5   3   4   3   4  11   3   3   6   7  10   0   3   3  0.17 0.16
  135 L   -1  3 -1 -2  2  4 -2 -2  1  0 -1  0  1 -1 -2 -2 -1  2  2  0    5  13   3   3   4  15   3   4   3   6   6   5   3   3   3   4   4   3   6   6  0.25 0.20
  136 D   -1  1  2  1 -4  2 -1 -2  0 -2 -3  2 -1 -2 -3  3  1 -4  0 -2    3   6  10   7   0  10   3   1   2   2   2  13   2   2   0  22  10   0   4   2  0.28 0.26
  137 I    2 -2 -3 -3  1 -2 -3 -2 -3  0  1 -1  0  0 -2  0  3  0 -1  1   19   2   0   0   3   0   0   2   0   3  13   4   3   5   2   8  21   1   2  11  0.22 0.22
  138 D    0  1  1  0 -3  0  0 -3  0  0  0  0  0  1 -3  1  1 -3  0  0    6   7   8   3   0   4   5   0   3   7   8   5   2   6   0  14  12   0   3   8  0.09 0.11
  139 V   -1 -4 -4 -4 -3 -3 -4 -4  1  4  1 -3  1  3 -4 -3  0 -3  1  3    5   0   0   0   0   0   0   0   4  31  12   0   4  12   0   0   7   0   4  19  0.49 0.28
  140 N   -1  0  0  0  3  1  0 -2  1  0 -1  2  0 -1 -3  1  0  2  0  0    3   4   5   4   7   8   6   3   4   5   4  14   3   3   0   9   7   3   3   6  0.11 0.12
  141 Y   -1 -5 -5 -5  2 -4  0 -5 -4  1  3 -5  2  5 -5 -1 -4  3  2  0    5   0   0   0   4   0   7   0   0   6  23   0   6  24   0   5   0   4   5   7  0.66 0.36
  142 I   -1  0 -1 -1 -3  1  0 -2  0  2  1  0  1  0 -2  0  1  0  0  1    4   4   2   4   0   7   5   2   3  14  15   5   4   5   1   5   9   1   2   9  0.07 0.09
  143 C   -5 -7 -6 -7 11 -2 -7 -2 -6 -2 -3 -6 -5 -6 -6 -1 -5 -6 -1 -2    0   0   0   0  75   3   0   3   0   3   3   0   0   0   0   6   0   0   3   3  2.99 1.04
  144 S   -1 -2  2  5 -1 -1  1  1 -1 -2 -1 -1 -3 -2 -2  0 -1 -5 -4 -2    5   2   8  32   2   3   8   9   1   3   6   2   0   1   2   8   4   0   0   3  0.41 0.27
  145 D   -1  0  0  0  2  0  0 -1  2  0 -1  0  2  1  0 -1  0  4  1 -1    5   5   5   5   5   5   5   5   5   5   5   5   5   5   5   5   5   5   5   5  0.09 0.08
  146 K   -1 -2  3  3 -5  0  1 -1 -1 -3 -4  1 -2 -2 -2  2  1 -5 -2 -2    4   2  15  14   0   3  10   4   1   1   2   9   1   2   2  18   8   0   2   3  0.36 0.34
  147 E    1  0  0  1 -1  1  1  0 -1 -1 -1  1  0 -2 -1  0  0 -4 -1  1   12   5   5   7   1   6  10   8   1   4   4   7   2   1   3   7   6   0   2  11  0.07 0.10
  148 E    0 -1  1  1 -1  0  2  0  1 -2 -3  1 -3 -2 -1  1  2 -5 -2  0    6   2   7   8   1   3  14   7   3   2   2   8   0   2   3  10  14   0   1   7  0.18 0.21
  149 G    0 -1  1  2 -4  1  1  2  0 -2 -2  0 -1 -2  0  0  0 -1 -1 -1    6   3   8  10   0   7  10  18   2   2   3   5   1   2   4   8   5   1   2   4  0.17 0.18
  150 P   -1 -2  0  1 -5 -1 -1  1 -1 -2 -1 -2 -2 -3  5  0  0 -5 -1 -1    5   2   5   7   0   2   4   9   1   2   6   3   1   1  30   8   7   0   2   5  0.48 0.37
  151 K   -1 -1  0  0 -4  1  2  0  0  0 -2  1 -1 -1  0  1  1 -1 -1  0    3   3   5   4   0   6  12   7   2   6   3   8   2   2   5  12  11   1   2   7  0.11 0.16
  152 L   -1 -2 -2 -1 -1 -1 -2 -1 -1  1  2 -1  0  3  2 -1 -1  1  0  1    3   2   2   4   1   2   2   5   2   6  21   3   2  14  10   4   4   2   2   9  0.17 0.18
  153 E   -2 -2 -1  0 -2  0  3 -2  0 -1 -3  1 -2 -3  3  0  1 -7 -2  1    3   3   3   5   1   5  15   3   2   4   3   8   1   2  16   7   9   0   1   8  0.30 0.27
  154 N   -1 -2  1 -1 -1 -2 -1  0  0 -2 -1  0 -1  2 -1  2  2  1  0  0    5   2   6   4   1   2   5   7   2   2   7   6   2   8   3  15  11   2   3   8  0.13 0.14
  155 V   -1 -3 -2 -2 -2 -1  1 -3  0  2  0 -2  0  2 -1 -1  0 -1  3  2    5   2   2   3   1   3   8   3   2  11  10   3   2   8   3   4   5   1  10  13  0.21 0.15
  156 G   -1 -2  1  2 -6 -1  0  2 -1 -1 -1  0 -2 -2 -2  2 -1  0 -1  0    5   3   5  13   0   3   7  15   1   4   6   6   1   2   2  13   5   1   3   6  0.18 0.17
  157 L   -1 -1  0  1 -2  0  2 -2 -1 -1 -1 -1 -1 -2  1  1  0  5  0 -1    5   3   5   8   1   3  14   4   1   4   6   4   2   2   6  10   6   6   3   5  0.16 0.16
  158 G   -1 -2  0  2 -2  0  1  1 -1 -1 -2 -1 -2 -2 -1  1  1  1  1 -1    6   2   5  12   1   5  11   9   2   3   4   3   1   2   4   9  10   2   4   5  0.13 0.14
  159 L   -2 -2  0  3 -2  0  1  0  0 -1 -1  1 -1  0  0  1  0  3 -1 -2    4   2   5  14   1   4   9   7   2   3   6   8   2   4   5   9   6   4   3   3  0.15 0.14
  160 N   -1 -2  3  3  1 -1  0  1  0 -3 -4 -1 -2 -1  0  1  1 -2 -1 -3    6   3  15  14   3   3   6   9   3   2   2   4   1   3   4  11   8   1   2   3  0.29 0.25
  161 N   -2 -2  3  1  7 -3 -1  3 -2 -5 -3  0 -3 -5 -2  0 -1 -7 -4 -4    4   2  15   7  22   1   4  19   1   1   3   5   1   0   3   8   3   0   1   1  0.79 0.51
  162 Y   -1 -2  1  1 -2  1  1 -2  1 -1 -1  0 -1 -1 -3 -1  3 -1  1  1    5   2   6   7   1   7   9   3   3   3   6   6   1   2   1   4  16   1   5  12  0.15 0.18
  163 Y   -3 -6 -4 -4 -4 -4 -2 -5  4 -1  2 -2 -1  3 -4 -3 -3 -1  7  0    3   0   1   1   0   1   3   1   8   4  19   3   1  10   1   2   2   1  32   7  1.00 0.60
  164 E   -1  1  1  0 -4  0  1 -3  1 -1 -1  1 -1  0 -2  1  1  0  0  0    5   7   7   4   0   4   8   2   4   3   5  10   1   5   1  10  11   2   3   8  0.11 0.14
  165 I   -3 -5 -4 -5 -3 -6 -3 -5 -4  2  3 -4  2  6 -5 -3 -1 -6 -2  1    2   1   1   1   0   0   2   1   1  11  24   1   5  32   1   2   4   0   1   9  0.99 0.56
  166 N   -1 -1  1  0 -3  0  3 -3  0 -1 -2  1  0 -3 -3  0  3 -6 -2  0    4   4   6   6   1   4  22   2   2   4   3   7   2   1   1   7  17   0   1   6  0.33 0.31
  167 W   -4 -4 -8 -4 -3 -7 -2 -3 -8  1  3 -5  1  0 -6 -6 -7 11  0 -1    2   1   0   1   1   0   4   3   0   6  24   1   3   4   1   1   0  42   2   5  1.96 1.00
  168 K   -3  4  0 -1 -6  1  0 -4  2 -4 -3  3 -2 -1 -2  1  1 -1  0 -2    2  18   4   3   0   5   6   1   4   1   2  19   1   3   3  11   9   1   3   2  0.42 0.36
  169 T   -3 -4 -2 -1 -7 -6 -4 -1  4 -4 -5 -2 -7 -5 -7  4  6 -8 -5 -2    2   1   2   3   0   0   1   5   7   1   1   2   0   1   0  29  41   0   1   3  1.25 0.82
  170 P   -1  0 -1 -1 -2  0  0 -6  0 -3 -5  4 -3 -4  5  0 -3 -8 -4 -3    5   5   3   3   1   4   5   1   2   2   1  24   1   1  30   8   1   0   1   3  0.84 0.59
  171 A    2 -3 -3 -2  3 -2  0 -3  5 -2 -1 -2 -3  1 -6  1 -2 -1  4 -1   16   2   1   2   6   2   6   2  12   2   5   3   1   5   0  13   2   1  16   4  0.49 0.39
  172 A    6 -4 -1 -4  1 -3 -2  2 -6 -4 -4 -6 -3 -2 -4 -3 -3 -7 -7 -1   57   1   3   1   3   1   3  17   0   1   2   0   1   2   1   2   2   0   0   5  1.19 0.73
  173 C   -7 -5 -8 -1 12 -8 -6 -5 -8 -8 -5 -4 -8 -8 -4 -3 -7 -8 -3 -7    0   1   0   4  84   0   1   1   0   0   1   2   0   0   1   3   0   0   1   0  3.88 1.60
  174 I    0  0  0  0 -3  1  0  0  1  0 -1  0  1  0  1  0  0  3 -1  0    6   6   5   6   0   5   6   6   5   6   6   6   5   5   6   6   6   5   0   6  0.06 0.09
  175 N   -1  0  1  0  0  0  0  0  1  0 -1  1  0  0  0  0  0 -3  0 -1    4   5   7   6   3   4   5   6   3   5   5  12   3   4   4   9   7   0   3   5  0.04 0.06
  176 D    0  0  1  1  0  1  0  0  1 -1 -1  1  0 -1  0  0  0 -3  0 -1    9   5   7   8   2   7   6   7   4   4   4   8   2   3   3   7   5   0   3   5  0.05 0.06
  177 G    0  0  0  0  1  0  1  1  0  0 -1  0  0 -1  1  0  0  0 -1  0    8   4   3   4   4   3   9  11   2   7   5   7   4   3   7   7   5   2   2   6  0.04 0.05
  178 S    0  0  1  1 -1  0  1  0  0 -2 -2  1 -2 -3  1  1  1 -3 -1 -1    8   4   6   8   2   3   8   9   2   3   4  11   0   1   7  12   7   0   2   4  0.12 0.12
  179 K   -1 -1  1  1 -1  0  2  0  0 -1 -2  1 -2 -3  2  0  1  0 -1 -1    5   3   8   7   2   4  12   8   2   3   4   7   0   1  12   6   8   1   2   4  0.15 0.13
  180 P    0 -1  0  1  0  0  1  1  1 -1 -2  1 -2 -1  4  0  0 -3 -3 -1    6   2   4   7   2   3   9  11   3   3   4   8   0   2  18   7   4   0   1   4  0.22 0.17
  181 K   -1 -1  0  2 -1 -1  1  1 -1 -1 -2  1 -1 -1  3  0  0 -3 -1 -1    5   3   5  10   1   3   8  13   2   3   3   9   1   2  13   8   4   0   2   4  0.15 0.13
  182 Q    0  0  1  2 -1  1  0  0  0 -2 -2  1 -1 -2  3  0 -1 -1 -1 -2    6   5   6  14   1   6   7   8   2   2   3   8   1   2  13   7   4   1   2   3  0.18 0.14
  183 P   -2 -1  1  1  1 -1  0  1 -1 -3 -3 -1 -2 -2  4  0  0 -1 -2 -1    3   3   6   9   3   3   7  13   2   2   3   4   1   2  21   8   5   1   1   5  0.30 0.21
  184 V    0 -1  0  2 -1 -1  0  1 -1 -1 -1  1 -1 -2  2  0  0 -1 -2  0    6   3   4  12   2   3   6  12   1   3   6   7   1   2  11   7   5   1   2   6  0.11 0.09
  185 K   -1  0  0  0  2  0  0 -1  2  0 -1  0  2  1  0 -1  0  4  1 -1    5   5   5   5   5   5   5   5   5   5   5   5   5   5   5   5   5   5   5   5  0.09 0.08
  186 E   -1  0  0  1  2  0  0  1  1 -1 -1  1 -3  0  1  0 -1 -4  1 -1    4   5   4   9   4   4   6   9   3   4   8   8   0   5   7   7   4   0   4   4  0.07 0.08
  187 P    0  0  0  0  2  0  0  0  1  0 -1  0 -1  0  1  0  0 -2  1  0    6   6   5   6   5   5   6   6   5   6   6   6   0   5   6   6   6   0   5   6  0.03 0.06
  188 G   -1 -1  0  1  1 -1  0  2  1 -1 -2  0  0  1  0 -1  0  2  1 -1    5   3   5   7   3   3   5  16   3   4   4   6   3   6   5   5   6   3   4   4  0.10 0.09
  189 K   -1  0  0  1  0  1  0  1  1 -1 -1  1  0 -1  1  0  0 -3  0 -1    5   5   5   7   3   6   6  10   4   3   4  10   3   3   7   8   5   0   3   4  0.07 0.08
  190 T   -1  0  0  1  1  0  0  1  1 -1 -2  1  0 -3  1  0  1  2 -3 -1    5   4   5   9   3   4   5  12   4   3   4   8   4   0   6   8  11   3   0   3  0.11 0.14
  191 P   -1 -1  0  1 -4 -1  1  1  0 -3 -2  1  0  0  4 -1  0 -4  0 -1    4   3   5   8   0   2   8  11   3   0   3   8   2   5  20   5   5   0   3   4  0.26 0.23
  192 N    0 -1  1  2  0  0  0  1  1 -2 -2  0 -2  0  1  1 -1 -3  0 -1    9   3   6  15   2   3   5  12   4   2   3   5   0   4   6  10   3   0   3   5  0.12 0.13
  193 D   -1  0  0  0  2  0  0 -1  2  0 -1  0  2  1  0 -1  0  4  1 -1    5   5   5   5   5   5   5   5   5   5   5   5   5   5   5   5   5   5   5   5  0.09 0.08
  194 G    0 -1  0  1  2  0  0  2  1 -1 -1  0  0 -1  1  0 -1 -3  0 -1    6   3   5   9   6   4   5  15   3   5   4   5   3   3   8   7   4   0   4   4  0.09 0.10
  195 D    0 -1  1  2  1  0  0  0  1 -1 -2  0 -2  0  1  1  0 -3  0 -1    6   3   5  15   3   4   6   7   3   4   4   6   0   4   6  11   5   0   4   5  0.09 0.12
  196 D    0  0  0  0  2  0  0 -1  1  0 -1  0  1  0  0  0  0 -2  1  0    5   5   5   5   5   5   5   5   5   5   5   5   5   5   5   5   5   0   5   5  0.03 0.05
  197 A   -1  0  0  0  1  0  0  1  2 -1 -2  0  0  0  1  1  0 -4  0  0    6   4   4   6   3   4   7  11   4   4   4   4   3   3   7   9   6   0   3   6  0.06 0.07
  198 S   -1  0  0  0  2  0  0 -1  2  0 -1  0  2  1  0 -1  0  4  1 -1    5   5   5   5   5   5   5   5   5   5   5   5   5   5   5   5   5   5   5   5  0.09 0.08
  199 N   -1  0  0  0  2  0  0 -1  2  0 -1  0  2  1  0 -1  0  4  1 -1    5   5   5   5   5   5   5   5   5   5   5   5   5   5   5   5   5   5   5   5  0.09 0.08
  200 G    0  0  0  0 -3  0  0  1  1 -1 -1  0 -2  0  0  1  0 -3  0 -1    6   4   5   6   0   5   5  14   5   4   4   7   0   4   5  10   5   0   4   6  0.07 0.09
  201 N   -1  0  0  0 -3  0  0 -1  2  0 -1  0  1  0  0  0  0  3  1  0    5   5   5   5   0   5   5   5   5   5   5   5   5   5   5   5   5   5   5   5  0.06 0.08
  202 P   -1  0  0  0 -3  0  0  1  1 -1 -1  0  0  0  1  1  0 -3  0 -1    4   4   3   4   0   4   5  12   5   4   5   6   3   4   7  14   7   0   3   5  0.08 0.11
  203 S   -1 -1 -1 -1 -4 -1 -2  4  2 -1 -2 -2 -1  0 -1  2 -1  1 -1 -1    4   3   3   2   0   2   2  29   5   3   4   3   2   5   3  17   4   2   2   4  0.33 0.30
  204 W   -2  0 -2 -3 -1 -2 -2  1  0  1  2 -2  1  0 -2 -1 -1  7 -1  0    2   5   2   2   1   2   3  10   2   9  18   2   4   3   2   5   4  16   2   5  0.41 0.31
  205 G   -2 -1  0 -2 -1 -4 -4  5  1 -2 -3 -2 -5  0 -2  3 -1  1 -5 -3    3   4   4   2   2   0   0  36   3   3   3   2   0   4   2  24   4   2   0   2  0.66 0.48
  206 W    0  0 -2 -3  2 -2 -2  0  2  0  0  0  1  1  1  0  0  4  1  0    6   6   0   0   6   0   0   6   6   6   6   6   6   6   6   6   6   6   6   6  0.10 0.14
  207 F   -1  0 -1 -3 -3  0 -2  2  0  1  0 -1  1  3 -3 -1 -1  3  1  0    4   5   3   0   0   4   0  19   3   8   6   3   4  18   0   4   4   4   4   6  0.18 0.19
  208 T    0  0 -2  0  2  0 -2 -1  2  0 -1  0  1  1  0  0  0  3  1  0    6   6   0   6   5   5   0   6   5   6   6   6   5   5   6   6   6   5   5   6  0.07 0.13
  209 W   -1  0  0  0  2  0 -2 -1  2  0 -1  0  1  1  0  0  0  3  1  0    5   5   5   5   5   5   0   5   5   5   5   5   5   5   5   5   5   5   5   5  0.06 0.11
  210 L    0 -3 -2 -3  3 -2 -2  0  2  0  0 -2  2  1  1  0  0  4  2  0    7   0   0   0   7   0   0   7   7   7   7   0   7   7   7   7   7   7   7   7  0.16 0.16
  211 F    0 -3 -2 -1  2 -2 -2 -1  0  2  1 -2  1  3 -3  0  0  2  1  0    6   0   0   4   5   0   0   4   3  16  14   0   4  14   0  12   4   3   4   5  0.14 0.16
  212 I    0 -1 -3 -3  1 -2 -3 -2  1  3  1 -2  1  0 -3  0  1  2  0  1    6   2   0   0   3   0   0   3   4  27  14   2   4   4   0   7   9   3   4   8  0.19 0.20
  213 I   -1 -1 -3 -4  1 -3 -3 -2 -3  3  1 -3  1  1 -3  0  1  3  1  1    4   3   0   0   4   0   0   3   0  27  14   0   3   7   0   7   8   4   5  11  0.26 0.22
  214 I    0 -3 -3 -3  1 -2 -3 -1 -2  1  1 -2  1  3  0 -1  0  2  1  1    9   0   0   0   4   0   0   5   0  12  16   0   5  15   4   5   6   4   4   8  0.15 0.12
  215 V    0 -3 -3 -3  2 -3 -3  0 -3  1  1 -3  1  3 -3  0  0  3  0  1    6   0   0   0   5   0   0   7   0  11  17   0   5  20   0   7   5   4   0  11  0.21 0.16
  216 L    0 -2 -2 -3  3 -2 -2  0 -2  1  0 -2  2  1  1  0  1 -2  2  1    8   0   0   0   8   0   0   8   0   8   8   0   8   8   8   8   8   0   8   8  0.11 0.12
  217 G    0 -3 -2 -3  1 -2 -3  2 -2  1  1 -2  1  2 -1 -1  0  2  0  1   10   0   0   0   4   0   0  16   0   7  19   0   3  11   3   4   5   3   3   9  0.13 0.13
  218 V    0 -3 -1 -3  1 -2 -3 -1 -2  1  1 -2  1  3 -1  0  0  1  0  1   10   0   3   0   3   0   0   5   0   9  16   0   3  16   3   8   6   2   2  12  0.13 0.13
  219 A    1 -1 -2 -3  1 -1 -2  1  0  1  1 -2  1  1 -1  0  0 -3 -1  1   19   4   0   0   3   3   0  11   2   6  13   0   3   7   3   6   4   0   0  13  0.08 0.12
  220 V    1  0 -2 -3  0 -1 -2  0  0  2  1 -1  0  0 -2  0  0 -3 -1  2   18   5   0   0   2   3   0   6   3  13  12   4   2   3   0   6   5   0   2  15  0.09 0.12
  221 Y   -3 -2 -4 -5 -5 -4 -4 -2  0 -2 -1 -4 -3  2 -3 -3 -1  1  8 -2    2   2   0   0   0   0   0   3   1   2   4   0   0   7   2   2   3   1  68   2  1.61 0.69
  222 I   -1 -3 -2 -4  0 -3 -3 -3 -3  2  3 -3  1  4 -2 -1 -1 -2  0  1    3   0   1   0   2   0   0   2   0   9  33   0   4  24   1   6   2   0   1  10  0.40 0.26
  223 I    1 -3 -1 -3  0 -3 -3  1 -3  3  1 -3  0  0 -3 -1  0 -3 -1  2   11   0   2   0   2   0   0  11   0  28  12   0   2   4   0   5   4   0   1  17  0.23 0.19
  224 G    0 -2 -3 -3  1 -3 -3  2 -1  2  1 -3  0  2 -3 -1 -1 -2  1  1    7   2   0   0   3   0   0  20   1  15  13   0   1  13   0   4   2   0   5  12  0.19 0.17
  225 N    0  0 -1 -3 -4 -2 -3  6 -2 -2 -2 -2 -2 -2 -2 -1 -1 -4 -2 -2    6   5   2   0   0   1   0  62   1   3   3   2   1   1   1   3   4   0   1   3  0.85 0.42
  226 A    2 -1 -2 -3  0 -2 -2 -2 -2  2  0 -1  1  0 -2  1  1 -1  0  1   20   4   0   0   2   1   0   2   0  13   8   2   5   3   1  14   7   1   4  11  0.12 0.16
  227 W    0 -2 -3 -4 -1 -3 -3 -1 -2  1  2 -3  0  1 -2 -1 -1  6  4  1    8   1   1   0   2   0   0   4   0   8  20   1   2   6   2   4   2  14  15   8  0.41 0.26
  228 I   -1 -2 -2 -3 -3 -3 -3 -4  2  1  1 -3  0  3 -2 -1 -2  1  6  1    4   1   1   1   0   1   1   1   5   8  14   1   2  10   2   3   1   1  31  10  0.49 0.32
  229 N   -2  2  6 -1 -1  1 -2 -3 -2 -4 -1  0  1 -2 -4 -1 -1 -5 -2 -3    3  14  43   2   1   7   1   1   0   0   7   6   5   2   0   3   4   0   1   2  0.67 0.43
  230 Y   -1  2 -2 -4 -2 -1 -3 -3  3 -1 -1  2 -1  2 -4 -2  0  1  5 -1    4  13   1   0   1   1   0   1   8   2   6  12   1   7   0   2   6   2  28   3  0.50 0.34
  231 D   -1  1  1 -2  0  0 -2 -1  1 -1 -1  1 -1  3 -2  0  1 -1  2 -1    2   9   9   1   2   4   1   4   3   4   4   8   2  18   1   8  11   0   6   2  0.16 0.18
  232 R   -1  4 -1 -3 -2  1 -2 -3  0  0 -1  1 -1  1 -4  0  0 -2  0  2    5  27   2   1   1   7   1   1   2   4   4   6   2   5   0   5   6   0   3  17  0.28 0.26
  233 Y   -2  3 -1 -3 -4 -1 -2 -3  1 -1  1  0  1  2 -4 -1 -2 -2  5 -2    2  20   3   1   0   2   2   2   3   3  15   5   4   8   0   4   1   0  23   2  0.48 0.33
  234 G   -2  0  1 -1 -6  1 -1  5  3 -4 -4  1 -5 -3 -4 -2 -3  0 -3 -5    2   6   5   3   0   7   4  49   7   1   1   7   0   1   1   1   1   1   1   0  0.86 0.49
  235 N    4  0  0 -1 -3  0  0 -2 -2 -1 -1  0 -1 -3 -3  1  0 -1 -2 -1   39   5   4   3   0   3   5   2   1   4   6   7   1   1   1  10   4   1   1   3  0.32 0.29
  236 A   -1  5 -2 -3 -5  0  1 -3  0 -2 -2  0 -3  0 -2  1  2 -5 -3 -1    4  32   1   1   0   4   8   2   3   2   4   3   0   5   1  11  15   0   0   5  0.45 0.36
  237 G   -3 -1 -1 -4 -4 -4 -3  6  1 -3 -4 -4 -4 -1 -2 -1 -4 -6 -2 -5    2   3   3   1   0   0   1  69   3   2   2   1   0   3   3   5   1   0   1   0  1.37 0.67
  238 V   -1  0 -3 -2 -3 -2  0 -4 -1  2  1  0  1  1 -1 -1  0  6  0  1    4   5   1   2   0   1   6   1   1  13  12   7   3   5   3   3   6  14   3  11  0.30 0.23
  239 D   -2  0  0  5 -6 -2  5 -4 -1 -4 -5 -2 -5  0 -2 -3 -1 -6 -1 -6    2   5   3  35   0   1  35   1   1   1   1   2   0   4   2   1   3   0   2   0  1.04 0.59
  240 L    0 -1 -2 -4 -4  2 -2 -3 -3  1  3 -3  4  2 -2 -1 -1 -2 -3  1    8   4   1   0   0  10   2   2   0   8  26   0  13   8   2   4   3   0   0  10  0.33 0.29
  241 L   -2 -2 -4 -5 -2 -5 -1 -6 -5  5  3 -5  0  1 -3 -4 -2 -3 -2  2    4   2   1   0   1   0   4   0   0  39  24   0   1   5   1   1   2   0   1  13  0.79 0.45
  242 P   -2 -3 -6  0 -7 -3  0 -4 -6 -6 -5 -3 -6 -7  8 -3 -5 -8 -5 -5    3   2   0   6   0   1   7   2   0   0   1   1   0   0  75   2   0   0   0   1  2.19 0.98
  243 H   -3 -1  6 -3 -6  0 -4 -4  8 -6 -2 -3 -5  1 -6 -1 -1 -6 -2 -6    3   4  34   1   0   4   0   1  33   0   4   1   0   7   0   5   3   0   1   0  1.38 0.71
  244 A    0  2 -2 -4 -4 -2 -2 -1  1  1  0  1 -1  0 -3  1 -1  1  3  1    7  16   1   0   0   1   1   5   4   8  10   7   1   3   0  10   2   2  13   9  0.19 0.21
  245 D   -1 -1  0  5 -5  1  3 -2 -1 -2 -4 -1 -4 -5 -3  1  1 -6 -3 -4    4   2   3  31   0   6  21   2   2   2   1   3   0   0   1  11   8   0   1   1  0.63 0.43
  246 S   -2 -4 -3 -6 -5 -5 -5 -5 -2 -2  0 -4  1  8 -6  1  2 -4 -1 -3    3   1   1   0   0   0   0   1   1   2   9   1   3  55   0  10  11   0   1   2  1.31 0.68
  247 L   -3 -7 -8 -8 -6 -6 -6 -7 -7  2  1 -7 -1  0 -5 -7 -4 11 -3  0    3   0   0   0   0   0   0   0   0  10  13   0   1   3   1   0   1  60   0   6  2.69 1.06
  248 R    0  4 -2 -2 -2  0 -2 -2 -2 -1 -1  2  0 -2 -4  1  1 -3 -3  0    8  30   0   1   1   3   2   2   1   3   5  11   3   2   0   9   9   0   1   8  0.37 0.31
  249 D    0 -1  1  4 -3 -1  3  0 -3 -5 -3 -2 -3 -5 -1  3 -2 -6 -3 -4    7   2   6  25   0   2  19   8   0   0   2   1   0   0   2  21   2   0   1   1  0.58 0.41
  250 V   -2 -3 -6 -6 -1 -5 -5 -4 -3  2  4 -5  1  3 -5 -4 -2 -4 -2  2    4   1   0   0   1   0   0   2   1  12  47   0   3  13   0   1   2   0   1  13  0.80 0.44
  251 P   -1 -6 -5 -6 -6 -3 -5 -2 -6 -3 -3 -2 -6  0  8 -3 -5 -1 -3 -2    4   0   0   0   0   1   0   3   0   2   3   2   0   5  71   2   0   1   1   3  1.96 0.87
  252 Y   -1  0 -1  0 -3  1 -1  3  2 -3 -2 -2 -2  1 -4  1 -2 -1  5 -3    6   4   3   4   0   6   4  21   4   1   3   1   1   6   0  11   2   0  22   1  0.40 0.32
  253 L   -4 -1 -3 -5 -2 -3 -4 -5 -1 -1  5 -3  1  4 -5 -3 -3  1  1 -2    1   3   2   0   1   1   1   1   2   3  53   2   3  17   0   2   1   2   5   2  0.82 0.47
  254 I    0 -5 -5 -5  2 -4 -5 -4 -5  4  1 -5  1  2 -3 -1 -1 -5 -3  4    9   0   0   0   4   1   0   1   0  24  14   0   3   8   1   4   3   0   0  29  0.63 0.38
  255 R   -2  4 -2 -4 -4  2 -3 -2 -2 -2 -3  5 -1 -4 -2  0 -3 -3 -3 -1    3  22   2   0   0   9   0   3   1   3   2  42   2   0   2   6   1   0   1   4  0.84 0.52
  256 D   -4 -4 -1  7 -7 -3  3 -4 -3 -5 -6 -4 -6 -7 -4  1 -2 -3 -6 -6    1   0   2  64   0   0  17   1   0   1   0   0   0   0   0   9   3   0   0   0  1.70 0.80
  257 L   -2 -5 -4 -5  0 -3 -5  4 -4  1  1 -3  2  3 -5 -3 -2  4 -1  1    2   0   0   0   2   1   0  30   0   6  15   1   6  15   0   1   1   7   2  11  0.60 0.37
  258 I    1 -4 -4 -5  1 -4 -4  0 -4  2  0 -4  1  4 -4 -2  0  1  0  3   12   0   0   0   4   0   0   7   0  14   5   0   3  22   0   2   6   2   2  20  0.47 0.33
  259 A    0  3  0 -1 -1  0 -1  0 -1  0 -1  1  1 -1 -2  1  0 -3 -1  0    6  21   5   2   2   2   3   7   1   6   6   8   4   2   1  14   5   0   2   6  0.13 0.15
  260 K   -2  2 -2 -2 -2  0 -1 -2  4  0 -3  3 -2  4 -4  0 -2 -2  2 -3    2  12   1   2   1   4   4   2   9   5   1  18   0  21   1   7   1   0   7   0  0.45 0.33
  261 V    0 -4 -3 -5  1 -3 -4 -3 -4  3  2 -3  1  0 -4 -1  1 -2 -3  4    6   1   1   0   3   1   0   1   0  18  22   1   3   3   0   4   8   1   0  28  0.49 0.32
  262 V   -1 -1 -4 -3  2 -2 -3 -3 -2  2  1  0  1  3 -3 -2  0  4  1  2    5   3   0   1   5   1   0   2   1  10  13   6   4  14   0   2   5   5   5  16  0.27 0.21
  263 G    0  2  3  1 -4  0 -1  3 -1 -4 -4 -1 -4 -3 -3  2  0 -2 -3 -3    8  10  13   8   0   4   4  20   1   1   1   3   0   1   1  20   4   0   0   1  0.38 0.29
  264 T   -1  3  0 -3  1 -1 -2  1 -3 -3 -2  2 -2 -3 -1  2  3 -1 -3 -2    3  19   3   0   4   2   1  10   0   1   4  13   1   1   2  14  18   1   0   3  0.36 0.31
  265 F   -2 -2 -1 -3  5 -3 -3  0 -3  2  1 -3 -1  4 -4 -2 -2 -1 -2  2    3   2   3   1  13   1   1   7   0  14  11   1   1  18   1   3   1   1   1  18  0.44 0.28
  266 T   -2  4 -1 -3 -1  2 -2  2 -2 -3 -4  1 -1 -3 -2  3  2 -5 -2 -2    2  21   3   1   2   8   1  13   1   1   1   8   1   1   1  21  11   0   1   3  0.41 0.33
  267 G   -1  2  1 -3 -1 -2 -2  5 -3 -3 -4 -2 -4 -5  0  2  0 -5 -5 -3    4  13   6   1   1   1   2  40   0   1   1   1   0   0   6  15   5   0   0   2  0.69 0.42
  268 S   -1  3  0 -2 -1 -1 -2  2  0 -4 -4  1 -4 -4  0  3  0 -5 -2 -3    5  16   5   2   1   2   1  18   2   1   1   7   0   0   6  28   4   0   1   1  0.44 0.34
  269 S   -1  2  1 -1 -4  0 -2  2  1 -4 -4 -1 -4 -1 -1  4  0 -3 -2 -4    5  11   7   3   0   5   2  13   4   1   1   3   0   3   3  33   6   0   1   1  0.43 0.35
  270 R   -3  7 -1 -2 -6 -1 -2 -3 -2 -5 -5 -1 -3 -6 -4  0 -2 -2 -1 -6    2  70   3   2   0   2   2   2   1   1   0   2   0   0   1   6   3   1   2   0  1.61 0.74
  271 T    0  0 -1 -1 -5 -1 -3  5 -2 -5 -5 -2 -4 -5 -1  1  0 -5 -3 -3    6   5   3   3   0   2   2  52   1   0   1   2   0   0   3  11   6   0   1   1  0.85 0.45
  272 G   -2 -3 -2 -2 -6 -2 -1  6 -5 -6 -6 -3 -6 -6 -2  1 -3 -6 -5 -5    2   2   2   2   0   2   4  70   0   0   1   1   0   0   2  11   1   0   0   1  1.47 0.67
  273 Y   -7 -7 -7 -8 -7 -6 -7 -8  0 -6 -6 -7 -6  0 -8 -7 -7 -3 10 -6    0   0   0   0   0   0   0   0   2   0   0   0   0   2   0   0   0   0  96   0  3.53 1.26
  274 S    0 -1 -1 -1 -4  1  2 -3  0 -1 -4 -2 -4 -3 -4  5  1 -5 -4 -1    8   3   1   2   0   7  12   1   2   4   0   1   0   1   0  44  10   0   0   4  0.59 0.43
  275 A    5  0 -2 -4 -4  2 -1 -1 -3 -4 -4 -2 -4 -5  2  2 -1 -5 -4 -2   46   5   1   0   0   9   3   3   0   0   1   1   0   0  10  17   2   0   0   2  0.70 0.46
  276 V   -4 -6 -6 -7 -4 -6 -6 -7 -7  4  0 -6 -2 -4 -6 -5 -4 -6 -5  7    0   0   0   0   0   0   0   0   0  18   5   0   0   0   0   0   0   0   0  77  1.76 0.72

                      K         Lambda
Standard Ungapped    0.1361     0.3145
Standard Gapped      0.0410     0.2670
PSI Ungapped         0.1145     0.3168
PSI Gapped           0.0351     0.2670
