
Last position-specific scoring matrix computed, weighted observed percentages rounded down, information per position, and relative weight of gapless real matches to pseudocounts
           A  R  N  D  C  Q  E  G  H  I  L  K  M  F  P  S  T  W  Y  V   A   R   N   D   C   Q   E   G   H   I   L   K   M   F   P   S   T   W   Y   V
    1 M   -3 -4 -4 -5 -3 -3 -4 -5 -4 -1  1 -4  9 -2 -5 -4 -3 -4 -3  0    0   0   0   0   0   0   0   0   0   0   8   0  87   0   0   0   0   0   0   5  1.85 0.48
    2 S    1 -3  2 -2 -3 -2  0 -3 -3 -5 -5 -3 -1 -5 -3  6  0 -5 -4 -4   11   0  12   0   0   0   5   0   0   0   0   0   2   0   0  68   3   0   0   0  1.05 0.53
    3 A    1 -2 -1  1 -3  1  2 -1  0 -1 -3 -2 -2 -4  0  2  3 -4 -3 -1   12   0   1   8   0   7  14   4   2   4   0   0   0   0   4  19  22   0   0   4  0.31 0.25
    4 Q    1  0  1  0 -3  3  0 -2 -2 -2 -2  2 -1 -4  2  1  0 -4 -3 -2   12   2   8   3   0  18   4   2   0   2   4  17   1   0   9  11   3   0   0   2  0.29 0.23
    5 E    0 -2  2  2 -4  3  3 -3 -2 -2 -4  1 -3 -5 -1  0  0 -5 -4 -1    6   0  13  10   0  18  25   1   0   2   0   8   0   0   2   6   4   0   0   5  0.48 0.33
    6 E    0 -3  2  2 -5  0  5 -2 -3 -5 -4  0 -4 -5  2  0  0 -5 -4 -4    6   0  11  10   0   1  42   2   0   0   1   4   0   0  12   7   5   0   0   0  0.73 0.44
    7 R    0  1 -1  2 -4  2  2 -1 -2 -1 -3  0 -3 -4  3  1  0 -4 -4 -1    5   8   2  11   0   9  13   5   0   5   0   3   0   0  18   9   5   0   0   5  0.33 0.25
    8 I   -1 -3  0  0 -3 -3 -1 -4 -3  4  1 -1 -1 -3 -3  1  1  1 -3  2    4   0   5   5   0   0   3   0   0  32  10   4   1   0   0  11  11   2   0  11  0.33 0.28
    9 P   -2 -3  1  1 -5 -1  1 -3 -4 -1 -3  2 -4 -5  6 -1 -1 -6 -5 -3    2   0   7   7   0   2   8   1   0   4   3  11   0   0  46   3   3   0   0   1  1.02 0.53
   10 E   -1 -2 -2  5 -5  0  4 -3 -3 -5 -4 -1 -5 -6 -2  2 -1 -6 -5 -5    4   2   0  37   0   4  29   1   0   0   2   2   0   0   1  16   3   0   0   0  0.93 0.55
   11 D   -2 -2  1  3 -4  1  3  0 -3 -3 -3 -1  2 -3 -2  2  1 -5 -4 -4    2   2   6  17   0   5  18   7   0   1   2   4   6   1   1  20   9   0   0   0  0.41 0.34
   12 D    0 -1  1  3 -4  1  1 -2  0 -3 -2 -1 -2 -4  1  2  1 -5 -3 -2    8   3   5  20   0   6  11   2   2   1   3   1   0   0   7  15  11   0   1   2  0.32 0.27
   13 D    0 -2  2  4 -4  0  1 -2  3 -4 -3  0 -2 -4  1  1  1 -5 -3 -1    9   0   9  23   0   3   7   1   7   0   3   6   1   0   6  12   9   0   0   4  0.36 0.29
   14 T    1  0  2  0 -3  0  2 -1  1 -1 -2  0 -3 -4  2  1  2 -4 -3 -2   10   3   9   4   0   4  14   5   5   4   2   3   0   0   9  13  12   0   0   2  0.22 0.21
   15 T    2 -3 -1  0 -4  1  1  0 -3 -2 -2  0 -3 -3  4  1  1 -5 -4 -1   17   0   3   4   0   6  11   8   0   1   4   5   0   1  21   9   7   0   0   4  0.35 0.28
   16 E   -2 -1  0  4 -5  1  4 -2  0 -2 -3  1 -2 -4  0  0  0 -5 -2 -3    1   2   4  22   0   6  26   3   2   3   2  10   1   0   4   6   5   0   2   1  0.48 0.35
   17 A    0  0 -1  0 -2  0  0 -1 -1  0  1 -1  0 -2  1  2  1 -3 -3  0    4   5   3   5   1   4   8   5   1   5  16   3   2   1   6  19   7   0   0   7  0.09 0.14
   18 P   -2 -2 -4  1 -5  0 -1 -1 -4 -4 -4  3 -5 -2  6  0 -4 -6 -5 -5    3   1   0   8   0   4   3   4   0   1   1  16   0   3  48   6   0   0   0   0  1.17 0.63
   19 L    0 -2  0 -1 -1  0  0 -3 -1  1  2 -1  1 -1 -1  0  0 -3 -1  1    6   1   5   4   1   4   5   1   1   9  26   2   4   1   2   6   7   0   2  12  0.12 0.15
   20 T   -1 -3  1 -1 -4 -3  1 -3 -4 -3 -4 -2 -1 -5  4  3  4 -5 -2 -2    4   1   5   2   0   0   8   1   0   1   0   2   2   0  18  19  33   0   1   2  0.68 0.49
   21 M   -1 -1 -2 -2 -4 -1  0 -2 -4 -1  2 -2  6 -2 -2  1  1 -4 -3  0    3   2   1   2   0   3   8   3   0   1  24   1  25   1   2   9   9   0   0   5  0.44 0.38
   22 A    2 -2  0 -2 -4 -1  1 -1 -1 -3 -3 -1 -3 -4  0  4  1  1 -4 -2   17   1   3   2   0   2   9   4   2   1   2   4   0   0   4  35  10   2   0   2  0.46 0.40
   23 A    3 -3  0 -1 -3  1  0 -1 -2 -1 -3 -3 -3 -3  0  2  3 -4 -4 -2   29   0   4   3   0   5   5   3   1   3   2   0   0   1   5  16  20   0   0   2  0.42 0.37
   24 S   -1 -3  1 -2 -4  1  0 -2 -2 -4 -4 -1 -4 -5 -2  5  0 -5 -2 -2    4   1   6   1   0   7   6   3   1   1   1   2   0   0   2  55   6   0   1   3  0.82 0.57
   25 V    0 -1 -1 -2 -1  0  0 -2 -2  1  0 -1  1 -2  2  0  1 -3 -1  2    8   2   3   1   1   3   7   3   1  10   9   3   3   1  10   7  10   0   1  17  0.12 0.14
   26 V    0 -2 -2  0 -3  0  1 -2 -2  2  0 -1  3 -2  0  0  1 -3 -2  2    6   0   1   4   0   5   9   2   1  16   5   4   9   1   4   5   8   0   1  18  0.16 0.19
   27 L   -1 -1  0 -2 -3  0 -1 -2 -3  1  4 -1 -1 -1 -1 -1  1 -3 -2  0    4   2   5   3   0   5   3   3   0   7  41   5   0   2   2   3   8   0   1   5  0.26 0.25
   28 T    0 -1  0  1 -3 -1  1 -1  0 -2 -2  1  0 -4  1  1  3 -4 -2 -1    9   2   3   8   0   2   9   3   2   2   4   8   2   0   7  11  24   0   1   4  0.24 0.24
   29 N   -1  0  3  2 -4  2  1 -1  1 -4 -3  1 -3 -3  1  1  0 -4 -3 -3    5   5  17   9   0   8   9   4   4   0   1   9   0   1   8  13   4   0   0   1  0.33 0.27
   30 L   -2 -3 -2 -2 -1 -1 -1 -2 -4  2  4 -2  0 -2 -1 -1  1 -4 -2  0    3   1   1   2   1   3   4   3   0  10  44   3   1   0   3   4   8   0   1   7  0.36 0.30
   31 P   -3 -3 -2 -1 -5  0 -1 -1 -1 -4 -4 -2 -5 -6  7  1 -2 -6 -5 -4    2   2   2   3   0   4   4   5   1   1   1   2   0   0  59  12   2   0   0   1  1.48 0.74
   32 R    0  2 -1 -1 -2  1  1 -1  0 -2 -2  2 -3 -4  3  1  0 -1 -3 -2    7  14   2   3   1   7   9   3   2   2   3  11   0   0  13  13   6   1   0   3  0.26 0.23
   33 D   -1 -2  1  5 -5  1  3 -2 -1 -4 -3 -1 -4 -5 -1  1  1 -5 -4 -3    3   2   6  29   0   5  21   2   1   1   2   4   0   0   3  10   7   0   0   2  0.58 0.40
   34 A    3 -1 -3 -2 -1  1 -1  0 -3 -1 -2 -2 -3 -4  0  2  2 -4 -4 -1   31   3   0   2   1   8   4   6   0   3   3   1   0   0   4  15  14   0   0   5  0.37 0.34
   35 S   -1  0  0  0 -1  0  0 -1  2 -1 -1  1 -2 -2  0  2  2 -4 -1 -1    4   4   5   4   1   5   5   3   6   3   5   9   0   1   5  17  18   0   1   4  0.17 0.20
   36 K    1  0  0  0 -3  2  0 -1  0 -2 -2  2 -1 -3  2  1  1 -4 -2 -2   11   5   4   5   0  11   6   3   2   1   3  12   2   1  12   9  10   0   1   2  0.22 0.21
   37 A    4 -1 -1 -2 -3 -1  0 -1 -3 -2 -2 -1  0 -4 -2  1  0  0 -2 -1   40   3   3   2   0   3   7   5   0   2   3   4   3   0   2  11   5   2   1   4  0.36 0.33
   38 L   -1 -2 -2 -1 -3  0 -1 -2  0  0  3 -1  2 -1 -1  0  0 -3 -3  0    5   1   1   4   0   4   3   3   2   5  40   3   5   1   3   6   7   0   0   7  0.27 0.25
   39 E    2  0  0  2 -4  2  3 -2  0 -3 -3  0 -4 -5  0  1 -1 -5 -4 -3   18   4   3  11   0  10  24   2   2   1   2   4   0   0   4  11   3   0   0   1  0.41 0.34
   40 T    0 -1  1  0 -3  1  1 -2  1 -2 -2  0 -1 -4  1  2  2 -4 -2 -1    8   2   6   5   0   5  11   3   4   2   4   7   2   0   6  16  15   0   1   3  0.20 0.22
   41 A    2 -1 -1 -1 -1  0  1 -1 -1  0 -1  0 -2  0  1  1  0  0  2  0   20   2   2   3   1   3   9   3   1   6   4   4   0   3   7   9   7   1   8   5  0.11 0.15
   42 G    0  0  0  0 -3  0  0  2  1 -2 -2  2 -2 -1  2  1  0 -3 -1 -2    7   4   3   5   0   3   7  15   3   2   3  15   1   3   9  12   4   0   2   2  0.18 0.18
   43 S    0  0  0  0 -3  1  1  0  0 -2 -2  2 -1 -3  1  2  0 -4 -2 -2    9   4   4   6   0   6  11   7   2   2   3  13   2   0   6  15   4   0   2   3  0.16 0.17
   44 L    0  0  0  0 -1  0  0 -1 -2  0  0  1  0  1  2  0  0 -3 -1 -1    5   5   4   5   1   4   4   5   0   4  10  14   3   7   9   6   7   0   1   4  0.07 0.09
   45 N    0  0  0  3  0  0  1  0  0 -2 -2  0 -1 -3  2  0  0 -4 -1 -2    9   5   4  19   2   3   8   8   3   2   2   6   2   0   9   7   6   0   3   3  0.19 0.17
   46 V    0  1  1  0 -3  1  1  0  0 -1 -1  1  0 -1  2  1  0 -3 -2 -1    5   7   6   6   0   7   8   5   3   3   4  10   2   3   9   9   7   0   0   6  0.11 0.10
   47 Q    0  0  0  0  2  0  0 -1  0  0 -1  1 -1  0  1  1  0 -2  1  0    6   4   5   6   5   3   4   5   3   5   7   9   0   5   6  10   6   0   6   6  0.04 0.06
   48 K    0  1  1 -1 -2  1  0  0  2  0 -1  1 -1 -2  1  0  0 -3 -2  0    7   7   7   0   0   7   7   7   7   7   7   7   0   0   7   7   7   0   0   7  0.08 0.09
   49 I   -1 -3 -3 -3  1 -3 -3  0 -3  3  0 -3 -1  0 -3 -2  0 -3  0  4    4   1   0   1   4   0   1  10   0  21   5   1   0   4   1   1   4   0   4  39  0.37 0.21
   50 T   -1  1  0  1  1  0  0 -1  1  1 -1  0  0 -2  0  0  1 -3 -2  1    4  11   4  11   3   4   5   4   4   8   4   4   3   0   4   4  10   0   0  12  0.07 0.08
   51 V   -1 -2 -2 -2 -1 -2 -2 -3 -2  2  2 -2  2  2 -2 -1  1 -1  0  2    1   1   1   1   0   1   1   1   0  15  16   1  15  15   1   1  15   0   0  15  0.16 0.05
   52 R   -2  3 -1 -2  0  0  0 -3  3 -1  1  1  0 -1 -3  0  0 -1 -1 -1    2  19   3   1   2   4   6   0  10   3  20   6   2   3   0   8   5   1   2   4  0.17 0.16
   53 L   -2 -2 -4 -5  0 -4 -4 -5 -4  0  4 -1  1  5 -4 -2 -3  1 -1  0    2   2   0   0   2   0   0   0   0   5  41   6   2  30   0   3   0   2   0   4  0.71 0.37
   54 H   -1  3  0  0 -1  2 -1 -3  3 -2 -2  4  0 -1 -3 -1 -1 -4 -1 -2    5  15   5   5   1   9   2   0   9   2   4  29   3   3   0   2   2   0   1   3  0.35 0.25
   55 P    3 -3  1 -3 -4  0 -2 -2  0 -4 -4 -1 -4 -5  6  1 -1 -5 -4 -4   25   0   8   0   0   3   2   2   2   0   1   3   0   0  40   8   3   0   0   0  0.94 0.43
   56 I    0 -1  0 -1 -2 -1  0  0 -2  1  1  0  1 -1 -2  0  1 -3 -2  1    6   0   6   0   0   0  10   6   0  12  15   6   4   0   0   6  10   0   0  16  0.07 0.08
   57 G    1  1  1  1 -2 -1 -1  1 -1 -1 -2 -1 -2 -3  2  1  1 -3 -2  0   11  11  10  11   0   0   1  11   0   1   1   1   0   0  11  11  11   0   0  11  0.17 0.08
   58 S    0 -1  3  2 -4 -2 -2  2 -3 -4 -4 -3  0 -4 -3  4  1 -5 -4 -4    6   4  13  14   0   0   0  15   0   0   1   0   2   0   0  36   7   0   0   0  0.62 0.39
   59 A    4 -4 -3 -2  0 -3 -2 -2 -4  0 -1 -3  0 -4  1  0  2 -4 -4  1   47   0   0   2   2   0   2   2   0   5   5   0   2   0   6   4  13   0   0   8  0.55 0.40
   60 P   -2 -1 -2 -2 -5 -2 -4 -2 -5  0 -3 -2 -4 -5  7  0 -1 -6 -5 -4    4   3   2   2   0   2   0   3   0   5   2   2   0   0  64   6   3   0   0   0  1.59 0.71
   61 A    0  0 -1 -1  2  1 -1 -2 -1  3  0  0  0 -2  0  0  0 -3 -1  0   10   6   2   2   5   7   3   2   2  23   7   5   1   0   5   9   4   0   2   5  0.11 0.17
   62 L   -3 -3 -1 -4  0 -1 -4 -4 -4  2  4 -2  5  0 -1 -2 -1 -3  1  0    0   0   3   0   2   3   0   0   0  11  40   2  17   2   3   2   3   0   4   5  0.56 0.38
   63 T    0  2  0 -1 -4  0  0 -1  0 -1 -2  4 -1 -4 -1  1 -1 -4 -3 -1    7  11   4   2   0   4   4   5   2   4   2  33   2   0   2  10   3   0   0   4  0.32 0.28
   64 Q   -1  1  1 -1  1  3 -1 -2  0 -2 -3  2 -3 -2  2 -1  0 -4 -3 -2    5   8   7   2   4  19   2   3   3   3   2  17   0   2  12   4   6   0   0   3  0.31 0.27
   65 R    0  0  1  0  2  1  0  0 -2  0  0  0  1 -2  1  0  0 -3 -2  0    6   6   6   6   6   6   6   6   0   6   6   6   6   0   6   6   6   0   0   6  0.06 0.08
   66 V   -1  1  0 -1  0 -1 -1 -2  0 -1 -1  4  0 -1 -4 -1  0 -4 -1  2    5   6   5   3   2   2   2   3   2   3   5  31   2   3   0   4   5   0   2  15  0.28 0.27
   67 F   -1  0 -5 -6  3 -5 -5 -6  2  0 -1 -5  2  5 -6 -1 -5  8  3  0    5   5   0   0   5   0   0   0   4   4   5   0   5  25   0   5   0  19  10   6  1.09 0.52
   68 K   -1  0  0  0  2  0  0 -1  2  0 -1  0  1  0 -3  0  0  3  1  0    5   5   5   5   5   5   5   5   5   5   5   5   5   5   0   5   5   5   5   5  0.06 0.10
   69 L   -2 -5 -3 -3  0 -5 -5 -3 -5  5  0 -5  1  0 -5 -3 -2 -5 -2  5    3   0   1   2   2   0   0   2   0  31   5   0   3   3   0   2   1   0   1  41  0.90 0.48
   70 S    0 -2  1  3 -1 -1  1 -1 -1 -3 -3  0 -4 -5  1  3  1 -5 -4 -3    9   2   6  16   2   2  10   3   1   1   2   5   0   0   8  25   7   0   0   1  0.37 0.30
   71 T    2  2 -1 -2 -3  0 -1  1 -1 -3 -3  0 -1 -2  1  2  0  1 -1 -1   20  12   2   1   0   3   3  13   2   0   2   5   1   2   6  17   4   2   2   3  0.25 0.24
   72 N    0 -1  2  3 -4 -1  0 -1  1 -4 -3 -1  0 -1 -2  3  3 -4 -1 -2    6   3  11  15   0   3   5   3   3   0   2   2   3   2   1  21  17   0   2   2  0.35 0.29
   73 Q   -1  2  2  1 -1  3  0 -2  1 -2 -2  2 -1 -2 -3  0 -1  3  0 -1    3  11   9   8   1  15   6   2   4   1   3  15   2   1   0   6   2   4   3   4  0.28 0.23
   74 R   -1  1  2  0  1  1  0 -1  1 -3 -2  2 -2 -3  2  0  2 -3  0 -2    4   9  10   4   3   6   4   4   4   0   4  14   0   0   9   5  16   0   3   1  0.19 0.14
   75 F   -3 -4 -4 -4  3 -4 -4 -4 -3  3  1 -4  2  5 -4 -3 -3  4  2  2    1   0   0   0   6   0   1   1   0  19   8   0   6  32   0   1   0   6   6  12  0.72 0.31
   76 D    2 -1 -1 -1 -1  3  1  2  0 -2 -2 -1  0 -2 -1  2 -1 -4 -1 -2   17   2   2   2   1  15   7  14   2   2   3   2   3   2   2  19   1   0   2   2  0.27 0.24
   77 T    1  0 -1  0 -3  0  1 -1  0 -2 -2  1  1 -1 -3  1  1  6 -1  0   10   4   2   5   0   4   8   5   3   2   2   8   4   2   0   9   9  12   2   8  0.23 0.18
   78 I   -2 -4 -5 -5 -3 -4 -4 -5 -5  4  3 -2  1  1 -2 -4 -1 -4 -3  4    3   0   0   0   0   0   0   1   0  21  24   3   2   5   2   1   3   0   0  33  0.71 0.36
   79 V    0 -3 -2 -4 -1 -1 -2 -3  0  4  0 -2  0  0 -3  0  0 -4  0  3    7   0   2   0   1   3   2   1   3  28   8   2   2   3   1   7   6   0   3  20  0.34 0.25
   80 R    0  2  0  1 -3  2  2 -1  0 -1 -2  2 -1 -2 -2  0  0  0  0 -1    6  10   5   7   0   9  12   3   3   4   3  13   2   2   1   5   4   1   3   5  0.14 0.14
   81 F   -4 -2 -3 -5 -5  0 -3 -3  1 -1  0 -2  0  7 -5 -2 -2  3  1 -2    1   2   2   0   0   4   2   2   3   2   8   2   2  53   0   4   3   4   4   3  1.11 0.55
   82 L   -3 -4 -5 -5  2 -4 -4 -5 -5  4  4 -2  2  0 -5 -2 -3  2 -3  1    1   0   0   0   4   0   0   1   0  21  47   3   5   3   0   3   0   2   0   7  0.81 0.43
   83 R   -2  6 -1 -2  1  0 -1 -3  1 -1 -3  3 -1 -2 -4  0 -2 -4 -3 -2    3  43   2   2   3   3   2   2   3   5   2  16   1   2   0   6   2   0   0   2  0.72 0.43
   84 K   -2  3  0 -1 -1  0 -1 -2 -1 -4 -2  5 -3 -2 -3  0 -1  1 -1 -4    3  14   5   3   1   4   3   3   1   0   5  42   0   2   0   5   4   2   2   0  0.60 0.40
   85 R    0  1 -2 -3 -2  2  0 -4  0 -1  0  3  1  0 -2 -1 -2  0  3 -2    7   9   1   0   1  12   6   0   2   4  10  19   3   4   1   2   1   1  14   2  0.28 0.26
   86 L   -2 -2 -5 -5 -1 -4 -5 -4 -5  3  5 -1  2  0 -5 -3 -2 -4 -1 -1    3   2   0   0   1   0   0   2   0  14  56   4   5   3   0   2   2   0   2   3  0.80 0.45
   87 G   -1  2  1 -1 -4  1 -1  1  1 -2 -4  4 -3 -2 -3  0  0 -4 -1 -2    3  12   5   3   0   5   1  12   4   2   1  33   0   1   1   6   5   0   2   3  0.44 0.31
   88 V   -2 -1 -2 -3  3 -2 -2 -3 -1  1  3 -1  1  0 -2 -2 -1  2  1  1    3   4   2   2   6   2   2   2   1   9  36   4   4   3   2   2   3   3   5   8  0.27 0.23
   89 K    0  0  1  2 -3  2  1  0 -1 -3 -2  3 -1 -3  1  0  0 -3  0 -2    7   4   6  11   0   8   9   6   1   0   4  19   2   0   6   5   5   0   3   3  0.20 0.19
   90 E    0  0  0  1 -3  1  1  0  2 -1 -2  0  0 -3  2  0  0 -4 -3 -1    9   5   3   9   0   7  11   6   6   5   3   4   2   0  11   7   7   0   0   4  0.17 0.16
   91 H    0  0  2  1  0  0  0  1  2 -2 -1  0 -1 -3 -1  1  0 -3 -1 -1    7   5  10   8   2   4   6  11   6   2   6   5   2   0   2  11   7   0   2   3  0.11 0.11
   92 E   -1 -1  0  4 -4  2  3 -1  1 -1 -4 -1 -3 -4 -1  0  0 -5 -4 -2    5   3   3  26   0   8  22   4   3   4   1   3   0   0   3   8   5   0   0   3  0.45 0.33
   93 S    0  1  1 -1 -2  1  0  0  1 -2  0  0 -1 -2  1  2  1 -3 -2 -1    6   9   6   0   0   5   4   5   4   0  14   5   0   0   5  23   8   0   0   4  0.12 0.12
   94 V   -2 -1 -3 -4  2 -3 -3 -4 -3  2  3 -3  2  1 -3 -1 -2 -2  1  1    0   5   0   0   5   0   0   0   0   9  41   0   5   5   0   5   0   0   5  11  0.32 0.22
   95 F    0  1  1 -2 -2 -1 -2 -2  3  1  0 -1 -1  2 -3 -1 -1  5  2  0   10  10   9   0   0   0   1   1   9  10  10   1   0   9   0   1   1   9   9  10  0.18 0.12
   96 C    0 -2 -2 -2  3 -2 -2  0 -2  1  1 -2  2  1 -2  0  1 -2 -1  1   10   0   0   0   9   0   1  10   0  10  10   1   9   9   0  10  10   0   0  10  0.11 0.09
   97 Y    0 -2 -3 -3 -3  1 -2 -3  0  0  0 -2 -1  3 -3 -2 -2  0  6 -1    8   1   1   1   0   8   1   1   0   8   8   1   0  12   1   1   1   0  49   1  0.67 0.23
   98 V   -1 -3 -3 -3  2 -2 -3 -1 -3  3  1 -2  1  0 -3 -2  0 -2 -1  3    1   1   0   1   6   0   1   5   0  26  11   1   4   4   1   1   4   0   0  34  0.28 0.12
   99 G   -1  0  5  0 -3  0  0  1  2 -3 -2  0 -3 -3 -2  1 -1 -4 -2 -3    3   3  45   4   0   4   5   9   6   0   4   6   0   0   0   8   1   0   0   1  0.52 0.23
  100 S    0  0  3  0 -3  3  0  0 -1 -3 -1  0  0 -3 -2  2  0  0 -1 -2    4   2  18   4   0  20   5   6   0   0   6   4   2   0   0  20   4   2   2   1  0.26 0.16
  101 V    2 -2 -1 -2  4 -1 -1 -2 -2 -2 -2 -2 -2  0 -2  3  1 -3 -2  0   21   1   1   1  12   1   3   1   0   1   2   1   0   5   1  30   8   0   1   8  0.37 0.22
  102 F   -4 -5 -5 -5 -4 -5 -5 -5 -4  1  0 -5 -2  8 -5 -3 -4 -2  1 -1    0   0   0   0   0   0   0   0   0   6   6   0   0  78   0   2   0   0   2   4  1.81 0.55
  103 A    4 -2 -2 -3  3  1 -1 -2 -1 -1 -2 -1 -1 -3 -1  2  0 -4 -3 -1   41   0   0   0   6   8   2   1   1   3   2   3   2   0   2  20   3   0   0   4  0.42 0.25
  104 P   -3 -4  0 -4 -5 -4 -3 -4 -4 -1 -3 -3 -4 -5  8 -3 -3 -5 -5 -4    1   0   4   0   0   0   1   1   0   4   3   0   0   0  82   1   1   0   0   1  2.25 0.60
  105 G    1 -2  2 -1  0 -1 -1  0 -1 -2 -2 -1 -2 -3  1  3  1 -3  0 -1   15   1  10   1   2   2   2   7   1   1   2   1   1   0   7  29  11   0   4   3  0.26 0.18
  106 L   -2 -2 -1 -2 -4 -1 -3 -2 -3 -2  2 -3  1 -2  6 -2 -2 -4 -1 -1    3   2   3   2   0   4   0   2   0   1  19   0   4   1  50   1   2   0   2   3  1.00 0.36
  107 D   -3 -3  1  7 -5  0  0 -2 -2 -5 -5 -3 -3 -5 -4 -1 -1 -5 -5 -4    2   0   5  72   0   3   4   2   1   0   1   0   1   0   0   3   4   0   0   1  1.41 0.50
  108 E   -1 -1 -1  2  0  4  4 -3  0 -4 -4 -1 -2 -4 -3 -1  0  2  0 -3    5   1   1  12   2  22  36   0   2   0   0   0   1   0   0   2   6   3   3   2  0.63 0.33
  109 G   -1  0  0 -1  0  0  1 -1 -2  0  0  0 -1 -1 -1  1  3 -3 -1 -1    1   6   5   3   2   2   9   4   0   7   9   4   1   3   2   9  28   0   1   3  0.15 0.15
  110 V   -1 -4 -4 -4 -1 -3 -4 -4 -4  4  2 -4  2  1 -4 -2 -2 -3 -2  4    4   0   0   0   1   0   0   0   0  24  18   0   7   5   0   3   0   0   0  36  0.60 0.28
  111 G    1 -1 -2 -1 -4 -1  0  5 -2 -1 -4 -1 -3 -3 -3  0 -3 -2 -1 -3    9   3   1   4   0   3   6  52   1   4   1   2   0   1   0   8   0   1   2   1  0.69 0.31
  112 G   -1 -2  4  4 -1  1  1 -1  0 -3 -3 -2 -3 -4 -2  0  0 -5 -3 -2    4   1  27  27   1   6   8   3   2   2   1   1   0   0   1   6   7   0   1   3  0.55 0.29
  113 L   -3 -4 -5 -2  0 -4 -5 -4 -5  1  6 -4  0 -1 -5 -4 -3 -4 -3  1    0   0   0   3   2   0   0   1   0   5  74   0   1   1   0   0   1   0   0   9  1.10 0.45
  114 W   -1 -2 -2 -4 -4 -2 -4 -1  3 -2 -3 -3 -3  5 -4 -2 -2  5  7 -3    5   2   1   0   0   1   0   4   8   2   1   1   0  22   0   2   2   7  39   1  1.05 0.42
  115 S   -1  1  2  2 -3  0  2 -2 -1 -3 -4  2 -3 -4 -3  2  2 -4 -3 -3    3   5   9  14   0   4  11   2   1   0   1  13   0   0   0  18  16   0   0   1  0.38 0.23
  116 G   -2 -3  4  5  5 -2 -1  0 -3 -4 -4 -1 -4 -5 -1  0 -2 -5 -4 -2    3   1  22  32  16   1   2   8   0   1   0   2   0   0   3   5   1   0   0   3  0.77 0.37
  117 E   -2 -3  3  2 -4 -2  0  5 -1 -5 -5 -1 -4 -2 -3 -1 -2 -4 -1 -4    1   1  16  14   0   1   6  45   1   0   0   4   0   2   1   4   1   0   2   0  0.75 0.34
  118 E   -2  1 -1 -2 -2  2  2 -3  4 -1 -3  4  0 -2 -2 -1  0 -4 -1 -1    1   4   2   1   1  10  17   0  12   3   0  28   3   2   2   4   4   0   2   4  0.44 0.28
  119 L   -4 -5 -6 -6 -4 -5 -4 -7 -6 -1  6 -5 -1 -2 -4 -5 -4 -5 -4 -1    0   0   0   0   0   0   1   0   0   2  92   0   0   1   1   0   0   0   0   2  1.68 0.64
  120 V   -3 -3 -1 -2 -2 -2 -3 -5  0  4  0 -3  0 -2 -2 -3  0 -2  2  4    0   1   4   3   0   1   1   0   3  26   4   1   1   0   2   1   4   0   7  39  0.58 0.34
  121 V   -3 -5 -5 -5 -3 -4 -5 -6 -5  4  3 -5  1  1 -5 -4 -3 -4 -3  5    0   0   0   0   0   0   0   0   0  20  27   0   3   5   0   0   0   0   0  43  0.96 0.41
  122 G    0 -2  4 -2 -2  1 -2 -2  6 -3 -4 -2 -3 -2 -4  2  0 -4  2 -3    6   1  21   1   1   6   0   2  24   1   1   1   0   2   0  18   5   0   8   2  0.66 0.37
  123 Y   -5 -5 -6 -7 -6 -5 -6 -6 -2 -5 -5 -5 -5  1 -6 -5 -5 -2 10 -5    0   0   0   0   0   0   0   0   0   0   0   0   0   3   0   0   0   0  94   0  3.13 0.94
  124 A    2 -3 -3 -4  8 -4 -4 -1 -4 -5 -5 -4 -4 -5 -4  5 -1 -5 -5 -4   14   1   0   0  32   0   0   3   0   0   0   0   0   0   0  48   1   0   0   0  1.44 0.58
  125 M   -1 -1  0 -1  0 -1 -1 -2 -2  0  1  2  2  0 -2  0  2 -3 -1  0    2   2   5   2   3   2   3   3   1   4  17  15   8   3   1   5  16   0   2   8  0.11 0.14
  126 A   -1 -3  0 -2 -4  1  0 -1 -3 -2 -4 -2 -1 -5 -4  2  5 -3 -4 -1    3   1   3   1   0   7   6   4   0   2   0   1   1   0   0  19  47   0   0   4  0.72 0.42
  127 P   -1 -3  0 -3 -3  4  1 -3  1 -2 -3 -2  1 -5  5 -2 -3 -5 -2  1    5   0   4   0   0  21   9   1   4   1   1   0   4   0  34   2   0   0   1  12  0.80 0.41
  128 A    6 -5 -5 -5 -2 -4 -4 -3 -5 -4 -5 -4 -3 -5 -3 -2 -1 -6 -5  1   84   0   0   0   1   0   0   0   0   0   0   0   1   0   1   1   4   0   0   9  1.61 0.67
  129 F   -6 -7 -7 -8 -6 -6 -7 -7 -5 -5 -5 -7 -5  6 -8 -7 -6 11  4 -6    0   0   0   0   0   0   0   0   0   0   0   0   0  37   0   0   0  52  11   0  3.09 0.87
  130 G   -3 -6 -4 -5 -6 -5 -6  7 -6 -7 -7 -5 -6 -7 -6 -4 -5 -6 -7 -7    0   0   0   0   0   0   0 100   0   0   0   0   0   0   0   0   0   0   0   0  2.57 0.74

                      K         Lambda
Standard Ungapped    0.1336     0.3174
Standard Gapped      0.0410     0.2670
PSI Ungapped         0.1336     0.3175
PSI Gapped           0.0409     0.2670
