
Last position-specific scoring matrix computed, weighted observed percentages rounded down, information per position, and relative weight of gapless real matches to pseudocounts
           A  R  N  D  C  Q  E  G  H  I  L  K  M  F  P  S  T  W  Y  V   A   R   N   D   C   Q   E   G   H   I   L   K   M   F   P   S   T   W   Y   V
    1 M   -6 -6 -7 -8 -6 -5 -7 -8 -7  0 -3 -6 11 -5 -7 -6 -6 -6 -6 -4    0   0   0   0   0   0   0   0   0   4   0   0  96   0   0   0   0   0   0   0  3.69 1.33
    2 D   -3 -2  2  1 -6  3  5 -3  1 -6 -5 -1 -5 -6  0  2 -3 -6 -5 -5    1   2  12   8   0  15  36   1   4   0   1   2   0   0   5  14   0   0   0   0  0.85 0.53
    3 C   -6 -9 -8 -9 12 -9 -9 -8 -9 -7 -7 -4 -7 -8 -9 -5 -7 -8 -8 -7    0   0   0   0  98   0   0   0   0   0   0   1   0   0   0   1   0   0   0   0  4.59 1.59
    4 D    0 -2  1  3  0  0  1  2  2 -5 -4  0 -4 -4  2  1 -2 -5 -1 -5    7   2   5  20   2   5   8  14   6   0   1   4   0   1  12  11   1   0   2   0  0.42 0.32
    5 I   -1 -6  0 -6  1 -5 -6 -4 -5  6  1 -5 -2 -3 -6 -2  0 -5  0  3    4   0   6   0   3   0   0   1   0  45  11   0   0   1   0   2   5   0   4  18  0.92 0.53
    6 C   -6 -9 -9 -9 12 -9 -10 -8 -9 -7 -4 -9 -7 -8 -9 -7 -7 -8 -8 -7    0   0   0   0  98   0   0   0   0   0   2   0   0   0   0   0   0   0   0   0  4.62 1.62
    7 H   -1 -1  1 -1  0  0  3  1  5 -3 -2 -1 -1  0 -2  1 -1 -3 -2 -3    5   3   6   2   3   3  21  12  15   1   4   2   1   4   2  11   4   0   1   1  0.33 0.26
    8 R   -2  5  2 -2 -3  1 -2 -3  0 -1 -1  2 -2 -1 -2 -1  0 -3 -2 -2    2  33  10   1   0   6   2   2   2   4   6  13   1   3   1   5   7   0   1   2  0.48 0.28
    9 S    1 -1  1  1  0  0  0 -1  0 -1 -1  0 -2 -1  3  1  1 -2 -2 -1   10   3   7   7   2   4   4   5   2   3   4   5   1   2  15  11   8   0   1   4  0.16 0.11
   10 H    0 -1  0 -1  0  1 -1  0  4 -2 -1  0 -1  1  1  1 -1 -1  0 -1    7   3   5   3   2   7   3   6  14   2   7   4   1   6   7  12   3   1   3   3  0.14 0.11
   11 D   -1  1  1  1 -1  1 -1  1  4 -2 -2 -1 -2 -2  2  0  0 -2 -1 -1    4   7   7  10   1   6   3  10  11   2   3   3   1   1  11   7   6   0   1   4  0.21 0.14
   12 A    1  0 -1 -1  0 -1 -1  1  0 -1  0 -1 -1 -1  1  2  1 -2 -2  0   13   5   1   2   2   3   2   9   2   2  10   3   1   3   8  17   8   0   1   7  0.11 0.12
   13 K    0  2  0 -1 -2  2  0  0  1 -2 -2  1 -2 -2 -1  2  0 -3  0 -1    7  11   3   3   0  10   3   6   4   3   3  11   1   1   2  20   5   0   3   5  0.18 0.17
   14 R   -2  4  2  0 -2  3  0 -2 -1 -2 -2  2 -2 -3 -1 -1 -2 -3 -3 -2    3  24  11   5   1  17   6   3   1   2   3  12   1   1   2   4   2   0   1   2  0.44 0.27
   15 L   -1  4 -1 -2 -2  1 -2 -1 -1 -1  2  2 -1 -2 -2 -1 -2 -3 -2  0    4  24   2   2   1   6   1   4   2   3  22  11   1   1   2   5   2   0   1   6  0.27 0.21
   16 P    0  1 -2 -2 -4  2 -1 -1  1 -4 -4  3 -3 -4  5 -1 -2 -4 -3 -3    7   6   1   2   0  10   3   6   4   1   1  20   0   1  30   4   2   0   0   2  0.69 0.40
   17 F   -1 -3 -4 -5 -2 -3 -4 -5 -4 -1  2 -4  2  7 -2 -1 -3  1  2 -1    4   1   0   1   1   1   1   1   0   3  17   1   5  42   2   6   2   2   7   4  0.92 0.48
   18 L   -4 -5 -1 -6  1 -3 -5 -6  4  0  2 -5 -2  2 -6 -4  0  1  6  0    0   0   3   0   3   1   0   0  10   5  24   0   1   9   0   1   7   2  29   6  0.92 0.56
   19 C   -4 -9 -8 -9 12 -8 -9 -8 -3 -7 -7 -9 -7 -8 -3 -7 -7 -8 -8 -7    1   0   0   0  96   0   0   0   1   0   0   0   0   0   2   0   0   0   0   0  4.46 1.65
   20 T    3 -2 -2 -2  0 -1  1 -2 -2 -1 -3 -1 -1 -5  3  1  2 -5 -4  1   23   1   1   1   2   2   8   2   1   3   2   3   1   0  17  11  11   0   0   9  0.38 0.35
   21 V    1  0  2  0 -4 -1 -2 -2  1 -1 -3 -3 -3 -2 -2  3  3 -5 -3  1   10   5  12   6   0   3   2   2   3   3   2   0   0   1   1  23  17   0   1   9  0.35 0.35
   22 D   -6 -8 -4  2 11 -5 -7 -7 -8 -7 -7 -8 -7 -8 -8 -2 -6 -8 -8 -6    0   0   1  10  83   1   0   0   0   0   0   0   0   0   0   3   0   0   0   0  3.73 1.46
   23 A    4 -5 -5 -6 -1 -5 -4 -5 -5  2  2 -5 -2 -3 -5 -2  0 -5 -1  3   33   0   0   0   1   0   1   0   0  10  20   0   1   1   0   3   5   0   2  22  0.72 0.51
   24 R   -2  6  4 -3 -1  1 -2 -3 -1 -6 -5  1 -5 -6 -4 -1 -1 -6 -5 -4    4  46  17   1   2   7   2   2   2   0   1   7   0   0   1   5   4   0   0   1  1.11 0.68
   25 A    1 -1  4  1 -3 -1  1 -2  0 -4 -3 -1 -4 -1 -4  2  1 -5  0 -3   14   3  21   7   0   3   9   2   2   1   2   3   0   2   0  14  10   0   4   1  0.39 0.35
   26 A    0  3 -2 -2 -2  2  0 -1  3 -2 -1  0 -2 -3 -4  1  0 -4  1 -1    7  18   1   2   1  10   6   4   9   2   7   5   1   1   0  11   5   0   5   4  0.27 0.27
   27 L   -4 -5 -4 -6  1 -3 -6 -5 -6  2  5 -4  2 -2 -4 -4 -1 -5 -3  1    1   0   1   0   3   1   0   1   0   8  61   1   4   1   1   1   4   0   1  11  1.11 0.62
   28 Y   -2  3  0 -2 -5  0  0 -4  3 -2  1  0 -2  0 -4 -2 -3  4  6 -3    3  15   4   2   0   4   6   1   6   2  13   4   0   2   0   2   1   5  26   2  0.60 0.42
   29 D   -1  0  1  2 -4  2  3 -1  0 -2 -1  1 -1 -3  2  0  0 -4 -3 -4    5   4   6  13   0   8  20   4   2   3   6   7   1   1   9   5   4   0   1   0  0.29 0.26
   30 G    0 -1 -3 -2 -1 -2 -2 -1  4 -1  2  0  1  2  1 -1 -2 -1  2 -2    7   3   1   3   1   2   3   5  11   2  23   5   3   8   8   4   2   1   8   2  0.22 0.22
   31 R   -4  7  0 -5 -4  0 -2 -3 -1 -5 -3  0 -5 -6 -6 -2 -2 -2 -5 -3    1  67   4   0   0   5   2   2   2   1   3   6   0   0   0   2   2   1   0   2  1.69 0.89
   32 I    0 -2 -2 -2 -1 -1 -2 -2 -1  3  3 -2  1  0 -4 -1  0 -2  1  0   10   2   2   2   1   3   2   2   1  18  27   3   3   4   0   3   6   0   5   6  0.25 0.23
   33 E    0  0  1  1 -3  4  3 -3  2 -4 -3  1 -2 -5 -3  0 -1 -5 -4 -3    7   4   6   9   1  21  22   1   4   1   2   9   1   0   1   6   3   0   0   2  0.54 0.43
   34 N   -2 -1  2 -3  1  3 -2 -4  4  1  2 -2  0 -4 -5 -1  1 -3  0 -2    2   3  12   1   3  14   2   1  11   9  20   1   2   0   0   5  10   0   3   1  0.43 0.39
   35 V    3 -1 -2 -2 -2  2 -1 -3  0  1  1  0 -1 -3 -3  0 -1 -5 -3  0   31   3   1   2   1   8   3   1   2   8  14   6   1   1   1   6   3   0   1   5  0.31 0.31
   36 M   -1  3  0 -2 -3  3  0 -3  3 -1 -2  1  0 -3 -2  0  1 -1 -2 -2    3  18   4   2   0  16   6   1   7   4   4   8   2   1   2   8   8   1   1   2  0.35 0.32
   37 A    3 -1 -2 -2  0 -2 -2 -3 -4  1  1 -2  0 -1 -4  0  2 -3 -2  2   26   3   1   2   2   1   2   1   0   8  15   3   2   2   0   7  11   0   1  13  0.31 0.29
   38 L   -1  0 -1 -4  0  0 -1 -3 -3  0  4 -1  0 -3 -4 -1  0 -5 -4 -1    6   5   3   1   2   4   5   2   1   5  48   4   1   0   1   4   6   0   0   4  0.55 0.41
   39 I    1 -1 -1  0 -2 -1 -1 -3 -3  2  3 -2  0 -1 -4 -1  0 -2 -2  0   14   3   3   5   1   3   4   2   0  11  28   3   2   2   0   5   7   1   1   7  0.21 0.21
   40 E   -2  0 -1  3 -2  2  4 -3 -1 -3 -3  0 -3 -5 -4 -2  2 -5 -5 -4    4   6   2  18   1   7  31   2   1   2   2   5   1   0   0   3  13   0   0   1  0.69 0.49
   41 N   -2  5  3 -3 -2  1 -3 -3 -3 -3 -1  3 -1 -5 -5 -2 -1 -3 -2 -2    3  33  12   1   1   5   1   2   1   2   6  17   1   0   0   3   5   0   1   4  0.70 0.49
   42 E   -1 -1  0  4 -4  3  5 -4 -1 -4 -6 -1 -4 -5 -3 -1 -2 -6 -2 -3    4   4   4  22   0  11  33   1   1   1   1   4   0   0   1   5   3   0   1   2  0.81 0.56
   43 D    2  2 -1  1 -5  1  2 -3  0 -3 -3  3 -3 -3 -3  1  1 -5 -2 -2   16   9   3   6   0   5  12   2   2   1   2  15   0   1   1  11   9   0   1   3  0.33 0.31
   44 L    0 -2 -5 -5 -5  0 -1 -6  1  1  4 -2  0 -1 -6 -2 -1 -1 -2  1    7   3   0   1   0   5   4   0   3   8  46   2   1   2   0   3   4   1   2   9  0.63 0.44
   45 Q    1  2 -1 -1 -5  2  2  1  2 -1 -2  1 -2 -5 -3  0 -1 -3 -2  0   11  12   2   3   0  10  11   9   6   5   3   8   1   0   1   6   3   0   1   7  0.22 0.24
   46 K    1  3  0  0 -6  3  0 -2  1 -4 -4  3 -3 -4 -4  0  0 -6 -3 -3   13  15   5   6   0  13   7   3   3   1   1  16   0   1   0   8   6   0   1   2  0.43 0.37
   47 Q   -3  3 -1 -1 -7  5  3 -5  3 -4 -5  2 -3 -7 -6  0 -1 -7 -1 -5    3  15   3   4   0  24  20   1   6   1   1  11   1   0   0   6   4   0   2   1  0.83 0.60
   48 I    1 -2 -5 -6 -3 -3 -4 -4 -7  5  1 -4  0 -5 -5 -3  0 -7 -4  4   11   2   1   0   1   1   1   1   0  36  12   1   2   0   0   1   5   0   1  23  0.94 0.57
   49 S    0 -1  3  2 -3  2  4 -2 -1 -4 -3 -1 -4 -6 -4  1  0 -6 -4 -4    9   3  14  10   1   8  23   3   1   1   3   4   0   0   0  10   6   0   1   1  0.51 0.43
   50 D    2  2  0  2 -3  2  3 -1  0 -3 -3  1 -3 -4 -4  1 -1 -6 -4 -3   18  10   4   9   1   8  16   4   2   2   2   7   1   1   1   8   4   0   0   2  0.34 0.32
   51 L    2  0 -2 -4 -2 -1 -2 -3 -1  3  2 -1  0 -1 -3 -1 -1 -3 -2  1   17   6   2   1   1   2   3   2   2  16  20   4   2   2   1   4   3   0   1  11  0.25 0.23
   52 L   -3 -2 -3 -4 -2 -1 -3 -4 -1  2  5 -4  0 -4 -5 -3 -2 -6 -3  2    2   2   2   1   1   3   2   1   2  12  51   1   2   0   0   2   3   0   1  12  0.86 0.54
   53 D    0  1  1  2 -5  1  3 -1 -1 -4 -3  1 -2 -3 -2  2 -1 -5 -3 -3    9   7   6  11   0   6  17   5   2   1   3   8   1   1   2  14   4   0   1   2  0.31 0.29
   54 E    0  1  0  1 -1  2  2  0  0 -2 -2  1 -1 -2 -1  1  0 -4 -3 -2    8   9   4   7   1   8  13   6   3   2   4   8   1   2   3   9   7   0   1   3  0.14 0.16
   55 T   -1  0  1  0 -3  1  0 -2  1  1 -1  1 -1 -2  0  0  2 -2 -2  0    5   4   7   5   0   5   7   3   4   8   5   7   1   2   4   8  15   1   1   7  0.11 0.14
   56 N    0  1  2  1 -2  1  2  0  1 -2 -1  0 -1 -3  0  1  0 -4 -2 -2    6   7  10   8   1   7  12   6   4   2   6   6   2   1   4  11   6   0   1   2  0.16 0.17
   57 A    2  0  0  1  0  1  1  0  0 -1 -2  1 -1 -2  0  1  0 -4 -2 -1   16   5   3   6   2   6   9   6   2   3   4   7   1   1   5  11   7   0   1   4  0.12 0.14
   58 P    2 -1 -1 -1 -1 -1  0  0 -1 -1 -1  0 -2 -3  3  1  0 -4 -3  0   16   3   3   4   1   3   6   6   2   4   8   5   0   1  13  12   5   0   1   7  0.16 0.18
   59 T    0  2  0  0 -2  0 -1 -1  0  0  1  0  0 -1 -2  1  1 -4 -2  0    8  12   4   5   1   5   4   4   2   5  13   5   2   3   2  10  10   0   1   5  0.08 0.11
   60 K    0  2 -1  0 -2  2  2 -2  0 -1 -2  3 -1 -5 -2  1  0 -2 -3 -2    8  11   3   5   1   7  11   4   3   4   5  16   1   0   2   9   5   1   1   3  0.23 0.22
   61 D    0  1  0  3 -5  2  2 -2  2 -1 -1  0 -1 -3 -2  1  0  0 -3 -2    6   8   4  14   0   8  11   3   5   4   7   5   2   1   2  10   5   1   1   3  0.20 0.19
   62 R    0  4 -1  0 -2  1  2 -1  0 -4 -3  1 -2 -5 -3  0 -1 -3 -2 -2    7  24   3   6   1   5  12   5   2   1   3   9   1   1   2   8   4   0   2   4  0.39 0.31
   63 K    0  1  0  0 -3  0  0 -1  1  0  0  1  1 -2 -1  0  0  1  0  0    8   7   4   4   0   5   7   4   4   6  11   9   4   1   2   7   4   2   3   6  0.05 0.06
   64 D    0  1  0  3 -2  1  3 -2  2 -3 -1 -1 -3 -3 -2  0 -1  1 -3 -2    9   7   5  14   1   6  19   3   5   2   6   4   1   1   2   6   3   2   1   3  0.29 0.25
   65 A    1  3 -2 -1  0  0 -1 -2 -1  0  0  0 -1 -3 -3  1  0 -3 -2  1   14  15   2   3   2   5   5   2   2   4   8   6   1   1   1   9   6   0   1  11  0.16 0.17
   66 L    1 -2 -3 -3 -1  0  0 -3 -2  1  3 -2  2 -1 -3 -1 -1  0 -3  0   10   2   1   1   1   4   7   2   1   7  33   3   4   2   1   5   4   1   1   7  0.31 0.25
   67 Q   -1  4  0 -1  0  3  1 -2  0 -1  0  2 -1 -3 -3  0 -1 -2 -3 -2    5  19   4   3   2  12   8   2   2   4   9  11   1   1   1   7   3   1   1   3  0.29 0.27
   68 A    2  1 -1 -2  0  0  0 -2  0  0  0  0  0 -2 -3  1  0 -1 -2  0   21   9   2   2   2   5   5   3   2   5  10   5   2   1   1  12   5   1   1   6  0.15 0.18
   69 Q   -1  2  0 -1  0  4  4 -4  1 -3 -3  1 -1 -4 -3 -1 -2 -1 -3 -4    4   9   4   3   2  16  31   1   3   2   3   9   2   1   1   4   3   1   1   1  0.63 0.48
   70 Q   -1  3 -1 -2 -4  2  1 -3  0  1  0  2 -1 -4 -3  0 -1 -2 -1  0    6  14   3   2   0  10   8   2   2   7  10  14   1   0   1   6   3   1   3   8  0.21 0.22
   71 R    1  2 -1 -1 -3  2  3 -1  0 -3 -2  0 -1 -2 -2  1 -1 -1 -1 -2   13  12   3   3   1   8  18   4   2   2   4   5   1   2   2  11   4   1   2   2  0.23 0.25
   72 T    1  1 -1 -1  0  1  2 -2  1  0  0  1  0 -3 -3  0  0 -2 -2  0   12   6   2   3   2   6  15   2   3   5  10   7   2   1   0   7   6   1   1   7  0.12 0.16
   73 A    3  1 -2 -3  0 -1 -1 -2 -2  0  2 -1 -1 -2 -2  1  0 -5 -2  0   22  10   2   1   2   2   3   3   1   4  21   3   1   1   2  10   5   0   1   7  0.23 0.25
   74 E   -1  2  0  0  0  2  4 -3 -1 -2 -1  1 -2 -4 -3  0 -1 -5 -3 -2    6  12   4   4   2   9  25   2   2   3   6   9   1   1   1   6   4   0   1   3  0.35 0.32
   75 D    0  1 -1  3 -5  2  3 -2  0 -2  0  0 -1  0 -4  0  0 -2 -2 -2    8   6   3  15   0   8  19   2   2   2   8   5   1   3   0   6   5   1   2   3  0.26 0.26
   76 R   -2  6 -1 -1 -3  0  1 -3  0 -6 -3  2 -5 -3 -3 -1 -1  1 -3 -4    3  47   3   3   1   4   8   2   2   0   3  10   0   1   1   5   3   2   1   1  0.99 0.63
   77 T   -1  0 -2 -5  2 -2 -1 -4 -1  2  3  0  1 -2 -5 -2  1 -1 -2  2    5   5   2   0   4   2   4   1   1  12  25   5   3   1   0   3  10   1   1  14  0.33 0.25
   78 T    1  1  0  1 -1  2  2 -2  1 -3 -2  2  0 -2 -2 -1  0  1 -2 -2   10   9   5   8   1   8  11   3   3   2   5  14   2   1   2   5   6   2   1   2  0.19 0.20
   79 Q    0  1 -1  0 -1  3  2 -2  1 -2  0  1 -1 -2 -2 -1  1 -1 -2 -2    7   9   2   6   1  12  15   4   3   2   8   7   2   2   1   4   8   1   1   2  0.19 0.21
   80 I    0 -2 -2 -3  0 -1 -2 -2 -2  3  3 -1  1 -2 -3 -2 -1  0 -1  1    7   3   2   1   2   3   3   3   1  19  31   3   3   1   1   2   3   1   2   9  0.35 0.28
   81 L    0  2  0  0 -1  2  1 -2  1  0  0  1  1 -2 -3  0  0  0 -1 -1    6  12   5   4   1   9  10   3   3   5   8   8   4   2   0   6   5   2   2   5  0.10 0.14
   82 A    1  1  0  1  0  1  1 -1  1 -1 -1  1  0 -1 -3  1  0 -3 -1 -1   14   8   4   7   2   7  10   5   3   2   7   8   2   2   0  10   4   0   2   4  0.09 0.13
   83 A    1  2  0  0  0  3  1 -2  1 -2 -2  1  0 -2 -1  0 -1 -4 -1 -2   11  10   4   4   2  13  11   3   4   2   4  10   2   2   2   6   4   0   2   3  0.18 0.20
   84 A    1  0  0 -2  1  0 -1 -2  1  1  1  0  0 -1 -1 -1  0 -3 -1  1   12   6   4   2   3   3   2   2   3   9  16   7   2   2   2   4   7   0   2  10  0.05 0.10
   85 D    0  1  0  2 -4  1  3 -1  0 -3 -3  2 -1 -3 -4  0  0 -5 -3 -2   10   7   4  14   0   6  21   3   2   1   2  12   1   1   0   7   7   0   1   3  0.34 0.31
   86 K    1  2  0 -1 -1  2  2 -2  1 -2 -1  2 -2 -3 -3  1  0 -2 -2 -1   11  12   3   3   1  11  13   1   3   1   6  11   1   1   0   9   7   1   1   3  0.22 0.24
   87 L   -2  0 -3 -3  1  0  0 -3 -1  0  4 -1  0 -1 -5 -3 -2 -5 -3  1    3   4   1   1   3   5   7   2   2   3  48   4   2   2   0   2   2   0   1   9  0.54 0.42
   88 R   -2  5 -1 -2 -1  2  0 -3  0 -4 -2  3 -2 -4 -5 -2 -1 -1 -5 -4    4  37   3   2   1   8   6   2   2   1   4  18   1   1   0   3   5   1   0   1  0.76 0.54
   89 N    1  2  0  1 -1  1  2 -2  0 -2 -2  1  0 -2 -3  0 -1  0 -1 -2   12  13   5   7   1   8  14   2   3   2   4  10   3   1   0   7   3   1   2   3  0.19 0.21
   90 D   -1  2  0  1 -4  3  3 -2  0 -2 -3  1 -1 -2 -3  0  0  0 -1 -2    5  10   3   8   0  15  21   2   2   3   2   8   2   2   0   5   5   1   2   2  0.33 0.31
   91 I   -2  0 -1 -2  2 -1 -2 -4  0  3  2 -2  1  0 -4 -1 -1  1 -1  2    3   5   4   2   4   2   2   0   2  23  20   2   4   3   0   3   3   2   2  12  0.26 0.24
   92 K    1  0  0  1 -3  1  3  0  1 -1 -1  1  0 -2 -3  0  0 -4 -3 -1   10   5   3   8   0   6  21   6   3   3   5   9   2   2   0   5   7   0   0   3  0.18 0.20
   93 A    1  2  0  0 -3  2  1 -1  1 -1 -1  1  0 -1 -3  0  0  1 -1 -1   16  10   4   5   0  10   9   3   3   3   5  11   2   2   0   5   4   2   2   3  0.14 0.18
   94 A    1  2 -2  1 -3  0  0 -2 -1 -1  2  1  1 -1 -3 -1 -1 -2  0 -1   14  10   0   7   0   4   7   3   1   2  19  10   3   2   1   4   4   0   3   3  0.13 0.18
   95 K   -3  6 -1 -4 -4  2 -1 -4  0 -4 -4  4 -2 -4 -6 -2 -2 -7 -4 -5    2  44   3   1   0   8   4   1   3   1   2  22   1   1   0   4   2   0   1   1  1.16 0.71
   96 E    1  1  0  1 -2  2  3 -2  0 -3 -2  3 -1 -3 -3  0  0 -2 -3 -2   10   9   4   9   1   7  17   3   2   2   4  16   2   1   1   6   4   0   1   2  0.28 0.27
   97 E    0  3 -1  0 -5  3  3 -4  1 -3 -2  2 -1 -4 -4  0 -1 -5  0 -4    7  17   2   5   0  11  20   1   3   2   4  12   2   1   0   6   3   0   3   1  0.44 0.38
   98 I    0  0 -1 -5  0 -2 -3 -5 -2  4  3 -2  0  0 -5 -2 -2 -4  0  2    8   6   3   0   2   1   1   0   1  23  27   3   2   3   0   3   2   0   3  12  0.44 0.32
   99 Q    2  1  1  1 -1  2  2 -2  0 -3 -3  0 -1 -3 -3  1  0 -5 -2 -3   18   7   7   9   1   8  16   2   2   1   3   5   1   1   1  11   4   0   1   1  0.28 0.28
  100 T    2  1  0  1 -2  2  3 -2  0 -2 -2  1 -2 -3 -3  0  0 -5 -3 -2   17   7   4   7   1   8  18   2   3   2   3  10   1   1   1   6   7   0   1   2  0.26 0.26
  101 R   -2  4 -3 -3 -2  1 -1 -1 -1 -1  3  2  1 -3 -4 -2 -2 -5 -2 -3    4  24   1   1   1   7   4   4   1   3  27  11   3   1   1   3   2   0   1   1  0.46 0.38
  102 R   -2  5 -1 -1 -1  2 -1 -3  1 -3 -4  4 -3 -6 -5 -1 -2 -6 -2 -2    4  35   2   3   1   8   4   2   3   2   2  25   1   0   0   3   2   0   1   3  0.87 0.58
  103 A    2  1  0  1 -3  1  3 -2 -1 -1 -1  1  0 -3 -3  0  0 -2 -2 -2   17   7   3   6   1   7  20   2   1   3   5   6   2   1   1   8   5   1   1   2  0.25 0.27
  104 A    1  1  0  0 -4  2  2 -2 -1 -2 -1  1 -1 -2 -3  1  1  0 -3 -1   14   9   4   5   0   9  13   2   1   2   5   8   1   2   0  11   8   1   1   3  0.20 0.24
  105 L   -3 -3  2 -4 -3  0 -4 -4 -2  3  4 -3  2 -2 -6 -3 -2 -5 -3  0    1   1   9   1   1   4   1   1   1  15  47   1   5   1   0   2   3   0   1   5  0.76 0.51
  106 S    2  1  0  0 -2  3  2 -3  1 -3 -2  1 -2 -4 -4  1 -1 -5 -3 -2   17   8   4   5   1  14  15   1   3   1   4   7   1   1   0  11   4   0   1   2  0.32 0.32
  107 R    0  2 -1  1 -1  4  0 -2  0 -2 -2  1 -1 -4 -2  0  1 -5 -1 -2    8  13   3   8   1  19   6   2   3   2   3   8   2   0   2   8   8   0   2   2  0.30 0.30
  108 R   -1  5  0 -1  0  1 -1 -2  0 -2 -1  2  0 -5  0 -1 -1 -5 -4 -2    6  34   4   3   2   6   4   4   2   2   5  11   2   0   4   3   3   0   0   3  0.49 0.39
  109 K   -1  4  1 -1  0  1  1 -2  0 -2 -2  2  0 -2 -2 -1 -1  1 -1 -2    5  25   7   3   2   7   9   3   2   2   3  12   2   2   2   5   3   2   3   2  0.31 0.28
  110 S    1  1  0  0  0  1  1 -1  0 -2 -2  1  0 -3  0  2  0 -4 -1 -1   12   6   5   4   2   8  11   5   2   2   4   8   2   0   4  14   5   0   2   4  0.13 0.16
  111 D    1  1  0  3 -1  1  2 -3  1 -2 -1 -1 -1 -1 -1 -1  0 -4 -1 -1   10   9   3  16   1   5  15   2   3   2   6   3   2   2   3   5   5   0   2   5  0.19 0.20
  112 I   -1 -2 -2 -3 -1 -2 -3 -3 -1  2  4 -3  2  0 -5 -2 -2  0 -2  1    5   2   2   2   1   2   2   2   2   9  45   2   6   4   0   2   2   1   1   8  0.57 0.39
  113 A    2  0  0  0 -4  1  3 -2 -1 -1 -2  1  0 -3 -2  1 -1 -5 -2 -1   17   5   4   4   0   7  20   3   1   3   4   9   3   1   2  10   3   0   1   3  0.25 0.27
  114 A    1 -1  0  0 -2  1  2 -3  0 -2 -1  1 -1 -3 -4  2  0 -1 -2 -1   14   3   4   4   1   7  14   2   2   2   6   8   1   1   0  18   6   1   1   4  0.22 0.25
  115 V    3  1  0 -2 -1 -1  2 -1 -1 -2 -1  0 -1 -2 -2  0  0 -4 -2 -1   30   9   4   2   1   2  12   4   2   3   6   6   2   2   2   5   4   0   1   5  0.26 0.27
  116 S   -1  4  0 -1 -2  1 -1 -1  2 -1 -1  2 -1 -2 -2  0  0  1 -1 -1    5  22   5   3   1   5   4   4   4   3   6  13   1   2   1   7   7   2   3   4  0.24 0.23
  117 D    0  0  1  1 -2  2  2 -2  3 -2 -2  0  0 -1 -1  1  0 -4  1 -2    8   4   6   9   1   9  15   2   6   2   4   4   2   2   3  10   5   0   5   3  0.19 0.20
  118 G    0  2  0 -1  1  2  1 -1  1  0 -2  0  1 -1  0  0  0 -5  0 -1    8  11   4   4   3  10   7   5   3   5   5   5   3   3   5   6   5   0   3   4  0.10 0.11
  119 L   -2 -1 -1 -1  1  0 -2 -2  1  0  3 -2  2  1 -1 -1 -1  2  0  0    3   4   3   3   3   4   3   3   4   6  28   3   4   5   3   5   4   2   3   6  0.23 0.16
  120 I    1  0  0  0 -1  2  2 -1  1 -1 -1  0  0 -2 -1  1  0 -4 -1 -1   13   4   3   6   1  10  13   5   3   3   6   6   2   2   3   9   6   0   2   3  0.12 0.15
  121 E    1  0  1  1 -4  2  2 -2  1 -1 -2  1 -1 -2 -1  1  0 -4 -1 -1   10   4   5   6   0   8  13   3   4   4   3  10   2   2   3   9   7   0   2   3  0.16 0.18
  122 R    0  4  1 -1 -2  2  1 -2  0 -2 -1  1 -1 -2 -3  0 -1 -2 -2 -3    8  26   5   4   1   8   8   4   2   2   6   7   1   2   1   6   4   1   1   2  0.36 0.30
  123 R   -2  5  0  0 -1  2  1 -3  1 -2 -1  2 -1 -2 -3 -1 -1 -2 -2 -3    4  27   4   5   1   8   8   2   3   3   7  11   2   2   2   4   4   1   2   2  0.40 0.32
  124 V    1  0  0  0 -1  1  1 -2 -1  0  0  0  0 -2  0  1  0 -1 -2  0   11   4   4   5   1   8   8   3   1   5   9   6   3   1   4  13   7   1   1   6  0.07 0.11
  125 K    0  1  0  0 -1  1  2 -1  1 -1 -1  1  0 -4 -1  1  0  0 -1 -2   10   8   5   6   1   8  12   5   4   3   5   8   2   0   2   9   6   1   2   2  0.13 0.15
  126 R    0  0 -1  0  0  2  1 -2  1  0  1  0  1 -1  0  0 -1  1 -1  0    9   5   3   4   2  10   8   3   4   4  15   4   4   2   4   6   3   2   2   6  0.05 0.10
  127 Q    0  0  0  0  0  0  0 -2  0  0  1  0  1 -1  0  0  0 -3 -1  0    6   4   5   4   2   5   8   3   3   5  19   4   4   3   4   6   6   0   2   7  0.04 0.07
  128 K    0  0  0  0  2  0  0 -1  1  0 -1  0  1  0  0  0  0 -2  1  0    5   5   5   5   5   5   5   5   5   5   5   5   5   5   5   5   5   0   5   5  0.03 0.05
  129 S   -1 -1  0  1  1  1  2 -1  2 -1 -1  0  1 -1  0  0  0  2  1 -1    6   3   5   7   3   5  13   5   5   3   5   6   3   3   5   7   5   2   4   4  0.08 0.10
  130 V    0  0 -2 -3  0  1 -2 -2  3  1  1 -1  1  0 -2 -1  0  1  1  1    9   4   2   2   2   6   2   3   6   8  16   4   3   3   2   4   5   2   5  11  0.15 0.11
  131 E   -1  2 -1  0 -6  3  1 -3  2 -2 -2  2  0 -2  0  0  0 -6 -1 -2    6   9   3   6   0  13  10   2   5   3   5  10   2   2   5   8   6   0   2   3  0.24 0.22
  132 R    0  1  1  0 -5  1  3 -2 -1 -2 -2  2 -1 -2  1  0  0 -5 -1 -2    8   8   8   5   0   6  18   3   2   2   3  11   2   1   7   6   5   0   2   2  0.23 0.23
  133 E    0  0  1  1  1  1  2 -2  0 -2  0 -1  0 -3 -2  1  0 -1 -2 -2    8   5   7   8   3   6  13   4   3   3   9   4   2   1   2  12   5   1   1   3  0.14 0.15
  134 T   -1 -1 -1 -1  1 -1 -1 -2  1  3  1 -1  1  0 -1 -1  0  2  2  0    5   3   3   3   3   3   4   3   4  16  11   4   3   4   3   4   6   2   7   7  0.14 0.10
  135 G    0  1  0  0  1  1  0  0  1 -1 -1  1  1  0  0  0  0 -5 -4 -1    9   7   4   6   3   6   6   8   3   4   5   9   3   4   4   7   5   0   0   5  0.08 0.08
  136 M   -1  2  0  0  0  1  2 -2  1 -1 -1  1  2 -2 -2  0  1 -1 -1 -1    6  12   5   5   2   6  11   3   3   4   6   7   5   2   2   7   8   1   2   5  0.13 0.13
  137 H    0  1 -2 -2  1  1  0 -2  1  0  1  0  0 -2 -2 -1  2  2 -2  0    9   8   2   2   3   5   6   4   4   4  16   5   2   2   2   5  12   2   2   6  0.12 0.12
  138 K   -1  3  1  1 -5  1  2 -2  1 -2 -2  2 -1 -5 -2  0  0 -5 -1 -2    4  17   5   7   0   7  15   2   3   2   4  12   2   0   2   7   5   0   2   3  0.31 0.28
  139 Y    0  1  0  0 -1  2  2 -1  2 -1 -1  0  0 -1 -1  0  0 -4  1 -1    6   8   4   5   1   9  14   4   6   3   7   4   2   2   3   8   5   0   5   3  0.12 0.15
  140 R    0  3  1 -1 -4  1  0 -2  1 -2  0  2  0  0 -2  0  0 -4 -1 -2    7  18   7   4   0   7   6   3   3   2   8  11   2   5   2   6   5   0   2   3  0.18 0.19
  141 W   -1  0  0  0  2  0  0 -1  2  0 -1  0  2  1  0 -1  0  4  1 -1    5   5   5   5   5   5   5   5   5   5   5   5   5   5   5   5   5   5   5   5  0.09 0.08
  142 T    1  0  0  2 -1  1  1 -1  1 -1 -1  0  0 -1 -1  0  0 -4 -1 -1   10   5   5  10   1   8  12   3   4   3   6   7   2   2   3   7   7   0   2   4  0.10 0.12
  143 K    0  2  1  0 -4  2  0 -2  1 -1 -1  2  0 -2 -2  1  0  0 -2 -1    7  11   6   5   0   9   4   2   4   3   5  15   3   2   1   9   7   1   1   5  0.17 0.19
  144 C   -1 -1 -1 -1  0 -1 -1 -2 -1  1  2 -1  1 -1 -4  0  2 -4 -1  1    5   4   3   3   2   3   4   3   2  10  20   4   4   2   0   6  12   0   2  12  0.14 0.16
  145 A    1  1  0 -2  0  1  1 -2  5 -2 -2  0 -1 -2 -2  1  0  0  0 -1   14   7   5   2   2   6   8   3  14   2   3   6   2   2   2   9   5   1   3   4  0.24 0.23
  146 D    0  1  0  2 -1  1  1 -1  2 -2 -1  1  0 -1 -3  1  0 -4 -1 -2    9   7   3  11   2   8  11   4   4   2   5   8   2   3   0  11   5   0   2   2  0.16 0.18
  147 E    0  1 -1  0 -1  3  1 -2  0 -2 -1  0  0 -1 -2  0  0 -4  0 -2    9   9   3   6   1  15  11   3   2   2   8   5   2   2   2   7   7   0   3   3  0.16 0.19
  148 L   -2 -2 -2 -3  0 -2 -3 -5 -5  3  3 -2  2  0 -5 -1  2  1 -1  0    4   3   2   2   2   2   2   0   0  18  31   3   5   3   0   4  11   2   2   5  0.46 0.34
  149 A    1  1 -1 -1  0  0  0 -1  1  1  0  0  1 -1 -1  0  0 -3 -1  1   17   7   3   3   2   4   7   4   3   8   7   5   4   3   2   5   4   0   2   9  0.05 0.09
  150 R   -1  2  0  0 -1  1  1  0  2 -1 -2  1  1 -1  0  0  0  0  0 -1    6  12   4   4   1   7  11   6   6   4   3   7   4   2   4   8   5   1   3   3  0.11 0.13
  151 T    0  0  0  0  2  0  0 -1  2  0 -1  0  1 -2  0  0  0  3  1  0    5   5   5   5   5   5   5   5   5   5   5   5   5   0   5   5   5   5   5   5  0.07 0.11
  152 R   -4  5  0 -4  1  2 -1 -5 -4 -1 -2  1  1 -5  0  0 -1  2  0 -2    0  36   4   0   3   8   4   0   0   4   4   7   3   0   6   6   4   3   3   3  0.63 0.44
  153 S    0  3 -1 -1  0  1 -1 -2  0 -1 -2  1  0 -2 -2  2  1  1 -1 -1    9  15   3   3   2   5   3   3   2   3   4   8   2   2   2  17  10   2   2   5  0.18 0.20
  154 F   -1  3 -2 -2 -1  2 -1 -1  0  1 -1  1  0  1 -3 -1  1  1  2  0    5  14   2   2   2   8   4   5   2   7   6   9   3   6   2   4   7   2   7   6  0.18 0.14
  155 L   -2  1 -3 -6 -1 -2 -3 -6  1  2  5 -2  1 -1 -6 -3 -2 -5 -2  0    4   7   1   0   1   2   2   0   3   9  51   3   3   2   0   2   3   0   2   5  0.80 0.47
  156 C    0 -3 -4 -3  7 -2 -4 -3 -5  2  1 -2  0  0 -1 -2 -1  0 -3  3    8   1   1   2  21   2   1   2   0  11  12   3   2   4   4   3   4   1   1  18  0.61 0.36
  157 I    0  3  0 -1 -3  2  2 -2  0 -1 -2  2 -1 -3 -3  1 -1 -5 -1 -1    7  14   4   3   1   9  13   3   3   4   3  11   1   1   1  11   4   0   2   5  0.22 0.22
  158 E   -2 -1 -2  2 -3  3  5 -3  0 -4 -2 -1 -1 -6 -3  0 -1 -6 -2 -3    4   3   2  11   1  11  38   3   2   1   5   3   2   0   1   7   4   0   2   2  0.72 0.52
  159 A    1 -2 -4 -3 -3 -1 -1 -6 -1  2  5 -4  0 -2 -6 -3 -1 -6 -3  0   13   2   1   1   1   2   4   0   2   9  49   1   2   1   0   2   3   0   1   6  0.75 0.48
  160 A    3 -1 -1 -2  2  1 -2 -2 -2  0  0  0  0 -1 -2  1 -1 -2 -3  0   29   3   2   2   4   6   2   2   1   5  10   6   2   3   2   9   3   0   1   8  0.23 0.24
  161 Q   -2  1  2  2 -3  1  2 -3  1 -3 -2  1 -3 -1 -1  1  0 -2  0 -3    3   8   8  13   1   7  12   2   3   1   3   7   1   3   3  13   6   1   3   2  0.24 0.24
  162 L   -2 -4 -2 -4 -2 -6 -4 -7 -6  5  4 -4  0 -2 -4 -4 -3  1 -5  2    3   1   2   1   1   0   2   0   0  31  37   1   2   1   1   1   2   2   0  12  1.03 0.56
  163 Y    0 -2 -2 -4 -7 -1 -3 -7 -2 -6 -2 -3 -1  6 -4  0 -4  0  6 -3    8   3   2   1   0   2   2   0   1   0   4   1   1  31   1   7   1   1  30   2  1.28 0.72
  164 G   -1 -2  1  0 -1  1 -1  2 -1 -2 -2 -3 -3 -2  5  0 -1 -6 -5 -4    5   2   6   6   1   6   4  17   2   2   4   1   1   2  30   7   4   0   0   1  0.59 0.44
  165 L   -3 -3 -2 -4 -5 -3 -4 -5 -2  6  3 -3  1 -2 -6 -4 -3 -2 -3  1    2   2   3   1   0   1   1   1   1  38  31   2   3   1   0   1   2   1   1   9  0.98 0.55
  166 K   -2  5 -4 -2 -3  2  2 -3  1 -3 -3  2 -2  1 -4  0 -1 -5  0 -1    3  27   0   2   1   9  12   2   3   2   2  12   1   5   1   6   4   0   4   4  0.50 0.38
  167 R    0  0  0  0  2  0  0 -1  1  0 -1  0  1  0  0  0  0 -2  1  0    5   5   5   5   5   5   5   5   5   5   5   5   5   5   5   5   5   0   5   5  0.03 0.05
  168 I    0  0  0 -1  0  0 -1 -1  0  1  0  0  1  0  1  0  0 -2  0  1    6   7   4   4   3   4   4   3   3  10  10   4   4   4   6   4   8   0   3  10  0.02 0.05
  169 K    0  1 -1 -1 -3  1  0  0  1 -1 -2  1  0 -3  2  1  0 -3 -1 -1    5   9   3   3   0   5   7   9   4   4   3  11   2   0  12   9   6   0   2   3  0.16 0.16
  170 E    0  1  1  1 -3  0  1  0  0 -1 -1  1 -1 -1  1  1  0 -3 -1 -1    7  10   7  10   0   5   8   7   3   4   4   7   2   2   7   9   5   0   2   3  0.10 0.10
  171 G    0  1  0  1 -1  0  0  2  0 -2 -2  1 -2 -2  0  0 -1  1 -3 -1    7   9   5   8   1   3   5  21   2   2   4   9   0   2   4   8   4   2   0   4  0.16 0.16
  172 S    0  0  0  1  0 -1  0  1  0 -1 -1  0  0 -1  1  1  1 -3 -1 -1    5   4   4   7   2   2   6  13   2   3   6   4   3   3   7  15   9   0   2   4  0.09 0.12
  173 P    0  0  1  0 -1  0  0  0  0 -1 -1  0 -1 -2  3  1  0  0 -3 -1    7   6   6   6   2   5   6   6   2   2   8   4   2   2  13  11   5   2   0   4  0.12 0.13
  174 S    0 -1  0  2  0 -1  0  1  0 -1  0 -1  0 -1  0  0  0 -3 -1  0    6   2   4  14   3   2   6  12   2   3  10   3   2   2   4   9   7   0   2   6  0.07 0.10
  175 K   -1  2  0  0 -3  1  1 -1  1 -1 -2  2 -1 -1  2  0  0 -3 -1 -1    4  12   5   5   0   6   7   4   4   3   4  13   2   3  10   8   5   0   2   4  0.16 0.16
  176 Y   -1 -1  0  1  0  0  1  0  1 -1  0  0  0  0  0  0  0  1  1 -1    3   3   4   8   2   5  11   7   4   3   9   6   2   5   3   7   4   2   7   4  0.05 0.07
  177 E   -1  0  0  0  2  0  0 -1  2  0 -1  0  2  1  0 -1  0  4  1 -1    5   5   5   5   5   5   5   5   5   5   5   5   5   5   5   5   5   5   5   5  0.09 0.08
  178 Y   -1 -1 -1 -1  1 -7 -7 -2  2 -1 -1 -2 -6  4 -1 -2 -1  5  6 -2    6   3   4   4   3   0   0   4   4   4   7   3   0  16   3   3   4   6  22   4  0.70 0.40
  179 Y   -2  2 -2 -3  1  0 -2 -3  0 -1 -1 -1  0  1 -2  2  4  1  0 -1    4   9   2   2   3   4   3   2   3   4   7   4   3   5   3  12  21   2   4   5  0.27 0.24
  180 L   -2 -3 -9 -9 -9 -1 -3 -10 -9  7  1 -9  0 -2 -1 -3 -1 -9 -9  0    3   2   0   0   0   3   2   0   0  56  12   0   2   2   3   2   3   0   0   7  1.60 0.71
  181 G    1  1  0 -4  6 -1 -4  3 -1 -1 -1 -2 -1 -1 -4  0  0 -5 -4  0   10  10   4   0  17   2   0  20   2   4   6   2   1   3   0   6   5   0   0   7  0.44 0.31
  182 G   -2 -2  3  1 -1 -2 -1  5 -1 -5 -4 -1 -5  0  0  0 -2 -5 -5 -3    2   3  12   7   2   2   3  42   2   0   1   4   0   5   5   6   2   0   0   2  0.69 0.43
  183 I   -1 -3 -1 -3 -1 -2 -5 -3 -2  3  3 -4  2 -1 -3 -2 -1 -2 -2  3    5   1   3   1   1   2   0   2   1  16  29   0   4   2   2   3   3   1   1  24  0.52 0.34
  184 P   -1  2 -2 -1 -2 -1  0 -3  2 -2 -2  0 -2 -3  5  0 -1  0  0 -1    6  11   1   3   1   3   5   2   5   2   4   6   1   1  28   6   4   1   3   6  0.45 0.33
  185 V   -3 -5 -6 -6 -1 -5 -4 -5 -6  4  5 -5  2  0 -1 -3 -3  1 -1  1    2   0   0   0   1   0   1   1   0  19  47   0   4   4   3   3   1   2   2   9  0.89 0.50
  186 V   -3 -6 -3 -6 -3 -6 -4 -5 -2  0  0 -3 -2 -1  7 -3 -1 -1 -3  1    2   0   2   0   1   0   1   1   1   6   8   1   1   3  57   2   3   1   1   8  1.45 0.77
  187 D   -1 -1  5  4 -2 -2 -1 -2  0 -2 -3 -1 -4 -3 -2  1 -2 -5 -1 -2    5   3  25  24   1   1   4   2   3   3   2   4   0   1   2  11   2   0   2   4  0.56 0.40
  188 L    0 -3 -2 -2 -2 -2 -2 -1  0  0  3 -1 -1  0  2  1 -1 -1  0 -2    9   1   1   3   1   1   2   4   2   5  28   4   1   4  12  13   3   1   3   2  0.24 0.23
  189 T   -1  1  0  1  0  0  1  0  1 -1 -1  0  0 -1  1  1  0 -3  0 -1    4   8   4   8   3   4   9   6   3   4   4   5   3   3   6  11   7   0   3   5  0.06 0.08
  190 A    0 -1  1  3 -4  0  1  0  1 -1 -2 -1  0 -1 -1  0  0 -4  0 -1    7   4   8  17   0   4   7   7   4   4   4   3   3   3   3   7   6   0   4   4  0.13 0.15
  191 M   -1 -2 -1 -2  0 -1 -3 -2  1  1  2 -2  2  2  0 -1  0  2  1  0    4   2   3   3   2   3   0   3   4   8  19   2   7  10   6   5   5   3   5   4  0.15 0.18
  192 N   -1  0  0  0  2  0  0 -1  2  0 -1  0  2  1  0 -1  0  4  1 -1    5   5   5   5   5   5   5   5   5   5   5   5   5   5   5   5   5   5   5   5  0.09 0.08
  193 S    0  1  1  1  1  0  0  1  1 -1 -1  1 -2 -3  0  1  0 -4  0 -1    6   7   6  10   3   3   4  13   4   4   5   8   0   0   4  11   5   0   3   4  0.10 0.12
  194 S    0  0  0  0  2  0  0 -1  1  0 -1  0  1  0  0  0  0 -2  1  0    5   5   5   5   5   5   5   5   5   5   5   5   5   5   5   5   5   0   5   5  0.03 0.05
  195 T   -1  0  1  2  1  0 -1 -1  1 -1 -2  0  0 -1  3  1  0 -4  0 -2    4   4   8  11   3   4   4   3   4   3   4   4   3   3  15  12   4   0   3   3  0.19 0.21
  196 P   -1  0 -1  1  1  1  1 -2  2 -1 -2  0  0  0  3  0 -1 -4  0 -2    4   5   3   9   3   6   8   3   6   3   4   4   3   4  17   7   4   0   4   3  0.21 0.21
  197 E   -1 -1  0  3  1  0  3 -1  0 -1 -1 -1 -1 -1 -1  0  0 -5 -2 -2    5   2   4  18   3   4  23   4   2   3   5   3   2   3   3   6   5   0   2   3  0.28 0.28
  198 M    0  0  0 -1 -1  2  2 -2  3  0 -1 -1  2 -1 -1  0  0 -4  0  0    6   4   4   3   1   9  17   3   8   4   7   2   6   3   2   6   6   0   3   6  0.14 0.20
  199 I   -1 -1 -3 -2  0 -3 -1 -4 -4  3  2 -1  1  1  0 -2  0 -3 -1  3    5   4   0   2   2   0   3   0   0  18  18   3   3   6   4   3   6   0   2  20  0.26 0.23
  200 S    1  0  2 -1  2 -1 -1 -1  0 -1 -2 -1 -3 -1 -1  2  1  2 -1 -3   14   5  13   2   5   2   3   3   2   4   3   2   0   2   2  20  10   3   2   0  0.24 0.27
  201 T    2 -1  1 -1  2 -1  0 -1 -3 -1 -2 -1  0 -1  0  1  2 -4 -1  0   23   3   6   2   4   3   5   3   0   3   2   2   2   3   4  11  14   0   2   6  0.18 0.22
  202 S    4 -3  0 -3  1 -3 -2 -1 -3  0 -2 -3  0 -2 -1  3  1  2 -3  0   34   0   4   0   3   0   2   3   0   6   2   0   3   2   2  20   7   3   0   7  0.41 0.35
  203 L   -2 -4 -5 -5  0 -4 -5 -5 -4  2  5 -2  2  1 -5 -3 -1 -4  1  0    3   0   0   0   2   0   0   0   0  10  53   2   5   6   0   2   4   0   4   6  0.73 0.42
  204 S    1 -2  0 -1 -3  0  0  4 -1 -2 -2 -2 -3 -1 -1  1  0 -4 -1 -1   11   2   3   3   0   5   7  31   1   2   3   0   0   3   3  14   4   0   3   4  0.32 0.26
  205 H   -2  0  2 -2 -1  0 -2 -4  6 -1 -1  0 -1  1 -4 -1  0  0  4 -2    2   4  13   1   1   4   0   0  20   3   5   6   1   5   0   5   7   1  18   3  0.48 0.34
  206 I    0 -3 -3 -1  0 -3 -2 -4 -4  2  1 -2  3 -1 -3 -2  2 -4 -1  3    7   0   0   4   2   0   2   0   0  14  15   2  10   2   0   1  16   0   2  23  0.35 0.28
  207 C    3 -2 -3 -4  4 -1 -3 -2 -4  1  0 -3  0  0  0  1  1  2 -3  0   31   1   0   0   8   2   0   1   0  11   7   0   2   3   4  10   8   3   0   7  0.35 0.31
  208 Q   -4  2 -2 -2 -3  4 -1 -3  8 -4 -3  0 -2  0 -4 -3 -3  0  0 -4    1  10   1   2   1  17   2   2  43   1   2   5   1   5   1   2   1   1   2   1  1.24 0.64
  209 I   -2 -5 -5 -5  0 -2 -5 -5 -4  1  4 -4  3  4 -1 -2 -1  2  0  1    3   0   0   0   2   2   0   0   0   8  35   0   7  17   3   2   4   3   2   9  0.63 0.36
  210 L   -2 -2 -4 -4  1 -2 -1 -5 -4  1  3 -4  1 -1 -4 -1  3 -4 -4  3    3   2   0   0   3   2   4   0   0   8  25   0   3   3   0   5  16   0   0  24  0.49 0.34
  211 I   -1  1  0  0  0  2 -1 -1  2  0  0 -1  1  0 -3  0  0  2  0  1    4  10   3   4   3  10   2   5   6   5   7   3   5   3   0   7   6   3   3  11  0.07 0.11
  212 L   -2 -1 -2 -4 -1 -1 -1 -2  1  1  4 -1  4 -1 -4 -2 -1  0 -1 -1    4   3   2   0   2   3   4   4   4   8  37   4  12   2   0   2   4   2   2   3  0.40 0.28
  213 V    1 -2 -4 -1  2 -3 -3 -3 -4  2  3 -2  1  0 -4 -2  0  0 -1  1   13   2   0   4   4   0   0   2   0  15  32   1   4   3   0   2   5   1   2   9  0.33 0.25
  214 S    3 -3 -3 -3  2  1 -1 -1 -1 -2 -1 -3 -1 -2  0  3  1 -4 -2 -1   27   0   0   0   4   6   3   3   1   2   6   0   1   1   5  28   6   0   1   4  0.40 0.35
  215 H    0  1  0 -1 -1  1 -1 -2  5 -2 -2  1 -1  2 -2 -1  0 -1  4 -2    7  10   3   3   1   6   3   3  15   2   3   7   1  10   1   4   5   1  14   1  0.31 0.26
  216 Y   -2 -5 -2 -5 -1 -4 -5 -5 -1  2 -1 -5 -1  3 -2 -2 -2 -2  8 -1    3   0   2   0   1   0   0   1   1  13   4   0   1   9   2   3   3   0  53   3  1.38 0.65
  217 L   -2 -2 -5 -5  2 -1 -5 -5 -5  1  5 -4  1  0 -5 -4 -2  0 -1  0    3   2   0   0   4   2   0   0   0   5  64   0   3   3   0   0   2   1   2   6  0.95 0.50
  218 S    1 -2  1  1  2  0 -1  3  1 -4 -3 -1 -2 -2 -4  2  0 -5 -2 -3    9   2   8  10   4   5   2  24   4   0   2   4   1   2   0  17   4   0   1   1  0.36 0.28
  219 I   -1 -3 -4 -2  0 -2 -3 -4 -1  4  1 -2 -1 -1 -4 -2 -1 -2 -1  4    6   1   0   2   2   2   1   1   2  25  11   3   1   2   0   2   3   1   2  32  0.53 0.34
  220 R   -1  2  0 -2  1  0 -2 -2 -2 -2 -3  2 -3 -4  5  1 -1 -5 -2 -2    3  13   5   1   3   3   1   2   1   2   2  11   1   1  34   9   4   0   1   3  0.66 0.39
  221 L   -4 -5 -4 -6 -4 -5 -2 -6 -5  0  6 -5  0 -3 -3 -4 -2 -5 -4  0    0   0   1   0   0   0   4   0   0   3  77   0   1   0   2   1   3   0   0   5  1.38 0.65
  222 P   -3  4 -4 -5 -3 -3 -4 -3  0 -4 -4 -2 -2 -6  7 -4 -3 -6 -5 -1    1  20   1   0   1   1   0   3   2   1   2   2   1   0  58   1   2   0   0   4  1.64 0.73
  223 A    1 -4 -2 -5  0 -4 -4 -1  1 -4 -2 -4 -4  4 -5 -2 -2 -2  7 -4   15   0   2   0   2   0   0   4   3   0   3   0   0  14   0   3   3   0  47   1  1.24 0.59
  224 A   -2  0 -2  1 -2  2  3 -3  0 -4 -3 -1 -2 -3  5 -2 -1 -5 -4 -2    3   5   2   7   1   8  21   2   2   0   2   2   1   1  33   2   4   0   0   3  0.74 0.41
  225 I   -2 -4 -4 -4 -2 -4 -2 -5 -2  6  1 -4  2 -2 -2 -4 -1 -4 -3  3    2   1   0   1   1   0   3   1   1  45  13   1   4   1   2   1   2   0   0  21  0.87 0.41
  226 T   -1 -2 -1 -1  0 -1 -1 -1  0  2  0 -1  0 -1 -1  0  4 -3 -1  1    3   1   3   2   2   3   3   4   3  12   7   3   3   3   3   6  28   0   1   9  0.20 0.17
  227 L   -1 -1 -1 -1 -1 -1 -1 -2  0  0  2 -2  1  1  2 -1 -1  4  0  0    3   2   3   4   1   2   2   3   3   5  27   2   3   8  11   4   3   6   3   5  0.18 0.10
  228 P    0 -1  0 -1 -2  0 -1  0 -1 -1 -1  0  0 -1  4  0  0 -1  0 -1    7   3   3   4   1   3   3   7   1   5   6   6   3   3  24   7   5   1   4   4  0.24 0.09
  229 H   -1  1  1 -1 -1  0 -1  1  5 -1 -2  0 -1 -1  1  0 -1 -2  0 -2    4   6   6   2   2   5   3  13  18   3   4   6   1   2   7   7   4   1   3   3  0.21 0.11
  230 R    0  2  1 -1 -2  1  0  0  0 -2 -1  1 -1 -1  1  1 -1 -2 -1 -1    5  15   6   3   1   8   5   7   2   2   7  10   1   2   6  11   3   0   2   3  0.12 0.09
  231 D   -1  1  0  2 -2  0  1  2  0 -1 -1  0 -1 -2 -1  1 -1 -2 -1 -1    4   8   4  15   1   4   9  15   2   4   5   5   2   1   3  10   3   0   2   3  0.12 0.08
  232 Y    0  0  0 -1 -1  0  0 -1  2 -1 -1 -1 -1  2 -2  0 -1  0  4  0    7   5   4   3   2   4   7   4   6   3   5   2   2   8   2   9   4   1  17   6  0.13 0.10
  233 P   -1 -1 -1 -2 -1 -2  0  1 -1 -1 -1 -1 -1 -1  5  0 -1 -2 -1 -2    4   4   2   2   1   2   6  10   2   4   6   3   2   3  35   7   3   0   3   3  0.52 0.21
  234 R   -1  2  0 -1 -1  0 -1 -2  2 -1  1  0  0  1 -2  0  0  0  1  0    3  15   4   3   1   4   3   3   5   3  17   6   1   5   2   6   5   1   6   5  0.08 0.08
  235 P    0 -2 -1  0 -2 -1 -1  0 -1 -1 -2 -1  0 -2  5  1  1 -1 -2 -1    8   2   2   4   1   2   3   6   1   4   4   4   2   1  30  10   8   1   1   4  0.42 0.19
  236 T    0  0 -1 -1 -1  0  0 -1 -1  0 -1  0  0 -1 -1  1  3  2 -1  0    7   6   1   3   1   3   4   4   1   5   6   5   2   2   3  13  21   3   3   7  0.12 0.11
  237 I   -1 -1 -2 -2 -1 -2 -1 -2 -2  5  1 -2  0 -1 -1 -2 -2  0 -1  1    4   4   2   2   1   1   3   3   1  39  12   2   2   2   4   3   2   1   2   9  0.41 0.21
  238 F   -1  0  0  0  2  0  0 -1  2  0 -1  0  2  1  0 -1  0  4  1 -1    5   5   5   5   5   5   5   5   5   5   5   5   5   5   5   5   5   5   5   5  0.09 0.08
  239 N    0  0  0  0  1 -1 -1 -1  3  0 -2  0  2 -1  1  1  0  2 -1 -1    8   5   4   5   3   3   3   6   8   5   5   5   5   2   6  11   7   3   3   4  0.11 0.11
  240 L   -1 -1 -1  0  1 -1  0  2  0  1 -1 -2 -5  0  4  0 -1 -6 -6 -1    4   4   3   5   2   2   7  15   3   7   7   3   0   4  18   6   4   0   0   5  0.26 0.22
  241 S    0  0  0 -2  0  1 -1  0  1  1 -3  0 -1 -2 -1  3  0 -6 -1 -1    6   6   5   2   2   6   3   8   3   7   3   5   2   2   3  23   6   0   2   5  0.22 0.21
  242 A    1  1  0 -1 -4 -1 -1  2  2 -1 -3 -2 -4 -2 -2  3  0 -5 -4 -1   11   8   4   3   0   2   4  14   5   3   3   2   0   2   2  26   6   0   0   4  0.33 0.30
  243 S    0 -1  1 -1 -5 -1 -1  0 -5 -3 -5 -1 -5 -2 -2  5  0 -6 -1 -2    6   3   7   4   0   2   3   6   0   2   1   4   0   2   2  47   5   0   2   3  0.78 0.54
  244 Y   -1  0 -3 -3 -1 -2 -3 -2 -4 -1 -1 -3 -1 -1 -2 -2 -1  6  7 -2    6   5   1   2   1   2   2   4   0   4   6   2   1   2   2   3   4  12  38   2  1.05 0.58
  245 R   -1  0  0  0 -3  0  0 -1  1  0 -1  0  1  0  0  0  0  3  1  0    5   5   5   5   0   5   5   5   5   5   5   5   5   5   5   5   5   5   5   5  0.06 0.08
  246 P   -1  0  0  0  0  1  0  1  2 -1 -1  0  0  0  1  1  0 -3  0 -1    5   4   5   7   3   7   4  11   6   4   4   6   3   4   7  11   4   0   3   4  0.07 0.10
  247 G   -1  2  0  1 -4  0 -1  1  0 -1 -2  1  0 -1 -1  0  0  3 -1 -2    5  13   5   9   0   3   3  13   2   4   4   9   2   2   2   8   5   4   2   3  0.13 0.15
  248 D   -1  0  1  3 -4  0  1 -1  2 -2 -2  0  0 -1  2  1  0  1 -1 -2    4   6   6  15   0   4   9   3   6   2   3   5   3   3  11  10   5   2   2   2  0.21 0.21
  249 P    1  0 -1  0 -1 -1 -2 -1  2  1 -1 -1  0 -1  1  0  0  1 -1  2   11   4   3   6   1   3   2   4   5   9   5   3   2   3   8   9   5   2   1  15  0.07 0.12
  250 V    0 -1 -4 -1 -4  0  0 -2  1  0  0  0  0  0  4  0  0 -5 -4  1    7   3   0   4   0   4   7   2   3   5  10   5   2   4  22   7   6   0   0  10  0.29 0.27
  251 F   -1 -2 -1 -3 -2 -1 -3 -1  3  0 -1 -2  0  5 -2  0 -2  2  2 -1    4   2   3   1   1   3   2   6   8   5   4   3   2  28   2   8   2   3   7   5  0.50 0.35
  252 P   -1 -3 -2 -1 -1  0 -2  0 -1 -1 -1 -1  0 -2  5  0 -1  0 -3  1    6   2   2   3   1   4   3   9   2   3   6   3   2   2  31   7   3   1   1   8  0.47 0.36
  253 S   -1 -2 -1  1 -4 -1 -2  3  1 -1  1 -2  0 -4  0  3 -1 -1 -2 -1    4   2   2   7   0   2   2  19   3   3  12   2   2   0   4  25   3   1   1   4  0.31 0.30
  254 Q   -1  2  0 -2 -4  1 -1 -1  3  0 -1  0 -2 -1  0  2  0  0  1 -2    5  10   4   2   0   5   4   4   8   5   7   7   1   2   4  15   7   2   5   2  0.15 0.18
  255 A    1 -1 -2 -2 -2 -1 -2  0 -2  0 -1 -1  0 -4  1  4  2  1 -3  0   10   3   2   2   1   3   2   8   1   6   5   3   2   0   7  28  11   2   1   5  0.30 0.31
  256 S   -2  0 -1 -1 -2 -1 -2  0  0 -2 -1  0 -1 -1  2  4  2  1 -1 -2    3   6   3   3   1   3   2   6   2   3   5   5   1   2   9  28  12   2   2   3  0.31 0.31
  257 V   -1 -1  0 -1  1 -1 -5 -2  1  4 -1 -2  0  0 -1  0  0  2  0  1    4   4   4   4   3   3   0   4   3  21   7   3   3   4   4   8   5   3   3   9  0.25 0.18
  258 S   -1  1  1 -1  1  0 -1  0  1 -1 -2  0  1  0  1  3 -1  2  0 -1    4   8   7   3   3   4   3   6   4   3   4   5   3   3   6  19   4   3   3   4  0.15 0.16
  259 S    0  0  0  3  0  0 -1 -1  2 -1 -1 -1  0 -1  0  2  0 -4 -1 -2    6   5   4  19   2   3   3   5   5   4   5   2   2   3   5  15   5   0   2   2  0.17 0.22
  260 P    0 -1  0 -1 -5 -1 -2 -1  0  0 -3 -1  0 -1  6  1 -1 -6 -2 -2    8   3   5   4   0   2   2   6   2   5   2   4   2   3  34   9   4   0   2   3  0.59 0.44
  261 S   -1 -1 -1  0  0 -1 -1 -1  2  1  0 -1  0 -1  0  2  1  0  0  0    4   3   3   5   2   3   3   4   5  11  10   4   2   2   4  15   8   2   3   7  0.06 0.11
  262 S    1  0  0  0  0 -1 -1  1  0  0 -2 -1 -1 -2  0  2  0 -4  1  0   13   4   5   6   2   2   2  13   3   5   3   3   1   1   4  15   6   0   4   6  0.12 0.15
  263 T   -1  0 -1  0 -5 -1 -2 -1  2  0  0 -2  1 -1  0  2  2 -1 -2  0    6   5   3   6   0   3   3   5   4   5  11   3   3   2   5  17  13   1   1   6  0.17 0.17
  264 T    0  3 -1  0 -1 -1 -1 -1 -1  0  0  0 -2  0  0  1  0  0 -2 -1    7  14   3   5   2   2   5   6   1   6   8   6   1   3   6  11   7   1   2   4  0.11 0.12
  265 D   -1 -1  0  2 -2 -1  0  0  1 -1  0 -1  0 -3  2  1  2  0 -2 -2    6   3   5  11   1   3   6   7   3   4   8   4   2   1   9  10  10   1   1   3  0.13 0.14
  266 T    0  0  0  1 -5 -2 -2  1  1  1 -1 -1 -4  0  2  1  1 -5 -1 -1    6   4   4   7   0   2   3  12   3   7   7   4   0   4  10  11   8   0   2   4  0.13 0.13
  267 E   -1  0  1  3 -1  1  1 -1  1 -2 -2 -1 -2 -2  0  1  0 -2 -1 -1    6   5   6  15   1   6  11   5   4   2   4   3   1   2   6  11   5   1   3   4  0.19 0.17
  268 S   -1  0  1  0 -1  0 -1  0  1 -1  0  0  0 -2  1  1  0  4 -1 -2    6   5   7   5   2   4   3   7   4   3   9   7   2   2   7  13   5   5   2   3  0.11 0.11
  269 Q    1  1  0 -1  0  2  0 -1 -1 -1 -2  1  1 -3  1  1 -1 -1  0 -2   11   8   4   4   2   7   6   6   2   3   3   9   4   1   7  12   4   1   3   3  0.14 0.14
  270 R   -3  4  1  0 -5  1 -2 -1  2 -3 -2  2 -1 -1  2  0 -1 -5  1 -2    2  18   6   6   0   5   3   5   4   1   4  12   2   2  10   8   5   0   4   3  0.32 0.23
  271 V    0  0 -1 -2 -1  0 -1  0  1 -1  1  0  0  0  1  0  0  3  0  0    8   6   3   2   1   4   3   6   3   3  13   6   2   3   7   7   6   5   4   8  0.07 0.06
  272 S   -1 -1 -1  0 -4 -3 -1 -1  2 -2 -1 -3 -4 -2  5  2  0 -5 -1 -3    6   3   3   5   0   1   4   6   4   2   6   2   0   2  28  15   7   0   2   2  0.54 0.35
  273 R   -3  6 -2 -2 -1  0 -1 -2  0 -3 -3  1 -3 -1 -2  0  1 -5 -2 -3    2  43   2   2   1   4   3   3   2   1   3   8   1   2   3   6   7   0   2   3  0.86 0.50
  274 P    0 -1 -2 -1  0 -1  2 -4 -4 -2 -3  2 -2 -1  4 -1  1 -5 -2 -2    8   4   2   3   2   3  11   2   0   3   3  12   1   3  23   5  10   0   2   3  0.42 0.32
  275 R   -3  5 -3 -4 -1 -1 -3 -4  2 -1 -3 -2  2  5 -3 -3 -3 -2  3 -3    2  30   1   1   1   2   2   2   5   3   3   3   4  22   2   2   2   1  10   2  0.96 0.52
  276 P   -1 -4 -5 -3 -1 -3 -3 -5 -2 -4 -2 -4 -5 -6  8 -2 -1 -6 -5 -3    5   1   1   2   1   1   2   1   1   1   5   1   0   0  65   3   4   0   0   2  1.80 0.93
  277 L   -3 -5 -4 -4 -5 -3 -3 -4 -5 -1  6 -5 -2 -2 -2 -3 -3 -5 -5 -4    2   1   1   1   0   1   2   2   0   3  75   1   1   1   2   3   2   0   0   1  1.54 0.75
  278 F   -2 -2 -5 -4  0 -3 -5 -4  4 -5 -3 -5 -4  6 -3  1 -2  5  6 -5    4   2   1   1   2   2   1   2   9   1   2   1   0  29   2   9   3   7  24   1  1.28 0.64
  279 I   -2 -2 -2 -3  0 -2 -3 -1 -2  3  3 -3  2 -1 -1 -1  1 -3 -1  1    3   2   2   1   2   2   2   5   1  14  28   1   4   2   3   5   8   0   2  11  0.30 0.19
  280 D   -2  0  1  4 -2 -1  1 -2 -2 -4 -3  2 -4 -4  2  1  1 -4 -4 -4    3   5   5  22   1   3   8   3   1   1   2  11   0   1  12  11   8   0   1   1  0.45 0.31
  281 K    0  3  0 -1 -4  0 -1  1 -2 -2 -3  3  0 -2 -2  0  0 -4 -3 -3    8  19   4   4   0   4   3  12   1   3   2  16   2   2   2   8   6   0   1   1  0.32 0.23
  282 P    0 -1  0  0 -3  0 -1  1  0 -1 -3  0 -3 -3  4  2  0 -3 -3 -1    8   3   4   5   1   3   4  10   2   4   3   6   1   1  19  14   6   0   1   4  0.27 0.19
  283 L    0 -2 -2 -1 -1 -1 -1  0 -2  1  3  0  0  0  1 -1 -1 -2 -1  1    6   2   2   3   1   2   4   7   1   7  29   5   2   3   6   3   4   0   2  11  0.15 0.12
  284 S    1  0 -1 -1 -3 -2 -1  0 -1 -3 -2 -1 -1 -2  4  2  0 -1 -2 -2   10   5   2   4   1   1   4   7   2   1   4   3   2   2  22  17   6   1   2   2  0.36 0.23
  285 Q    0  1  0  0 -2  1  0 -1  0  0 -1  2  0 -1  0  0  1 -1 -1 -1    6   6   4   5   1   8   6   3   2   5   6  12   3   2   4   8  10   1   1   5  0.08 0.08
  286 L   -1 -2 -2 -2 -2 -1 -2 -1 -1  0  3 -1  1  1 -2  0  0 -2 -1  0    5   2   2   2   1   2   3   4   1   5  35   4   3   6   2   7   5   0   2   7  0.23 0.14
  287 A    2  0 -1 -1  0  0 -1  0  1  0 -1 -1  0  0  0  1  0  0  1  0   23   4   2   3   2   3   3   6   3   5   5   4   2   3   4  10   4   1   5   6  0.10 0.09
  288 K    0  2 -1 -1 -2  0 -1 -1  0 -1 -1  4 -1 -2  0  0  0 -2 -1 -1    7   9   3   3   1   4   4   3   3   4   6  25   2   1   5   9   6   0   2   4  0.20 0.14
  289 E   -1  0 -2  2 -3  0  4  0 -2 -1 -2  0 -2 -3 -1  1 -1 -3 -2 -1    5   6   2  11   1   3  29   6   1   4   4   6   1   1   3  11   3   0   1   4  0.33 0.20
  290 D   -1  1  0  5 -1  0  0 -1 -2 -3 -2  1 -2 -3 -1  1  0 -3 -3 -2    6   7   4  30   1   4   4   4   1   2   4   8   1   1   3  10   6   0   1   2  0.39 0.22
  291 P   -1  0 -1  0 -2  0  0  1 -1 -1 -2  0 -2 -1  4  1 -1 -3 -1 -2    4   5   2   4   1   4   6  12   1   3   3   4   1   2  25  12   4   0   2   3  0.34 0.21
  292 A    2  0  0 -1 -2  1  0  0 -1 -1 -2  2 -2 -3  0  1  0 -1 -2  0   17   5   5   2   0   8   4   7   1   3   4  13   1   1   4   8   7   1   1   7  0.14 0.14
  293 T    2 -2  2  0 -2  0  0  0 -2 -2 -1  0 -1 -2  0  0  2 -3 -2  0   18   2  10   6   0   4   7   6   1   2   5   5   1   1   5   6  12   0   1   6  0.14 0.14
  294 F   -1  0 -1 -3 -3  0 -2 -2  4 -1 -1 -2 -2  3  0 -1 -1  0  5  0    4   6   3   1   0   5   2   3  10   3   6   2   1  12   4   4   4   1  19   8  0.38 0.24
  295 S    0  1  0  0 -3 -1  0 -1  0 -2 -2  0 -1  0  0  2  0  1  3 -1    9   7   4   6   0   1   7   4   2   1   3   6   2   4   4  19   4   2  11   3  0.17 0.18
  296 Y    0  4 -1 -1 -2  2 -1 -3  1 -2  0  0  0  0 -2  1 -2 -3  1 -2    7  22   3   3   1  10   3   1   4   2  11   4   3   4   2  12   2   0   5   2  0.27 0.24
  297 F   -5 -7 -7 -8 -7 -7 -7 -5 -4 -4 -3 -7 -3  9 -8 -6 -7 -1  3 -6    1   0   0   0   0   0   0   1   1   1   2   0   1  81   0   1   0   1   8   0  2.89 1.21
  298 I   -1 -3  0  0  0 -1  3 -4 -2  1  1 -1  1 -2 -4 -1  2 -5 -2  1    5   1   4   6   2   2  20   1   1   9  13   3   3   1   0   3  16   0   1  10  0.28 0.27
  299 E   -4 -2 -4 -2 -6 -1  4 -4 -1  0 -3 -2 -5 -2 -4 -4  3 -2  7 -2    1   3   0   2   0   3  24   1   1   5   2   2   0   1   1   1  15   0  33   3  1.02 0.63
  300 G    4 -7 -6 -6 -3 -6 -6  6 -7 -7 -7 -6 -7 -7 -6  0 -3 -7 -7 -6   35   0   0   0   1   0   0  56   0   0   0   0   0   0   0   6   1   0   0   0  1.78 0.90
  301 V   -2 -6 -7 -7 -2 -6 -6 -7 -6  1  3 -6  2  2 -6 -6 -3  3  0  5    3   0   0   0   1   0   0   0   0   7  22   0   5   7   0   0   2   4   3  45  1.14 0.62
  302 T    4 -4 -4 -4  0 -4 -4 -3 -2 -3 -5 -5 -3  5 -6  2  1 -5  3 -3   30   1   1   1   2   0   1   2   1   1   0   0   1  26   0  13  10   0   9   2  0.94 0.60
  303 L   -5 -7 -8 -9  0 -7 -8 -9 -3 -2  5 -7  8 -2 -8 -7 -6 -3 -6 -4    0   0   0   0   2   0   0   0   1   1  61   0  33   1   0   0   0   0   0   1  2.15 0.98
  304 L   -7 -8 -9 -9 -7 -8 -8 -9 -8 -2  7 -8 -1 -2 -8 -8 -7 -7 -6 -2    0   0   0   0   0   0   0   0   0   1  95   0   1   1   0   0   0   0   0   2  2.43 1.06
  305 A    3 -2  4 -3  1 -1 -3 -1  0  0 -2 -2  0 -2 -4  0 -1  1 -1  0   32   2  23   0   3   2   0   4   2   5   4   2   3   2   0   5   2   2   2   6  0.40 0.26
  306 Y   -1  2 -3 -2  1  0 -1 -4  1  1 -2  2 -1  1 -4 -1 -2  6  4 -2    6  11   0   2   3   4   4   0   4  10   3  14   2   5   0   3   2  12  15   2  0.43 0.24
  307 N    0 -5  6  4  5 -4 -3 -4 -4 -6 -6 -4 -6 -6 -5  1  0 -7 -6 -6    7   0  43  25  11   0   0   0   0   0   0   0   0   0   0  10   4   0   0   0  1.36 0.52
  308 I   -1 -5 -5 -6 -4 -5 -5 -6 -5  5  0 -1  1  2 -5 -4 -1 -5 -3  5    5   0   0   0   0   0   0   0   0  30   8   5   4   7   0   0   3   0   0  38  0.91 0.37
  309 A    4 -2 -3 -3  1 -1  1 -1  0  0 -1 -3  1 -4 -3  1 -1 -5 -2 -1   45   2   0   0   3   2  11   3   3   7   4   0   4   0   0   9   2   0   1   3  0.47 0.31
  310 W   -1 -3 -4 -4  1  3 -1 -5 -1 -1 -2 -3 -2  1 -3 -2 -1  7  6 -1    6   1   0   0   3  16   3   0   1   3   2   0   1   5   1   2   4  17  29   4  0.92 0.40
  311 A   -2 -5 -5 -6 -4 -5 -5 -6 -5  3  5 -5  2 -1 -5 -4 -2 -4 -3  1    3   0   0   0   0   0   0   0   0  13  67   0   4   2   0   0   2   0   0   6  1.11 0.43
  312 C    1  1 -4 -4  7 -3 -4 -1 -4  0  1 -2  3 -2 -4  0 -1 -4 -4 -2   14  10   0   0  30   0   0   4   0   4  12   1   9   2   0   6   4   0   0   2  0.75 0.36
  313 N   -1  2  2 -2  3  0  0 -3  4 -2 -2  0 -1  1 -4  0 -2  5  2 -2    6  14  11   1   7   2   6   1  11   3   3   4   1   6   0   7   1   8   8   1  0.32 0.22
  314 T    1  0 -1 -3  0 -1 -1 -3  1 -3 -2 -1 -1 -2 -3  3  4 -4  0  0   10   6   2   1   2   3   3   1   3   1   3   2   1   1   0  26  25   0   4   6  0.40 0.29
  315 Q   -2  1 -2 -4  2  6  0 -5  2 -2  0  0 -1 -2 -4 -2 -2 -4 -1 -1    3   7   1   0   4  47   4   0   4   2   8   4   1   2   0   3   2   0   3   5  0.83 0.46
  316 G    0  1  1  1 -3  1  1  0  2 -2 -2  1 -2 -2 -2  0  0 -2  1  0    8   8   7   8   0   7   8   8   7   0   1   8   0   0   0   8   8   0   7   8  0.13 0.12
  317 V   -1 -2 -1 -3  2 -1 -1 -1 -2  2  2 -1  2  1 -3 -1  0 -2  0  2    4   0   4   0   5   3   4   4   0  14  20   3   6   5   0   4   5   0   4  15  0.12 0.13
  318 S   -1  1  1  1 -3  1  1 -1  2  0 -1  0 -1 -1  2  0  0 -3  0 -1    2   9   7   9   0   5  11   3   6   6   5   5   2   3   9   7   5   0   3   3  0.12 0.11
  319 I   -1 -1 -1 -1  0 -2 -2 -2  0  3  0 -3  1  0 -1 -1  1 -4 -1  3    5   3   2   3   2   2   2   3   2  23   6   0   3   3   2   5  11   0   2  21  0.25 0.23
  320 G   -1 -1  0  0 -3 -1 -2  2  0  0  0 -2  0 -2  3 -1  0 -4 -1  0    5   4   4   4   0   2   2  16   2   7  11   1   3   2  18   5   4   0   2   7  0.20 0.18
  321 D   -1 -1  1  3  0 -1  1 -1 -2 -1  0 -1  0 -1  0  0  0 -3 -2  0    4   2   6  23   2   2   8   5   0   3  11   3   2   3   4   8   6   0   1   6  0.17 0.15
  322 K    0  0  0  1 -2  0  1 -1  1  0  0  0  0  0  0  0  0 -2 -1  0    7   6   4  10   0   4   9   4   4   7  11   3   3   6   4  10   3   0   1   6  0.03 0.05
  323 A    0  2  0  1 -2  2  0 -1  0 -1 -1  0  0 -2 -1  1  1 -2 -2 -1    5  15   5   8   0   9   5   5   2   3   6   4   2   1   2  11  11   0   1   5  0.13 0.12
  324 L    0  0  0  0 -2  0  0 -1  2  0  0  0  0 -2  1  1  0 -2 -1  0    9   6   3   6   1   5   7   4   8   7   7   4   2   1   6  12   5   0   1   5  0.07 0.07
  325 F   -1  1 -2 -1  0 -1 -1 -1 -2  0  0 -1 -1  2 -1 -1  0  6  0  1    5   9   1   4   2   2   3   6   1   5   9   3   1  11   3   3   6  15   2  10  0.28 0.17
  326 E    0  0 -1  3  1  2  4 -1  0 -3 -2 -1 -2 -3 -2  0 -1 -3 -2 -2    8   4   2  14   3  10  29   3   2   1   5   2   1   1   1   5   3   0   2   3  0.35 0.24
  327 D   -1 -2 -1  5 -4  1  2 -2 -3 -1 -3 -1 -3 -3 -2  1  2 -4 -4 -1    4   1   2  33   0   5  12   2   0   3   2   2   0   1   2   9  17   0   0   4  0.53 0.37
  328 M   -1 -4 -4 -3 -3 -4 -4 -3 -4  3  3 -4  0 -1 -2 -2 -1 -4 -1  3    6   0   0   2   0   0   0   2   0  17  36   0   2   2   2   2   4   0   2  20  0.51 0.33
  329 S   -1  2 -3 -1  7 -2 -2 -1 -2 -3 -1 -2  0 -3  3  1 -1  0 -2 -3    4  14   0   3  23   1   3   4   1   1   6   1   2   1  17  11   3   1   1   1  0.63 0.39
  330 N    1 -2  5  1 -2  1 -2 -3  4 -3 -3 -2 -2 -3  1  0 -2 -4 -2 -4   11   2  36   7   1   7   1   1   9   2   3   2   1   1   7   5   2   0   1   1  0.64 0.41
  331 M   -2 -4 -3 -4 -3 -3 -4 -4 -4  3  3 -4  3 -1  1 -2  3 -4 -3  1    3   0   1   0   0   0   1   1   0  15  30   1   9   2   7   2  18   0   0   9  0.54 0.36
  332 G   -1 -1 -2 -2 -4 -2 -3  4 -2 -1  3  1 -2 -2 -3 -2 -3 -4 -3 -2    4   3   1   2   0   1   2  37   1   3  30   8   0   1   1   2   1   0   0   2  0.54 0.36
  333 R    0  4 -1 -2 -4  1 -1 -2  2 -4 -2  2 -3 -3  3 -1 -1 -3  2 -3    6  27   3   2   0   7   3   3   5   1   3  11   0   0  13   3   4   0   9   1  0.45 0.31
  334 N   -3 -1  7 -2 -1 -3 -3 -3  0 -2  0 -2 -4 -2 -5 -1 -1 -5 -1 -3    1   3  60   2   1   0   1   1   2   3  11   2   0   1   0   5   3   0   2   2  1.21 0.65
  335 L   -4 -4 -5 -5 -4 -4 -5 -3 -5  0  6 -3  3 -2 -2 -4 -3 -4 -4  0    1   0   0   0   0   0   0   3   0   3  72   1   8   1   3   1   1   0   0   4  1.20 0.59
  336 Y   -3 -2 -4 -4 -4 -2  0 -2  3 -2  0  0 -1  1 -4 -4 -2  8  6 -2    1   2   0   0   0   1   6   3   6   2   9   6   1   5   0   1   2  22  30   3  1.09 0.53
  337 N   -1  2  2  0 -2  2  0 -1  1 -2  0  0  0 -2 -3  1  1 -1 -1 -1    4  11  15   4   1  11   4   4   4   2   9   3   2   1   0  11   7   1   2   4  0.15 0.16
  338 L   -3 -2 -3 -4 -1 -1 -1 -3 -4  0  5 -4  1 -1 -4 -4 -2 -4 -3  0    1   3   1   1   1   3   4   2   0   3  65   0   2   2   0   1   2   0   0   6  0.83 0.47
  339 L   -2 -2 -4 -5  4 -4 -4 -5 -4  1  4 -3  0  2 -1 -2 -1 -3  0 -1    2   2   0   0   9   0   0   1   0   7  50   2   1  10   3   3   4   0   3   3  0.66 0.39
  340 I   -1  0  0  0  2  0  0 -3  2  0 -1  0  1  1  0  0  0  3  1  0    5   5   5   5   5   5   5   0   5   5   5   5   5   5   5   5   5   5   5   5  0.08 0.12
  341 N    1 -1  1  0  1  0  0  1  1 -1 -1  0  0 -1  0  1  0 -3  0  0   11   3   6   4   3   3   4   9   4   4   5   5   3   3   3  14   7   0   3   5  0.06 0.09
  342 H   -1  1  0  0  2  1  0 -2  2  0 -1  0  1 -1  2  0  0 -3  0  0    3  10   3   5   4   7   5   3   6   6   7   6   4   2  10   7   6   0   3   5  0.09 0.12
  343 Q   -1  0 -1  0  4  2  1 -2  0 -2 -2  0  0 -1  3  2  0 -4 -3 -2    5   4   3   5   9   9   8   3   2   2   3   6   2   4  13  14   5   0   0   2  0.24 0.26
  344 S    1  0  0 -1  0  1 -1  0  0  0 -1 -1 -1 -2 -1  2  1 -4  0 -1   12   5   4   4   2   5   3   5   2   5   7   3   2   2   3  21   8   0   3   4  0.12 0.18
  345 A    1  1  0 -1 -1  0 -1  1  0  0 -1  0 -1 -2  1  2 -1 -4 -1 -2   14   8   3   4   2   4   3   9   2   6   7   5   1   1   9  15   3   0   2   2  0.11 0.16
  346 G    0  1  1 -1 -3 -1 -1  2  1 -2 -1 -1  0 -2  2  1  0 -4 -2 -2    9  10   7   2   0   2   4  18   3   2   5   3   2   2  10  10   7   0   1   2  0.19 0.20
  347 K    0  1  1 -1  0  0  0 -2  0 -2 -2  1 -2 -2  1  2  0 -1  0 -1    9   9   6   3   2   4   5   3   3   2   5   8   0   2   8  17   7   1   3   4  0.13 0.16
  348 D    0 -1  0  2 -3  1  0  0  0  0 -1  0 -1 -2  1  1  1  1 -1 -2    8   3   4  14   0   6   3   8   3   5   5   5   1   2   7   9   9   2   3   2  0.11 0.13
  349 P    0  0  0 -2 -1  0  0 -2  3 -1 -1  0  0 -2  5  1 -1 -4 -3 -2    6   4   4   2   1   4   5   2   6   4   6   5   2   2  26  12   3   0   0   3  0.38 0.31
  350 D    0  0  1  2 -3 -1  0  0  0 -2 -1  0 -2 -1  1  2  0 -4 -3 -1    6   6   7  14   0   2   5   6   2   2   5   5   1   2   7  16   7   0   0   6  0.15 0.18
  351 T    0  2  1  0 -2  0  0 -1 -2 -2 -2  0 -2 -2  1  1  2 -1 -1  0    6  11   8   6   1   5   6   5   0   2   3   4   1   1   6  10  15   1   3   6  0.15 0.19
  352 L    0  0  0  0 -3 -1  1 -2 -1  0  1  0  0 -1  1  1  1 -3 -1  0    7   6   6   5   0   2   8   3   1   7  13   5   2   2   7  10   9   0   1   4  0.07 0.10
  353 K    0  2  0  0 -3  0  0  0  1  0 -1  0 -1 -2  2  1  0 -3 -2 -1    5  11   5   5   0   5   5   8   3   6   6   6   1   1  10  10   6   0   1   5  0.10 0.12
  354 N    0  1  1 -1 -3  1  0  0 -1 -2 -2  1 -2 -2  2  2  0 -1 -3 -1    5   9   8   3   0   5   4   8   1   2   4   8   1   2  10  19   6   1   0   4  0.18 0.21
  355 E    0  2  0  1 -4  0  1  1 -1 -2 -1  0 -1 -4  2  1  0 -1 -2 -2    7  12   5   9   0   5   8   9   2   2   6   4   1   0  11  10   6   1   1   2  0.17 0.18
  356 A    1  1 -1 -3 -2  0 -1  0  1 -2 -1  1 -3 -2  0  2  1 -4 -3  0   14   8   2   0   1   3   4   8   4   2   6   7   0   2   5  19   8   0   0   6  0.18 0.23
  357 D   -1  0 -1  2 -2  0  0  0  1 -2 -1 -1 -1 -2  2  1  1 -4 -2 -1    4   6   2  15   1   3   4   7   3   2   7   4   2   2  11  13   8   0   1   4  0.14 0.17
  358 G    1 -1  0 -1  0 -2 -1  1  0  0 -1 -1 -2 -2  2  2  1 -4 -1 -1    9   2   5   3   2   0   2  12   3   6   7   3   1   1   9  20   9   0   2   4  0.16 0.20
  359 Q   -1  2  0 -1 -2  2  0 -3 -2 -3 -3  0 -1 -2  3  2  2 -1 -1 -2    5  13   4   3   1  10   4   1   1   1   2   4   2   2  17  14  12   1   2   2  0.35 0.34
  360 T    0  0 -1 -1 -4 -1 -3  1 -4 -3 -2 -2 -4 -1  4  2  2 -5 -4 -1    9   6   3   3   0   2   1   9   0   1   4   2   0   3  21  16  13   0   0   4  0.40 0.36
  361 S    0  0  1  0 -2  1  0  0 -1  0 -1  0 -1  0  1  0  0 -2 -1  0    7   7   7   7   0   7   7   7   0   7   7   7   0   6   7   7   7   0   0   7  0.05 0.06
  362 R   -1  2  1  0 -3  0  0 -1  1  0 -1  0  0 -1  1  1  0  3  0 -1    5  12   7   5   0   4   4   5   3   5   5   4   3   3   8  10   4   5   3   3  0.11 0.13
  363 F    0 -1 -1 -1 -3 -1 -2 -4  0  1  3 -2  3  3  0 -1 -1 -3 -2  0    7   2   3   3   0   2   2   0   3   7  30   2   8  12   4   5   2   0   0   5  0.25 0.25
  364 G   -1 -1  0 -4  2 -4 -4  6  2 -5 -2 -4 -5 -5  0  0 -1 -5 -5 -5    5   3   4   0   4   0   0  59   4   0   5   0   0   0   5   6   3   0   0   0  1.08 0.54
  365 Q   -3  3  0 -1 -1  1  0 -3  5 -2 -2  0 -3 -1  2  1 -2  0 -1 -1    0  18   3   4   1   5   5   2  15   3   4   3   0   3  10  13   1   2   2   6  0.33 0.28
  366 Y   -2  1 -2 -4 -4 -1 -2 -2  0 -1  0 -2  2  4  1 -1 -3  3  4 -1    3   7   2   0   0   3   2   3   2   4   8   2   5  21   8   4   0   4  18   4  0.46 0.32
  367 S    0 -4 -1 -1 -4  0 -1 -2 -4 -3 -3 -1 -4 -2 -4  5  2 -5 -2 -2    7   0   2   4   0   3   3   3   0   2   2   3   0   2   0  55  10   0   2   2  0.84 0.56
  368 H    0 -2  0 -2 -5  0 -1 -3  9 -5 -5 -2 -1 -4 -1  0 -1 -5 -1 -3    9   2   4   2   0   3   4   2  51   0   1   2   1   0   4   7   4   0   1   2  1.38 0.65
  369 G    1 -1 -1  0 -3  0 -1  4 -1 -4 -3 -2 -3 -4 -3  1  1 -4 -4 -1   14   3   2   5   0   3   2  35   1   0   3   2   0   0   0  13  11   0   0   4  0.47 0.32
  370 T    1 -3  0 -3 -3 -1 -3 -3  1 -3 -3 -3  2  0  0  3  5 -4 -3 -1    9   0   4   0   0   2   0   0   4   0   1   0   5   5   4  20  40   0   0   3  0.70 0.46
  371 T    4 -2 -1 -2 -1 -2 -2 -1 -3 -1 -2 -2  0 -4 -2  2  2 -4 -3 -1   43   2   3   2   1   0   2   4   0   4   3   1   2   0   2  14  14   0   0   3  0.50 0.35
  372 F   -1  1 -1 -2 -2 -2 -2 -2  7 -1  1 -1 -2  1 -3  0  0 -3  1  0    6   7   2   2   1   0   1   2  30   2  13   3   0   5   1   6   6   0   4   6  0.47 0.31
  373 Y   -1 -3  1 -1 -3 -1 -2  2  1 -2 -3 -2 -3 -3  0  4  0 -4  0 -2    2   1   7   2   0   3   2  17   4   2   2   1   0   0   5  41   5   0   4   3  0.46 0.34
  374 H   -3 -3  1 -1 -3 -1 -3 -1  0 -2  0 -3 -2  6 -3  2 -1  1  2 -2    1   1   8   3   0   2   1   4   2   2   9   1   0  36   1  16   3   2   6   3  0.55 0.33
  375 L    0 -1 -2 -2 -2 -1 -2 -1 -2  0  3 -1  0  0 -2  0 -1 -2  1 -1    8   3   2   2   0   3   1   4   0   3  42   4   1   4   2  10   3   0   5   3  0.23 0.21
  376 G    1 -2  0 -2 -1 -1 -1  4  0 -1 -2  0 -3 -3  1  1 -1  0 -3 -1   12   0   5   2   1   2   3  35   2   3   3   5   0   0   6  13   3   1   0   3  0.37 0.25
  377 G    1 -1  1 -1 -3 -1 -2  2 -3 -2 -3 -1 -2 -1  1  3  1 -4 -3 -2   12   2   8   2   0   2   0  18   0   1   1   2   1   3   7  27  10   0   0   2  0.36 0.27
  378 A    3 -1 -1  0 -3 -2 -1  0  2 -2 -2 -1 -2 -3  3  1 -1 -2 -1  0   28   3   2   4   0   0   4   7   5   2   3   3   0   0  13  12   2   1   3   8  0.24 0.22
  379 E   -1 -1  1  0 -1  2  3  0  1 -2 -2 -1  0 -3  0  0  1 -4 -1 -2    5   3   6   4   1   9  28   6   4   3   3   2   2   0   3   5  12   0   2   2  0.27 0.23
  380 G   -1  0  1  1 -4 -2 -2  5 -3 -4 -3 -3 -4 -3  2  0 -1 -5 -4 -2    3   7   8   7   0   2   1  42   0   0   3   0   0   1  11   8   3   0   0   4  0.60 0.36
  381 T    0  0  1  0 -2  0  1 -1 -2 -1  0  0 -1 -1  1  1  1 -3 -2  0    9   6   6   4   0   4   9   4   0   1  11   3   1   2   6  10  13   0   0   8  0.09 0.11
  382 E   -1 -1  2  2 -4  2  3 -2  0 -3 -2 -1 -2 -4  1  1  0 -4 -3 -2    5   1  10  12   0  12  21   2   2   1   3   2   1   0   6  14   4   0   0   3  0.35 0.26
  383 F   -1  0 -3 -2 -3 -1 -3 -2  3  0  1 -3 -1  3 -2  0  1  0  3  0    6   5   0   2   0   2   0   2   8   4  16   0   0  17   1   7   9   1  13   7  0.26 0.23
  384 S    0  1 -1  0 -2  1 -1 -2 -2  1  0  1  2  1 -2  0  1 -2 -1  0    8   8   0   8   0   8   0   1   0   8   8   8   8   8   0   8   8   0   0   8  0.06 0.10
  385 K    0  3  0  0 -3  1 -1  0 -1 -3 -1  2 -2 -3  0  0  1  2 -2 -2    5  25   5   5   0   5   1   7   0   1   6  14   0   0   5   7  10   4   0   1  0.23 0.16
  386 T    0  1  1  1 -2  0  0  1  1 -1 -2  0  0 -2  0  1  1 -3 -2  0    7   8   8   9   0   3   7  10   4   4   1   5   5   0   3  12   8   0   0   7  0.10 0.09
  387 F   -1 -4 -1 -1  1 -3 -3 -1  0 -1  1 -3 -2  3  0 -1 -3  9 -1 -1    6   0   2   5   3   0   0   4   2   3  13   0   0  15   4   5   0  30   0   5  0.81 0.38
  388 K    0  4  1  0 -3  0  0  0  0 -3 -2  3 -2 -1 -1  1  0 -3 -2 -3    6  25   6   4   0   3   6   5   2   0   2  19   0   3   2  11   4   0   0   0  0.31 0.22
  389 L   -1 -1 -3 -3 -1 -1 -3 -3 -1  1  3 -2  2  2  0  0  0  1  0  1    5   2   0   0   1   2   0   1   2   7  31   2   5  11   4   8   5   2   2   8  0.20 0.17
  390 P    1  0  0 -1 -3  0  0  0  1 -1 -1 -1 -1 -1  4  1  0 -3 -1 -2   11   6   4   2   0   5   6   6   4   3   6   1   2   2  26   9   4   0   2   1  0.32 0.19
  391 S    0  1  0  0 -3  0 -1  1  0 -2 -1  1  0 -1  0  2  2 -3 -2 -2    6   7   3   4   0   4   0  11   3   1   6  11   3   2   5  20  13   0   0   0  0.16 0.17
  392 P    0 -3 -2 -1 -4  0 -1 -2 -1  0 -1 -3 -3  0  6 -1 -2 -3  2 -1    7   0   2   4   0   4   3   2   1   5   8   0   0   4  41   4   2   0   7   4  0.70 0.36
  393 M    1  0  2 -2 -2 -2 -2 -2  1 -1 -1 -1  1 -1 -1  1  3  0 -2  1   13   5  10   0   0   0   0   2   4   3   6   3   4   2   3   8  25   1   0  10  0.18 0.21
  394 K   -1  4  0  0 -4  0  1 -3 -2 -1 -2  4  1 -4 -3  1 -1 -4 -3 -2    5  23   3   5   0   2   8   0   0   3   3  27   4   0   0  10   2   0   0   2  0.42 0.30
  395 L    0 -2 -3 -3  0 -1 -3 -1 -3  3  2 -2  1  0 -3 -1 -1 -3 -1  2    9   2   0   0   1   4   0   5   0  22  21   2   3   4   0   5   2   0   1  18  0.24 0.20
  396 A    2  0 -2 -3 -2 -1 -2 -2 -1  1 -1 -1  1 -3  0  2  0 -4 -1  2   20   5   0   0   0   2   0   1   2   9   4   3   3   0   4  16   5   0   2  23  0.22 0.23
  397 D   -2 -3 -1  7 -5 -2  2 -4 -3 -2 -2  1 -4 -5 -2 -1 -3 -5 -5 -3    3   0   2  62   0   0  10   0   0   2   4   9   0   0   2   4   0   0   0   1  1.19 0.55
  398 K   -2  3 -1  0 -4  1  1 -2  0 -2 -2  4 -3 -4  1  0 -1 -4  0 -2    0  21   2   5   0   6   7   3   2   2   3  29   0   0   6   6   3   0   3   3  0.41 0.29
  399 L   -1 -4 -4 -4 -3 -3 -2 -2 -4  2  4 -2  0  0 -1 -2  0 -4 -3  3    3   0   0   0   0   0   3   3   0   9  41   2   2   3   3   2   5   0   0  25  0.48 0.32
  400 K   -2  5 -2 -1 -5  0  1 -2 -3 -4 -2  5 -3 -5 -3 -1 -2 -5 -4 -2    2  31   0   3   0   2   9   3   0   0   4  36   0   0   0   3   2   0   0   4  0.76 0.44
  401 K    1  2  1  0 -3  1  1  0  0 -3 -2  1 -1 -3 -1  2  0 -3 -1 -3   10  15   5   3   0   5  12   7   2   1   2   8   2   0   2  17   6   0   2   0  0.22 0.18
  402 K    0  0 -2 -2  0  0 -2 -2  3  0  0  1  2  1 -1 -1  2  1  1  0    8   3   0   2   2   5   0   1  10   5   8  10   6   6   2   3  15   2   4   6  0.10 0.15
  403 L   -1  2 -4 -5 -3 -3 -4 -3 -4 -1  5 -3  1 -1 -4 -4 -3 -4 -3  1    4  11   0   0   0   0   0   2   0   0  63   0   3   2   0   0   0   0   0  11  0.80 0.44
  404 L    0  1 -1 -1 -2  1  0 -2  1  1  1  0  1  0 -2 -1 -1 -2  0  0   11   7   3   2   0   7   5   1   5   9  19   7   5   3   0   2   3   0   3   7  0.07 0.10
  405 S    2 -1  1 -1  1  0 -1  3  0 -3 -2 -1 -2 -3 -3  2  0 -4 -2 -1   17   3   8   2   3   4   3  24   3   0   4   2   0   0   0  16   6   0   1   3  0.28 0.22
  406 E   -4  0 -1  3 -6  0  6 -4 -3 -5 -5  0 -4 -5 -4 -1 -3 -5 -5 -5    0   5   2  17   0   2  65   0   0   0   0   4   0   0   0   3   0   0   0   0  1.36 0.62
  407 A    0  1  0 -1 -3  0  1 -3 -3  2  0 -1  5 -2 -1 -1  0 -4 -3  1    8   7   5   3   0   5   9   0   0  11   4   2  22   1   2   3   6   0   0  10  0.25 0.25
  408 P    2  0 -1  0 -2  2  0  0 -2  0 -2  0  1 -3  1  1  1 -3 -3 -1   19   4   2   4   0  13   4   6   0   7   2   5   4   0   7  12   9   0   0   2  0.17 0.16
  409 T    1  0  2  2 -3 -1  0  3 -2 -2 -2  0  0 -3 -3  0  0 -4 -3 -1   13   4  10  12   0   0   6  25   0   1   3   6   3   0   0   7   4   0   0   4  0.26 0.19
  410 P    4 -1 -2  0 -3  1  0 -2 -3 -2 -1 -1 -2 -3  1  0 -2 -4 -3  0   46   3   0   5   0   7   6   1   0   2   6   2   0   0   8   5   1   0   0   6  0.41 0.30
  411 D   -3 -3 -2  4 -5  1  6  0 -3 -5 -5 -2 -4 -5 -4 -1 -3 -5 -5 -5    0   0   0  22   0   4  60   8   0   0   0   0   0   0   0   3   0   0   0   0  1.28 0.57
  412 W   -6 -6 -7 -7 -6 -5 -2 -6 -6 -6 -5 -6 -5 -1 -1 -5 -6 12 -2 -6    0   0   0   0   0   0   3   0   0   0   0   0   0   2   3   1   0  88   0   0  4.10 1.15
  413 E   -2 -3  0  5 -6  0  5 -4  3 -5 -5 -1 -5 -5 -4 -3 -3 -5 -4 -5    3   0   3  37   0   2  45   0   6   0   0   1   0   0   0   0   0   0   0   0  1.26 0.54
  414 V   -2 -2 -3 -4 -3 -3 -3 -4 -4  2  3 -2  3  1 -2 -3 -2 -3 -2  3    0   3   2   0   0   0   1   0   0  13  35   1   7   4   2   0   0   0   0  30  0.57 0.30
  415 L   -2 -3 -5 -5 -3 -4 -2 -5 -4  3  4 -3  0 -2 -4 -4 -2  0 -3  4    1   1   0   0   0   0   3   0   0  16  38   2   1   0   0   0   0   1   0  35  0.73 0.36
  416 D   -2 -1  0  5 -5 -1  4  0  0 -5 -5 -1 -4 -5 -4  0 -3 -5 -4 -5    1   3   4  42   0   2  29   7   2   0   0   2   0   0   0   7   0   0   0   0  0.95 0.43
  417 D   -2 -2  1  3 -4  1  4  0 -2 -2 -4  0 -3 -4  0 -1  0 -4 -4 -2    1   1   6  20   0   7  35   8   0   2   0   5   0   0   4   2   6   0   0   3  0.53 0.30
  418 D   -1  0 -1  5 -4  0  2 -2  1 -2 -4  2 -3 -4 -2  0  0 -4 -3 -3    3   5   0  39   0   3  11   2   4   2   0  15   0   0   1   7   4   0   0   0  0.59 0.30
  419 A    2 -1 -1  2 -4  0  4  1 -2 -4 -4  1 -3 -4 -2 -1 -2 -2 -3 -2   19   2   2   9   0   2  41  12   0   0   1   7   0   0   1   0   0   1   0   3  0.53 0.29
  420 W    0 -1 -3 -2 -4 -1  1  1 -3 -2 -2 -2 -3  0 -4 -3 -3 10 -1 -2    8   3   1   3   0   2   9  10   0   2   3   3   0   4   1   1   1  48   0   2  1.45 0.44
  421 K    1  1  0  3 -3  0  2 -1 -1 -2 -2  0 -2 -3  1 -1 -2 -4 -3  0   12   9   3  23   0   2  19   4   1   0   4   5   0   0   6   1   0   0   0   8  0.28 0.18
  422 V   -1 -2 -1  3 -3 -1  2 -2 -1  2 -1 -1  0 -3  0 -2 -1 -4 -3  2    3   0   1  23   0   2  14   3   1  12   4   3   3   0   5   0   3   0   0  20  0.24 0.18
  423 E    0  1 -1  2 -3  0  3  0 -1 -1 -2 -1  3 -3 -2  0 -1 -4 -3 -1    7   7   2  12   0   2  30   6   1   4   0   2  11   0   0   8   3   0   0   4  0.29 0.21
  424 E   -1  0  0  3 -4  0  4  0  0 -4 -4 -1 -1 -2  1 -1 -2 -4 -3 -4    5   6   4  21   0   1  37   6   2   0   0   2   2   2   8   4   0   0   0   0  0.57 0.29
  425 E    0  0  1  2 -4  0  3  0 -2 -3 -2  0  1 -3  1 -1 -1 -4 -1 -3    9   6   8  14   0   2  26   7   0   0   2   6   6   0   7   0   4   0   3   0  0.29 0.20
  426 L    1  0 -2  0 -3 -1  1 -2 -1  0 -1  0  1 -1  3 -1  0 -4 -2  1   12   7   0   5   0   1  13   2   2   7   3   3   4   2  15   2   7   0   0  15  0.17 0.14
  427 A    1  1 -1  0 -3  0  2  1 -2 -1  0  0  1  0 -1  1 -1 -3 -1 -1   11  10   0   4   0   2  16  11   0   4  10   3   4   6   1  11   1   0   1   3  0.08 0.10
  428 D    1  0  1  5 -4 -1  0 -1  0 -3 -3 -2 -1 -4 -3  1 -2 -4 -1  0   11   6   6  41   0   1   3   4   2   0   1   0   2   0   0   9   0   0   3  10  0.49 0.28
  429 G    1 -2 -1  1 -3 -1  0  4 -3 -4 -4 -1 -3 -4  2  0  0 -4 -4 -2   11   1   2   8   0   2   6  39   0   0   0   2   0   0  11   6   7   0   0   3  0.50 0.24
  430 S    0 -1  0  0 -3 -2 -2  2 -3 -1 -2  0 -1  0  1  1  0 -3 -2  2    7   2   6   4   0   0   1  16   0   2   1   6   1   6   7  11   7   0   0  23  0.14 0.15
  431 Q    0  0  0  0 -2  0 -1  0 -1  0  1  0  0 -1  0  1  0 -3 -2  1    6   6   4   5   0   2   3   5   1   3  19   6   2   2   4  15   3   0   0  12  0.05 0.08
  432 V    1  1  0  1 -2 -1  0 -1 -1  0  0  0  0  0 -1  0 -1 -2  0  1   13  14   3   9   0   0   6   4   1   4  11   3   1   5   2   4   3   0   4  14  0.04 0.08
  433 N    0  0  1  1 -3  1  1  1  0 -2 -1  0 -1 -2  1  1  0  0 -2 -1    4   4   8   9   0   5  11  12   2   1   4   3   1   1   7  12   6   1   0   7  0.12 0.09
  434 K    1  0  0  2 -3  0  1  0  1 -3 -2  3 -2 -3 -2  1  1 -3 -2 -1   11   3   4  12   0   1   6   8   5   0   4  22   0   0   0  12   8   0   0   3  0.21 0.15
  435 N    2  0  0  0 -2  0 -1  1 -2 -2 -2  1 -2 -3  1  1  1 -3 -3  0   23   7   2   5   0   3   3  11   0   1   1   8   0   0   6  11  10   0   0   9  0.18 0.14
  436 L    0  2 -2  1 -3 -1  0 -1  1  0  0  0  2 -3  1 -1  0 -3 -2  0    9  17   0  11   0   1   5   4   4   6   7   3   9   0   6   3   4   0   0   8  0.12 0.13
  437 L    0  0  0 -1 -2  1  1  0  1  0  0  0  0 -2  1  0  0 -3 -2  0    8   4   3   3   0   8   8   9   5   4  11   4   1   1   8   5   8   0   0  10  0.06 0.06
  438 M    0  0 -1  0 -1  0  3  1 -2 -1 -1 -1  0 -3  0  1  0 -4 -3  1    6   5   1   3   1   3  24  10   0   2   4   0   4   0   4  15   6   0   0  13  0.18 0.18
  439 G    0 -2 -1  1 -3 -1  1  3 -1 -2 -3  0 -3 -4 -2  2  1 -4 -3 -1    4   0   1   9   0   2   9  31   2   3   2   4   0   0   1  17  10   0   0   5  0.34 0.22
  440 D    1  0  0  4 -4  0  3  0 -1 -4 -4 -1 -3 -3 -3  0 -1 -4  1 -2   14   5   4  28   0   3  19   6   1   0   0   2   0   0   0   6   3   0   6   3  0.40 0.24
  441 K    0  2  0  1 -3  1  0  1 -2 -4 -4  2 -3 -2  1  2  1 -4 -3 -3    6  15   4   8   0   5   6  10   0   0   0  13   0   2   6  16  10   0   0   0  0.28 0.18
  442 S    0  0  1  1 -3  0  2  0 -2 -2 -3  1  0 -3 -1  2  0 -4 -3 -1    8   4   9   8   0   3  16   8   0   0   0   7   3   0   3  18   6   0   0   6  0.21 0.15
  443 S    1 -1  1  3 -3 -1  1  2 -2 -3 -3  0 -3 -4 -2  2  1 -4 -3 -3   10   3   7  17   0   0  10  13   0   0   1   4   0   0   0  21  10   0   0   0  0.35 0.21
  444 P   -1  4  1  0 -4 -1  2  0 -2 -3 -4  2 -3 -4  3 -2 -1 -4 -3 -3    5  24   6   3   0   0  18   9   0   1   0  10   0   0  19   0   3   0   0   0  0.52 0.27
  445 R    0  3  0  2 -3  1  1  0 -2 -3 -2  1 -2 -3  1  1  0 -4 -3 -2    6  19   3  12   0   7   8   6   0   0   3   9   0   0   8  11   3   0   0   3  0.26 0.15
  446 R   -2  4 -1  0 -4  1  0  0 -2 -2 -3  3 -2 -4 -1  0  0 -4 -2 -2    2  28   2   4   0   4   5   6   0   3   1  26   0   0   3   7   5   0   1   2  0.42 0.24
  447 G   -1 -1  0 -3 -4 -3 -2  6 -3 -4 -4  1 -1 -4 -3  0 -1 -4 -4 -3    4   3   5   0   0   0   2  62   0   0   0   8   2   0   0   7   4   0   0   2  0.94 0.37
  448 T    1 -2  1  0 -2 -2 -1  0 -2 -2 -2  0  0 -3 -2  1  4 -4 -2  1   14   0   6   5   0   0   3   5   0   0   2   5   2   0   0  13  32   0   1  10  0.30 0.22
  449 S   -1  1  3  0 -3 -1  0 -1 -2 -4 -4  1 -3 -2 -3  4 -1 -5 -3 -4    2   9  18   5   0   1   3   3   0   0   0   7   0   2   0  47   1   0   0   0  0.64 0.36
  450 G   -3 -5 -3 -4 -5 -5 -5  7 -5 -7 -7 -4 -6 -6 -1 -2 -4 -5 -6 -6    0   0   0   0   0   0   0  94   0   0   0   0   0   0   4   2   0   0   0   0  2.12 0.66
  451 W   -6 -6 -7 -8 -6 -6 -7 -6 -6 -6 -5 -7 -5 -2 -7 -6 -6 13  2 -6    0   0   0   0   0   0   0   0   0   0   0   0   0   0   0   0   0  96   4   0  4.49 1.03
  452 M   -3 -4 -3 -4 -4 -3 -4 -5 -4 -2 -1 -3  6 -4 -4 -2  6 -5 -4 -1    0   0   0   0   0   0   0   0   0   0   3   0  27   0   0   0  68   0   0   2  1.48 0.57
  453 R   -3  4 -1  0 -6 -1 -2 -4 -3 -5 -5  7 -4 -6 -4 -3 -3 -5 -4 -5    0  18   2   4   0   0   0   0   0   0   0  76   0   0   0   0   0   0   0   0  1.51 0.52
  454 V   -3 -4 -5 -5 -3 -4 -5 -5 -5  2  4 -4  0 -2 -5 -4 -2 -4 -3  5    0   0   0   0   0   0   0   0   0   8  46   0   0   0   0   0   0   0   0  46  1.00 0.38
  455 K   -3  5 -3 -3 -6 -1 -1 -4 -3 -5 -5  6 -4 -5 -4 -3 -3 -5 -4 -5    0  34   0   0   0   0   3   0   0   0   0  63   0   0   0   0   0   0   0   0  1.50 0.51
  456 N    0  0  3 -1 -3 -2 -2  2  1 -4 -4 -2 -3 -4 -1  4  0 -4 -1 -2    4   4  14   2   0   0   0  17   4   0   0   0   0   0   3  43   5   0   2   2  0.53 0.28
  457 R   -4  8 -3 -4 -6 -2 -3 -5 -3 -6 -5  0 -4 -6 -5 -3 -4 -5 -4 -5    0  97   0   0   0   0   0   0   0   0   0   3   0   0   0   0   0   0   0   0  2.27 0.63

                      K         Lambda
Standard Ungapped    0.1309     0.3157
Standard Gapped      0.0410     0.2670
PSI Ungapped         0.1148     0.3177
PSI Gapped           0.0351     0.2670
