
Last position-specific scoring matrix computed, weighted observed percentages rounded down, information per position, and relative weight of gapless real matches to pseudocounts
           A  R  N  D  C  Q  E  G  H  I  L  K  M  F  P  S  T  W  Y  V   A   R   N   D   C   Q   E   G   H   I   L   K   M   F   P   S   T   W   Y   V
    1 M   -4 -4 -5 -6 -4 -4 -5 -6 -5  3  4 -4  8 -2 -5 -4 -3 -4 -3  1    0   0   0   0   0   0   0   0   0  14  36   0  43   0   0   0   0   0   0   7  1.29 0.52
    2 L   -1 -2 -3 -2 -3 -3 -3 -4 -4  3  2  1  3  0 -1 -1 -1 -3 -2  2    4   1   0   2   0   0   0   0   0  16  26  10  10   4   3   4   3   0   0  16  0.31 0.23
    3 H   -1  0 -1 -3 -3 -1 -2 -3  4 -1  1 -1  2  2  1  0  2 -3 -1  0    4   4   2   0   0   2   0   1  15   3  15   3   6   9   7   6  14   0   1   8  0.21 0.22
    4 L   -2 -3 -5 -5 -4 -3 -5 -5  0  2  4 -4  1  1 -5  0 -2 -4  0  1    2   1   0   0   0   1   0   0   2  11  54   0   2   6   0   8   2   0   4   7  0.69 0.41
    5 I    2 -4 -4 -4 -1 -3 -4 -2 -4  3  2 -4 -1  3 -2  0 -1  0 -1  1   21   0   0   0   1   1   0   2   0  16  21   0   1  14   2   8   3   1   2   7  0.34 0.28
    6 T    1 -2 -2 -4 -2 -2 -3 -3 -3  2  2 -3 -1  0 -1  0  2  0  1  0   14   2   1   0   1   1   0   1   0  15  23   0   0   3   3   9  16   1   5   4  0.27 0.27
    7 P    1 -3 -2 -4  1 -3 -3 -2 -4  1  2 -2  0  1  2  1  1 -4 -2  0   14   1   1   0   4   0   0   2   0   7  26   1   2   6  10   9  10   0   1   6  0.25 0.24
    8 L    1 -4 -4 -5  0 -3 -4 -3 -4  2  3 -4 -1  0 -3  1 -1  3 -3  2   14   0   0   0   2   1   0   2   0  10  35   0   0   4   1  11   4   4   0  13  0.43 0.33
    9 L    0 -4 -4 -5  0  0 -4 -2 -4  1  4 -4  0  2 -2  0  0 -4 -1  1    8   0   0   0   2   5   0   3   0   8  40   0   1  10   2   6   5   0   2   9  0.41 0.32
   10 L    2 -4 -4 -5  0 -3 -3 -3 -2  1  3 -4 -1  2 -1 -1  1 -1 -3  2   16   0   0   0   2   1   1   1   1   8  28   0   0   9   3   4   8   1   0  18  0.37 0.30
   11 L    2 -4 -3 -1 -3 -2 -2 -2 -2  0  2 -3 -1  0 -2  1  1  0 -2  1   20   0   0   3   0   2   1   2   1   5  26   0   0   5   2  11   9   1   1  11  0.26 0.27
   12 L    0 -3 -2 -3 -1 -1 -3  0 -1 -1  3 -3  1  3 -1  1 -1 -3 -1  0    9   0   1   1   1   3   1   7   2   2  31   0   2  15   3  11   4   0   1   5  0.26 0.26
   13 A    4 -4 -3 -3  0 -4 -4  0 -1 -1  1 -4 -3 -1  1  1  0 -5 -4 -1   44   0   1   1   2   0   0   6   2   3  13   0   0   2   6  11   5   0   0   4  0.52 0.41
   14 R    1  1 -3 -3 -4  1 -1 -1  0 -2 -2 -1 -3 -2  2  3  2  0 -1 -2   14   8   0   1   0   8   3   3   3   2   4   2   0   1  11  23  12   1   2   2  0.30 0.30
   15 F    0 -4 -3 -1 -2  0 -2 -2 -3  0  2 -3 -2  4 -1  1  0  0  1  0    8   0   1   3   1   4   1   3   0   6  20   1   0  21   3  11   7   1   3   6  0.27 0.26
   16 S    2 -2  1  1  3 -1 -2 -3 -3 -1 -3 -2 -3 -4  1  2  1 -5 -4  2   18   2   8   7   7   2   1   0   0   3   2   1   0   0   6  18   9   0   0  15  0.34 0.33
   17 M    1 -1 -3 -2  8  0 -4 -1  0 -1  0 -2 -1 -2 -5  1  0 -2  0 -1   11   3   1   2  30   4   1   4   3   3  10   2   1   2   0  12   5   1   3   3  0.67 0.43
   18 A    4  0  0 -1  0 -1 -1 -1 -1 -3 -3  0 -3 -2 -2  2  0 -5 -4 -1   42   5   4   3   2   2   4   4   1   1   1   6   0   2   2  13   4   0   0   4  0.46 0.39
   19 I    0 -6 -4 -4 -3 -4 -6 -3 -5  3  2 -5 -3  6 -4 -3 -2  1  0  1    7   0   1   1   0   0   0   2   0  15  16   0   0  39   1   2   2   1   2   9  0.89 0.51
   20 D   -1 -2  2  5 -3  1  0 -2  0 -3 -5  0 -1 -6 -4  0  1 -6 -5 -3    5   2  10  38   0   5   6   3   2   2   0   4   2   0   0   8  11   0   0   2  0.69 0.46
   21 I   -3 -6 -6 -6  9 -6 -7 -5 -6  2  2 -4 -2 -1 -3 -3 -2  1 -2  2    1   0   0   0  42   0   0   1   0  10  20   1   0   3   1   2   2   2   2  13  1.48 0.71
   22 S    0 -2  0  4 -2 -1  0  1  0 -5 -5  2 -4 -5 -2  3 -1 -1 -4 -4    7   1   4  23   1   2   6  10   2   0   1  11   0   0   1  25   3   1   0   0  0.52 0.40
   23 D   -1 -1  4  2  4  0 -2  2  0 -2 -3  2 -4 -3 -4  0 -2 -5 -3 -2    4   2  22  10  10   5   2  14   2   2   3  13   0   1   0   6   1   0   1   3  0.43 0.33
   24 E    0  0  1  1 -1  0  1 -2  3  1 -1  1 -1 -1  0  0  0 -3  0  0    8   5   7   7   1   3   7   2  10  10   5   9   1   2   5   4   4   0   3   7  0.09 0.11
   25 H   -1  2  1  1 -4  1  1  0  4 -2 -2  2 -3 -2  0 -1 -1 -4 -3  0    5  10   7   7   0   6  11   6  11   2   4  12   0   2   4   4   4   0   0   7  0.19 0.19
   26 F   -3 -4 -2 -2 -4 -3 -3 -2 -1  2  1 -4 -2  5 -2 -2 -3 -2  4  2    2   1   2   3   0   1   1   3   2  12  15   1   0  24   2   3   1   0  14  14  0.55 0.37
   27 S   -1  0  3  5 -5 -2 -1 -1 -1 -5 -1  2 -4 -5 -2  1 -2 -6 -3 -3    4   6  11  37   0   1   3   4   2   0   6  11   0   0   2   9   1   0   1   1  0.64 0.44
   28 A   -1  0  1 -1 -1 -1 -2  0 -2  0  2  2  0 -1 -2  0 -1 -1 -3  1    5   5   7   2   1   2   1   8   1   3  27  14   1   2   2   6   2   1   0  11  0.14 0.17
   29 Y   -2 -2  0  1  6 -2 -3 -1  3 -2 -2  1  0  0 -4  1 -1 -3  4 -3    2   1   4   7  18   2   1   5   6   2   3  11   2   3   1  10   3   0  17   1  0.51 0.34
   30 P   -2 -2  0  1  0 -1 -1 -1 -1 -3 -3  1 -3  1  5 -1 -1  2  3 -3    3   2   4   7   2   2   3   6   2   1   2   8   0   6  27   4   4   3  13   2  0.48 0.32
   31 R   -1  1  2  3 -3  0 -1 -3 -2  0  2  0  0 -2 -2 -1 -1 -3 -2  0    3   7  14  17   0   3   2   1   1   7  21   6   1   1   2   4   3   0   1   6  0.20 0.18
   32 M   -3 -4 -3 -2 -2 -4 -5 -6 -3  2  5 -5  0  4 -6 -2 -3 -2  0 -1    1   1   2   2   1   1   0   0   0  10  53   0   2  16   0   3   2   1   3   3  0.92 0.53
   33 K   -1  0  1  0 -1  0  1 -1 -1 -3 -3  2 -1 -5 -3  4  1 -3  0 -4    3   4   5   5   1   4   8   3   1   1   2  13   1   0   0  34   9   0   3   0  0.44 0.39
   34 E    1  0  0  0 -4  0  1  0 -1 -3 -2  2 -3 -1  2  2 -1 -4 -3 -3   10   3   5   4   0   4   9   8   1   1   5  17   0   2  11  15   3   0   1   1  0.25 0.24
   35 L   -2 -2 -1 -2 -4 -3 -3 -3 -2  1  5 -3  0  1 -1 -2 -2 -4 -4  0    3   3   3   2   0   1   2   2   1   6  56   1   2   5   3   3   2   0   0   5  0.67 0.42
   36 I    1 -1  2  2 -1  0 -1  2 -1 -2 -2  2 -3 -3 -2  1 -1 -3 -3 -2   13   2   9  13   1   3   3  15   1   3   4  15   0   1   2  10   2   0   0   3  0.23 0.21
   37 G   -1 -1  1 -1 -5  0 -3  5  0 -4 -4  1 -5 -4 -3  1 -1 -2 -4 -3    4   3   5   3   0   4   1  51   2   1   2   8   0   1   1  10   3   1   0   2  0.83 0.48
   38 S   -1  0 -2  0 -4  0  2 -1 -1 -1 -1  0 -3 -4  4  0  0 -4 -1  1    3   5   1   6   0   3  15   5   2   3   7   4   0   0  20   6   4   0   2  13  0.29 0.25
   39 H   -4  1 -2 -1 -5  0 -2 -4  7  1 -2  1 -2  2 -2 -3 -2  5  2 -3    0   8   1   4   0   4   2   1  32   8   4   8   1   7   2   1   2   7   7   2  0.88 0.51
   40 L   -1  0 -1 -1 -4  0  0 -3 -3  0  0  0 -1 -1 -3  3  3 -1 -3  1    2   5   2   4   0   4   7   1   0   5   8   4   1   2   1  23  18   1   1  10  0.25 0.28
   41 V    0 -4 -5 -6 -4 -3 -5 -5 -3  4  1 -1  0 -1 -5 -2 -2 -3  0  5    7   1   0   0   0   1   0   1   0  21  13   4   2   2   0   3   2   0   3  38  0.73 0.44
   42 S   -1 -2  2 -1 -4 -1  2 -2  0 -2 -2 -1  0 -2 -2  2  2  0  0  1    4   1   9   2   0   2  13   3   3   1   3   4   2   1   1  20  14   1   3  13  0.24 0.27
   43 R   -2  2  0 -1 -4  1 -1 -3  3  0 -2  1 -2  0 -3  1  2  2  1  0    2  11   5   3   0   6   3   1   8   6   3   7   0   4   0  10  15   3   5   8  0.20 0.22
   44 T   -2 -2  1  2 -4  0  3 -3  0  0 -2  0 -2 -2 -3  2  3 -2 -2 -1    2   2   6  11   0   3  18   1   2   6   3   6   0   1   1  15  18   1   1   3  0.32 0.29
   45 E   -1  3  0  0 -4  1  3 -4  0  1 -2  1 -1 -2 -2 -2  1 -1  0  0    4  19   4   4   0   6  18   0   3   8   4   6   1   2   1   1  10   1   3   6  0.27 0.26
   46 E   -1 -1  0  4 -5  2  3 -3  0 -4 -4  0 -2 -4 -1  2 -1  0 -2 -2    4   2   4  24   0   8  18   1   2   1   1   6   1   1   3  16   3   1   1   2  0.47 0.35
   47 T   -1 -2 -1 -3 -1 -1 -2 -4  1 -1 -3 -3 -2 -2 -4  1  6 -3 -5 -3    4   2   3   1   1   2   3   1   3   4   3   1   1   2   0   9  59   0   0   1  1.08 0.64
   48 P   -3 -4 -5 -1 -6 -3 -2 -2 -3 -4 -4 -1 -5 -2  8 -2 -4 -1 -2 -4    2   1   0   3   0   1   2   3   1   1   2   3   0   2  70   3   1   1   2   1  1.88 0.85
   49 P   -3 -6 -2  0 -7 -4 -3 -3 -4 -5 -5 -5 -6 -3  8 -3 -5 -7 -6 -4    2   0   2   6   0   1   2   2   0   1   1   0   0   1  77   2   0   0   0   2  2.31 1.01
   50 S    0 -3 -1 -3 -4 -4 -2 -2 -5 -3 -4 -3 -4 -3 -3  4  6 -6 -3 -2    7   1   2   1   0   0   2   3   0   1   1   1   0   1   1  32  44   0   1   2  1.07 0.65
   51 T   -2  0 -1 -3 -3  0  1 -3  2  2 -1  1 -1 -2 -3 -1  3 -2 -1  2    1   4   2   0   0   3   8   1   6  16   4  11   1   2   1   3  18   1   2  16  0.26 0.26
   52 K   -3 -1  1 -2 -4 -1 -3 -5  0  0 -3  0  2 -2 -3  1  5 -5  1 -1    1   4   6   1   0   2   1   0   3   4   2   5   6   1   1   8  44   0   6   3  0.68 0.49
   53 K   -3  1  4  0 -4  0  1 -3  0  1 -2  2 -1 -3 -4 -1  1 -4 -2  0    1   8  22   4   0   4   7   1   2   9   3  13   2   1   0   4  11   0   1   6  0.32 0.28
   54 I   -1 -2 -2  1 -2  1  1 -4 -1  0 -2 -2  1 -1 -4  0  4 -2  2 -1    3   2   1   8   1   6   9   0   2   7   3   2   3   3   0   5  32   0   9   4  0.39 0.35
   55 T   -2  0  0 -2 -4  0  1 -4  1 -1 -3  0 -2 -4 -4  2  5 -2 -2  1    1   6   4   2   0   4  10   0   3   4   2   5   1   1   0  13  35   1   1   9  0.50 0.40
   56 W   -6 -5 -7 -7 -6 -6 -7 -7 -3  0  0 -6 -5  3 -7 -5 -1  9  7  0    0   1   0   0   0   0   0   0   1   6   7   0   0  11   0   1   4  24  39   8  1.83 0.82
   57 Y   -1  2 -1  0 -4  0 -1 -4  1 -1 -2  0 -2  1 -3  0  2  4  4 -2    5  11   2   5   0   4   2   0   4   3   3   7   1   6   1   6  17   6  15   3  0.32 0.28
   58 L   -4 -6 -6 -7 -5 -3 -6 -5 -6  5  3 -6  2  4 -6 -5 -3  0  0  2    1   0   0   0   0   1   0   1   0  37  24   0   4  15   0   0   1   1   3  12  1.05 0.54
   59 K    0 -3  6  3 -6  0 -3 -1  1 -5 -5 -3 -3 -6 -5  2 -2 -7 -6 -6    7   1  42  17   0   4   1   4   3   1   1   1   1   0   0  16   1   0   0   0  1.10 0.63
   60 I   -3 -4 -6 -6 -5 -5 -6 -6 -6  4  4 -5  2  1  3 -5 -3 -5 -4  2    2   1   0   0   0   0   0   0   0  22  40   0   4   5  14   0   1   0   0  11  0.95 0.52
   61 T   -4 -2  0 -2 11 -3 -6 -4 -6 -5 -4 -3 -2 -6 -6 -4 -2 -6  0 -4    1   3   4   3  71   1   0   2   0   0   2   2   1   0   0   1   3   0   3   1  2.70 1.03
   62 D    0  1  2  2 -4  0  1  3 -2 -5 -3  1 -3 -3 -4  0 -1 -5 -4 -4    7   6   9  14   0   4   8  27   1   0   2  10   1   1   0   6   3   0   0   0  0.43 0.30
   63 S    0 -1  0  0 -2 -1  1 -2 -2 -3 -3  0 -3 -4  5  1  0 -5 -2 -2    9   4   5   6   1   2   8   3   1   1   2   5   1   0  34   8   6   0   1   3  0.61 0.37
   64 G   -2 -2 -2 -1 -2 -2 -1  0 -1  1  4 -2  0 -2 -2 -3 -3 -4 -2  0    3   2   2   4   1   2   5   7   2   9  48   2   2   1   2   2   0   0   1   6  0.48 0.35
   65 S    0 -1  0  1 -2  0  1  0 -1  0 -1  2  0 -3  1  1  0 -3 -3  0    6   2   5   7   1   2   7   8   1   5   7  16   2   0   8   9   6   0   0   6  0.11 0.12
   66 G    0  1  0  1 -3  1  0 -1  0  0 -1  1 -1  0  1  0 -1  1  0  0    6  11   3   7   0   5   7   4   2   5   7   9   1   4   7   7   2   2   3   7  0.06 0.06
   67 S   -1  0  1  1 -2  0  1 -1  0 -1  0  2  0 -1 -1  1  0 -2 -2 -1    4   3   9   9   1   3   8   3   2   4  10  15   3   3   2  11   4   1   0   5  0.09 0.11
   68 P    0 -1  1  2 -3  0  1  0 -1 -2 -2  0 -3 -3  3  1  1 -2 -3 -1    6   2   8  12   0   5   8   6   2   3   3   6   0   1  14  12   9   1   0   3  0.23 0.18
   69 K   -1  0  1  1 -1  0  0 -1  2 -2 -2  2 -2 -1  0  1  0  1  0 -2    4   4   5   9   1   4   5   4   6   2   4  18   1   3   4  13   5   2   3   2  0.14 0.14
   70 D   -1  0  1  4 -3 -1  1  1 -2 -1 -1  1 -2 -1  0  0 -1 -3 -2 -2    4   4   6  23   0   2   9  14   0   3   5   8   0   2   5   7   4   0   1   3  0.24 0.18
   71 D   -1 -1  0  2 -1 -1  1  0 -2 -1  0  0  0 -3  1  0  0  0 -3  1    4   2   5  16   2   2   7   6   0   3   9   5   2   0   7   6   6   1   0  14  0.11 0.13
   72 T   -1 -1  0  2 -3 -2  0  0 -1 -1 -2  1 -1 -1  4  0  1  1 -2 -2    5   3   4  11   0   1   6   6   1   5   4  12   1   3  18   7   8   2   1   1  0.24 0.19
   73 F    0  0 -1  1 -3  0  2 -1  1  0  0  2 -1 -2  0  0  0 -3  0  0    9   3   2   6   0   2  14   4   3   6   8  18   1   1   4   5   4   0   3   6  0.11 0.13
   74 P    0 -1  0  2  0  0  2  1  0 -2 -2  0 -2 -2  2  0 -1 -3 -1 -1    7   3   5  11   3   3  16  10   2   3   3   6   0   1  12   6   4   0   2   4  0.20 0.15
   75 S   -1 -1  1  4 -4  1  3 -2 -1 -3 -2  0 -1 -3 -2  1 -1 -4 -1 -2    5   3   7  27   0   6  17   2   1   1   3   5   1   1   1  10   3   0   2   4  0.40 0.29
   76 E   -2  1  0  1 -4  4  2  0  1 -1 -3  1 -3 -1 -1 -1 -1 -4 -1 -1    2   7   5   7   0  27  11   7   4   4   2   8   0   3   2   3   3   0   2   5  0.33 0.25
   77 C   -4 -6  0 -5 11 -5 -6 -5 -5 -4 -5 -5 -5 -5 -5 -4 -4 -5  0 -1    1   1   4   1  79   0   1   1   0   1   1   1   0   0   1   1   1   0   4   5  3.10 0.94
   78 P   -2 -2 -1  0  3 -1  0  0  1 -4 -4  1 -4 -2  6  0 -2 -5 -2 -3    3   2   3   5   6   2   5   7   3   0   1   9   0   2  38   8   2   0   1   2  0.76 0.37
   79 K    0  0  0  2 -3  1  1  0  0 -2 -2  2  1 -2  1  1  0 -3 -1 -1    6   3   4  12   0   8   8   5   2   1   2  13   6   1   6  11   5   0   2   4  0.16 0.14
   80 D   -1 -1  3  3 -4 -2  0  3  0 -4 -4  0 -3 -1 -1  1 -1 -4 -1 -4    3   3  14  17   0   0   5  29   3   0   0   5   0   3   3   9   4   0   3   0  0.44 0.29
   81 S    1 -1 -2  1 -3 -2 -2 -3 -3 -1 -3 -1  0 -1  0  2  4 -4  0 -1   12   3   0   9   0   0   0   0   0   4   1   4   3   3   4  16  33   0   3   4  0.38 0.33
   82 Q    0  0  0  0 -3  1  0  0  2  0 -1  0  1  1 -3  0  0  3  1  0    6   6   5   6   0   5   6   6   5   6   6   6   5   5   0   6   6   5   5   6  0.06 0.10
   83 L    1 -3 -5 -5  0 -5 -5 -3 -1  4 -1 -5 -1  1 -5 -4 -3 -5 -4  5   14   1   0   0   2   0   0   3   2  26   5   0   1   6   0   0   1   0   0  38  0.86 0.47
   84 C   -3 -8 -7 -8 12 -8 -8 -4 -8 -6 -6 -8 -7 -7 -7 -6 -6 -7 -2 -3    2   0   0   0  90   0   0   2   0   0   0   0   0   0   0   0   0   0   2   2  4.06 1.44
   85 G    1  0 -2 -3 -3  0  0  3 -2 -2  1 -1  3 -2 -3 -1 -1  1 -1 -2   13   4   2   1   0   5   5  26   1   2  16   3   7   2   1   3   4   2   2   2  0.27 0.23
   86 L   -2  1 -1 -3 -4 -1 -4 -5 -4  4  1 -2  1  1 -4 -2  2 -1 -1  2    3  10   3   2   0   3   0   0   0  21  10   2   4   5   0   1  14   1   2  16  0.38 0.31
   87 T   -2  0 -2 -2 -4  1  2 -2 -4  1 -2  1 -2 -4 -4  0  3 -1 -4  2    2   5   1   2   0   7  14   3   0   7   4  10   1   0   0   7  23   1   0  15  0.35 0.32
   88 E   -2  3  0 -2  0  0  0 -4  2  1 -2  1  0 -1 -3  0  2  1  1  0    2  16   4   1   2   4   6   0   6   8   4   7   3   2   1   8  14   2   5   6  0.20 0.22
   89 I    0 -2  3 -2 -1 -1 -2 -2  1  1  0 -2 -1  0 -1  1  0 -1  0  2    6   2  17   2   2   2   2   2   4   8   8   2   1   3   3  11   6   1   4  15  0.16 0.19
   90 S    0  0  2  0 -3  0 -1 -1  0  0 -1  1 -1 -1 -2  1  1  3  1 -1    7   6  13   4   0   4   3   3   2   8   5   9   1   2   2   8  10   5   5   3  0.11 0.14
   91 L   -1  2  2  0 -4  0 -1 -2  1  0  1  2 -1 -1 -2 -1 -1 -4  0 -1    3  13  13   6   0   3   4   3   4   5  13  15   1   3   1   4   2   0   3   4  0.16 0.18
   92 P   -1 -1  0  3 -4  0  1 -1  0 -2 -2  2 -2 -2  4 -1 -1 -5 -2 -2    5   3   4  15   0   3   8   4   2   3   3  15   1   2  23   4   2   0   1   2  0.42 0.31
   93 N   -1 -4  2  4 -5  0  0  3 -1 -5 -6  0 -5 -5 -2  1 -2 -6 -2 -3    5   0  11  27   0   4   6  23   2   0   0   5   0   0   1  10   2   0   2   2  0.63 0.43
   94 R   -1 -1  1  2 -4  0  3  1  2 -3 -3  2 -1 -4 -3  0 -1 -4 -1 -2    3   2   8  13   0   4  18  13   4   1   2  13   2   0   0   8   4   0   2   2  0.33 0.27
   95 D   -1 -2  1  4 -5 -1  2 -2 -3 -2 -3  1 -4 -5  1  0  0 -5 -1 -2    5   2   6  27   0   3  13   3   0   3   2   9   0   0   8   8   7   0   2   3  0.40 0.32
   96 P   -1 -1  0  2 -4 -1  1 -1  0 -3 -3  0 -3  0  4  1  1 -1 -1 -2    4   3   5  12   0   3   8   4   2   1   3   5   0   4  21  11   9   1   2   2  0.33 0.27
   97 V   -2  4 -1 -1 -4 -1  0 -2  0  1  0 -1  0  0 -3  0  0 -4  0  1    1  27   2   3   0   1   6   3   2   8   9   2   2   3   1   7   7   0   3  11  0.25 0.26
   98 I   -2 -3 -5 -5  1 -2 -3 -4 -3  4  2 -3  0 -2 -2 -2  1 -5 -1  4    2   1   0   0   3   2   1   1   1  24  16   1   1   1   2   3   9   0   2  30  0.59 0.40
   99 T    0 -1 -1 -1 -3 -1  1 -1  1  1  0 -2  0 -2 -1  0  3 -4 -1  0    7   2   3   2   0   3  10   4   4  10   9   1   2   1   2   6  25   0   1   8  0.19 0.23
  100 E   -1  1  0  1 -4  4  3 -2  0 -4 -2  1  0 -2 -1  0  0 -1 -1 -1    5   6   5   6   0  19  20   3   2   0   2   7   3   1   3   7   5   1   2   4  0.31 0.29
  101 V   -1 -2 -4 -5  0 -4 -4  0 -1  3  0 -3  0 -1 -3 -2  0  0 -1  4    5   2   0   0   2   0   0   7   1  19   8   2   2   2   1   2   4   1   2  38  0.52 0.38
  102 F   -1 -1 -2 -1 -3  0 -1 -1 -1  4 -1 -1  0  2 -3 -1 -1  0  0  2    4   2   2   3   0   6   4   6   2  28   4   5   2   9   0   3   3   1   3  13  0.20 0.22
  103 S    0 -2  1  1 -4 -1  0 -1  1 -2 -4 -1 -3 -4  5  1  1  1 -4 -1    8   2   8   8   0   2   5   4   4   2   1   2   0   0  26  11   9   2   0   4  0.46 0.33
  104 F   -1 -3 -1 -3  1 -2 -1 -2  1  2  1 -1  1  3 -3 -1 -1  2  1  1    5   0   3   0   3   0   4   3   4  13  15   3   4  15   0   3   3   3   3  13  0.19 0.19
  105 S    0 -2  0  0  2 -1  0  0  2  0 -1  0 -2  1  1  0  0  3  1  0    6   0   6   6   6   0   6   6   6   6   6   6   0   6   6   6   6   6   6   6  0.07 0.11
  106 N    0  1  1  1 -3  0  0  2  1 -1 -2  0  0  0  0  1  0 -3  0 -1    5   7   5  10   0   4   4  16   4   3   3   6   3   6   4   9   5   0   3   3  0.09 0.11
  107 K   -1 -1  3  3 -4  0  1  0 -2 -4 -3  2 -2 -3 -1  2  0 -5 -3 -3    4   2  14  19   0   3  11   7   1   0   2  11   1   1   2  15   5   0   1   1  0.39 0.32
  108 L   -1 -2 -1 -1 -3 -1 -2 -2 -1  1  2 -1  0  1  1  0  0  0  0  1    5   2   3   4   0   2   2   3   1   9  23   5   1   8   7   6   5   1   3  11  0.10 0.12
  109 T    0  0  1  2 -1  0  1  0  0 -1 -2  1 -2 -3 -1  1  1 -4 -1  0    8   3   6  12   1   2   9   6   2   4   2  10   1   0   3  13   8   0   3   7  0.13 0.15
  110 P    0 -1 -1 -2 -4  0 -1  0 -1 -2 -2  0 -1  1  5  1  1  0 -1 -2    7   2   2   1   0   4   4   6   1   2   4   6   1   7  26  10   9   1   2   3  0.37 0.29
  111 Q   -1  1  2  1 -4  1  1 -2  0 -3 -3  2 -2 -3 -2  2  1 -4 -1 -2    4   6  10   6   0   6   9   3   2   1   3  14   1   1   2  19   8   0   2   3  0.25 0.24
  112 F    1 -2 -2 -2 -3 -2 -1 -1 -2  1  0  0 -1  2 -1  1  1 -1  1  1   11   1   1   1   0   1   4   5   1  10   9   5   1  10   3  11   8   1   5  13  0.09 0.14
  113 D   -2 -1  0  5 -4  0  2 -1 -2 -3 -2 -1 -4 -3 -1  1  1 -5 -3 -2    3   3   4  34   0   3  13   4   1   1   4   3   0   1   2  11   9   0   1   2  0.52 0.36
  114 V    0 -1  0  1 -3  0  1 -1 -1 -1 -1  0 -1 -2  1  2  0  0 -3  0    8   2   3   8   0   5  11   4   1   4   5   7   1   1   7  16   5   1   0   9  0.12 0.14
  115 N   -1  0  3  1 -3  0  1  0  1  0 -1  1 -1 -2 -1  1  1 -4 -1 -1    3   3  15   9   0   4   8   7   3   6   5   7   1   1   2  13   7   0   2   4  0.13 0.15
  116 T   -1  0  1  2 -3  0  1  0  2 -3 -3  1 -2  0  2  1  1 -4 -2 -2    4   3   5  12   0   4   8   8   6   1   2   8   1   4  10  13   8   0   1   1  0.19 0.17
  117 S   -1  0  2  2 -4  1  2  1  0 -4 -3  2 -3 -4  1  1  0 -4  0 -3    3   3  11  12   0   5  13   9   1   0   1  13   0   0   6  11   6   0   4   0  0.28 0.22
  118 S   -1 -1 -1 -1 -3  0  1  4  1 -2 -2  0 -3 -2  1  0 -1 -4 -1 -2    4   2   2   3   0   5   8  35   4   2   4   5   0   1   7   8   3   0   2   3  0.34 0.24
  119 F   -3 -2 -4 -4 -3 -3 -2 -5 -1  2  4 -2  1  2 -1 -3 -1  2  1  2    1   2   0   0   0   0   2   1   2  10  43   2   2   9   3   1   3   3   5  13  0.52 0.32
  120 I   -1  2  0 -1 -3  2  1 -1  1  1 -1  0 -1 -2 -3  1  0  1 -1  0    2  12   4   2   0  12   7   4   4  12   4   6   1   2   0  11   7   2   1   8  0.12 0.16
  121 V   -1 -3 -4 -4 -3 -3 -2 -3 -3  3  2 -3  2  1  0 -2 -1  2  0  3    4   0   0   0   0   0   2   2   0  20  24   0   6   5   4   2   2   3   4  20  0.38 0.25
  122 N   -1  0 -1 -1 -1  1  2 -3  0  1 -1  1 -1  0 -2  0  1  0  1  0    2   6   2   2   1   5  16   0   2   9   4  11   1   3   0   8  12   1   5   7  0.11 0.14
  123 L   -3 -4 -2 -4 -3 -3 -1 -5 -3  1  3 -4  4  4 -4 -4 -3  3  3  1    0   0   2   0   0   0   4   0   0   8  31   0  12  16   0   0   0   3  11   9  0.60 0.34
  124 R   -1  0  3  1 -3  1  0 -1  4 -2 -2  2 -2 -3  0  0  0 -4  0 -1    4   3  15   7   0   5   6   3  13   2   3  15   0   0   5   7   6   0   3   4  0.25 0.20
  125 G   -1 -3  1  1 -1 -1 -1  5 -3 -4 -3 -1 -1 -2 -4  0 -2 -4 -1 -4    4   0   5   8   2   2   3  56   0   0   3   3   2   2   0   6   2   0   2   0  0.83 0.42
  126 A    1 -3 -1 -1 -4  0 -2  5 -4 -2 -2 -1 -2 -4  1  0 -1 -5 -1  0    9   1   3   3   0   4   3  39   0   3   5   4   1   0   6   8   4   0   2   6  0.47 0.33
  127 N   -1  0  2  0 -4  1  1 -3 -1 -3 -2  3 -1 -1 -1  1  1 -1  0 -2    4   5  10   5   0   5  11   1   1   1   3  18   2   2   3  13   8   1   3   3  0.22 0.22
  128 W   -4 -5 -3 -2  0 -3 -2  0  1 -1 -3 -3 -4  1 -2 -2 -2  8  7 -2    1   0   1   2   2   1   4   8   3   4   2   2   0   4   2   3   3  21  33   3  1.16 0.59
  129 G    0 -1  1  0 -2  0 -1  4 -1 -3 -3  1  0 -5  0 -1  0 -5 -3 -2    8   3   8   4   1   3   4  36   1   1   2   8   2   0   4   4   7   0   1   3  0.42 0.30
  130 A   -1 -1  2  3 -5  0  1  2  1 -5 -4  1 -4 -5  1  2 -1 -5 -1 -4    3   3   9  18   0   4  10  14   3   0   2   9   0   0   8  14   2   0   2   0  0.39 0.30
  131 Y   -2  2  3  0 -4  2  0 -2  1  0 -2  2 -2 -2 -1  0  0 -4  0  0    2  11  14   5   0   9   4   2   3   6   3  17   1   2   3   5   6   0   3   6  0.22 0.21
  132 T    0  0  1  1 -3  1  0  0  1 -1 -1  1  0 -1  1  1  1 -3  0 -1    6   5   6   7   0   6   6   6   3   3   4   9   3   3   8   9   8   0   3   3  0.09 0.10
  133 L   -2  0 -1 -1  2  5 -1 -5  1  1  0 -1  1  0 -1 -1 -1  2  1  1    3   4   3   3   5  26   3   0   3   7   8   4   3   3   3   3   3   3   4   9  0.32 0.33
  134 D   -1  1  1  1 -4  0 -1 -2  0 -1 -2  3 -1 -2 -3  3  0 -4  0 -2    3   7   6   7   0   4   3   2   2   3   5  21   2   1   0  23   5   0   3   1  0.27 0.25
  135 A    4 -4 -4 -4 -1 -1 -3 -2 -4 -1  1 -3  0  0 -1 -1  2  0 -3  1   37   0   0   0   1   3   0   2   0   2  17   0   2   4   3   4  13   1   0  11  0.43 0.33
  136 E    0  0  2  0 -3  0  1 -3  0  0  0  1 -1 -1 -3  0  0 -3  0  1    6   4  15   5   0   3   8   0   3   8   7   9   1   3   0   9   4   0   4  11  0.10 0.13
  137 I   -2 -5 -5 -6 -4 -5 -6 -6  0  5  2 -5  1  4 -6 -2 -1 -5 -3  2    4   0   0   0   0   0   0   0   3  37  17   0   3  15   0   3   4   0   0  14  0.87 0.39
  138 E   -1  1  1  0 -4  1  2 -3  3 -2 -2  1 -1 -1 -3  1  2  0  1 -1    3   8   5   5   0   5  13   0   8   2   2   9   2   2   0  10  16   2   5   4  0.23 0.19
  139 F   -4 -5 -5 -6 -5 -5 -5 -6 -4  0  3 -5  2  7 -6 -1 -4  2  2  0    0   0   0   0   0   0   0   0   0   4  24   0   5  45   0   5   0   3   5   6  1.22 0.48
  140 V   -1 -1  0 -2 -3  1  1 -2  2  2  1  0  1  0 -2 -1  1  0  0  1    2   3   5   0   0   9   8   2   6  16  11   5   4   3   2   4   8   2   2   9  0.10 0.12
  141 C   -5 -7 -7 -8 11 -7 -8 -7 -7 -1 -2 -1 -6 -6 -7 -5 -5 -7  0 -5    0   0   0   0  86   0   0   0   0   3   3   4   0   0   0   0   0   0   3   0  3.49 1.01
  142 A    0 -2  2  5 -4 -1 -1  1 -1 -3 -5  0 -4 -5  1  0 -1 -5 -4 -2    8   1  10  41   0   2   2   9   1   2   0   4   0   0   6   6   3   0   0   3  0.62 0.32
  143 S    0  0  1  0 -3  1  0  0  2 -2 -1  0  1 -2  1  0  0 -2  1  0    6   6   6   6   0   6   6   6   6   0   6   6   6   0   6   6   6   0   6   6  0.07 0.10
  144 D    0  1  1  1 -3  1  0  0  2  0 -2  0 -2 -2  1  0  0 -3  1  0    7   7   7   7   0   7   7   7   6   7   1   7   0   0   7   7   7   0   6   7  0.09 0.10
  145 D    1  0  0  2 -3  0  1  1  0 -1 -2  0  0 -3 -1  1  0 -4 -3 -1   12   6   3  17   0   3   9  10   2   3   4   7   3   0   2   9   5   0   0   5  0.15 0.15
  146 N    0  0  1  2 -3  1  2  0  0 -2 -2  2 -2 -2 -1  0  0 -4 -1 -1    8   3   9  14   0   6  12   6   2   2   3  13   0   2   2   6   5   0   2   5  0.18 0.18
  147 A    0  0  1  1 -3  0  1  1  0 -1 -1  0 -2 -1  1  0  0 -3 -1 -1   10   3   6   7   0   4  12  11   2   3   6   6   0   2   5   7   8   0   3   5  0.08 0.09
  148 E   -1 -2  2  3 -4  0  2  1 -2 -3 -3 -1 -4 -5  3  1 -1 -5 -2 -2    5   2   8  16   0   4  11  10   1   1   2   4   0   0  16  11   4   0   2   3  0.36 0.30
  149 G   -1 -2  0  1 -4 -1  2  1 -1 -2 -3  1 -2 -5  1  2  1 -1 -3 -2    4   1   4   8   0   2  17   9   2   2   1   9   1   0   8  16  10   1   1   2  0.29 0.28
  150 L   -2 -4 -2 -2 -5 -2  0 -2 -1  0  3 -2 -1 -1  5 -1 -2 -2 -3  0    3   1   2   2   0   2   6   3   1   6  25   3   1   2  29   4   2   1   1   8  0.55 0.40
  151 K   -2  0 -1  0 -5  0  2 -3 -4 -2 -2  2 -4 -3  3  1  3 -5 -3  0    2   5   2   4   0   5  14   2   0   2   3  11   0   1  13   9  20   0   1   6  0.36 0.34
  152 L   -1 -2 -1 -2 -4 -1 -1 -3 -1  0  2 -2  0  5 -1  0 -1  2  1  0    5   1   3   2   0   3   5   2   2   4  19   2   1  25   3   7   4   2   3   6  0.29 0.25
  153 V   -1 -2  0  0 -2  0  1 -3  0  1  0  0 -1  0 -2  0  1 -1  1  2    4   1   4   6   1   3   9   1   2   9   8   7   1   4   2   6   8   1   6  19  0.09 0.13
  154 K   -1  0  0  1 -2  0 -1  1  0 -1 -2  1 -2 -2 -4  4  0  1 -4 -2    4   4   3   7   1   4   3   9   2   3   4  10   1   2   0  31   6   2   0   3  0.30 0.31
  155 F   -3 -2 -2  0 -5 -4 -1 -3  0 -2 -1 -3 -2  2 -4 -2  0  8  6 -1    2   2   2   5   0   1   5   2   2   2   5   2   1   8   1   4   5  18  30   4  1.02 0.58
  156 D   -1 -1  2  4 -5  0  2  0  0 -2 -4  0 -4 -1 -3  0 -1 -5 -2 -3    5   2  10  28   0   4  11   8   2   2   2   6   0   3   1   8   4   0   1   1  0.43 0.32
  157 Y   -1 -1  2  2 -2 -1  1  2  0 -2 -3 -1 -2  0  0 -1  0  4  1 -2    5   3  11  13   1   2   8  15   2   2   2   3   1   4   4   4   7   6   6   3  0.21 0.20
  158 S   -1 -2  2  1  4 -1  0  3  0 -4 -4  0 -1 -3 -2  2  0 -1 -1 -3    3   1  12   9   8   3   4  22   2   0   0   6   2   1   1  14   6   1   3   1  0.35 0.28
  159 T    0 -1  0  1 -3  1  0 -1  1 -1  0  1 -1 -2 -1 -1  2 -4 -1  1    6   2   5   8   0   8   5   4   3   3   7   8   1   1   2   3  17   0   2  14  0.11 0.16
  160 V   -1 -2 -2 -4 -1 -2 -4 -3  4  0  3 -1  0  0 -4 -3 -1  1  2  2    5   1   2   0   1   1   0   2   9   4  35   4   2   3   0   0   3   2   8  17  0.43 0.32
  161 S    0  2  1 -1 -3  0  0 -3  3 -1 -2  1  0 -1 -2  1  1  2  0 -1   10  14   6   3   0   4   4   1   8   3   4  10   2   2   1  11   7   3   3   5  0.16 0.17
  162 L   -1 -4 -5 -5 -4 -4 -5 -5 -5  3  3 -2  1  4 -2 -4 -1 -4 -2  2    4   0   0   0   0   0   0   0   0  17  30   2   3  21   2   0   5   0   0  12  0.70 0.40
  163 Q   -1  1  1  1 -4  2  3 -3  0 -1 -2  0 -1 -2 -2  0  2 -4 -2 -1    4   6   7   8   0   8  22   0   2   3   3   5   2   2   2   7  14   0   1   3  0.28 0.25
  164 Y   -4 -6 -7 -2 -6 -6 -6 -6 -6  0  0 -6  0  0 -7 -4 -6 12  1 -2    2   0   0   3   0   0   0   0   0   6  11   0   2   3   0   2   0  63   4   3  2.79 1.05
  165 K   -2  3 -1 -1 -4  0 -1 -2  0 -3 -3  4 -2 -2 -1  1  0 -1  0 -2    2  19   2   2   0   3   3   2   2   1   2  30   1   2   3  11   5   1   4   3  0.45 0.33
  166 T    0 -4  0 -4  0 -4 -4  1  3 -2 -3 -2 -4 -5 -4  3  5 -5 -4 -2    6   0   4   0   2   0   0  11   6   2   2   2   0   0   0  20  40   0   0   3  0.80 0.51
  167 S   -2  0 -1 -3 -6  0 -2 -5 -1 -2 -4  4 -5 -4  5 -1 -2 -6 -3 -2    3   5   2   1   0   4   2   0   2   3   1  30   0   1  33   5   2   0   1   3  0.91 0.53
  168 S    2 -3 -1 -1 -1  0 -1 -2  5 -3 -2 -1 -2  1 -4  1 -2  0  3  0   18   0   3   3   1   3   4   2  15   1   2   4   1   6   0  14   1   1  12   6  0.36 0.30
  169 A    5 -2 -3 -4 -1 -4 -3  3 -4 -2 -3 -4 -4  1 -2 -2 -2 -5 -4 -1   50   2   1   0   1   0   1  25   0   3   1   0   0   5   1   1   1   0   0   4  0.89 0.50
  170 C   -2 -7 -6 -2 11 -6 -7 -2 -7 -5 -5 -6 -6 -6 -6 -3 -5 -6 -6 -2    3   0   0   3  82   0   0   3   0   0   0   0   0   0   0   2   0   0   0   3  3.35 1.12
  171 K    1 -1 -2  0 -4 -1  2  0 -1 -2 -1  1 -3 -2  4  0 -1  2 -3 -1   15   3   1   5   0   1  12   6   2   2   7   9   0   1  22   5   3   3   0   3  0.33 0.24
  172 S    0 -1  2  2 -3  0  0  0  0 -1 -2  2 -3 -1  0  2  1 -4 -3 -2    5   2   8  11   0   3   5   6   3   5   2  15   0   2   4  17   9   0   0   2  0.19 0.19
  173 N    1  0  1  1 -3  0  0  0  0 -1 -2  2  0 -1  0  0  0  1  0 -1   12   5   7  10   0   2   4   7   2   4   2  14   3   3   3   6   6   2   4   2  0.09 0.11
  174 E   -1 -1  0  3 -1  0  2  1 -1  0 -2  1 -2 -2  0  0 -1 -4 -3 -1    5   2   5  18   1   3  15   9   1   6   3  10   1   2   3   8   3   0   0   4  0.19 0.17
  175 T    0  0  1  2 -3 -1  1  0  0 -3 -2  2 -3  0  0  1  0  0 -1 -3    6   4   7  14   0   2   8   8   2   1   4  14   0   4   4  13   6   1   2   1  0.18 0.16
  176 P   -1 -2  1  1 -3 -1  1  1  0 -3 -1  1 -3 -2  4  0  0 -3 -1 -1    3   2   7   6   0   2   9  14   2   1   5   9   0   1  19   8   5   0   3   4  0.27 0.19
  177 P   -2 -2  1  2 -4  0  1  1  1 -4 -3  0 -2 -4  5  0 -2 -4 -3 -4    3   2   6  13   0   4   9  13   4   1   3   6   1   1  26   6   2   0   0   1  0.52 0.29
  178 K   -1 -1  1  2 -3 -1  1  1  1 -2 -2  1 -1 -1  2  1 -1 -3 -2 -2    3   2   8  13   0   2  10  12   4   2   3   9   2   2  12   9   3   0   1   3  0.21 0.16
  179 D   -1 -1  1  3 -3  0  0  1  0 -3 -2  1 -2 -2  2  0 -1 -3 -3 -1    5   3   6  21   0   4   6  13   3   1   3   9   1   1  10   6   2   0   1   5  0.26 0.17
  180 G    0 -2  1  1  0 -1  0  3  0 -3 -2  1 -2 -3  2  0  0 -3 -1 -2    8   1   6   9   2   2   7  23   2   1   4   9   0   1   9   7   5   0   2   2  0.23 0.15
  181 K    0 -1  0  1 -1  0  1  1  1 -2 -2  1 -2 -3  3  0  0  0 -2 -2    5   2   5   9   1   3   7  13   4   2   4  12   0   1  13   8   4   1   1   3  0.19 0.13
  182 N   -1  0  2  2 -1 -1  1  2  1 -2 -3  1 -1 -3  1  0 -1 -2 -1 -1    2   5   9  14   1   2   7  18   3   1   2   8   1   1   7   7   3   1   2   5  0.20 0.14
  183 K   -1  0  1  2 -2 -1  1  1 -1 -1 -2  1 -2 -2  2  0 -1 -3 -2 -2    5   6   7  14   1   2   8  13   1   3   4   9   0   1  12   8   3   0   1   2  0.21 0.14
  184 A    0  0  0  0 -3  1  0  0  2  0 -1  0 -1  0  1  0  0  3 -1  0    6   6   6   6   0   6   6   6   6   6   6   6   0   6   6   6   6   6   0   6  0.06 0.09
  185 P   -1 -1  0  1 -3  1  1  1  1 -1 -2  0  0  0  3  0 -1 -3  0 -1    4   3   4   8   0   5   9  12   3   3   3   6   3   4  14   5   4   0   4   3  0.16 0.15
  186 K   -1  0  1  1 -3  1  2  1  1 -2 -2  1 -1 -3  2  0 -1 -3  0 -2    5   5   6   6   0   5  13  13   3   2   3  11   2   0  11   4   3   0   4   3  0.19 0.17
  187 D   -1  0  1  3 -3  1  0 -1  1 -1 -2  1 -3 -3  2  1  0  2 -3 -2    4   5   7  16   0   7   5   5   4   4   3   8   0   0  12  10   5   3   0   3  0.22 0.20
  188 D   -1  1  1  3 -3  0  1  0  0 -3 -2  2 -1 -1  2  1  0 -4 -3 -2    5   6   5  18   0   3   7   6   2   0   3  12   2   4   9   9   6   0   0   2  0.22 0.20
  189 D    0  0  1  1 -3  1  2  1 -1 -2 -2  1 -2  0  1  1  0 -3 -2 -2    7   4   6  10   0   5  13  10   1   3   3   8   0   4   8  12   4   0   0   3  0.15 0.15
  190 S    0  0  0  0 -2  1  0  0  1  0 -1  0  1  0  1  0  0 -2  1  0    6   6   5   6   0   5   6   6   5   6   6   6   5   5   6   6   6   0   5   6  0.03 0.06
  191 N    0  0  0  0 -3  0  0  1  1 -3 -1  1  0 -3  0  2  1  3 -3 -1    6   5   4   5   0   4   6  10   4   0   5   8   3   0   4  16  11   4   0   5  0.14 0.18
  192 S   -1  0  0 -1 -4 -1 -1  3  3 -2 -2 -1  0  0 -1  3 -1 -4 -3 -2    4   5   3   3   0   2   3  27   8   2   3   3   2   4   2  22   4   0   0   3  0.34 0.31
  193 W   -2 -1 -3 -2 -4 -3 -2  1  0 -1  0 -1  1  1 -4  1 -1  8 -2 -1    3   3   0   2   0   0   2  13   2   3  11   3   5   5   0  15   3  25   0   5  0.67 0.39
  194 G    1  0  0 -2 -3 -2 -2  4 -3 -1 -2 -1 -2 -3 -1  2  0 -4 -3 -1    9   4   3   0   0   0   0  40   0   4   4   4   0   0   3  19   4   0   0   5  0.43 0.26
  195 V    0  0 -2 -3  1 -2 -2  0 -2  0 -1 -1 -1  3 -3  1  0  5  2  0    8   8   0   0   4   0   0   7   0   5   4   3   0  19   0  11   7   9   6   6  0.21 0.18
  196 F   -1 -1 -1 -3 -2 -2 -2 -1 -2  1  1 -1  1  4 -3 -1 -1  2  1  1    4   3   3   1   0   0   1   6   0  10  15   5   3  24   1   4   3   3   3  12  0.19 0.15
  197 T    0  0 -2 -2 -1 -1 -2  2 -2  0 -1  0  0  0  0  1  3 -3 -1  0    4   4   0   0   1   3   1  20   0   6   4   6   3   4   3   8  22   0   1   7  0.16 0.16
  198 W   -2 -4 -1 -2 -4 -3 -4 -1  0  1 -1 -2  1  2 -4 -2  0  9  2  0    2   0   3   3   0   0   0   4   2   9   5   2   3   9   0   3   5  37   5   6  1.06 0.44
  199 L   -1 -4 -4 -4 -3 -4 -4 -4 -4  1  3 -4  3  6 -1 -2 -1  1 -1 -1    4   0   0   0   0   0   0   0   0   8  28   0   8  35   4   4   3   2   0   3  0.66 0.36
  200 F   -2 -4 -4 -5 -1 -4 -4 -4 -3  2  2 -4  1  6 -4 -2 -2  0  0  1    3   0   0   0   1   0   0   0   0  15  19   0   4  38   0   3   2   1   2  10  0.66 0.34
  201 I   -1 -3 -3 -4 -1 -3 -3 -3 -3  3  2 -2  1  2 -3 -1  2  3  1  2    2   0   0   0   1   0   0   1   0  22  17   2   4   8   0   5  15   4   5  13  0.29 0.22
  202 L   -2 -2 -4 -4  0 -1 -3 -4 -3  3  2 -3  1  2 -4 -2 -1  2  2  2    2   2   0   0   2   3   0   0   0  24  26   0   3   8   0   2   2   4   7  15  0.39 0.24
  203 L    1 -2 -2 -3  1 -2 -2  0 -2  1  1 -2  2  1 -2  0  0 -1  2  1   12   0   0   0   5   0   1   8   0   8  16   1   7   8   0   7   6   0   9  11  0.10 0.09
  204 V    0 -3 -2 -3  2 -2 -3 -1 -2  1  1 -2  1  3 -3  0  0 -2  0  1    6   0   0   0   6   0   0   6   0  12  13   0   5  23   0   8   6   0   0  12  0.18 0.13
  205 I    0 -2 -2 -3  2 -2 -2 -3 -2  1  2 -2  2  1 -3  0  0 -2  1  1    6   0   0   0   6   0   0   0   0  11  29   0   6   7   0  10   6   0   5  10  0.19 0.13
  206 V    1 -2 -2 -2  2 -2 -2  2 -2  1  1 -2  1  1  0  0  0 -2 -1  1   13   0   0   0   7   0   0  17   0   7  13   0   5   9   5   6   6   0   0   9  0.11 0.09
  207 M    0 -2 -2 -3  1 -2 -2 -1 -2  1  1 -2  1  3  0  0  1 -2  0  1    9   0   0   0   3   0   1   6   0  10  13   1   3  22   4   9   9   0   0  10  0.13 0.11
  208 A    2 -1 -2 -2  0 -1 -2  0  1  1  1 -2  0  0 -1  0  0 -2 -1  1   24   3   0   0   2   3   1   8   6   8  15   0   2   3   2   8   2   0   0  12  0.09 0.10
  209 S    2  0 -2 -2  0 -1 -2  0 -2  1  0 -1  0 -1 -2  1  0 -3 -2  1   28   6   0   0   2   3   0   7   0  13   9   0   1   2   0  10   6   0   0  11  0.13 0.13
  210 Y   -3 -1 -3 -4 -4 -3 -3 -4  1 -1 -1 -3 -2  1 -2 -3  0  2  8 -2    1   3   0   0   0   0   0   1   2   4   4   0   0   3   2   0   6   1  70   2  1.40 0.52
  211 I   -1 -1 -3 -4  0 -3 -3 -4 -3  2  3 -3  1  4 -2 -1 -2 -2  0  1    3   3   0   0   2   0   0   1   0  11  39   0   4  20   2   6   0   0   2   6  0.36 0.21
  212 I    1 -3 -2 -3  0 -2 -3  2 -3  3  1 -2  1  0 -2  0  0 -3 -2  1   13   0   0   0   2   0   0  16   0  24  13   0   3   3   0   7   5   0   0  11  0.18 0.14
  213 A    0 -3 -2 -3  0 -2 -3  0 -2  2  1 -2  1  3 -3  0 -1 -2  1  1   10   0   0   0   2   0   1  10   0  13  19   0   2  16   0   7   0   0   3  14  0.16 0.12
  214 Q    0 -2 -1 -3 -3 -1 -3  5  1 -2 -2 -2 -1 -1 -3 -1  0 -3 -2 -2    7   2   1   0   0   3   0  59   3   2   2   1   2   2   0   3   7   0   1   3  0.71 0.31
  215 A    2  1 -2 -2  1 -2 -2 -1 -2  0 -1 -1  1 -1 -2  2  0 -3 -1  0   24   9   0   0   3   0   0   4   0   8   5   0   4   3   0  24   5   0   3   7  0.18 0.18
  216 W    0 -2 -4 -4 -1 -3 -4 -1 -2  0  0 -3 -1  2 -4 -3 -3  8  5 -1    9   2   0   0   2   0   0   6   0   5   9   0   2   7   0   0   0  25  27   4  0.89 0.36
  217 I   -1 -1 -2 -2 -3 -1 -3 -2  2  1  1 -2  0  1 -3 -1 -1  0  5  1    4   2   1   2   0   2   0   3   6   7  17   1   2   4   0   6   2   1  29  10  0.32 0.22
  218 N   -1  2  7 -1 -4  0 -1 -2 -2 -4 -3 -1 -1 -4 -3  0  0 -4 -3 -4    4  12  57   0   0   4   1   1   0   0   2   2   1   0   0   6   6   0   0   0  0.93 0.43
  219 A   -1  0 -2 -4 -3 -2 -3 -3  2 -2 -2 -2 -1  2 -4 -1  1  0  7 -1    6   7   1   0   0   0   0   1   5   1   2   1   1   8   0   3  13   1  43   5  0.70 0.37
  220 N   -1  1  3 -1 -3  0 -1 -2  1 -2 -1  1  0  1 -3  1  2 -3 -1 -2    2  10  20   1   0   4   1   2   4   2   7   7   2   7   0  13  17   0   2   0  0.22 0.19
  221 R   -2  5 -1 -2  0  1 -1 -2 -1 -1 -1  1 -1 -1 -3 -1  1 -4 -1  1    1  34   2   1   3   7   1   3   1   2   4  10   1   4   0   3  11   0   2  11  0.37 0.27
  222 V   -3 -1  0 -4 -5 -2 -1  0  1 -1  0 -4 -1  1 -5 -1 -2  2  7 -2    1   4   4   0   0   2   3   9   2   3   9   0   1   3   0   5   2   2  47   2  0.88 0.47
  223 G   -2 -1  1  0 -5 -2 -4  6  1 -2 -5 -2 -4 -3 -3 -1 -3 -4 -2 -3    2   4   6   4   0   1   0  65   3   3   1   2   0   1   1   3   0   0   2   1  1.09 0.48
  224 S    4  0  0 -3 -3 -1 -2 -2 -1 -1 -2 -2 -2 -3 -2  2  0 -4 -2 -1   40   6   5   0   0   2   2   2   1   4   3   1   0   1   2  20   6   0   1   4  0.41 0.32
  225 S   -2  4 -2 -3 -4  2 -1 -3  2 -1  0 -1 -1  2 -4  1  1 -3 -1 -1    2  28   1   0   0   9   2   2   6   4   7   2   1  10   0  10  11   0   1   4  0.33 0.28
  226 H   -2 -2  1 -2 -5  1 -1  6  2 -4 -2 -3 -3 -2  1 -1 -3 -5 -4 -5    1   1   5   1   0   6   4  57   5   1   4   0   1   2   6   3   1   0   0   0  0.89 0.45
  227 E   -2  0 -3  2 -3 -2  1 -4 -4  0  0 -3  0  0 -1 -2 -2  9  0 -1    2   7   0  15   1   2  10   1   0   4  11   1   3   3   3   2   2  28   3   5  0.77 0.40
  228 F   -1 -2 -1  6 -5 -2  1 -2  0 -3 -4 -3  0  4 -4 -3 -4 -4  0 -4    6   2   2  50   0   1   9   3   3   1   0   0   2  18   0   0   0   0   2   0  0.98 0.49
  229 L   -1  2 -2 -4 -2 -1 -2 -4 -3  0  4 -1  2  1 -3 -2 -3  3 -2  0    5  11   2   0   1   2   1   1   0   4  43   4   7   6   1   3   0   5   0   5  0.41 0.29
  230 N   -1 -2  0  0 -3 -1  0 -3  0  3  2 -2 -1 -1  0 -2 -1 -4 -1  1    3   2   5   5   0   2   8   1   3  25  23   1   0   2   5   1   3   0   2  11  0.23 0.20
  231 E   -3 -2 -2  0 -6  0  3 -5 -5 -3 -5 -4 -1 -6  7 -3 -3 -6 -6 -4    1   2   1   4   0   3  18   0   0   2   0   0   2   0  62   1   2   0   0   1  1.69 0.70
  232 L   -4 -4  2 -4 -5 -3 -4 -5  8 -1  0 -4 -1  4 -5 -1 -3 -4  0 -1    1   0  11   0   0   0   0   0  45   4  10   0   2  16   0   4   1   0   1   5  1.25 0.58
  233 V    0  2 -1 -2 -2 -1 -1  0  0  1  0  0 -1 -1  1  0 -1  1 -1  1    6  14   1   0   0   1   2   8   3  11   8   6   1   2   8   6   2   2   2  15  0.09 0.11
  234 E   -3  0  0  6 -5 -1  3 -1 -1 -4 -5 -2 -4 -3 -2 -1 -1 -4  0 -4    1   4   2  45   0   2  23   4   1   1   1   1   0   1   2   3   3   0   4   1  0.87 0.43
  235 S   -1  2  0 -3 -3 -2 -3 -2 -3 -1  0 -1  1  5 -3  0  2 -2  0 -1    5  12   6   1   0   0   1   3   0   2   6   3   4  28   1   7  16   0   1   4  0.36 0.26
  236 I   -1 -4 -3 -2 -3 -4 -4 -3 -4  2  2 -4  0  2 -2 -1 -2  9 -1  0    4   1   1   2   0   0   1   2   0  15  18   1   2   8   2   4   1  29   0   7  0.92 0.40
  237 V   -2  5 -2 -4 -1 -1 -2 -3 -3  0 -2  2  1 -4 -4 -1  1 -5 -3  1    2  41   1   0   1   2   1   2   0   5   4  11   4   0   0   5  11   0   1  11  0.61 0.39
  238 E   -2 -2  1  5 -5  2  3 -1 -3 -5 -5 -2 -1 -5 -2  0  0 -5 -3 -5    2   1   6  42   0   8  21   3   0   0   0   0   2   0   2   6   5   0   1   0  0.84 0.44
  239 T   -2 -4 -4 -5 -3 -4 -4 -4 -2  2  3 -4  2  4 -5  0 -1 -3 -2  2    3   0   0   0   0   0   0   1   1  14  32   0   4  21   0   7   3   0   0  14  0.58 0.34
  240 L   -1 -5 -5 -5 -2 -4 -4 -3 -5  1 -1 -3 -4  1  6 -2 -2  6 -3  1    4   0   0   0   1   0   0   2   0   8   5   1   0   6  46   3   2  11   0  11  1.16 0.53
  241 T   -1  2 -2 -3 -4 -1 -2  0  2 -3 -3  0  0  1 -4  1  1 -1  6 -1    4  12   1   1   0   3   1   6   4   0   1   5   2   5   0  12   8   0  30   4  0.46 0.33
  242 K    0  0 -1  0 -3 -1  0 -1  0  0  2  0  1  0 -3  1 -1 -3 -1 -1    6   6   2   6   0   1   7   5   2   4  29   4   3   3   0  13   1   0   2   3  0.10 0.15
  243 L   -1 -4 -5 -5  2 -4 -4 -4 -4  3  3 -4  3  2 -4 -3 -1 -4 -2  3    6   0   0   0   4   0   0   1   0  17  28   0   8  11   0   1   3   0   0  20  0.57 0.32
  244 P   -2  2 -3 -4 -1  1 -3 -2 -3 -3 -4  3 -1 -5  6 -1 -3 -1 -3  0    3  11   0   0   1   6   0   2   0   1   1  23   2   0  36   4   1   1   1   7  0.85 0.45
  245 E   -1 -2 -1  6 -5  1  2  0 -2 -4 -5 -3 -4 -4 -4  1 -2 -3  2 -4    5   1   1  43   0   8  11   6   0   1   0   0   0   0   0  11   2   0   9   1  0.81 0.46
  246 F   -3 -5 -5 -6  0 -5 -5 -1 -4 -2  3 -5  3  6 -6 -3 -3  6  0 -1    1   0   0   0   2   0   0   5   0   1  24   0   8  39   0   2   1  12   1   3  1.10 0.51
  247 L    1 -4 -4 -4  1 -4 -4  0 -4  2  1 -4  0  3 -4 -1  0  0 -2  2   13   0   0   0   4   0   0   9   0  15  12   0   2  16   0   4   4   1   0  19  0.33 0.25
  248 R   -1  5 -1 -3 -5  1 -2  0 -1 -3 -3  3  0 -3 -4  1 -2 -5 -2 -3    4  36   2   0   0   5   0   9   1   1   1  23   2   1   0  11   1   0   1   1  0.68 0.40
  249 E   -2  2 -1  2 -4  1  4 -3  3 -2 -4  1 -3 -1 -2  0 -2 -4  0 -4    1  12   1  14   0   6  27   1   7   2   0  10   0   3   2   8   1   0   3   0  0.45 0.29
  250 I   -1 -3 -4 -5 -1 -4 -3 -3 -4  3  2 -4  0  0 -4 -3 -1  1  0  4    3   1   0   0   1   0   1   2   0  19  22   0   1   3   0   1   2   2   3  38  0.60 0.33
  251 A    0 -2 -3 -4 -1 -3 -3 -2 -3  2  1 -2  2  2 -3 -2  0  4  1  3   10   2   0   0   1   0   0   3   0  12  11   2   6   9   0   2   4   7   6  23  0.30 0.21
  252 N    0  2  3  1 -4  0  1  1  0 -3 -3 -1 -3 -2 -3  3  0 -4 -1 -3    5  10  18   7   0   3   9   8   2   2   1   1   0   1   0  25   3   0   2   0  0.36 0.27
  253 K   -2  3 -1 -3 -4  0 -2 -2  4 -4 -3  4 -1 -4 -3  0  3 -4 -3 -3    2  17   1   0   0   4   0   3  10   0   1  29   1   0   0   5  23   0   0   1  0.61 0.37
  254 L   -1 -4 -4 -4  0 -3 -4 -3 -3  4  2 -4  0  2 -4 -2 -2 -1 -2  3    5   0   0   0   2   0   0   1   1  25  21   0   2  11   0   3   2   1   0  24  0.49 0.27
  255 F   -1  2 -1 -3  2  2 -2 -2 -2 -1  0  0  1  2 -3  1  1 -1 -2  0    3  17   2   0   5  13   0   2   0   2   7   4   5  11   0  10  11   1   0   6  0.18 0.20
  256 T   -2  0 -1 -1 -4 -3 -2  6 -1 -5 -5 -2 -4 -5 -2  2 -1 -5 -5 -3    1   5   3   3   0   1   2  58   1   0   0   1   0   0   2  18   3   0   0   2  1.00 0.47
  257 S   -1  3  2 -3 -4 -2 -2  2 -3 -3 -3 -2 -3 -4  1  3  1 -5 -4 -3    3  21   9   0   0   0   1  19   0   1   2   0   0   0   6  30   7   0   0   1  0.52 0.35
  258 G    0  0  1 -2 -3 -3 -3  4 -3 -4 -4 -2 -1 -4 -2  3  1 -4 -4 -4    5   6   6   1   0   0   0  40   0   0   1   0   1   0   2  26   8   0   0   0  0.70 0.37
  259 S   -1  1  2  0 -3  0 -1  0  2 -4 -4 -2 -3 -2 -1  4  1  1 -1 -3    3   9   9   4   0   4   1   7   6   0   0   0   0   2   2  38   7   2   2   0  0.42 0.31
  260 R   -4  8 -2 -4 -6  0 -3 -2 -3 -6 -5 -1 -4 -6 -5  0 -3 -6 -2 -4    0  82   1   0   0   3   0   4   0   0   0   0   0   0   0   6   1   0   1   1  1.89 0.74
  261 G    0 -2 -1 -2 -4 -1 -3  6 -4 -5 -5 -3 -4 -5 -3  1 -1 -5 -5 -5    6   3   3   1   0   2   1  69   0   0   0   0   0   0   1   8   4   0   0   0  1.23 0.49
  262 G   -2 -2 -2 -3 -5 -4 -1  7 -5 -7 -6 -4 -5 -6 -5  0 -4 -6 -6 -6    1   3   1   1   0   0   4  82   0   0   0   0   0   0   0   8   0   0   0   0  1.75 0.64
  263 Y   -6 -6 -6 -7 -6 -5 -6 -7 -2 -5 -5 -6 -5  0 -7 -6 -5 -1 10 -5    0   0   0   0   0   0   0   0   0   0   0   0   0   1   0   0   0   0  99   0  3.24 1.02
  264 S    0 -3 -1 -3 -3 -2  0 -3 -1  1 -4 -2 -3 -4 -3  5  2 -5 -4  1    7   0   1   0   0   0   7   0   1   8   0   2   0   0   0  55  10   0   0   9  0.71 0.43
  265 A    5  0 -3 -3 -3  1 -1 -1 -1 -4 -3 -2 -3 -4  2  2 -1 -5 -4 -2   53   4   0   0   0   7   2   2   1   0   1   0   0   0  10  16   1   0   0   2  0.68 0.39
  266 V   -3 -5 -6 -6 -4 -5 -5 -6 -6  2  0 -5 -2 -3 -5 -5 -3 -6 -4  7    0   0   0   0   0   0   0   0   0   8   6   0   0   0   0   0   0   0   0  86  1.64 0.62

                      K         Lambda
Standard Ungapped    0.1323     0.3162
Standard Gapped      0.0410     0.2670
PSI Ungapped         0.1255     0.3176
PSI Gapped           0.0384     0.2670
