
Last position-specific scoring matrix computed, weighted observed percentages rounded down, information per position, and relative weight of gapless real matches to pseudocounts
           A  R  N  D  C  Q  E  G  H  I  L  K  M  F  P  S  T  W  Y  V   A   R   N   D   C   Q   E   G   H   I   L   K   M   F   P   S   T   W   Y   V
    1 M   -2 -3 -4 -4 -2 -3 -4 -4 -3  2  3 -3  5  3 -4 -3 -2 -2  0  1    0   0   0   0   0   0   0   0   0  15  29   0  31  20   0   0   0   0   0   5  0.56 0.16
    2 L   -2 -4 -5 -5 -3 -4 -4 -5 -4  4  3 -3  2  1 -4 -4 -2 -4 -2  4    0   0   0   0   0   0   0   0   0  23  33   2   4   6   0   0   1   0   0  32  0.70 0.28
    3 R   -3  3  0 -3 -5  3 -1 -4  7 -5 -4  3 -3 -3 -4 -2 -1 -4  2 -4    1  16   4   0   0  13   0   0  30   0   0  23   0   0   0   1   3   0   9   1  0.88 0.36
    4 S   -1 -1  1 -1 -3  0  1  3 -3 -4 -4 -1 -3 -4 -3  4  1 -4 -4 -4    1   3   6   2   0   4  11  23   0   0   0   1   0   0   0  41   8   0   0   0  0.58 0.30
    5 T    2 -1 -1 -3 -2  0 -2 -2 -1  0 -1  2  0  0 -3  0  3 -3  0  0   20   1   1   0   0   5   0   2   1   6   6  15   2   5   0   3  24   0   4   6  0.20 0.18
    6 L    2 -3 -2 -4  0 -3 -3 -3 -2  1  1 -3  1  4 -4 -2 -2  1  3  0   22   0   2   0   2   0   0   0   0   8  16   0   4  23   0   2   0   2  14   7  0.43 0.23
    7 S   -2  2  1  0 -3 -1 -2 -1  0 -2  2  3 -1 -2 -3  0 -1  4 -1 -2    0  11   8   6   0   2   0   5   2   1  23  22   1   1   0   7   3   6   1   2  0.22 0.18
    8 N    1  0  2  0 -3  0  1  3 -2 -4 -4  1 -3 -2 -1  1  0 -4 -3 -3   13   4  11   2   0   2  11  23   0   0   0   9   0   2   3  13   6   0   0   0  0.31 0.17
    9 W    0 -4 -4 -4 -3 -3 -3 -3 -4  2  1 -3  1  1 -4 -2  1  4 -1  4    6   0   0   0   0   0   1   1   0  10  14   0   3   5   0   1   9   6   1  41  0.49 0.25
   10 R    3  5 -1 -3 -3 -2 -2 -1 -2 -2 -1 -1  0 -3 -3 -2 -2 -4  0  2   29  35   2   0   0   1   0   4   1   1   3   1   2   0   1   1   0   0   3  17  0.50 0.29
   11 E   -2 -2  0  4 -5 -1  6 -1 -2 -5 -4 -1 -2 -5 -3  0 -2 -5 -4 -4    2   0   4  20   0   1  57   4   0   0   1   1   1   0   0   6   2   0   0   0  1.00 0.40
   12 Y   -1  3  0 -3 -4 -2 -3 -3  1 -2 -2  1  0  1 -4 -1 -1  3  6 -3    3  20   4   0   0   1   0   1   3   2   2   7   2   5   0   5   3   3  37   0  0.67 0.31
   13 L   -2 -4 -4 -5 -3 -4 -4 -5 -4  2  4 -3  2  4 -4 -3 -2  1  1  1    2   0   0   0   0   0   0   0   0  12  45   1   5  19   0   0   2   1   3  10  0.63 0.25
   14 T    2 -2 -1 -3 -3 -2 -2 -3 -2  0 -1  0 -1 -4 -3  2  5 -2 -2 -1   16   1   1   0   0   1   2   0   1   5   3   5   1   0   0  12  48   0   1   2  0.57 0.31
   15 P   -1 -4 -3 -3 -5 -3 -1  0 -4 -5 -4 -2 -4 -4  7  0  0 -1 -5 -3    4   0   1   1   0   0   3   9   0   0   0   2   0   1  64   8   5   1   0   1  1.50 0.44
   16 I    0 -3 -3 -2 -2 -3 -3 -3 -3  2 -1 -3 -1 -3  3  0  0 -4 -3  5    7   0   0   3   0   0   0   0   1   9   4   0   0   0  15   6   5   0   0  49  0.54 0.25
   17 S   -1  1  0 -3 -1 -2 -2 -2 -2 -1  3 -1  0 -1  2  1 -1 -3 -1 -1    2  10   4   0   1   0   0   2   1   0  44   2   1   1  10  13   2   0   2   3  0.28 0.19
   18 H   -1  1  1 -1 -3  0  0 -2  3 -3 -3  4 -3 -4 -1  0  3 -4 -2 -3    2   4   5   1   0   2   3   2  10   0   1  36   0   0   1   7  23   0   0   0  0.48 0.24
   19 T   -1 -2  0  0 -3  0  3 -2  1  0 -2  0 -2 -3 -1  0  2 -4 -3  1    3   0   3   3   0   3  31   2   3   8   0   7   0   0   2   4  16   0   0  13  0.28 0.18
   20 S    0 -3 -1 -1 -3 -1 -1 -2 -3 -4 -4 -2 -3 -2 -1  6  0 -5 -4 -4    4   0   1   2   0   1   3   1   0   0   0   0   0   2   2  82   1   0   0   0  1.17 0.46
   21 T    1  1  1  1 -3  2  0 -1 -1 -2 -3  3 -2 -3 -2  0  1 -3 -1 -1   14   4   5   8   0  11   2   2   1   1   0  27   0   0   0   6  12   0   3   3  0.27 0.16
   22 F   -4 -4 -5 -5 -4 -5 -5 -5 -3  1 -1 -3 -2  8 -5 -2 -4 -2  2 -3    0   0   0   0   0   0   0   0   0   8   2   2   0  78   0   4   0   0   3   0  1.66 0.48
   23 E   -1  3 -2 -1 -3  0  1 -3 -1  0  0  3 -1 -1 -3  0 -1 -3 -1  0    3  16   0   1   0   3  10   0   1   7  10  31   1   3   0   5   1   0   2   5  0.27 0.17
   24 T   -2  0 -1  0 -4  1  5 -2 -2 -4 -4  0 -3 -4 -3  1  0 -4 -3 -3    1   3   2   3   0   5  58   3   0   0   0   4   0   0   0  12   7   0   0   1  0.77 0.31
   25 S   -2  0  0  2 -2 -1  0 -2  2 -2 -3  3 -2 -4 -2  1  4 -4 -3 -2    1   4   3  15   1   1   2   2   5   3   1  22   0   0   0   7  33   0   0   0  0.42 0.23
   26 G   -1 -1 -2 -3 -4 -3 -4  7 -4 -4 -4 -2  0 -4 -4 -2 -3 -4 -4 -3    2   3   0   0   0   0   0  84   0   0   1   1   3   0   0   0   0   0   0   2  1.52 0.43
   27 Q   -1  1 -2 -3 -1  1 -1 -3 -2  0 -1 -1  1 -1 -3  0  2  0 -2  3    2   9   0   0   1   9   3   1   0   2   4   3   3   2   0   6  19   1   0  33  0.25 0.18
   28 L   -2 -3 -4 -4 -2 -3 -4 -4 -4  4  4 -3  1  0 -4 -3 -1 -3 -2  1    1   0   0   0   0   0   0   1   0  30  52   0   2   3   0   1   3   0   0   5  0.69 0.26
   29 T   -1 -2  0 -2 -2 -2 -2 -1 -3 -2 -3 -2 -1 -3 -2  3  6 -4 -3 -2    1   1   5   1   0   0   1   3   0   2   1   1   1   0   1  23  59   0   0   1  0.85 0.35
   30 P   -1 -2 -3 -3 -3 -2 -1 -3 -3 -1 -1 -2 -1 -3  7 -1 -1 -4 -3  1    5   2   1   1   0   1   3   1   0   3   6   1   2   1  55   3   3   0   0  12  1.08 0.29
   31 E   -1 -1  1  1 -3  1  4  0 -1 -3 -3  0 -2 -4 -2  1 -1 -4 -3 -2    5   1   6   8   0   5  42   8   1   1   2   3   1   0   1  10   2   0   0   3  0.48 0.23
   32 E   -2 -2 -1  2 -5  1  6 -1 -2 -4 -4 -1 -4 -4 -3 -1 -3 -4 -4 -4    2   1   2  11   0   3  69   4   0   1   1   1   0   0   1   3   1   0   0   1  1.17 0.41
   33 F   -1 -4 -4 -4  1 -4 -2 -4 -3 -2 -1 -4  0  8 -4 -2 -3 -1  2 -3    6   1   1   1   3   0   3   1   0   1   3   1   2  68   1   2   1   0   5   1  1.31 0.40
   34 V   -1  0 -3 -3 -2 -1 -1 -3 -1  3  1 -1  0 -2 -3  0  0 -3 -2  4    2   6   0   1   0   2   3   1   2  17   8   3   2   0   0   7   6   0   0  38  0.31 0.19
   35 K    2 -1 -1 -1 -2  0  0 -2 -2  1  1 -1  0 -2 -2 -1  1 -3 -2  1   26   2   2   3   0   3   5   1   0  10  18   3   2   0   0   2  11   0   0  11  0.14 0.13
   36 A    5 -2 -2  1 -2 -2 -2 -1  2 -3 -3 -2 -2 -3 -2  1 -1 -3 -2 -2   65   1   1   9   0   1   1   1   5   1   1   1   0   1   1  10   1   0   0   1  0.67 0.28
   37 G    2 -2 -1 -1 -2 -2 -1  5 -2 -3 -3 -2 -2 -3 -2  0  0 -3 -3 -1   21   1   1   4   0   1   3  47   0   1   1   1   0   1   1   5   7   0   0   6  0.56 0.20
   38 D   -2  2  1  5 -3 -1  0 -2  0 -1 -2  0 -3  1 -2 -1 -1 -3 -2 -3    1  13   7  47   0   0   3   1   3   4   3   5   0   7   1   3   3   0   0   1  0.55 0.22
   39 Y    1 -1  1  0 -1  0 -1 -1  3 -2 -1  0 -1  1 -1  0  0 -1  3 -1   15   3   8   4   1   3   2   2  11   1   2   7   1   7   2   6   6   0  13   6  0.12 0.09
   40 L   -1 -2 -3 -3 -2 -2 -2 -3 -2  1  1 -2  2  2  3 -2 -1  6  0  0    1   1   1   1   0   1   1   1   0  15  16   1  15  15  15   1   1  14   0   1  0.35 0.07
   41 V    0 -3 -3 -4  0 -1 -3 -3 -4  2  0 -2 -1 -1 -3 -1  2 -4 -3  5    5   0   0   0   2   2   0   2   0  10   4   2   0   2   0   2  17   0   0  49  0.57 0.33
   42 H    0  0  0  0  0  1  0 -1  5 -3 -2 -1 -2  1 -3  1 -1 -2  4 -3    7   5   3   5   2   7   6   5  17   0   3   2   0   6   0  11   2   0  17   1  0.31 0.21
   43 M   -1  1  1 -2  0  1  0 -3  3 -3 -1  5  1 -3 -2 -1 -1 -4 -1 -1    5   4   6   0   3   6   3   1   9   0   5  42   5   0   1   2   3   0   1   4  0.43 0.28
   44 F   -2 -2 -2  0  7 -3 -3 -2 -1 -3 -2 -3  1  5 -4 -1 -1  1  2 -3    3   2   2   6  30   0   1   2   2   0   1   1   4  32   0   5   3   2   5   1  0.89 0.39
   45 P    0  1 -1  1 -2  1 -1  0  2  0 -1  1 -1 -2  1  0  0 -3 -2 -1    8   8   0   8   0   8   0   8   8   8   8   8   0   0   8   8   8   0   0   0  0.10 0.10
   46 T    0  0  1 -1  0 -1  1  0 -2 -1 -2 -1  1 -3 -1  2  3 -3 -3  0    6   5   5   2   2   2   8   6   0   2   2   0   4   0   2  15  30   0   0   8  0.23 0.20
   47 W   -3  1 -4 -4  3 -3 -4 -4 -4  0 -1  0 -3 -2 -4 -3  0 10 -1 -3    1   9   0   1   7   0   1   1   0   7   7   7   0   0   0   1   7  51   0   1  1.66 0.46
   48 K    0  0 -1 -2  1  1  0 -1  1 -2 -1  0 -1  0 -2  1  3 -3 -2 -1    5   4   1   1   4   8   4   4   4   1   7   5   0   4   1  13  30   0   0   4  0.19 0.15
   49 W   -1  1 -1  1  4 -1 -1 -2 -2  0 -1 -1 -1 -1  3 -1 -1  6 -1 -1    1  15   1  15  15   1   1   1   0  15   1   1   0   1  15   1   1  14   0   1  0.33 0.08
   50 N    2 -1  0 -2  2  2  3 -2 -3 -2 -2  0  0 -2 -1  0 -2  1 -1  0   22   2   4   1   4  12  18   2   0   2   2   5   2   2   2   8   1   2   2   6  0.26 0.28
   51 G    1 -1 -1  1 -1  0 -1  1 -3 -2 -2  1 -2 -3  0  2  1 -4 -3 -1   13   2   1   9   2   5   3  13   0   2   3  11   1   0   5  15  11   0   0   3  0.20 0.20
   52 N    2 -1 -1  1  2 -1 -2  4  0 -3 -4 -3 -4 -2 -2 -1 -2 -4 -4 -1   21   3   3  10   4   2   1  37   3   1   1   0   0   2   2   2   2   0   0   5  0.56 0.39
   53 D    1  0  0  4 -1 -1  1 -1 -2 -1 -2 -2 -3 -3  1  0 -1 -3  0 -1   14   4   3  26   2   3  11   3   0   3   5   1   0   0   6   7   3   0   4   4  0.28 0.24
   54 F    1 -1  0  0  0  0  1  0 -1 -1 -1  0 -1 -2  2  1  0  0 -1 -1   14   2   3   5   3   3  10   5   1   4   5   6   1   2  11  15   3   2   2   4  0.13 0.13
   55 Q    0 -1  0  1 -3  0  1  0  0 -2 -1  2 -2 -3  0  2  1 -4 -3 -2    5   2   3   9   0   3   7   6   3   2   6  16   0   0   3  21   9   0   0   3  0.20 0.22
   56 N   -1  0  0 -1  0  1  0 -1  0 -2 -2  3 -1 -3  3 -1  0 -4 -1 -2    3   4   4   3   2   6   6   5   2   2   2  26   2   0  18   3   5   0   3   3  0.35 0.28
   57 V    2 -2  0  0  2 -1 -1  0 -2  0  0  0 -1 -2 -1  1  0  1 -1  1   18   1   3   4   5   2   3   8   0   5   8   5   0   0   3  13   6   2   2  11  0.08 0.12
   58 H    0  0  1  0  2  1  0  0  2 -2 -1  0 -2  1 -3  0 -2  4  1 -1    6   6   6   6   6   6   6   6   6   0   6   6   0   6   0   6   0   6   6   6  0.10 0.14
   59 H   -1  4  0 -1 -3  1  1  0  1 -1 -2  1 -2 -2 -1 -1 -1  0  1 -1    4  26   5   3   0   8   7   6   3   3   3   7   0   2   3   4   4   1   4   6  0.23 0.20
   60 K   -1  2  0  1  0  0 -1  0  0 -1 -2  2  1 -1 -3 -1  0  2 -2  1    3  13   5   9   2   3   3   6   2   2   2  15   5   2   0   4   5   4   0  14  0.13 0.17
   61 D   -1 -1  0  2 -3 -2  0  1  0 -3 -2  0  1 -1  2  1  0  3 -2 -2    4   3   4  15   0   0   6  13   2   0   4   5   4   3   9  14   6   4   0   3  0.21 0.20
   62 F   -4 -4 -1 -4  1  0 -4 -2  4 -1 -1 -2 -3  3 -1 -4 -4  4  7 -1    1   0   4   0   3   4   0   4   9   4   6   3   0  12   3   0   0   6  36   4  0.89 0.50
   63 L   -1 -4 -4 -4 -3 -4 -4 -2 -4 -1  5 -4 -1  1  1 -2 -1 -4 -3 -2    5   0   0   0   0   0   1   3   0   0  66   1   0   6   9   3   4   0   0   1  0.87 0.46
   64 P   -2 -2 -2  0 -4  0 -3 -2  0 -4 -3 -3 -4 -5  7  0 -1 -5 -4 -1    2   2   2   4   0   4   1   3   3   0   2   1   0   0  61   7   3   0   0   4  1.45 0.58
   65 N    0  0  0  0 -3  0  1 -1  0 -1 -1  1  0 -3  3  0  0 -3  0  0    7   4   3   4   0   3   8   3   3   3   5  11   3   0  18   8   7   0   4   6  0.20 0.15
   66 D    0  1  1  1 -3  1  1  0  2 -3 -3  1 -2 -3  1  1  1 -3 -2 -2    8   8   8   8   0   8   8   8   8   0   1   8   0   0   8   8   8   0   0   0  0.22 0.12
   67 K    1  1  1 -1 -3  2  1  0 -2 -3 -3  4 -2 -3  1  0 -1 -3 -3 -3   15   5   7   1   0   9   8   6   0   1   1  32   0   0   6   6   1   0   0   1  0.37 0.23
   68 Q   -2  0 -1  0 -3  3  1 -1  4 -1 -1  1  1  0  0  0  1 -3  1 -2    1   5   0   5   0  19   7   4  12   4   6   7   5   3   4   5   8   0   5   1  0.21 0.20
   69 F    0 -2 -2 -2  3 -1  0  0 -2  1  0 -2  2  1  1  0 -1 -2  1  0    8   0   0   0   8   0   8   8   0   8   8   0   8   8   8   8   0   0   8   8  0.09 0.11
   70 L   -1 -3 -3 -1 -3 -2  0 -4 -3  1  4 -3  2  1 -1 -1 -2  2  0  0    4   0   0   3   0   0   7   1   0   4  50   0   7   5   3   4   0   3   3   5  0.40 0.28
   71 V    0  0 -2 -3  3  0 -2 -3  1  2  0  0  1 -1 -3  0  0 -2  1  1    9   5   0   0   8   4   0   1   4  15   9   5   6   0   0   8   6   0   7  13  0.13 0.16
   72 T    0  0  0 -2  2  1 -2 -3  2  0  0  0  1  1 -3  0  0  4  1  0    6   6   6   0   6   6   0   0   6   6   6   6   6   6   0   6   6   6   6   6  0.12 0.16
   73 K   -1  3  0 -1  1  0  0 -1  1 -1 -1  1  0 -3  0  0 -1 -3  0  0    4  23   6   4   3   3   6   4   3   3   6   9   3   0   4   5   3   0   4   7  0.16 0.16
   74 K    0  0  2  1  1  1  0  2  3 -4 -4  0 -3 -4  0  1  1 -4 -3 -4    8   5  11   8   4   7   5  17   8   0   1   5   0   0   5   8   9   0   0   0  0.30 0.24
   75 V    0  0  1  1  2 -1  0  0 -1  0  0 -1 -1 -2  1  0 -1 -2  1  0    8   8   7   8   7   0   8   8   0   8   8   0   0   0   8   8   0   0   7   8  0.06 0.10
   76 P    0  0  1  0 -2 -1  0 -2  2  0  0  0 -1  1  1  0  0 -2  1  0    7   7   7   7   0   0   7   0   6   7   7   7   0   6   7   7   7   0   6   7  0.06 0.09
   77 C   -1  0 -7  0  9 -7  1 -1 -7 -7 -1 -7 -7 -7 -7  1 -1 -7  1 -1    5   5   0   5  39   0  10   5   0   0   6   0   0   0   0   9   5   0   5   5  1.47 0.60
   78 K   -1  0  0  0  2  0  0 -1  2  0 -1  0  2  1  0 -1  0  4  1 -1    5   5   5   5   5   5   5   5   5   5   5   5   5   5   5   5   5   5   5   5  0.09 0.08
   79 L   -1  4 -1 -1  1  2 -1 -6  1  1 -2  2  1 -1 -1 -1  0 -6  1 -2    5  19   3   4   3   8   4   0   3   6   4  12   3   3   4   4   5   0   5   3  0.34 0.25
   80 R    0  5  0 -3 -4  1 -2  0 -3  0 -1  1  1 -4  0  0 -3  4 -3 -3    6  38   5   0   0   5   0   8   0   6   4   5   4   0   5   5   0   6   0   0  0.51 0.34
   81 A    0  0  0  0  2 -1  0  0 -1  0 -1  0 -1  0  1  0  0 -2  1  0    6   6   6   6   6   0   6   6   0   6   6   6   0   6   6   6   6   0   6   6  0.03 0.07
   82 N    1  0  0  2  1  0  0 -2  1 -1 -3  1  0  1 -2  1  0  2  0 -2   11   5   4  11   3   4   7   3   3   3   3   9   3   5   3  10   5   3   3   3  0.13 0.13
   83 N    0  0  0  0  2  1  0  0  2  0 -2  0  1  1 -3  0  0  3  1  0    6   6   5   6   5   5   6   6   5   6   0   6   5   5   0   6   6   5   5   6  0.09 0.14
   84 Y   -1 -1  0 -1  0  0  0 -2  1  0  1 -1  2  1 -3  0 -1  2  2  1    4   3   5   4   3   3   8   3   3   4  15   3   5   6   0   6   4   3   7  11  0.06 0.10
   85 L    0  0  0  0  2  0  0 -1  1  0 -1  0  1  0  0  0  0 -2  1  0    5   5   5   5   5   5   5   5   5   5   5   5   5   5   5   5   5   0   5   5  0.03 0.05
   86 E    0  0  0  0 -2  1  0  0  1  0 -1  0  1  0  1  0  0 -2  1  0    6   6   5   6   0   5   6   6   5   6   6   6   5   5   6   6   6   0   5   6  0.03 0.06
   87 L    0  0  0  0  1  0  1  0  1  0 -1  0  0 -1  0  0  0 -2  0 -1    8   4   5   6   3   4  10   9   4   7   6   5   4   3   4   5   7   0   4   4  0.03 0.04
   88 D   -1 -2  0  3 -4  0  1  1  0 -1 -2  0  0  0 -1  0 -1  1  1 -1    6   2   4  22   0   4   9  11   2   3   4   4   2   4   3   5   3   2   6   4  0.19 0.20
   89 D    0  0  0  0 -3  1  0  0  2  0 -1  0  1  1 -3  0  0  3  1  0    6   6   5   6   0   5   6   6   5   6   6   6   5   5   0   6   6   5   5   6  0.06 0.10
   90 T    0  0  0  2 -5  1  2  0  1  0 -1  1  0 -1 -2 -1  0  1 -5  0    7   5   5   9   0   5  12   8   3   6   5   7   3   2   3   5   6   2   0   7  0.11 0.11
   91 E    0  0  1  0  0  0  2 -1  1  1 -2  0  1  1 -1 -1 -1  2  0 -1    8   4   7   4   2   5  12   5   4   8   4   6   4   6   3   5   4   3   4   5  0.07 0.08
   92 T   -1 -1 -1  2  1  0  3 -1  1 -1 -2 -1  1 -1 -1  0 -1  2 -1  0    6   3   3  10   3   4  18   5   3   3   5   3   3   3   3   8   4   3   3   8  0.16 0.16
   93 K    0  0  0  0  2  0  0 -1  1  0 -1  0  1  0  0  0  0  3 -2  0    5   5   5   5   5   5   5   5   5   5   5   5   5   5   5   5   5   5   0   5  0.05 0.09
   94 D   -1 -2  0  4 -5  0  3 -2  2  0 -2 -1  0 -1 -2 -1 -1  1 -1 -1    4   2   4  25   0   3  17   4   5   5   4   3   3   2   2   4   4   2   2   5  0.36 0.31
   95 V   -2  0 -1  2  1  0  0 -1  0  2 -1  0  3  0 -1 -2  0  2 -5  1    4   5   3  12   3   3   7   4   3  10   5   5   7   3   3   3   6   3   0  10  0.17 0.14
   96 G   -1  0  0  0  2  0  0 -1  2  0 -1  0  2  1  0 -1  0  4  1 -1    5   5   5   5   5   5   5   5   5   5   5   5   5   5   5   5   5   5   5   5  0.09 0.08
   97 D    0  0  0  3 -3  0  1  0  0  0 -1  0  0  0  0  0  0 -3  0 -1    7   5   4  18   0   3  10   6   3   5   6   4   3   4   4   5   6   0   3   5  0.10 0.13
   98 G   -1  0  0  0  2  0  0 -1  2  0 -1 -2  1  0  0  0  0  3  1  0    5   5   5   5   5   5   5   5   5   5   5   0   5   5   5   5   5   5   5   5  0.07 0.11
   99 W   -1  0  0  0  2  0  0 -1  2  0 -1 -2  1  0  0  0  0  3  1  0    5   5   5   5   5   5   5   5   5   5   5   0   5   5   5   5   5   5   5   5  0.07 0.11
  100 A   -1 -1  1  1  0 -1  0  0 -3  0  0 -1  0  0 -1  0 -1  5 -1  1    5   3   6   7   2   2   7   9   0   5  10   4   2   3   2   5   4   8   2  11  0.10 0.12
  101 L    0 -1  0  1 -3  0  0 -1  0 -1  0 -1  0  1  0 -1  0  6 -1  0    7   3   4   8   0   4   8   5   2   3   9   2   3   6   5   4   5  12   2   9  0.17 0.18
  102 Q    0  0  0  1  0  0  1  0  0 -1 -2  0  0 -1  1  0  2 -3  0 -1    7   5   3   8   2   4   9   7   2   2   4   4   3   2   6   6  17   0   3   4  0.10 0.15
  103 E    0 -1  0  0 -3  0  1  1  3 -1 -1 -1  0  0  0  0  1  2  0 -1    6   3   4   5   0   4  10  10  10   4   5   3   3   3   5   6   9   3   3   3  0.10 0.14
  104 E    0 -1  1  0 -3  0  1  0  1 -1  0  0  0  0  0  0  0  2  0 -1    8   3   7   5   0   5  10   7   5   4   8   4   3   6   4   7   5   3   4   4  0.04 0.06
  105 H   -1 -1  1  1 -1 -1  0  1  4  0 -3  1  0 -2 -1  0 -1  2  0 -1    5   3   7   7   1   3   6  12   9   5   3  10   2   2   3   8   3   3   3   4  0.17 0.15
  106 S    0  0  1  1 -1 -1  0  2  1 -2 -2 -1  0 -2  1  1  0  0 -1 -2    7   6   7   9   1   3   7  15   3   2   4   3   2   2   6   9   6   2   2   4  0.12 0.13
  107 Q    0  0  0  0  2  0  0 -1  1  0 -1  0 -2  0  0  0  0  3  1 -1    5   5   5   5   5   5   5   5   5   5   5   5   0   5   5   5   5   5   5   5  0.06 0.08
  108 D    0 -1  0  3  0  0  2  0  2 -2 -3 -1  0 -2  1  0 -1  2 -1 -1    7   3   5  16   2   3  14   8   4   2   2   3   3   2   6   5   4   3   2   5  0.17 0.19
  109 S    0  0  0  0 -3  0  0  0  2  0 -1  0 -1  0  0  0  0  3  1  0    6   6   5   6   0   5   6   6   5   6   6   6   0   5   6   6   6   5   5   6  0.06 0.08
  110 E    0 -1  0  1  1  0  1  1  2 -1 -2  1  0 -1 -1  0  0  3  0 -1    6   4   5   7   3   4  10   9   4   3   4   8   3   3   3   6   5   4   4   5  0.09 0.09
  111 R    0  0  0  1  0  0  0  0  1  0  0  0  1 -1  1  0  0  2  0 -1    6   4   4   7   3   3   8   7   3   5   8   6   4   3   6   6   6   4   3   5  0.03 0.04
  112 K   -1  0  0  0  0 -1  1  1  1  0 -1  1  0 -1 -1  0 -1  4  1  0    5   5   4   6   2   3   8  10   4   5   5   7   2   2   4   6   3   6   4   8  0.08 0.08
  113 S    1  0 -1  0  2  0  0  0  1 -1 -1 -1  1 -4 -1  0  0  2  0 -1   13   5   3   6   4   4   7   8   3   4   7   4   3   0   4   8   7   3   3   5  0.07 0.09
  114 T   -1  0  0  0  2  0  0 -1  2  0 -1  0  2  1  0 -1  0  4  1 -1    5   5   5   5   5   5   5   5   5   5   5   5   5   5   5   5   5   5   5   5  0.09 0.08
  115 N   -1  0  1  1 -5  1  0  0  3  0 -1  0  1 -1  1 -1  1 -5  0 -1    6   5   6   7   0   5   7   7   7   5   6   6   4   3   7   5   9   0   3   4  0.10 0.10
  116 N    0 -1  1  1  0  0  0  0  3 -1 -1  0  0 -1  1  1  0 -4  0 -1    7   2   6   9   2   4   6   7   7   2   5   7   3   2   6   9   7   0   3   4  0.09 0.11
  117 A    1  0 -1 -1  0  1  0  1  0  0 -1  0  1 -1 -1  0  0  0 -1  0   11   5   2   4   2   6   7  12   3   5   7   7   3   2   3   5   6   1   2   7  0.04 0.05
  118 D    0  0 -1  2 -1  1  1  0  0 -1 -1  0  0 -2  1  1  0 -4 -1 -1    6   4   3  13   1   5   7   8   2   4   5   6   3   1   8  10   7   0   2   5  0.11 0.13
  119 D    0  0  0  1  1  1  1  0  1  0 -1  0  0  0  0  0  0 -3  0 -1    6   5   5   9   3   6   8   6   3   6   4   5   4   4   5   7   5   0   4   4  0.04 0.06
  120 S    0  0  0  0  2  0  0 -1  1  0 -1  0  1  0  0  0  0 -2  1  0    5   5   5   5   5   5   5   5   5   5   5   5   5   5   5   5   5   0   5   5  0.03 0.05
  121 E    0  0  0  1  0  1  2  0  1 -1 -1  0  0 -1  0  0  0 -3  0  0    7   6   4   8   3   5  14   6   3   3   4   5   3   3   4   6   5   0   3   6  0.06 0.08
  122 L    0  0  0  0  2  0  0 -1  1  0 -1  0  1  0  0  0  0 -2  1  0    5   5   5   5   5   5   5   5   5   5   5   5   5   5   5   5   5   0   5   5  0.03 0.05
  123 P    0 -1  0  0  1  0  1 -1  0  0 -1 -1  1 -1  3  0  0 -4  0 -1    7   3   6   6   3   3  10   4   2   5   5   4   4   2  17   6   6   0   4   4  0.16 0.17
  124 E    0  0  0  1 -3  0  1  1  0 -1 -1  0  0 -1  0  0  0  2  0 -1    8   5   5  11   0   4   8  10   3   5   4   5   3   3   4   8   6   3   3   4  0.07 0.08
  125 E   -1  0  0  0 -3  0  0 -1  2  0 -1  0  1  0  0  0  0  3  1  0    5   5   5   5   0   5   5   5   5   5   5   5   5   5   5   5   5   5   5   5  0.06 0.08
  126 L   -1  0  0  0  2  0  0 -1  2  0 -1  0  2  1  0 -1  0  4  1 -1    5   5   5   5   5   5   5   5   5   5   5   5   5   5   5   5   5   5   5   5  0.09 0.08
  127 E    0  0  0  0 -2  1  0  0  1  0  0  0  1  0  1  0  0 -3 -1  0    6   6   6   6   0   6   6   6   6   6   6   6   6   6   6   6   6   0   0   6  0.04 0.07
  128 E   -1 -1  1  3  0  0  2 -1  0 -1 -3  0  0 -2 -1  1  0 -5 -1 -1    4   3   6  19   2   4  15   5   2   3   3   4   3   2   4  10   6   0   2   4  0.24 0.24
  129 L   -1  0 -1  0  1  0  0 -1  0  1  0  0  1  0  0  0  0 -3  0  1    5   5   3   6   4   4   7   5   3   9  10   5   4   3   4   6   5   0   3  10  0.02 0.02
  130 H   -1  0  0  0  2  0  0 -1  2  0 -1  0  2  1  0 -1  0  4  1 -1    5   5   5   5   5   5   5   5   5   5   5   5   5   5   5   5   5   5   5   5  0.09 0.08
  131 I    0 -1  1  1  1  0  0 -1  1  0 -1  0  1 -1  0  0  1 -4  0  0    8   3   6   9   3   4   7   5   4   7   7   5   3   3   4   7   7   0   3   5  0.04 0.05
  132 V   -1  0  0  0  2  0  0 -1  2  0 -1  0  2  1  0 -1  0  4  1 -1    5   5   5   5   5   5   5   5   5   5   5   5   5   5   5   5   5   5   5   5  0.09 0.08
  133 D    0  0  0  2  0  0  1 -1  0 -1 -1  0  0  0  0  0  0 -3  0 -1    6   4   4  16   3   4  10   4   3   3   4   5   3   4   5   8   7   0   3   4  0.11 0.13
  134 D    0  0  0  0  2  0  0 -1  1  0 -1  0  1  0  0  0  0 -2  1  0    5   5   5   5   5   5   5   5   5   5   5   5   5   5   5   5   5   0   5   5  0.03 0.05
  135 G    0  0  0  0  2  0  0 -1  1  0 -1  0  1  0  0  0  0 -2  1  0    5   5   5   5   5   5   5   5   5   5   5   5   5   5   5   5   5   0   5   5  0.03 0.05
  136 D    0  0  0  0  2  0  0 -1  1  0 -1  0  1  0  0  0  0 -2  1  0    5   5   5   5   5   5   5   5   5   5   5   5   5   5   5   5   5   0   5   5  0.03 0.05
  137 D   -1  0  0  0  2  0  0 -1  2  0 -1  0  2  1  0 -1  0  4  1 -1    5   5   5   5   5   5   5   5   5   5   5   5   5   5   5   5   5   5   5   5  0.09 0.08
  138 E    0  0  0  0  2  0  0 -1  1  0 -1  0  1  0  0  0  0 -2  1  0    5   5   5   5   5   5   5   5   5   5   5   5   5   5   5   5   5   0   5   5  0.03 0.05
  139 E    0  0  0  0 -2  1  0  0  1  0 -1  0  1  0  1  0  0 -2  1  0    6   6   5   6   0   5   6   6   5   6   6   6   5   5   6   6   6   0   5   6  0.03 0.06
  140 Y    1 -1  0  2  1  0  1 -1  1 -1 -2 -1  1 -1  1 -1  0  2  0 -1   12   4   4  11   3   4   9   4   4   4   5   3   3   3   6   5   6   2   3   4  0.09 0.10
  141 D   -1  0  0  0  2  0  0 -1  2  0 -1  0  2  1  0 -1  0  4  1 -1    5   5   5   5   5   5   5   5   5   5   5   5   5   5   5   5   5   5   5   5  0.09 0.08
  142 D   -1  0  0  0  2  0  0 -1  2  0 -1  0  2  1  0 -1  0  4  1 -1    5   5   5   5   5   5   5   5   5   5   5   5   5   5   5   5   5   5   5   5  0.09 0.08
  143 Q   -1  0  0  0  2  0  0 -1  2  0 -1  0  2  1  0 -1  0  4  1 -1    5   5   5   5   5   5   5   5   5   5   5   5   5   5   5   5   5   5   5   5  0.09 0.08
  144 L    0  0  0  0  2  0  0  0 -1  0 -1  0  1  0  1  0  0 -2  1  0    6   6   5   6   5   5   6   6   0   6   6   6   5   5   6   6   6   0   5   6  0.03 0.06
  145 Y    0 -2  0  2 -1 -1  2 -2  0 -1 -1  0  0 -1  1 -1 -1 -1 -1  0    7   2   4  14   1   3  16   3   2   3   8   6   3   2   7   4   3   1   2   7  0.14 0.17
  146 D   -1 -2  0  4 -1 -1  3 -1 -4 -2 -2 -1  1 -2  0  0 -1  1 -2 -1    5   2   5  22   1   2  22   4   0   3   4   3   3   2   4   6   4   2   1   5  0.34 0.32
  147 N    1 -1  1  2 -1  0  2 -1  0 -1 -1 -1  1 -1  0  0  0 -4  0 -1   12   3   6  12   2   3  16   5   3   4   5   3   4   2   4   6   5   0   4   3  0.13 0.16
  148 E    0 -1  0  2  0  0  3 -1  0 -1 -2 -1 -3 -1  0  0 -1  1 -1 -1    8   3   4  12   2   4  19   5   2   5   3   4   0   2   5   8   4   2   3   4  0.17 0.20
  149 F    0 -1  0  1  1 -1  1 -2  0  1 -1  0  0  0  0 -1 -1  2  0  0    9   3   4   8   3   3  10   3   3   9   6   5   3   5   5   5   4   3   3   6  0.05 0.06
  150 A    0 -1  0  1  1  0  0  0  0  0 -1  0  0 -1  0  0  0 -4  0  0    9   3   4  10   3   3   6   6   3   7   6   5   3   3   5   7   7   0   4   6  0.04 0.04
  151 D   -1  0  0  4  0 -1  2 -1  0 -1 -2 -1  0 -1  0 -1 -1  1 -2 -2    5   5   5  23   2   3  12   6   2   4   5   4   2   2   4   5   5   2   2   3  0.29 0.24
  152 D    0  0 -1  4  1 -1  0 -2  1 -1 -1 -1  0 -1  0 -1  0  2  0 -1    9   4   3  21   3   3   6   3   3   3   5   3   3   3   6   6   5   2   3   5  0.21 0.18
  153 D    0 -1  0  2  2  0  2 -1  1 -2 -2 -1  1 -1  0 -1  0  2  0 -2    8   3   5  13   4   4  15   4   3   3   4   3   4   3   5   5   7   2   3   3  0.17 0.17
  154 I    1 -2 -1 -1 -1  0 -1  0 -1  1  1 -1  0 -1  1  0  1 -1 -2  1   14   2   3   4   1   3   4   7   1   8  12   4   2   2   6   6   7   1   1  11  0.06 0.09
  155 V    2 -1 -1 -1 -1 -1 -1  0 -1  0  0 -1 -1 -2  0 -1  0 -4 -2  3   16   3   2   4   1   2   5   9   1   5   7   3   1   2   4   4   5   0   1  23  0.14 0.19
  156 D   -1 -1  0  3  2  3  1  0  0 -2 -2  0 -1 -2 -1  0 -1 -5 -2 -1    5   2   3  15   5  13  11   7   3   3   3   5   2   2   3   8   4   0   1   5  0.20 0.23
  157 I    0 -1  1  1  1 -1  0  1  0 -1 -2  0 -1 -1  0  1  0 -4 -1 -1    7   3   7   9   3   2   4  12   2   4   3   5   2   3   4  13   7   0   2   5  0.05 0.12
  158 R    0 -1  2  1  1  0  1 -1  1 -1 -3 -1  0 -1 -1  0  1  2  0 -1    7   4   9   9   3   4   8   5   4   3   3   4   3   3   4   7   8   2   3   4  0.06 0.12
  159 P   -1 -1  1  0  1  0  0 -1  1  1 -1 -1  0  0  2  0  0  2 -4 -1    5   4   6   6   3   4   6   5   3   8   5   4   3   3  10   7   6   3   0   5  0.03 0.10
  160 S    0  0  0  0  2  0  0 -1  1  0 -1  0  1  0  0  0  0 -2  1  0    5   5   5   5   5   5   5   5   5   5   5   5   5   5   5   5   5   0   5   5 -0.00 0.06
  161 T    0  0  0  0  0  2  2  0  0 -1 -2  1  0 -3  0  1  1 -4 -1 -1    6   3   3   6   2  10  14   6   2   3   3   7   4   0   5  10   8   0   2   4  0.10 0.18
  162 L    0 -1 -2 -1  1 -2 -1 -1  1  0  0 -1  0  1  0 -1  0  2  1  1    5   4   0   5   3   0   4   5   3   4  11   4   3   6   4   4   8   3   5  15  0.03 0.11
  163 R   -1  0  0  0  2  0  0 -3  2  0 -1  0  1  1  0  0  0  3  1  0    5   5   5   5   5   5   5   0   5   5   5   5   5   5   5   5   5   5   5   5  0.08 0.12
  164 F    0  0  0 -2  2  0  0 -1  2  0 -1  0  1  1 -3  0  0  3  1  0    6   6   5   0   5   5   6   6   5   6   6   6   5   5   0   6   6   5   5   6  0.08 0.12
  165 Y   -1 -1 -1 -1  1 -1 -1 -4  1 -1  0 -1  1  3 -4 -1 -3  3  6 -1    5   3   3   4   3   3   3   0   3   3   8   3   3  10   0   4   0   4  32   3  0.54 0.33
  166 D   -1  1  1  1 -2  1  1 -2 -1  0 -2  1 -1 -2 -2  1  1 -3 -2  0    1   9   9   9   0   9   9   1   0   9   1   9   0   0   0   9   9   0   0   9  0.09 0.10
  167 L   -1  0 -2 -1  2 -2  0  0  0  1  1 -2  0  1 -3 -1 -2 -2  2  1    3   6   0   3   6   0   9   9   3   9  20   0   3   5   0   4   0   0   9  12  0.09 0.13
  168 Y    0 -2  0 -2  1 -1  0 -3  5  0 -1  0  1  0 -3  0 -1  5  2 -1    9   0   4   0   4   0   7   1  17   6   6   7   4   4   0   7   4   9   7   4  0.27 0.22
  169 I    0 -2 -2  0  3 -1  0  0 -2  1  0 -2  2  1  1 -1  0 -2 -1  0    8   0   0   8   8   0   8   8   0   8   8   0   8   8   8   1   8   0   0   8  0.08 0.11
  170 T    1  1  0 -2  1 -1  0 -1  1  0  0 -1  1 -2 -2  0  1 -3 -2  1   14  10   4   0   4   0   8   4   4   4  12   0   4   0   0   4  13   0   0  13  0.07 0.11
  171 Y    0  1 -1 -2 -3 -1  1  0  3 -2  0  1 -1  2 -2 -1 -2  5  2 -2   10  10   0   0   0   0  10  10   9   0  10  10   0   9   0   1   1   9   9   1  0.19 0.12
  172 S    0 -2  0  1  2 -1  1 -1  1 -2 -1 -2 -2  0  1  3  0 -3  0 -1    4   0   4   9   5   0   8   4   4   0   9   0   0   4   8  27   4   0   4   4  0.17 0.17
  173 T    0  1  0 -1  1  0  1 -1  0 -2 -2  2 -2 -1  2  0  1 -3 -1 -1    8   5   5   3   3   2   9   2   2   2   3  18   0   2  12   8   9   0   2   3  0.17 0.14
  174 S   -1  0 -1 -1 -3 -3 -3 -2  0  1 -2 -2 -1  1  1  3  0  0  5 -2    4   4   2   3   0   0   0   2   2  11   2   2   1   5   6  24   5   1  23   2  0.39 0.31
  175 Y   -1  1 -2 -2 -5 -4 -2 -5  1 -4 -4 -4 -4  1  0 -4 -4  2  8 -4    7   8   2   2   0   0   3   0   3   0   1   0   0   5   5   0   0   2  60   0  1.54 0.67
  176 R    0  4  0  0 -2  5 -1 -1  0 -4 -3  0 -2 -3 -3  1 -2 -4 -1 -4    7  25   3   5   1  30   2   4   2   0   2   4   1   1   0   9   1   0   2   0  0.61 0.39
  177 V    0 -2 -2 -2  3 -1  0 -2 -2  1  0 -2  2  1  1  0  1 -2 -1  1    9   0   0   0   8   0   9   1   0   9   9   0   9   9   9   9   9   0   0   9  0.12 0.11
  178 P   -1 -3 -3 -3  0 -3  0 -3  1  0 -4 -3 -3 -1  7 -1 -3 -4 -3 -3    3   1   0   1   2   0   7   1   3   6   1   1   0   3  64   4   1   0   0   1  1.46 0.47
  179 K   -1  4 -2  1 -1  0  0 -3  1 -1 -2  1 -1 -2 -3 -2 -1 -3 -2  2    2  34   0  10   1   2   6   1   4   3   2  10   1   2   0   1   2   0   0  20  0.35 0.23
  180 M   -1 -1  1 -2  1 -2  0 -3 -2  1  3 -2  1  1 -3 -1 -1 -3 -2  1    3   4   8   0   4   0   9   1   0   5  41   0   4   6   0   4   0   0   0  10  0.22 0.18
  181 Y   -1  0 -3 -3  0 -1  0 -3  0  0 -1  0 -2  2 -3 -2 -1  8  3  0    4   4   0   0   2   3   9   1   2   6   3   6   0   9   0   1   3  25  12   9  0.60 0.27
  182 L   -1 -1 -1  1 -2 -1  1 -3 -1  1  1  0  2  2 -2 -1  1 -1  2  1    1   0   0  10   0   0  10   1   0  10  10  10   9   9   0   1  10   0   9  10  0.09 0.10
  183 C   -1  3  2  0  2  1  0 -1  1  0 -2  0  0  1 -3  0  0 -3  0 -1    3  18  10   5   5   6   4   5   3   6   3   3   2   7   0   8   5   0   2   3  0.12 0.16
  184 G    2 -3  0 -1 -4 -3 -1  4 -3 -1 -2 -1  0 -1  0 -1 -1 -4 -4 -1   20   0   4   3   0   0   4  37   0   3   3   4   3   3   5   3   3   0   0   4  0.45 0.33
  185 Y   -2 -1 -1 -4  2  0 -1 -4  1  0 -1 -1 -3  3 -4  0 -1  3  6 -1    3   3   2   0   4   4   4   0   4   5   4   4   0  10   0   8   3   3  32   4  0.56 0.39
  186 D   -1  0  0  0  2  0  0 -1  2  0 -1  0  2  1  0 -1  0  4  1 -1    5   5   5   5   5   5   5   5   5   5   5   5   5   5   5   5   5   5   5   5  0.09 0.08
  187 N    0  0  0  0  2  0  0  0  1  0 -1  0 -1  0  1  0  0 -2  1  0    6   6   5   6   5   5   6   6   5   6   6   6   0   5   6   6   6   0   5   6  0.03 0.06
  188 D   -1 -1  3  2 -4  1  0 -1  2 -2 -2 -1  1  0  0  1  0 -4  0 -1    4   4  14  14   0   6   4   3   5   2   2   3   5   4   4  10   7   0   4   5  0.19 0.20
  189 G   -2  3  0 -1 -5  0 -3  4  1 -5 -2  0  2 -4 -4  1 -1  2  0 -4    3  16   5   3   0   4   0  32   4   0   3   4   5   0   0  10   3   3   3   0  0.53 0.39
  190 T   -1  1  0 -1  0  3  1 -2  3 -1 -1  1  1  0 -3 -1  0  1  1 -1    4   7   4   3   2  14  11   3   8   3   5  10   4   4   0   4   7   2   4   3  0.18 0.20
  191 P   -3 -3 -5 -5 -1 -2 -2 -2 -5 -1  0 -2 -1 -2  7 -1 -1 -1 -2 -3    2   2   0   0   1   1   3   3   0   3  11   2   2   1  55   5   3   1   1   2  1.25 0.62
  192 L    0 -3 -4 -4 -3 -3 -4 -4 -4  1  4  0  3  1 -4 -1 -2 -3 -2  1    7   0   0   0   0   0   1   1   0   7  51   6   6   6   0   6   0   0   0   7  0.57 0.29
  193 S    0  0  1  0  1  0  1  0 -2 -1 -1  0  0 -3  2  1  2 -3 -3 -1    5   5   6   3   3   4   8   7   0   3   4   5   3   0  12  13  13   0   0   5  0.15 0.11
  194 P   -1 -2 -2 -1 -1 -2 -2 -2  0 -1  3 -1  1  0  4 -2 -1  2 -1 -1    4   2   2   4   1   2   2   3   2   3  27   3   3   4  24   3   3   3   2   4  0.43 0.29
  195 D    0  0  0  0  2  0  0  0  1  0 -1  0  1  0  1  0  0 -3 -1  0    6   6   5   6   5   5   6   6   5   6   6   6   5   5   6   6   6   0   0   6  0.03 0.07
  196 Q    0 -1 -1  2 -4  3  4 -2  0 -2 -2  0 -3 -4 -2 -1 -2 -4 -2 -2   10   2   3  11   0  15  32   2   2   2   5   4   0   0   2   4   2   0   1   2  0.49 0.36
  197 M   -1 -1 -5 -5 -4 -4 -5 -5  0  5  1 -4  5  0 -5 -4  0  2 -3  3    4   4   0   0   0   0   0   0   2  32  11   0  14   4   0   0   5   3   0  19  0.74 0.41
  198 F   -2 -2  0 -4  1 -1  1 -4  0 -2  1 -1  1  3 -1 -2 -1  7  2 -1    2   2   5   0   3   2  10   0   2   2  12   4   4  12   3   2   4  19   7   4  0.55 0.33
  199 E    0  2  1  0 -4  2  3 -1  1 -2 -1  1  1 -4 -3  1 -1 -4 -3 -2    6  10   6   5   0  11  22   3   4   2   6   8   3   0   0   9   2   0   0   2  0.29 0.24
  200 D   -2 -1  1  6 -5 -1 -1 -2  3 -4 -2 -2 -1 -2 -1  0 -1  1 -2 -4    3   3   5  48   0   2   2   3   7   0   4   2   2   2   3   6   3   2   2   0  0.79 0.44
  201 I   -1 -1 -4 -4  1 -2 -2 -4 -1  4  1 -3  1  2 -4 -2 -1 -3  0  3    3   5   0   0   3   2   2   1   2  24  14   0   2   8   0   2   2   0   3  26  0.41 0.27
  202 A    0 -2 -1 -2 -2 -2 -2 -1  3 -2 -1 -2 -1 -2  5  2 -1 -4 -1 -1    6   2   3   1   1   1   1   4   8   2   7   1   2   2  29  19   3   0   2   5  0.52 0.36
  203 A    0  0  0  0  2  1  0  0  1  0 -1  0  1 -2  1  0  0 -3  1  0    6   6   5   6   5   5   6   6   5   6   6   6   5   0   6   6   6   0   5   6  0.04 0.08
  204 D   -1 -3  1  3  2  0  1 -1  1  0 -1 -1 -2 -1 -3  0 -1  2  0  0    4   0   6  20   6   4  10   4   4   6   5   3   0   3   0   6   4   3   3   8  0.18 0.20
  205 Y   -2 -2  1 -1  0  0 -1  0  5 -1 -2 -2  0  1 -4  1 -1 -3  5 -4    3   2   8   2   2   4   3   7  14   3   3   2   2   5   0  14   3   0  23   0  0.49 0.41
  206 R    1  4 -1 -1 -4  1 -1 -2  0 -2 -2  3  0 -1 -1 -1 -3 -4  0  0   11  22   2   3   0   5   3   2   2   2   3  23   2   3   2   4   0   0   3   7  0.33 0.31
  207 S   -2 -1  1  1 -2  1 -2  0  1 -1 -2  1 -1 -1 -5  0 -2  8  0 -3    4   4   8   9   1   7   2   7   4   3   3   7   2   2   0   6   2  26   2   2  0.71 0.47
  208 K   -1  2  0 -1 -4  0  0 -1 -3 -2 -3  4 -3 -5 -4  1  3 -5 -4 -2    5  10   4   3   0   4   5   4   0   3   2  31   0   0   0   8  18   0   0   2  0.50 0.40
  209 T   -1 -4 -2 -4 -4 -1 -2 -2 -4 -2 -3 -3 -1  5 -4  0  5  1 -1 -1    6   0   2   0   0   3   2   3   0   2   2   2   2  25   0   5  40   2   2   3  0.82 0.55
  210 A    1 -2 -2 -3  4 -2 -2 -2 -2  2  1 -2  2 -1 -2 -1 -1 -2 -1  2   15   1   1   1  15   1   1   1   0  15  16   1  15   1   1   1   1   0   0  15  0.18 0.05
  211 T    0 -3  0 -3  1  0 -2 -3 -3 -2 -1 -2  1 -3  0  0  6 -4 -3 -2    5   1   4   1   4   4   1   1   0   1   6   1   4   0   4   6  58   0   0   1  0.76 0.39
  212 I   -1  0  0  0 -3  0  0 -1  2  0 -1  0  1  0  0  0  0  3  1  0    5   5   5   5   0   5   5   5   5   5   5   5   5   5   5   5   5   5   5   5  0.06 0.08
  213 E   -1 -1  0  2 -5  1  5 -2  1 -5 -2  0  1 -5 -4  0 -1 -5 -5 -2    4   4   4  10   0   6  38   4   4   0   4   4   4   0   0   7   4   0   0   4  0.61 0.42
  214 P   -1  0  0  1 -4  0  3 -2  0 -1 -2  1  0 -4  2 -1  1  1 -1 -2    4   4   4   9   0   4  26   2   2   4   3   8   2   0   9   4   9   2   2   3  0.29 0.27
  215 L   -2 -5 -4 -1 -6 -4 -5 -6 10 -6 -2 -5 -5  3 -6 -2 -2  5  1 -6    3   0   0   3   0   0   0   0  57   0   4   0   0  12   0   3   3   8   4   0  2.11 0.84
  216 P   -2 -5 -2 -4 -5 -4 -4 -3 -5 -2 -2 -4 -1 -2  7 -1  1  1 -2 -3    3   0   2   0   0   0   0   2   0   2   4   0   2   2  63   5   8   2   2   2  1.58 0.69
  217 F   -3 -2 -1 -4  1 -1 -4 -4  7 -1  0 -3 -3  5 -1 -2 -2  1  2 -1    2   1   3   0   3   3   1   1  26   4   8   1   0  25   3   3   3   2   7   4  0.79 0.42
  218 L   -1  0 -2 -2 -2  1  0  0  2  0  0 -1  1  1  1  0  0 -2  1  0    1   7   0   0   0   7   7   7   7   7   7   0   7   7   7   7   7   0   7   7  0.07 0.13
  219 K    0  0  1  1 -3  0  0 -1  1 -1 -1  0  0 -1  2  2  0 -3 -2 -1   10   4   5  10   0   4   7   5   4   3   5   4   2   2  10  16   6   0   0   4  0.13 0.14
  220 G    0 -1  0 -1  1  0 -1  2  1 -1 -1 -1  0 -2  1  1  1 -2  1 -1    9   3   5   3   3   4   4  20   3   3   6   3   2   1   6   9   8   0   5   3  0.12 0.12
  221 N   -1 -1  3 -1 -1 -1 -1  3  0 -3 -1  0 -2 -3  1  1  0 -3  0 -2    5   2  14   3   1   3   2  25   2   1   6   5   0   1   8  11   6   0   3   2  0.27 0.22
  222 N   -1  1  0 -3 -1  1 -1 -2  3  2  0  0  1 -2  1 -1  0 -3 -1  1    3   8   4   0   1   7   3   3   9  13   9   4   4   1   7   3   8   0   2  13  0.11 0.16
  223 I   -1  0 -3 -1 -4  2 -2 -2 -1 -1 -1  2  0 -1  5 -1  0 -4 -2 -2    4   4   1   3   0  11   1   2   1   4   7  14   3   3  30   5   5   0   1   3  0.49 0.34
  224 S    0 -2  0 -2  2  1 -2 -3  2  0  0  0  2  1 -3  0  0  4  1  0    7   0   7   0   6   7   0   0   6   7   7   7   6   6   0   7   7   6   6   7  0.13 0.17
  225 V    2 -1 -3 -4  1 -1 -3 -2  0  0  0 -3  0  3 -1 -1 -1  1  3  1   26   3   0   0   3   3   0   2   2   6   8   0   2  14   2   3   2   2  11  11  0.25 0.23
  226 S    0 -2 -2 -3  0  0 -1 -1  0 -1 -2 -1  0  0 -3  4  1 -3  0  0    7   0   0   0   2   4   2   5   2   4   3   4   3   5   0  41   7   0   4   6  0.33 0.30
  227 I   -1  0  1  1  3 -1 -2 -2 -2  1  0 -1  2  1  1  0 -1 -2 -1  0    1   9   9   9   8   0   1   1   0   9   9   0   9   9   9   9   0   0   0   9  0.10 0.12
  228 H    0  2  1 -1 -4  2  2 -3  6 -4 -3 -1 -2 -3  2 -1 -2 -3 -1 -3    9  11   7   0   0   9  17   1  32   0   1   0   0   0  11   1   0   0   0   0  0.61 0.24
  229 P    0 -2  0  1 -3 -2 -1 -2 -2  0 -2 -2 -2 -3  6 -1 -1 -3 -3  0    9   1   5  10   0   1   1   1   0  10   1   1   0   0  50   1   1   0   0   8  0.86 0.19
  230 C    0 -1 -2 -2  8 -2  0 -2 -2 -1  0 -1  1 -2 -2  0 -1 -2 -2 -1    7   4   1   1  46   1   7   1   0   1  11   4   4   1   1   9   1   0   1   1  0.66 0.19
  231 K    0  3  0 -1 -2  1  0 -1  0 -1 -1  2 -1 -2  0  0  1 -2  0 -1    8  20   2   2   0   8   5   4   2   4   6  19   2   1   3   2   9   0   3   1  0.16 0.09
  232 H   -1 -1 -1 -1 -2  1  1  0  2  0 -1  1  2 -1 -2  0  1 -2  2  0    1   0   0   0   0   9   9   9   9   9   1   9   9   0   0   9   9   0   9   9  0.10 0.13
  233 A    3 -1  1 -2  0 -1  0  0  1 -2 -2 -1 -1 -3 -1  1 -2  0 -1  0   33   3   6   2   2   2   5   7   4   2   3   3   2   0   2  13   0   1   2   8  0.25 0.25
  234 N    0  0  1  3 -4  0  3 -2  0 -1 -1  0 -3 -3 -1  1 -1 -4 -1 -2    8   4   6  21   0   3  20   2   2   4   6   4   0   0   2  10   3   0   2   2  0.28 0.23
  235 V    1 -2 -3 -2  0 -3 -3 -2 -3  0  1 -3  1  2 -2  1 -1  4  1  3   11   2   0   2   2   0   0   3   0   3  11   0   5  10   2  11   3   6   4  25  0.26 0.25
  236 M   -4  0 -5 -5  2 -3 -4 -5 -4  0  1 -1  9 -3 -1 -4 -2 -4  1  0    0   5   0   0   4   0   0   0   0   4   8   4  55   0   4   0   2   0   4   6  1.34 0.64
  237 K   -1  2  2 -1 -1  1 -1 -2  0 -2 -1  5 -1 -4 -3  0 -1 -4 -3 -2    4  10   9   3   1   5   3   2   2   2   7  38   2   0   1   6   3   0   0   3  0.42 0.29
  238 V    0  0  0 -2  2  1  0 -2  2  0  0  0  1  0  1  0  0 -3 -1  0    6   6   6   0   6   6   6   0   6   6   6   6   6   6   6   6   6   0   0   6  0.07 0.12
  239 L   -1 -1 -3 -4 -3  0 -1 -4 -3  2  2 -3  2  2 -3 -3  0  3 -2  2    5   4   0   0   0   5   5   0   0  14  24   0   7  11   0   0   5   5   0  14  0.31 0.22
  240 M   -1 -2 -3 -3  1 -1 -2 -2 -3  2  2  0  2  1 -1 -1 -1 -2  0  2    4   0   0   0   3   3   1   3   0  16  26   7   5   6   3   3   3   0   3  13  0.18 0.16
  241 E   -1  1  0  3  0  1  2 -1  0 -2 -2  0  0 -3 -1  0  0 -4 -3 -2    5   7   3  21   3   7  17   3   3   2   3   5   3   0   3   8   4   0   0   2  0.27 0.20
  242 K   -1  2  2  0 -3  1  1  0  1 -1 -1  0  0 -3 -1  0  1 -3 -1 -1    5  15  10   5   0   9   7   7   4   2   5   4   4   0   2   5   8   0   3   5  0.12 0.13
  243 V    1 -2 -2  0  1 -2 -1 -2 -1  1  1 -2  4 -1 -1  0 -1  3 -1  1   15   2   2   5   3   1   4   2   1   6  13   2  14   2   2   8   2   4   2  10  0.16 0.18
  244 R    1  2  0  0 -1  1  0 -2  0  0 -1  1  1 -3 -1  0  0 -3 -2 -1   11  15   5   5   2   8   6   2   3   5   5  10   4   0   3   7   5   0   1   5  0.12 0.13
  245 S    1  1  0  0 -1  0  3 -1  0 -2 -2  1 -2 -3 -1  2  0 -4 -2 -2   13   7   3   5   1   4  20   5   3   3   3   8   1   0   2  15   5   0   1   2  0.22 0.20
  246 S    1  0  1  0 -1  1  1  2 -1 -1 -2  0 -1 -3 -1  1 -1 -3 -1 -1   11   6   6   6   1   6   9  17   1   4   2   6   2   0   3  13   2   0   2   3  0.15 0.15
  247 R    0  1  1  0  0  1  0  3 -1 -3 -2  2 -2 -3 -1  0 -1 -4 -2 -1    6   9   6   4   2   5   5  25   1   1   4  12   1   1   3   4   4   0   1   4  0.24 0.19
  248 S    0  0  0  0  2  1  0  0  1  0 -1  0  1 -2  1  0  0 -3  1  0    6   6   5   6   5   5   6   6   5   6   6   6   5   0   6   6   6   0   5   6  0.04 0.08
  249 R    0  1  0  0 -3  1  2 -1  1 -1 -1  0 -2 -1  1  0  0  2  0 -1    7   7   5   5   0   5  16   5   3   3   6   6   0   3   6   8   5   3   3   4  0.10 0.12
  250 A    1  0  0 -1  0  0  1  0  0 -1 -1  0  0  0  2  0  0 -3 -1  0   12   5   3   3   2   5   9   8   2   4   4   5   2   4  10   5   4   0   2   9  0.07 0.08
  251 R    0  1  1  0 -1  1  1  1  0 -2 -1  1 -1 -1  0  0  0 -3 -1 -1    8  10   8   4   2   8   8  11   2   1   5   8   2   2   3   7   5   0   2   5  0.09 0.10
  252 K    1  0  0  0 -1  1  1  0  1 -1 -1  1 -2 -2  0  0  0  0  1 -1   10   5   3   4   2   6   8   7   3   3   5  12   0   1   5   8   7   1   7   3  0.09 0.11
  253 V    1  0 -1  0  0  0  0  0  0  0 -1  1  0 -1  0  0  0 -3 -2  0   15   3   2   5   2   5   6   5   2   8   5  13   2   2   4   8   5   0   1   7  0.05 0.08
  254 D    0 -1  0  1 -1  0  1  0  0 -2 -2  1 -1 -1  1  2  1  0 -1 -1    7   2   3   7   1   5   9   6   2   2   3   8   1   2   7  16  10   1   2   4  0.11 0.13
  255 P    0 -1  0  0 -3  0  0  1  0 -1 -2  1 -2 -2  2  1  0  2 -2 -2    6   2   5   6   0   5   5  12   2   3   4   9   0   2  12  13   6   3   1   3  0.16 0.16
  256 Q    0  0  0  1 -3  1  1  0  1 -2 -1  1 -2 -2  1  0  0  4 -1 -1    7   3   4   8   0   8   8   8   4   2   7  11   0   1   6   6   5   6   2   3  0.13 0.14
  257 T    0 -1  1  1  0  1  0  1 -2 -1  0  0  0 -2  0  0  1  0 -2 -1   10   3   6   8   2   6   7  10   0   2  10   7   3   2   4   8   8   1   1   4  0.06 0.07
  258 T    1 -1  0  0 -3  0  0  2  0 -2 -2  1 -1 -1  1  1  0 -3  1 -2   10   2   3   6   0   3   6  15   2   2   2  12   2   3   6  13   7   0   5   2  0.14 0.15
  259 D   -1 -1  1  1 -3  0  0  2 -1 -2 -1  2  0 -1 -1  1 -1  0 -2 -1    4   2   6  10   0   3   6  18   1   2   5  14   3   2   3   9   4   1   1   6  0.14 0.15
  260 E   -1  0  0  3 -1  0  1  0 -1 -1 -1  2 -2 -1 -1  0 -1  1 -2 -1    5   4   4  20   1   4   8   6   2   4   5  15   0   2   3   7   2   2   1   6  0.18 0.17
  261 D    0  0 -1  1 -3 -1  4  1 -2 -2 -2  2 -3 -4  0  1 -2 -4 -3 -2    8   5   2   8   0   2  26   9   0   2   3  15   0   1   4   9   1   0   1   2  0.36 0.28
  262 W    0 -4 -4 -2 -4 -2 -1 -1 -4 -2 -3 -1 -1 -1 -1 -1 -2 10 -2 -2    9   1   1   2   0   2   4   6   0   2   3   4   1   3   3   5   3  46   1   3  1.62 0.70
  263 E    0  0  0  0 -2  1  0  0 -2  0  0  0  1  0  1  0  0 -3 -2  0    6   6   6   6   0   6   6   6   0   6   6   6   6   6   6   6   6   0   0   6  0.04 0.06
  264 D    0  0  1  0 -3  0  1  0  1 -2 -1  0  0  1  0  0  0  2  0 -1    9   3   7   5   0   3   9   8   5   0   3   6   3   8   5   9   4   4   3   6  0.08 0.11
  265 L    1  0 -1  0  0 -1  1  1 -2  0  1  0  1 -2  0  0  0  0 -2  0   12   6   3   4   3   0  12  10   0   3  14   5   5   0   3   5   4   2   0   8  0.05 0.10
  266 Q    0  1  0  1 -3  2  2  0  0 -1 -2  0 -2 -3  0  0 -1 -3 -1  0    9   9   3   8   0   8  19   7   2   3   3   5   0   0   3   7   3   0   2   7  0.17 0.17
  267 S    0  0  1  0 -2  1  0  0  1  0 -1  0 -1  0  1  0  0 -3 -1  0    6   6   6   6   0   6   6   6   6   6   6   6   0   6   6   6   6   0   0   6  0.05 0.06
  268 D    0 -1 -2  2  1  1  2  0  0 -1 -1  0  0 -3  2  0  0  2 -2 -1    9   3   0  12   3   7  13   6   3   5   4   4   3   0   9   6   5   4   0   4  0.14 0.16
  269 V    0  0  0  1 -3  0  2  1  1  0 -1  0  0 -1 -1  0  0 -3 -2  0    9   4   5   6   0   3  15  10   5   6   6   6   3   2   3   6   3   0   0   7  0.07 0.09
  270 D    0  1  1  2 -3  0  2  1  0 -2 -2  1 -2 -3  1  0 -1  1 -3 -1    5   7   8  12   0   3  16  12   2   3   3   8   0   0   6   4   2   3   0   6  0.19 0.18
  271 D   -1 -1  1  2 -3  0  3  0  0 -2 -2  1 -2 -3  0  1  0 -4 -3  0    4   2   6  13   0   2  21   8   2   2   3   7   0   0   5  11   5   0   0   7  0.22 0.20
  272 G    3 -1 -1 -2 -3  0  0  4 -1 -2 -3 -1 -1 -4 -1  0  0  2 -3 -1   24   2   2   2   0   3   6  32   1   3   1   3   1   0   2   4   6   3   0   5  0.41 0.31
  273 L   -1  1 -2 -2 -2  1 -1  0 -2  1  1 -1  2  1  2 -1  1 -2 -1  1    1  10   0   0   0   9   1  10   0  10  10   1   9   9  10   1  10   0   0  10  0.09 0.10
  274 R    0  3  0 -1  2  0  0  0 -2 -1 -2  0 -2 -3  3  0  0 -4 -3 -1    9  24   4   4   6   4   4   6   0   4   4   5   0   0  14   4   4   0   0   4  0.26 0.18
  275 V    0 -3 -3 -3 -2 -2 -1 -1  1  1  0 -2  2  0  1 -1  0 -3 -2  4    5   0   0   0   0   0   4   5   4   5   9   0   6   4   6   4   4   0   0  39  0.23 0.21
  276 D   -2  0  1  4 -3  0  2 -2  2 -3 -2  0 -2 -3  2  0  0 -3  0 -1    0   6   8  26   0   4  11   0   8   0   5   4   0   0  10   4   4   0   4   4  0.32 0.20
  277 Q    0  0  0  0 -3  1  0  0  2  0 -1  0  1  1 -3  0  0  3  1  0    6   6   5   6   0   5   6   6   5   6   6   6   5   5   0   6   6   5   5   6  0.06 0.10
  278 Y    1 -4 -4  0  3  1  1 -5  3 -5 -5 -4 -5 -2 -5  0 -4 -3  8 -5   10   0   0   6   6   6   9   0   6   0   1   0   0   0   0   8   0   0  47   0  1.30 0.57
  279 L   -3 -4 -5 -5 -3 -4 -5 -5 -4  2  4 -4  5  2 -5 -4 -3 -3  1  1    0   0   0   0   0   0   0   0   0   8  56   0  18   7   0   0   0   0   6   6  0.88 0.37
  280 V   -1 -1 -4 -4  0 -2 -4 -4 -4  1  1 -2  2  5 -1 -1 -1 -3  0  2    4   3   0   0   2   2   0   0   0   9  11   2   5  29   3   6   4   0   2  18  0.43 0.24
  281 V   -1 -4 -4 -4 -3 -2 -4 -4 -4  4  2 -3  0  0 -4  0  0  1 -1  3    2   0   0   0   0   2   0   0   0  36  16   0   2   2   0   8   6   2   2  20  0.49 0.26
  282 F   -4 -5 -5 -5 -4 -5 -5 -5 -4 -3  0 -5 -2  8 -5 -1 -4  7  0 -3    0   0   0   0   0   0   0   0   0   0   8   0   0  68   0   7   0  14   0   0  1.77 0.50
  283 L   -3 -4 -4 -4 -3 -3 -4 -4 -4  1  5 -4  0  1  1 -4 -3  3 -2  0    0   0   0   0   0   0   0   0   0   3  74   0   0   4   8   0   0   4   0   3  0.86 0.31
  284 K   -2  0 -1 -2 -4  0  0 -3 -2 -4 -4  6 -3 -4 -2  2 -1 -4 -3 -3    1   0   2   0   0   2   4   1   0   0   1  68   0   0   0  15   3   0   0   1  0.96 0.34
  285 F   -3 -4 -4 -5 -4 -4 -5 -5 -3  0  1 -4  0  7 -5 -1 -3 -1  1  0    0   0   0   0   0   0   0   0   0   2  13   0   2  71   0   5   0   0   0   7  1.22 0.34
  286 I   -1 -4 -4 -5 -2 -3 -4 -5 -4  4  1 -4  4  0 -4 -3 -2 -4 -2  4    2   0   0   0   0   0   0   0   0  39   6   0  14   4   0   0   0   0   0  36  0.71 0.25
  287 T    3 -2  0 -2 -3  3 -1  1  2 -3 -3 -1 -1 -4 -1  2 -1 -4 -3 -3   32   0   3   0   0  22   0  11   6   0   0   0   1   0   1  23   1   0   0   0  0.45 0.22
  288 S    1 -2 -1 -1 -1  1 -1  1 -2 -3 -3 -2 -3 -4  2  4  1 -4 -3 -2    9   1   0   2   1   8   0   8   0   0   0   0   0   0  10  49  10   0   0   2  0.51 0.23
  289 V   -1 -4 -4 -3  1 -4 -4 -5 -4  3  0 -4  0 -1 -4 -3 -2 -4 -3  5    3   0   0   2   2   0   0   0   0  19   4   0   2   1   0   1   0   0   0  66  0.79 0.27
  290 T   -2 -4 -4 -4 -1 -3 -4 -4 -4  4  1 -3  2 -1 -4 -2  2 -4 -2  4    0   0   0   0   1   0   0   0   0  37   8   0   5   2   0   0  16   0   0  31  0.57 0.21
  291 P   -2 -3 -3 -3 -4 -3 -2  0 -3 -4 -4 -1 -4 -4  8 -2 -2 -4 -1 -4    1   0   0   0   0   0   0   7   0   0   1   3   0   0  81   1   0   0   3   0  1.96 0.34
  292 G   -1 -2 -1 -2 -3 -2 -2  3 -3 -1 -3 -1 -2 -3 -3  0  5 -4 -2 -2    2   1   1   0   0   0   0  24   0   5   0   2   0   0   0   4  59   0   1   0  0.71 0.26
  293 I   -2 -4 -4 -4 -2 -3 -4 -4 -4  5  1 -3  1  0 -4  0 -1 -3 -2  2    0   0   0   0   0   0   0   0   0  64  11   0   4   4   0  10   1   0   0   8  0.67 0.23
  294 E   -2  0  2  1 -4  2  5 -3 -1 -4 -4  0 -3 -4  1 -1 -2 -4 -3 -3    0   4  11   6   0   5  58   1   0   0   0   3   0   0   7   3   1   0   0   1  0.76 0.23
  295 H   -3 -3 -3 -4  0 -2 -3 -4  4  1  1 -3  0  2 -4 -3 -2  0  6  0    0   0   0   0   3   0   0   0  15  11  12   0   2   8   0   0   0   0  42   7  0.69 0.21
  296 D   -3 -3  0  7 -5 -2  1 -2 -1 -5 -5 -2 -5 -5  1 -2 -3 -6 -4 -5    0   0   1  85   0   0   3   2   2   0   0   0   0   0   8   0   0   0   0   0  1.47 0.32
  297 Y   -1 -3 -1 -1 -3 -2 -3 -3  0 -2 -2 -3 -2  5 -4  0 -1  0  6 -1    3   0   4   3   0   1   0   0   2   0   0   0   0  38   0   9   3   0  35   3  0.75 0.21
  298 T   -1 -2  1 -2 -3 -2  1 -3 -3 -2 -3 -2 -2 -4 -2  0  6 -4 -3 -2    0   0   6   0   0   0  10   0   0   0   0   0   0   0   0   2  82   0   0   0  0.98 0.27
  299 M   -2 -1 -2 -4 -2 -2 -3 -3 -1  2  1 -2  7  0 -3 -2  1 -3 -2  1    1   4   2   0   0   0   0   2   1  17   2   0  53   4   0   0   8   0   0   6  0.56 0.19
  300 E   -2 -2  1  5 -4  1  4 -2 -1 -4 -4 -1 -3 -4 -1  0 -2 -4 -3 -4    0   0   2  53   0   6  30   2   0   0   0   0   0   0   2   6   0   0   0   0  0.84 0.15
  301 G    4 -2 -2 -2 -2 -2 -2  3 -2 -3 -3 -2 -2 -3 -2  0 -1 -3 -3 -1   69   0   0   0   0   0   0  31   0   0   0   0   0   0   0   0   0   0   0   0  0.64 0.11
  302 W   -2 -3 -4 -4 -2 -3 -3 -4 -2  0  3 -3  1  3 -4 -3 -2  7  3  0    0   0   0   0   0   0   0   0   0   0  50   0   0  15   0   0   0  24  12   0  0.66 0.05

                      K         Lambda
Standard Ungapped    0.1338     0.3150
Standard Gapped      0.0410     0.2670
PSI Ungapped         0.0918     0.3171
PSI Gapped           0.0281     0.2670
