
Last position-specific scoring matrix computed, weighted observed percentages rounded down, information per position, and relative weight of gapless real matches to pseudocounts
           A  R  N  D  C  Q  E  G  H  I  L  K  M  F  P  S  T  W  Y  V   A   R   N   D   C   Q   E   G   H   I   L   K   M   F   P   S   T   W   Y   V
    1 M   -3 -4 -5 -6 -4 -3 -5 -5 -4  0  4 -4  8 -2 -5 -4 -3 -4 -3  1    0   0   0   0   0   0   0   0   0   2  33   0  54   0   0   0   0   0   0  10  1.41 0.51
    2 V   -1 -1 -4 -2 -3 -3 -4 -3 -4  3  3 -2  0  0 -2 -3 -1 -3  0  2    4   4   0   2   0   0   0   2   0  24  37   1   0   4   2   0   3   0   3  15  0.43 0.26
    3 M   -2 -3 -5 -5 -3 -2 -4 -5 -5  2  4 -4  2 -1 -5 -1  0  3 -2  1    1   1   0   0   0   1   0   0   0  12  54   0   5   1   0   6   6   4   1   8  0.71 0.38
    4 L    1 -1 -3 -5 -3 -2 -4 -4 -4  2  4 -3  2 -1 -1 -1 -1 -4 -1  1   13   5   1   0   0   1   0   0   0  10  44   1   5   1   4   5   2   0   1   7  0.44 0.31
    5 G    2 -2 -3 -3  0 -1 -2 -1 -3  0  0 -3 -2  2  0  3  1  1 -1 -2   21   1   0   0   2   3   1   3   0   5  11   0   0   9   4  25   9   2   2   1  0.28 0.28
    6 Q    1 -3 -3 -4 -1 -1 -3 -2 -2  2  3 -3 -1  0  1  0  1 -1 -1  1   10   1   1   0   1   2   0   2   1  11  34   0   0   4   7   6   9   1   2   7  0.28 0.24
    7 V   -2 -5 -5 -5  3 -5 -5 -3 -3  2  4 -5 -1  2 -1 -1 -2 -4 -1  1    3   0   0   0   5   0   0   2   1  10  51   0   0   9   3   4   2   0   1   8  0.68 0.40
    8 V    1 -4 -4 -3  0 -4 -4 -3 -2  2  3 -4  0  2 -3  0  0  1 -1  2   10   0   0   1   2   0   0   2   1  10  33   0   1   8   1   7   7   2   2  13  0.35 0.26
    9 A    2 -2 -3 -4  3 -2 -3  0 -4  1  1 -3 -2  2  1  1 -1 -1 -2  0   23   1   0   0   6   2   0   8   0  11  15   0   0   9   7  11   4   1   0   4  0.24 0.24
   10 L    1 -2 -2 -4  0 -2 -3 -2 -3  1  2 -3 -1  2  1  1  1  1 -1  1   12   2   1   0   2   1   0   3   0   7  22   0   0  10   8  10  11   2   1   9  0.20 0.21
   11 A    3 -2 -2 -3  0 -2 -3 -1  0 -2  1 -3 -2  1 -1  2  0  1 -1  0   29   2   1   1   2   2   0   4   3   1  17   0   0   8   3  15   6   2   1   5  0.25 0.26
   12 M    0 -2 -3 -3 -3 -1 -4 -2 -2  1  3 -3  0  2 -1 -1 -1 -3 -1  1    9   2   1   1   0   3   0   2   1   7  39   0   2   9   4   6   3   0   1   9  0.33 0.27
   13 A    3 -2 -1 -3  2 -2 -2  0 -3  0  1 -2  0  1 -1  0  0 -4 -2  0   33   1   2   0   5   1   1   6   0   6  13   1   2   7   3   8   6   0   0   6  0.24 0.24
   14 S    2  0 -1 -1  2  1 -1 -1 -2 -1 -3 -1 -3 -4  1  2  1 -2 -3  0   20   5   1   3   5   6   2   4   1   3   1   3   0   0   6  19  10   1   0   8  0.23 0.24
   15 S    2 -2 -1  0  1  1 -1 -2 -1 -1  0 -1 -2 -2  0  2  2 -4 -1 -1   16   1   1   6   3   6   2   2   2   3   9   2   0   2   5  19  16   0   2   4  0.19 0.22
   16 A    3 -4 -2 -2 -3  0 -1 -1 -4  0 -3 -3 -2 -4 -2  2  1 -5 -4  3   31   0   1   2   0   3   3   4   0   4   1   1   0   0   2  20   8   0   0  19  0.46 0.38
   17 V    1 -1 -1  1  0  0 -1 -1 -1  0  1 -2  0  1 -1  1  0  0  0  1   16   4   3  10   2   4   1   4   2   3  13   1   2   6   3  10   3   1   4  10  0.05 0.10
   18 A    4 -2  0  1  1 -2 -1  2 -2 -3 -4 -1 -1 -3  0  2  1 -5 -2 -3   34   1   3   7   3   0   3  13   1   1   0   3   2   1   5  13   8   0   1   1  0.40 0.32
   19 L   -4 -5 -5 -3 -2 -3 -3 -4 -5  2  3 -2 -2  6 -4 -4 -3  4  0 -1    1   0   0   2   1   1   2   1   0  11  29   3   0  36   1   1   2   5   2   3  0.91 0.48
   20 N   -2 -2  3  6 -1  2  0 -3  1 -5 -6  0 -5 -6 -1 -1 -2 -6 -5 -6    2   2  15  45   2   9   5   2   3   1   0   6   0   0   3   5   2   0   0   0  0.97 0.53
   21 C   -4 -8 -7 -8 11 -8 -8 -6 -8 -1 -3 -4 -6 -4 -4 -3 -6 -7 -7 -6    1   0   0   0  87   0   0   1   0   3   3   2   0   1   1   2   0   0   0   0  3.68 1.28
   22 K    1  0  0  2 -4  1  0 -1  1 -3 -3  3 -2 -3 -2  3  0 -5 -2 -2   10   4   3  11   0   5   6   4   4   1   1  19   1   1   1  22   5   0   1   2  0.32 0.28
   23 N   -1 -2  3  1 -4  0 -1 -3  1  0 -1  2 -2  3 -1  0 -2 -4 -1  1    5   1  17   7   0   5   2   0   4   4   7  14   0  13   2   6   0   0   2  11  0.22 0.24
   24 H   -1 -1  1  1 -2 -1  0 -3  3  2 -1  0 -1 -2  0  0  1 -4 -1  1    5   2   7   7   1   2   5   1   8  15   5   6   1   1   3   7  12   0   1  10  0.12 0.15
   25 N   -1  1  0  3 -4  0  1 -2  0  0  0  1 -2 -1  0 -1 -1 -4 -3  2    3   8   3  16   0   5  10   2   2   4   9   7   0   2   4   3   3   0   0  17  0.15 0.18
   26 V   -1 -2  0  2 -3  0  0  0 -1  1  0 -1 -1 -1 -2  0 -1 -4 -2  2    4   1   3  16   0   3   5   9   1   9  11   4   0   3   1   7   3   0   1  18  0.12 0.16
   27 L   -2 -1  0  1 -1 -1 -2  5 -3 -2  1  0 -3 -2 -1 -1 -3 -5 -4 -2    1   3   4   9   1   3   1  41   0   2  16   5   0   2   3   5   1   0   0   3  0.49 0.34
   28 S    0  1  2 -1 -4  1 -1 -1  2 -1 -1  3 -1  0 -2  1  0 -2 -2  0    6   6  11   3   0   7   1   4   5   3   4  21   1   4   1  10   4   1   0   7  0.18 0.20
   29 N   -1  2  2  0 -4 -1  0 -2  2 -3 -3  4 -3 -2 -1  1  0 -4  1 -3    4  10   9   5   0   2   4   2   5   1   2  30   0   1   3  10   6   0   4   1  0.37 0.29
   30 Y   -6 -6 -4 -7 -7 -4 -6 -6  0 -3 -2 -6 -2  6 -2 -5 -6  3  8 -5    0   0   1   0   0   1   0   1   2   1   3   0   1  31   2   1   0   4  53   0  2.09 0.88
   31 N   -5  0  4  7 -7  0  0 -5 -2 -5 -6  0 -2 -7 -5 -1 -3 -7 -6 -6    0   6  19  55   0   3   4   0   1   1   0   6   1   0   0   3   1   0   0   0  1.40 0.68
   32 V   -3 -6 -7 -7 -5 -6 -6 -7 -6  2  5 -6  0  3 -6 -5 -5 -1 -4  0    2   0   0   0   0   0   0   0   0   8  67   0   1  14   0   1   0   1   0   6  1.34 0.64
   33 A   -1 -2  1  1  1  0  0  0  0 -2 -4  0 -2 -5 -2  4  1 -3 -2 -3    4   2   7   9   3   3   5   7   2   2   1   5   1   0   1  37  10   0   1   1  0.44 0.37
   34 N    0  0  2  1 -4  1  1 -1  1 -5 -4  3 -4 -5  2  2 -2 -2 -3 -4    6   3  10   7   0   6   7   5   3   0   1  22   0   0  12  14   1   1   1   1  0.41 0.31
   35 K   -2 -1  0 -3 -4 -1 -3  2  1 -1  4  0 -1 -1 -2 -1 -3 -4 -3 -1    2   3   4   1   0   2   1  15   4   3  46   7   1   2   1   5   1   0   0   2  0.44 0.35
   36 D    0 -2 -1  2 -4 -1  0  1 -2 -1 -3  2 -2 -1  3  1  0 -2 -3 -1    8   0   1  13   0   1   7   9   0   4   1  14   1   3  17  12   4   1   1   3  0.29 0.25
   37 I   -1 -2 -2 -3 -4  0 -2  2  5  1  0  0 -2  1 -3  0 -2  3  1 -1    6   1   1   1   0   4   1  19  16  11   8   5   0   7   1   6   2   5   3   3  0.30 0.26
   38 L   -1  1 -1 -2 -3  0  0 -3 -3  0  1  1 -1 -2 -1  2  2 -4 -3  2    2   7   3   2   0   5   5   1   0   5  12   9   1   2   2  15  14   0   0  16  0.17 0.21
   39 L   -1 -2 -2 -3 -4 -1 -3 -1  4  3  1 -2  0 -1 -4 -2  0 -1  0  3    4   2   1   1   0   4   0   4  12  17  10   3   1   2   0   2   5   1   4  27  0.36 0.29
   40 K   -1 -1  1  0 -4 -1  2 -1 -2 -2 -3  0 -1 -3 -4  3  2 -4  1  0    3   2   6   4   0   2  17   4   1   2   1   4   2   1   0  27  14   0   5   6  0.35 0.32
   41 N    0  2  1 -2 -3  1 -1 -3  2  0 -1  0 -2  0 -3  1  1  1  1  1    6  11   7   1   0   6   3   0   5   7   5   6   0   3   0  10  10   2   6  11  0.12 0.16
   42 E   -1 -2  0  1 -4  0  3 -3 -1 -2 -4  0 -3 -4 -3  2  3  1 -1 -1    3   1   4   9   0   3  23   1   2   2   0   6   0   0   1  14  21   2   3   5  0.41 0.34
   43 L   -2  2 -1 -1 -4  1  2 -3 -1  1 -1  1 -2  0 -3 -1  0  2 -2  1    2  15   3   3   0   7  17   1   1  12   4   8   0   5   0   3   7   3   1   9  0.22 0.22
   44 D   -1 -1  1  4 -5  1  2 -3 -1 -2 -3  0 -2 -5 -1  2  0  0 -2 -3    4   2   5  29   0   6  15   1   1   2   2   6   1   0   3  15   4   2   2   2  0.46 0.33
   45 T   -2 -1 -2 -3 -4 -2 -1 -4  0 -2 -3 -2 -2 -5 -4  0  7 -3 -5 -2    3   3   1   1   0   1   4   1   2   3   3   2   1   0   0   5  67   0   0   2  1.28 0.69
   46 P   -3 -4 -3 -2 -5 -2 -3 -3 -1 -4 -4 -1 -5 -3  8 -2 -3 -1 -2 -4    1   1   1   3   0   2   2   2   1   1   2   4   0   1  71   2   1   1   1   1  1.92 0.78
   47 P   -3 -4 -3 -2 -6 -4 -2 -3 -2 -4 -5 -3 -5 -3  8 -3 -1 -6 -4 -4    1   1   1   3   0   0   2   2   1   1   1   2   0   1  76   1   3   0   1   1  2.14 0.85
   48 S    0 -3 -1 -2 -4 -3 -3 -2 -3 -3 -4 -3 -2 -5 -2  4  5 -5 -2 -2    6   1   3   1   0   0   1   3   1   1   1   1   1   0   1  34  41   0   1   3  0.96 0.57
   49 K   -2  0 -2 -2 -3  1  0 -4  2  2 -1  2 -1 -1 -2 -1  2 -2 -1  1    2   4   1   1   0   5   7   0   7  16   5  14   1   2   1   3  18   0   2  11  0.22 0.23
   50 T   -2 -1  0 -3 -4 -1 -2 -2  0  0 -2  1  2 -3 -3  1  5 -4  1 -1    1   3   5   1   0   2   2   2   2   5   2   7   5   1   1   7  45   0   5   4  0.62 0.43
   51 S   -2  1  4  0 -4 -1  0 -2  0  1 -2  2  0 -2 -3  0  1 -1 -2  0    0  10  22   3   0   2   5   2   2  11   3  13   2   1   1   4  11   1   1   5  0.26 0.24
   52 E   -1 -1 -1  1 -4  0  1 -4  2  0 -2 -1  1 -1 -3  0  4 -2  2 -1    3   3   2   9   0   5  10   0   4   6   2   2   4   3   0   5  31   1   7   3  0.33 0.29
   53 M   -2  0  0 -1 -4  0  1 -4  1 -1 -2  0 -1 -3 -4  2  5 -5 -4  0    1   6   4   2   0   4  10   0   3   4   3   5   1   1   0  14  35   0   0   5  0.47 0.37
   54 W   -5 -4 -6 -6 -5 -5 -6 -6 -4  1 -1 -6 -4  3 -6 -5 -1  9  7  1    0   1   0   0   0   0   0   0   0   7   6   0   0  10   0   1   4  26  35   8  1.69 0.71
   55 Y   -1  2 -2 -1 -4  0 -1 -4  0 -1 -2  1 -1  1 -3  0  3  4  3 -1    5  12   1   3   0   3   2   0   2   3   3   8   1   5   1   7  19   6  14   4  0.30 0.26
   56 L   -4 -5 -6 -6 -4 -5 -6 -4 -6  5  3 -5  1  3 -6 -5 -4 -1 -2  2    0   0   0   0   0   0   0   2   0  41  25   0   3  13   0   0   0   1   1  14  1.06 0.51
   57 A   -1 -4  6  4 -6 -1 -3  0 -4 -5 -5 -3 -2 -4 -5  2 -3 -7 -5 -6    5   0  46  20   0   2   1   6   0   1   1   1   1   1   0  15   1   0   0   0  1.19 0.63
   58 P   -3 -4 -6 -6 -4 -5 -5 -6 -6  4  4 -4  1  0  3 -5 -3 -5 -4  2    1   1   0   0   0   0   0   0   0  23  38   1   2   3  15   0   1   0   0  15  0.90 0.48
   59 C   -4 -3 -3 -3 11 -4 -6 -4 -7 -4 -3 -3 -2 -6 -7 -3 -2 -6 -2 -3    1   1   2   2  77   1   0   1   0   1   3   2   1   0   0   2   2   0   2   1  2.90 1.06
   60 E    1  1  2  2 -4  2  1  3  1 -5 -5  2 -2 -5 -3  0 -2 -5 -4 -4   11   7   8  11   0   8   9  20   3   0   0  14   1   0   0   6   1   0   0   0  0.41 0.29
   61 D   -1  0  0  2 -5 -2  1 -3 -4 -4 -4  0 -3 -5  6  0  0 -5 -3 -2    5   6   4  11   0   1  11   2   0   1   1   4   1   0  38   5   5   0   1   3  0.79 0.43
   62 G   -3 -4  1  1 -4 -2 -1 -2  0  1  4 -2  0 -2 -2 -1 -2 -4 -2  0    1   0   9   7   0   1   5   3   3   7  46   3   1   1   2   4   1   0   1   5  0.39 0.31
   63 S   -1 -1  0  3 -4 -1  1  0 -2  0 -3  3 -3 -4  1  1  0 -3 -4 -1    3   2   4  15   0   1  10   6   1   6   2  24   0   0   6   9   7   0   0   4  0.29 0.25
   64 R   -1  2  1  2 -4  1  0  0 -1 -1 -3  3 -2 -1 -2  1  0 -1 -2 -2    3  12   5  12   0   5   6   9   1   4   2  19   1   3   1   9   6   1   1   1  0.22 0.19
   65 R   -1  0  0  3 -3  0  1 -2 -3  0 -1  2 -1 -4 -1  1 -1 -4 -3  0    5   3   5  18   0   2  11   3   0   5   6  15   2   0   3  10   3   0   0   9  0.20 0.19
   66 Q    0 -2  0  3 -5 -1  2 -1  0 -4 -4  2 -3 -4  4  1  0 -3 -4 -4    6   1   5  16   0   2  12   4   3   1   1  14   0   1  21   8   6   0   0   0  0.50 0.33
   67 R    0 -1 -1  2 -3 -1  0  0 -1  0 -1  2 -2 -1 -1  0 -1  1 -1 -1   10   2   1  16   0   2   7   9   1   5   8  18   0   3   3   5   3   2   2   4  0.12 0.14
   68 P    0  0  0  1 -3  0  1  0  0 -1 -1  0 -2 -2  3  0 -1 -3  0  0    7   4   5   7   0   2  11   7   2   3   4   7   1   1  17   7   2   0   3  10  0.17 0.14
   69 S   -1 -2  0  5 -5 -1  3 -2 -2 -4 -2  0 -2 -5  1  1  0 -5 -3 -3    4   2   4  34   0   1  19   2   0   1   3   5   1   0   7   9   6   0   1   1  0.58 0.37
   70 E   -3  1  0  1 -6  6  3  1  0 -6 -5  1 -4 -3 -4 -2 -1 -5 -2 -4    1   8   5   6   0  36  16  10   2   0   0   8   0   1   1   2   4   0   1   1  0.76 0.49
   71 C   -6 -8 -8 -3 11 -8 -5 -8 -2 -2 -6 -8 -6 -8 -8 -6 -6 -8 -8 -3    0   0   0   2  92   0   1   0   1   2   0   0   0   0   0   0   0   0   0   2  3.97 1.35
   72 S   -1 -5 -1  1 -6 -2 -1 -1  0 -6 -6  0 -6 -5  7 -1 -4 -7 -4 -3    5   0   2   8   0   2   4   6   2   0   0   6   0   0  56   5   1   0   0   2  1.39 0.67
   73 S    0 -2  1  2 -4  1  2  0  0 -3 -3  2 -3 -3  2  1  0 -5 -3 -3   10   1   8  14   0   4  13   6   2   1   2  13   0   1   8  11   4   0   1   1  0.28 0.23
   74 D   -3 -3  4  3  0 -4 -1  5 -2 -6 -6 -2 -5 -4 -3  0 -2 -6 -3 -6    0   1  19  14   2   0   4  47   1   0   0   2   0   1   1   6   2   0   1   0  1.01 0.52
   75 D    1 -3 -3  1 -4 -4 -2 -4 -5 -3 -5 -2 -4 -5 -4  3  6 -6 -5 -2   12   1   0   8   0   0   2   0   0   1   0   2   0   0   0  22  50   0   0   3  1.03 0.61
   76 L   -2  4  1  0 -4  1 -1 -3 -1 -1 -1 -1  0  0 -4 -2 -1  6  3 -2    3  24   8   6   0   8   2   1   1   3   7   1   3   3   0   2   3  14  10   2  0.50 0.33
   77 M    1 -5 -5 -5  1 -5 -5 -3 -5  5  0 -5  0  1 -5 -3 -3 -5 -3  5   11   0   0   0   3   0   0   2   0  31   5   0   1   6   0   2   0   0   0  39  0.86 0.46
   78 C   -3 -6 -6 -7 11 -6 -7 -3 -6 -5 -5 -6 -5 -6 -6 -5 -5 -6 -1 -5    2   0   0   0  89   0   0   2   0   0   0   0   0   0   0   0   0   0   2   0  3.65 1.15
   79 A    1  0 -2 -3 -3  0 -1  4 -1 -1  1 -2  2 -1 -3 -1 -2  0 -1 -2   15   5   0   1   0   5   4  31   1   2  16   2   6   2   1   3   2   2   2   1  0.31 0.23
   80 I   -1  1 -2 -3 -3 -1 -2 -4 -3  3  1 -1  0  1 -3 -2  2 -3 -1  3    3   8   1   1   0   3   1   1   0  20  11   3   2   5   0   2  18   0   2  20  0.30 0.24
   81 R   -1  0 -2 -1 -3  2  1 -2 -2  1 -1  1 -1 -2 -2  0  3 -1 -3  2    2   4   1   3   0   9  10   3   0   7   3  10   1   1   1   6  21   1   0  17  0.22 0.21
   82 H   -1  2  0 -2  0  0  0 -3  2  1 -1  1 -1  0 -2  0  2  1  1  0    2  13   3   1   2   3   6   1   6   9   3   8   2   3   1   8  15   2   6   6  0.12 0.14
   83 V   -2 -2  4 -2 -3 -2 -3 -3  0  2  0 -3 -2  0 -4  0 -1 -1  0  3    3   2  26   1   0   1   0   1   3  15   7   0   0   3   0   9   2   1   3  22  0.41 0.31
   84 K    0  2  0 -1 -3  0  0 -3  0  0 -1  2 -1 -1 -1  0  1  2  1 -1    6  11   4   3   0   3   6   0   2   7   5  17   1   3   2   7  12   4   4   3  0.12 0.13
   85 V   -2  3  1 -1 -3  0 -1 -2  1  0  1  3 -2 -1 -3 -1 -1 -3 -1  0    2  17   8   3   0   2   3   3   3   4  17  21   0   2   0   3   2   0   2   6  0.22 0.20
   86 D   -1 -3  1  4 -4  0  0  0 -2 -3 -3  0 -4 -4  4 -1 -1 -5 -2 -2    5   0   8  23   0   4   6   7   1   1   2   7   0   0  25   4   3   0   2   4  0.55 0.32
   87 G   -2 -2  2  4 -5 -1  1  4  0 -5 -5  0 -4 -5 -4  1 -1 -5 -4 -4    2   1   8  21   0   2  10  31   3   0   0   5   0   0   0  11   4   0   0   1  0.61 0.36
   88 S    0  0  1  2 -3  0  1  0  2 -2 -2  2 -1 -3 -1  1  1 -4 -3 -1    5   3   5  11   0   4  11   6   5   2   3  17   2   0   3   9   9   0   0   4  0.19 0.19
   89 D   -1 -1  1  4 -4  0  2 -1  1 -4 -2  0 -3 -4  2  1  1 -4 -1 -2    4   2   5  24   0   3  12   4   3   0   3   7   0   0   9  11   8   0   3   2  0.34 0.28
   90 H   -1  3  0  1 -3  0  0 -1  1  0 -1  0  1  0  1  0  0 -3  0 -1    5  19   3   9   0   2   6   3   4   5   6   4   4   3   7   8   4   0   3   5  0.11 0.13
   91 L   -1 -2 -2 -3 -4 -3 -1 -5 -4  4  2 -4  1 -2  0 -3 -1 -4 -1  4    4   2   3   1   0   1   4   0   0  22  15   0   3   1   4   2   2   0   2  34  0.57 0.39
   92 T    0 -2 -2 -1  0  0  1 -2 -2  1  0 -2 -1 -3 -2  0  3 -4 -2  1    6   2   1   3   2   3  11   3   1  10  10   2   1   0   2   7  24   0   1  12  0.21 0.24
   93 Q   -1  0  0 -1 -4  4  2  0 -1 -4 -4  1 -3 -3 -1  1  1 -2 -2 -3    4   5   4   2   0  22  16   9   1   0   1   8   0   1   3  10   9   1   1   1  0.40 0.36
   94 K   -1 -2 -3 -3 -4 -2 -1 -2 -2  3  0  0  0 -1 -4 -2 -2 -2 -2  5    5   2   1   1   0   2   4   3   1  15   8   6   2   2   0   3   1   1   1  40  0.48 0.37
   95 L   -3 -2 -3 -5 -4 -1 -4 -3 -1  5  0 -2  0  1 -5 -2 -1 -1 -1  4    1   2   1   0   0   2   1   2   2  36   7   3   2   7   0   3   3   1   2  25  0.65 0.42
   96 D    0 -3  0  1 -5 -2  0 -1  0 -5 -5 -2 -4 -3  6  2 -1  1 -4 -1    6   1   5   8   0   2   6   4   2   0   0   2   0   1  38  14   4   2   0   5  0.78 0.50
   97 V   -1 -3 -5 -5 -4 -4 -3 -3 -2  4  0 -4  0  3 -2 -1 -2  0  0  3    6   2   0   0   0   0   2   1   1  29   9   0   2  14   2   4   1   1   3  23  0.58 0.39
   98 H    4 -3  0  0 -3 -2 -1  0  1 -3 -3  0 -3 -1  3  1  1 -1 -1 -2   33   0   4   5   0   1   3   5   4   1   2   5   0   3  13   8   7   1   2   3  0.36 0.33
   99 K    0 -1  1  0 -3  1 -1  3 -1 -2 -2  1 -2 -1  0  1  0 -4 -2 -1    6   3   6   6   0   6   3  24   2   2   2  10   1   3   4   9   7   0   1   4  0.21 0.20
  100 S   -1 -1  2  2 -4 -1  1  1 -3 -3 -3  0 -2 -3 -2  2  1  1 -2 -1    4   2  10  14   0   2   7  13   0   1   1   6   1   1   1  19   9   2   1   5  0.27 0.26
  101 A    0 -2  0  0 -2  0 -1 -1 -1  0  1  0 -1  0  2  0  1  0 -1  0   11   1   4   7   0   4   2   5   1   7  16   5   1   4  10   6   9   1   2   5  0.07 0.10
  102 K    0  0  2  1 -3  0  1  0  0 -2 -1  2 -2 -3 -1  2  0 -4 -2 -1    7   5   9   8   0   4   8   7   2   2   6  13   0   0   2  16   5   0   1   5  0.15 0.17
  103 Y   -1 -2  1 -1 -3  0 -2 -2 -1 -1  1  0 -1  2  3 -1  1 -1  1 -1    4   2   7   4   0   5   1   2   2   3  16   6   0  11  14   3   9   1   6   4  0.18 0.19
  104 E    0  0  2  2 -4  1  1  0 -1 -3 -4  1 -3 -3  0  1  1 -4 -2 -2    6   3  10  13   0   6  11   7   1   1   1  10   0   1   5  13  10   0   1   2  0.27 0.23
  105 V    0 -2  0  0 -3 -1 -1  0 -1  1 -1 -1 -1  0  2  0  1 -2  0  1    8   1   3   6   0   2   2   6   1   9   5   4   1   3   9   9  11   0   4  14  0.09 0.12
  106 E    0 -1  0  1 -3  1  2  0 -2 -1 -1  1 -2 -3 -2  1  0 -1 -2 -1    8   3   3   8   0   7  16   7   1   4   6   9   1   1   1  14   7   1   1   3  0.17 0.17
  107 E   -1  1  0  3 -4  1  2 -2 -1 -2 -1 -1 -3 -3  0  0  0  1 -2 -1    5   7   5  19   0   6  16   3   1   2   7   3   0   1   5   8   4   2   1   5  0.22 0.19
  108 V    0 -1  1  2 -3 -1  0  0 -1 -1  0  0 -1 -1 -1  2  1 -1 -1  0    6   2   6  11   0   2   5   6   1   2   9   7   2   2   2  16   8   1   1  10  0.08 0.12
  109 E   -1  0  2  2 -4  1  2 -1 -1 -3 -3  1 -3 -4 -1  2  1 -2 -2 -3    4   5  11  13   0   6  13   3   1   1   2  10   0   0   2  14  11   1   2   1  0.30 0.24
  110 S   -1  0  1  1 -4  1  1  0  2 -3 -3  2 -2 -3  2  2  1 -4 -3 -3    3   3   8   9   0   7   8   8   6   1   1  11   1   1   9  15   7   0   0   2  0.27 0.23
  111 G   -1 -1  2  3 -4  0  2  2 -1 -4 -3  2 -4 -3 -1  1  0 -5 -4 -4    4   2  10  15   0   4  13  17   1   0   2  13   0   1   2   9   4   0   0   0  0.37 0.27
  112 G    0 -2 -2 -2 -4  0  0  5  0 -3 -3  0 -4 -1  2  0 -1 -4  0 -3    5   1   1   2   0   3   6  42   2   1   2   5   0   3   9   8   3   0   3   2  0.56 0.36
  113 F   -4 -5 -4 -6 -4 -5 -2 -6 -1  2  5 -4 -1  2 -4 -5 -4  1 -1  2    0   0   1   0   0   0   3   0   1  11  56   1   1   9   1   0   0   2   2  11  0.97 0.51
  114 D   -2  2  0 -1 -4  3  1 -2  1  0 -1  0 -2 -2 -2  2  1 -4 -3 -1    2  14   4   2   0  15   8   2   3   6   5   6   1   1   2  16   9   0   0   5  0.24 0.24
  115 I   -2 -5 -4 -6 -1 -5 -5 -5 -5  4  4 -5  0 -1 -4 -5 -3  3 -2  3    3   0   1   0   1   0   0   1   0  22  38   0   2   2   1   0   1   3   1  21  0.87 0.46
  116 R   -1  1 -1 -2 -4  1  2 -3  0  1 -1  1 -2 -2 -3  0  3 -4 -2  0    3   7   2   1   0   7  14   2   2  10   6   7   0   1   0   8  21   0   1   8  0.23 0.24
  117 F   -5 -3 -4 -6 -5 -5 -6 -5 -5  0  4 -5  4  5 -6 -4 -4  1  3  0    0   2   1   0   0   0   0   1   0   4  45   0  10  20   0   1   0   1   9   5  1.06 0.54
  118 L   -1 -1  3  1 -5  1 -1 -1  7 -4 -4  2 -4 -4  0  0  0 -5 -1 -4    5   3  12   6   0   5   4   5  26   1   1  11   0   0   4   8   6   0   2   0  0.60 0.39
  119 G   -2 -4  2  0 -6 -3 -3  7 -5 -7 -5 -4 -6 -7 -6 -3 -5 -6 -7 -7    3   1   8   5   0   1   1  76   0   0   1   1   0   0   0   1   0   0   0   0  1.80 0.80
  120 V    1 -1 -1 -2 -4  0 -2  4 -3 -1 -2 -2 -2 -4  2  0 -1 -4 -2 -1   12   3   2   2   0   4   2  38   0   4   3   2   1   0   9   8   3   0   1   6  0.46 0.30
  121 K   -1  1  1 -1 -3  1  1 -2 -1 -2 -2  2  0 -2  0  2  1 -2  0 -2    5   6   6   3   0   5  11   1   1   1   3  17   3   2   4  16   9   1   4   3  0.20 0.19
  122 W   -4 -4 -4 -2 -3 -4 -2 -4 -1 -2 -4 -4 -4  0 -4 -3 -3  9  8 -2    1   1   1   2   1   1   3   1   1   2   2   1   0   3   1   2   2  28  45   3  1.94 0.81
  123 G    1 -2  2 -2 -4 -1 -1  5 -2 -3 -3 -1  0 -5  1 -1 -1 -5 -4 -1   10   1   9   2   0   2   5  41   1   1   2   3   3   0   7   4   3   0   0   4  0.54 0.32
  124 S   -1 -1  1  3  1  0  1  2 -1 -5 -4  1 -4 -4  1  1 -1 -5 -2 -4    3   2   8  20   3   4   9  16   1   0   1  11   0   1   6  12   2   0   1   1  0.37 0.26
  125 N   -2  3  2  0 -4  3  0 -2  1 -2 -2  2 -1 -3 -2  0 -1 -4 -1 -1    2  15  13   5   0  12   5   2   4   2   3  16   1   1   1   8   3   0   2   5  0.30 0.23
  126 T    0  1  0  0 -4  1  0 -3 -1 -2 -3  2 -1 -1  3  1  2 -4 -2 -2    6   6   5   4   0   6   5   1   1   2   2  17   1   3  14  13  12   0   1   2  0.29 0.23
  127 I   -3 -1 -3 -2 -5  6 -3 -4  0  2  1 -2  0  0 -3 -2 -2 -1 -1  1    2   3   1   2   0  39   0   1   2  11  13   2   1   4   1   2   3   1   2  10  0.67 0.43
  128 D   -1  1  2  2 -4  0  0 -2  0 -4 -3  3 -1 -2 -2  2  0 -4  0 -3    2   6  10  14   0   4   3   1   2   0   1  22   1   1   2  20   4   0   3   1  0.37 0.26
  129 A    4 -4 -3 -4  0 -2 -3 -2 -4 -1 -1 -2  0  0 -2  0  2  0 -3  2   43   0   0   0   1   2   0   1   0   1   6   1   2   4   1   6  11   1   0  18  0.52 0.34
  130 T    0  1  2  1 -3  0  0 -2  0  0 -1  0 -1 -2 -3  1  0 -3  0  1    5   8  14   6   0   3   6   0   2   8   6   6   1   1   0  13   6   0   3  11  0.11 0.12
  131 L   -2 -5 -5 -6 -4 -5 -5 -6  0  5  3 -5  1  3 -5 -4 -2 -4 -3  2    3   0   0   0   0   0   0   0   2  38  24   0   2  15   0   0   3   0   0  13  0.90 0.37
  132 S   -1  1  2  0 -3  0  2 -3  2 -2 -2  1 -1 -2 -3  1  3  0  0 -1    4   7   9   5   0   4  12   0   6   2   2  10   1   1   0   8  20   1   3   3  0.24 0.18
  133 Y   -4 -5 -5 -6 -4 -5 -5 -6 -4  0  3 -5  1  7 -5 -5 -4  2  3 -1    0   0   0   0   0   0   0   0   0   4  29   0   3  46   0   0   0   2   8   4  1.27 0.44
  134 S   -1  0 -1 -2 -3  1  0 -2  1  2  1  1  1 -1 -3 -1  0  0 -1  1    5   4   2   1   0   7   7   1   4  21  15   9   3   2   0   3   5   1   2   8  0.11 0.11
  135 C   -4 -7 -6 -7 11 -6 -7 -6 -6 -1 -5 -6 -5 -6 -6 -1 -5 -6  0 -5    0   0   0   0  85   0   0   0   0   4   0   0   0   0   0   5   0   0   4   0  3.38 0.89
  136 D    0 -2  1  6 -5 -1  0  0 -3 -3 -5 -2 -4 -4  1  0 -2 -5  0 -2    7   1   5  44   0   3   4   8   0   2   0   2   0   0   7   7   2   0   5   3  0.67 0.32
  137 T   -1  1  0  1 -4  1  1 -1  2 -2 -3  2 -1 -4  2  0  1 -4 -3 -2    4   7   4  10   0   4  11   4   5   2   2  14   2   0  11   7  11   0   0   2  0.26 0.23
  138 N   -1 -1  3  2 -4  1  2 -1  1 -2 -4  0 -1 -4  0  2  1 -4 -1 -2    4   2  14  14   0   5  13   3   3   2   0   6   2   0   3  17   7   0   2   2  0.29 0.26
  139 L    0  0  0  2 -2  0  1  0  0  0 -1  0  1 -2  0  1  0 -3  0  0   11   6   5  12   0   3   8   5   2   6   5   6   5   0   3   9   4   0   3   6  0.07 0.09
  140 K    0  0  1  2 -4  1  2  1  0 -3 -3  2 -3 -2 -1  0  0 -4 -3 -2    8   3   5  13   0   5  17   9   2   0   2  14   0   2   2   7   7   0   0   3  0.24 0.22
  141 T    0  0  1  1 -3  0  2  1  0 -1 -1  0 -2 -3  0  1  1 -3 -1 -1   10   3   7   9   0   3  14  13   2   3   6   6   0   0   3   9   8   0   2   4  0.12 0.13
  142 D   -1 -3  2  2 -4 -1  1  0 -2 -3 -1 -1 -4 -4  4  1  1 -5 -2 -1    4   0  10  14   0   2   9   6   1   1   7   2   0   0  21   8   8   0   1   4  0.40 0.32
  143 E   -2 -1  0  1 -5 -1  4 -1 -2 -3 -3  0 -4 -5  1  1  1  1 -3 -3    3   2   4   7   0   2  34   4   1   2   3   6   0   0   6  13   9   2   1   1  0.49 0.39
  144 L   -1 -2 -1  0 -3 -1 -1  1 -3  1  1  0  0 -1  2  0 -1 -4 -2  0    3   1   3   7   0   3   4  14   0   7  20   5   1   3  11   6   3   0   1   8  0.13 0.15
  145 V   -1 -1 -1  0 -4  0  2 -2 -3 -1 -1  0 -3 -1  2  0  2 -4 -2  1    5   3   3   4   0   4  18   2   0   4   6   5   0   3  10   8  15   0   1  10  0.19 0.22
  146 T   -1  0  0  0 -3  0  0 -1 -1  0  0  0 -2  3 -3  1  0  1  0  0    5   5   4   7   0   3   7   3   2   4   8   6   0  16   0  10   6   2   3   8  0.10 0.14
  147 T   -1 -2 -1  0 -3  0  1 -1  0  0  0  0 -1  1 -1  0  1  0  1  1    3   1   3   6   0   3   9   3   2   6   9   6   1   7   3   8   9   1   6  13  0.05 0.10
  148 I    0  0  0  2 -3  0  0  0 -1 -1 -2  1 -2 -1  0  2  0 -2 -3 -1    7   4   3  15   0   3   6   7   1   3   5   8   1   2   5  21   5   1   0   3  0.17 0.18
  149 W   -2 -1 -1 -4 -5 -3  1 -1 -2 -2 -3 -1 -3  1 -3 -1 -3  9  5 -4    3   4   3   1   0   1   9   5   1   2   2   4   1   6   1   6   2  25  23   1  1.07 0.58
  150 N   -2 -1  2  5 -5  1  1  1  0 -2 -3  1 -2 -2 -3 -1 -1 -5 -2 -4    3   4  12  29   0   5  10  10   2   2   2   8   1   2   1   5   3   0   1   1  0.48 0.34
  151 S   -1  0  2  4 -5 -1  1  2 -1 -5 -4 -1 -3 -1 -4  0  1  0 -1 -3    4   5  11  24   0   2   9  16   1   0   1   4   0   3   0   8   7   1   2   2  0.41 0.32
  152 E   -1 -2  2  2  0  0  0  2  1 -4 -4  2 -2 -4 -2  1  1 -5  0 -3    3   1  11  11   3   4   7  15   3   0   0  13   1   0   1  12   9   0   4   1  0.31 0.27
  153 Y   -1 -1  1  2 -4  2  1 -1  1 -1 -1  0 -1 -2 -2 -1  2 -2  0  0    4   2   8  12   0   9   9   4   4   3   6   6   1   1   1   3  14   1   4   9  0.15 0.18
  154 V    0 -3 -2 -2 -2 -2 -1 -2  2  1  3 -1  1  0 -2 -2 -1 -1  0  1    7   0   2   3   1   2   4   4   5   6  34   4   2   3   2   3   3   1   3  12  0.21 0.20
  155 L    0  1  0  1 -1  1  1 -3  0 -1 -2  3 -1 -2 -2  1  0  0  1 -2    7   8   4   8   1   6   8   1   3   3   3  18   1   1   1  12   6   1   6   2  0.18 0.19
  156 I   -1 -4 -4 -4 -4  0  0 -3 -4  2  3 -2  0  3  0 -4 -1 -4 -3  2    4   0   0   0   0   4   7   2   0  13  29   3   2  13   5   0   4   0   0  14  0.41 0.31
  157 E   -1  0  0  1 -5  1  3 -3 -1 -3 -3  3 -2 -3 -2  1  1 -5 -2 -2    4   5   5   8   0   5  21   1   1   1   1  17   1   1   1  12  11   0   1   2  0.38 0.31
  158 M   -6  0 -6 -1 -6 -5 -2 -4 -6  0  1  0  0 -1 -6 -4 -5 11  0 -2    0   6   0   4   0   0   3   2   0   6  11   5   2   2   0   1   0  50   3   3  1.96 0.84
  159 S   -2  3  0  0 -5 -1  0 -1  1 -3 -2  4 -4 -2 -2  1  0 -1  1 -3    2  16   4   6   0   1   5   4   3   1   3  27   0   2   1  13   4   1   5   1  0.40 0.32
  160 G    0 -2  1  0 -4 -3 -1  2  0 -2 -3  0 -4 -5 -4  2  4 -5 -4 -1    6   2   6   5   0   0   4  14   2   2   2   5   0   0   0  17  31   0   0   3  0.50 0.38
  161 P   -2  0 -1  0 -5 -1  0 -3 -1 -3 -4  4 -4 -4  5 -1 -1 -6 -5 -2    3   5   2   6   0   2   5   2   1   1   1  29   0   1  28   5   4   0   0   4  0.75 0.46
  162 S    1 -2 -1  1 -4 -1  1 -2  4 -3 -2  1  0  1 -3  2 -2 -1  2 -1   15   1   2   7   0   2  10   2  10   1   2   9   3   5   0  14   1   1   8   5  0.24 0.24
  163 G    5 -4 -1 -2 -1 -4 -1  2 -4 -3 -3 -1 -4  0 -4  0 -1 -5 -2 -2   46   0   2   2   1   0   4  18   0   2   2   3   0   4   0   6   4   0   1   3  0.65 0.45
  164 C   -2 -6 -2 -2 10 -1  0 -1 -6 -5 -6  0 -5 -6 -6 -3 -2 -6 -6 -2    2   0   2   3  63   3   6   6   0   0   0   6   0   0   0   2   2   0   0   4  2.27 0.92
  165 K    1 -1 -2  1 -4  0  1  0 -1 -2  0  1 -1 -1  4  0 -1 -4 -3 -2   12   2   0   9   0   3  11   6   2   1  10   7   2   3  19   5   4   0   0   3  0.26 0.21
  166 R   -1  0  2  1 -3  0  1 -1  1 -1 -2  2 -1  0 -2  1  1 -3  0 -1    4   5   9   7   0   4   8   5   3   5   3  13   1   4   1  12   9   0   3   4  0.12 0.13
  167 D    1  0  1  3 -4 -1  1 -1  0 -2 -3  2 -2 -1 -2  1  0  1 -1 -2   11   4   5  20   0   2   9   4   2   2   2  14   1   2   2   9   4   2   2   2  0.24 0.21
  168 G    0  0  0  1 -3  1  2  1 -1 -1 -2  1 -1 -2  0  0  0 -3 -1 -1    6   5   3   8   0   7  18  11   1   3   3   9   1   2   4   7   5   0   2   4  0.15 0.14
  169 N    0  1  1  2 -3 -1  1  1  0 -4 -3  2 -3 -4  1  2 -1 -4 -1 -3    7   7   5  12   0   1  10  10   2   1   3  14   0   0   6  15   3   0   2   1  0.25 0.21
  170 S   -1 -1  1  2 -3  0  2  1  1 -3 -3  1 -1 -3  2  0  0 -3 -1 -2    3   2   6  14   0   3  14  12   3   1   2  10   2   1   9   8   5   0   2   3  0.23 0.18
  171 D   -1 -3  0  3 -4 -1  2  1 -1 -2 -3  1 -3 -4  4  0 -1 -4 -4 -3    4   1   4  19   0   2  14  11   1   2   2   8   0   1  19   6   3   0   1   2  0.47 0.29
  172 S   -1 -1  0  3 -3 -1  1  1 -1 -2 -3  1 -3 -4  3  1  0 -4 -3 -2    5   3   4  19   0   2   8  12   1   2   3   7   0   1  14  11   4   0   1   2  0.32 0.22
  173 G   -1  0  0  1 -3  0  0  2 -2 -2 -3  2 -3 -3  3  1 -1  0 -3 -3    5   4   5   9   0   4   5  16   0   3   2  13   0   1  16  11   4   2   1   1  0.31 0.22
  174 D   -1 -2  1  3  0 -2  1  1 -1 -3 -3  1 -2 -3  2  1  1  0 -2 -3    4   1   7  20   2   1   8  10   1   1   3   9   1   1   9  10   7   2   1   1  0.27 0.20
  175 N   -1 -1  1  2 -3  0  0  2  0 -2 -1  1 -2 -3  2  0  0  1 -3 -2    4   3   6  14   0   3   6  17   2   3   6  10   0   1  11   7   4   2   1   2  0.21 0.16
  176 G   -1 -2  0  2 -2  0  1  3  0 -2 -2  0 -2 -3  2  0  0 -3 -1 -1    4   1   4  13   1   3  10  22   2   1   4   7   0   1  10   7   4   0   2   4  0.24 0.18
  177 N    0 -1  1  3 -3 -1  0  1 -2 -2 -1  1 -2 -1  1  0 -1 -3 -1 -2    6   3   6  22   0   2   6  10   0   2   6  10   0   2   8   8   4   0   2   2  0.21 0.16
  178 G   -1  0  1  2 -1  0  1  1  0 -2 -2  1 -2 -2  3  0 -1 -3 -3 -3    3   4   5  11   2   3   8  14   3   3   4  12   0   1  16   4   4   0   1   1  0.25 0.17
  179 N   -1 -1  2  2 -3 -1  0  1 -1 -2 -2  0 -1 -1  3  1 -1 -3 -2 -3    4   3  11  13   0   2   7  13   1   2   3   6   2   3  14  11   3   0   1   1  0.25 0.18
  180 G   -1  0  0  2 -3 -1  0  2 -1 -3 -3  1 -2 -1  3 -1  0  3 -1 -2    5   4   5  13   0   2   7  15   1   1   2   8   1   3  15   4   5   4   2   3  0.26 0.18
  181 N    0 -1  1  2 -3  0  0  1  1 -3 -2  1 -2 -2  0  1  0  2 -1 -2    5   2   7  16   0   4   4  12   3   1   3  11   0   2   5  11   6   3   1   2  0.19 0.15
  182 G   -1 -2  0  3 -3  0  1  2 -2 -2 -2  1 -3 -3  3  0  0 -3  0 -3    4   2   4  17   0   3   7  16   0   2   3   9   0   1  13   7   5   0   3   1  0.29 0.20
  183 N    0 -1  2  2 -1  0  1  1  1 -3 -3  1 -2 -2  2  0  0 -3 -1 -3    7   2   9  12   1   3  10  12   3   2   2  11   0   1   9   6   7   0   2   1  0.20 0.15
  184 D   -1 -1  0  3 -3  0  1  0  0 -3 -2  2 -1 -1  2 -1 -1 -3  1 -2    5   2   3  18   0   3   9   6   2   1   3  16   1   3  12   4   3   0   6   2  0.27 0.20
  185 P    0 -1  0  2 -3  0  0  0 -2 -1 -2  0 -3 -1  4  0 -2 -1 -1 -1    7   3   4  14   0   5   6   8   1   3   3   4   0   3  24   5   1   1   3   4  0.36 0.23
  186 D    0 -1  0  2  1  0  1  1 -1 -2 -2  0 -2 -2  2  1 -1  0 -2 -2    9   2   4  15   4   3   9  11   2   2   4   7   0   1   9   9   3   1   1   2  0.17 0.14
  187 N   -1  0  1  3  1  0  1  1  0 -2 -2  0 -2 -2  1  0  0 -3 -1 -2    3   5   6  17   3   4  11  13   2   2   5   5   1   1   6   7   5   0   2   2  0.16 0.13
  188 N   -1 -1  1  3 -3  0  0  2 -1 -2 -2  1 -1 -1  1  0 -1 -2  0 -2    3   3   6  16   0   2   7  14   1   3   3  12   2   2   8   9   2   1   4   3  0.18 0.16
  189 N    0 -1  2  3 -3  0  0  0  1 -2 -3  1 -2 -2  2  0 -1 -3  0 -1    6   2  10  16   0   4   5   7   4   2   2   9   0   2  12   8   2   0   4   4  0.22 0.17
  190 N   -1  0  2  2 -3 -1  1  1 -2 -3 -2  0 -3 -1  3  0  0 -1 -1 -2    3   5   9  13   0   1   9  14   0   1   4   6   0   3  14   6   6   1   2   3  0.23 0.18
  191 T   -1  0  0  1 -3  0  1  1  1 -1 -2  0 -2  0  3  0 -1  2 -2 -1    4   4   5   9   0   4   8  10   3   3   4   7   0   4  14   6   4   4   0   4  0.16 0.16
  192 G   -1  0  1  1 -3  1  1  0  1 -1 -1  0  0  0  1  0  0 -3  0 -1    4   5   6  10   0   5   9   9   3   4   5   5   3   6   8   7   4   0   3   5  0.07 0.07
  193 K   -1 -1  0  1 -3 -1  1  1  1 -1 -1  1 -1  1  2  0 -1  1 -2 -1    3   3   4   9   0   2   9  12   3   3   5   9   1   6  11   9   3   2   0   4  0.13 0.15
  194 D   -1 -1  0  2 -4  0  1  1  0 -2 -2  0 -3  0  2  1  0  0 -3 -1    5   3   3  14   0   3  10  10   2   2   3   4   0   6  11  10   6   1   0   6  0.18 0.19
  195 K    0  0  0  2 -3 -1  1  1 -1 -1 -1  1 -1  0  0  1  0  0 -1 -1    5   5   4  14   0   2   7  11   1   4   5   9   2   4   5  10   4   2   3   3  0.09 0.11
  196 K   -1  0  0  0 -3  0  1  1  0 -1 -1  1 -1  1  2  1  0  1 -1 -1    4   4   3   6   0   3   8  10   3   2   6   9   1   8   9  10   4   2   2   5  0.08 0.10
  197 S    0 -1 -1  0 -3  0  0  2 -1 -2 -1  0  0  0  0  3  0 -4 -1 -1    5   2   2   5   0   3   5  17   2   2   6   6   2   5   4  24   6   0   1   3  0.18 0.22
  198 K    0  0  0 -2 -4  0  0  1  1 -2 -3  1 -3  0  0  3  0  0 -3 -2    6   6   4   1   0   4   6  12   3   2   2   8   0   5   4  27   6   1   0   2  0.24 0.27
  199 K    0  1 -1 -2 -4 -3 -2  3  4 -2 -1 -1  0  1 -1  2 -1  0 -1 -3    6   7   2   2   0   0   2  25  12   2   5   3   3   5   2  16   3   2   2   2  0.34 0.31
  200 T   -2 -1 -4 -3 -4 -4 -3  1  2 -1  1 -2  1  3 -2 -1  0  9 -2 -1    3   3   0   1   0   0   2   9   5   4  11   3   4  10   2   5   5  28   0   4  0.87 0.50
  201 S   -2 -2 -2 -1 -4 -2 -3  5 -1 -3 -2 -3 -4  1 -1  3 -2 -4 -2 -3    2   2   2   3   0   2   2  44   2   1   4   1   0   6   4  22   2   0   1   2  0.74 0.49
  202 W   -1 -1 -3 -4  1 -3 -3  0 -3  0  0 -3 -2  4 -1 -1 -1  8  1  0    4   4   0   0   4   0   0   7   0   4  11   0   0  19   3   6   5  22   3   6  0.59 0.31
  203 F   -1 -1 -4 -4 -3 -3 -4 -4 -3  2  1 -3  2  6 -4 -3 -1  2  1  1    4   4   0   0   0   0   0   1   0  13  13   0   5  36   0   0   4   3   4  10  0.58 0.31
  204 T    0  0 -1 -2  1 -1 -2  1 -2  0 -1  0  0  1 -1  1  2  1 -2  0    4   5   2   0   3   2   1  10   0   4   5   6   3   7   3  12  22   2   0   7  0.11 0.14
  205 W   -2 -4 -2 -2 -4 -3 -4 -2 -4  0 -1 -2  2  2 -4 -2 -1 10  1 -1    4   0   2   3   0   0   1   3   0   7   6   2   5   8   0   3   3  44   3   4  1.35 0.48
  206 L   -2 -3 -3 -4 -3 -3 -3 -2 -3  2  3 -3  1  4 -2 -2 -1  1 -1  0    3   1   0   1   0   0   1   4   0  15  30   1   3  26   2   2   3   2   0   6  0.45 0.25
  207 F   -2 -4 -4 -4 -3 -4 -4 -2 -3  2  1 -4  0  6 -4 -2  0 -2  1  1    3   0   0   0   0   0   0   4   0  12  14   0   2  41   0   3   6   0   2  10  0.65 0.33
  208 V   -1 -2 -3 -3  0 -3 -3 -2 -3  3  1 -2  2  1 -2  0  0  2  0  1    4   2   0   0   2   0   0   2   0  27  16   2   5   8   2   7   7   4   3   9  0.23 0.18
  209 Y    0 -3 -4 -4  0 -3 -4 -4 -3  3  3 -3  1  2 -4 -2 -1 -2  2  1    7   0   0   0   2   0   0   0   0  23  32   0   4  10   0   3   2   0   8   7  0.45 0.26
  210 A    1 -2 -2 -3  2 -2 -2  1 -2  1  1 -2  2  1 -2  0  0  3 -1  1   16   0   0   0   5   0   1  12   0   8  16   0   8   6   0   6   5   4   0  10  0.12 0.09
  211 I    0 -2 -2 -3 -2 -2 -2  0 -2  1  1 -2  1  3 -2  0  0 -2  0  2    7   1   0   1   0   0   1   7   0   9  11   1   6  22   1  11   6   0   0  17  0.16 0.12
  212 L   -1 -3 -3 -3  1 -2 -3 -3 -3  2  3 -3  2  1 -3 -1 -1 -2  0  2    5   0   0   0   3   0   1   1   0  14  42   0   4   7   0   3   3   0   3  12  0.32 0.17
  213 F    0 -2 -2 -3  1 -2 -2  2 -2  1  1 -2  0  2 -2 -1  0  2  0  1   11   1   0   1   4   0   1  17   0   8  16   1   3  14   1   4   5   3   3   9  0.12 0.09
  214 T    0 -2 -2 -3  0 -2 -3 -1 -2  1  1 -2  1  4 -1  0  1 -2  1  0    8   2   0   0   2   0   0   5   0  11  12   0   4  26   3   5  12   0   2   6  0.20 0.16
  215 V    3 -2 -2 -3  1 -1 -2  0 -3  0  1 -2  0 -1  0  1  0 -3 -2  1   31   0   0   0   4   2   0   8   0   6  19   0   2   2   3   9   3   0   0   9  0.17 0.15
  216 I    2 -2 -2 -3  0 -1 -2  0 -3  2  0 -2  0  0 -2  0  0 -3 -1  2   29   0   0   0   2   3   0   6   0  19   9   0   2   3   0   6   6   0   2  13  0.18 0.16
  217 Y   -4 -2 -4 -5 -4 -4 -4 -3  1 -1 -2 -4 -3  2 -5 -4 -3  2  8  0    0   2   0   0   0   0   0   2   2   3   3   0   0   5   0   0   0   2  72   6  1.59 0.56
  218 L   -2 -2 -4 -4  0 -3 -4 -3 -3  2  3 -3  1  4 -2 -3 -2 -2 -1  1    2   2   0   0   2   0   0   2   0  14  41   0   3  20   2   0   0   0   0  11  0.46 0.24
  219 M    1 -3 -3 -3 -1 -3 -3  1 -3  4  1 -3  2 -1 -3 -1  0 -3 -2  2   11   0   0   0   1   0   0  15   0  34   7   0   6   2   0   2   4   0   0  17  0.32 0.21
  220 V    0 -3 -3 -3  0 -3 -3  2 -3  2  2 -3  1  3 -3 -1 -2 -2  1  1    9   0   0   0   2   0   0  19   0  13  20   0   2  17   0   2   0   0   4  11  0.22 0.15
  221 V   -1 -1  0 -2 -3 -1 -2  5  1 -2 -2 -1 -1 -3 -3  0  1 -3 -2 -2    1   2   3   0   0   3   0  55   4   3   3   3   1   0   0   3  12   0   1   3  0.63 0.28
  222 S    3 -1 -2 -2  1 -2 -2 -1 -2  0  0 -2  1 -1 -2  2  0 -3  0  0   35   2   0   0   4   0   0   1   0   7   8   0   4   2   0  24   3   0   3   5  0.27 0.21
  223 Y   -1 -4 -4 -5 -1 -3 -4 -4 -2  0 -1 -4  0  2 -4 -3 -3  9  6 -2    5   0   0   0   1   0   0   0   0   6   5   0   2   7   0   0   0  31  36   2  1.38 0.46
  224 L   -2  1 -1 -3 -3 -1 -2 -3  2  0  1 -1  1  2 -3 -2 -1  2  5  1    2   9   4   0   0   1   0   2   6   4  19   2   3   5   0   1   2   2  28   9  0.32 0.20
  225 N   -2 -1  7 -1 -4  0 -2 -2 -1 -4 -4  1 -3 -2 -4  0 -2 -4  2 -4    2   2  64   0   0   3   1   2   0   0   2   7   0   2   0   6   1   0   7   0  1.03 0.45
  226 T   -2  1 -3 -4 -3 -2 -3 -4  3 -2 -2 -2 -1  1 -4 -1  2  1  7  0    2  10   0   0   0   0   0   0   6   2   3   0   2   3   0   3  14   1  46   7  0.76 0.37
  227 K   -1  3  3 -1 -3  1  0  0  2 -3 -2  1 -1 -2 -2  1  1 -3 -1 -3    1  18  21   2   0   6   3   8   6   0   4   8   1   1   0  11   8   0   1   1  0.28 0.18
  228 G   -1  3  0 -2 -2  0 -1  2  0 -1 -2  0  0 -2 -1  0  2 -3 -1  0    1  20   3   1   0   5   1  17   3   3   2   5   2   1   3   6  16   0   2   8  0.17 0.14
  229 G    0 -2  0 -2 -3 -1 -1  3 -1 -3 -2 -2 -2  0 -3 -1 -2 -1  6 -1    8   2   4   2   0   3   3  23   0   1   4   1   0   2   1   3   2   0  39   4  0.62 0.32
  230 S   -1  0  2 -1 -3 -1 -1  4  0 -2 -3 -1 -3 -3 -1  2  1 -3 -3 -3    2   5  12   2   0   3   2  33   2   3   1   2   0   1   2  21   8   0   0   1  0.41 0.22
  231 F    1 -2 -1 -2 -2 -1 -1  1  0  0  0 -1  0  3 -2  0  0 -1  1  0   19   1   1   1   1   2   2  12   2   4   9   1   2  17   1   8   5   0   5   4  0.11 0.09
  232 Q   -1 -1  1  1 -2  2  0 -1  1  0 -1  0 -1 -1  1  0  1  4  0 -1    3   2   9   7   0  12   2   4   5   5   7   4   1   1   7   6   9   7   3   5  0.12 0.08
  233 D   -1  0  0  4 -3 -1  1  2 -2 -1 -2 -1 -2 -3 -1  0  0 -3 -2 -1    4   5   3  30   0   1  10  20   1   4   2   1   1   1   2   5   4   0   1   6  0.32 0.16
  234 F    3 -3 -4 -4 -3 -3 -3 -3 -3  0  1 -3  2  4  0 -2 -2  5  1  0   28   0   0   0   0   0   0   0   0   4  12   0   6  25   5   0   0   8   5   5  0.52 0.30
  235 R   -1  4  0 -1 -1  0 -1 -2  0  0  0  0 -1 -1  2 -1 -2  2 -1 -1    3  32   4   3   1   2   3   2   3   7  13   3   0   2   9   3   1   3   2   4  0.24 0.16
  236 N    0 -1  2  0 -2 -1  1  2  2 -1 -2  0 -2 -2  1  0  0 -2 -2 -1    5   2  11   5   0   1   9  21   8   3   5   5   1   1   7   7   4   0   1   4  0.17 0.10
  237 E    0  1 -1  2 -2  0  3 -2  3 -2 -1 -1  0 -2 -2 -1 -1  5 -1 -2    7   7   1  14   1   2  24   2   8   3   7   2   4   1   1   2   3  11   1   1  0.33 0.19
  238 F   -2 -2 -1  3 -3 -2 -2 -1 -2  0  2 -2 -1  4 -3 -2 -2  2  1  0    2   1   2  24   0   1   1   5   0   3  21   2   0  22   1   2   1   2   3   6  0.32 0.20
  239 V   -1 -1 -3 -3 -2 -2 -2 -2 -3  2  2  0  1 -1  0 -2 -1  2 -2  2    4   3   1   1   0   1   1   3   0  17  27   6   2   1   6   1   2   4   1  19  0.23 0.15
  240 E   -1  0 -1  2 -2 -1  1 -2  0  0  1 -1 -1  0  1 -1 -1 -2  0  0    5   6   1  16   0   2  11   3   3   6  21   1   1   4   6   3   2   0   3   6  0.09 0.09
  241 R   -1  2  1 -2 -3 -2 -2 -1 -2  0 -1  0 -2 -3  4  0  0  2  0  0    5  16   7   0   0   0   1   3   0   6   4   5   0   0  24   9   6   3   3   6  0.36 0.26
  242 G    0 -1  0  0  2 -2 -2 -1  4  1  0 -1  0  1 -3  0 -1 -2  0 -1    8   4   5   5   6   0   1   3  16   9  12   3   3   8   1   8   3   0   3   4  0.14 0.16
  243 T    0  1 -1 -3 -3 -1 -1 -1  0  1  0  0  0 -2 -3  0  1  4 -2  2    8  10   2   0   0   2   3   4   3   7   7   8   3   0   0   7  10   7   0  19  0.15 0.18
  244 E   -3 -3  1  5 -4  2  3  0 -2 -4 -4 -2 -4 -4 -3  0  0 -4  0 -4    1   0   5  35   0  11  20   7   0   0   1   0   0   0   0   8   7   0   3   0  0.71 0.38
  245 F   -1 -3 -3 -4 -3 -3 -3 -2 -3  0  2 -3  1  5 -4  0  2 -2  0  1    4   0   0   0   0   0   0   3   0   4  22   0   3  29   0   7  16   0   2   8  0.44 0.26
  246 I    0 -4 -5 -5  0 -4 -4 -2 -4  3  2 -4  0  1 -4 -3 -3  8 -2  2    8   0   0   0   2   0   0   3   0  23  16   0   2   5   0   0   0  21   0  18  0.78 0.34
  247 T    0  5 -2 -1 -3  1 -1 -2  1 -2 -2  2 -1 -2 -3  1  1 -4 -3 -2    9  38   0   2   0   5   0   2   3   1   2  12   1   2   0  10   8   0   0   2  0.47 0.28
  248 S    0  0  1  4 -3  0  2  0 -2 -4 -3  1 -3 -4 -2  1  0 -4 -1 -3    7   4   7  27   0   3  16   5   0   0   2   8   0   0   0  13   4   0   2   0  0.38 0.22
  249 L   -1 -2 -4 -4  0 -3 -4 -2 -4  3  3 -3  2  1 -4 -2 -2 -3 -2  2    3   2   0   0   2   0   0   3   0  19  37   0   5   6   0   2   1   0   0  18  0.44 0.24
  250 P   -2 -4 -4 -4 -5 -4 -3 -1 -4 -5 -5 -1 -5 -5  8 -2 -3 -5 -5 -4    3   0   0   0   0   0   0   6   0   0   1   4   0   0  80   3   0   0   0   0  2.17 0.64
  251 T    0 -1 -1  0 -3  1  1  0  1 -2 -3 -2 -3  0 -3  1 -1  1  6 -2    7   3   1   5   0   8  10   7   2   1   1   0   0   3   0  11   3   1  35   1  0.47 0.29
  252 F   -4 -3 -5 -5 -4 -4 -5 -5 -4  1  3 -4  3  6 -5 -2 -2 -2  0 -1    0   1   0   0   0   0   0   0   0   5  37   0   7  41   0   2   2   0   1   3  0.97 0.41
  253 V    0 -3 -3 -4  2 -3 -3  0 -4  3  2 -3  1  1 -3 -1 -1 -3 -2  2    8   0   0   0   6   0   0   9   0  22  22   0   3   6   0   4   2   0   0  19  0.30 0.19
  254 K   -1  4 -1 -2 -4  2 -1  0 -1 -1 -3  4  0 -2 -3  0 -2 -4 -3 -1    5  24   1   0   0   9   0   6   1   3   0  33   3   2   0   7   0   0   0   5  0.48 0.27
  255 E   -3 -3 -2  5 -5  1  5 -2 -2 -5 -5 -2 -4 -1 -3 -1 -1 -4  1 -4    0   0   0  38   0   5  39   2   0   0   0   0   0   3   0   4   4   0   6   0  0.97 0.43
  256 V   -1 -4 -4 -5  1 -4 -4 -3 -4  2  2 -4  0  3 -4 -3 -1  5 -1  3    3   0   0   0   3   0   0   2   0  13  26   0   1  18   0   0   2   9   0  23  0.55 0.27
  257 V    0 -3 -3 -4 -3 -3 -3 -1 -3  2  0 -3  2  3 -4 -1  0  6  1  2   10   0   0   0   0   0   0   5   0  12   7   0   5  16   0   4   6  12   4  19  0.38 0.21
  258 T   -1  3  2  1 -3  1  1  1 -2 -4 -4  1 -3 -2 -3  2  0 -4 -1 -3    3  20  10   7   0   5   6   9   0   0   0   9   0   2   0  22   4   0   2   0  0.33 0.20
  259 K   -3  4  0 -3 -5  1 -1 -3  5 -4 -4  5 -3 -4 -3  0 -2 -4  0 -3    0  26   2   0   0   4   0   1  16   0   1  38   0   0   0   8   0   0   3   1  0.83 0.38
  260 T    0 -3 -4 -2  1 -3 -4 -3 -4  3  2 -3  0  1 -4 -3 -1 -3 -1  4    6   1   0   2   3   0   0   1   0  25  18   0   1   5   0   0   3   0   1  33  0.45 0.24
  261 L   -1  0 -3 -3  2 -2 -3 -2 -2  0  1 -2  2  2 -3  0  1  1  1  2    5   6   0   0   5   0   0   3   0   4  14   1   7  13   0   7  11   2   4  18  0.16 0.14
  262 G   -1  0  3  1 -3 -1 -1  4 -2 -2 -3 -2 -3 -4 -3  2 -1 -4 -3 -2    3   5  14   7   0   3   2  38   1   2   1   1   0   0   0  17   2   0   1   2  0.49 0.24
  263 T    0  3  0 -2 -2 -1 -2  0 -2 -2 -2  0 -1 -2 -2  2  3 -3 -1 -1    4  18   4   1   0   1   1   7   0   1   3   3   1   1   1  20  27   0   2   4  0.29 0.20
  264 R   -1  1  0 -2  0 -1 -1  1 -1  1  0 -1  0  1 -2  0 -1 -1 -1  1    3  13   5   1   2   2   2  12   1   8   9   2   2  10   1   6   3   1   1  17  0.05 0.08
  265 D   -1  2  1  1 -2  2 -1  2 -1 -1 -1  0 -1 -2  0  1  0 -2 -2 -1    3  14   7   7   0  12   1  15   1   4   6   2   2   1   4  12   5   0   1   3  0.14 0.10
  266 S    0  1  0 -1 -1 -1 -1  4 -2 -3 -3 -1 -2 -3 -1  2  0 -3 -2 -3    5   8   4   3   1   2   2  37   0   2   2   2   0   1   3  22   5   0   1   1  0.44 0.21
  267 S    0  2  2 -2 -3  0 -1  2 -1 -3 -3 -1 -2 -3  0  3  1 -3 -2 -3    5  13  11   1   0   3   1  13   1   1   1   1   0   1   5  33   7   0   1   1  0.36 0.22
  268 A    1  0  0 -2 -2 -1 -2  3  1 -2 -3 -1 -2 -1 -1  3  0 -3 -1 -2    8   7   3   1   0   1   1  30   3   2   2   1   0   2   2  28   5   0   2   1  0.37 0.21
  269 S   -1  1  3 -1 -3  1 -1  0  2 -3 -3 -1 -2 -1 -1  3  0 -3 -2 -3    3  10  16   2   0   8   3   6   6   1   1   1   1   3   3  32   4   0   0   1  0.35 0.22
  270 R   -3  7 -3 -4 -5  0 -2 -1 -3 -5 -4 -1 -3 -4 -4 -1 -3 -4 -1 -3    1  79   0   0   0   3   0   4   0   0   1   0   0   0   0   5   0   0   2   1  1.56 0.57
  271 G    0 -2 -1 -2 -4 -3 -2  6 -3 -4 -4 -3 -4 -4 -2  0  0 -4 -4 -4    6   2   2   1   0   0   2  72   0   0   1   1   0   0   1   5   5   0   0   1  1.21 0.42
  272 G   -2 -3 -3 -3 -5 -4 -2  7 -4 -6 -6 -4 -5 -6 -5 -2 -4 -5 -6 -6    1   2   0   1   0   0   3  90   0   0   0   0   0   0   0   2   0   0   0   0  1.90 0.62
  273 Y   -5 -5 -5 -7 -6 -5 -5 -6 -1 -5 -4 -5 -4  1 -6 -5 -5 -1 10 -5    0   0   0   0   0   0   0   0   0   0   0   0   0   2   0   0   0   0  98   0  3.00 0.87
  274 S    0 -3 -1 -2 -3 -2  1 -3 -1  0 -4 -2 -3 -4 -3  5  2 -5 -4  0    7   0   2   0   0   1   8   0   1   6   0   0   0   0   0  59  10   0   0   7  0.73 0.41
  275 A    5  0 -3 -3 -3  1 -2 -1 -1 -3 -2 -2 -3 -4  1  1 -2 -4 -3  0   62   4   0   0   0   6   0   3   1   0   2   0   0   0   6  10   0   0   0   5  0.66 0.35
  276 V   -3 -5 -5 -6 -3 -5 -5 -6 -6  1  0 -5 -1 -3 -5 -4 -2 -5 -4  7    0   0   0   0   0   0   0   0   0   3   6   0   0   0   0   0   0   0   0  91  1.52 0.53

                      K         Lambda
Standard Ungapped    0.1304     0.3136
Standard Gapped      0.0410     0.2670
PSI Ungapped         0.1271     0.3182
PSI Gapped           0.0389     0.2670
