
Last position-specific scoring matrix computed, weighted observed percentages rounded down, information per position, and relative weight of gapless real matches to pseudocounts
           A  R  N  D  C  Q  E  G  H  I  L  K  M  F  P  S  T  W  Y  V   A   R   N   D   C   Q   E   G   H   I   L   K   M   F   P   S   T   W   Y   V
    1 M   -5 -5 -6 -7 -5 -4 -6 -7 -6 -2  2 -5 10 -4 -6 -5 -5 -5 -5 -3    0   0   0   0   0   0   0   0   0   0  16   0  84   0   0   0   0   0   0   0  2.82 0.98
    2 A    2 -5 -3 -1 -5 -4 -1  1 -5 -3 -5 -3 -2 -6  5  3  1 -6 -5 -4   17   0   1   3   0   0   4   9   0   1   0   1   1   0  33  21  10   0   0   1  0.88 0.54
    3 H    1 -2  2  3 -2 -2  1  0  1 -5 -3 -2 -3 -5  1  3  0 -6 -4 -3   10   2  12  16   1   0   9   7   4   0   2   1   0   0   6  23   6   0   0   1  0.44 0.36
    4 W   -6 -9 -10 -11 -9 -8 -9 -6 -8 -9 -8 -9 -8 -1 -3 -9 -9 13  0 -9    1   0   0   0   0   0   0   1   0   0   0   0   0   3   2   0   0  91   3   0  4.84 1.80
    5 R   -4  6 -4 -5 -4  3 -1 -5 -1 -3 -1  4 -5 -3 -5 -1 -2 -2 -4 -6    1  40   0   0   0  11   4   1   1   2   6  25   0   1   0   4   2   1   0   0  1.09 0.66
    6 E    0  1  2  3 -5  1  2 -3  0 -3 -3  0 -2 -4 -3  1  1 -5 -2 -3    9   9   9  16   0   6  15   1   2   1   2   5   1   0   0  12   8   0   1   1  0.38 0.33
    7 E   -1 -1  0  3 -3  2  3 -4  4 -1 -1 -1 -4 -3 -3  1  1 -5 -4 -1    4   3   4  14   1   9  19   0  10   3   6   3   0   1   1   9   8   0   0   5  0.37 0.34
    8 Y   -5 -7 -7 -8 -6 -7 -7 -8 -6  6  2 -7 -1  1 -7 -7 -5 -2  4  3    1   0   0   0   0   0   0   0   0  44  17   0   1   5   0   0   0   1  15  17  1.43 0.74
    9 A   -2  2 -3 -5 -2 -1 -2 -4 -1  1  4 -2  0  0 -5 -1 -3 -5  1  1    3  12   1   0   1   2   2   1   2   8  42   2   2   3   0   5   1   0   4   8  0.50 0.38
   10 A    2  1  0  0 -1  3  1 -3 -1 -3 -1  1 -2 -3 -4  1  0 -5 -4 -2   16   8   5   4   1  13  11   1   1   1   6   9   1   1   0  13   6   0   0   3  0.27 0.28
   11 A    1  4  1 -3 -4  5  0 -2 -2 -5 -2  1 -5 -7 -5  0 -4 -6 -4 -5   13  22   5   1   0  29   6   4   1   0   4   6   0   0   0   8   0   0   0   1  0.81 0.59
   12 L   -5 -8 -9 -9 -7 -8 -8 -9 -8  1  7 -8 -1  0 -8 -8 -4 -7 -6 -2    1   0   0   0   0   0   0   0   0   7  85   0   1   4   0   0   1   0   0   2  2.08 1.02
   13 A    0  3 -1  1 -3  4  2 -3  0 -2 -1  2  0 -2 -4 -2 -2 -5 -1 -1    9  14   3   8   0  17  11   2   2   3   5  14   2   2   0   1   2   0   2   3  0.37 0.34
   14 A    1  1 -1  1 -2  3  4 -4  1 -2 -2  0 -2 -5 -5 -1 -2 -6 -5 -1   13   7   2   9   1  12  28   1   4   3   4   5   1   0   0   4   2   0   0   5  0.46 0.40
   15 R   -2  8 -3 -7 -1 -1 -5 -8 -3 -9 -6 -2 -4 -9 -8 -5 -4 -9 -5 -7    3  85   1   0   1   2   0   0   1   0   1   2   0   0   0   0   1   0   0   0  2.64 1.29
   16 D   -5 -6  5  7 -8  1  1 -6 -3 -8 -9 -3 -8 -8 -7 -3 -5 -9 -8 -6    1   0  28  53   0   5   8   0   1   0   0   2   0   0   0   1   0   0   0   1  1.90 1.01
   17 R    2  5 -1 -1 -1  1  1 -4  1 -2 -3  3 -1 -5 -5 -1 -1 -6 -4 -1   15  28   2   3   1   5   8   1   3   3   3  16   2   0   0   4   3   0   0   4  0.54 0.43
   18 R   -1  5  1 -2 -3  0 -1 -4  0 -1 -1  2 -1 -3 -5 -1  0 -5 -1  0    5  33   6   1   1   5   4   1   2   3   7  10   1   1   0   3   5   0   2   8  0.49 0.39
   19 E   -4 -4  0  0 -1  4  6 -4 -2 -5 -5 -3 -3 -4 -6 -2 -2 -3 -3 -4    1   1   5   4   2  19  53   1   1   1   1   1   1   1   0   3   3   0   1   1  1.31 0.83
   20 K   -1  2 -1  0 -1  3  0 -2  3 -6 -5  5 -5 -5  0  1  1 -6 -4 -4    5   8   2   4   1  12   5   2   6   0   1  31   0   0   4   9   8   0   0   1  0.60 0.47
   21 A    3  0 -3 -3  1  1 -2 -1 -3 -2 -3  0 -2 -3  2  1  0 -5 -3  1   29   5   1   1   3   7   2   5   0   1   2   6   1   1  11  11   5   0   1   9  0.35 0.34
   22 N   -4 -4  3  1 -4 -1 -3 -6  3 -2 -1 -4 -2  7 -5 -3 -4  0  4 -3    2   1  12   7   0   3   1   0   7   3   5   1   1  39   1   2   1   1  12   2  1.08 0.63
   23 V    1  1  0  0 -1  2  2 -2  0 -2 -1  1 -1 -2 -3  1  0 -4 -2 -1   14   8   3   6   1   9  15   3   2   2   7   7   1   2   0  10   5   0   1   4  0.17 0.20
   24 A    0 -1 -1  4 -4  0  4 -1 -1 -5 -4 -1 -5 -5  0  1 -1 -6 -3 -3    8   4   3  23   0   3  25   5   2   0   1   4   0   0   5  10   4   0   1   2  0.54 0.43
   25 I   -4 -6 -6 -7  0 -4 -4 -5 -3  4  4 -5  2  0 -6 -5 -3 -5  3  2    1   0   0   0   2   1   1   1   1  26  37   1   4   4   0   1   1   0   8  12  0.97 0.56
   26 Y   -3 -6 -4 -7 -3 -5 -4 -7 -6  6 -1 -5  0  4 -7 -5 -1 -5  3  3    2   0   1   0   1   1   1   0   0  42   4   1   2  17   0   1   3   0   8  16  1.22 0.66
   27 N    0  0  2  2 -3  2  2 -3  2 -4 -2  1 -4 -4 -2  0  0 -6 -3 -3    9   6   9  13   0  10  16   1   5   1   4   9   0   1   1   6   7   0   1   2  0.34 0.32
   28 A    3 -1 -1  0 -3  3  0 -4  1 -4 -2 -3 -5 -1 -3  3 -1 -6 -2 -3   27   3   3   6   1  12   5   1   3   1   3   1   0   3   1  23   4   0   2   2  0.50 0.46
   29 Y   -4 -3  0 -7  4 -2 -5 -5  5 -3 -3 -5 -6  3 -8 -4 -4 -2  8 -5    1   2   4   0   8   2   1   1  12   1   3   1   0  12   0   1   1   0  48   1  1.80 0.96
   30 S    0  1  5 -2 -1  1  0 -1  0 -3 -4 -1 -2 -4 -5  2  3 -6 -4 -4    6   6  24   2   1   7   5   4   2   2   2   3   1   1   0  16  17   0   0   0  0.55 0.47
   31 Q   -1  5  0 -1 -6  3  1 -2  0 -5 -3  3 -5 -4 -4  0 -1 -6 -2 -3    6  27   4   3   0  13   7   3   2   1   2  19   0   1   1   6   3   0   1   2  0.64 0.49
   32 L   -3 -5 -5 -8 -2 -6 -6 -5 -4  0  6 -6  0 -3 -6 -5 -6 -3 -3  0    3   1   1   0   1   0   0   1   0   5  76   0   1   1   1   1   0   0   1   6  1.61 0.89
   33 A    3 -2 -2 -2  1  1 -1 -3 -4  0  2 -2 -2  3 -4  0 -2 -2  0  0   26   2   2   2   3   6   4   1   0   5  19   2   1  12   0   6   2   0   3   5  0.31 0.31
   34 D   -2 -1  0  5 -6  2  4 -4  1 -4 -4  0 -3 -3 -4 -1 -2 -6 -3 -4    3   4   4  30   0  10  27   1   3   1   2   4   1   1   1   4   2   0   1   1  0.86 0.58
   35 R   -3  5  0 -3 -2  3 -1 -4  2 -4 -3  3 -2 -3 -5 -1 -1 -5  0 -4    2  31   5   1   1  14   4   1   5   1   3  15   1   1   0   6   4   0   3   1  0.71 0.50
   36 T    1 -2  0 -4  2 -1 -2 -3  0  1  1 -2  0  0 -4  0  2 -1 -1  2   10   2   5   0   4   2   2   2   2   7  15   2   2   3   0   9  15   1   2  14  0.20 0.21
   37 A    2  2  1  2 -1  0  0 -1  1 -1 -1 -1 -1 -3 -2  1  0 -4 -3 -1   19  10   7  10   1   4   6   3   3   4   5   2   2   1   2  11   5   0   1   4  0.17 0.20
   38 S    1  0  0  0 -2  1  1 -2  1 -1  0  0 -1 -2 -2  1  1 -2  0 -1   15   5   4   4   1   7   7   3   3   4  12   7   1   2   2  10   8   0   3   3  0.08 0.13
   39 S    0 -1 -4 -3 -1  0 -1 -3  1  0  4 -1  0 -2 -4 -1 -1 -1  0 -2    8   3   1   1   1   5   4   2   3   4  46   3   2   2   1   6   3   1   3   2  0.50 0.39
   40 M    0  2  0 -1 -5  2  3 -2  1 -3 -2  2 -2 -3 -2  0  0 -3 -3 -2    9  13   3   3   0  10  20   3   3   1   5  11   1   1   2   5   5   0   1   3  0.32 0.29
   41 I    1  1  1  0 -2  1  0 -1  0  0 -1  1 -1 -2 -2  1  0 -2 -2  0   14   8   6   5   1   5   6   4   3   5   8   9   1   1   1  11   5   0   1   8  0.09 0.12
   42 A    1  2  0  0 -3  1  3 -2  0 -1 -1  0 -1 -2 -1 -1 -1 -2 -4 -2   11  11   5   4   0   7  22   2   2   4   8   6   1   2   3   4   4   0   0   3  0.22 0.23
   43 V    0  0  3 -2  0  0 -1 -2  0  0  0  1 -1 -2 -1  0  0  0 -1  0   10   6  19   2   2   3   3   2   2   6  12   7   1   1   2   8   6   1   2   7  0.15 0.18
   44 S    1  1  0  0 -3  1  1 -1 -1 -2  0  1 -1 -2 -1  1  0 -4 -3  0   13   9   4   6   0   7   9   4   2   2   9   9   1   1   2  11   6   0   0   6  0.12 0.15
   45 D    1  2  0  0 -4  2  1 -2  2 -2 -1  1 -2 -2  0  0  1 -4 -3 -1   11  10   4   6   0  12   8   3   4   2   5   8   1   2   4   7   9   0   1   3  0.17 0.19
   46 L    0 -1 -3 -3 -4  0 -1 -2 -1  0  4 -2  0 -2 -2 -1 -1 -1 -2 -1    9   3   1   1   0   4   4   3   2   6  44   3   1   1   2   6   3   1   1   4  0.42 0.34
   47 Q   -1  1  0 -1 -2  3  2 -2  0 -2 -1  1 -1 -3  0  1  1 -4 -3 -1    6   9   4   3   1  14  13   3   2   2   5   6   1   1   5   8   9   0   1   5  0.21 0.23
   48 S    1  0  0 -1 -3  0  0 -2  0  0  0  1  0 -2  0  1  1 -4 -2  0   14   5   5   3   0   5   6   2   2   6   8   8   2   1   5  11  11   0   1   5  0.10 0.14
   49 D    0  1  1  1 -4  2  3 -1 -1 -2 -1 -1 -2 -3 -1  1  0 -4 -1 -1    8   8   6   9   0  11  18   4   1   2   5   3   1   1   3   9   5   0   2   4  0.22 0.22
   50 A    1 -1  2 -1 -2  0  0  0  2  0  0  1 -1 -3  1  0  0 -1 -2  0   15   3   9   3   1   3   4   5   5   5  10   8   1   0   6   8   5   1   1   6  0.08 0.12
   51 Q    0  0  0  0 -1  2  2 -1  0 -2 -1  0 -1 -1  1  1  0 -2 -1 -2    9   6   3   4   1   9  16   4   2   2   8   6   1   2   6  11   5   1   2   2  0.14 0.17
   52 R    0  1  2  0 -4  1  1 -1 -1 -2 -1  2 -2 -3  1  1 -1 -2 -3 -2    6   9  11   6   0   6  11   5   1   2   5  13   1   1   6  10   3   1   1   2  0.19 0.19
   53 S    0  0  0  0 -1  0  1  0  0 -1  1 -1  1 -2  1  1  0 -2 -3 -1    8   4   4   5   2   3  10   6   2   2  17   3   3   2   8  12   4   1   0   4  0.08 0.13
   54 A    0  2  0 -1 -2  2  0  0 -1 -2 -1  0 -2 -2  1  1  2 -4 -1 -1    8  11   4   3   1   8   7   6   1   3   6   6   1   2   6  10  12   0   2   3  0.12 0.15
   55 L    0  0  1 -1 -3  1  0  0 -1 -1  1 -1 -1 -1  1  0  0 -1 -1  0    9   7   6   2   0   8   5   7   1   3  17   3   1   2   6   9   6   1   2   7  0.06 0.11
   56 S    0  0 -1  0 -3  1  2 -1  0 -1  0  0 -1 -2  0  2  0 -4 -1 -1    9   5   2   4   0   6  14   5   2   3   9   6   1   2   5  14   7   0   1   4  0.11 0.15
   57 T    0  1  1 -1 -3  0  0  0  2 -1 -1  0 -2 -2  0  2  1 -4 -1  0    7   7   7   3   0   5   6   7   6   4   5   5   0   2   4  15  10   0   2   7  0.11 0.14
   58 P    0  0 -1  1 -4  1  1  1  0 -2 -1  0 -3 -3  3  1  0 -4 -2 -2    9   5   3   7   0   7   9   9   2   2   5   5   0   1  13  11   7   0   1   3  0.19 0.19
   59 V    0  0  0 -1 -3  0  0  1 -1  0  0 -1  0 -2  2  1  0 -1 -1  0    8   5   4   3   0   3   6  10   1   5  10   3   2   1   9  13   6   1   2   7  0.07 0.10
   60 A    1  0 -1 -1 -1  1  0  1 -1 -1  0 -1  0 -2  1  2  0 -1 -2 -1   11   5   2   3   1   5   6  11   2   3  12   2   2   2   7  15   6   1   1   4  0.09 0.13
   61 D    0  1  1  0 -3  1  1  1  0 -1 -2  0 -1 -1  1  1  1  0 -3 -1    8   8   7   5   0   7   7  10   2   4   4   6   1   2   7   9   8   1   0   3  0.10 0.12
   62 P    0 -1  0  0 -1  0  1  1 -1 -1 -1  0  0 -3  2  1  1 -4 -2 -1    8   3   3   6   1   4  11  10   1   4   6   7   2   1   9  12   8   0   1   4  0.11 0.14
   63 R    0  2  0  0 -2  1  1  1  2 -2 -1  1 -1 -2 -1  1  0 -1 -2 -2    7  13   5   5   1   6   7  10   5   3   5   9   1   2   3  10   4   1   1   3  0.12 0.14
   64 Q    1  0  0  1 -3  0  1  1  0 -2 -1  1 -2 -1  0  1  1 -3 -1 -1   10   6   5   7   0   4   9  14   2   2   5   7   0   2   4   9   7   0   2   4  0.10 0.12
   65 Q    0  1  1  1  0  1  0  1  0 -2 -2  0 -1 -1 -1  1  1 -3 -1 -2    7   7   7   7   2   8   6  12   2   3   4   6   2   3   3  11   7   0   2   2  0.10 0.12
   66 Q    0  0  0  0 -1  1  0  1  0 -1 -1  0  0 -1  1  1  0 -3 -1 -1    9   5   4   5   1   7   5  11   2   2   6   5   2   3   8  13   7   0   2   3  0.09 0.11
   67 P    0  0 -1 -1  0 -1 -1  0  0  0  0  0  0 -2  3  0 -1  1 -3  1    6   5   3   4   2   2   4   8   2   4   8   5   3   2  17   7   4   2   0  10  0.14 0.15
   68 S    0  0  0  0  2  0  0 -1 -2  0 -1  0  1  0  0  0  0  3  1  0    5   5   5   5   5   5   5   5   0   5   5   5   5   5   5   5   5   5   5   5  0.05 0.08
   69 P    1 -1  1  1 -2  1  0  0 -2 -1 -1  0 -1 -2  2  2  0 -2 -2 -1   10   3   6   6   0   6   5   6   1   4   8   4   1   1  12  16   5   0   1   4  0.14 0.14
   70 A    2 -1 -1  0 -2  0  1  0 -1 -1 -1  0 -2 -2  0  1  1 -3 -2 -1   23   2   2   5   0   4  10   8   1   3   5   5   0   1   4  13   7   0   1   5  0.15 0.17
   71 S    1  1  0  0 -3  2  1  0  0 -2 -1  1  0 -2  0  1  0 -3  0 -1   11   8   4   3   0   9   9   6   2   2   4  10   2   2   4  12   5   0   3   4  0.11 0.12
   72 G    0 -1  0  0 -1 -1  0  1 -2  1  0 -1 -1 -1  0  1  1 -3 -1  0    9   2   4   4   1   3   5  13   0  11  10   3   1   3   3  11   7   0   1   8  0.05 0.08
   73 P    2  0  0  0 -2  2  0 -1 -2 -1 -1  0 -2 -3  2  1  1 -3 -2 -2   16   4   4   5   1  11   6   5   1   3   5   5   0   1  12  11   8   0   1   2  0.19 0.18
   74 S    2 -1  0  1 -3  0  2 -1  0 -2 -2 -1 -2 -3 -1  2  1 -4 -2 -1   15   3   3   8   0   4  15   4   2   2   4   3   0   1   2  19   7   0   1   4  0.22 0.22
   75 P   -1 -2 -1  0 -3 -1 -1 -2  0 -1  3 -1  1 -2  1  0  0  2 -1 -1    5   2   3   7   0   2   3   2   2   3  36   4   3   1   7   8   5   3   1   4  0.20 0.22
   76 Q    0  0  1  1 -2  2  4 -1  0 -3 -2  1 -3 -3  0  1 -1 -4 -2 -2    6   3   6   7   1   9  28   5   2   1   5   7   0   1   5   9   3   0   1   2  0.32 0.28
   77 D    1  0  0  3 -4  3  2 -2  0 -2 -3  1 -2 -4 -1  0  0 -3 -2 -2   13   4   4  16   0  16  12   3   2   2   2   6   1   0   3   7   5   0   1   2  0.31 0.28
   78 I    0  1 -1  0 -4  3  2 -2 -2 -2 -1  3 -1 -3 -2 -1  0 -4 -3 -1    6   7   2   4   0  16  15   3   0   2   6  21   1   1   1   2   7   0   0   4  0.33 0.30
   79 I    0  0 -2 -2  0 -2 -2 -2 -1  3  2 -2  0 -1 -3 -2  0 -2 -1  2    6   5   2   2   2   1   2   2   1  19  25   1   2   1   1   2   5   1   3  17  0.29 0.24
   80 L    1 -1  0  0 -2  1  1 -2 -1  0  0  0  0  0 -2  1  1 -3  0  0   16   3   3   5   1   7  11   1   1   5  12   3   2   4   1   9   8   0   3   5  0.08 0.13
   81 A    0  2  0  0 -3  3  2 -2 -1 -4 -2  2 -3 -4 -3  1  1 -4 -4 -2    9  13   3   4   0  13  12   3   1   0   3  14   0   1   1  10   8   0   0   3  0.32 0.30
   82 I   -1 -2 -4 -5 -3  1 -3 -4  0  0  5 -3  1 -1 -4 -3 -1  0 -2 -1    5   2   1   0   0   7   1   1   3   3  60   1   3   2   1   1   4   1   1   3  0.79 0.53
   83 R   -2  4 -1 -3 -3  5  1 -4  0 -4 -3  3 -3 -5 -4 -1 -2 -5 -1 -4    2  26   2   1   1  29   9   1   2   1   2  15   0   0   0   4   2   0   2   1  0.87 0.58
   84 A    1 -1 -1  2 -2  2  4 -2  0 -2  0  1  0 -3 -3  0  0 -5 -4 -2   11   2   2  11   1   8  28   2   2   2   9   6   2   1   1   6   5   0   0   2  0.34 0.31
   85 D   -3 -1 -2  3 -6  2  6 -4 -1 -4 -5 -1 -5 -5 -5 -2 -2 -6 -4 -5    2   2   1  14   0   8  59   1   1   1   1   3   0   0   0   2   2   0   0   1  1.32 0.77
   86 L   -3  0 -1 -4 -5 -3 -3 -5 -2  0  5 -3 -1 -2 -5 -3 -3 -5 -2  0    1   5   4   1   0   1   2   1   1   5  66   1   1   1   0   1   1   0   1   6  1.02 0.61
   87 A    3 -1 -1 -1 -3  1 -1 -1 -1 -3 -1 -1 -2 -4 -3  1  3 -5 -3 -1   27   2   2   4   0   7   3   3   1   1   6   4   1   0   1  11  22   0   1   4  0.38 0.36
   88 E    0 -1  1  2 -5  2  5 -2 -1 -4 -3  0 -2 -5 -3  0  1 -5 -3 -4    7   3   6   9   0   8  39   2   1   0   2   5   1   0   1   5   8   0   1   1  0.64 0.47
   89 A    2 -2 -2 -4  2 -2 -3 -4 -4 -1  3 -1  2 -1 -4  0 -1 -4 -3  0   19   1   2   0   5   1   1   1   0   3  37   5   4   2   0   9   4   0   1   6  0.42 0.36
   90 Q   -3  0 -2 -3 -3  3  0 -4  5 -2  1 -1 -2 -1 -5 -3 -2 -2  6 -4    1   5   2   1   0  14   6   1  15   2  12   3   1   1   0   1   3   0  29   0  0.83 0.55
   91 R   -1  5 -3 -2 -4  0 -1 -3  0 -5 -3  5 -2 -5 -5 -1 -1 -6 -3 -4    4  34   1   2   0   3   3   1   2   0   3  36   1   0   0   4   3   0   1   1  1.04 0.63
   92 S    1  2 -1  0 -2  1  2 -3 -3 -2 -1  1 -1 -3 -3  1  2 -4 -3 -1   14  11   3   4   0   5  13   1   0   2   6  10   1   1   0  11  13   0   0   3  0.24 0.26
   93 R   -3  4  2 -3  0  4 -2 -4  0 -1 -2  4 -2 -3 -4 -2 -2 -2 -2 -2    2  20  10   0   2  18   2   1   2   4   4  25   1   1   0   2   2   1   1   3  0.64 0.48
   94 S    2 -2 -1  0 -3 -1  0  4 -2 -4 -4 -2 -2 -5 -4  3  0 -5 -4 -3   19   2   3   4   0   2   6  29   1   1   1   2   1   0   0  21   6   0   1   2  0.55 0.43
   95 E    0  1 -2  1 -5  3  4 -3 -1 -2 -2  0 -3 -4 -4  0 -1 -5 -4 -2    8   8   2   7   0  14  31   2   1   3   3   6   0   1   0   7   4   0   0   3  0.50 0.41
   96 L   -1 -4  4 -3 -5 -2 -4 -4  1 -2  4 -2  0 -2 -5 -2 -1 -5 -1 -1    4   1  24   1   0   2   1   1   3   2  45   2   2   1   0   2   3   0   2   4  0.75 0.54
   97 E    4 -2 -1  1 -3  3  2 -4 -4 -2 -3  0 -2 -5 -4  1  0 -6 -4 -3   32   2   3   7   0  12  14   0   0   3   3   5   1   0   0  11   7   0   0   1  0.49 0.44
   98 E    0 -1  0  0 -3  6  2 -3 -2 -4 -4  0 -4 -6 -5  1  1 -6 -1 -4    8   2   4   4   1  38  15   2   1   1   2   4   0   0   0   9   7   0   2   1  0.79 0.60
   99 Q   -2  4 -1 -1 -4  5  1 -4 -3 -4 -3  2  0 -6 -5  0  0 -6 -4 -4    3  22   2   4   0  30   8   1   0   1   2  11   3   0   0   7   5   0   1   1  0.81 0.59
  100 L   -2 -3 -2 -6 -2 -1 -4 -6 -6  3  5 -5  1 -2 -6 -4 -4 -4 -2  2    3   1   2   0   1   4   1   0   0  14  53   0   3   1   0   1   0   0   1  15  0.95 0.58
  101 A    0  0  1 -2 -3  0 -1 -3 -2  3  2  0  0 -2 -3  0  0 -4 -2  2    6   5   6   1   0   4   3   1   1  17  20   6   1   1   0   9   5   0   1  13  0.21 0.23
  102 R    1 -1  0  3 -5  1  3 -3 -1 -2 -2  0 -3 -5 -3  1  0 -3 -4 -1   12   3   3  20   0   6  20   1   1   2   3   6   0   0   0  10   6   0   0   5  0.39 0.35
  103 V    2 -3 -5 -4 -1 -2  0 -4 -1 -2  4 -1  3 -3 -5 -2  0 -5 -4 -1   15   1   0   1   1   2   6   1   1   1  48   3   7   1   0   3   6   0   0   4  0.66 0.50
  104 T   -2  0  5 -1 -5  1  0 -3 -1 -3 -3  1 -2 -3 -3  1  3 -5 -3 -1    3   5  27   2   0   5   7   1   1   1   2   9   1   1   1  11  16   0   1   6  0.49 0.42
  105 T    1  1  2  2 -4  0  2 -2  0 -2 -2  1 -1 -3 -3  1  1 -5 -2 -2   13   7  11  13   0   4  15   2   2   2   3   8   1   1   1   8   8   0   1   2  0.27 0.26
  106 E    0  1 -1  1 -3  3  4 -4 -2 -3 -2  3 -4 -5 -3  0  1 -5 -4 -1    7   7   2   6   0  13  25   0   1   1   4  15   0   0   1   6   7   0   0   4  0.48 0.41
  107 L   -2 -1 -1 -5 -2 -4 -4 -4  0  2  5 -3  2 -2 -4 -1 -3 -5 -2  2    4   3   4   0   1   1   1   1   3   9  50   1   4   1   1   5   1   0   1  11  0.68 0.47
  108 E    0  3  0  0 -3  4  2 -2  0 -4 -4  1 -2 -5 -3  0  0 -5 -2 -3   10  16   4   5   1  20  13   3   2   1   1   9   1   0   1   5   6   0   2   1  0.44 0.38
  109 K    1  1  0  1 -3  2  3 -3 -2 -2 -1  1 -2 -4 -4  0  1 -5 -3 -1   10   7   3   9   0   7  22   1   0   2   7   8   1   0   0   8   9   0   0   3  0.29 0.29
  110 L   -1  1 -3 -3 -1  0 -3 -4 -1 -1  3  3  1 -3 -4  0 -1 -5 -2 -1    4   6   1   1   1   3   0   1   1   2  36  22   3   1   1   7   3   0   1   5  0.47 0.40
  111 R   -3  2 -1  3 -3  2  4 -5 -2 -3 -4  2 -2 -4 -4 -2 -2 -6 -2 -4    1  12   2  19   1   8  28   0   1   2   2  14   1   1   1   3   3   0   1   1  0.70 0.51
  112 R    2  1 -1  1 -3  1  2 -2 -1 -2 -3  3 -2 -4 -3  0  1 -5 -4 -2   16   6   3   7   0   5  16   3   1   2   2  20   1   0   0   7   7   0   0   2  0.33 0.31
  113 R   -1  1 -1  0 -5  2  3 -3 -2 -1  0  1 -1 -4 -4  0  0 -5 -4 -1    5   8   3   5   0  11  23   1   1   3   9  10   1   0   0   8   7   0   0   4  0.32 0.32
  114 N    0 -1  1 -2 -1  0 -1 -3  1  2  3 -2  0 -2 -4 -1  0 -2 -2  1    8   3   8   2   1   4   3   1   3  14  29   2   2   1   0   5   4   1   1   7  0.23 0.24
  115 I    1  2  0 -1 -3  3  1 -1  0 -3 -2  2  0 -4 -3  1  0 -3 -3 -2   10  10   5   3   0  14  11   3   2   1   4  13   2   0   1  12   5   0   1   3  0.28 0.28
  116 Q    1  0  0 -1 -2  2  3 -1  0 -2 -1  0 -1 -3 -3  1  1 -4 -1 -2   13   4   3   3   1  10  21   4   3   2   5   6   1   1   0  10   7   0   3   2  0.24 0.26
  117 N   -1  0  2  1  0  3  0 -3 -1 -1  1  2 -1 -3 -4 -1  0  0 -2 -1    4   3   9   8   3  13   4   2   1   2  17  17   2   1   0   5   4   1   1   4  0.20 0.24
  118 G    0  1  1  1 -4  2  3 -2  0 -3 -2  1 -3 -3 -4  1  1 -5 -3 -2    7   7   5   6   0  11  21   3   2   1   4  10   0   1   0  10   8   0   1   3  0.31 0.30
  119 K    1  1  0  1 -4  2  2 -2 -2 -1 -2  2 -1 -3 -3  1  0 -5 -4 -2   12   9   4   6   0   9  15   3   1   4   4  13   1   1   0  10   5   0   0   2  0.24 0.25
  120 R   -1  3 -1 -1 -3  3  3 -3 -1 -3 -1  2 -1 -5 -3  1  0 -5 -3 -2    5  17   2   2   1  12  20   2   1   1   7  10   2   0   1   9   5   0   0   2  0.37 0.34
  121 I   -3 -1 -1 -4 -3 -2 -4 -6 -1  4  4 -2  2 -1 -5 -3 -2 -5 -3  2    1   3   3   1   0   2   1   0   2  28  35   3   5   2   0   1   2   0   1  11  0.73 0.47
  122 S    1  2  0  1 -4  2  1 -2 -1 -2 -2  1 -2 -4 -1  2  0 -5 -3 -2   12  13   5   9   0   9  10   2   2   2   4   7   1   0   2  14   5   0   1   2  0.24 0.25
  123 S    0  1  0  2 -1  2  3 -3  0 -3 -3  2 -2 -4 -4  1  0 -5 -4 -2    7   9   3  11   1  10  23   1   2   2   2  10   1   0   0  10   6   0   0   2  0.41 0.36
  124 M    0 -3 -2 -4  0 -1 -4 -5 -2 -2  5 -2  2 -1 -4 -1 -1 -2  2 -1    9   1   2   1   2   3   1   0   1   1  50   3   4   2   0   6   3   0   7   4  0.64 0.48
  125 E   -1  2  1 -1 -5  3  3 -3  0 -4 -2  2 -2 -4 -4  0  1 -5 -4 -2    5  11   5   2   0  14  23   1   2   1   5  10   1   1   0   5  10   0   0   2  0.44 0.39
  126 S    1  1  1  1 -4  2  2 -2 -1 -2 -2  1 -2 -4 -3  1  1 -5 -3 -2   15   8   6   9   0   8  13   3   1   3   3  10   1   0   0   9   7   0   1   3  0.24 0.25
  127 E    0  1  0  1 -2  3  5 -3 -1 -3 -2  0 -2 -5 -4 -1  0 -6 -5 -2    6   7   3   7   1  11  37   2   1   1   4   5   1   0   1   4   5   0   0   3  0.58 0.46
  128 I   -1  1  1 -4  1 -2 -3 -4  0  3  2  0  0 -3 -4 -2 -2 -2 -1  2    5   9   8   0   3   2   1   1   2  17  24   6   1   0   0   2   2   1   2  13  0.32 0.29
  129 T    1  1  1  1 -2  1  1 -2 -1 -2 -1  1 -1 -3 -3  1  1 -4 -2 -1   14   8   6   8   0   6  11   2   1   2   6   9   1   1   0   9  10   0   1   4  0.17 0.20
  130 H    1  1  0  1 -2  2  1 -1  0 -3 -2  2 -1 -2 -3  1  1 -4 -3 -2   11   9   4   6   1   9  10   4   2   1   4  12   2   2   0  13   8   0   0   3  0.19 0.21
  131 L   -1 -1 -2 -4 -2 -3 -4 -4 -1 -1  5 -2  1  0 -5 -1 -1  0 -2 -1    6   3   2   1   1   1   1   1   2   2  58   3   3   3   0   4   3   1   1   3  0.76 0.52
  132 Q    0  3 -1  0 -1  3  3 -3 -2 -4 -3  3 -2 -5 -3  0  1 -5 -2 -2    7  16   3   4   1  13  17   2   1   1   3  15   1   0   1   6   8   0   1   2  0.42 0.36
  133 L    1  3  0  1 -4  1  2 -1 -1 -2 -2  1 -2 -4 -4 -1  0 -5 -3 -2   11  18   5   9   0   6  14   5   1   2   4  10   0   1   0   4   7   0   1   3  0.28 0.26
  134 R   -1  3 -1 -1 -5  1  4 -2 -2 -5 -2  3 -1 -4 -4 -1 -1 -5 -3 -4    5  18   3   3   0   6  25   3   1   0   4  21   1   1   0   3   3   0   1   1  0.60 0.45
  135 L    0 -2  1 -2  4 -3 -2 -2 -1  3  2 -2 -1 -1 -4 -2 -2 -2 -1  2    7   3   7   2  10   1   3   2   2  17  22   1   1   2   0   3   2   0   2  13  0.31 0.27
  136 K    0  3  0  0 -2  2  2 -2  0 -3 -3  3 -2 -3 -3  0  0 -3 -3 -2    9  15   5   5   1   8  12   3   2   2   3  17   1   1   1   8   5   0   1   2  0.28 0.26
  137 D   -1  0  1  4 -2  2  2 -2  0 -3 -2  0  0 -3 -3  0  0  0 -2 -2    6   6   6  21   1  10  14   2   2   1   4   6   3   1   0   7   5   1   1   2  0.32 0.29
  138 R    0  1 -2 -3 -1  0 -3 -5  2 -1  4 -1  0 -1 -5 -2 -1  2  1 -1    7   8   1   2   1   4   1   0   4   1  46   4   1   1   0   2   3   3   6   2  0.49 0.40
  139 D   -1  1  1  1 -2  3  3 -3 -1 -3 -2  2 -1 -2 -3 -1  0 -5 -4 -1    5   8   7   6   1  12  24   1   1   1   4  12   1   1   1   4   6   0   0   4  0.36 0.32
  140 E    1 -2  1  1 -1  1  4 -1  1 -3 -2 -1 -2 -3 -4  1 -1 -5 -2 -2   10   2   7   6   1   7  30   4   3   1   4   3   1   1   0  11   3   0   1   3  0.37 0.34
  141 E    0  1  0  0 -2  2  4 -2 -1 -1 -1  1 -2 -3 -4  0  0 -2 -3 -1    6   8   5   4   1   9  29   2   1   3   6   6   1   1   0   6   7   1   1   4  0.32 0.31
  142 L   -1 -2  0 -3 -1 -2 -2 -3 -1  2  3 -2  2 -1 -4 -1 -2  1 -1  1    4   2   4   1   1   2   2   1   1  13  37   2   5   2   0   4   2   2   2  11  0.37 0.30
  143 R    1  3 -1  0 -2  2  2 -2  0 -2 -2  2 -3 -4 -3  0 -1 -1 -2 -1   11  15   2   6   1  10  13   2   2   2   3  16   0   0   0   6   3   1   1   4  0.28 0.27
  144 E    0 -1 -1  1 -1  0  5  0  1 -2 -2 -1  0 -4 -4 -1  0 -5 -2 -1    8   3   3   7   1   3  39   6   4   2   4   3   3   0   0   3   5   0   1   5  0.46 0.39
  145 K   -1  1  0 -3 -1  0 -1 -3  0 -2  2  4  0 -1 -4 -1 -1 -4 -1 -2    3   8   4   0   1   3   4   1   2   2  22  32   3   2   0   4   3   0   2   3  0.38 0.35
  146 A   -1  2  2  2 -4  1  3 -2 -1 -3 -3  1  0 -1 -3  0  1 -4 -3 -3    4  10  11  10   0   6  21   2   1   1   2  10   2   3   0   5   8   0   0   1  0.35 0.30
  147 K    0  3  0  0 -2  1  1 -1  1 -2 -3  3 -1 -1 -3  0 -1 -4 -1 -1   10  15   5   5   1   7   8   4   3   2   2  22   2   2   0   5   2   0   2   3  0.26 0.25
  148 L    2 -1  0  1 -1  1  0 -1 -1 -1  0 -1  0 -2 -3  0  2 -4 -3 -1   21   3   5   7   1   7   7   3   1   2  11   3   3   2   0   7  13   0   0   3  0.14 0.19
  149 L    0 -1  3 -2 -1 -1 -2 -4  1  3  1 -2  1 -1 -4 -1 -1 -4 -1  1    6   4  20   1   1   2   1   0   4  18  17   2   4   2   0   3   2   0   2   9  0.29 0.28
  150 E    0  0  1  0 -2  1  0  0  2  0  0  0  1 -2 -2  0  0 -2  1  0    6   6   6   6   0   6   6   6   6   6   6   6   6   0   0   6   6   0   6   6  0.05 0.09
  151 G   -1  0  0  0  2  0  0 -1  2  0 -1  0  1  0 -3  0  0  3  1  0    5   5   5   5   5   5   5   5   5   5   5   5   5   5   0   5   5   5   5   5  0.06 0.10
  152 F    0 -1 -1 -4  1  0 -1 -2  0  1  3 -1  1  0 -4 -1 -1  2 -3  1    7   3   3   0   3   5   3   3   3   6  30   3   3   4   0   4   4   3   0  11  0.21 0.21
  153 Q   -2  1  3 -2 -4  4  0 -3  2 -1 -2  2  0 -3 -4  0  0 -4 -1 -2    3   7  13   1   0  21   5   2   4   5   4  15   2   1   0   7   6   0   2   3  0.37 0.32
  154 D   -1  0 -1  7 -6 -1  1 -2 -4 -5 -6  0 -2 -6 -3  0 -2 -6 -5 -4    5   4   3  58   0   2   8   3   0   0   0   5   1   0   1   5   3   0   0   2  1.22 0.65
  155 E   -1 -2 -3  0 -6 -1  7 -4 -4 -6 -6 -2 -2 -6 -5 -2 -3 -6 -6 -4    4   2   1   4   0   2  76   1   0   0   0   1   1   0   0   2   2   0   0   1  1.79 0.91
  156 I   -1 -1  1 -4  0  0 -3 -4  4  2  2 -2  4 -1 -4 -2 -2  0  2  0    4   3   8   0   2   4   0   0   9  13  23   2  10   2   0   2   2   1   8   4  0.35 0.31
  157 A    1 -1  0  1 -1  2  0 -2  0  0  1  0  0 -1 -3 -1  0 -3 -1  0   11   2   3   8   1  10   7   3   2   5  18   4   2   2   0   4   6   0   1   8  0.07 0.12
  158 T    4 -1 -1 -1 -3  0  0 -1 -4 -2 -2 -2  0 -4 -3  2  2  0 -4 -1   32   3   2   2   0   3   7   3   0   2   3   2   2   0   0  17  15   2   0   5  0.42 0.38
  159 F   -2 -1 -1 -4 -1  0 -3 -3  0 -1  5 -2  1  0 -2 -1 -1 -4 -2 -1    4   4   3   0   2   4   1   2   3   2  52   2   4   3   2   4   4   0   1   3  0.54 0.40
  160 E   -2  1  2 -1 -5  5  1 -3  2 -4 -2  2  0 -2 -1 -1  1  0 -2 -2    2   7  10   3   0  28   6   2   4   0   5  10   2   1   2   4   8   1   1   2  0.44 0.38
  161 L    1 -2 -2 -2 -3 -1 -1 -3 -1  3  3 -1  2 -3 -4 -1 -1 -4 -3  0   14   2   1   2   0   3   4   2   1  18  31   3   5   0   0   5   4   0   0   3  0.32 0.28
  162 Q    0  0 -2 -1 -5  5  4 -3  0 -2 -2 -1 -1 -5 -4 -1  2 -5 -4 -4    8   4   1   3   0  25  29   2   2   2   3   1   2   0   0   5  11   0   0   0  0.67 0.50
  163 L   -1  0  0 -1  1  0 -1 -4  1  0  2 -1  1  2 -3 -1 -1 -2  3  1    4   5   4   3   3   5   3   0   3   5  21   4   4   9   0   3   4   0  10   8  0.14 0.17
  164 N    0  1  3  0  1  1  1  0  1 -1 -2  0  0 -1 -3  1  0 -3  0 -1    5   7  18   5   3   5   7   5   3   3   4   6   3   3   0   9   7   0   3   4  0.13 0.16
  165 M    1  0 -1 -1  0  2  1 -1  1  0  0  0  1 -3 -3  1  0 -3 -2  1   11   3   2   2   2  11  11   4   3   4   8   7   5   0   0  10   5   0   1  10  0.11 0.17
  166 A    1 -1 -1 -2  0  0 -2 -2  0  1  2 -1  2 -1 -3 -1  0 -3 -1  1   14   3   2   2   2   4   2   2   2   7  27   3   7   2   0   3   5   0   2   9  0.16 0.19
  167 E   -1  0  0  1 -3  1  3 -1  1 -1  0  1 -2 -1 -3  0  1 -3  0 -1    5   5   4   6   0   5  22   4   3   4   8   7   0   3   0   4  11   0   3   4  0.16 0.19
  168 E    0  0  0  2 -3  2  2 -1  1 -1 -1  1  0 -1 -1  0  0 -3  0 -1    7   6   4  13   0   9  12   4   3   3   5  10   3   3   3   4   4   0   3   5  0.11 0.13
  169 R   -1  4 -1 -1 -5  2  2 -3  0 -5 -5  4 -4 -5 -2 -1 -1 -5 -2 -4    4  22   3   4   0   8  13   2   2   0   0  31   0   0   2   4   3   0   2   0  0.68 0.44
  170 S    0  0  1 -2  1  0 -1 -1  1  0  1  0  1  1 -3  0  0 -2  1  0    7   4   7   0   4   4   3   3   4   5  19   7   4   6   0   6   4   0   6   8  0.04 0.10
  171 N    0  2  0  1 -3  1  1 -1  1 -1 -1  1  0 -3 -3  0  0  2  0 -1    7  13   5   8   0   6  10   4   3   4   5  12   3   0   0   7   4   3   3   4  0.13 0.15
  172 R    0  3  1  0 -4  1  1 -2  0 -2 -2  3  0 -4 -3  0 -1  1 -3 -2    8  17   6   6   0   6   9   3   3   2   2  23   2   0   0   4   4   2   0   3  0.32 0.29
  173 L    1 -3 -2 -5 -1 -2 -3 -5 -1  0  4 -2  1 -1 -5 -2  1  0 -1  0   12   1   2   0   1   1   1   0   1   2  52   2   3   1   0   2   8   1   2   6  0.57 0.44
  174 Q   -1  1 -1  0 -1  4  3 -3  0 -3 -3  3 -1 -5 -4 -1  0  0 -4 -3    5   8   2   4   2  20  23   1   2   1   2  16   2   0   0   3   7   2   0   2  0.48 0.40
  175 K    1  2  0  0 -4  1  2 -2  0 -2 -2  2  0 -2 -3  0  0 -4 -3 -1   14  11   5   5   0   6  17   2   2   2   3  14   3   2   0   4   6   0   0   3  0.24 0.24
  176 E   -3 -2 -2  3 -7  1  7 -3 -4 -4 -4 -2 -5 -7 -5 -3 -2 -6 -6 -6    1   1   1  17   0   4  65   1   0   1   1   2   0   0   0   1   2   0   0   0  1.48 0.79
  177 N   -4  1  7 -3 -2 -2 -3 -2  1 -3 -4 -1 -5 -3 -5 -2 -3 -6  1 -3    1   7  65   0   1   1   1   3   3   2   1   4   0   1   0   1   1   0   5   1  1.47 0.78
  178 Q    1  2  1  1 -2  2  2 -1 -1 -1 -3  2 -2 -2 -3  0 -1 -4 -3 -2   17  10   7   8   1  10  13   3   1   3   2  14   1   2   0   6   2   0   0   1  0.25 0.24
  179 E    0  1  0  1 -2  3  4 -2 -1 -3 -3  1  0 -3 -3  0 -1 -5 -4 -2    7   6   4   8   1  16  29   2   1   1   2   7   3   1   0   6   3   0   0   4  0.43 0.34
  180 L   -4 -5 -6 -6 -4 -5 -6 -6 -5  1  6 -5  1 -1 -6 -5 -4  0 -1 -1    0   0   0   0   0   0   0   0   0   6  81   0   3   2   0   0   0   1   2   2  1.53 0.70
  181 I   -3 -2 -4 -5 -2 -3 -2 -3 -5  3  3 -2  0 -3 -5 -3 -2 -5 -4  4    1   2   1   0   1   1   3   2   0  18  28   2   1   0   0   1   2   0   0  38  0.74 0.42
  182 D   -1  1  1  3 -3  4  3 -3 -1 -4 -4  1 -1 -5 -3 -1  0 -5 -4 -3    5   6   7  14   1  19  22   1   1   0   1   8   2   0   0   4   6   0   0   1  0.53 0.36
  183 R   -4  8 -3 -2 -1  1  0 -6 -4 -6 -4  0 -5 -6 -5 -4 -4 -6 -5 -5    1  74   1   2   1   5   7   0   0   0   2   5   0   0   0   0   1   0   0   1  1.81 0.81
  184 W   -5 -4 -6 -6 -2 -2 -4 -6 -5  1  3 -6  1  0 -6 -4 -3 10  0 -1    0   1   0   0   1   2   1   0   0   6  24   0   3   3   0   1   2  46   3   5  1.86 0.74
  185 M   -2 -2 -4 -6 -4 -4 -5 -5 -2  2  3  1  7 -3 -5 -4 -2 -5 -4  1    3   2   1   0   0   0   0   1   1  10  28   8  37   0   0   0   2   0   0   8  1.05 0.56
  186 A    1  2  0  2 -4  2  3 -2  0 -3 -2  2 -2 -4 -3  0 -2 -5 -2 -2   13  11   3  14   0   8  22   1   2   1   4  11   1   0   0   4   2   0   2   2  0.37 0.28
  187 R   -1  2 -3 -1 -4  1  1 -3 -1 -1  1  2  1  0 -4 -2 -2 -3  3 -1    6  13   0   2   0   6  12   1   1   4  16  17   5   3   0   1   1   0  11   2  0.26 0.25
  188 M   -1 -1 -1 -4 -6 -1 -2 -5 -4 -3 -3  6  5 -2 -5 -2 -3 -6 -5  0    5   2   2   0   0   2   1   0   0   1   2  60  14   2   0   2   1   0   0   6  1.17 0.64
  189 G    1  0  3 -1 -4  3  2  0 -1 -3 -2  1  2 -4 -3  1 -1 -5 -4 -2   15   5  14   1   0  13  16   8   1   1   2   6   6   0   0   8   2   0   0   2  0.32 0.28
  190 K   -1  2 -1  0 -5  4  3 -2  0 -4 -1  3 -2 -4 -3 -1 -1 -5 -4 -2    6  10   1   6   0  20  18   3   3   0   6  19   0   1   0   3   3   0   0   2  0.46 0.33
  191 E   -1 -1 -2  4 -6  2  5 -5 -1 -4 -3 -2 -1 -3 -4 -2 -1 -6 -2 -3    5   2   1  20   0   9  48   0   1   1   2   1   2   1   0   1   3   0   1   1  0.94 0.54
  192 A    6 -5 -5 -5  0 -4 -3 -2 -5  1 -3 -4 -2 -5 -4 -2 -2 -2 -5  2   71   0   0   0   2   0   1   2   0   8   1   0   1   0   0   1   1   1   0  13  1.23 0.65
  193 D   -1 -2  2  4 -6  0  5 -2 -3 -6 -4 -2 -5 -6 -4 -2 -2 -6 -5 -4    6   2   9  26   0   4  44   3   0   0   1   1   0   0   0   1   2   0   0   1  1.02 0.53
  194 A    0  5 -1 -1 -5  0  0 -3  0 -2 -1  4 -1 -1 -4 -2 -2 -2 -2 -1    9  30   3   2   0   2   6   0   2   2   6  25   2   3   0   1   1   0   1   3  0.51 0.34
  195 M   -3 -2 -6 -6 -5 -2 -5 -6 -2  0  4 -5  8 -1 -6 -5 -3 -1 -2  1    1   2   0   0   0   2   0   0   1   3  33   0  45   2   0   0   1   1   1   7  1.38 0.64
  196 N   -5 -4  9 -1 -6 -4 -4 -4 -3 -5 -7 -4 -1 -7 -6 -2 -4 -7 -6 -6    0   0  92   2   0   0   0   0   0   1   0   0   2   0   0   1   0   0   0   0  2.68 0.98
  197 D    0  0 -1  2 -5  2  5 -4  1 -3 -2  1 -1 -4 -4 -2 -2 -5 -3 -3    8   5   2  10   0   8  43   0   4   1   4   8   2   1   0   1   2   0   1   1  0.66 0.39
  198 A    3 -1 -1 -1 -2  1  3 -1  0 -1 -1 -1  1 -2 -3 -1 -1 -4 -1 -1   30   2   3   2   1   6  23   3   3   3   5   2   4   1   0   2   4   0   2   5  0.28 0.25
  199 Y   -4 -3  8 -3 -6 -4 -3 -3 -2 -6 -3 -4 -2 -1 -5  1  0 -7 -4 -4    1   1  74   0   0   0   0   1   0   0   3   0   1   3   0   9   6   0   0   1  1.78 0.73
  200 Q    1  0 -2  2 -5  1  5 -1 -3 -4 -4  2 -2 -5 -4 -2 -2 -5 -5 -4   10   4   1  12   0   4  49   4   0   1   1  11   1   0   0   0   1   0   0   1  0.84 0.45
  201 F   -4 -5 -5 -6 -5 -3 -5 -5 -3 -3  0 -3 -2  7 -6 -5 -4  8  3 -3    0   0   0   0   0   1   0   0   0   0   6   2   0  58   0   0   0  24  10   0  1.77 0.44
  202 S    1 -2  2 -1 -2 -1 -1 -1 -2 -3 -3 -1 -2 -3 -2  5  1 -4 -3 -2   10   0  13   0   0   0   0   0   0   0   0   0   0   0   0  73   4   0   0   0  0.65 0.15

                      K         Lambda
Standard Ungapped    0.1242     0.3122
Standard Gapped      0.0410     0.2670
PSI Ungapped         0.1358     0.3178
PSI Gapped           0.0416     0.2670
