
Last position-specific scoring matrix computed, weighted observed percentages rounded down, information per position, and relative weight of gapless real matches to pseudocounts
           A  R  N  D  C  Q  E  G  H  I  L  K  M  F  P  S  T  W  Y  V   A   R   N   D   C   Q   E   G   H   I   L   K   M   F   P   S   T   W   Y   V
    1 M   -2 -3 -4 -5 -3 -2 -4 -4 -3  0  2 -3  9 -1 -4 -3 -2 -3 -2  0    0   0   0   0   0   0   0   0   0   0  15   0  82   0   0   0   0   0   0   4  1.28 0.33
    2 V    1 -4 -3 -2 -3 -3 -3 -4 -4 -1 -1 -2  5 -3  3 -1  1 -5 -4  4   12   0   1   2   0   0   0   0   0   0   4   2  19   0  16   3   9   0   0  32  0.59 0.36
    3 I    0  0 -2 -1 -3  0  1 -2 -1  1  0  0  1 -1 -3  0  2 -3  1  1    6   4   1   2   0   3   9   1   2   8   8   4   5   2   0   7  18   0   7  12  0.11 0.14
    4 I   -3 -5 -6 -6 -2 -5 -6 -6 -6  5  3 -5  3 -2 -5 -5 -2 -5 -3  3    1   0   0   0   1   0   0   0   0  41  27   0   8   1   0   0   1   0   1  20  1.07 0.47
    5 N   -3  0  3 -3 -4 -1 -3 -4  2  0  4 -1  0 -1 -3 -2 -1 -4  1 -1    1   4  17   0   0   2   0   1   5   5  43   4   1   2   1   3   4   0   4   3  0.43 0.31
    6 N   -1 -3  1  0  4 -2 -3 -2  4 -4 -3 -2 -3  3 -4  2 -1 -1  3 -3    4   1   7   6  10   2   0   3  10   0   0   1   0  16   0  21   4   1  13   1  0.52 0.35
    7 L    1 -4 -5 -5  0 -4 -5 -3 -5  3  2 -4  2 -1 -5 -3 -3 -4 -2  4   13   0   0   0   2   0   0   1   0  18  24   0   5   2   0   1   0   0   1  33  0.67 0.37
    8 T    1  1  3 -1  0 -1 -1  0 -1 -4 -4 -1 -4 -3 -4  4  1 -5 -4 -3   10   8  15   3   2   1   2   8   1   0   1   3   0   1   0  36   9   0   0   0  0.52 0.37
    9 F   -6 -7 -7 -7 -3 -7 -7 -7 -1 -2 -1 -7 -2  9 -8 -6 -6  3  1 -2    0   0   0   0   1   0   0   0   1   2   5   0   1  83   0   0   0   3   3   2  2.46 0.88
   10 N   -4 -5  8 -1 -2 -4 -3 -4 -4 -7 -7 -4 -6 -7 -6 -1 -2 -8 -6 -7    1   0  87   3   1   0   1   1   0   0   0   0   0   0   0   5   2   0   0   0  2.46 0.96
   11 Q   -2 -2 -2 -2 -4  8 -1 -4 -1 -6 -5 -2 -3 -4  0 -1 -2 -6 -5 -6    4   1   2   2   0  73   1   1   1   0   1   1   0   1   5   4   2   0   0   0  1.77 0.85
   12 D   -3 -4  1  7 -7 -1  0 -3 -5 -6 -5 -3 -6 -7 -5 -2  0 -7 -6 -4    1   1   5  75   0   2   4   1   0   0   1   1   0   0   0   2   6   0   0   1  1.79 0.76
   13 Y    1 -1  1 -2  3  1 -2  1  3 -3 -3 -1 -2  2 -4  1 -1 -1  3 -2   12   4   8   2   9   7   1  11   7   1   1   3   1   8   0   9   2   1  12   2  0.25 0.23
   14 S   -1 -2 -1  0 -2 -1 -1  1 -2 -4 -5 -1 -4 -3 -4  4  4 -5 -4 -4    3   2   2   6   1   2   3  12   1   0   0   3   0   1   0  32  33   0   0   0  0.71 0.47
   15 C   -2  0 -3 -5  9 -4 -5 -2  0 -2 -1 -5  0 -2 -5  3 -2 -3 -1 -3    1   5   1   0  51   0   0   3   2   2   5   0   2   2   0  20   1   0   2   1  1.54 0.68
   16 V   -4 -3 -6 -6 -1 -5 -6 -5 -5  2  3 -5  0  6 -6 -5 -4 -1 -1  1    0   1   0   0   1   0   0   1   0  12  32   0   2  38   0   0   0   1   1  11  1.10 0.52
   17 S    4 -4 -2 -4  3 -3 -4 -2 -4  0 -2 -4 -1 -3 -3  2  1 -5 -3  1   45   0   1   0   7   1   0   2   0   5   3   0   2   1   1  17   7   0   1   8  0.66 0.45
   18 V    0 -5 -4 -6  5 -5 -5 -4 -5  3  0 -5  0 -1 -5 -3 -1 -5 -2  5    9   0   1   0  13   0   0   1   0  14   8   0   2   3   0   1   3   0   1  45  0.86 0.47
   19 S    3 -5 -4 -3  2 -3 -4  6 -5 -4 -5 -4 -3 -6 -5  1 -2 -6 -6 -2   21   0   0   1   4   1   1  57   0   1   1   0   1   0   0   8   2   0   0   2  1.21 0.60
   20 T   -2 -2 -2 -2 -1 -4 -3 -3  2 -3  0 -2  1 -2 -3  1  6 -2  0 -3    2   2   1   2   1   0   1   1   5   1   9   2   3   1   1   8  54   1   4   1  0.84 0.55
   21 T    0  1  1  2 -3  0  2 -2 -1 -3 -3  2 -1 -3  0  1  1 -4 -2 -2    6   8   7  13   0   3  15   2   1   1   2  12   2   1   4  11   8   0   1   2  0.24 0.20
   22 K    0  1  3  2 -1  1  1 -1  1 -3 -3  1 -2 -4 -3  1  1 -4 -2 -2    7   9  13  11   1   6   7   3   4   1   1  11   1   0   0  11  10   0   1   2  0.26 0.22
   23 Y   -2 -5 -2 -2 -2 -3 -3  7 -2 -4 -6 -4 -5 -3 -5 -1 -2 -5 -3 -6    1   0   1   2   1   1   2  81   1   1   0   0   0   1   0   4   2   0   1   0  1.70 0.69
   24 H   -3 -5 -3 -6  0 -5 -5 -5 -1  0 -1 -5 -1  7 -5 -4 -4  2  6  0    1   0   1   0   2   0   0   0   1   6   6   0   1  43   0   1   0   2  28   6  1.31 0.57
   25 K    0  4 -1 -2  1  1 -1 -2  0 -2 -2  3  0 -1 -2  0 -1 -4 -2 -2    7  30   2   2   3   7   2   2   2   1   2  19   3   2   1   7   3   0   1   3  0.40 0.29
   26 I   -2 -3 -5 -5 -4 -5 -5 -6 -5  6  2 -5  0  0 -5 -3 -2 -5 -3  4    2   2   0   0   0   0   0   0   0  45  15   0   1   3   0   2   2   0   0  27  0.99 0.48
   27 F   -5 -2 -5 -6  2 -5 -5 -4  0 -2 -2 -5 -1  6 -6 -5 -2  3  7 -2    0   2   0   0   4   0   0   1   2   2   3   0   2  34   0   0   2   4  40   2  1.52 0.64
   28 N   -1  0  5  1 -4 -1 -1  0  0 -3 -3  0 -3 -4 -3  3  0 -4 -4 -3    4   5  35   8   0   3   2   5   2   1   3   5   0   0   0  21   5   0   0   1  0.57 0.36
   29 C    0 -2 -2 -3  6 -3 -3 -3 -3  1  1 -3  0 -2 -3  0  3 -3 -3  1    7   2   2   1  20   0   1   1   0   9  13   1   3   2   1   8  20   0   0  11  0.47 0.29
   30 D   -1  0  2  4  0  0  2 -2  1 -3 -3  0 -3 -2 -2  1 -1  0 -2 -2    3   4  10  27   2   3  16   1   4   1   2   5   0   1   1   9   3   2   1   3  0.40 0.24
   31 P   -1 -1  0  0 -4  0 -1 -1  1 -4 -2 -1 -3 -4  5  1  1 -5 -4 -1    4   4   4   5   0   4   4   4   3   0   4   4   0   0  33  11   9   0   0   5  0.57 0.36
   32 F    0  0  0  0  2 -2 -2  0  2  0  0 -2  1  1  1  0  0  3  1  0    6   6   6   6   6   0   0   6   6   6   6   0   6   6   6   6   6   6   6   6  0.08 0.14
   33 G    0  2  0  1  0  1  1  1  0 -1 -2  2  0 -3 -3  0  0 -3 -1 -1    6  12   3   7   2   7   8  12   3   3   3  14   2   0   0   4   7   0   2   4  0.14 0.16
   34 E   -1  1 -1 -1  1  1  2 -3  1 -1  0  1  0 -1  0  0 -1 -3  0 -1    3   9   3   3   4   5  19   0   3   3   9  11   3   3   5   7   3   0   3   3  0.15 0.19
   35 F    0  0  0  0  2  0  0  0 -1  0 -1  0  1  0  1  0  0 -2  1  0    6   6   5   6   5   5   6   6   0   6   6   6   5   5   6   6   6   0   5   6  0.03 0.06
   36 Y   -3 -1 -3 -2  0 -2  1 -4  1 -1 -1 -3 -1  5 -2 -2 -3 -1  6 -1    3   4   1   2   2   2   9   2   3   4   5   1   2  25   3   3   1   1  24   5  0.75 0.47
   37 S   -2  4  0 -1 -1  1  2 -2  2 -4 -3  1 -4 -3 -1  2  0 -1 -2 -3    3  20   5   4   1   5  12   2   5   1   2   9   0   1   3  17   5   1   1   2  0.37 0.33
   38 S   -2  5 -1 -1 -1  0 -1 -3  1  0  0  0 -1 -2 -1  0 -2 -4 -1 -1    2  31   3   4   2   3   4   2   3   6  10   6   2   2   3   9   2   0   2   5  0.34 0.30
   39 Y    0  1  1  3 -4  0  2 -2  0 -2 -2  0 -3 -1  0  0  0 -4  1 -1    8   7   8  17   0   5  11   2   2   2   3   5   0   2   5   8   4   0   5   5  0.19 0.20
   40 Q   -1 -1 -1  1 -1  1  0 -1 -1  0  0  0 -1  4 -1  0 -1 -3 -1 -1    4   3   2  10   1   6   7   4   2   5  10   5   1  19   3   9   4   0   1   4  0.14 0.17
   41 G    0  0  1  0  0  0  0  2 -1 -1 -2  0 -1 -2  0  1  1 -1 -1 -1    7   5   7   5   2   3   7  17   2   3   2   7   2   2   5  11   7   1   2   3  0.12 0.13
   42 S    1  0  1  1 -3  0  0  1  0 -1 -1  0 -1 -1  1  1  0  0 -1 -1   10   4   9   7   0   4   5  10   2   4   5   6   2   2   7  11   6   1   2   4  0.08 0.10
   43 S    0  0  1  0  0  0  0  1  0  0  0  0  0 -1  0  0  0 -3 -1  0    5   5   7   4   2   3   5  12   3   7   7   4   3   3   5   9   7   0   2   8  0.03 0.04
   44 G    0  0  1  1  0  0  0  2 -2  0 -1  0  0 -1  1  0  0 -3 -1 -1    6   6   6  11   2   3   5  15   0   5   4   6   3   3   7   6   6   0   2   5  0.09 0.10
   45 T    0  0  1  1  0  0  0  0  0  0  0  0 -1  0  0  0  0  0 -1  0    6   5   7   8   2   2   6   8   2   7  10   6   0   5   5   6   5   2   0   9  0.02 0.04
   46 K    1  0  0  0  0  0  0  0  0  0  0  0 -1  0  0  1  0  2  0  0   11   5   3   6   2   3   5   8   3   6   8   8   0   4   3  10   6   3   2   5  0.03 0.04
   47 G    1 -1  0  0  0  0  0  1  0  0 -1  0  0  0  1  1  0 -2  0  0   10   2   4   6   2   2   5  11   3   5   4   6   3   5   6   9   5   0   3   6  0.04 0.04
   48 D    0  0  0  1 -1  0  0  0  0  0  0  0  0 -1  0  1  0 -1  0  0    7   4   5   8   1   3   6   7   3   6   8   6   2   2   3  10   5   1   3   9  0.02 0.01
   49 K    0  0  0  0 -1  0  0  0  0  0  0  0  0 -1  0  0  0  0  0  0    6   7   5   3   2   3   6   8   3   6  10   6   2   3   4   9   4   1   3   8  0.01 0.00
   50 P    0  0  0  0  0  0  0  0  0  0  0  0  0 -1  2  1  0 -1  0 -1    8   6   4   4   3   4   5   8   3   6   7   3   2   3   9  10   7   1   4   4  0.05 0.02
   51 N    0  0  1  0  0  0  0  0  0  0  0  0  0  0  0  0  0 -1  0  0    8   3   7   6   2   5   6   8   2   6   9   4   2   4   5   9   6   1   3   4  0.02 0.01
   52 D    0  0  1  1 -1  0  0  0  0 -1  0  0  0  0  1  0  0  0  0  0    6   3   8  10   2   4   5   7   2   4   8   5   2   3   6   9   5   1   3   7  0.04 0.02
   53 N    0  0  1  1  0  0  0  0  0 -1  0  0  0  0  0  0  0 -1  0  0    9   3   7   7   2   3   7   7   3   3  10   5   2   4   4   8   6   1   2   6  0.02 0.01
   54 D    0  0  0  1 -1  0  0  0  0 -1 -1  0  0  0  0  0  0 -1  0 -1    7   6   4   9   1   5   6   7   2   5   7   5   2   4   5   8   6   1   2   5  0.03 0.01
   55 K    0  0  0  0  0  0  0 -1 -1  0  0  0 -1 -1  1  1  0  1  0 -1    6   5   5   6   2   4   7   5   1   6   9   7   1   2   6  11   7   2   3   4  0.03 0.02
   56 E    0  0  0  0  0  0  0  0  0  0  0  0  0  0  0  0  0 -1  0  0    7   6   5   6   2   4   8   8   2   5   7   4   1   3   4   8   6   1   3   9  0.02 0.00
   57 I    0 -1  0  0  0  0  0  0  0  0  0  0  0 -1  0  0  0  0 -1  0    7   3   4   6   2   3   5   8   2   9  11   4   3   3   5   8   7   1   2   6  0.01 0.00
   58 I    0  0  0  0  0  0  0  0 -1  0  0  0  0  0  1  0  0  0  0  0    7   4   5   5   2   3   5   5   2   8  12   5   2   3   6   8   5   1   3   8  0.01 0.00
   59 I    0  0  0  0  0  0  0  0  0  0  0  0  0  0  1  0  0 -1 -1  0    9   5   5   3   2   3   7   6   2   8   8   4   2   4   5   9   6   1   2   8  0.02 0.01
   60 D    0  0  1  1 -1  0  0  0  0 -1 -1  0  0 -1  0  1  0 -1  0  0    7   3   8   8   1   3   6   5   3   4   7   4   2   2   5  14   6   1   3   6  0.05 0.04
   61 K    0  0  1  0 -1  0  0  0  0  0  0  0  0 -1  1  0  1 -1 -1  0    7   6   7   6   1   4   5   7   3   4   8   6   1   2   5   9   9   1   2   8  0.03 0.02
   62 G    0  0  0  1 -1  0  0  1  0 -1 -1  0 -1  0  0  1  0 -1 -1  0    9   5   5   8   1   3   7  12   2   4   6   6   2   4   5   9   5   1   1   6  0.05 0.02
   63 N    0  0  1  1 -1  0  0  0  0 -1  0  0 -1 -1  0  0  0 -1 -1  0    8   6   8   8   1   5   7   6   3   4   8   5   1   3   4   7   5   1   2   7  0.03 0.01
   64 G    0  1  0  0  1  0  0  0 -1 -1  0  0  0 -1  0  0  0 -1 -1  0    5   7   6   5   3   4   5   9   1   3  12   7   1   2   5   7   7   1   3   5  0.03 0.02
   65 N   -1  0  0  1 -1  0  0 -1  1  0  0  1  0 -1  0  0  0 -2 -1  0    4   6   4   9   1   4   6   5   4   5   8  11   2   3   5   6   6   1   2   8  0.04 0.03
   66 E    0  1  0  1  0  1  1 -1  0 -1 -1  1  0  0  0  0  0 -2  0 -1    5   8   4   8   2   5  11   5   2   4   7   8   2   4   4   8   7   0   3   4  0.05 0.04
   67 Y    0  0  0  0 -1  0  1 -1  1  0  0  0  0  0  0  0  0 -2 -1  0    5   4   5   4   2   4   9   4   5   8  11   5   2   4   5   8   5   0   2   8  0.02 0.02
   68 N    0  0  0  0 -1  0  0 -1  1  0  0  0  0  0  0  0  0  0  1  0    7   6   6   6   1   3   5   4   5   8  10   7   1   4   3   6   5   1   5   6  0.01 0.01
   69 K    0  0  0  1  0  0  1  0  0 -1 -1  0  0  0  0  0  0 -1  0  0    6   7   3   9   2   4   8   7   3   4   6   5   2   5   5   8   6   0   4   6  0.03 0.02
   70 I    0  0  0  0 -1  0  0  0  1  0 -1  0 -1  0  0  0  0  0  0  0    7   6   6   6   1   3   6   6   3   6   5   5   1   5   3  10   4   2   3  11  0.01 0.02
   71 G    0  0  0  1  0  0  0  0  0  0 -1  0 -1  0  0  0  0  0  0  0    7   4   6   9   3   3   8   8   3   5   7   4   1   5   3   9   5   2   2   7  0.02 0.01
   72 E    0  0  1  2  0  0  2 -1  0 -1 -1  0 -1  0  0  0  0 -2 -1 -1    9   4   5  13   2   4  15   5   2   4   7   4   2   4   5   5   6   0   1   4  0.09 0.07
   73 D    0  0  1  1 -1  0  0  1  1  0 -1  0  0 -1  0  0  0 -2 -1  0    5   5   9   9   1   2   7  13   4   6   7   5   2   3   4   6   5   0   2   6  0.04 0.04
   74 S    0  0  0  1  0 -1  1  3 -1 -1 -2  0 -2 -2  0  1  0 -3 -2 -2    6   4   3   6   2   2  10  28   1   3   3   5   1   2   5  10   4   0   2   2  0.22 0.15
   75 P    0 -2  0  1 -3 -1  1  4  0 -3 -3 -1 -3 -3  3  1 -1 -3 -2 -2    5   2   4   7   0   2   8  30   2   1   3   3   0   1  14  10   3   0   2   2  0.39 0.23
   76 T   -1 -2 -3 -3  2 -2 -2 -3 -3  4  1 -1  1  0 -3 -1  0 -3 -2  3    3   2   1   1   4   2   2   2   0  25  13   3   3   3   1   4   6   0   1  24  0.35 0.24
   77 S    0  0  0 -2  3 -1 -1  2 -1 -1 -1  0 -1 -1 -2  2  0 -3  0 -1    8   6   4   1   7   2   3  17   1   3   6   7   2   2   1  18   5   0   4   3  0.14 0.15
   78 Y   -1 -2 -2 -2 -1 -2 -2 -4  2  4  2 -2  0  0 -2 -2 -1 -3  0  1    4   2   2   3   1   2   2   1   5  35  19   2   2   4   2   2   3   0   4   7  0.38 0.27
   79 L    2 -4 -4 -2  3 -4 -4 -3 -4  2  0 -4 -1 -2 -4 -2 -2 -4 -3  5   15   0   0   2   5   0   1   2   0  11   7   0   1   1   0   2   2   0   0  48  0.73 0.43
   80 K    1 -1 -3 -1 -1  2  6 -2 -1 -3 -3  0 -1 -3 -3  0 -2 -4 -4 -2   10   2   0   1   1   7  51   3   2   1   2   4   2   1   1   7   2   0   0   3  0.76 0.47
   81 M   -3  3 -3 -4 -1  0 -3 -3 -2  0  1 -1  8 -1 -1 -3 -2 -3 -1 -1    1  15   1   1   2   4   1   2   1   3  11   3  41   2   4   2   2   0   2   4  0.83 0.49
   82 L   -3 -2 -4 -2 -2 -2 -4 -2  0  0  5 -2  1  0 -4 -2 -2  0  1  0    1   2   1   2   1   1   1   4   2   4  58   2   3   3   1   2   1   1   5   6  0.64 0.38
   83 F   -3 -2  0 -2 -2 -1 -1 -1  3 -3 -1 -2 -1  6 -2 -2 -2  0  5 -2    2   2   5   2   1   3   3   5   7   1   6   2   1  34   3   2   2   1  19   2  0.68 0.38
   84 S    0  4  1  0  2  0 -1 -1 -1 -4 -3  1 -3 -4 -1  3  0 -4 -3 -3    6  28   7   4   4   3   2   4   1   0   2   8   0   0   2  22   5   0   0   1  0.43 0.32
   85 T   -1 -1 -1 -2  4 -1 -1 -2  1 -3 -1  0  0 -2 -3  3  4  0 -1 -2    2   2   2   0   8   2   3   2   3   0   4   6   2   2   0  28  27   1   2   2  0.43 0.35
   86 S   -1 -1  5 -1  1  0 -1 -1  0 -4 -4 -1 -3 -1 -1  3 -1 -4 -1 -3    4   3  32   2   3   4   2   3   2   1   1   3   0   2   2  31   1   0   2   1  0.57 0.38
   87 L   -1 -2 -2 -3 -2 -2 -3 -2 -1  3  3 -2  1  0 -2 -2 -1  3  1  1    3   2   2   1   0   1   1   3   2  18  37   2   2   4   2   3   2   4   5   6  0.31 0.22
   88 T   -1 -1 -1 -2 -2 -1 -2 -3 -2  2  2 -2  1  1 -3 -1  0  1  0  2    3   2   2   3   0   2   3   1   0  16  24   1   3   8   1   4   5   2   2  17  0.19 0.15
   89 I    3 -3 -3 -3  1 -2 -3  0 -3  1  0 -2  0  1 -1  0  0  1  0  1   39   0   0   0   3   0   0   6   0   9   6   0   3   6   3   3   5   2   3  11  0.26 0.24
   90 I   -1  0 -2 -3  2 -2 -1 -1  0  1  2 -1  1  1 -3 -1  0 -2  1  1    4   7   0   0   5   0   5   4   3   7  22   4   4   9   0   5   6   0   4  10  0.08 0.12
   91 I    0 -3 -3  0  2  0 -2 -1 -3  1  0 -1 -1  0  0 -1  0 -3 -2  4    5   0   0   7   4   4   0   6   0   5   7   4   0   4   4   5   4   0   0  39  0.24 0.25
   92 P   -1 -4 -3 -2 -1 -4 -4  6 -3 -4 -4 -3 -5 -4  1  2 -1 -3 -4 -1    4   1   1   2   1   0   1  50   1   1   2   2   0   1   8  16   4   0   1   4  0.98 0.57
   93 Q    1 -1 -1 -1 -2  1 -1  4 -1 -2 -1 -1 -1 -3 -3  1  0 -2 -3 -1   14   4   3   3   1   6   4  29   1   2   7   3   1   1   1  11   4   0   1   5  0.30 0.24
   94 N   -2 -3  2  0 -2  0 -1  5  1 -3 -4 -1 -4 -4 -1  0 -2 -4 -4 -1    3   1   8   6   1   4   4  44   3   1   2   3   0   1   3   8   3   0   0   5  0.65 0.39
   95 E   -2 -1  0  2  0  0  2 -2  0 -3 -4  0 -3 -3  4  1  0 -4 -2 -3    3   4   4  12   2   4  15   2   2   1   2   7   1   1  19  12   5   0   2   2  0.41 0.30
   96 S    0  2  1 -1 -2  2  0  0  0 -2 -2  2 -1 -2  0  2  0 -3 -1 -2    9  10   7   3   1   8   4   7   2   1   4  11   2   2   5  15   6   0   2   2  0.16 0.15
   97 V   -1 -1 -2 -3  1 -1 -1 -2 -2 -2  0 -1 -1  3  4  0  0 -1  2 -2    5   4   1   1   3   2   4   4   1   2   9   4   2  14  21   7   6   1   8   3  0.34 0.25
   98 G    1  0  0 -2  0 -1 -1 -1 -3 -2 -3 -2 -2 -2  4  3  0 -2 -2 -2   12   5   4   2   2   3   3   4   0   2   3   2   1   2  18  26   5   1   1   2  0.40 0.32
   99 N   -4 -2 -1 -1 -2  0  0 -4 -2 -3 -3 -1 -2 -6  7 -1  0 -6 -3 -4    1   3   3   4   1   4   5   2   1   1   3   4   1   0  53   5   5   0   1   1  1.24 0.67
  100 R   -5  5  5 -2 -1 -1 -2 -4  1 -4 -5  1 -5 -6 -3 -1  1 -6 -5 -6    0  35  29   2   1   2   2   1   3   1   1   7   0   0   1   4   8   0   0   0  1.14 0.64
  101 L   -2  3 -1 -3  0  0 -1 -5  0 -2 -2  5 -1 -4 -5 -1 -1 -6 -3  1    2  15   2   1   2   4   4   0   2   3   4  38   1   1   0   5   4   0   1  10  0.67 0.45
  102 L   -2 -6 -6 -6 -2 -5 -4 -6 -2  1  4 -6  2 -1 -6 -4 -2 -5 -5  5    3   0   0   0   1   0   1   0   1   5  43   0   4   3   0   1   2   0   0  33  1.10 0.58
  103 K   -3  2 -1 -2  2  1 -2 -4  0  2  0  1  3  0 -2 -1 -1 -4 -1  1    1  11   3   2   4   7   1   1   2  13  10  10   8   4   1   3   4   0   2  11  0.22 0.21
  104 I   -3 -6 -6 -6  0 -3 -4 -4 -6  5  2 -4  2  2 -6 -5 -5  1 -2  3    2   0   0   0   2   1   1   2   0  36  21   1   4   7   0   0   0   2   1  18  1.00 0.52
  105 Y   -4 -3 -3 -5  3 -3 -4 -4 -1 -1 -1 -4 -2  2 -7 -5 -4 10  5 -1    1   2   2   1   5   1   1   1   1   4   5   1   1   9   0   1   1  38  18   5  1.79 0.88
  106 N   -4 -2  5  6  0 -2 -2 -4  4 -7 -7 -3 -7 -7 -4  0 -3 -7 -6 -7    1   2  24  43   2   1   2   1  10   0   0   2   0   0   1   7   1   0   0   0  1.48 0.80
  107 L   -2 -2 -1  5 -1 -2 -2 -4 -1 -1  1 -2 -1  2 -5 -1  2 -5  0  0    4   2   3  31   1   1   3   1   1   3  13   2   1   8   0   5  13   0   3   5  0.48 0.37
  108 K   -1  2  0 -2 -2  0 -1 -3  5 -1 -1  4 -1 -1 -4  0 -2 -1  0 -2    6   9   4   2   1   5   4   2  11   3   7  24   1   3   1   7   3   1   3   4  0.43 0.30
  109 Q   -2  2  0 -2 -1  3  0 -3  1 -2 -1  3 -1 -2 -2  0  1 -1 -1 -2    3  13   5   2   1  12   6   2   3   3   6  19   1   2   1   7  10   1   2   2  0.29 0.29
  110 N   -1  2  3  0  1  2  0  2  2 -4 -3  2 -1 -2 -2  0 -1 -4 -1 -3    3  10  13   4   3   8   6  13   5   0   2  13   2   1   2   7   2   0   2   2  0.26 0.27
  111 M    0  2  1 -2  0  1  0 -2  0 -2 -2  3 -1 -2 -4  1  1 -5 -2 -2    6  13   5   2   2   6   5   2   2   2   3  22   2   2   0  12  10   0   1   2  0.30 0.30
  112 K    0 -1  0 -1  3 -1  0 -2  0  0 -2 -1  1  1  0 -1  0  2  0  2    9   3   5   3   5   3   7   3   3   5   4   4   3   7   5   5   6   2   3  14  0.10 0.09
  113 I    0  0 -1  0  2 -1  0  0  1  0  0  0  1  1  1  0  0 -2  1  0    6   6   0   6   6   0   6   6   6   6   6   6   6   6   6   6   6   0   6   6  0.03 0.09
  114 C    1 -1 -3 -4  6 -2 -3  1  2  0  0 -1  1  1 -4 -2 -1  0 -2 -1   13   4   1   1  20   2   1  11   5   5   9   4   4   6   0   3   3   1   1   5  0.41 0.29
  115 E   -2 -1  0  1 -2 -1  6 -4 -1 -3 -4  0 -5 -4 -5  0  0 -2 -5 -2    3   3   5   8   1   2  48   1   2   1   2   6   0   1   0   7   6   1   0   4  0.84 0.54
  116 L   -4 -3 -4 -4 -1 -3 -4 -6 -1  3  4 -4  1  2 -4 -4 -3 -4  2  0    1   2   1   1   1   1   1   0   2  18  46   1   3   7   1   1   2   0   7   5  0.81 0.45
  117 T    0  1  1  0 -1  0  2 -2  0 -2 -3  0 -1 -2 -2  2  2 -2 -2 -1    5   7   7   4   2   3  15   2   2   2   2   7   2   2   1  18  12   1   1   4  0.22 0.23
  118 F   -4 -6 -3 -4  1 -2 -4 -4 -1 -3 -1 -6  0  8 -5 -3 -4 -4  4 -2    2   0   1   1   3   2   1   2   1   1   4   0   2  56   1   3   1   0  14   3  1.61 0.74
  119 P   -1  3  1  0 -4 -1 -1 -1  1 -3 -2  0 -1 -3  4  1  0 -5 -3 -3    5  19   6   4   0   2   4   5   3   1   3   6   2   1  19  12   4   0   1   2  0.39 0.29
  120 S   -1 -2  1 -1 -4  0  1 -1  0 -3 -3  0 -2 -2 -3  4  2 -5 -2 -3    5   2   7   3   0   3  11   4   2   1   2   4   1   2   1  38  11   0   2   2  0.50 0.39
  121 H    0  0  0  0 -1  0  2 -3 -1 -2 -3 -1 -2 -3  4  1  2 -5 -2 -2    8   5   4   4   2   4  13   2   1   2   2   4   1   1  21   9  13   0   1   3  0.36 0.27
  122 I   -3 -6 -6 -2 -5 -5 -5 -6 -6  6 -1 -5 -3 -4 -2 -5 -4 -6 -5  6    2   0   0   2   0   0   0   1   0  38   4   0   0   0   2   1   0   0   0  46  1.49 0.65
  123 I   -2  3 -2 -3  1 -1 -4 -5  0  0  3  2 -1 -1 -5 -2 -1 -4  1 -1    3  15   1   1   3   2   0   0   2   5  32  14   1   2   0   2   4   0   5   4  0.43 0.32
  124 D    3 -1  3  0  0 -2 -2  2 -2 -3 -3 -2  0 -2 -4  2 -1  1 -2 -3   22   4  16   5   2   2   1  16   1   1   2   2   3   2   0  14   3   2   1   2  0.40 0.33
  125 V   -2 -5 -6 -6  1 -5 -5 -6 -6  3  0 -5  1  0 -5 -5 -2 -5  0  6    4   0   0   0   2   0   0   1   0  15   8   0   3   5   0   1   2   0   3  54  1.20 0.58
  126 K   -1  5 -2 -3  1  0 -1 -2 -1 -2 -1  4 -2 -1 -4 -2 -2 -5 -1 -1    4  28   2   1   3   4   3   2   2   2   6  27   1   3   0   2   2   0   2   5  0.59 0.38
  127 L   -1 -2 -5 -6  4 -2 -5 -6  1  1  4 -5  4  1 -6 -2 -2  1 -1  0    5   2   0   0   9   2   0   0   3   9  35   0  11   5   0   3   3   2   2   7  0.71 0.43
  128 N   -2  2  5 -1  0 -1 -4 -2 -1 -2 -2  0 -1 -2 -5  2  1  0 -2 -3    3  12  30   3   2   2   0   2   2   2   4   4   2   2   0  14   9   2   2   2  0.60 0.43
  129 R   -2  5 -1 -2  1  0 -1 -1  1 -6 -3  1  1 -1 -1 -1 -1  2  0 -1    3  31   4   3   3   4   4   5   4   0   4   9   3   3   4   4   4   3   3   4  0.54 0.36
  130 K   -1  0  0  0  2  0  0 -1  2  0 -1  0  2  1  0 -1  0  4  1 -1    5   5   5   5   5   5   5   5   5   5   5   5   5   5   5   5   5   5   5   5  0.09 0.08
  131 R   -2  4 -1 -1  0  0  0 -1  1 -1 -1  1  0 -1 -1 -1 -1  1  0 -1    2  30   2   4   2   2   6   5   3   4   6   6   2   2   2   5   4   2   4   5  0.23 0.22
  132 L   -1 -1 -3 -1  1 -1 -1 -3  0  2  3 -2  1  0 -3 -1 -1 -2  1  0    4   4   0   4   4   3   4   1   3  15  31   0   4   4   0   4   4   0   5   5  0.19 0.17
  133 C    0 -3 -1 -3  3 -3 -3 -1 -3  2  0 -1  1  1 -3 -2  0  3 -2  3    7   0   4   0   7   0   0   4   0  15   7   5   4   6   0   0   4   4   0  30  0.28 0.23
  134 V    0 -3 -2 -3 -3 -1 -2 -4 -3  2  0 -1  0  0 -3 -1  0 -4 -2  5    6   0   2   0   0   3   2   0   0  11   7   4   2   5   0   3   7   0   0  47  0.45 0.31
  135 I    1  0 -3 -3  4 -1 -2 -2 -3  1  1 -1  1 -1 -3 -1  0  1 -2  2   13   6   0   0  10   2   0   2   0   8  13   3   3   2   0   4   6   2   0  23  0.20 0.18
  136 L   -2 -4 -3 -3  0 -2 -3 -2 -4  0  5 -4  0  0 -4 -1  0 -4 -1  0    3   1   2   2   2   2   1   4   0   3  56   1   1   4   1   4   6   0   2   6  0.72 0.43
  137 E   -1  1 -1  0 -4  1  4 -2 -1 -2 -2  1 -2  0 -1 -1  1 -4 -2 -1    4   9   3   4   0   6  30   2   1   2   4   7   1   4   3   4  10   0   1   4  0.35 0.30
  138 S   -1  2  2  3 -2 -1  1 -1  1 -3 -3  0 -2 -4 -1  1  1 -4 -2 -2    5  11  12  17   1   2   9   5   4   1   3   4   1   0   2  12   7   0   1   2  0.29 0.25
  139 G    0  0  1  0  1  0  0  1  0 -1 -1  1  0 -1 -1  1  0 -1  0 -1    7   6   7   6   3   3   6  11   2   3   4   8   3   3   2  11   6   1   4   4  0.05 0.05
  140 Q   -1  3 -1 -2 -2  2  1 -2  1 -3 -2  4 -2 -4 -1  1 -1 -4 -2 -2    3  14   2   2   1  10   7   2   4   2   4  24   1   1   3  12   3   0   1   4  0.39 0.30
  141 I   -2 -5 -4 -3 -1 -3 -3 -3 -5  6  0 -3 -1 -1 -5 -2 -1 -5 -4  3    3   0   1   2   1   1   2   3   0  43   8   1   1   3   0   2   4   0   0  23  0.91 0.52
  142 Y   -2 -1 -1 -3  0  0 -2 -5  5  0 -1 -1 -1  2 -4 -1 -2  1  6  0    3   3   4   1   2   4   2   1  15   5   5   3   1   9   0   4   2   1  28   7  0.70 0.44
  143 I   -1 -2  0 -3  3 -3 -3 -3 -5  5  0 -3 -1 -2 -2 -1 -1 -5 -4  4    4   2   4   2   6   1   2   2   0  29   6   2   1   2   3   4   3   0   0  27  0.63 0.40
  144 Y   -2 -3 -2 -2  1 -3 -5 -3  4 -2 -3 -5 -2  5 -6 -3 -3  3  7 -2    4   2   2   2   3   1   0   2   9   3   3   0   1  24   0   2   1   3  33   2  1.24 0.67
  145 D   -2  0  3  5 -1  0  1 -2  0 -2 -2 -1 -1 -5 -2  0  0 -5 -2 -2    3   5  13  28   2   5   7   3   2   2   4   3   1   0   2   8   7   0   1   3  0.44 0.34
  146 L   -1 -2 -2 -1  0 -1 -2 -3  0  3  2 -2  2  4 -6 -2 -1 -6  0  0    5   2   2   4   2   3   3   3   2  14  19   2   4  16   0   4   5   0   3   7  0.38 0.22
  147 S   -1  0  2  0  1  0 -1 -1  1 -1 -2  0  1 -1  1  2  1  2 -1 -2    4   5   8   6   2   4   5   4   3   4   4   5   4   3   7  15   7   3   3   3  0.12 0.14
  148 C   -1  0  0  0  2  0  0 -1  2  0 -1  0  2  1  0 -1  0  4  1 -1    5   5   5   5   5   5   5   5   5   5   5   5   5   5   5   5   5   5   5   5  0.09 0.08
  149 V   -2 -1 -1 -2  0 -1 -4 -2 -4  0  2 -1  6  1  0 -2 -1  1 -1  0    3   3   3   2   2   3   0   3   0   4  24   4  20   5   4   3   4   2   2   7  0.36 0.32
  150 R   -1  2  0 -1  0  2  1 -1  2 -2 -3  3 -1 -1 -1  0 -1 -4  1 -2    5  14   3   3   3   8   7   4   5   2   2  21   2   2   3   6   4   0   4   3  0.25 0.24
  151 L   -1 -1 -1 -1  1  0 -1 -2  0  1  2  0  1  0 -1 -1  0 -3 -1  1    3   3   4   4   3   4   3   2   2  10  27   5   4   4   3   3   5   0   2  10  0.13 0.15
  152 I    0  0  0  0  2  0  0 -3 -2  0 -1  0  1  1  0  0  0  3  1  0    6   6   5   6   5   5   6   0   0   6   6   6   5   5   6   6   6   5   5   6  0.08 0.12
  153 K   -1  0  0  2  0  1  0 -2  5 -1 -1  1  0  0 -1  0 -2 -4  2 -1    5   6   4  11   2   5   5   4  14   3   5   9   2   4   3   6   2   0   7   4  0.21 0.21
  154 V    0 -1 -1 -1  2  0 -1 -2  0  1 -1 -1  0 -1 -1  1  3  1 -1  1    6   3   3   3   5   4   4   3   3   9   5   4   2   3   2  10  18   2   2  11  0.12 0.16
  155 L   -2 -1 -4 -3  0 -1 -2 -2 -1  4  2 -2  1  1 -5 -1 -1  0  1  1    3   4   0   2   2   3   2   3   2  26  17   3   3   7   0   4   4   1   5   9  0.35 0.26
  156 E   -1  1  0  3 -1  0  4 -2  1 -3 -2  0 -1 -5 -2 -1 -1 -5 -2 -2    4   7   5  16   1   4  25   3   4   1   5   6   1   0   2   4   4   0   1   3  0.39 0.31
  157 I   -1 -2 -1 -1  0 -2 -1 -3 -1  2  0 -3  1 -1 -2 -1  5  2 -2  0    4   2   2   4   2   2   4   2   1  11   9   2   3   2   2   4  32   2   1   7  0.42 0.33
  158 S    0  1  0 -2  0 -1 -1 -1  0 -1 -1  1 -2 -1  0  2  0  0  1  0    7   7   5   3   2   3   4   6   2   3   6   8   1   3   5  15   7   1   5   6  0.08 0.09
  159 S    0  1 -1  0  0 -2 -1  0 -1  0 -2  0 -1 -2  4  0  0  0 -1  0    7   7   3   5   2   2   4   6   2   6   5   6   1   2  21   8   5   1   2   6  0.24 0.18
  160 F   -1  0  0  0  2  0  0 -1  2  0 -1  0  2  1  0 -1  0  4  1 -1    5   5   5   5   5   5   5   5   5   5   5   5   5   5   5   5   5   5   5   5  0.09 0.08
  161 S   -1  1  0  0  1  0  0 -1  1  0 -1  1  1 -1  2  0 -1 -4  0  0    4   7   5   5   3   4   5   6   4   5   6   9   4   3  10   7   4   0   3   6  0.07 0.07
  162 S   -1  0  1 -1  1  0  1  0  0 -1  0  0  0 -1  0  1  1  1  2 -1    5   5   6   3   3   3   8   6   2   4  10   5   2   3   4   9   8   2   7   5  0.04 0.05
  163 K    0 -1  0 -1  0  0 -1  1  0  0  0 -1  0  1  0  0 -1  2  0  0    6   3   5   3   2   4   4  12   3   7  10   4   2   6   5   5   3   3   4   8  0.02 0.02
  164 D    0  0 -1  1 -2  0  0  0  1  0  0 -1 -1  0  1  1 -1 -1 -1  0    6   5   2   8   1   5   7   7   3   6   8   4   2   4   7   9   4   1   2   7  0.04 0.04
  165 S   -1 -2  0 -1  3 -1 -1  0  0  1  0 -1  0  1  0  1  1  0  1  0    6   2   4   3   5   3   4   7   2   7   8   3   2   7   4  10   9   1   5   8  0.07 0.07
  166 E    0 -1 -1  1  1  0  1 -1  0  1 -1 -1  0  0 -1  0 -1  0  0  0    8   3   3   8   3   5  11   5   2   9   6   4   2   4   3   8   3   1   4   8  0.05 0.05
  167 E   -1 -1  1  1  0 -1  2 -1 -1 -1  0 -1 -1  0  0 -1  2 -4 -1  0    5   4   6   7   2   3  12   6   2   4   9   4   2   3   5   5  12   0   2   7  0.08 0.09
  168 E    0  1  2 -1  1  0 -1 -1  0 -1 -2 -1 -1 -2  0  1  3 -5  0 -1    7   8   9   4   2   4   4   5   2   4   4   4   1   2   4  10  18   0   3   4  0.20 0.18
  169 T    0 -1  0  0 -1  0 -1 -1  1 -1 -1 -1 -1 -2  3  1  1  1 -1  0    8   3   5   5   1   4   4   6   3   4   7   4   2   2  14  10   8   2   3   6  0.11 0.12
  170 H    0  0  0  0  2  0  0 -1  1  0 -1  0  1  0  0  0  0 -2  1  0    5   5   5   5   5   5   5   5   5   5   5   5   5   5   5   5   5   0   5   5  0.03 0.05
  171 Q   -2  0  4  0  0  1 -1  0  1 -2 -2 -1 -1 -2  3  0 -1  1 -1 -1    3   4  19   6   2   6   4   8   3   3   4   4   2   2  12   6   4   2   3   5  0.29 0.24
  172 K   -1  2  1 -1  1  1 -1 -1  1 -1  0  1  0 -1  2  0  0 -5 -1 -1    4  11   7   4   3   6   5   5   3   3   8   9   3   3   9   6   5   0   2   5  0.10 0.10
  173 L    1  0 -1 -2  0 -1 -2  2  2  0  1 -1  1  0 -1 -1 -1  1  0  0   11   5   3   3   2   3   3  18   4   6  13   3   3   3   3   4   3   2   3   6  0.12 0.10
  174 F    0 -2 -1 -2 -1 -1 -1  2  2  1  1 -3  0  2 -1 -2 -2 -1  1  0    6   2   3   3   1   3   4  17   4   9  16   1   2   7   3   4   2   1   5   7  0.19 0.13
  175 V    0 -2 -2 -2  4 -1 -1 -1 -1  2  1 -3  0 -2 -2  0  0  0  0  2    8   2   2   3   9   3   4   5   1  11  11   2   2   2   3   6   6   1   3  15  0.20 0.15
  176 G    2 -2 -1 -2  4 -1 -2  1  0  1 -1 -2  1  1 -1  0 -2  2  0 -1   16   3   3   2   8   3   3  13   2   8   7   3   4   6   3   6   3   3   3   4  0.20 0.16
  177 D    0 -1  0  3  1 -1  1 -3 -5  0  1 -1  1 -1  0  0 -1  0 -1 -1    8   4   4  18   3   3   8   2   0   5  13   3   3   2   5   8   3   1   2   5  0.19 0.17
  178 L   -1 -3 -1 -3  4 -2 -2 -2 -1 -1  2 -2  2 -1 -1  2  2  1  0  0    5   2   3   2   8   2   3   3   1   4  16   2   4   3   3  12  14   2   3   7  0.26 0.22
  179 G    1 -2 -1 -3  4 -1 -2  0 -1 -1 -3 -2 -1 -3  3  3  1 -1  0 -2   11   3   3   2   7   3   3   6   2   4   3   2   2   1  13  20   7   1   3   4  0.34 0.30
  180 A    1 -1  0  1  1  0 -2  0  1 -2 -2 -1  0 -2  2  2  1  0 -2 -1   11   3   5   7   3   4   3   7   3   2   4   5   2   2   9  16   7   1   2   5  0.15 0.17
  181 E    0 -2  4  1 -1 -1  0  0 -1 -2 -2 -1 -1 -2  1  1  0 -6 -1 -2    8   3  21   8   1   3   5   7   2   2   5   3   2   2   7  10   6   0   2   3  0.29 0.25
  182 D   -1 -1  1  3  1  0  2  0  1 -2 -3 -1  0 -2  2  0  0  1  0 -3    4   3   5  15   3   4  12   7   3   2   3   5   2   2  10   8   5   2   3   2  0.23 0.21
  183 K   -1  2  3 -1  0 -1 -1 -1  2 -2 -3  1  0 -2  0  1  0  1  0 -1    5  11  13   4   2   3   4   5   5   3   3   9   3   2   5  10   5   2   3   4  0.18 0.17
  184 S   -1  0  0  0  2  0  0 -1  2  0 -1  0  2  1  0 -1  0  4  1 -1    5   5   5   5   5   5   5   5   5   5   5   5   5   5   5   5   5   5   5   5  0.09 0.08
  185 L   -2 -2 -1 -2  1 -1 -2  0  1  2  1 -2  1  2 -1 -2  0  2  1  1    3   3   3   3   3   3   3   8   3  11  14   3   3   7   3   3   5   3   6  10  0.13 0.09
  186 L   -1  0  0  0  2  0  0 -1  2  0 -1  0  2  1  0 -1  0  4  1 -1    5   5   5   5   5   5   5   5   5   5   5   5   5   5   5   5   5   5   5   5  0.09 0.08
  187 V    3 -2 -2 -2  2 -1 -2 -3 -1  2 -1 -2 -1 -2 -2 -1 -1 -4  0  3   26   2   2   2   5   2   3   2   2  10   6   3   2   2   1   5   3   0   3  20  0.30 0.28
  188 L   -1 -2 -4 -4  2 -2 -2 -3  1  0  1 -1  0  3 -3 -1  0  3  4  1    6   2   0   0   4   2   3   2   4   5  15   5   2  10   1   6   5   3  17   8  0.32 0.27
  189 P    0  0  0 -1  1  0 -1 -1  1 -1 -2 -1 -4 -1  5  0 -1 -4  0 -2    7   5   5   3   4   4   4   5   4   3   3   4   0   3  27   8   4   0   4   3  0.37 0.31
  190 I    0  0  0  0  2  0  0 -1  1  0 -1  0  1  0  0  0  0 -2  1  0    5   5   5   5   5   5   5   5   5   5   5   5   5   5   5   5   5   0   5   5  0.03 0.05
  191 S   -1  0  0 -1 -1  0  0 -1  3 -3 -2 -1 -1 -1  2  3  0 -2 -2 -3    5   6   5   3   1   4   6   6   7   2   5   5   2   3   9  22   6   1   1   3  0.25 0.22
  192 N    0  0  3  0 -1  1 -1 -2  0 -2 -1  1 -2 -3  1  2  2 -5 -1 -1    7   5  12   5   1   6   4   3   2   2   5   8   1   1   8  12  10   0   2   4  0.19 0.18
  193 I   -1 -1  0 -1 -1  0  0 -2 -1  2  0  0  2 -2  1  0  1  1 -1  1    4   4   4   3   1   4   5   4   2  10  10   6   5   2   7   8  10   2   2   8  0.08 0.08
  194 T    0  0 -1  0 -2 -1 -1  2  0 -1 -1  1 -1 -2  1  1  1 -5 -2 -1    9   6   3   4   1   3   4  13   2   3   7   8   1   2   7  12   9   0   1   4  0.11 0.12
  195 D   -1 -1  2  1 -1  0 -2  3  3 -1 -1 -1 -2 -2  0  1  0 -6 -2 -1    5   4   8   9   1   5   2  19   6   4   6   4   1   2   4  11   5   0   1   4  0.21 0.18
  196 Q   -1 -1  0  0 -1  2  0 -2  1  0  0  0  1 -3  2  0  0 -5 -2  1    6   3   4   5   1   8   7   3   3   5  11   5   3   1   9   8   6   0   1   9  0.09 0.11
  197 T   -1 -1 -1 -1  0  1 -2 -2  0  2  1  0 -1 -1 -2  1  1  0 -2  2    6   3   3   4   2   6   2   4   2  12  13   6   1   3   2   9   7   1   1  12  0.12 0.10
  198 D    0 -1  0  0  1  2  0  0  1  0  0 -1  0 -1  0  0  0 -4 -1  0    8   4   5   6   3   9   5   7   4   6   9   3   2   3   4   7   5   0   2   8  0.04 0.05
  199 L   -1 -2 -2 -3  1 -2 -2 -2 -2  4  2 -3 -1 -1 -1 -2  1 -1 -2  2    5   3   2   1   3   2   3   3   1  19  21   2   1   3   3   4  10   1   2  12  0.36 0.22
  200 F    0  0 -1 -1  2  0 -1 -1  3 -1 -1 -1  0  3  0  0 -1  2  2 -1    8   5   3   4   4   4   4   5   7   3   6   3   2  11   5   6   4   2   6   5  0.13 0.11
  201 N    0 -1  1  1  1  0 -1  0  1 -1  0 -1  0  0  0  0  1  2  0  0    7   3   7   9   3   3   4   7   3   3   8   4   3   3   4   8   7   3   3   7  0.04 0.05
  202 T   -1 -1  2  0  1  0 -1  0  1  1 -1 -1  0  0  0  0  1  2  1  0    5   4  10   4   3   4   3   6   3   8   6   4   3   5   6   6   8   3   5   6  0.06 0.06
  203 E   -1  1  1 -1 -1  1  1  0  1 -1 -1 -1  0 -2  3  1 -1  1 -2 -1    5   6   6   4   1   5   8   7   3   4   6   4   3   2  14  12   3   2   1   4  0.14 0.16
  204 N   -1  0  4  0  0 -1  0  1  1 -2 -3  0  0 -1 -1  0  1 -6 -1 -1    5   4  18   6   2   3   5  10   3   3   3   7   2   3   4   7   8   0   2   5  0.22 0.19
  205 G    0 -1  1  0 -1 -1 -2  3  1  0  0 -1  0 -2  0  0  0  0  0 -1    8   4   6   5   1   3   2  18   3   5   8   4   3   2   6   7   6   1   3   5  0.11 0.10
  206 V    0  0  0 -1  1  0 -1 -1  1  0  0  0  1 -1  0  0  0  2  0  1    7   4   5   3   3   4   3   5   4   6   8   7   3   3   5   8   6   3   4  11  0.03 0.04
  207 N    0  0  1  0  1  0  0  1  1 -1 -1  0  0  0  0  0  0  1  0  0    7   5   7   4   4   4   4  10   4   3   7   5   3   5   5   7   5   2   3   6  0.03 0.03
  208 V    0  0  0 -1  0 -1 -1 -1  0  1  0 -1  0 -1  0  0  0  1 -1  1   10   5   4   4   2   3   3   5   2   9  10   3   3   3   6   6   6   2   2  10  0.02 0.03
  209 T    0 -2 -1 -1  3 -1 -1 -1 -1  0  0 -2  0 -2  0  2  1 -5 -2  1    9   2   3   4   7   3   4   5   1   5  11   3   2   2   5  15   9   0   2   8  0.15 0.14
  210 R    0  0  0 -1  0  0  0 -1  1 -1  0  0  1 -1  1  1  0 -3  0  0   10   6   6   3   2   5   4   4   4   3   8   5   4   3   6  12   6   0   4   6  0.04 0.07
  211 A    0 -1  0  0  0  0 -1  1  1  0 -1  0  0 -1  2  1  0 -3  0  0    8   4   5   4   3   5   3  10   4   6   6   5   2   3   9  11   4   0   4   6  0.05 0.07
  212 S    0 -1  0  0  1  0 -1 -1  2  0 -1 -1  0 -1  1  1  0  2  0 -1    9   3   5   6   3   3   4   5   6   5   6   4   3   3   7  11   6   3   4   5  0.07 0.08
  213 D    0  0  0  0  2  0  0 -1  1  0 -1  0  1  0  0  0  0 -2  1  0    5   5   5   5   5   5   5   5   5   5   5   5   5   5   5   5   5   0   5   5  0.03 0.05
  214 S    0 -1  1  0  0  0  0  0  1 -2 -2  0  0 -2  2  2  0 -4 -1 -1    6   4   8   5   2   4   7   6   4   2   5   5   2   2  10  17   6   0   2   4  0.13 0.16
  215 N    0  0  2  0  1  0 -1  0  1 -1 -1 -1  1 -1  0  2  0  2  0 -1    6   5  10   4   3   4   4   6   3   3   6   4   3   3   5  13   7   3   3   5  0.08 0.10
  216 I   -1  0  0  0  2  0  0 -1  2  0 -1  0  2  1  0 -1  0  4  1 -1    5   5   5   5   5   5   5   5   5   5   5   5   5   5   5   5   5   5   5   5  0.09 0.08
  217 L    0 -1 -1 -1  0 -1  0 -1  0  1  1 -1  1  0  1  0  0  0 -1  1    7   3   3   4   2   2   5   5   3   7  17   3   3   4   8   8   6   1   1   9  0.04 0.06
  218 T    0 -1  0 -1  3  0 -1  0 -1  0 -1 -1  0 -1  0  1  1 -4 -1  1    8   2   5   3   7   5   4   7   2   4   6   4   3   2   5  10  11   0   2  10  0.08 0.11
  219 S    1 -1  0  0  2  0 -1  0  0 -1  0 -1  0 -1  1  1  0  1  0  0   10   3   5   4   5   3   3   6   2   4   8   4   2   3   6  13   5   2   4   5  0.05 0.08
  220 L    0  0  0  0  1  0 -1 -1  0  0  1  0  0  0  1  0  0 -2  0  0   10   4   4   4   3   4   4   4   3   5  15   4   3   4   8   6   6   0   4   6  0.03 0.05
  221 K    0  0  1  0  2  0  0  0  1 -1 -1  0  0 -1  2  1  0 -3  0 -1    7   4   7   5   4   4   5   6   3   4   4   6   3   3  12  10   5   0   4   4  0.09 0.10
  222 P   -1  0 -1 -2 -1  1 -1  1  0 -2 -2  0 -1 -2  5  0  1 -5 -1 -2    5   6   3   2   1   5   4  10   2   2   5   5   2   2  25   8   7   0   2   3  0.34 0.29
  223 L   -1  0  1 -1  1  0 -1  0  0  0  1  0  0  0  0  0  0  0  0  0    5   4   7   3   3   4   4   6   3   5  15   6   3   3   6   9   5   2   3   5  0.03 0.04
  224 I    0 -1  0 -1  2  0 -1  0  0  0  0 -1  1 -1  1  0  0 -3  0  0    8   3   5   3   5   4   3   6   2   7  12   3   3   3   8   8   5   0   3   8  0.04 0.06
  225 E    0  0  1  1  0  1  0  0  2 -1 -1  0  0 -1  0  0  0  1  0 -1   10   5   6   7   3   6   6   8   6   4   5   5   3   2   5   9   5   2   3   3  0.05 0.06
  226 F    0  0  0  0  2  0  0 -1  1  0 -1  0  1  0  0  0  0 -2  1  0    5   5   5   5   5   5   5   5   5   5   5   5   5   5   5   5   5   0   5   5  0.03 0.05
  227 T    0 -1  0 -2  2  0 -1  1  1 -1 -1 -2 -2 -2  2  2  1  0 -1  0    7   4   4   2   4   4   4   9   3   4   6   3   1   2   9  14   9   1   2   6  0.12 0.10
  228 E    1  0  0  1  0  0  0  0  0 -1 -1 -1  0 -1  0  2  0 -1 -1 -1   10   4   4   7   2   5   5   8   3   3   7   4   3   3   5  15   5   1   2   4  0.07 0.07
  229 N    0  0  2  0 -2 -1 -1  0  1 -1 -1 -1 -1  0  0  2  0 -3  0  0    7   5  10   6   1   3   5   7   4   4   7   4   1   4   5  14   5   0   3   7  0.07 0.06
  230 K    0  1  1 -2 -2  1  0  0  2 -1 -1  0 -1 -2  0  2  0 -1 -2 -1    7   7   7   2   1   7   5   7   4   3   6   7   1   2   5  14   6   1   1   5  0.10 0.09
  231 I   -1  0  0  0 -1  0  0  0 -1  1  0 -1 -1 -1  1  1  1 -1 -1  0    5   5   4   4   1   4   6   8   1   7  10   3   1   3   7  12   7   1   3   7  0.05 0.05
  232 D    0  0  2  2  0  1  0  0  0 -1 -2 -1 -1 -2  2  1  0 -2 -2 -2    7   4  10   9   2   6   6   8   3   3   4   5   2   2  12   9   5   1   1   3  0.16 0.13
  233 K    0  0  1 -1  1  0 -1  0  0 -2 -1  1 -1 -1  1  1  1  1 -2 -1    8   6   7   3   3   5   4   8   3   3   6  10   2   3   6  11   7   2   1   4  0.08 0.08
  234 D    0  0  1  1  0  0  0  2  2 -3 -1 -1 -1 -1  0  1  0 -1 -1 -2    7   4   6   9   2   4   7  14   5   2   5   4   2   3   4  11   5   1   2   3  0.12 0.10
  235 I    0 -2  2 -1 -1  0 -1 -1 -1  0  0 -1 -2 -1  0  2  1 -1  0  1    9   2   9   3   1   5   3   4   2   4  10   3   1   3   5  13   9   1   3   8  0.11 0.11
  236 I    0 -1  0 -2  3 -1 -2 -1  0  1  1 -2  0 -1  1  2 -1 -2 -1  1    8   3   5   2   6   3   3   6   2   6  12   2   2   2   7  13   4   1   2  11  0.12 0.10
  237 T    1 -1  0 -2  0  0 -2 -1  0  0 -1 -1 -1  0  1  1  1 -1  3  0   11   4   4   2   2   5   3   5   2   5   5   4   1   4   8   8  10   1   9   6  0.11 0.11
  238 L   -1 -3  0 -3  2 -2 -2 -1 -2  0  3 -2  0 -1  1  0  0 -1  1  0    4   2   4   1   4   2   2   5   1   6  32   2   2   2   6   6   5   1   4   7  0.26 0.20
  239 E    2 -1  0  0 -1 -1  0 -1  0 -1 -1 -1 -1 -2  2  1  0 -2 -2  0   21   3   4   4   2   3   6   4   3   4   7   3   1   2  11   9   5   1   2   6  0.15 0.15
  240 D    1 -2  0  1  1 -1  0  0  0 -2 -1 -1 -2  0  0  0  0  0  3 -1   11   2   5   9   3   3   6   7   3   2   5   4   1   4   4   8   6   1  13   4  0.12 0.13
  241 L   -1 -1 -1 -2  1 -1 -2 -2  0 -1  0 -1  1  1  5  0  0 -4  0 -1    5   3   3   2   3   2   2   4   2   4  11   3   4   6  25   7   7   0   3   4  0.33 0.25
  242 Q    0 -1  0  0  0  0  0  2  1 -1 -1 -1 -1 -2  2  1 -1 -1 -1 -1    9   4   4   5   2   5   5  15   4   4   5   3   1   1  12  10   4   1   2   4  0.13 0.13
  243 K    0 -1  0  0 -1  0  0  1  0 -2 -2  1  0 -2  0  3  0 -4 -1 -2    8   3   4   5   1   4   5  11   3   2   3   7   2   1   5  22   6   0   3   3  0.16 0.19
  244 D    0  0  1  1 -3  0  1 -1  0 -1 -1  0  0 -1  1  1  1 -3 -1  0    7   4   7   9   0   4   8   5   3   3   4   6   2   2   8  10   9   0   2   8  0.09 0.11
  245 S   -1  1  1  0 -1  1 -1  0  1 -2 -1  1 -1 -2  0  1  2 -4 -1 -1    5   7   5   5   2   5   4   8   3   2   6   9   1   2   4  13  14   0   2   4  0.11 0.14
  246 N    0  0  1  0  0  0  0  0  0  0 -1  1  0 -1  1  0  1 -3  0  0    9   6   7   4   2   4   4   6   2   5   5   8   2   2   7   8   9   0   3   6  0.05 0.05
  247 G   -1  0  0 -6  2  0 -1  5  2 -1 -2  0 -7 -7 -7 -1 -1  3 -7 -2    5   4   4   0   3   4   4  40   4   4   4   6   0   0   0   4   4   3   0   4  0.74 0.41
  248 W   -1  0  0  0  2  0  0 -1  2  0 -1  0  2  1  0 -1  0  4  1 -1    5   5   5   5   5   5   5   5   5   5   5   5   5   5   5   5   5   5   5   5  0.09 0.08
  249 V   -1 -2 -1 -5 -4 -4 -2 -2  0  2  0 -2 -3 -1 -2  0 -1 -5 -4  5    5   2   3   0   0   0   3   3   3  11   7   2   0   3   2   8   4   0   0  43  0.60 0.42
  250 L   -1  3 -1 -2 -1  2  0 -2  1  0  0 -1  0 -2  0  0  0 -4 -1  1    4  16   3   2   1  10   5   3   4   6  10   2   3   2   4   6   7   0   2   9  0.14 0.17
  251 I   -1 -1 -2 -2  0 -1 -4 -2 -1  3  1 -3  1  0 -1 -1  0 -4 -1  3    5   3   2   2   2   3   0   3   2  21  12   0   3   3   3   5   7   0   2  21  0.29 0.25
  252 Y   -1  0 -1 -1  0  0  1 -1  2  0 -1 -1  0  2  0  0 -1  3  3 -1    5   4   3   2   2   5  11   4   5   5   4   3   2   9   4   7   3   4  12   5  0.14 0.17
  253 D    0  0  0  0  2  0  0  0  1  0 -1  0 -1  0  1  0  0 -2  1  0    6   6   5   6   5   5   6   6   5   6   6   6   0   5   6   6   6   0   5   6  0.03 0.06
  254 T    2 -2 -2 -2  2 -2 -3 -1 -1  0  1 -2 -1 -1 -1 -1  3  0  1  0   20   2   2   2   4   1   2   4   1   5  16   2   1   3   3   4  17   1   4   7  0.23 0.20
  255 I    0  0  0  0  0  0 -1 -1  0  0  0  0  0  0 -1  0  0 -1  0  0    8   5   4   7   2   4   3   5   3   8  10   4   3   5   2   8   6   1   4  10  0.00 0.01
  256 K   -1  0  3  0  0  0  0  0  1 -3 -3  0 -2 -3 -1  2  2 -4 -3 -2    5   4  17   4   2   4   7   8   3   1   2   5   1   1   3  15  12   0   0   2  0.26 0.24
  257 L   -1  0 -1 -1  1  0 -1 -1 -2 -1  3  0  1  0  0 -1  0 -1 -2 -1    4   4   3   4   3   4   3   5   1   3  31   7   4   4   4   5   5   1   1   4  0.14 0.15
  258 K   -1  2  0 -2 -1  2  1 -1  1 -1 -3  3 -2 -2 -2  0  1 -4 -2 -2    4  12   5   2   2   8   9   4   4   4   2  20   1   2   2   7   9   0   1   2  0.28 0.23
  259 P    1  1 -1 -2 -2  0 -1 -2 -1 -1 -1  0  1 -1  3  0  1 -2 -2  1   11   8   3   2   1   4   3   2   1   3   5   6   4   3  17   8   8   1   1   9  0.19 0.17
  260 R   -1  1 -1 -2 -2 -1 -1 -2  0  2  0  0  0 -2  1 -1  1 -3 -1  2    4   8   2   1   1   2   4   3   2  11  11   6   2   1   7   5  10   0   2  17  0.12 0.14
  261 L    0  0  2 -2  2 -1 -1  0  1  0  0  0  0  0 -2  1  1 -1 -1  1    5   5  10   1   5   2   3   5   4   5   8   6   2   3   1  11  11   1   1  10  0.06 0.10
  262 I   -1 -1 -1 -1 -1  0  1 -2  0  2  0 -1  1  0 -3  1  1  0 -1  1    3   3   3   2   1   3  10   1   3  15   9   4   4   4   0  10   9   2   2  12  0.10 0.13
  263 Y   -2 -2 -2 -3  0 -4 -3 -5 -4  5  1 -2  0  3 -2 -4 -2 -4 -1  2    2   3   2   1   2   0   2   1   0  39  10   3   2  11   2   1   2   0   1  16  0.65 0.38
  264 K    0  2  1  0  0  1  1 -1  1 -1 -2  1 -1 -2  2  1  0 -4 -2 -2    5  12   6   4   2   5   9   4   4   3   3   9   1   1  13  10   5   0   1   3  0.19 0.16
  265 A    5 -1  0 -2  3 -4 -4 -1 -4 -2 -3 -3 -4 -5 -1  0 -2 -5 -4  0   60   4   4   2   5   0   0   3   0   2   2   0   0   0   3   4   2   0   0   6  0.87 0.54
  266 H   -5 -1  0 -2  0  0 -2 -2 10 -6 -4 -4 -5 -1 -2 -2 -2 -6 -3 -6    0   3   4   2   2   3   2   3  68   0   2   0   0   2   2   2   2   0   0   0  2.22 0.97
  267 D   -1  2  1  2  0  2  2 -2  0 -2 -3  2 -3 -4  0  0 -1 -4 -1 -2    4   9   7  13   2   9  16   2   2   2   2  12   0   0   4   6   4   0   2   2  0.28 0.23
  268 S    0 -1  1 -1  0  0 -2  1  1 -3 -4 -2 -1 -4 -2  4  1  0  0 -4    8   3   5   3   2   4   2  12   3   2   0   2   2   0   2  37  10   1   3   0  0.44 0.39
  269 S    0  0  0  0  2  1  0  0  1  0 -1  0  1 -2  1  0  0 -3  1  0    6   6   5   6   5   5   6   6   5   6   6   6   5   0   6   6   6   0   5   6  0.04 0.08
  270 L   -3 -5 -5 -5 -1 -5 -2 -3 -5  5  4 -5 -2 -3 -1 -5 -2 -5 -4  2    2   0   0   0   1   0   3   3   0  31  37   0   0   0   4   0   2   0   0  15  0.94 0.46
  271 A    4  1 -2 -3  0  0 -2 -1 -2 -3 -3 -2 -1 -3 -3  2  0 -2 -2  1   40   8   2   1   2   3   2   3   1   1   3   1   1   1   1  15   5   1   1   9  0.49 0.35
  272 K    4 -2 -2 -5  7 -1 -3 -3 -1 -2 -3 -1 -1 -2 -2  1 -1 -5 -2 -1   33   2   2   0  24   3   1   1   2   2   2   4   2   2   2   8   4   0   1   3  0.82 0.45
  273 I   -2 -5 -2 -5  0 -4 -5 -3 -5  4  4 -5  4  0 -5 -4  0 -4 -4  1    3   0   2   0   2   0   0   2   0  22  39   0  10   4   0   0   5   0   0   7  0.79 0.40
  274 T    4 -1 -1 -2  2 -1 -1  0 -1 -2 -3 -1 -3 -2 -3  2  1 -5 -4  0   33   4   2   2   4   3   4   6   1   2   2   4   0   2   0  17   8   0   0   7  0.39 0.32
  275 I   -2 -5 -5 -5  0 -5 -5 -3 -5  1  4 -5  2  5 -5 -2 -2  2 -2  0    2   0   0   0   2   0   0   2   0   8  35   0   5  28   0   4   3   3   0   6  0.84 0.45
  276 S   -2 -2  6  1  0 -3 -1 -1  0 -5 -4 -3 -5 -5 -1  4  1 -6 -5 -5    3   2  34   8   2   0   4   4   2   0   2   0   0   0   3  28   7   0   0   0  0.87 0.52
  277 N   -1  0  1 -1  1  2 -2 -2  1 -1 -2  0  1 -1  3  1 -1  3  1 -2    6   5   5   3   3   7   3   4   4   3   5   5   4   3  13  11   4   4   4   3  0.18 0.18
  278 D   -2 -1  0  5  1  2  0 -2  1 -2 -3 -1  0 -1 -1  1  0 -7  0 -2    4   3   5  25   3   7   6   3   3   3   4   4   3   3   3  10   5   0   3   3  0.38 0.30
  279 N   -1 -2 -1 -1  1 -5 -1  6 -6 -6 -6 -2  0 -6 -6 -1 -2 -6 -1 -2    5   3   3   3   3   0   4  59   0   0   0   3   3   0   0   5   3   0   3   3  1.22 0.65
  280 K   -1  0  0  0  0  0  0 -1  0 -2 -2  0  0 -3 -1  2  3 -4 -1 -2    4   6   4   5   2   4   6   3   3   2   4   6   3   0   2  20  21   0   2   2  0.22 0.21
  281 K   -1  1 -1 -2  1  0 -1 -3  0  0  1  1  2  0 -3  0  0  2  1  0    4   7   3   0   3   3   4   1   3   4  20   9   6   4   0   9   3   3   4   8  0.08 0.10
  282 I    0 -2  1 -2  3 -2 -2 -2 -2  1  1 -2  2  2 -2 -1 -1 -2 -1  1   12   1  12   1  11   0   1   1   0  12  12   1  11  12   1   1   1   0   0  12  0.13 0.08
  283 A    4 -2 -2 -2  1 -2 -2  0 -2  0  0 -2 -1 -1 -2  1  0 -3 -2  1   56   1   1   1   3   0   1   5   0   3   8   1   0   3   1   5   3   0   0   9  0.29 0.15
  284 T    0 -2 -1 -2  2 -1 -2 -2 -2 -1 -1 -1 -1 -2 -2  1  5 -3 -2  0    6   1   1   1   4   0   1   1   0   1   6   1   0   0   1  10  61   0   0   5  0.50 0.21
  285 A    3 -2  0 -2  1 -1 -1  1 -2 -1 -2 -1 -1 -2 -1  2  1 -3 -2  0   49   1   3   1   4   0   1   8   0   3   1   1   0   0   1  15  10   0   0   3  0.31 0.14
  286 S    0 -2  1  0  0 -1 -1  0 -2 -3 -2 -1 -2 -2 -2  5  1 -3 -1 -2    3   1   5   3   2   0   1   3   0   1   3   1   0   0   1  65   7   0   2   1  0.48 0.21
  287 S    0  0  0  2 -1  0  2 -1  0 -1 -2  1  0 -2 -1  1  1 -3 -2  0    8   3   4  11   1   2  20   3   2   5   2   8   2   1   1   9   8   0   1   8  0.13 0.09
  288 K   -1  2  1 -1 -2  1  0 -3  0 -1 -2  5 -1 -3 -2 -1  0 -4 -2 -1    3  13   7   3   1   6   2   1   2   4   3  44   1   0   0   2   4   0   1   3  0.45 0.24
  289 G    0 -4 -2 -3 -4 -3 -2  7 -4 -5 -5 -1 -4 -5 -4 -2 -3 -4 -5 -5    5   0   0   0   0   0   3  86   0   0   1   3   0   0   0   0   0   0   0   0  1.60 0.46
  290 T   -2 -1 -1 -1 -3 -1 -2 -3  1 -2 -3 -2 -3 -4 -3  0  6 -4 -2 -2    1   2   2   3   0   2   2   1   4   2   1   0   0   0   0   3  75   0   1   0  1.10 0.44
  291 I   -1 -2  0 -1 -1 -2 -2 -2  0  2  2 -2  0 -1 -3 -2 -1 -1 -2  3    2   1   6   3   1   1   2   3   3  14  25   1   1   1   1   2   3   1   0  30  0.24 0.16
  292 I   -2 -4 -4 -4 -1 -4 -4 -5  0  6  1 -4  0  1 -4 -4 -2 -4 -1  3    1   0   0   0   1   0   0   0   2  60   8   0   1   4   0   0   0   0   2  17  0.89 0.36
  293 R   -3  7  1 -3 -2 -1 -2 -4  3 -5 -4  1 -3 -4 -1 -3 -3 -1 -3 -3    0  67   8   0   1   1   1   0   7   0   0   7   0   0   3   0   0   1   0   1  1.23 0.46
  294 V   -2 -4 -3 -3 -1 -4 -2 -5 -4  4  1 -4 -1 -2 -1 -3 -2 -4 -3  5    1   0   1   1   1   0   2   0   0  23  10   0   0   1   3   0   1   0   0  54  0.75 0.34
  295 C   -4 -5 -5 -6 -3 -5 -4 -5  4 -3 -1 -5 -2  7 -6 -4 -4  7  2 -3    1   0   0   0   1   0   1   0  12   1   3   0   1  59   0   1   1  13   5   1  1.73 0.58
  296 H    0  1  2  3 -2  0  0 -1  0 -3 -2 -1 -2 -4 -2  3  0 -4 -2 -3    5   8  11  22   1   3   3   3   3   1   3   3   0   0   1  26   5   0   1   1  0.36 0.23
  297 L   -1 -3 -2 -3 -2 -3 -3 -2 -1  2  1 -3  0 -2 -2  0  4 -2 -2  3    3   1   1   0   1   0   0   3   2  14  13   1   2   1   1   6  29   0   1  22  0.39 0.25
  298 E    0  1  0  0 -1  1  0 -2  0 -2 -1  1  0 -1  4  1  0 -3 -1 -1   10   9   4   4   1   6   6   1   2   1   4   7   3   3  22  10   3   0   1   3  0.27 0.15
  299 S    0  0  1  3 -2  0  0 -1  1 -3 -3 -1 -3 -3  1  2  2 -4 -2 -2    5   4   5  17   1   5   5   3   3   1   2   3   0   1   6  19  18   0   1   1  0.31 0.21
  300 S    1 -1 -1 -2 -2 -1 -1  5 -1 -1 -1 -1 -1 -2 -2  1 -1 -3 -2 -2    9   3   2   2   1   3   3  44   1   4   5   3   1   2   2  10   4   0   1   2  0.49 0.23
  301 D   -1  0  1  1 -1  3  2  0  0 -2 -2  0 -1 -1  0  0  0 -1 -1 -1    4   5   5   9   1  16  13   8   2   2   4   6   1   3   4   6   5   1   1   4  0.15 0.09
  302 D    0  0  0  0  1  0  0  0  2 -1  0  0 -1 -1  1  0  0 -1 -1 -1    8   5   4   5   3   3   6   8   6   3   9   7   2   3   8   8   6   1   2   4  0.05 0.02
  303 E    0  0  0  0 -1  0  0  0  0  0  0  0  0 -1  1  0  0 -1 -1  0    7   4   4   6   1   5   7   9   2   7   8   5   1   3   7   9   5   1   2   7  0.04 0.01
  304 D    0  1  0  0 -1  0  0  0  0  0 -1  0  0 -1  0  1  1  0  0  0    8   7   4   5   1   5   6   8   2   5   7   5   2   3   4  10   8   2   3   6  0.03 0.01
  305 V    1  0  0  0  0  0  0  0  0 -1 -1  0 -1 -1  0  1  0 -1  0  0   11   4   5   3   2   3   6   8   2   4   7   5   1   3   5  14   5   1   4   8  0.04 0.02
  306 S    0  0  1  1 -1  0  0  0  0  0  0  0  0 -1  1  1  0  0  0  0    7   5   6   7   1   4   4   7   2   5   8   5   2   3   5  12   6   1   3   6  0.03 0.01
  307 K    0  1  0  0  0  0  0  0  1 -1 -1  0  0 -1  0  1  1  1  0 -1   10   8   4   4   2   4   6   6   3   5   6   6   2   2   5  11   8   2   3   4  0.04 0.02
  308 P    0  0  0  0 -1  0  0  0  0  0  0  0  0 -1  1  0  1 -1 -1  0    7   5   3   5   2   5   5   7   2   6   9   5   2   3   7   9   9   1   2   5  0.03 0.01
  309 F    0 -1  0  0 -1  0  0  1  1  0  0 -1  0  0  1  1  0  0  0  0    8   3   4   4   1   5   3  10   5   4  10   3   2   6   6  10   5   1   2   6  0.03 0.02
  310 N    0  0  2  0 -1  1  0  0  0 -1 -1  0 -1 -1  0  1  0 -1 -1 -1   10   4  10   6   1   6   3   6   3   3   5   7   2   3   4  14   7   1   2   4  0.08 0.05
  311 I    0  0 -1 -1  2 -1 -1  1  1  0  0 -1 -1  0  1  0  0  0  0  0   11   5   3   3   6   2   4  10   4   8   7   3   1   5   7   6   4   1   4   7  0.03 0.03
  312 S    1  1  0 -1  0  1  0 -1  0 -1 -1  0 -1 -2 -1  1  2 -1 -2  0   12   7   3   3   2   8   5   4   3   2   5   5   1   1   3  11  16   1   1   8  0.11 0.09
  313 Q   -2  2 -3 -3  0  0 -3 -3  4 -2  3  4  1 -1 -1 -2 -3 -4 -3 -3    3   9   1   2   3   5   1   1  12   2  26  23   3   2   3   3   1   0   0   1  0.49 0.31
  314 I   -2 -3 -5 -6 -3 -4 -5 -6 -5  2  5 -4  1 -2 -5 -3 -3 -5 -4  2    4   2   1   0   0   0   1   0   0  12  58   1   3   1   0   2   2   0   0  13  1.04 0.49
  315 I   -1  1 -2 -4  0  1 -2 -2  3 -1 -1  0  0  3 -5 -3 -2  0  6 -1    5   7   2   0   2   8   2   4   8   3   5   6   2  10   0   1   3   1  27   3  0.56 0.35
  316 N   -3  0  0 -2 -6  2  6 -4  0 -5 -3  2 -2 -6 -5 -1  0 -6 -5 -4    2   5   3   1   0   9  47   1   2   0   4  13   1   0   0   5   5   0   0   1  0.93 0.52
  317 L   -5 -6 -6 -7 -3 -6 -6 -7 -6 -2  5 -6 -2  7 -6 -5 -5 -4 -2  0    1   0   0   0   0   0   0   0   0   1  47   0   1  40   0   1   0   0   1   6  1.64 0.68
  318 R   -5  8 -3 -5 -2  1 -4 -4  2 -4 -5 -1 -4 -3 -6 -4 -2 -2 -1 -2    1  69   1   0   1   7   0   1   4   1   1   2   0   1   0   1   3   1   2   3  1.78 0.75
  319 R   -6  9 -5 -6 -3 -4 -5 -6 -5 -7 -6 -3 -6 -7 -6 -5 -6 -7 -6 -3    0  93   0   0   1   0   0   0   0   0   0   0   0   0   0   0   0   0   0   2  2.93 1.07
  320 G   -4 -6 -5 -5 -6 -6 -6  7 -6 -7 -7 -6 -6 -7 -3 -3 -3 -2 -7 -4    1   0   0   1   0   0   0  89   0   0   0   0   0   0   2   2   1   1   0   1  2.38 0.89
  321 H    1 -1 -1 -3 -3 -2 -2 -3  1  1 -1  1  2  0 -2  2  2 -4  0  1   13   2   2   0   0   1   1   1   4   8   5   9   5   4   2  18  14   0   3  10  0.22 0.21
  322 N   -1  0  0  0  2  0  0 -1  2  0 -1  0  1  0 -3  0  0  3  1  0    5   5   5   5   5   5   5   5   5   5   5   5   5   5   0   5   5   5   5   5  0.06 0.10
  323 I    0  1  1 -1  2  0  0  0  1 -1 -2  0 -3 -1  3  1  0 -4  0 -1    6   8   6   3   4   5   5   6   4   3   3   4   0   3  14  12   7   0   3   3  0.16 0.18
  324 A    5 -4 -1 -4  4 -4 -1 -4 -4 -1 -2 -4 -4 -4 -4  1  0 -5  0  1   46   0   3   0   8   0   3   0   0   4   4   0   0   0   0  10   6   0   4  10  0.74 0.47
  325 K    0  2  1  0 -1  1  1 -2  0 -1 -2  1  0 -1 -2  1  2 -4 -1 -1    9  11   6   5   2   6   8   2   2   3   4   7   2   3   1  11  12   0   1   4  0.12 0.15
  326 V   -3 -6 -6 -6 -5 -2 -6 -7 -6  7  0 -6  1 -1 -6 -6 -2 -6 -5  2    2   0   0   0   0   2   0   0   0  68   6   0   3   2   0   0   3   0   0  10  1.79 0.75
  327 N   -2 -2  1 -3  3  1 -3 -2  4 -3 -2 -3 -2  2 -5  1 -1  1  6 -2    3   2   7   1   5   6   1   3  10   1   5   2   1   8   0  10   4   2  28   2  0.68 0.41
  328 C   -1 -3 -2  0  7 -2 -3 -1  1 -5 -4 -4 -5 -5 -5  5 -2 -6  0 -5    4   1   2   6  19   2   2   5   3   0   2   0   0   0   0  49   2   0   3   0  1.17 0.62
  329 L    1 -2 -1 -2 -1 -1 -2 -2 -2  1  1 -1  2 -1 -2  1  1 -2 -1  1   13   1   1   1   0   1   1   1   0  13  14   1  13   0   1  13  13   0   0  13  0.12 0.06
  330 S    2  0  0  0  2  0  0 -1  0 -2 -1  0  1 -2 -2  1  0  1 -1 -1   27   3   5   5   5   3   5   3   2   1   3   3   6   0   1  16   5   3   2   3  0.13 0.11
  331 F   -3 -4 -4 -4 -3 -4 -4 -4 -3  1  0 -4  2  7 -4 -3 -3  4  1  0    1   1   0   1   0   0   1   1   0   7   7   1   7  62   1   1   1   6   0   6  1.09 0.36
  332 S   -1 -1  4  0  1 -1 -2 -2  1 -5 -4 -2 -5 -3 -5  5 -1 -6 -5 -5    3   4  16   6   2   3   2   3   3   0   2   1   0   1   0  49   2   0   0   0  0.93 0.50
  333 L    0  0 -1 -2 -1  0 -1 -2  2 -2 -1  0  0 -2  5  1 -1  0 -1 -2    8   6   3   2   1   5   3   3   6   2   6   5   2   1  29   9   3   2   2   3  0.44 0.27
  334 D   -3 -2  2  6  2 -2 -1 -2 -1 -3 -4 -2 -2 -3 -2  0  0 -6 -2 -2    2   2   8  49   4   1   4   3   1   1   2   2   1   1   2   7   5   0   1   3  0.94 0.46
  335 N    1 -3  2  0  1 -3 -1  2 -1 -2 -3 -2 -1 -3 -1  4 -1 -5 -3 -2   10   1  11   4   2   0   3  14   1   2   3   2   1   1   4  34   3   0   1   3  0.46 0.34
  336 S    0  2  0 -1 -1  3  1 -2  1 -3 -3  2 -1 -3 -2  2  2 -5 -3 -3    7   9   5   4   1  15   7   2   4   1   3  10   2   1   2  14  12   0   1   1  0.31 0.25
  337 I   -1  0 -3 -4 -1 -3 -2 -5  1 -1  2 -2  1  4 -5 -4 -3  8  3 -2    5   5   1   1   1   1   3   0   3   3  19   3   4  17   0   1   1  18  10   2  0.83 0.40
  338 L   -5 -6 -7 -7 -5 -6 -6 -7 -6  2  6 -6  1  0 -6 -4 -5 -6 -5  1    0   0   0   0   0   0   0   0   0  11  69   0   2   3   0   2   0   0   0  10  1.49 0.63
  339 G    5 -5 -5 -5  7 -4 -5 -1 -5 -2 -2 -4 -1 -3 -4  0 -2 -5 -5  0   45   0   0   0  24   0   0   4   0   2   5   0   2   1   0   5   1   0   0   6  1.06 0.54
  340 C    3 -5 -5 -5  5 -3 -5 -3 -5  1 -1 -4 -1 -4 -5 -1 -1 -5 -3  5   24   0   0   0  13   1   0   1   0   6   6   0   1   0   0   4   2   0   1  37  0.78 0.44
  341 G    1 -4 -2 -4  2 -3 -3 -1 -4 -2 -2 -3 -2 -4 -3  5  2  3 -3  0   12   0   1   0   5   0   1   3   0   2   3   1   1   0   1  40  15   4   1   7  0.61 0.43
  342 S   -2 -5 -2 -5 -2 -4 -5 -2 -5 -6 -4 -5 -6 -6 -1  7 -1 -7 -6 -4    2   0   1   0   1   0   0   3   0   0   2   0   0   0   3  83   3   0   0   1  1.85 0.86
  343 E    0 -4  4  6 -6 -3  0 -3 -2 -5 -4 -3 -5 -6 -5  2 -2 -6 -4 -4    7   1  23  42   0   1   5   2   1   1   1   1   0   0   0  15   1   0   1   1  1.12 0.55
  344 S   -3  2  0 -4 -5 -2 -3 -3  3 -4 -5  5 -4 -4 -4  2  4 -5 -4 -4    1  12   4   0   0   1   0   1   8   1   0  33   0   1   0  14  23   0   0   1  0.84 0.48
  345 N   -2 -4  0  0 -3 -2  2  6 -2 -6 -5 -1 -4 -3 -2 -1 -4 -6 -3 -5    1   0   3   5   1   1  15  58   1   0   1   4   0   1   2   4   1   0   1   1  1.09 0.52
  346 T   -4 -3 -3 -4 -5 -5 -4 -6 -6 -5 -6 -3 -5 -7 -6 -1  8 -7 -6 -5    1   1   1   1   0   0   1   0   0   0   0   1   0   0   0   3  90   0   0   0  2.37 0.98
  347 I   -1 -5 -4 -5  1 -5 -5 -4 -6  4  1 -5 -1 -2 -5 -2 -2 -5 -4  5    4   0   1   1   2   0   0   1   0  22  13   0   1   1   0   3   2   0   0  49  1.01 0.48
  348 H   -6 -3 -4 -4 -7 -2 -5 -7 11 -8 -7 -5 -6 -6 -7 -6 -6 -7  0 -7    0   1   0   1   0   2   0   0  91   0   0   0   0   0   0   0   0   0   3   0  3.72 1.16
  349 F   -3 -5 -6 -6 -2 -5 -6 -6 -6  6  1 -5  0 -1 -5 -5 -3 -5 -4  5    1   0   0   0   1   0   0   0   0  41  11   0   2   2   0   0   1   0   0  39  1.26 0.51
  350 F   -6 -6 -7 -7 -6 -6 -7 -7 -5 -4 -3 -7 -4  9 -7 -5 -6  5  3 -4    0   0   0   0   0   0   0   0   0   0   1   0   0  80   0   1   0   6   9   1  2.61 0.84
  351 R    1  2  1  1  0  1  0 -2  0 -3 -3  3 -2 -3 -2  2 -1 -4 -2 -2   11  13   7   8   2   4   3   2   2   1   2  21   0   1   1  15   2   0   1   1  0.29 0.21
  352 L   -3 -5 -3 -6  0 -5 -5 -6 -5  3  5 -5  1 -2 -5 -4 -3 -2 -1  1    2   0   1   0   2   0   0   0   0  17  62   0   2   1   0   1   1   1   2   7  1.06 0.45
  353 S    0  0  2  2 -2  0  1  1 -1 -3 -3  1 -2 -2  1  1  0 -4 -2 -2    9   4   9  12   1   3  12   9   1   1   2   7   1   2   8  12   5   0   1   2  0.20 0.14
  354 K    0  0  0  1 -3  1  1  0  1 -1 -2  1 -1 -2  2  0  0 -3 -2 -1    6   5   4   9   0   6  12   5   3   3   4  11   1   2  10   7   4   0   1   5  0.15 0.10
  355 Q    0  1  1  0 -1  2  1  0  1 -2 -1  1 -1 -1  1  0  0 -2 -1 -2    6   8   6   6   1  12  10   6   3   2   5   6   1   3   8   8   5   0   2   2  0.12 0.10
  356 P    0  0  0  1 -3  0  1  1 -1 -1 -2  0 -1 -2  2  1  0 -3 -2  0    9   3   4   7   0   2   9  12   1   3   3   7   1   1  11  12   6   0   1   7  0.13 0.10
  357 H    0  0  1  0 -2  1  1  1  0 -2 -1  1  0 -2  0  1  0 -2 -2 -1    7   5   8   6   1   6  11  10   2   2   6   8   3   1   3  11   6   0   1   4  0.09 0.08
  358 E    0  0  1  0 -2  1  1  0 -1 -2 -2  1 -1 -2  0  1  0 -2 -3 -2    7   5   8   5   1   5  12   8   1   3   4  10   1   2   4  14   7   0   0   2  0.13 0.12
  359 S    1  0  1  0 -2  0  0  0  0 -2 -1  0  0 -2  1  1  1  0 -1 -1   11   5   7   5   1   5   5   6   2   1   6   6   3   1   5  14  10   1   2   4  0.09 0.09
  360 F    0  0  1  0  0  0  1  1  0 -1  0  0 -1 -2  0  1  0 -2 -1 -1    8   5   9   5   2   4   8  10   2   3   8   4   2   1   3  11   6   0   2   4  0.05 0.06
  361 E    1 -1  0  0 -3  1  1  0 -1 -3 -2  1 -1 -2  1  3  0 -2 -3 -2    9   3   4   4   0   7  11   7   2   1   3   8   1   2   6  23   4   1   1   3  0.21 0.20
  362 Y    1  1  1  0 -1  1  0 -1  1 -2 -1  0 -1 -1  0  1  1 -1 -1  0   10   8   6   5   1   5   7   5   3   2   5   3   2   2   3  14   8   1   2   6  0.07 0.09
  363 E    0  1  0 -1 -1  1  1  1  1 -1 -2  1 -1 -2  1  1  0 -2 -2 -1    7   7   4   2   1   8   9   9   4   5   3   8   1   1   7  11   6   1   1   4  0.10 0.10
  364 E    1  0  0  1 -3  1  2  0  1 -2 -2  0 -1 -3  1  2  0 -4 -2 -2   11   5   4   8   0   6  13   7   4   2   4   5   1   1   6  14   5   0   1   2  0.16 0.15
  365 D    0  0  1  1 -2  1  1  1  0 -2 -1  0 -2 -3  0  2  1 -1 -2 -2    6   4   7  10   1   6   8   9   2   3   5   4   1   1   5  18   7   1   1   2  0.14 0.14
  366 P    1 -1  0  0 -4  0  0 -1  1 -2 -1 -1 -2 -2  4  1 -1 -2 -3 -2   12   3   4   5   0   5   7   5   3   2   6   3   1   2  21  12   4   1   1   2  0.28 0.21
  367 A    2  0  0 -1 -2 -1 -1  1 -1 -1  0 -1 -1 -2  0  2  0 -2 -2  0   18   5   4   3   1   3   3  10   1   3   8   3   2   1   5  15   6   1   1   5  0.10 0.12
  368 N    1 -1  3 -1 -3  0 -1  1  0 -2 -2 -1 -1 -1  0  2  1 -4 -1 -1   10   3  13   4   0   5   4   9   3   1   5   3   1   2   5  17   7   0   2   4  0.17 0.17
  369 E    1  0  1  0 -2  1  1 -1  1 -2 -1  0 -1 -2  1  1  0 -1 -1 -1   11   5   7   4   1   6  11   5   4   2   5   5   1   1   8  12   4   1   2   4  0.09 0.11
  370 S    1  0  1 -1 -2  0 -1  0 -2 -1 -1 -1 -2 -2  1  3  1 -4 -1 -1   10   4   8   2   0   4   3   7   1   5   7   3   1   1   6  21   8   0   2   5  0.13 0.16
  371 D    0  0  2  2 -3  0  0  0  0 -2 -1  1 -2 -1  0  1  0 -1 -1 -2    8   5  11  11   0   3   4   7   2   3   5   7   0   3   5  13   5   1   2   3  0.10 0.11
  372 P    0  1 -2 -1 -3 -1 -1  0  1 -2 -1  0 -1 -1  4  1  0 -1  0 -1    9   8   2   4   0   2   4   9   3   3   5   4   1   3  18  11   5   1   4   3  0.21 0.16
  373 D    0 -1  2  1 -2 -1  0  1  0 -2 -1 -1 -1  0  0  2  0 -1 -1 -1    9   2  10   9   1   2   5  10   2   2   8   2   2   4   5  15   5   1   3   4  0.11 0.11
  374 D    1 -1  1  2 -3  0  1  0 -1 -1 -1 -2 -2 -2  0  2  0  0 -3 -1    9   3   7  11   0   3   8   7   1   4   7   2   1   2   4  19   5   2   1   4  0.15 0.14
  375 E   -1  0  0  0  2  0  0 -1  2  0 -1  0  2  1  0 -1  0  4  1 -1    5   5   5   5   5   5   5   5   5   5   5   5   5   5   5   5   5   5   5   5  0.09 0.08
  376 D   -1  1  1  1  1  2 -1 -1  1 -1 -1 -1  0 -1  0  1  0  2  0 -2    6   7   6   7   3   9   4   5   3   3   6   4   3   3   5  11   6   3   3   3  0.09 0.11
  377 R   -1  2  1 -1  0  1 -1  0  1 -2 -2  0  0  0 -1  1  0  4  1 -2    5  12   7   3   2   6   4   8   3   3   3   6   3   4   3  10   7   5   4   4  0.17 0.16
  378 S    0 -1 -1 -1 -1 -2 -1  0  1 -2 -2 -1  0 -1  0  4 -1  3 -2 -2    8   3   4   4   1   2   4   6   3   2   5   4   2   3   6  30   4   4   2   3  0.35 0.32
  379 S    0  0  0 -2 -1  0 -1  0  1 -2 -1 -2  1  0  0  3  1  0 -1 -1    7   6   5   3   1   3   5   9   3   3   7   2   3   3   4  20   8   1   2   5  0.14 0.16
  380 E   -1  0 -1  1 -1  1  1  0  1 -1 -2  0 -1 -2  0  2  0  1  0 -1    5   5   3   8   1   6   9   9   3   3   4   6   1   2   4  16   6   2   3   4  0.12 0.14
  381 D   -2  1  0  2 -6  0  0  0  0 -2 -3  0 -1  0  0  3  0  1 -1 -1    3   6   5  10   0   3   5   7   3   2   3   6   1   4   4  21   6   2   3   4  0.21 0.21
  382 L   -1 -2  0 -1 -1  0 -2 -1 -1  1  2 -2  1  2 -1  0 -1  3  1  0    6   2   4   3   1   4   3   5   2   7  19   3   3   9   4   8   4   3   5   5  0.14 0.11
  383 N   -1 -1  3  1 -1  0 -2  0  1 -3 -3  0  0 -2  0  3 -1 -6 -3 -1    5   4  15   8   1   5   3   7   3   2   4   6   2   2   6  19   5   0   1   5  0.30 0.25
  384 Q    0  1  0 -1 -5  1  0  2  1 -2 -2  0 -2 -2  0  2  1 -5 -1 -2    8   6   4   4   0   6   7  15   3   2   5   6   1   2   4  13   7   0   2   4  0.14 0.16
  385 N   -1 -1  3 -2 -2  0  0  1  0 -3 -2 -1 -2 -2  2  2  0  0 -1  0    5   4  11   3   1   5   6   9   2   2   4   4   1   2  10  16   5   1   2   6  0.20 0.21
  386 L    0 -1 -2 -3 -2  1  0 -1 -2  0  1 -1  0  0  1  2  1 -1 -1 -1    8   4   2   1   1   5   5   6   1   6  15   3   2   3   6  13   7   1   3   5  0.08 0.11
  387 A    1 -2 -1  0 -1  0 -1  1  1 -3 -1 -1 -1  0  3  2  0 -1  1 -2   13   2   2   4   1   4   4   9   3   2   6   4   2   3  14  12   5   1   4   3  0.16 0.18
  388 N    0  0  2  0 -2 -1 -2  0  3 -3 -3  1 -1 -2 -2  3  1  3 -1 -2    7   4  10   6   1   3   3   7   6   2   3   9   1   2   2  18   8   3   2   3  0.23 0.23
  389 L    0 -1 -1 -2  2 -1 -2  0  0  0  1 -2  0  1  0  1 -1 -4  3 -1    7   3   4   3   4   2   3   6   2   6  12   3   3   5   4  13   4   0   9   5  0.09 0.11
  390 L    1 -2 -2 -2  1 -1 -1 -1 -3  0  1 -2 -1  2  2  1 -1 -2 -1 -1   10   3   2   3   3   2   4   5   1   5  16   2   2  10   9  12   5   1   2   4  0.13 0.15
  391 I    0  0  0  0  2  0  0  0  1  0 -1  0  1  0  0  0  0 -3 -1  0    5   5   5   5   5   5   5   5   5   5   5   5   5   5   5   5   5   0   0   5  0.00 0.07
  392 S    0  0  0  0  1  0  0  0  0 -1 -1  0  0 -1  0  2  0 -3  0 -1    8   4   5   4   3   3   4   8   3   4   5   4   3   3   4  20   4   0   3   4  0.04 0.14
  393 K    0  0  0  0  0  0  0  0  0 -1 -1  0  0  0  1  1  0  1  0 -1    7   6   3   4   2   4   7   6   3   3   4   7   2   5   7  11   4   2   3   5  0.01 0.06
  394 T    0 -2 -1 -1 -1 -1  0  1 -1  0  0 -2  1 -1  1  1  1  4 -1 -1    7   2   3   3   1   3   5   9   1   5   7   3   3   3   6   9  10   5   2   5  0.04 0.12
  395 P   -1 -1  1 -2 -1 -2 -2 -1 -2 -2 -3 -3 -1 -2  4  2 -1 -1  2  0    4   3   7   3   1   2   3   5   1   3   3   2   2   2  22  16   4   1   6   6  0.35 0.38
  396 D   -2 -2  0  2 -1  1  1  1  0 -3 -1  0 -1 -1  0  1  0  0 -1 -1    4   2   5  11   1   6   9   9   2   2   6   5   2   3   5  10   6   1   2   5  0.05 0.14
  397 A    3 -1  0 -2 -2 -1 -1  2 -2 -3 -2 -1 -1 -3  1  1  1 -6  0 -2   20   3   5   3   1   3   4  12   1   2   4   4   1   1   7  10   7   0   3   3  0.17 0.23
  398 S    0  0 -1 -2 -2  1 -2  0 -1 -1 -2 -1 -2  2  1  2 -1 -1  0 -1    9   4   4   2   1   7   2   7   2   4   5   3   1   7   8  16   4   1   3   4  0.09 0.17
  399 A    0 -1 -1 -1 -5 -1  0  1 -1  0 -1 -1  0  1  1  1  1 -1 -2  1    8   3   2   3   0   3   6  10   1   5   5   3   2   7   6  11   9   1   1   8  0.03 0.11
  400 P   -1  0 -1  1 -1  2  0  0  1 -2 -3 -2  0 -2  3  1  0 -7 -3  0    5   5   3   8   1   8   5   6   3   2   2   3   2   2  16  12   7   0   1   7  0.24 0.25
  401 D    0  1  1  2 -4  0  0  1  0 -2  0  0 -1 -2  1  1  0 -4 -1 -2    6   7   5  11   0   4   7   9   3   2   8   5   2   1   8   9   7   0   2   3  0.11 0.14
  402 Q    0  1  1  1 -1  1  0  0  1 -1 -1  0 -1 -3 -1  1  0  0 -4 -2    6   8   8   8   1   7   7   7   4   4   5   4   2   1   4  12   7   1   0   3  0.11 0.14
  403 K    0  0  1  0 -2  1  1  0  2  0 -1  1  0 -2  0  1  0  0 -1 -1    6   5   6   4   1   6   7   6   5   6   7   9   2   1   5  11   6   2   2   3  0.06 0.09
  404 D    0  0  0  1 -1 -1  1  2 -1 -2 -3  0 -4 -2  2  1  0 -5 -3 -2    6   6   5   8   1   3  10  13   1   2   3   6   0   2  11  13   5   0   1   3  0.20 0.21
  405 S    0 -1  1  0 -4  0  1  2  1 -2 -1 -1 -2 -1 -1  3  0 -1 -1 -1    9   3   6   5   0   3   8  13   3   2   6   3   1   3   4  20   5   1   2   4  0.16 0.20
  406 A    0  1  1 -2 -2  2  1  0  0 -2 -1  0  0 -2  0  2  0  1 -2 -1    8   7   6   2   1   8   8   6   2   2   6   5   2   2   4  17   5   2   1   5  0.13 0.17
  407 K   -1  0  0  1 -4 -1 -1  0 -1 -2 -1  2  0 -1  0  2  1  0  1 -1    5   6   4   7   0   2   4   7   1   2   5  12   2   2   5  16   7   1   5   5  0.11 0.16
  408 S    0  0  2 -1 -1  0 -2  1  0  0 -1  0 -1 -2  1  2  0  0 -2 -2    6   6   8   3   1   4   2  11   3   6   5   7   1   2   6  20   5   1   1   3  0.15 0.19
  409 S   -1 -1 -1 -3  0 -1 -1  2 -2 -2 -3 -1 -1  1  0  4  2 -1 -2  0    5   3   3   2   2   3   3  13   1   2   2   4   2   5   4  28  10   1   1   6  0.32 0.33
  410 Y    0 -4 -1 -2 -5 -2 -3 -1  1  0  0 -3  2  1 -1  1 -2  8  1 -1    9   1   3   3   0   2   2   5   3   5  10   2   5   6   4  10   2  21   4   5  0.60 0.42
  411 F   -1 -1  0 -1 -2 -2 -2 -1 -2  0  0 -1  2  3  1  1  0 -4  1  0    6   4   4   3   1   2   2   4   1   4   9   4   6  15   7  13   7   0   4   7  0.16 0.18
  412 G    0 -1  2  0 -2 -1 -2  4 -1 -3 -2  0 -3 -1 -2  1 -1  0 -4 -2    6   3  10   6   1   3   3  32   2   1   4   5   1   2   2  12   3   1   0   3  0.42 0.34
  413 V    0 -1  0 -2 -2 -2 -3 -1  2 -1 -1  0  0  0 -1  1  1  4  3  0    7   3   5   2   1   1   1   5   5   3   6   6   2   3   3  13  10   6  11   7  0.19 0.21
  414 L   -2 -3 -1 -2 -1  0 -2 -1  0  1  2 -1  2  3 -1 -1 -1 -4 -2  1    4   1   3   2   1   5   3   5   3   6  24   4   5  13   3   5   5   0   1  10  0.23 0.21
  415 K   -1  2  0 -1 -2  0  0  1 -3 -2 -2  3  0 -3  1  2 -1 -2 -4 -2    5  11   4   3   1   4   5  11   0   2   4  17   3   1   8  13   4   1   0   3  0.24 0.25
  416 K   -1  3  3 -1 -5 -1 -2  1 -1 -4 -3  3 -4 -3 -2  2  0 -2 -2 -4    4  15  14   3   0   3   2  10   1   1   2  16   0   1   2  17   6   1   2   1  0.45 0.37
  417 K    1  0 -1 -2 -3  0 -1 -1  0 -1 -1  1  3 -2  1  1  1 -4  0  0   14   4   3   2   0   3   3   5   2   2   4   9   8   2   7  13  10   0   4   5  0.15 0.19
  418 V    0 -1 -1 -2 -1 -2 -2 -2 -2  2  1 -2 -1  2 -1  0  0  1 -1  2    9   3   3   2   1   1   2   4   1  14  16   2   1   9   3   7   5   2   2  13  0.14 0.14
  419 E    0  3 -1  0 -2  0  0  0  0 -2 -2  1  0 -2  0  2  0  0 -2 -2    9  15   3   5   1   4   5   9   2   2   5   7   2   1   4  15   6   1   1   2  0.16 0.18
  420 G    2  2  0  0 -1 -1 -2  1 -1 -3 -2 -1 -2 -1 -2  3 -1  0 -1 -1   18  12   5   5   1   2   2   9   1   1   4   3   1   3   2  19   4   2   2   4  0.24 0.24
  421 S    1 -2 -1 -3 -1 -1 -1  1 -3 -1 -2 -1  0  0 -2  3  2 -2 -3 -1   13   2   3   1   1   3   4  10   0   3   5   4   3   5   2  24  11   1   1   4  0.24 0.25
  422 S    1 -2 -3 -3 -2  0 -1 -1 -1 -1 -3 -1 -1 -4 -2  4  1  3  0 -1   12   2   1   2   1   5   4   4   1   4   3   3   2   1   2  35   7   3   4   5  0.47 0.40
  423 R   -1  2  0 -1 -4  3 -1  0 -1 -3 -1  1  1 -1 -1  2  0 -4  0 -1    5   9   5   2   0  12   4   9   2   1   5  10   3   3   3  14   6   0   3   4  0.16 0.19
  424 F    0 -1  1 -1  1 -1 -1  0  3  0  0  0 -1  1 -2  0  0 -3  4 -1    6   4   6   3   4   3   3   9   6   5   8   5   1   7   2   5   6   0  14   3  0.14 0.14
  425 M   -1 -3 -3 -4 -4 -1 -2 -2 -3  3  3 -2  2  0 -1 -1 -1 -1 -2  2    4   1   1   1   0   4   2   3   1  13  32   2   5   4   4   5   4   1   2  11  0.38 0.27
  426 N   -2 -1  0 -1 -4  0 -2  2 -2 -3 -2 -2 -4  1  4  2  1  1 -2 -3    2   3   5   4   0   4   2  15   1   1   4   3   0   6  21  14  10   2   1   2  0.41 0.34
  427 N    0  2  3  1 -4 -2 -1  0 -1 -3 -3  2 -4 -1 -3  2  1 -4 -4 -3    9  12  15   8   0   1   3   6   1   1   3  13   0   2   1  13   8   0   0   2  0.33 0.27
  428 P    0 -1  1 -2 -4  3 -1  0  2 -3 -3  0 -1 -3  3  1  0 -4 -1 -3    6   4   6   2   0  15   4   7   5   1   3   5   1   1  16  12   7   0   2   2  0.34 0.30
  429 Y    1 -1 -2 -3 -4 -2 -3 -3 -4  1  0 -3 -1  3 -1 -1 -1  3  2  3   10   4   2   2   0   2   1   2   0   8   9   1   1  12   3   5   3   3   7  24  0.35 0.26
  430 T    3  0 -1 -3 -2 -2 -3 -1  0 -2 -2  0  0 -3 -3  2  3 -2 -4 -1   22   4   3   1   1   2   1   4   2   2   4   5   2   1   1  16  21   1   0   5  0.40 0.34
  431 Q   -1  0 -1  1 -4  1  1  3 -2 -3 -3  1 -2 -2 -1  2  0 -2 -3 -3    4   5   3   8   0   6   9  22   1   2   3   9   1   2   3  14   6   1   1   2  0.27 0.25
  432 T    1 -1 -1 -3 -3  0 -1  0 -1  0 -1  0  2 -1 -2  2  1  1 -1  1   13   2   3   1   0   4   2   7   2   4   5   6   5   2   1  14  10   2   2  11  0.12 0.17
  433 I    1 -3 -3 -4 -3 -1  0 -3 -1  2  2 -2  3  2 -3 -1 -1 -2 -1  3   10   1   1   1   0   2   6   1   2   9  17   3   7  10   1   4   2   0   2  19  0.29 0.24
  434 V    1 -2  1 -2 -3 -1 -2  3 -1  0  0 -1  2 -2 -1  1  0 -4 -3 -1   12   1   7   2   0   2   2  23   1   6   9   4   5   1   4  10   6   0   1   3  0.21 0.21
  435 R   -1  0  1 -1 -4  4 -1  2 -2 -4 -4  2 -2 -4 -1  2  0  0 -1 -2    5   5   5   3   0  18   3  14   1   1   2  13   1   0   3  13   7   1   2   3  0.36 0.33
  436 N   -2 -1 -1  1 -3  2 -2  0 -1 -1 -1  0  0  2 -3 -1 -1  0  6 -3    3   3   3   9   1   8   2   8   2   3   5   5   2   7   1   5   4   1  26   2  0.46 0.33
  437 L    0 -1 -2 -3 -1 -1 -1 -3 -3  1  4 -2  1  2 -2 -1 -1 -3 -2  0    6   3   2   1   1   2   4   2   1   8  40   2   3   7   2   4   4   0   1   5  0.40 0.24
  438 P    0 -2 -1 -2 -3 -3  0 -2 -1 -1 -1 -2 -1 -3  7 -1 -2 -4 -3 -2    6   2   3   2   1   1   5   4   1   3   6   3   2   1  47   5   3   0   1   3  0.96 0.48
  439 Y    0 -1  0  0  0  1 -1  0 -1 -1 -1  0  0  0  0  1  0  0  2 -1    7   3   5   5   2   9   3   7   1   4   6   7   2   4   5  11   5   1  10   4  0.06 0.08
  440 K    1  1  0 -1 -2  1 -1  0  1  0 -1  2 -1 -2 -1  1  0 -2  0 -1   10   6   4   3   1   7   3   7   3   6   6  12   1   2   3  14   5   0   4   4  0.08 0.09
  441 N    0  0  2  1 -1 -1  0  1 -1 -1 -1  0 -1  1  1  1  0 -1 -1 -1    6   4  11   6   1   2   7  11   1   4   4   5   2   6   7  11   4   1   2   4  0.08 0.07
  442 Y    0 -1 -1 -1  0  0 -1 -1  0  0  0  0  0  1  1  1  0  0  2  0    7   3   3   3   2   3   4   5   2   6   8   4   2   8   7  11   5   1  10   6  0.06 0.06
  443 F   -1 -1  0  0 -2  0 -1 -1 -1  0  2 -1  0  1  0  0  1 -1  0  0    5   3   4   6   1   5   4   4   1   3  20   4   2   6   5   8   9   1   4   8  0.05 0.06
  444 E   -1 -1  0  0 -2 -1  1 -2 -1  0  0  1 -1  0  1  0  0 -2 -1  1    4   2   6   5   1   2  10   3   1   5  12   8   1   4   8   6   5   0   2  13  0.06 0.08
  445 N    0 -1  3  0 -1 -1  0 -1 -1 -1 -2  0 -2  0 -1  2  2  0 -1 -1    7   3  15   4   2   2   6   4   2   3   4   6   1   4   3  15  14   1   2   3  0.18 0.17
  446 L   -1 -1 -1  0  0  0  2  0 -1 -1  0  0  0 -1 -1  2 -1 -2 -1 -1    5   2   2   4   2   4  17   7   1   4  12   5   2   2   3  16   4   0   3   4  0.11 0.12
  447 I   -2 -2 -2 -2 -1  0  0 -1 -2  4 -1 -1  5  0 -2  0 -1 -3 -1  0    3   2   2   2   1   5   6   5   1  21   5   4  17   3   2   9   3   0   2   6  0.34 0.22
  448 W   -1 -1 -2 -3 -3 -2 -2 -1 -3 -2  1 -2 -1  1 -3 -1 -3 10 -2 -1    5   4   3   2   1   2   3   5   1   3  15   3   1   6   2   6   2  33   1   5  1.06 0.42
  449 E   -1 -1 -2  1 -2 -1  5 -1 -2 -2 -1  0 -1 -2  0  0 -1 -2 -1 -1    4   4   2   7   1   3  38   4   1   3   6   5   1   2   4   6   3   1   2   5  0.44 0.23
  450 P    0  0  0  0 -1  0  1  0  0 -1 -1  1 -1 -1  2  0  0  0 -1 -1    7   5   4   5   1   3  11   7   2   3   8   8   1   2  13   6   4   2   2   5  0.10 0.04
  451 P    0 -2 -1 -2  1 -1 -2 -2 -2 -1 -2 -1 -1 -3  6 -1  0  0 -2 -2    8   2   3   2   3   3   3   4   1   4   5   4   1   1  41   5   5   1   1   2  0.77 0.33
  452 R    1  1  0  0 -1  2  1 -2  0 -2 -2  0 -1 -2 -1  2  2 -2 -1 -1   10   9   3   5   1   8  10   3   2   2   4   6   1   1   2  14  13   0   2   4  0.15 0.13
  453 R   -3  8 -2 -2 -2 -3 -3 -3 -1 -4 -4 -1 -4 -4 -4 -2 -4 -4 -4 -4    2  73   2   2   1   1   1   2   1   1   2   2   0   1   1   3   1   0   1   1  1.90 0.82
  454 A    2 -4  0  4 -1 -3 -2 -3  3 -4 -3 -2 -4 -4 -4  4 -2 -4 -3 -4   18   1   5  23   1   1   2   2   7   1   2   2   0   1   1  31   2   0   1   1  0.76 0.49
  455 F   -3 -5 -5 -5 -4 -5 -5 -5 -4 -1 -3 -5 -1  8 -5 -3 -4 -2  2  0    2   1   1   1   0   1   1   1   0   3   2   1   1  67   1   2   1   1   7   6  1.98 0.81
  456 A    7 -5 -3 -5 -5 -5 -5 -3 -5 -5 -5 -5 -5 -5 -5 -3 -4 -5 -4 -4   87   1   1   1   0   0   1   2   0   1   1   1   0   0   1   1   1   0   1   1  2.12 1.00
  457 Y   -2 -3 -2 -4 -3  3 -4 -5  2 -2 -4 -2 -3  3 -5  1  2  6  4 -1    3   1   1   0   1  16   1   1   4   2   1   2   0  13   0  11  14  10  13   5  0.70 0.48
  458 V    2 -5 -5 -6  3 -3 -5 -4 -5  4  1 -5 -2  3 -5 -4 -2  0 -2  3   21   0   0   0   5   1   0   1   0  22  15   0   0  13   0   0   2   1   1  16  0.71 0.44
  459 K   -4  5 -3 -4 -6 -1 -2 -3  5 -5 -5  5 -3 -5 -5 -1 -1 -2 -3 -4    1  28   1   0   0   3   1   2  11   0   1  39   1   0   0   4   4   1   1   2  1.23 0.66
  460 L   -3 -5 -5 -6 -4 -2 -5 -6 -5  3  5 -5 -1 -2 -5 -5 -4 -5 -3  2    2   0   0   0   0   2   1   1   0  16  60   1   1   1   0   1   1   0   1  12  1.20 0.60
  461 P   -3 -3 -4 -4 -5 -3 -3 -4 -1 -5 -5 -2 -5 -3  8 -2 -3 -5 -5 -5    2   1   1   1   0   1   2   1   2   1   1   3   0   2  74   4   1   0   1   1  2.17 0.92
  462 E    0  1  1  1 -2  0  2  0 -1 -1 -2  1 -1 -2  0  1  1 -3 -2 -1    6   7   6   9   0   3  13   6   1   3   4   9   2   2   4  10   9   0   1   4  0.12 0.10
  463 Y    0 -1 -1  1  0  0  1  0  1 -1 -2 -1  0 -1  2  1  1 -2  1 -1    7   3   2   7   2   4  10   7   4   3   3   2   2   2   9  15   7   0   5   4  0.12 0.11
  464 T    0 -1  1  0  2  0  0  1 -1  0 -1  1  0 -2  0  1  1 -1 -2 -1    6   2   6   6   4   3   4  13   1   5   4  10   2   2   3  12   9   1   1   5  0.08 0.08
  465 P    0  0  1  0  0  1  0  0  0 -1 -1  0 -1 -1  3  0  0 -2 -1 -1    5   5   6   6   2   5   5   6   2   4   6   5   2   3  16   9   6   1   2   5  0.12 0.08
  466 P    0  1  0 -1  0  0 -1  1  1 -1 -1  1 -1 -1  1  1  1 -2 -1 -1    7   7   4   4   2   3   3   9   3   5   6   8   1   3   8  13   8   0   2   4  0.07 0.06
  467 Q    0 -1  1  0  1  0  0  0  0 -1 -1  0  0 -1  0  1  1 -2 -1 -1    9   3   9   4   4   2   6   7   3   4   7   4   3   2   5  11  11   0   2   5  0.05 0.05
  468 L    0 -1  0  0  0 -1 -1  0  0  0 -1 -1  0 -1  1  0  1  0 -1  1    8   4   6   6   2   2   3   9   3   7   6   2   3   2   6   8   9   2   1  12  0.03 0.04
  469 F    1  0  0 -1  2  0 -1  1 -1 -1 -1  0 -1 -1  2  1  0 -2 -2  0   15   5   5   3   4   4   3   9   2   3   5   5   1   3  10  10   4   0   1   9  0.09 0.08
  470 N    2  0  1  0  0 -1 -1  0 -1 -1 -1 -1 -1  0  0  1  0  1  0  0   19   7   6   5   2   3   4   7   1   3   5   3   1   4   4   9   6   2   3   7  0.05 0.07
  471 L    0  0  0 -1 -2 -1  0  0 -1  0  0  0  1  1  0  1  0  0  0  0    8   4   4   2   1   2   5   9   1   4   9   6   6   8   3  11   5   1   2   8  0.02 0.05
  472 H    0  0  1  0 -1  0 -1  2  1 -1 -2  0 -1 -2  1  1  0 -1 -1 -1    6   5   7   5   2   4   4  14   5   4   4   7   1   1   6  15   5   1   2   5  0.11 0.10
  473 Q    0  0  1  0 -2  1 -1  2 -1 -3 -3 -1  0  0  1  1  1 -3 -2 -2    7   6   6   6   1   6   3  17   1   1   2   3   3   4   7  12  11   0   1   2  0.18 0.17
  474 S    1  0  1 -1 -2  0 -1  0  1  0 -1  0 -1 -3 -1  2  1  1 -2  0   13   5   6   2   1   4   3   7   4   6   7   4   1   1   2  17   7   2   1   7  0.09 0.12
  475 K    0  2  1  0 -2 -1 -1  2  0 -3 -2  1 -1 -4  2  1  0 -1 -3 -2    6  10   8   6   1   3   2  17   3   1   4  11   2   1  10  10   5   1   0   2  0.22 0.18
  476 N    0 -1  3 -1  0  0  0  1  0 -2 -1  0 -2 -2  2  1  0 -1 -2 -1    8   4  17   2   2   3   6  10   2   2   6   5   1   2   9  11   5   1   1   3  0.16 0.16
  477 K   -1  3 -2 -1 -1  1  0 -1 -1  0 -2  3 -1 -2  1  1 -1 -4 -2  1    4  15   1   4   1   7   4   4   1   7   4  17   1   1   7   9   3   0   1   9  0.20 0.19
  478 V   -1 -2 -1 -2  5 -2 -2  0 -3  1  0 -1  0 -1 -1  2  0 -3  0  1    4   2   3   2  14   2   3   6   0   8   7   4   2   3   3  18   5   0   4  11  0.22 0.20
  479 A    2 -1 -1 -2 -2 -1  0 -1 -1  2 -1 -1  1 -3  0  1  0 -3 -1  2   16   4   3   2   1   2   6   4   1  13   4   3   4   1   4   9   5   0   2  17  0.13 0.15
  480 I    0 -1 -2 -2  2 -1 -3 -2 -1  3  1 -2  0 -2  0  0  0 -4 -3  3    6   3   2   2   4   2   1   3   2  19  12   1   2   2   4   9   5   0   0  21  0.28 0.22
  481 G    3 -3 -1 -1  1 -2 -3  4 -1 -2 -2 -2 -3 -2 -2  1 -1 -4 -2  0   23   1   2   3   3   1   1  27   2   2   3   2   0   2   2  12   3   0   1   8  0.41 0.29
  482 F    0 -1 -1 -2  0 -2 -2 -1 -3  1  1 -2  1  4 -2  0  1 -2 -1  1    7   3   3   2   2   1   3   5   0   6  14   2   4  19   1   7   8   0   1  11  0.19 0.17
  483 A    2  0 -1 -1  1 -2 -2  0 -3  0 -2 -1 -2  0  1  2  1 -3 -2 -1   19   4   2   3   3   1   1   8   0   6   3   4   0   4   7  17   9   0   1   5  0.17 0.17
  484 N    1 -1  2  0 -1  1 -1  1 -1 -1 -1  0  1 -2  0  0  0  1 -2 -1   14   3  10   4   2   8   3  12   1   5   7   5   4   1   4   6   6   2   1   4  0.08 0.09
  485 T    0  0 -1  0 -1  0  0  0 -2  0  0  0 -1  0  0  1  2 -3 -2  0    5   4   1   6   1   3   5   7   1   5   8   7   1   4   4  11  18   0   1   7  0.09 0.11
  486 N    0  0  1  1 -2 -1  1  0 -1  0 -1 -1 -1 -1  0  2  1 -3 -1 -1    7   4   6   6   1   2   8   8   1   5   5   3   2   3   5  20   8   0   2   4  0.10 0.12
  487 N    0  0  3 -1 -3 -1 -1  0  0  0 -3  1 -3 -2  3  1  1 -3 -2 -1    8   5  18   3   0   2   4   7   2   5   2   8   0   1  13   9   8   0   1   3  0.24 0.20
  488 N   -2  1  3  0 -3  2  1  0 -1 -2 -3  0 -1 -4 -1  2  1 -4 -2 -1    2   8  16   6   0   9   8   7   1   2   2   5   2   1   2  14  10   0   1   4  0.25 0.22
  489 G    0 -1  1  1 -2  0 -1  1  0 -2 -1  0 -1 -2  3  0  0 -1 -2 -2    6   3   6   7   1   4   4  13   3   3   6   6   1   2  17   7   7   1   1   2  0.19 0.14
  490 H   -1  0  0  0 -3  2  1 -2  5 -1 -1 -1 -1 -1  3 -1  0 -1  0 -1    5   5   4   5   0   8   7   3  14   4   6   2   1   2  14   3   6   1   3   5  0.25 0.19
  491 L   -1 -1 -1 -2  0  1 -1 -3  0  0  2  0  0 -1 -1 -1  0  0  1  2    5   4   3   2   2   7   3   2   3   3  23   5   2   2   3   3   5   1   5  17  0.12 0.14
  492 I   -2  1 -2 -2  2  0 -1 -3 -1  2  2 -2  4  0 -3 -2 -1 -4  0  3    3   9   1   2   4   4   4   2   1  10  16   1  12   3   1   2   2   0   3  19  0.29 0.23
  493 M   -3 -2 -3 -6  1 -5 -4 -5 -5  0  3 -5  5  2 -6 -2 -4 -5  1  4    2   2   1   0   3   0   1   1   0   5  30   0  13   7   0   3   0   0   5  28  0.82 0.49
  494 L    0 -3 -4 -5 -1 -5 -5 -5 -5  3  2 -5 -1 -1 -1 -3 -1 -5 -1  5    7   2   1   0   1   0   0   1   0  16  17   0   1   2   4   2   3   0   3  40  0.77 0.45
  495 A    3 -5 -3 -5 -2 -4 -4 -2 -5  0 -1 -2 -1 -4 -2  0  1 -5 -4  5   24   0   1   0   1   0   0   3   0   4   4   2   2   0   2   7  10   0   0  38  0.71 0.47
  496 S    2 -1 -3 -4  1 -3 -2 -1 -4 -1 -1 -1 -3 -4 -2  3  3 -5 -4  1   19   3   1   1   3   0   2   4   0   3   5   3   0   0   1  23  21   0   0  10  0.47 0.37
  497 Y    0 -2 -1 -2  3 -2 -2  0  0 -2 -2 -2 -2 -1 -1  3  3 -3  2 -1    6   2   3   2   6   1   2   7   2   3   4   2   1   2   3  26  16   0   8   4  0.31 0.25
  498 Q    2 -1  0 -1 -3  0  3 -1  1 -2 -1 -2  0 -1 -1  2  0 -3  0 -2   16   3   5   3   0   3  19   5   3   2   6   2   3   2   3  15   5   0   4   2  0.18 0.18
  499 T   -2 -1  1  6 -3 -2  2  0 -1 -5 -3 -3 -5 -5 -2  0 -1 -5 -5 -4    3   3   5  49   1   2  11   6   1   1   2   1   0   0   2   7   4   0   0   1  1.01 0.54
  500 G   -3 -7 -6 -4 -8 -7 -7  8 -7 -9 -9 -5 -8 -8 -7 -3 -5 -4 -8 -8    1   0   0   1   0   0   0  93   0   0   0   0   0   0   0   2   1   0   0   0  2.70 1.18
  501 Q   -2  0  1 -2  1 -2 -1 -2  1 -2 -1 -1  0  2 -5  1  0  2  5 -1    2   6   8   2   3   1   3   3   4   1   7   3   3  10   0  12   5   2  22   4  0.38 0.32
  502 F   -2 -4 -7 -7 -2 -7 -7 -7 -6  0  4 -7 -2  7 -7 -6 -4  0  1  0    3   1   0   0   1   0   0   0   0   4  35   0   1  43   0   0   1   1   4   5  1.46 0.72
  503 Y   -7 -3 -5 -5  2 -4 -5 -8  3 -6 -1 -4 -4  2 -7 -3 -6 -1  9 -6    0   2   1   1   4   1   1   0   6   0   6   1   0   7   0   2   0   1  67   0  2.33 1.06
  504 H   -2  1 -1 -3  1  3  0 -5  0  3 -1  0  0 -4 -5 -2 -1 -2 -2  4    2   9   2   1   3  14   5   1   3  14   3   5   2   0   0   2   4   1   1  28  0.44 0.36
  505 Y   -5 -7 -5 -8  2 -7 -7 -5 -2 -6 -2 -7 -6  5 -8 -4 -7 -4  9 -2    1   0   1   0   3   0   0   1   1   0   4   0   0  22   0   1   0   0  62   3  2.41 1.08
  506 Q    0  1  4 -1 -4  1  1 -1  1 -3 -3  0 -2 -5 -3  3  0 -5 -2 -1    6   9  18   3   0   7   7   4   3   1   3   4   1   0   0  24   4   0   1   4  0.39 0.33
  507 L   -4 -6 -6 -6 -2 -6 -6 -6 -5  4  3 -6  0  5 -6 -4 -4  0  1  2    1   0   0   0   1   0   0   0   0  23  31   0   2  21   0   1   0   1   4  13  1.03 0.53
  508 P   -4 -3  2  7 -6 -2 -2 -5 -5 -6 -5 -3 -6 -6  4 -3 -5 -6 -6 -6    1   2   9  60   0   1   2   1   0   0   1   1   0   0  18   1   0   0   0   1  1.72 0.80
  509 K   -1 -3 -3 -2 -4 -1 -2 -1 -3 -2  2  1  2 -2  5  0  0 -4 -2 -1    4   1   1   2   0   2   2   4   1   1  18   9   4   1  31   8   6   0   1   5  0.53 0.33
  510 P    1  0  0 -1 -1  1  0 -1  0  0  0  0 -1 -2  0  0 -1 -2 -1  1   13   6   4   3   1   8   5   5   3   6   8   7   1   1   4   6   3   1   1  15  0.05 0.05
  511 S    0  1  0  0 -1  0  0  0  1 -1  0  1 -1 -1  0  1  1 -1  0  0    8   7   3   4   1   3   5   5   3   4   8  10   1   3   4   9  10   1   4   6  0.04 0.02
  512 D    0  0  0  1 -1  0  0  1  0 -1 -1  0  0 -1  0  0  0 -1  0  0    7   4   4   9   1   4   5  15   2   4   7   6   3   3   4   6   7   1   5   6  0.04 0.01
  513 Q    0  0  0  0  0  0  0  1  0 -1 -1  0  0 -1  0  0  0 -1 -1  0    7   5   4   5   2   4   8  13   2   4   8   5   2   4   5   9   6   1   2   7  0.04 0.01
  514 P    0  0  0  0  1  0  1  0  0  0  0  0  0 -1  1  1  0 -1 -1  0    7   5   5   5   4   3  10   7   3   5   8   6   2   3   6  10   5   1   2   6  0.03 0.01
  515 E    0  0  0  0 -1  0  1  0  0  0 -1  0  0 -1  0  1  0  2  0  0    8   7   4   4   1   3  13   6   2   5   6   5   3   3   4  10   4   3   3   6  0.05 0.02
  516 P    0  0  0  0 -1  1  1  0  0 -1  0  0  0  0  1  0  0 -1  0  0    8   5   6   5   1   7   8   6   1   4   8   5   2   6   5   9   5   1   2   6  0.04 0.01
  517 S    0  0  0  1  0  0  0  0  0 -1  0  0 -1  0  1  1  0 -1 -1  0    8   6   3   7   2   3   6   8   2   3   8   6   1   4   6  11   7   1   2   6  0.04 0.01
  518 D   -1 -1  1  3 -2  0  4 -1 -1 -1 -2 -1 -2 -2 -1  0 -1 -2 -2 -2    5   3   6  17   1   3  30   4   1   3   4   2   1   2   2   5   4   1   1   3  0.38 0.18
  519 S   -2  2  3  1 -4  1  2 -1 -1 -3 -2  2 -2 -4 -3 -1  0 -4 -3 -1    2  13  14   9   0   6  13   3   1   1   3  15   1   1   1   4   6   0   0   4  0.34 0.24
  520 R   -2  1 -2 -4 -5 -5 -5  7 -5 -5 -6 -2 -5 -6 -4 -2 -5 -5 -3 -6    2   8   2   1   0   0   1  76   0   1   1   2   0   0   1   2   0   0   1   1  1.78 0.77
  521 H   -3 -6 -4 -2 -6 -1 -1  7  0 -7 -7 -3 -6 -4 -6 -3 -3 -6 -6 -6    1   0   0   2   0   3   4  79   3   0   0   1   0   1   0   1   2   0   0   0  1.90 0.83
  522 E   -2 -5 -3  2 -8 -1  7 -5 -5 -7 -7 -1 -6 -8 -3 -4 -4 -7 -7 -3    3   0   1  11   0   2  74   1   0   0   0   3   0   0   1   1   1   0   0   2  1.86 0.91
  523 C   -1 -8 -7 -8 11 -7 -8  0 -7 -6 -3 -7 -6 -7 -7 -6 -6 -7 -4 -6    6   0   0   0  81   0   0   7   0   0   3   0   0   0   0   0   0   0   1   0  3.46 1.24
  524 N   -1  1 -1 -2 -4  0  0 -3 -1  1 -1  1  0 -4 -1  0  3 -4 -2  2    4   7   2   2   0   3   5   1   2   8   4  10   3   0   2   8  21   0   1  17  0.22 0.23
  525 L   -6 -3 -8 -8 -6 -2 -6 -8 -7 -1  7 -4  0 -3 -7 -7 -6 -6 -4 -4    0   1   0   0   0   2   0   0   0   2  91   1   2   1   0   0   0   0   0   0  2.03 0.90
  526 I   -2  0 -5 -4 -4  0 -2 -5 -5  3  3 -4  2 -2 -5 -3  0 -3 -2  3    2   5   0   1   0   4   2   1   0  17  32   0   5   1   0   1   5   0   2  22  0.58 0.36
  527 A    0  2  1 -2 -6  1 -2 -4  0 -5 -5  6 -2 -3 -5  1 -2 -6 -5 -5    8  11   5   2   0   5   1   0   3   0   0  48   1   1   0  11   2   0   0   0  0.93 0.55
  528 Q   -2 -1 -4 -4 -6  7  3 -6  0 -6 -5 -1 -2 -4 -5  0  0 -6 -3 -4    2   2   0   0   0  51  20   0   2   0   1   3   1   1   0   8   7   0   1   1  1.32 0.72
  529 Y   -6 -3 -5 -4 -7  0 -4 -5  8 -6 -4 -3 -2  3 -7 -4 -6 -3  7 -6    0   2   0   1   0   4   1   1  35   0   2   1   1  12   0   1   0   0  41   0  2.02 0.85
  530 S   -2  4  1  0  1 -1 -3 -3 -2 -5 -3  1 -4 -2 -2  4 -1 -2 -1 -5    2  24   6   6   3   2   0   1   1   0   2  10   0   2   2  34   3   1   3   0  0.63 0.44
  531 L   -5 -6 -7 -7 -3 -6 -6 -7 -6  3  5 -6  0  2 -6 -6 -4 -5 -4  2    0   0   0   0   0   0   0   0   0  15  65   0   1   8   0   0   0   0   0  10  1.35 0.60
  532 L   -4 -5 -6 -6 -4 -5 -6 -6 -6  3  5 -5  3 -2 -5 -5 -4 -5 -4  2    0   0   0   0   0   0   0   0   0  18  65   0   6   0   0   0   0   0   0  10  1.22 0.50

                      K         Lambda
Standard Ungapped    0.1327     0.3143
Standard Gapped      0.0410     0.2670
PSI Ungapped         0.1064     0.3175
PSI Gapped           0.0326     0.2670
