
Last position-specific scoring matrix computed, weighted observed percentages rounded down, information per position, and relative weight of gapless real matches to pseudocounts
           A  R  N  D  C  Q  E  G  H  I  L  K  M  F  P  S  T  W  Y  V   A   R   N   D   C   Q   E   G   H   I   L   K   M   F   P   S   T   W   Y   V
    1 M   -4 -4 -5 -6 -4 -3 -5 -6 -5  0  1 -4 10 -3 -5 -4 -3 -4 -4  1    0   0   0   0   0   0   0   0   0   4   7   0  79   0   0   0   0   0   0  10  2.00 0.60
    2 T    1 -4 -1 -2 -4 -1  0 -3 -4 -4 -5 -3 -4 -5  3  4  4 -5 -4 -4   12   0   2   2   0   2   6   0   0   0   0   0   0   0  14  34  28   0   0   0  0.80 0.45
    3 G    1  0  2  0 -2 -1  0  3 -1 -4 -4  1 -3 -4  1  1  0 -4 -4 -3   14   4  10   5   1   1   5  26   1   0   0   8   0   0   6  12   5   0   0   1  0.36 0.23
    4 G    1 -1  2  0 -3 -2 -1  0 -3 -4 -2  1 -3 -5  4  2 -1 -5 -4 -2   11   3  12   4   0   1   3   8   0   0   4   7   0   0  22  18   3   0   0   3  0.43 0.28
    5 T   -1  1  2  0 -3  0  2  1  0 -3 -4  2 -3 -3 -1  1  1 -5 -3 -1    3   5   9   5   0   4  17   9   2   0   0  15   0   1   2  11   9   0   1   5  0.28 0.23
    6 L   -4 -4 -5 -7 -5 -6 -7 -6 -7  5  4 -6  2 -2 -5 -5 -4 -3 -3  3    1   1   1   0   0   0   0   1   0  34  36   0   4   1   0   0   0   0   0  20  1.20 0.58
    7 N   -4 -1  3 -4 -3 -2 -4 -3  2  0  4 -1  0  0 -4 -2 -1 -5 -1  0    0   3  16   0   0   1   0   2   5   4  45   4   2   3   0   2   3   0   2   5  0.59 0.41
    8 F   -2 -4  1 -1  5 -3 -4 -2  5 -4 -5 -5 -5  4 -6  3 -1 -1  4 -4    2   0   7   4  13   1   1   3  13   1   0   0   0  16   0  20   3   1  16   1  0.88 0.53
    9 I    1 -6 -5 -5  0 -5 -6 -5 -6  3  3 -5  1 -1 -6 -4 -3 -5 -2  5   13   0   0   1   2   0   0   1   0  16  24   0   3   3   0   1   1   0   1  35  0.83 0.47
   10 T    1  1  3 -1 -1 -2 -2  0 -2 -6 -5 -1 -5 -4 -4  4  1 -6 -4 -4   10   9  16   3   1   1   1   8   1   0   1   3   0   1   0  35   8   0   0   1  0.65 0.47
   11 F   -7 -6 -8 -9 -3 -8 -8 -9 -2 -1 -1 -8 -3  9 -9 -8 -5  2  1 -3    0   0   0   0   1   0   0   0   1   3   4   0   0  81   0   0   1   3   3   2  2.71 1.07
   12 N   -5 -6  9  0 -2 -5 -3 -5 -5 -8 -8 -5 -4 -6 -7  1 -3 -9 -7 -8    1   0  79   5   1   0   1   1   0   0   0   0   1   0   0   9   2   0   0   0  2.47 1.09
   13 Q   -2 -2 -1 -1 -4  8 -1 -4  1 -7 -4 -2 -4 -6  0  0 -3 -7 -5 -7    3   2   3   3   0  63   3   1   3   0   2   1   0   0   6   6   2   0   0   0  1.62 0.89
   14 D   -5 -5  0  8 -5 -1 -1 -4 -3 -5 -5 -4 -5 -5 -7 -2  0 -9 -5 -6    1   0   4  74   0   3   3   2   1   1   2   1   0   1   0   2   6   0   0   0  1.96 0.92
   15 Y    1 -1  1 -3  3  1 -2  1  3 -3 -3 -1 -2  2 -4  1 -2 -1  3 -3   11   4   8   1   7   8   2  13   6   1   1   3   1   8   0  13   1   1  10   2  0.30 0.27
   16 S   -2 -2  0  0 -3 -2 -2  1 -3 -5 -5 -1 -3 -4 -4  4  5 -6 -3 -5    2   2   3   5   1   1   2  10   1   0   0   4   1   1   0  34  30   0   1   0  0.83 0.54
   17 C   -2  1 -2 -6  9 -4 -5 -3  1 -2 -1 -5  0 -1 -6  2 -2  0  0 -3    2   7   2   0  44   1   1   2   4   3   5   0   3   2   0  17   2   1   3   1  1.41 0.67
   18 L   -4 -4 -6 -7 -2 -6 -6 -5 -6  3  3 -6 -1  7 -6 -6 -5 -2 -1  1    1   1   0   0   1   0   0   1   0  14  27   0   1  41   0   0   0   1   1  10  1.33 0.61
   19 A    4 -5 -3 -5  4 -3 -4 -2 -5  0 -1 -4  0 -4 -2  2  1 -5 -3  1   38   0   1   0   7   1   0   3   0   4   5   0   2   1   2  15   9   0   1  10  0.63 0.43
   20 V    1 -6 -4 -6  5 -5 -6 -5 -6  3  0 -5  0  0 -6 -3  0 -6 -2  5   10   0   1   0  12   0   0   1   0  15   7   0   2   3   0   2   5   0   2  38  0.93 0.49
   21 G    3 -6 -5 -4  3 -3 -5  6 -6 -4 -5 -5 -6 -6 -6  1 -2 -6 -6 -3   22   0   0   1   5   1   0  53   0   1   1   0   0   0   0  11   2   0   0   2  1.32 0.68
   22 T   -3 -2 -2 -2  0 -4 -4 -2  3 -2  1 -3  2 -3 -4  0  6 -3 -2 -4    2   2   1   3   2   1   1   3   6   2  12   1   5   1   1   7  48   0   2   1  0.91 0.59
   23 S   -1  1  2  2 -3  0  2 -2  0 -3 -3  1 -2 -3  0  1  1 -5 -3 -3    5   8   9  13   0   3  15   3   2   1   2  10   1   1   4  13   8   0   1   2  0.29 0.25
   24 K   -1  1  3  2 -1  1  1 -2  1 -4 -4  1 -3 -5 -4  1  2 -5 -2 -3    5   7  14  12   1   7   8   3   4   1   1   9   1   0   0  12  12   0   2   2  0.36 0.30
   25 G   -3 -4 -3 -1 -3 -4 -3  7 -4 -6 -6 -5 -7 -4 -7 -1 -3 -7 -5 -7    2   1   1   3   1   1   2  79   1   1   1   1   0   1   0   4   2   0   1   0  1.95 0.91
   26 F   -2 -7 -4 -7  1 -7 -7 -7 -2  1 -1 -7 -2  7 -7 -5 -6  2  6  0    4   0   1   0   3   0   0   0   1   7   6   0   1  43   0   1   0   3  23   6  1.56 0.73
   27 R    0  5 -1 -3  0  1 -2 -3  2 -2 -3  3  0 -1 -5  0 -1 -2 -2 -3    8  32   3   1   2   5   2   2   4   3   3  15   3   3   0   7   3   1   1   2  0.52 0.37
   28 F   -3 -4 -6 -6 -2 -6 -6 -5 -1  6  2 -6  0  0 -6 -5 -3  1 -4  4    2   1   0   0   1   0   0   1   1  38  15   0   2   4   0   0   2   2   0  28  1.13 0.56
   29 Y   -6 -4 -6 -7  0 -6 -6 -7  0 -1 -1 -3 -2  6 -7 -3 -2  2  7 -3    0   1   0   0   2   0   0   0   2   4   5   2   1  33   0   2   2   2  39   2  1.72 0.80
   30 H   -2  1  5  1 -2  0 -2 -1  0 -4 -4 -1 -5 -4 -5  3  0 -1 -3 -4    3   7  30   8   1   4   2   4   2   1   2   4   0   1   0  22   6   1   1   1  0.69 0.49
   31 T   -1 -2 -3 -5  6 -5 -5 -3 -6  2  1 -5  0 -5 -3  1  4 -6 -5  2    6   2   2   0  18   0   0   2   0   9  13   0   2   0   1   9  22   0   0  13  0.74 0.48
   32 D   -1 -2  2  5 -2 -1  3 -3  2 -6 -4 -1 -2 -3 -3  0 -2  0 -2 -4    6   2   9  35   1   2  16   2   5   0   2   5   1   1   1   6   2   1   2   2  0.76 0.50
   33 P   -3 -2  1 -1 -1 -1 -2 -3 -1 -6 -4  0 -6 -2  7  0  1 -7 -6 -4    2   2   6   4   1   3   3   2   1   0   2   5   0   2  51   7   7   0   0   2  1.24 0.76
   34 F   -3 -3 -2 -4  3 -2 -4 -2  1  0  3 -3  0  5 -3 -4 -2  1  0  0    2   2   2   1   5   2   2   3   3   5  26   2   2  24   2   2   3   2   3   7  0.69 0.38
   35 S    0  2 -1  0  0  1  2  0  1 -1 -2  2  0 -3 -1 -1  0 -4 -1 -1    7  10   3   6   2   6  12   8   4   3   3  13   3   0   3   4   6   0   3   6  0.13 0.15
   36 K   -2  1 -1 -1  1  1  3 -6  1 -1  0  2  1 -1  0  0 -1 -6  0 -1    3   8   3   3   3   7  18   0   3   4   9  10   3   3   4   7   4   0   3   5  0.24 0.21
   37 I   -1  0  0  0  2  0  0 -1  2  0 -1  0  2  1  0 -1  0  4  1 -1    5   5   5   5   5   5   5   5   5   5   5   5   5   5   5   5   5   5   5   5  0.09 0.08
   38 F   -1 -1 -2 -2  0 -3  0 -3  3  0  0 -3  0  5 -3 -2 -2  0  5 -2    4   4   2   2   2   1   5   2   7   6   7   1   2  21   1   4   2   1  22   3  0.56 0.38
   39 S   -2  4  1  0 -1  1  1 -3  3 -3 -2  1 -4 -2 -3  2 -1 -1 -3 -2    3  22   6   5   1   5   9   2   6   1   4   8   0   2   1  18   3   1   1   3  0.38 0.33
   40 S   -2  4  0 -1  1  0  0 -3  0 -1 -1  2 -2 -1 -2  1 -1 -2  0 -1    2  25   5   3   3   4   7   1   2   3   6  11   1   2   1  12   3   1   4   5  0.30 0.27
   41 D   -2 -1  1  5 -3 -1  3 -2 -1 -3 -3  1 -3 -2 -1  0  1 -2 -4 -3    4   3   7  29   1   2  17   3   2   1   3   7   0   2   3   6   7   1   0   2  0.47 0.35
   42 E   -1 -2  2  1  0  0  1  1  0  0 -1 -1 -1  1 -1  0  0 -3 -1  0    3   1   9  10   2   3  10  11   3   7   4   2   1   8   2   7   7   0   2   7  0.08 0.12
   43 G    0 -4  0  0 -2 -2  1  5 -1 -4 -5  0 -5 -5  1  0 -3 -6 -4 -3    6   1   4   5   1   1  10  46   2   1   1   5   0   0   7   6   1   0   1   2  0.74 0.47
   44 N    0 -2  2  1 -3 -2  1  4 -2 -5 -5 -1 -4 -5  1  2 -1 -5 -5 -4    7   2   9   9   1   2   8  31   1   1   1   4   0   0   7  13   4   0   0   1  0.52 0.38
   45 V   -2 -2 -4 -4  1 -4 -4 -5 -1  4  1 -3  0  2 -3 -3  0 -1 -2  4    3   2   1   1   3   0   1   1   2  23  13   1   2   7   1   2   5   1   1  30  0.60 0.38
   46 S    1  1  0 -2  2 -1 -2  3 -1 -2 -2  0 -1 -2 -3  2  0 -4  1 -1   11   8   4   1   5   2   1  21   1   3   4   7   1   2   0  14   7   0   5   4  0.22 0.22
   47 I   -2 -3 -1 -5 -2 -1 -4 -5  0  5  2 -2  0  1 -4 -1 -1 -5  0  1    2   1   3   0   1   3   1   1   2  38  19   3   2   5   1   5   3   0   3   8  0.61 0.39
   48 I    3 -5 -3 -6  3 -5 -5 -4 -6  3 -2 -5 -1 -1 -5 -2 -2 -6 -5  5   22   0   1   0   5   0   0   1   0  14   3   0   1   2   0   3   2   0   0  43  0.94 0.55
   49 E    0 -2 -2  0  0  1  6 -2  0 -4 -4  0 -2 -4 -3  0 -2 -6 -2 -3    7   2   2   3   2   5  52   3   2   1   1   4   1   1   1   8   2   0   2   2  0.90 0.58
   50 M   -1  3 -3 -6  0 -1 -5 -5 -2  1  1 -2  8 -3 -1 -4 -1 -5 -3 -1    5  15   1   0   2   3   0   1   1   7  10   2  41   1   3   1   3   0   1   3  1.11 0.64
   51 L   -4 -4 -4 -3 -2 -4 -4 -6 -1  1  6 -5  1  0 -6 -3 -4 -2  0  1    1   1   1   2   1   0   1   0   1   5  66   1   3   3   0   2   1   1   3   7  1.12 0.60
   52 F   -3 -3  0 -1 -1 -2 -2  0  3 -2 -2 -3 -3  6 -1 -2 -1  0  4 -4    2   2   5   4   2   1   3   7   6   2   3   2   1  35   3   3   4   1  15   1  0.73 0.45
   53 S   -2  5  2  1  1 -1 -2 -2 -1 -5 -3  1 -2 -5 -2  3  0 -1 -4 -3    2  28  10   7   3   2   2   2   1   0   2   7   1   0   2  22   5   1   0   2  0.57 0.42
   54 T   -2 -3 -2 -3  4 -4 -2 -2 -2 -4 -3 -2 -5 -4 -5  5  5 -6 -2 -4    2   2   2   1   7   0   2   3   1   1   2   3   0   1   0  38  33   0   2   0  1.01 0.64
   55 S   -1  0  6 -2 -1  0 -1 -2  0 -6 -6 -1 -3 -4 -3  4 -2 -6 -2 -5    4   5  35   1   1   4   3   3   2   0   0   3   1   1   1  32   2   0   1   0  0.94 0.60
   56 L   -3 -4 -3 -6 -3 -3 -5 -3 -3  3  4 -3  0  2 -6 -3 -3  0  2 -1    1   1   1   0   1   1   0   2   1  19  47   2   1   8   0   2   2   1   6   4  0.81 0.47
   57 V   -1 -4 -2 -4  0 -4 -5 -4 -2  3  3 -5  1  1 -5 -4 -1 -2 -2  4    4   1   2   1   2   1   0   1   1  15  28   0   3   7   0   1   3   1   1  28  0.65 0.40
   58 A    5 -5 -5 -6 -1 -1 -5 -1 -5  1  0 -4 -1 -2 -4 -2 -1 -3 -4  2   51   0   0   0   1   2   0   4   0   6   8   1   1   2   1   1   3   0   0  16  0.83 0.55
   59 L   -3 -2 -5 -6  1 -5 -4 -6 -3  3  4 -5  1  1 -3 -2 -1 -4  1  3    1   2   0   0   2   0   1   0   1  14  35   0   3   6   1   4   4   0   5  19  0.64 0.39
   60 I   -2 -2 -3 -7  0 -4 -7 -4  0  0 -2 -6  0 -3 -7 -2  0 -7 -6  7    3   2   2   0   2   1   0   2   2   5   3   0   2   1   0   3   5   0   0  67  1.47 0.77
   61 L   -1 -1 -1 -1  1  0 -2  3 -1 -1 -2 -1 -2  2  0  2  0  2  2 -3    3   4   2   3   3   4   1  19   1   4   3   4   1   9   5  14   7   3   8   1  0.23 0.24
   62 T    0  1 -1 -2 -2  0 -1  1 -1 -3 -2  0 -2 -2  2  3  1 -2 -3 -2    9   7   2   2   1   3   4  13   1   1   4   5   1   1   9  24  10   1   1   2  0.27 0.27
   63 P   -3 -1 -2  0 -2 -2  0  2  0 -6 -4 -1 -2 -6  6 -1  0 -6 -2 -4    2   4   2   5   1   2   6  14   2   0   2   3   1   0  45   5   5   0   2   1  1.00 0.58
   64 R   -3  6  4 -2 -2 -1 -2 -2  2 -4 -4  0 -2 -2 -5 -1  0  0 -3 -4    2  38  21   2   1   2   3   3   4   1   1   6   1   2   0   4   5   1   1   1  0.88 0.54
   65 Q   -2  3 -1 -2 -1  1  0 -4 -1 -1 -3  4  0 -2  0 -2  0 -5 -2  0    2  17   3   1   1   7   7   0   1   3   2  28   3   2   5   3   5   0   1   7  0.43 0.34
   66 L   -1 -2 -1 -5 -1 -4 -5 -5 -5  1  4 -2  2  0  0 -2 -3 -5 -2  3    6   3   3   0   1   0   0   0   0   6  38   2   5   3   5   3   0   0   1  23  0.59 0.38
   67 E   -2  0  0 -2  2  1 -1 -3  2  1  0  2  1  1 -2 -1  0  1  0  0    1   6   6   2   5   7   4   1   5   8   9  13   5   6   1   4   4   2   2   9  0.09 0.13
   68 I   -2 -5 -2 -2 -1 -5 -3 -3 -5  5  2 -3  1  2 -5 -4 -4  1  1  3    4   0   3   2   2   0   2   2   0  31  19   2   3   7   0   0   0   2   4  18  0.64 0.39
   69 Q   -3 -1 -1 -6  3  0 -5 -4  0 -1 -1 -3  0  3 -1 -3 -3  9  4 -1    2   4   3   0   6   5   0   2   2   3   5   2   2  11   4   2   2  27  15   4  1.08 0.57
   70 N   -4 -2  5  5  0 -1 -1 -2  5 -3 -6 -2 -5 -2 -5 -1 -2 -6 -2 -5    1   2  30  26   2   3   3   3  14   2   1   2   0   2   0   4   2   0   2   0  1.02 0.57
   71 T   -1 -1  0  2 -1  0 -1 -2  0 -1  0 -1  1  3 -4  0  2 -3  2 -1    4   4   3  14   2   3   3   2   2   4   8   3   4  12   0   5  18   0   6   3  0.19 0.21
   72 K    0  1  0 -2 -2  1  0 -2  4 -1 -1  3  0 -1 -3  0  0 -3  0 -1    7   6   4   1   1   5   6   2   9   4   8  22   2   3   1   8   4   0   3   4  0.22 0.22
   73 R   -2  2  0 -2 -3  3  0 -3 -1 -2 -1  4 -2 -3 -4  1  2 -2 -2 -3    3  12   4   2   0  11   6   1   1   2   7  24   1   1   0   9  11   1   2   2  0.42 0.35
   74 A   -1  2  3  0 -2  2  0  2  1 -5 -4  2 -2 -4 -3  0 -2 -5 -3 -4    6  10  12   5   1  10   5  18   3   1   1  14   1   0   1   8   1   0   1   1  0.41 0.33
   75 S    0  3  0 -2  0  2  0 -4 -2 -3 -3  4 -3 -4 -4  1  1 -6 -3 -2    8  16   3   2   2   7   6   1   1   1   2  26   1   1   0  10   9   0   1   2  0.51 0.39
   76 V    1 -1 -1 -2  3 -2  2 -3 -2  0 -1 -1  1  1  1 -1  0 -1 -1  2   12   3   2   2   7   1  13   1   1   6   4   4   4   8   6   4   6   1   1  13  0.15 0.17
   77 I   -1 -3 -5 -2 -1 -5 -4 -4 -3  5  1 -3  1 -1 -2 -1 -1 -5 -1  3    4   2   0   2   1   0   1   1   1  37  11   1   3   2   3   4   3   0   2  21  0.72 0.42
   78 C    1 -1 -3 -4  6 -2 -3  1  0  0  0 -1  1  1 -2 -1 -1  1 -2 -1   14   4   1   1  20   2   2  12   3   5   9   3   4   6   2   4   4   2   1   4  0.40 0.28
   79 E   -2 -1  1  1 -3  0  6 -4 -1 -3 -4  0 -3 -2 -5  0  0 -2 -5 -2    3   4   6   8   1   3  45   1   1   2   1   5   1   2   0   7   7   1   0   3  0.76 0.51
   80 L   -4 -3 -4 -4 -1 -2 -4 -3  0  3  4 -3  1  2 -2 -3 -3 -4  1  0    1   2   1   1   2   2   1   3   3  17  41   1   3   7   2   2   1   0   6   5  0.63 0.39
   81 T   -1  0  1  0  1  0  2 -1  0 -2 -3 -1 -2 -2 -2  3  2 -2 -1 -2    3   5   7   4   3   3  14   4   3   3   2   4   1   2   2  22  13   0   2   3  0.25 0.26
   82 F   -3 -4 -4 -4  1 -2 -4 -4 -1 -3 -1 -3  0  7 -4 -1 -3 -3  5 -1    2   1   1   1   3   2   1   1   1   1   4   2   3  49   1   5   2   0  15   4  1.31 0.65
   83 P   -1  3  1  0 -4 -1  0 -1  0 -2 -2  1  0 -3  3  1 -1 -5 -2 -2    5  19   6   4   0   1   7   4   2   2   3  10   2   1  16  11   4   0   1   2  0.33 0.27
   84 S   -1 -1  1 -1 -2  1  1 -2  1 -4 -3  0 -1 -2 -3  4  2 -5 -1 -3    5   3   7   3   1   5  10   3   3   1   2   5   1   2   1  31  14   0   2   1  0.42 0.36
   85 A    0  0  0  0 -2  0  2 -3 -2 -2 -3  0 -2 -3  4  1  1 -5 -1 -2    7   6   5   6   1   3  12   1   1   2   2   6   1   1  22   9  10   0   3   2  0.38 0.30
   86 V   -2 -5 -5 -6 -4 -5 -5 -2 -6  6 -1 -1 -3 -4 -1 -5 -1 -5 -4  5    3   0   0   0   0   0   0   3   0  42   3   4   0   0   3   0   3   0   0  37  1.18 0.57
   87 L   -2  2 -2 -2  0 -1 -2 -3 -1  1  3  1  0  0 -4 -1  0 -3  1  0    2  14   2   2   2   3   1   2   2   8  29   8   2   4   0   3   5   0   5   6  0.22 0.22
   88 A    2  1  3  0  0  0 -1  1 -1 -3 -3  0  0 -1 -2  1 -1  2  0 -2   17   7  15   4   2   3   2  13   1   0   2   5   2   2   2  10   3   3   4   2  0.21 0.21
   89 V   -1 -4 -4 -4  1 -3 -4 -2 -4  3  1 -2  2  1 -1 -3 -1 -3  0  4    5   0   0   0   3   0   0   3   0  15  13   3   4   5   4   0   3   0   3  36  0.45 0.31
   90 R   -1  4 -1 -3  1  1 -1 -1  1 -1 -1  3  0 -1 -3 -1  0 -3  0 -1    5  24   2   0   4   7   3   3   3   4   6  18   2   3   0   3   6   0   3   5  0.25 0.22
   91 L    0  0 -2 -3  2  1 -2  0  2  0  0  0  1  1 -3  0  0  4  1  0    6   6   0   0   6   6   0   6   6   6   6   6   6   6   0   6   6   6   6   6  0.10 0.15
   92 N   -1  2  4 -1  1  0 -2 -1  1 -2 -2  0  1 -1 -2  1  2  2  0 -2    5   9  15   3   3   4   3   4   3   3   5   5   3   3   3  10  10   3   3   3  0.21 0.20
   93 R   -1  0  0  0  2  0  0 -1  2  0 -1  0  2  1  0 -1  0  4  1 -1    5   5   5   5   5   5   5   5   5   5   5   5   5   5   5   5   5   5   5   5  0.09 0.08
   94 K   -1  0  0  0  2  0  0 -1  2  0 -1  0  2  1  0 -1  0  4  1 -1    5   5   5   5   5   5   5   5   5   5   5   5   5   5   5   5   5   5   5   5  0.09 0.08
   95 R   -2  4 -1  0  0  0  0 -2  1 -1 -1  1  0  1 -1 -1  0  2  1 -1    2  28   3   7   2   3   4   3   4   3   4   7   3   6   3   4   5   3   5   3  0.23 0.22
   96 L   -1 -1  0 -3  3 -2 -3 -3 -2  2  2 -2  2  1  1 -1  0  2  1  1    4   4   7   0   7   0   1   1   0  17  19   1   5   5   7   4   4   3   4   6  0.16 0.16
   97 A    0 -3 -3 -3  3 -2 -1 -1  2  1  1 -3  1  1 -1 -1 -1  2  1  2    6   0   0   0   8   0   4   4   7   9  11   0   3   5   3   4   4   3   7  21  0.16 0.17
   98 V   -1 -3 -3 -1  1 -2  0 -3 -3  2  1 -3  1  0  0 -1  0 -3 -2  4    4   0   0   3   3   0   7   1   0  13   9   0   4   4   4   3   4   0   0  37  0.29 0.24
   99 V    1 -1  0 -3  3 -1 -3 -1 -3  1  0 -1  1  0 -1  0  0  2 -2  2   11   3   5   0   7   3   0   3   0   6  10   3   4   5   3   6   4   3   0  23  0.14 0.18
  100 L   -1 -1 -1 -1  1  0 -1 -1  0  0  2 -2  1  1 -3 -1  1 -3  0  0    5   3   3   4   3   4   5   4   3   5  30   0   3   5   0   4  10   0   3   6  0.11 0.16
  101 E    0  0  0  2  0  1  3 -2  0 -2 -1  1  0 -2  0  0 -1 -4 -1 -2    7   6   4  12   2   5  21   2   3   2   5   9   3   2   4   5   3   0   2   3  0.18 0.18
  102 C   -2  1  3  2 -1  0  0  0  2 -3 -3  0 -1 -2 -4  1  1  0  0 -3    2   9  17  12   2   4   7   6   6   2   2   6   1   2   0   9   9   1   3   2  0.28 0.25
  103 Q   -1  2  1 -1  1  0  0 -1  1 -1 -2  2  1  0 -3  1  0 -3  0 -1    4  15   7   3   3   4   6   4   4   3   3  12   4   5   0  10   4   0   3   3  0.12 0.12
  104 I   -1 -4 -4 -5  2 -4 -4 -5 -4  5  1 -4  2  1 -4 -1  0 -4  1  3    6   0   0   0   5   0   0   1   0  32  10   0   5   5   0   5   7   0   6  17  0.58 0.31
  105 Y   -3 -1 -2 -3  3 -1 -2 -4  5  0 -1  0  0  3 -5 -2 -2  0  5  0    2   4   2   2   6   3   3   1  15   6   5   5   2  10   0   3   3   1  23   7  0.63 0.39
  106 L   -2 -4 -6 -6  0 -4 -6 -4 -6  5  1 -6 -1 -3 -6 -3 -3 -6 -2  5    3   1   0   0   2   1   0   1   0  33  12   0   1   1   0   2   2   0   1  39  1.21 0.60
  107 Y   -6 -6 -3 -7 -1 -3 -6 -7  4 -4 -3 -6 -2  5 -7 -6 -3  1  8 -3    0   0   1   0   1   1   0   0  10   1   3   0   1  22   0   0   2   2  50   2  2.04 0.91
  108 D   -2  0  4  4 -1 -1  1 -2 -1 -3 -4 -1 -7 -7 -3  2  0 -7 -3 -1    3   5  16  22   2   3   7   4   2   2   2   4   0   0   2  14   6   0   1   4  0.54 0.38
  109 V   -4 -3 -3 -2  0 -7 -7 -4 -1  3  2 -3  2  6 -4 -3 -1  0  0  0    2   2   2   3   2   0   0   2   1  16  20   2   4  26   2   2   4   1   3   6  0.83 0.44
  110 S   -1  1  2  0 -1  1  0 -1  1 -2 -3  1  0 -3  1  3  0  0 -2 -4    6   6   8   5   1   6   5   5   3   3   3   8   2   1   8  19   6   1   2   1  0.24 0.24
  111 N   -4 -2  4  4  0  0 -1 -2  1 -4 -5 -1 -7 -3  1  1  2  0 -2 -3    2   2  17  19   2   5   4   4   3   1   2   5   0   1   7  10  11   1   1   2  0.53 0.40
  112 M   -2 -1 -1 -2  1  0 -2 -2  1  0  2 -1  4  0  3 -2 -2  2  0 -1    4   3   3   3   3   4   3   4   4   6  17   3  10   4  13   3   3   2   3   5  0.26 0.20
  113 N   -1  0  0  0  2  0  0 -1  2  0 -1  0  2  1  0 -1  0  4  1 -1    5   5   5   5   5   5   5   5   5   5   5   5   5   5   5   5   5   5   5   5  0.09 0.08
  114 L   -3  1 -1 -1  0  0 -1 -3  1  1  3  1  2 -1  0 -2 -2  1 -1  0    2   7   3   3   2   5   4   3   3   7  25   7   4   3   5   3   3   2   2   7  0.21 0.16
  115 V   -3  0 -2 -2  0  0 -1 -7  1  2  4 -1  1 -1 -1 -2 -1  1  1  0    2   5   2   2   2   4   4   0   3  10  31   4   3   3   4   3   4   2   5   5  0.37 0.25
  116 Q   -1  0  0  0  2  0  0 -1  2  0 -1  0  2  1  0 -1  0  4  1 -1    5   5   5   5   5   5   5   5   5   5   5   5   5   5   5   5   5   5   5   5  0.09 0.08
  117 T   -1  0  0 -2  0  2  1 -3  1  0 -2  0 -1 -4 -1  1  3  1 -1  1    3   5   3   1   2   8   9   2   3   7   3   6   1   0   3  12  18   2   2   9  0.21 0.25
  118 I   -2 -1 -5 -3 -1 -1 -2 -6 -1  5  1 -3  1  3 -2 -2 -1  1  1  1    2   3   0   2   1   3   3   0   2  32  14   2   3  10   2   3   3   2   5   8  0.52 0.37
  119 D   -1  0  0  4 -1  0  4 -2  1 -1 -3  0 -1 -3  1 -1 -2 -5 -2 -2    4   5   4  21   1   4  24   3   3   5   2   6   2   1   6   4   2   0   2   2  0.41 0.35
  120 T   -3 -3 -1 -1  0 -2 -3 -3 -2  0 -3 -3  0 -3  0 -2  7 -6 -2 -1    2   2   3   3   2   1   1   2   1   4   3   2   2   1   4   3  58   0   1   4  1.16 0.77
  121 S    1  0 -1 -2  2 -1 -1  0 -1  0 -1 -1 -1 -1  3  1  0  1  0  0   10   6   3   2   5   3   3   6   1   6   6   4   2   2  13   9   7   2   3   8  0.11 0.12
  122 P    0 -1  0  2 -1 -1  0 -2  0 -1 -3 -1 -1 -1  4  1 -1  0  0 -2    8   4   5  11   2   2   6   3   3   4   3   3   2   2  21  10   4   1   3   3  0.29 0.26
  123 N    0  0  1  0 -3  1  0  0  2 -1 -1  0 -1  1  1  0  0 -2  1 -2    6   6   6   6   0   6   6   6   6   6   6   6   0   6   6   6   6   0   6   0  0.06 0.09
  124 P    0 -1  1  0  2  0 -1 -1  1 -1 -1  0  0 -1  3  0  0 -3  0 -1   10   3   9   4   4   4   4   5   4   3   6   5   3   3  13   6   5   0   4   4  0.12 0.12
  125 N   -1  2  1  0 -3  1  0 -1  1 -2 -1  1 -1  0  0  1  0  1  0 -1    4  10   8   5   0   6   4   5   5   2   7  10   2   4   4   9   7   2   3   3  0.09 0.12
  126 A    0 -1 -1 -1 -1 -3 -2  5  1 -1 -2 -1 -1 -1  1 -1 -1 -4  0 -2    7   3   2   3   1   0   2  39   4   3   4   4   1   3   7   4   4   0   4   3  0.42 0.36
  127 I    0  0  0  0  2  0  0  0 -1  0 -1  0  1  0  0  0  0 -2  1  0    5   5   5   5   5   5   5   5   0   5   5   5   5   5   5   5   5   0   5   5 -0.00 0.06
  128 C   -1  0 -7 -1  8  0 -7 -2 -7  1  0 -7  1  1 -7  0 -1 -7  0  0    5   5   0   4  25   4   0   4   0   8   8   0   4   6   0   8   4   0   3   6  0.77 0.45
  129 A    3 -2 -1  1  3 -1 -1 -2  0  0 -3 -2  2 -1  0 -1 -1  2 -1 -1   24   3   3   8   5   3   5   4   2   5   3   3   4   3   4   6   3   3   3   5  0.19 0.19
  130 L   -1 -1 -1  0  0 -1 -1 -1  0  0  1 -1  1  1  0  0  0 -2  0  0    4   3   3   6   3   3   3   4   2   6  16   4   5   8   5   6   4   0   3   8  0.00 0.08
  131 S    1 -1  0 -1  1  0 -1 -1  0  0  0 -1  1  0 -1  1  1 -3  0 -1   13   3   5   3   4   3   3   3   3   5   8   4   4   4   3  15   7   0   3   3  0.03 0.13
  132 P   -1  0  0  0  2  0  0 -1  2  0 -1  0  2  1  0 -1  0  4  1 -1    5   5   5   5   5   5   5   5   5   5   5   5   5   5   5   5   5   5   5   5  0.09 0.08
  133 S   -1 -1  2  2  1  0 -1 -1  2 -1 -1  0  0 -1 -1  1  0  2  0 -1    5   3  10   9   3   4   4   5   6   4   5   5   3   3   3  10   7   3   3   4  0.11 0.11
  134 S    0 -1  1  1 -2 -1  0  1  1 -3 -2 -1 -2 -2  3  2  0 -6 -3 -1    7   4   7   8   1   3   7   9   3   2   4   3   1   2  12  16   5   0   1   4  0.22 0.21
  135 D   -2 -2  2  4 -1  0  2  1  0 -3 -4  0 -2 -4 -2  0  0 -1 -3 -3    4   3   9  19   1   5  15  11   2   2   2   5   1   1   3   8   6   1   1   2  0.38 0.29
  136 S    0  1  4 -2 -1 -1 -2 -1  0 -4 -4 -1 -1 -1  0  3  0 -2 -3 -2    9   8  19   2   2   3   3   5   2   1   2   4   1   3   6  18   5   1   1   3  0.39 0.31
  137 C    1 -1  0  0  4  0 -1 -1  0 -1 -1  0 -1 -1  0  2  0  2  0  0   11   2   4   6   9   4   3   4   2   4   5   5   2   3   5  15   6   3   3   7  0.10 0.13
  138 Y   -2 -1 -3 -1 -1 -1 -3 -2  2  2  1 -2  0  1 -2  0 -1  0  2  2    3   4   0   4   1   3   0   4   5  12  14   2   2   5   2   6   4   1   8  19  0.20 0.21
  139 L   -2 -5 -1 -2  2 -2 -3 -2 -1  1  4 -3  1  1 -3 -2 -4  0 -4  1    4   0   4   3   4   2   2   4   2   8  43   2   4   6   2   3   0   2   0   8  0.52 0.38
  140 V    4 -3 -1 -3  2 -2 -3  0 -1  1 -2 -2 -1 -2 -1 -1 -2 -5 -2  2   40   2   3   2   4   1   1   7   2   7   3   2   2   1   3   3   2   0   1  13  0.51 0.40
  141 Y   -2 -3 -1 -2  5 -2 -3 -2  0  2 -1 -3  0  4 -5 -1  0  1  4 -1    3   1   3   2  13   1   2   3   2  13   7   1   2  15   0   5   5   2  15   3  0.53 0.36
  142 P    0  0  0  0  2  0  0 -1  1  0 -1  0  1  0  0  0  0 -2  1  0    5   5   5   5   5   5   5   5   5   5   5   5   5   5   5   5   5   0   5   5 -0.00 0.06
  143 R   -1 -1  0 -1  2  0 -1  2  2 -1 -1 -2  0  0 -1  0  0  2  1 -1    6   3   5   4   4   4   5  14   4   3   7   3   3   3   4   8   5   2   6   3  0.03 0.09
  144 P    0  1  0 -1  1  0 -1 -1  2 -1 -1  0  1  0  2  1  0 -3  0 -1    6   7   4   3   3   4   3   4   5   4   5   6   4   4  12  10   5   0   3   4  0.06 0.13
  145 N   -1  0  1  0  1  1  0 -1  2 -1 -1  0  0  0  0  0  1 -3  0 -1    5   4   8   5   3   7   4   4   7   3   4   6   3   4   4   7   9   0   4   4  0.03 0.11
  146 P   -1 -1  0  0  1  0 -1 -1  1 -1 -1  1  0 -1  4  0  0  1 -1 -1    5   3   4   5   3   5   3   4   3   3   5   8   2   3  19   7   6   2   2   4  0.15 0.18
  147 R    0  0  1  0 -1  0 -1  2  0 -1 -2  0 -1 -3 -1  2  0 -3 -1 -1    7   6   6   5   1   3   3  19   2   3   4   4   2   1   3  14   5   0   2   5  0.10 0.15
  148 E    0  0  0  0  0  1  0  0  2 -1 -1  0 -1 -1  0  1  0  0  0 -1    6   5   4   5   2   7   5   8   5   4   6   4   2   2   5  11   5   1   3   4  0.02 0.06
  149 D    0 -1  1  1 -2  1 -1  0 -1  0 -1  0 -1 -2  0  1  0 -1 -2  1    7   4   6   7   1   6   4   7   1   4   7   5   2   1   4   9   7   1   1  12  0.02 0.08
  150 V    0  0  0 -1  0  2 -1 -1 -2  1  0  0  0 -2 -1  1  0 -3 -1  1    6   5   4   3   2  11   3   5   1   7   8   5   2   2   3  12   6   0   2  11  0.04 0.12
  151 G   -1 -3 -1 -1 -1 -1 -3  4  0  0  0 -2 -2 -2  1  0 -1 -1 -4  0    4   1   3   4   1   2   2  31   2   7  10   2   1   2   6   8   4   1   0   6  0.28 0.27
  152 A    0 -2  0 -1  0  0 -1  0  1  0  0 -1 -1  1 -1  2  0 -3 -2  1    7   2   5   4   2   4   4   8   4   5   8   3   1   5   2  17   6   0   1   9  0.04 0.12
  153 K    0  0  0  0 -3  0  0 -1  0  1  0  0 -1  0  0  0  0 -3 -1  2    8   4   5   6   0   4   4   5   2   7   9   5   1   4   4   7   4   0   1  16  0.01 0.07
  154 A    0  0  1 -1 -1  2 -1  0  0 -1  0 -1  0 -1  0  1  0  0  0 -1    7   6   6   3   1  12   4   6   2   4  12   3   2   2   5  10   5   2   3   5  0.03 0.11
  155 P   -1 -1  1  0  0 -1 -1 -1  0  0  1 -1  0 -1  2  0  0 -3 -1  0    4   3   9   5   2   3   4   5   2   7  13   3   2   2  12   7   5   0   2   8  0.06 0.11
  156 A    1 -1  1 -1 -1  0 -1  0 -2  0  0 -1 -1 -2  1  1  0 -1 -1  1   11   3   7   2   2   5   3   7   1   7   7   3   1   1   6  10   7   1   2  12  0.04 0.11
  157 H    0  0  3  1  0 -1 -1 -1  5 -2 -2 -1 -2 -1  0  1  0 -4 -1 -2    8   5  13   6   2   2   4   4  13   2   5   3   1   3   4   9   5   0   2   3  0.19 0.22
  158 L    0 -1  1 -1 -1 -1 -2  0  0  1  2 -1  0  0  0  0  0 -3 -1  0    7   3   7   4   1   3   2   7   2   7  24   2   2   3   5   7   5   0   2   5  0.06 0.12
  159 P    0 -1  1 -1 -1  0  0  1 -1 -1 -2  0 -1 -3  3  1  0 -2 -1 -1    7   3   6   3   2   5   5   9   1   4   4   5   1   1  17  10   5   1   2   5  0.14 0.19
  160 P    0 -1  0  1  0  0  0  0 -2 -2 -1 -1  0 -1  3  1  0 -1 -1 -2    7   3   4   7   2   5   6   8   1   2   5   4   3   2  13  12   6   1   2   3  0.10 0.16
  161 P   -1 -2  0 -1  2  0 -1  0 -2  0  0 -1 -1 -2  2  1  1 -4 -2 -1    4   2   5   3   4   4   4   6   1   5  10   4   2   2  11  13  11   0   1   5  0.08 0.15
  162 S    1 -1  1  0  0 -1 -1 -1  1 -1 -1 -1 -2 -2  2  2  0 -4 -2  0   12   2   8   5   2   2   3   5   3   3   7   4   1   2   9  16   5   0   1   6  0.09 0.16
  163 Q    1 -1  1  1 -3  1  1 -1  0 -2 -1  0  0 -1  1  1  1 -4 -1 -1   10   3   6   8   0   7   9   4   2   2   7   4   2   3   8  12   8   0   2   5  0.10 0.13
  164 Y    0 -1  0  0  0 -1 -1 -1  1 -1  0 -1  0  0  2  1  0 -1  1 -1    6   2   6   5   3   3   3   5   4   3  11   4   2   4  11  12   6   1   5   4  0.08 0.11
  165 V    1  0 -1 -2 -1  0  0  0 -1  0 -1 -1 -1 -3  2  1  1 -3 -1  0   13   6   3   2   1   3   5   6   1   5   7   4   1   1  11  13   9   0   2   7  0.13 0.15
  166 P    0  0  0  0  2  0  0 -1  1  0 -1  0  1  0  0  0  0 -2  1  0    5   5   5   5   5   5   5   5   5   5   5   5   5   5   5   5   5   0   5   5  0.03 0.05
  167 P    0  0  0  0  0  0  0  0  0  0  0  0  0 -1  1  0  1 -2 -1  0   10   3   5   4   2   4   5   6   2   5  11   5   2   3   8   7   8   0   2   6  0.04 0.03
  168 K    0  1  0  0  1  1  1  0  1 -1 -1  1  0 -1  0  0  1 -3 -2 -1    6   6   5   4   3   7  10   7   3   4   4   9   3   3   5   8   9   0   0   4  0.08 0.10
  169 R   -1  1  1 -1  1  0  0 -1  1  0 -1  1  0 -3  1  1  1  2  0  0    4   7   6   3   3   4   4   4   3   5   4  12   3   0   6   9   8   3   3   8  0.08 0.12
  170 G   -1 -7  0 -1 -7 -7 -2  6  1 -7 -2 -1 -7 -7  0 -1 -1  4  0 -2    5   0   4   4   0   0   4  45   4   0   4   4   0   0   5   5   4   5   4   4  0.92 0.49
  171 D   -1  0  0  0  2  0  0 -1  2  0 -1  0  2  1  0 -1  0  4  1 -1    5   5   5   5   5   5   5   5   5   5   5   5   5   5   5   5   5   5   5   5  0.09 0.08
  172 V   -2 -1 -1 -2  1 -1 -2 -2  1  1  0 -2  1 -1 -1 -2 -2 -7  0  5    4   3   3   3   3   3   3   3   3   8   8   3   3   3   4   4   3   0   3  34  0.47 0.30
  173 L   -1  3 -1 -2 -2  4 -3 -4  2  0  0 -1  0 -2 -1  0 -1  0 -2  0    5  16   4   2   1  16   2   2   4   6  10   4   2   2   3   8   5   1   2   6  0.31 0.24
  174 V   -3 -2 -1 -3 -6 -3 -2 -4 -7  5  2 -3  0 -2 -2 -2 -2 -7 -2  4    3   3   3   2   0   1   3   2   0  25  16   2   2   2   3   3   3   0   1  27  0.77 0.39
  175 Y   -1 -2 -2 -3 -1 -1  0 -3  2 -1 -2 -2 -1  4  0  0 -2  0  4  1    5   3   2   2   1   3   7   3   5   4   5   3   2  16   6   6   3   1  14   8  0.37 0.22
  176 D   -3  1  2  6 -1 -2  1 -7  0 -7 -3 -1 -7 -1 -1 -1  0 -7 -7 -3    3   7   9  37   2   2   9   0   2   0   3   4   0   2   4   6   6   0   0   2  0.84 0.50
  177 A    2 -1 -3 -2  2 -3 -2 -1  2 -1  1 -2  0 -1  0  0  2  0  1  0   15   3   2   2   3   1   3   5   5   4  15   2   2   2   5   7  12   1   4   6  0.17 0.14
  178 L    0  0  1  0  1  0  0 -1  1  0  0  0  1  1  0  0  0  2  2  0    6   4   6   4   3   3   5   5   4   5   7   5   5   5   4   8   5   3   7   6  0.03 0.04
  179 N    0  0  3  1  1  0  0  0  2 -1 -2  0  1 -1  0  1  1 -6 -5 -2    7   5  13   6   3   4   6   6   5   3   5   5   3   3   5   9   9   0   0   3  0.16 0.15
  180 L   -1  0  0 -1  1  0 -1 -1  2  0  2 -1  1 -1  0  0  0  2  0 -1    5   5   5   4   3   4   4   4   5   5  18   4   4   3   5   6   7   3   3   3  0.07 0.08
  181 K    0  0  0  0  2  0  0 -1  1  0 -1  0  1  0  0  0  0 -2  1  0    5   5   5   5   5   5   5   5   5   5   5   5   5   5   5   5   5   0   5   5  0.03 0.05
  182 T    1  0  0 -1  0 -1 -1 -2  0 -2 -1  0  0 -2  3  1  0 -1 -1  0   10   6   4   4   2   3   4   3   2   3   7   6   3   2  16  10   7   1   2   8  0.15 0.14
  183 V   -2  0 -2 -2 -5 -2 -2 -2  1  1  1 -1  0 -1  1  0  2 -6 -2  3    4   5   2   2   0   2   3   4   3   8  12   4   2   2   7   7  11   0   2  17  0.20 0.16
  184 N   -2 -1  2 -2  3 -1 -3 -1  1  0  1  1  0 -1 -1  2  0  0 -2  0    3   4   9   2   6   3   2   5   3   5  11   9   2   3   4  13   7   1   2   6  0.14 0.12
  185 V   -1  0  0 -2  0 -1  0 -2 -1  2 -1 -1  1  1 -2  0  1  1  0  1    3   5   5   2   2   3   7   2   2  15   5   3   4   6   2   8   9   2   2  12  0.09 0.11
  186 V   -1 -4  0 -5  2 -4 -5 -2 -4  5  0 -1  1  2 -1 -4 -1 -4  0  2    4   0   4   0   4   0   0   4   0  34   8   4   4   8   4   0   4   0   4  12  0.54 0.33
  187 E   -1  1  1 -1  0  1  0 -1  2 -1 -1  1  0 -1  1  0  0 -3  0 -1    4   7   6   3   3   9   5   4   7   4   7  10   3   3   8   5   7   0   3   4  0.09 0.10
  188 A    5 -4 -2 -4  1 -3 -3 -1 -4  1 -2 -1 -1 -4 -2 -1 -1 -5 -4  0   63   0   2   0   3   0   0   4   0   7   2   3   2   0   2   2   2   0   0   6  0.82 0.48
  189 H   -3 -1 -1 -4  0 -1 -4 -5 10 -6 -5 -4 -5 -1  0 -4 -2 -5 -2 -6    3   3   3   0   2   3   0   0  74   0   1   0   0   3   5   0   3   0   0   0  2.39 0.88
  190 K    0  1  1  2  0  2  2 -2  0 -2 -2  2 -2 -3 -2  0  0 -4 -1 -1    7   8   7  12   2   8  15   2   2   2   2  15   0   0   0   8   4   0   2   4  0.24 0.18
  191 S    0 -1  2 -1  0  0 -1  1  3 -3 -4 -2 -1 -4 -3  4  2  0 -3 -3    4   3  12   2   2   4   2  12   7   2   0   0   1   0   0  35  12   1   0   0  0.48 0.35
  192 P    0  0  0  0  2  1  0  0  2  0 -1  0  1 -2  1  0  0 -3  1  0    6   6   5   6   5   5   6   6   5   6   6   6   5   0   6   6   6   0   5   6  0.04 0.08
  193 L    0 -4 -5 -5  3 -4 -4 -5 -5  4  3 -4  3 -3  1 -4 -3 -4 -4  2    7   0   0   0   6   0   1   1   0  21  31   1   7   0   8   1   1   0   0  14  0.68 0.31
  194 C    4  1 -1 -3  2  0 -2 -1 -2 -3 -3 -2 -1 -3 -3  1  1 -2 -2  0   41   7   3   1   4   4   1   4   1   1   2   2   1   1   1  12   7   1   2   6  0.49 0.35
  195 A    4 -2 -2 -5  7  0 -3 -4  0  0 -3 -1 -1 -2 -3  0  0 -5 -1 -2   32   2   2   0  25   4   1   1   2   5   2   4   2   2   1   6   5   0   2   2  0.81 0.44
  196 I   -2 -4 -5 -5 -1 -4 -4 -1 -4  4  3 -4  4  1 -4 -3 -2 -4 -1  2    3   0   0   0   1   0   0   4   0  24  33   0  10   6   0   2   2   0   2  11  0.62 0.35
  197 A    4 -1  0 -2  1 -1 -2  0 -2 -2 -3  0 -2 -4 -3  2  1 -4 -1  0   37   3   3   2   4   3   2   6   1   1   1   4   1   0   0  13  10   0   2   5  0.37 0.30
  198 L   -2 -4 -5 -5 -1 -4 -5 -5 -4  2  4 -4  2  5 -2 -1 -1  1 -2  0    2   0   0   0   1   0   0   0   0  10  37   0   5  24   2   5   3   2   0   6  0.70 0.39
  199 N   -2 -3  6  1 -1 -3 -3 -2  0 -5 -3 -1 -2 -5 -2  4  1 -5 -4 -4    3   0  36   8   1   0   0   3   2   0   2   3   1   0   2  30   8   0   0   0  0.84 0.50
  200 H    0  1  1 -1 -1  1 -1 -1  0 -2 -1  1  0 -1  3  2  0 -1 -1 -2    7   8   6   2   1   7   3   4   3   2   4   7   3   3  15  17   5   1   2   2  0.19 0.16
  201 D   -2 -1  1  5 -1  1  1 -1 -1 -3 -3 -1 -2 -2 -1  2  0 -4 -2 -3    3   3   7  34   1   6   6   5   1   1   2   2   1   2   3  15   5   0   1   1  0.48 0.32
  202 G    0  1  1  1  3 -1  1  0 -1 -2 -2  1 -2 -2 -2  1  1 -2  1  0    8   8   8   8   8   0   8   8   0   0   1   8   0   0   0   8   8   0   8   8  0.11 0.11
  203 S    0  0  0 -1 -1 -1  0 -1  0 -2 -1  0  0 -2  1  2  3 -4 -1 -2    6   5   4   3   1   3   5   4   2   2   7   5   3   2   6  18  22   0   2   2  0.21 0.20
  204 M   -1  0 -1  0  1  0 -1 -3  0  1  1  0  1  0 -3 -1 -1  2  0  1    4   6   3   8   3   3   3   1   3   7  16   8   5   3   0   3   3   3   4  13  0.07 0.09
  205 L    0 -2 -2 -3  3 -2 -2  0 -2  1  1 -2  2  1 -2  0 -1  5 -1  1   10   0   0   0   9   0   1  10   0  10  10   1   9   9   0  10   1   9   0  10  0.18 0.12
  206 A    4 -2 -2  1  0 -1 -1  1 -2 -1 -1 -1 -1 -2 -2  0  0 -3 -2  0   56   1   1   9   2   0   1   7   0   3   6   1   0   0   1   3   3   0   0   5  0.30 0.17
  207 T    0 -2 -1  1  3 -1 -1 -2 -2  1  0 -1 -1 -2 -2  1  4 -3 -2  0    5   1   1   8   7   1   1   1   0   9   6   1   0   0   1  14  38   0   0   7  0.25 0.14
  208 A    3  0 -1 -2  1 -1 -1  1 -2 -2 -2  0 -1 -3 -1  2  1 -3 -2  0   33   4   0   1   4   0   1  10   0   0   1   8   0   0   0  21   8   0   0   6  0.23 0.12
  209 S    0 -2  1  0  2 -1 -1  0  1 -1 -1 -1 -2 -2 -2  3  1 -3 -2 -1    1   0   7   4   7   0   1   8   5   4   5   1   0   0   0  44   9   0   0   4  0.25 0.16
  210 E    0 -1  0  0 -1  1  2 -2  1  0 -1 -1  0 -2 -1  1  1 -3 -1  1    6   2   3   5   1   6  20   2   4   4   4   2   2   1   1  12  12   0   1  12  0.14 0.14
  211 T   -1  2  0 -1 -1  2  0 -2 -1 -2 -3  5 -1 -4 -3 -1 -1 -4 -2 -1    4  11   5   3   1   8   3   2   1   2   2  41   1   0   0   4   4   0   1   6  0.46 0.29
  212 G   -1 -4 -3  0 -5 -4 -2  7 -4 -5 -5 -2 -5 -5 -4 -1 -4 -5 -5 -2    3   0   0   6   0   0   3  76   0   0   0   2   0   0   0   4   0   0   0   3  1.49 0.52
  213 T   -2  0 -1 -3  3 -3 -2  0 -4 -1 -2 -1 -3 -4 -3  0  6 -4 -2 -2    2   5   1   0   6   0   2   7   0   3   3   3   0   0   0   4  61   0   1   0  0.88 0.44
  214 I   -2 -3 -2  1 -1 -3 -2 -2 -1  3  3 -3  1  1 -4 -3 -2  2  0  3    2   1   1   8   1   0   2   3   1  17  28   1   2   4   0   0   1   3   2  20  0.33 0.21
  215 I   -2 -4 -4 -5  1 -4 -3 -5  1  6  0 -4  0  0 -4 -4 -3 -4 -3  3    2   0   0   0   3   0   2   1   4  53   6   0   1   3   0   1   0   0   0  22  0.96 0.40
  216 R   -3  7 -2 -4 -2  0 -2 -4  0  0 -4  2 -3 -4 -3 -2 -2 -1 -4 -2    1  63   1   0   1   2   2   1   2   7   1  11   0   0   1   2   2   1   0   2  1.22 0.49
  217 V   -2 -4 -3 -4 -1 -3 -2 -3 -4  3  2 -4 -1 -2 -4 -3 -1 -4  0  5    2   0   1   0   1   0   2   2   0  20  17   1   0   0   0   1   2   0   3  47  0.67 0.32
  218 F   -3 -4 -4 -4 -4 -4 -4 -3  3 -1 -1 -4 -1  7 -2 -3 -3  6  2  0    1   0   0   0   0   0   1   3   7   3   3   1   2  49   2   1   1  12   6   6  1.14 0.43
  219 S    0 -1  3  3 -2  0  0 -1 -1 -3 -3 -1 -1 -2 -2  3  0 -4 -3 -3    6   4  15  20   1   4   5   5   1   1   2   2   2   2   1  26   3   0   1   1  0.39 0.26
  220 L   -1 -3 -3 -3 -1 -3 -3 -3 -4  1  0 -3  2  0 -1  1  4 -2 -2  2    5   1   0   0   1   0   0   1   0   8   9   1   5   5   3   8  31   1   1  19  0.40 0.28
  221 P    0  1 -1  0 -2  1  0 -1 -1 -2 -1  0  0 -2  4  1 -1  0 -2 -1    9   8   3   5   0   7   6   3   1   2   5   4   3   2  23  10   3   1   1   4  0.28 0.19
  222 Q   -1 -1  2  3 -4  0  1 -1  1 -3 -4 -1 -3 -2  0  2  2  0 -3 -2    2   3  10  21   0   4   7   4   3   1   1   3   0   2   4  17  14   1   1   2  0.36 0.26
  223 G    0 -1  0 -3  1 -3 -3  6 -4 -4 -1 -1 -3 -2 -4 -1 -2 -5 -4 -4    9   4   3   1   3   1   1  55   0   1   8   4   1   2   1   4   2   0   0   1  0.86 0.42
  224 Q    0  2  0  0 -3  3  2 -3  0 -3 -3  1 -1 -4 -3  0  3 -5 -3 -2    6  12   5   5   0  13  14   1   2   1   2   6   1   0   1   6  18   0   0   3  0.34 0.26
  225 K   -2  2 -2 -2  3  1 -1 -4 -1 -2  2  4  2 -2 -1 -2 -3 -5 -3 -2    4  11   1   1   6   5   2   0   2   1  21  31   6   2   3   2   1   0   0   1  0.48 0.33
  226 L   -2 -2 -2 -5 -2 -3 -3 -5 -5  2  4 -3  1 -2 -5 -2 -2 -4 -3  2    4   3   2   0   1   1   2   0   0  10  49   1   2   1   0   4   2   0   1  17  0.68 0.36
  227 F    0  1 -1 -4  1  2 -3 -3  4  0 -1  0 -1  3 -4 -2 -2  0  4 -1    8   8   3   0   3  12   0   2   9   5   6   4   2  11   0   1   2   1  17   5  0.35 0.26
  228 Q   -2 -1 -1 -1 -5  2  6 -4 -1 -4 -4 -1 -4 -5 -4  1 -1 -5 -4 -2    3   2   3   2   0  10  54   1   1   1   1   3   0   0   0   9   3   0   1   4  1.01 0.53
  229 F   -4 -5 -5 -5 -2 -5 -5 -3 -4 -2  3 -5 -1  7 -5 -4 -3 -1  0  0    1   0   0   0   1   0   1   3   0   1  32   1   1  46   0   1   2   1   2   7  1.25 0.52
  230 R   -4  8 -4 -5 -1 -1 -4 -5 -3 -4 -5  0 -5 -5 -5 -4 -3 -1 -1 -5    1  80   0   0   1   2   0   1   1   1   1   4   0   0   0   1   1   1   2   1  2.09 0.80
  231 R   -5  8 -4 -3 -2 -3 -4 -6 -4 -6 -6 -1 -5 -6 -6 -5 -5 -6 -5 -4    0  90   0   2   1   0   0   0   0   0   0   2   0   0   0   0   0   0   0   1  2.55 0.92
  232 G   -3 -5 -4 -4 -6 -5 -5  7 -5 -6 -6 -5 -6 -6 -5 -1 -3 -6 -6 -4    2   0   0   1   0   0   0  87   0   0   1   0   0   0   0   4   1   0   0   1  2.13 0.75
  233 T    2 -1  0 -3 -2 -2 -3 -2  0 -1  0 -1  1 -1 -3  2  3 -4  1  1   16   2   4   0   0   1   0   2   2   2   8   2   4   2   0  18  19   0   6  12  0.27 0.24
  234 V   -1  0  0  0  2  0  0 -1  2  0 -1  0  2  1  0 -1  0  4  1 -1    5   5   5   5   5   5   5   5   5   5   5   5   5   5   5   5   5   5   5   5  0.09 0.08
  235 P    0  2  1 -2  2  0 -1 -1  2 -2 -3 -1 -6 -1  3  1  0 -7  0 -2    7  12   5   3   4   4   4   5   4   3   3   4   0   3  16   9   6   0   3   4  0.26 0.23
  236 T    5 -2 -1 -5  4 -1 -2 -1 -5 -2 -2 -4 -4 -1 -5  1  0 -5 -1  1   42   3   3   0   8   2   3   5   0   3   4   0   0   2   0   8   5   0   3   8  0.59 0.44
  237 S    0  2  1  0 -1  1  0 -2  0 -1 -2  1  0 -1 -2  1  2 -4 -2 -2    6  10   8   5   2   5   7   2   2   4   4   7   3   3   1  13  13   0   1   3  0.14 0.18
  238 I   -6 -7 -7 -7 -6 -2 -7 -7 -7  8 -1 -7  1 -1 -7 -3 -1 -7 -6  2    0   0   0   0   0   2   0   0   0  67   6   0   3   2   0   2   3   0   0  11  1.85 0.80
  239 Y   -2  0  1 -3  2 -1 -3 -2  4 -3 -1 -3 -2  2 -5  1  0  1  6 -2    3   4   6   1   4   3   1   3  10   1   5   1   1   8   0   9   7   2  27   2  0.64 0.41
  240 S   -2 -2 -1 -2  6 -2 -3 -2  0 -3 -3 -3 -5 -6 -1  5 -2 -1  0 -4    3   2   2   3  18   2   2   4   2   2   2   1   0   0   3  48   2   1   3   1  1.04 0.63
  241 M    0 -2  1 -2  3 -2 -2 -2  2  1  0 -2  2  1  1  0  0 -2  2  0    8   0   7   0   7   0   0   1   7   8   8   0   7   7   8   8   8   0   7   8  0.12 0.14
  242 S    2  0  0  0  4  0 -1  0  1 -2 -2 -1  1 -3 -2  2  0  1 -1 -1   18   4   4   5  11   3   3   7   4   0   3   3   4   0   0  16   7   2   2   4  0.16 0.16
  243 F   -3 -4 -4 -5 -4 -4 -4 -5 -3  2  0 -4  2  7 -5 -2 -1  4  2  0    1   0   0   0   0   0   0   0   0  10   8   0   5  51   0   4   5   5   5   4  1.02 0.45
  244 N    0  1  3  0  1 -2 -1 -2  0 -2 -2 -1 -3 -2 -3  4  0 -5 -4 -4    5   8  14   4   3   0   3   3   2   3   4   2   0   2   0  42   4   0   0   0  0.53 0.38
  245 L    0  0 -1 -1 -1  0 -1 -1  0 -2  0  0  0 -1  5  0 -1  1  2 -2    7   5   2   3   1   4   3   5   3   2  11   5   2   2  26   6   3   2   7   2  0.32 0.22
  246 S   -1 -2  2  5  1 -2  0 -2 -1 -2 -4 -1  0 -5  0  1  0 -5 -3 -2    5   2   9  37   3   2   5   3   2   2   2   3   3   0   4  10   5   0   1   3  0.56 0.35
  247 S    0 -3  2  1  0 -2 -1  2 -1 -3 -3 -1 -2 -1  0  4 -1 -5 -2 -2    9   1   9   7   2   2   3  13   1   1   3   3   1   2   6  31   2   0   1   2  0.38 0.31
  248 T   -1  2  1 -1 -2  3  1 -2  0 -3 -2  1 -1 -1 -2  1  2 -5 -2 -3    5  10   5   4   1  16   7   3   2   1   4   9   2   2   2  12  13   0   1   1  0.27 0.25
  249 L   -2 -1 -3 -4 -2 -3 -2 -4  0  0  2 -2  1  5 -2 -4 -5  6  4 -2    4   3   1   1   1   1   3   2   2   4  20   3   4  21   2   1   0  12  12   2  0.73 0.41
  250 L   -2 -6 -6 -6 -5 -2 -6 -6 -6  1  6 -6  1 -1 -6 -4 -5 -5 -5  0    3   0   0   0   0   2   0   0   0   8  71   0   3   3   0   1   0   0   0   6  1.41 0.64
  251 C    4 -2 -4 -5  7 -2 -5 -1 -5 -2 -1 -5 -1 -4 -5 -1 -3 -5 -3  1   37   2   1   0  24   2   0   5   0   2   5   0   2   1   0   4   1   0   1   9  0.98 0.52
  252 V    3 -2 -5 -5  6 -3 -5 -4 -5 -1  0 -5 -1 -5 -5 -1 -1 -6 -5  5   22   3   0   0  15   1   0   1   0   2   8   0   1   0   0   4   3   0   0  36  0.88 0.48
  253 S    1 -4 -2 -4  2 -4 -4 -2 -1 -2 -3 -4 -2 -3 -3  5  2  4 -2 -1   11   0   1   0   4   0   0   2   2   3   3   0   1   1   1  42  14   6   1   4  0.72 0.49
  254 S   -2 -5 -4 -3 -1 -4 -4 -2 -5 -3 -5 -4 -5 -6 -1  7 -2 -6 -5 -2    2   0   0   1   1   0   0   3   0   1   1   0   0   0   3  79   2   0   0   3  1.67 0.82
  255 T    0 -3  4  6 -5 -3  0 -3 -2 -4 -4 -3 -3 -6 -2  2 -2 -6 -5 -4    8   1  19  42   0   0   5   1   1   1   1   1   1   0   2  13   2   0   0   1  0.98 0.53
  256 S   -3  1  1  0 -5 -2 -3 -2  3 -4 -4  5 -4 -4 -4  1  4 -6 -4 -4    1   7   6   5   0   1   0   3   6   1   1  34   0   1   0  12  23   0   0   1  0.76 0.48
  257 D   -2 -4  1  1 -2 -2  2  5 -3 -6 -4 -2 -4 -3 -1 -1 -2 -3 -1 -5    2   1   5   7   1   2  16  49   1   0   1   3   0   1   3   3   3   0   2   1  0.85 0.46
  258 T   -4 -6 -2 -4 -6 -4 -1 -6 -6 -3 -4 -4 -2 -6 -6 -1  8 -7 -6 -3    1   0   2   1   0   1   3   0   0   1   1   1   1   0   0   3  82   0   0   2  2.07 0.95
  259 V   -1 -5 -6 -5 -1 -5 -5 -5 -6  4  1 -5 -1 -4 -5 -4 -1 -5 -4  5    4   0   0   1   1   0   0   1   0  26  14   0   1   0   0   1   3   0   0  47  1.10 0.51
  260 H   -6 -5 -3 -4 -7 -2 -5 -6 11 -7 -3 -1 -6 -6 -6 -1 -6 -6 -1 -7    0   0   1   1   0   1   0   0  83   0   3   3   0   0   0   4   0   0   2   0  3.14 1.09
  261 I   -2 -6 -6 -6 -2 -5 -6 -6 -6  6  0 -5  0 -2 -6 -5 -3 -5 -4  5    2   0   0   0   1   0   0   0   0  44   8   0   2   2   0   0   1   0   0  39  1.33 0.56
  262 F   -5 -6 -7 -2 -6 -7 -7 -7 -5 -2 -2 -7 -4  9 -7 -4 -6  4  3 -3    1   0   0   2   0   0   0   0   0   2   3   0   0  73   0   2   0   6   9   2  2.25 0.82
  263 R    1  3  1  0 -1  1  0 -1  1 -3 -4  4 -3 -3 -2  2 -2 -5 -2 -3   10  14   5   6   1   4   6   3   3   1   0  25   0   1   1  16   1   0   1   1  0.40 0.29
  264 L   -1 -3 -4 -6 -1 -5 -5 -5 -5  3  5 -5  1 -2 -5 -3 -3  2 -2  1    5   2   1   0   1   0   0   0   0  13  58   0   3   1   0   2   1   3   1   9  0.92 0.45
  265 L    0  1  0  2 -1  0  1  1  1 -2 -2  1 -2 -1  1  1  0 -3 -2 -2    9   7   5  12   1   4  11  11   4   1   2  10   1   2   5   9   4   0   1   2  0.16 0.12
  266 N   -1  0  1  2 -2  1  2  0  1 -2 -1  1 -2 -2  0  0 -1  1 -2 -1    4   4   7  14   1   5  13   7   3   1   6   8   1   1   4   7   3   2   1   6  0.15 0.12
  267 T    0  1  1  0 -1  1  1 -1  0 -1 -1  1  0 -2  2  1  1 -3 -2 -1    8   7   6   6   1   8   8   4   2   3   5   7   2   1  10   9   8   0   1   5  0.11 0.09
  268 Q    0  1  0  1 -3  1  2 -1 -1 -1 -2  1 -1 -3  0  1  0 -3 -1  0    7   8   4   6   0   5  16   5   1   3   3  10   1   1   4   9   6   0   2   7  0.13 0.11
  269 K    0  1  1  0 -1  1  1  0  0 -1  0  1 -1 -2  0  1  0 -2 -2 -1    6   8   6   4   1   6  12   7   2   2  10  12   1   1   3   9   5   1   1   5  0.08 0.08
  270 N    0  0  2  1  1  1  1  1 -1 -2 -2  1 -1 -3 -1  1 -1 -3 -2 -2    8   4  13   6   3   5  10  12   1   1   3   8   1   1   3  11   3   0   1   3  0.17 0.13
  271 A    1  1  0 -1 -1  1  0  0 -1  0 -1  1 -1 -1  0  1  0 -2 -2 -1   11   8   3   3   1   6   5   7   1   7   5  10   1   2   4  14   5   1   1   4  0.07 0.08
  272 N    0  1  2  1 -2  1  1  0  0 -2 -2  0 -2 -3 -1  2  0 -1 -2 -2    6   7  11   8   1   6   9   5   2   2   3   5   1   1   3  16   7   1   1   3  0.16 0.14
  273 A    1  0  0  0  1  0  0  1 -1 -2 -2  0 -1 -3 -1  2  0 -1 -1 -1   14   6   3   4   3   4   7   9   2   2   3   6   1   1   3  19   6   1   2   3  0.13 0.13
  274 L   -1  0  0  0  2  0 -1 -1  2  0 -1  0  2  0  0 -1  0  3  1 -1    5   5   5   5   5   5   5   5   5   5   5   5   5   5   5   5   5   5   5   5  0.03 0.09
  275 P    0  0  1 -1 -5  0  1 -1  2 -1 -1  0  0  0  1  0 -1 -5  0 -1    7   5   6   4   0   5   8   5   4   4   7   6   3   4   8   8   4   0   3   4  0.02 0.09
  276 G    1  0  0  0  0  0  0  1  1 -1 -1 -1 -1 -1  0  1  0 -3 -1 -1   10   5   5   5   2   5   5  11   3   3   5   3   2   3   4  14   6   0   2   3  0.04 0.12
  277 G    0  0  0  0 -1  1 -1  1  1 -1 -1 -1  0 -1 -1  2 -1  1 -1 -2    8   4   5   5   1   5   4  12   3   3   5   4   2   3   4  14   3   2   2   3  0.04 0.11
  278 G    0 -1 -1 -1  0 -1  0  1  0  0 -1 -1  0  0 -1  2  0  0 -1 -1    8   3   3   4   2   3   7  12   2   4   7   3   2   4   4  16   5   1   2   4  0.03 0.11
  279 P    0 -1  0 -1 -1 -1 -1  1 -1 -2 -1  0 -1 -1  3  1 -1  0  0 -2    8   3   4   4   1   3   4  10   2   3   7   6   1   2  15  11   4   1   3   3  0.09 0.17
  280 A    1 -1  0  0 -5  0 -1  1 -1  0 -1  0  1 -1  0  2  0 -5 -1 -1   10   4   4   4   0   4   4  10   2   5   5   6   3   2   5  13   6   0   3   3  0.03 0.11
  281 Q   -1  0  1  0 -5  1  1 -1  1 -2 -1  0 -1 -1  0  2  0  0  0 -1    4   4   6   4   0   7   8   5   3   2   7   5   1   2   5  16   5   1   4   5  0.07 0.16
  282 G    1 -1  0  0 -2 -1 -1  2 -1 -2 -2 -1 -2  0  0  1  0  2  0 -2   10   4   5   5   1   2   5  16   2   2   4   4   1   5   6  11   6   3   3   3  0.09 0.15
  283 T    0 -1  1  0 -2 -1 -1 -1  0 -1 -2 -1 -1 -1  0  2  2 -2 -2 -1    8   3   7   4   1   3   5   5   2   4   4   4   2   2   5  17  10   1   2   4  0.08 0.16
  284 R   -1  2  0 -1 -5  0  0  0 -2 -2 -2  0  1 -2  1  2  0 -1  0 -1    5  11   5   3   0   4   5   7   1   3   5   6   4   2   6  15   5   1   3   5  0.08 0.15
  285 S    0 -1  1  0 -2  0  1 -1  0 -1 -1 -1 -1 -3  0  2  1 -1 -1 -1    7   4   6   4   1   5   8   6   2   4   7   4   1   1   6  14   9   1   2   4  0.04 0.13
  286 R    0  3  1 -1 -5  0 -1  0 -1 -2 -2 -1 -2 -1  1  2  0  3 -3 -2    7  14   6   3   0   4   4   7   1   2   4   5   1   3   6  15   6   3   1   3  0.16 0.22
  287 S    0  0 -1  0 -2  0 -2 -1  0 -3 -2  1 -2 -2  1  4 -1 -1 -2  0    7   5   3   5   1   4   3   6   2   2   4   7   1   2   6  25   4   1   1   6  0.19 0.25
  288 F   -1 -1 -1 -1 -2 -1 -2 -1  1  0  0 -2  0  2 -1  1  1  2  2 -1    6   3   3   4   1   2   3   6   3   5  11   3   2   8   3  11   7   2   8   3  0.05 0.10
  289 D   -1  0  0  0  2  0 -1 -1  2  0 -1  0  2  0  0 -1  0  3  1 -1    5   5   5   5   5   5   5   5   5   5   5   5   5   5   5   5   5   5   5   5  0.03 0.09
  290 V    0  0 -1  0  0  0  0 -1  1  0  0  0  0 -1  0  0  0  1  0  0    7   4   3   7   2   4   5   4   3   5   8   7   3   2   5   9   7   2   3   5 -0.01 0.03
  291 N    0 -1  1 -1  0  1 -1  0  0 -1 -1 -1  0  0 -1  2  0  1  0 -1    8   4   7   4   2   6   4   7   3   4   5   4   2   4   3  14   7   2   3   4  0.02 0.10
  292 D   -1  0  1  1 -1  2  1 -1  0 -3 -3 -1 -1 -1  0  2  0  0 -1 -1    6   5   7   9   1   8   9   5   2   2   3   4   1   3   5  14   5   2   2   4  0.09 0.18
  293 P    0  1 -1 -1  0  0 -1  0  1  0 -1 -1  0 -2  1  0  0  4  0  0    8   7   3   4   2   3   4   6   3   4   7   4   2   2   8   7   6   5   4   6  0.02 0.08
  294 S    0  0  0  0  2  0  0 -1  1  0 -1  0  1  0  0  0  0 -2  1  0    5   5   5   5   5   5   5   5   5   5   5   5   5   5   5   5   5   0   5   5 -0.00 0.06
  295 P   -1 -1  0  0  1 -1 -1 -1  2  0 -1 -1  1  0  2  1 -1  2  0 -1    5   3   5   5   3   3   5   5   5   5   6   3   3   5  11  10   4   3   3   4  0.05 0.12
  296 H    1 -1  1  0  0  0  0  0  2 -1 -1 -1  0 -1  0  1  0 -3  0 -1   11   3   6   6   2   4   6   6   6   3   6   3   2   2   4   9   6   0   4   5  0.02 0.08
  297 K   -1  0  0  1  0  1  0 -1  2 -2 -2  1 -1 -1  0  1  0  1 -1 -1    6   5   5   7   2   6   7   6   4   3   4   8   2   3   5  11   6   2   2   4  0.02 0.09
  298 G    1 -1  1  0 -1  0  0  1  0 -1 -2 -2 -1  1  1  1  0 -3  0 -2   10   4   6   5   1   4   6  13   3   3   4   2   1   6   6  13   6   0   4   3  0.10 0.13
  299 E    0  0  0  0  2 -1  2  0 -1 -1 -2 -1  0 -2  0  1  1  1  1 -2    9   5   4   6   4   2  12   6   1   3   5   4   2   2   5  11   8   2   5   3  0.10 0.11
  300 V    0 -1  0 -1 -1 -1 -1 -1  0  1  1 -1  0  0  0  1  0 -3 -1  1    6   3   4   3   1   3   4   5   2   9  15   2   2   4   4  12   6   0   2  13  0.06 0.09
  301 P   -1  0  0  0  2  0  0 -1  2  0 -1  0  2  1  0 -1  0  4  1 -1    5   5   5   5   5   5   5   5   5   5   5   5   5   5   5   5   5   5   5   5  0.09 0.08
  302 S    1  0  0  0  1  0 -1  0  1 -1 -2 -1  1 -1  1  2  0 -6  0 -1   10   5   5   5   3   4   4   7   4   3   4   3   4   3   6  16   6   0   3   4  0.11 0.13
  303 A    1  0 -1  0 -3  0  0  0  1 -1 -1 -1  0  1  0  2  0  2  0 -1   10   6   3   5   0   3   4   8   3   3   4   3   2   6   5  15   7   3   3   5  0.08 0.12
  304 G   -1 -1  0  0 -1 -1  0  2 -1 -1 -2  0 -1 -1  1  1  0  2 -1 -1    4   3   5   6   1   3   7  17   1   4   5   5   2   3   6  12   6   3   2   5  0.12 0.13
  305 N    0 -1  2  0 -1  0  0  1  1 -2 -2  0 -1 -2  0  2  1 -4  0 -2    6   3  11   5   2   5   6   9   3   3   3   5   2   2   5  14   9   0   3   3  0.14 0.17
  306 G    1 -2 -1  0  0  0  0  2 -1 -2 -2 -1 -1 -1  0  2  0 -4 -2 -1   12   2   3   6   2   4   5  18   2   2   4   4   2   3   4  16   5   0   2   4  0.17 0.18
  307 N    0  0  2  1 -1  1  1 -1  1 -1 -2  0 -1 -2  0  1  1 -1  0 -1    7   5  11   6   1   5   8   5   3   4   4   4   2   2   5  12   7   1   4   3  0.10 0.12
  308 N    1 -2  3  0  1  0 -1 -1 -1 -2 -2  0  0 -2  0  2  0  1 -1 -1   10   3  15   4   3   5   5   5   2   2   5   5   2   2   6  13   6   2   2   4  0.19 0.18
  309 G    2 -1 -1 -1 -2  0 -1  2 -1 -1  0 -1 -1  0  1  1 -1  0  0 -1   14   3   3   4   1   4   4  13   1   4  10   4   1   4   7  11   3   1   3   4  0.09 0.10
  310 S    0 -1 -1  0 -1 -1 -1 -1  0  0 -1 -2  0  1  1  2  0  1  0  0    9   3   4   6   1   3   5   4   2   6   6   3   2   6   6  17   6   2   3   5  0.09 0.12
  311 G    1 -1  1  0 -1  0 -1  3  0 -1 -2 -1 -1 -2  0  1  0 -5 -2 -1   11   3   6   5   1   4   4  19   2   4   4   4   2   2   5  11   6   0   1   5  0.17 0.15
  312 S    0  1  0  1  0  0  0  0  0 -2 -2  0 -1  0  1  2  0  0 -1 -2    8   6   4   7   2   4   5   7   2   2   5   6   2   4   6  16   6   1   2   4  0.10 0.11
  313 H    1  0  1  1 -4 -1  0 -1  3 -2 -1 -1  0  1  1  1 -1  0  1 -1   11   5   6   6   0   3   5   5   7   3   5   4   2   5   6  10   4   1   4   5  0.09 0.10
  314 K   -1  0  0  0 -3  0  0 -1  2  0 -1  0  1  0  0  0  0  3  1  0    5   5   5   5   0   5   5   5   5   5   5   5   5   5   5   5   5   5   5   5  0.06 0.08
  315 R    0  1  0  0  0  1  0 -1  1  0  0  0  0 -1  1  0  0 -2  0  0    6   7   5   7   3   6   6   5   5   6   7   6   3   3   6   6   6   0   3   7  0.03 0.03
  316 E    0  0  1  0  0  1  1  0  1 -1 -1  1  0 -1  1  0  0 -3 -1 -1    7   5   8   4   2   5   8   7   3   4   7   9   2   2   8   7   5   0   2   5  0.06 0.06
  317 P    0  0  0 -1 -4  1 -1 -1  0 -1 -2  0  0 -2  3  2  0  2  0  0    8   4   5   3   0   7   3   6   2   4   4   6   2   1  14  15   5   3   3   6  0.16 0.19
  318 S    1 -1  1  0  0  0 -1  0  0 -1 -1  0  0 -2  1  2  1  1 -1 -1   11   3   6   6   2   4   3   6   2   3   6   5   2   2   6  19   7   2   2   4  0.10 0.15
  319 G    1 -1  0 -1 -1  0 -2  3  0 -1 -2 -1 -2 -3  0  1  0  1 -2 -1   11   3   4   3   1   4   3  25   3   3   3   4   1   1   5  11   7   2   2   4  0.22 0.21
  320 S   -1  0  0  0  2  0  0 -1  2  0 -1  0  2  1  0 -1  0  4  1 -1    5   5   5   5   5   5   5   5   5   5   5   5   5   5   5   5   5   5   5   5  0.09 0.08
  321 F   -1 -1  0 -1  1  0 -2 -1  1  0  0 -1  2  2  1 -1  0  3  1  0    5   4   4   4   3   4   3   4   3   5   9   3   5   9   6   5   7   4   5   6  0.09 0.09
  322 G    0 -1 -1  0 -6  0 -1  3  0 -2 -2 -2  2  0  0  1  0  3 -1 -1    6   3   3   6   0   4   4  20   2   2   4   3   5   4   5  12   6   3   2   4  0.21 0.20
  323 N   -1  0  0  0  2  0  0 -1  2  0 -1  0  2  1  0 -1  0  4  1 -1    5   5   5   5   5   5   5   5   5   5   5   5   5   5   5   5   5   5   5   5  0.09 0.08
  324 M   -1  0  0  0  2  0  0 -1  2  0 -1  0  2  1  0 -1  0  4  1 -1    5   5   5   5   5   5   5   5   5   5   5   5   5   5   5   5   5   5   5   5  0.09 0.08
  325 L    0 -2  0 -1  1 -1 -1 -1 -1  1  1  0  0  1  0  0 -1  2  1  0    7   2   4   3   3   2   5   6   2   8  17   6   2   7   5   6   4   3   4   6  0.05 0.05
  326 R   -1  3  0  1 -5  0  0  0  0 -2 -3  1  1 -1  1  2 -1  2  0 -2    5  13   4   8   0   4   5   6   2   3   3   7   3   3   6  13   5   3   3   4  0.17 0.17
  327 R   -1  3 -1 -1 -1  0 -1  0  0 -3 -1  1  0 -1  0  2 -1  1  0 -2    6  17   3   3   2   5   4   6   2   2   5   8   3   3   5  15   4   2   3   3  0.21 0.20
  328 S   -1  0  0 -3  0  0 -2  0  0 -2 -2  0 -1 -2 -1  4  2  1 -2 -1    5   5   5   2   2   4   3   7   2   3   5   5   2   2   4  24  12   2   1   5  0.27 0.25
  329 S    1 -1 -1 -3 -2 -1 -3 -1 -2 -1 -2 -2 -1 -1  0  4  1  4 -1 -3    9   3   3   2   1   3   2   5   1   3   5   3   2   3   5  32   9   5   3   2  0.47 0.38
  330 Q    0  1 -2 -2 -1  2 -1 -1 -1 -2  0  1  2  0  0  1  0  2  0 -1    7   7   2   2   1  10   4   6   1   2   9   7   5   4   5  10   6   3   3   5  0.11 0.12
  331 M    1 -1  0 -1 -2  0 -1  1  1 -1 -1 -1  1 -2  0  3  0 -2  0 -3   12   4   4   4   1   4   4  10   4   4   7   3   4   2   4  18   6   1   3   2  0.14 0.15
  332 M   -1  0  1 -1 -3  1 -1 -1  2  0  0  0  1  1  0  0 -1  3  1  0    4   4   8   3   0   7   4   4   5   5   9   5   3   8   4   6   4   5   6   5  0.08 0.11
  333 V   -1  0  0 -1 -3  0 -1  0  0  0  0 -1  1  0  0  0  1  2 -2  0    4   5   4   3   0   3   3   8   3   6  10   4   5   5   5   8   8   4   0   8  0.02 0.09
  334 R    0  2  1  0 -3  1  0  1  0 -2 -2  2 -1 -1 -1  1  0 -3 -1 -2    6  12   5   4   0   6   3  11   2   3   4  14   2   2   3  11   4   0   2   3  0.11 0.17
  335 G    0 -1  0  0  0 -1 -1  2  0 -1 -2  0 -1  1  0  2  0  1  0 -2    7   4   5   4   2   3   3  16   2   3   3   6   1   6   4  16   4   2   4   3  0.08 0.15
  336 V    1 -1 -1 -2 -1 -1 -2 -1 -3  1  1 -1  1  1 -1 -1 -1  0  1  2   11   3   3   2   1   2   2   4   0   9  16   3   3   6   4   5   3   1   4  14  0.06 0.13
  337 A    1  0  0 -1 -1 -1 -1 -1  0  0  0  0  0  0  0  1  1  2  0  0   15   5   3   3   1   3   3   3   2   5  11   5   2   4   4   9   9   3   3   6  0.05 0.08
  338 G    0  1  1 -1 -4  1 -1  3  0 -2 -2  1 -1 -2 -1  2  0 -4 -4 -2    7   6   6   3   0   5   4  19   2   2   3   9   2   2   3  18   5   0   0   3  0.23 0.24
  339 V    1  0 -1 -2  0  1 -2 -3  0  0 -1  0  1  1 -1  1  1  1  0  0   13   5   3   2   2   7   3   2   2   4   6   5   3   5   3  12   9   2   4   8  0.11 0.12
  340 A    2 -2 -6 -2  0 -5 -2 -2 -6  2  1 -1  3  0  0  1 -1 -6 -1  2   14   3   0   3   2   0   3   3   0   9  14   4   6   5   5   9   3   0   2  15  0.27 0.19
  341 S    1  0  0 -2  1  0 -2  1  0 -2 -2  1  0  0 -1  2  0  1  0 -2   11   5   4   3   2   4   3  12   2   3   4   7   2   4   3  16   7   2   3   3  0.14 0.14
  342 S    0 -2  2 -2 -1  2 -2  2  1 -3 -4  1  0 -2 -1  3  0 -7 -2 -3    7   3   8   3   1   8   3  15   3   2   2   7   2   2   4  22   5   0   2   2  0.34 0.29
  343 Y   -4 -2 -1 -3  0 -2 -3 -4 -1  0  0  0  0  4 -4 -3 -3  1  7 -1    2   2   3   2   2   2   3   2   1   5  10   6   2  13   1   2   2   2  34   5  0.97 0.53
  344 L    0 -2  1 -2 -2 -1 -2 -2  2  0  0  0  2  1  1  0  0  4 -1  0    8   0   7   0   0   0   0   1   7   8   8   8   7   7   8   8   8   7   0   8  0.13 0.14
  345 P    0  0  0 -2 -3  0  0 -1  1 -3 -2  0 -3 -1  6  0  0 -4 -3 -3    5   4   6   0   0   4   4   4   4   0   4   7   0   4  38   8   6   0   0   0  0.61 0.29
  346 Q    0  0  1  1  0  1  0  1  0 -1 -2  0 -1 -1  1  1  0 -2  0 -1   10   4   6   7   2   8   5   9   2   3   3   6   2   2   7  10   6   0   4   4  0.08 0.07
  347 S    0  1  0  0 -1  2 -1 -1  1 -1 -1  1  0 -1  1  1  0 -3  2 -1    7   6   3   4   2   9   2   3   3   3   6  10   2   2   6  12   4   0  10   5  0.10 0.13
  348 V   -1 -2 -1 -3  1 -3 -1 -4 -3  2  2 -2  1  3 -1 -1 -1 -3  0  3    3   2   4   1   4   0   4   1   0   9  20   3   4  13   3   3   4   0   2  21  0.25 0.20
  349 A    0  0  2 -2 -1  0 -1 -1 -1 -2 -3  0 -3 -3  2  3  2 -4 -2 -3    8   5   9   2   1   3   3   5   1   2   3   5   0   1  11  26  12   0   1   2  0.32 0.28
  350 E   -2 -1  2  3  0 -1  3 -1 -3 -5 -3  1 -4 -5  0  3 -1 -5 -4 -4    2   2   8  16   2   2  20   5   0   0   3  10   0   0   5  22   2   0   0   0  0.49 0.36
  351 M   -1 -2 -3 -3 -3 -2  1 -3  0  2  1 -1  4  0 -2 -1 -1  0  4  1    6   2   1   1   0   2   9   2   2  12  10   3  13   4   2   4   4   1  16   8  0.30 0.24
  352 W   -2 -4 -4 -4  0 -2 -4 -2 -4  0  2 -3  2  4 -1 -2 -2  8  0  0    4   1   1   1   2   2   1   3   0   5  18   2   4  20   3   3   2  21   3   6  0.81 0.41
  353 E   -1 -1  2  1 -3  0  3  0  1 -1 -2  0 -1 -2 -2  2  0 -3 -2 -2    5   2   8   8   0   4  22   6   3   4   5   4   1   2   2  14   7   0   1   2  0.22 0.19
  354 P    0 -1 -2 -1 -2  3 -2 -1  0 -2 -2 -1 -3 -3  5  2  0 -4 -2 -3    7   4   2   3   1  12   2   5   2   3   5   2   0   1  26  16   6   0   1   2  0.46 0.32
  355 E    0  0  0  2 -1  2  3  0  0 -2 -3  0 -2 -3  0  1  1 -1 -1 -2    6   4   3  10   2   8  22   6   2   2   2   4   1   1   5   9   8   1   2   2  0.23 0.20
  356 R   -2  7 -1 -4 -2 -3 -3 -2 -1 -5 -4  0 -4 -3 -2 -3 -2  6 -2 -5    4  56   3   1   1   1   1   3   1   1   2   5   0   1   2   2   3  11   1   1  1.35 0.65
  357 D    1 -4  1  2 -1 -1 -1 -3  2 -5 -5 -3 -4 -5 -1  5 -1 -5 -4 -4   13   1   7  13   1   2   4   1   5   1   1   1   0   0   2  44   2   0   0   1  0.79 0.50
  358 F   -2 -4 -5 -5  0 -5 -5 -5 -4 -1  0 -5  0  8 -5 -1 -3  0  2  0    4   1   0   1   2   0   1   1   0   4   7   1   2  59   0   5   1   1   5   6  1.39 0.61
  359 A    6 -4 -2 -4 -1 -4 -4 -2 -4 -4 -3 -3 -2 -5 -2 -1 -2 -5 -3  0   75   1   2   1   1   0   1   2   0   1   2   1   1   0   2   3   2   0   1   5  1.35 0.66
  360 F   -1 -1 -2 -2 -2  4 -2 -3  1 -2 -3  0 -1  1 -2  1  2  4  2 -1    4   3   1   1   1  25   1   1   3   2   1   4   1   7   1  11  15   6   7   4  0.43 0.33
  361 I    2 -4 -1 -4  3 -4 -4 -2 -4  3  0 -4 -1  4 -4 -3 -2  0  0  2   19   0   3   0   6   0   0   2   0  16   7   0   1  20   0   0   1   1   3  18  0.51 0.33
  362 K   -4  6 -2 -2 -5  1 -2 -4  4 -5 -5  4 -3 -5 -4 -1 -1 -1 -2 -3    1  38   1   1   0   5   2   1  11   0   1  26   1   0   0   4   3   1   1   1  1.01 0.52
  363 I   -1 -3 -3 -3 -3  0 -1 -1 -3  2  3 -3  2  1  0 -1  0 -3 -2  1    4   0   0   0   0   5   4   4   0  11  38   0   5   6   4   5   5   0   0   8  0.25 0.21
  364 P   -1  0  1  0  1  1  0 -1  2 -1 -2  0 -2 -4  5 -2 -1 -4 -3 -1    4   4   7   4   3   8   5   4   6   4   5   5   0   0  33   1   4   0   0   4  0.50 0.27
  365 K   -1 -1 -1  1 -1  0  3 -1 -1 -1 -2  0  0  2  0  1  0 -4  0 -1    4   3   3  10   2   3  19   4   1   4   2   6   3  10   4   9   7   0   2   3  0.16 0.17
  366 S    0  0  0  0  2  0  0 -1  1  0 -1  0  1  0  0  0  0 -2  1  0    5   5   5   5   5   5   5   5   5   5   5   5   5   5   5   5   5   0   5   5  0.03 0.05
  367 S    0 -1  0  1  1  0  0  2  0 -1 -2  0  0 -1  0  1  1  2 -3 -1    6   4   4   7   4   3   4  19   3   3   3   5   3   3   4   9   8   3   0   3  0.12 0.14
  368 N    0  0  1  0  1  1  0  0  1 -1 -1  1  0 -1  0  0  0 -3 -1  0    5   6   8   6   3   6   5   7   5   3   6   9   3   2   5   6   7   0   2   6  0.05 0.06
  369 N    0  1  1  0  1  0  0  0  1 -1 -2  1 -1 -1  0  1  0 -3  0 -1    5   9   6   6   3   2   5   8   3   4   4  12   2   3   5  11   6   0   3   3  0.08 0.09
  370 R    0  0  3 -1  0  0  0 -1  1 -1 -1  0  0 -1  0  1  1 -3 -1  0    7   5  15   3   2   4   5   5   3   4   5   4   2   2   6  12   9   0   2   6  0.10 0.12
  371 A    0 -1  0  0  1  0 -1 -1  0  1 -1 -1  0 -1  0  1  1  0 -1  1   10   3   4   5   3   3   4   5   3  11   5   3   3   2   4   9  10   1   2  10  0.04 0.06
  372 G    1 -1  1 -1  5 -1 -2  1  1  0 -1 -2 -1 -1 -1  1  0  0 -3  0   11   3   6   3  12   3   3  13   3   4   6   2   1   3   3  10   5   1   1   9  0.17 0.16
  373 G    2 -1  0 -1  1 -1 -1  1  0 -1 -1 -1 -1  0 -1  1  1  1 -1  0   17   4   4   3   3   2   3  11   2   3   5   3   2   5   3  11   8   2   2   7  0.08 0.11
  374 L    0 -1 -1 -1  0 -1 -2 -1 -1  1  1 -1  1  0  0  1  0  2 -1  0    9   3   3   3   2   2   1   6   1  11  16   3   4   4   5  11   5   3   1   5  0.06 0.09
  375 S    0  0  1  0  0 -1 -1  0  0 -1 -2  0 -1 -1  2  1  1  2  0  0    8   6   6   4   2   2   3   8   3   3   4   6   1   2   9  12   9   3   3   6  0.08 0.09
  376 A    0  0  1  0 -1 -1 -1  0  1  0 -1  0 -1 -1  0  1  1 -1 -1  0    7   4   6   4   1   2   4   8   4   5   6   5   1   3   5  14  11   1   1   7  0.06 0.08
  377 T    0 -1  0 -1  0  0  0  0  1  2 -1 -1  0  0  1  1  0 -3 -2  0    7   3   5   3   2   3   7   6   3  13   6   3   2   4   7  13   7   0   1   6  0.06 0.09
  378 P   -1  0  0  1 -3  0 -1  1  0 -1 -2  0 -3 -2  4  1  0 -3 -2 -1    5   6   3   7   0   4   4  12   2   5   4   5   1   2  18  10   5   0   1   4  0.22 0.17
  379 L    0 -1  0 -1  0  0 -1  0 -1  0  1 -1  0  0  0  0  0  0  0  1    5   4   4   3   2   4   4   6   1   7  13   4   2   5   5   6   7   1   4  12  0.01 0.02
  380 R    0  4  0 -1 -1  1 -1  0  2 -4 -2  1 -1 -4  1  1 -1 -4 -3 -2    6  22   4   4   1   6   4   7   4   1   3   9   1   1   7  11   3   0   1   3  0.32 0.24
  381 S    0 -2  2  0  4 -1 -2  1 -1 -2 -2 -1 -1 -1  0  3  0 -3  1 -2    8   2  10   4   8   2   2   9   1   2   3   5   2   3   4  22   6   0   4   3  0.24 0.22
  382 V   -1 -2 -2 -1 -2 -3  0 -2 -3  3  1 -1  0 -2 -1 -1  0 -3  0  3    5   2   2   3   1   1   6   3   0  17  11   4   2   2   3   5   6   0   3  24  0.28 0.21
  383 V    0 -2 -2 -1  5 -1 -3 -2 -2  1  0 -2 -1 -2 -1  0 -1 -1 -3  4    7   2   2   3  11   2   2   4   1   9   8   2   1   2   3   6   4   1   1  30  0.40 0.27
  384 A    4 -2 -1 -1  1 -1 -1  2 -2 -2 -4 -3 -4 -1 -1 -1  0 -1 -4 -2   39   2   3   3   2   2   4  17   1   2   1   2   0   2   4   5   5   1   0   2  0.55 0.39
  385 M   -1 -3 -1 -2  2 -2 -4 -2 -4  2  1 -1  3  5 -2 -1  0  1 -1  0    6   1   3   2   4   1   1   3   0  11  10   3   8  25   2   5   5   2   1   5  0.40 0.27
  386 S   -1 -1  0  0 -1 -1 -1  2  0  0 -2 -2 -2 -1  0  3  0 -4 -1 -1    3   4   4   6   1   2   5  18   2   7   3   2   1   3   5  21   7   0   2   5  0.18 0.20
  387 S    1  0  2  1 -4  2  0  0  1 -4 -3  0 -3 -2  0  2  0 -4 -2 -3   11   4  11   6   0  11   4   8   3   1   2   6   1   2   4  16   6   0   1   2  0.25 0.25
  388 S   -2  0  3  2 -4  2  0 -1  1 -2 -3  2 -2 -4 -3  1  2 -5 -2 -2    2   4  17  10   0   8   6   5   3   3   3  11   1   1   1   9  11   0   1   3  0.31 0.28
  389 S    0  0  0  0 -3  2  1 -1  1  0 -2  1  0 -1  0  1  1 -4 -2 -1    6   5   5   5   0   9  10   5   3   5   4  10   3   2   5  10   7   0   1   4  0.10 0.12
  390 P   -1 -3  4 -1 -2 -2 -2 -2  1 -3  1 -2 -3 -5  5 -2 -1  0  0 -1    5   2  17   4   1   2   2   3   4   1  12   2   1   0  29   2   4   1   4   4  0.60 0.43
  391 Q   -3  3 -4 -2 -2  4  0 -5  5 -3 -2 -1 -2 -2 -3  0  3 -3  1 -3    1  18   0   2   1  17   6   0  11   1   4   4   1   2   1   8  15   0   5   1  0.57 0.44
  392 V    0 -3 -3 -4  3 -3 -3 -4 -3  3  2 -3  2  1 -3  0  0 -3 -2  3    6   0   0   0   6   0   0   1   0  20  20   0   5   6   0   6   7   0   0  20  0.35 0.21
  393 M   -1  0 -1 -1  3 -2 -2 -3  1  1  1 -1  3  2 -3 -1  0 -2  2  0    4   5   4   4   8   0   1   1   3   6  16   4  13   8   0   4   6   0   7   6  0.14 0.14
  394 V    0 -4 -4 -4  1 -3 -3 -4 -4  3  0 -3  1  0 -3 -1  0 -4 -2  5    8   0   0   0   3   0   0   0   0  19   4   0   3   3   0   3   4   0   0  50  0.58 0.30
  395 V    2 -3 -3 -3  2 -2 -3 -1 -3  2  1 -2  1  0 -3 -1  0 -3 -2  3   23   0   0   0   4   0   0   3   0  10  14   3   3   3   0   3   4   0   0  27  0.23 0.17
  396 T    0 -3  0 -1  3 -2 -3  2  0 -2 -3 -3 -3 -3 -3  2  4  0 -1 -1    5   0   4   2   8   2   0  19   3   2   2   0   0   0   0  16  28   1   3   4  0.43 0.29
  397 S    1 -1 -1 -1 -1  0  0 -1 -1 -1 -1 -1  1 -1  0  3  1 -3  1 -1   14   3   2   3   1   3   7   2   1   2   7   2   6   3   4  25   7   0   6   2  0.15 0.17
  398 D   -2 -1  3  6 -1 -1  2 -2 -1 -4 -3 -1 -4 -5 -3  0 -1 -5 -4 -4    3   2  12  48   1   2  10   2   1   0   3   2   0   0   0   7   4   0   0   0  0.83 0.40
  399 G    0 -1 -3 -4 -5 -4 -4  7 -4 -5 -3 -2 -4 -5 -4 -2 -2 -5 -5 -5    5   3   0   0   0   0   0  78   0   0   3   2   0   0   0   2   2   0   0   0  1.52 0.55
  400 G   -1  0  0  0  0 -1  0  0  2 -1 -1  0 -1  1 -3  1  0  0  3 -1    2   5   5   4   2   2   5   6   6   3   7   4   1   7   0  17   6   1  12   4  0.10 0.12
  401 F   -2 -2 -4 -5  0 -4 -4 -5 -3 -1  3 -4  1  6 -5 -2 -3  2  4 -1    3   2   0   0   2   0   0   0   0   2  26   0   3  36   0   3   0   3  13   4  0.83 0.38
  402 Y   -3 -3 -3 -4  0 -1 -3 -5  2 -2 -1 -3 -1  3 -5 -1 -3  1  8 -3    2   1   1   1   2   3   1   0   5   2   7   1   1  13   0   5   1   1  52   0  1.24 0.54
  403 V   -1  3 -1 -2  1  1  1 -3 -1  1 -1  2  0 -2 -3 -1 -1 -2 -1  2    3  16   3   1   3   7   8   1   1  11   2  12   2   1   0   4   3   1   2  19  0.22 0.20
  404 Y   -2 -4 -6 -6  5 -5 -6 -6 -1 -2  0 -5 -4  5 -6 -3 -5 -2  7 -2    4   1   0   0  13   0   0   0   1   2   8   0   0  22   0   1   0   0  44   3  1.55 0.64
  405 N    0  2  3  0 -2  1  2 -1 -1 -2 -2  0  0 -4 -2  2  0 -2 -2 -1    7  10  15   4   1   6  12   3   1   1   3   5   2   0   1  18   5   1   1   5  0.23 0.20
  406 I   -3 -3 -5 -3 -2 -5 -5 -6 -2  3  2 -5  1  6 -6 -5 -4  1  1  2    1   2   0   2   1   0   0   0   1  18  17   0   3  38   0   0   0   2   3  13  0.95 0.44
  407 D   -3 -3  3  7 -6 -2  0 -4 -4 -5 -3 -3 -5 -6  2 -2 -3 -6 -5 -4    1   1  12  61   0   1   3   0   0   0   3   1   0   0  11   3   1   0   0   1  1.40 0.59
  408 M    0 -3 -3 -2 -1 -2 -1 -3 -3 -2  0 -2  1 -1  6  0  0 -1 -2  0    6   1   1   2   1   1   4   1   0   2  11   1   5   2  38   7   5   1   1   9  0.66 0.36
  409 E    0  0  1  2 -4  1  4 -3 -1 -1 -2  0 -1 -4 -2 -1 -2 -5 -2  1   10   5   6  10   0   5  29   1   2   3   3   4   1   0   2   4   1   0   1  14  0.33 0.27
  410 K   -1  2  3  1 -3  0  2 -2  1 -3 -2  2 -2 -2 -2 -1  0 -4 -2 -1    3  12  15   6   0   3  14   1   3   1   3  16   0   2   2   4   6   0   1   6  0.29 0.22
  411 G   -3 -2 -3 -3 -6 -5 -4  7 -5 -6 -5 -3 -6 -4 -3 -2 -3 -6 -6 -3    1   2   1   1   0   0   1  81   0   0   1   2   0   1   2   2   1   0   0   2  1.85 0.73
  412 G   -2 -5 -2 -3 -2  0 -3  7 -5 -6 -7 -2 -6 -6 -5 -3 -1 -6 -6 -4    3   0   1   1   1   4   1  79   0   0   0   2   0   0   0   1   4   0   0   1  1.78 0.72
  413 E   -2 -4 -3  3 -7  0  7 -5 -4 -6 -5 -1 -5 -5  0 -3 -3 -7 -6 -3    3   0   1  13   0   2  66   0   0   0   1   3   0   1   4   1   2   0   0   2  1.44 0.69
  414 G    0 -6 -6 -7 10 -6 -7 -1 -6 -4 -1 -6  5 -5 -6 -3 -5 -6 -3 -2    7   0   0   0  61   0   0   6   0   0   5   0  15   0   0   1   0   0   1   2  2.34 0.85
  415 Y    0  1 -1 -2 -3  0  0 -3 -1  0 -1  2 -1 -3 -1  1  2 -4 -2  2    6   6   1   1   0   4   7   1   1   5   4  13   1   0   2  11  18   0   1  16  0.20 0.20
  416 L   -3  1 -4 -5 -4  2 -2 -6 -5 -1  5 -1  0 -1 -5 -4 -3 -5 -3 -3    1   7   1   0   0  12   3   0   0   2  66   3   1   2   0   0   1   0   1   0  1.01 0.52
  417 V   -1 -1 -4 -3 -3  0  1 -4 -2  2  3 -1  1 -2 -3 -2 -1 -2 -1  3    3   3   0   1   0   4  10   1   1  13  29   4   3   1   1   1   3   1   2  21  0.31 0.24
  418 K   -1  2  0 -1 -5  1  2 -3  0 -4 -4  4 -1 -3 -4  2 -1 -1 -4 -3    5  13   4   2   0   4  14   2   2   0   1  32   1   1   0  14   2   1   0   1  0.55 0.36
  419 Q   -3  0 -3 -3 -1  6  2 -5  1 -5 -4  0 -1  0 -5  1  0 -2  3 -3    1   4   0   1   1  35  15   0   3   0   0   4   1   4   0   9   6   0  12   2  0.75 0.48
  420 F   -4  0  0 -4  2  0 -1 -3  7 -3 -3 -3 -3  3 -6 -3 -4  0  6 -3    0   5   4   0   4   4   4   2  30   2   2   1   1  11   0   2   0   1  24   2  1.09 0.54
  421 S   -2  4  2 -1  2 -1 -2 -4 -1 -3 -3  2 -4 -4 -1  3 -1 -3 -2 -3    2  28  10   4   4   2   2   1   1   2   2  13   0   1   2  22   3   0   1   1  0.55 0.37
  422 V   -4 -4 -6 -6 -2 -5 -6 -6 -5  3  4 -5 -1  6 -6 -5 -4 -4 -1  1    0   1   0   0   1   0   0   0   0  16  41   0   1  31   0   0   0   0   1   8  1.17 0.51
  423 L   -3 -1 -2  0 -1 -3 -2 -2 -2  3  4 -3  2  1 -4 -3 -3 -4 -1  1    1   4   2   5   1   0   2   4   1  15  42   1   6   7   0   1   0   0   1   6  0.45 0.27
  424 D   -1 -1  1  5 -5  0  2  0 -2 -5 -4  1 -2 -3  0  0 -1 -1 -3 -3    4   3   6  31   0   4  14   8   1   0   1  10   1   1   4   7   2   1   1   2  0.50 0.31
  425 G    1 -2  0  1 -2 -1  0  2 -3 -3 -2  0 -1 -2  3  2  0 -4  0 -2   10   1   3   8   1   2   4  15   0   1   3   4   2   1  14  20   5   0   3   2  0.27 0.21
  426 D    0 -2  1  2 -4  0  2 -1 -1 -2 -2  0 -3 -4  2  2  1 -4 -1 -2    7   1   7  13   0   2  18   4   1   2   3   5   0   0   9  17   7   0   2   2  0.29 0.22
  427 D    0 -2  1  5 -5  0  4 -3 -3 -5 -4 -1 -1 -5  0  1 -1 -5 -3 -4    8   1   5  31   0   4  28   0   0   0   2   2   1   0   4  10   2   0   1   0  0.70 0.39
  428 K    1  2  1  2 -5  1  4 -2 -3 -5 -4  1 -2 -5 -3  0  0 -5 -4 -4   11  11   6  13   0   4  35   2   0   0   1   8   1   0   1   5   5   0   0   0  0.55 0.33
  429 L   -2 -2 -1 -1 -3  0  3 -3 -3  1  1  0  1  0  0  0  1 -1 -2  1    1   0   2   3   0   2  23   1   0  10  17   5   5   3   4   7   9   1   0   8  0.16 0.17
  430 T    1 -2  1  0 -3 -1  1  1 -2 -1 -2  0 -2 -3  0  2  2  0 -3 -1   12   1   6   5   0   0   9  11   0   4   3   4   0   0   4  21  14   2   0   5  0.19 0.16
  431 N    1 -1  2  3 -3  0  2  0  0 -2 -3  0 -3 -3 -1  1  1 -4  0 -2   13   2  14  17   0   2  16   5   2   2   1   3   0   0   1   8   8   0   3   3  0.26 0.17
  432 S    1  0 -1 -1 -3  1  2  1 -2 -3 -1  1 -2 -4 -1  3 -1 -4 -3 -3   12   4   1   1   0   4  16  11   0   0   7   9   0   0   2  29   2   0   0   0  0.30 0.21
  433 D   -1  0  2  4 -3  0  2  0 -2 -1 -3 -1 -1 -4  0  0  0 -4 -3 -2    2   4  12  28   0   3  18   7   0   5   2   0   1   0   5   6   4   0   0   3  0.35 0.16
  434 Y    1 -2  2  0 -3 -2 -1 -3 -1 -1 -1 -1  1  4 -3 -1 -2 -1  5 -2   13   0  16   4   0   0   3   0   0   4   2   3   4  18   0   3   0   0  29   1  0.42 0.21
  435 G    3 -3 -2  0 -3 -3 -3  5 -3 -1 -4 -3 -3 -4 -3  0 -2 -4 -4 -3   26   0   0   5   0   0   0  59   0   6   0   0   0   0   0   3   0   0   0   0  0.84 0.25
  436 A    2 -2 -1 -1 -2 -1 -1 -1 -2 -3 -3 -1 -2 -3 -2  5  0 -4 -3 -2   17   0   0   0   0   0   0   0   0   0   0   0   0   0   0  83   0   0   0   0  0.76 0.20

                      K         Lambda
Standard Ungapped    0.1319     0.3162
Standard Gapped      0.0410     0.2670
PSI Ungapped         0.1208     0.3175
PSI Gapped           0.0370     0.2670
