
Last position-specific scoring matrix computed, weighted observed percentages rounded down, information per position, and relative weight of gapless real matches to pseudocounts
           A  R  N  D  C  Q  E  G  H  I  L  K  M  F  P  S  T  W  Y  V   A   R   N   D   C   Q   E   G   H   I   L   K   M   F   P   S   T   W   Y   V
    1 M   -2 -2 -3 -4 -2 -1 -3 -4 -3  1  2 -2  7 -1 -3 -2 -1 -2 -2  1    0   0   0   0   0   0   0   0   0   0  11   0  79   0   0   0   0   0   0  10  0.80 0.19
    2 T    0 -2  3 -2 -3 -2 -2 -3 -2 -1 -1  2 -2 -3 -3  1  2 -4 -3  3    7   0  20   0   0   0   0   0   0   0   4  16   0   0   0  10  16   0   0  27  0.32 0.21
    3 M    0 -4 -4 -5 -3 -3 -4 -4 -4  1  0 -4  6 -3 -4 -3  2 -4 -3  4    7   0   0   0   0   0   0   0   0   3   3   0  26   0   0   0  17   0   0  43  0.86 0.40
    4 D    1 -3  1  5 -4 -2 -1 -1 -3 -4 -4  1 -1 -5 -3  0  1 -5 -4 -2   14   0   7  45   0   0   0   2   0   0   0  11   2   0   0   7   8   0   0   3  0.72 0.36
    5 M   -3 -2 -2 -2 -4 -3 -4  1 -4  0  3 -4  5  2 -4  1 -3 -3 -2 -1    0   1   1   2   0   0   0  12   0   5  31   0  19  11   0  15   0   0   0   1  0.51 0.34
    6 E    0  0  0  1 -4  1  2  4 -3 -4 -4  0 -1 -4  1  0 -2 -4 -2 -2    6   5   4   6   0   6  15  34   0   0   0   5   2   0   6   6   1   0   2   3  0.44 0.27
    7 K    0  3  0 -2 -4  1  0 -1  3 -4 -2  1 -3 -4 -1  2  2 -5 -3 -4    6  19   4   1   0   6   4   3   9   0   4   8   0   0   2  21  12   0   0   0  0.40 0.29
    8 C   -3 -5 -5 -6  3 -4 -5 -6 -4  3  3 -5  4  3 -5 -4 -2 -3  3  1    1   0   0   0   6   0   0   0   0  20  27   0  13  12   0   0   2   0  10  10  0.79 0.40
    9 K   -2  4 -2  3 -5  2  1 -1  1 -2 -5  3 -4 -4 -4 -2 -3  4 -2 -3    3  25   1  17   0   9   6   5   4   3   0  17   0   0   0   2   0   6   1   2  0.60 0.37
   10 R   -5  7  2 -3 -7 -3 -2 -5  1 -5 -6  4 -5 -6 -5 -2 -3 -6 -5 -6    0  58  10   1   0   0   1   0   4   1   0  21   0   0   0   3   1   0   0   0  1.55 0.69
   11 I    1 -2  2 -3 -3 -2 -2 -2 -3  3  1 -1  2  2 -4 -2 -1 -4 -1  1   17   1  13   0   0   2   1   2   0  18  11   4   7   9   0   0   3   0   1  11  0.27 0.24
   12 V   -3 -6 -6 -7 -5  0 -6 -7 -2  1  1 -4  6  1 -6 -4 -3  1 -1  5    1   0   0   0   0   4   0   0   1   8   9   1  20   6   0   1   1   2   2  44  1.18 0.61
   13 Q   -5  5 -1 -1 -7  4  1 -3 -2 -7 -4  5 -2 -7 -6 -5 -3 -7 -6 -7    0  28   3   3   0  17   7   3   1   0   1  35   1   0   0   0   1   0   0   0  1.26 0.68
   14 Y   -4  0 -1 -5 -7 -3 -4 -4  2 -3 -4 -6  1  4 -8 -5 -4  0  8 -6    1   5   3   1   0   2   1   2   4   1   2   0   3  14   0   1   1   1  60   0  1.98 0.90
   15 F   -3 -2 -5 -5 -5 -2 -3  4 -5  1  2 -5 -3  4 -6 -1 -4 -5 -1 -1    2   2   0   0   0   2   2  37   0   8  19   0   0  17   0   5   0   0   2   4  0.77 0.45
   16 W   -4 -5 -8 -8 -7 -2 -7 -7 -7 -6  3 -5 -2  2 -8 -5 -2 11  1 -6    2   1   0   0   0   2   0   0   0   0  25   1   1   7   0   1   3  54   4   0  2.64 1.07
   17 D   -2 -2  2  5 -5  0  0 -1 -1 -3 -5 -2 -1 -6 -3  1  3 -3 -5 -1    2   2   8  35   0   3   5   5   1   2   1   2   1   0   1   9  17   0   0   4  0.71 0.46
   18 P   -3 -1 -3 -3 -5 -3 -4 -2 -3 -1  1 -3 -2  0  4  3 -2 -5  0  3    1   4   1   2   0   1   0   3   1   3  13   1   1   4  19  22   2   0   3  19  0.48 0.39
   19 E   -3  2 -1  3 -6  0  3 -3 -2 -5 -2  4 -3 -3 -1 -1 -2 -6 -3 -5    2   9   3  17   0   3  20   2   1   0   4  27   1   1   4   4   2   0   1   0  0.66 0.43
   20 P    1 -2 -2 -3 -4 -2 -2 -2 -1 -2 -1 -2  1 -2  5  2  2 -5 -3 -2   12   2   1   1   0   1   2   2   1   3   7   2   3   2  26  16  14   0   1   3  0.53 0.38
   21 R    0  3 -1 -2 -2  1  0 -2  0 -3 -4  4  0 -4 -3  0  2 -1 -2 -2    6  15   2   2   1   7   6   2   2   1   1  27   2   1   1   5  12   1   1   3  0.45 0.33
   22 N   -1 -3  5 -3 -6 -3 -3 -4 -2 -2 -4 -2 -5 -2  4  0  4 -7 -4 -2    6   1  27   1   0   1   1   1   1   2   1   2   0   2  20   5  25   0   1   3  0.91 0.57
   23 D   -2 -1  3  5 -3  0  0 -3  1 -3 -3 -2 -3  0 -2  1  1 -6 -1 -3    2   3  14  33   1   4   4   2   3   1   3   2   0   4   2  11   8   0   2   2  0.60 0.41
   24 V   -3 -1 -2  3 -3 -2  0 -2 -2 -1 -1  0  1  6 -2 -1 -1 -4  0 -1    1   4   2  14   1   1   7   4   1   3   5   6   3  31   2   4   3   0   3   4  0.50 0.34
   25 P   -2 -3  2 -1  5 -2 -3 -4  1 -4 -2  1 -3 -3  2  5  0 -6 -5 -5    2   1   9   3  10   2   1   0   3   1   4   7   1   1  11  39   6   0   0   0  0.77 0.53
   26 A   -1  0  1  3 -2  0  2 -1  1 -3 -4  2 -3 -5 -1  0  2 -5 -4 -2    6   4   7  15   1   3  14   4   3   1   1  13   0   0   3   7  13   0   0   3  0.35 0.28
   27 A    0 -4  1  3 -2  0  2 -3  2 -4 -3 -1 -5 -6 -4  4 -1 -6 -5 -2    8   1   6  16   1   3  13   2   4   1   2   4   0   0   1  34   3   0   0   3  0.65 0.47
   28 S   -2 -6 -4  1 -7 -1  0 -5 -3 -5 -6 -4 -7 -7  7  1 -1 -8 -3 -5    4   0   1   7   0   3   6   1   1   1   1   1   0   0  57  11   4   0   1   1  1.60 0.83
   29 I   -3 -7 -7 -7 -3 -6 -7 -7 -7  7  1 -7 -1 -3 -7 -6 -4 -2 -4  4    2   0   0   0   1   0   0   0   0  53  11   0   1   1   0   0   1   1   1  28  1.68 0.74
   30 W   -6 -5 -5 -8  1 -4 -7 -7  1 -3 -4 -7 -6  2 -4 -5 -3 11  2  0    1   1   1   0   3   1   0   0   3   2   2   0   0   7   1   1   2  60   7   6  2.89 1.20
   31 C   -4 -6 -3 -7  4 -6 -6 -7 -3  2  5 -6  2  1 -6 -3 -3 -5 -5  1    1   0   1   0   7   0   0   0   1  12  54   0   4   5   0   2   1   0   0  10  1.15 0.58
   32 L   -6 -5 -7 -7 -2 -4 -7 -7 -7 -4  6 -7  3 -1 -3 -7 -6 -6 -2 -4    0   1   0   0   1   1   0   0   0   0  83   0   7   2   1   0   0   0   1   0  2.01 0.92
   33 G   -5 -7 -6 -7 -7 -7 -7  8 -7 -8 -8 -7 -7 -8 -7 -2 -7 -7 -8 -8    0   0   0   0   0   0   0  94   0   0   0   0   0   0   0   3   0   0   0   0  2.82 1.25
   34 R   -2  4 -2 -5  1  1  0 -6  1 -3 -3  4 -1 -5 -4 -2 -2 -2 -3  3    2  22   2   0   2   7   6   0   3   1   2  23   2   0   1   2   3   1   1  20  0.68 0.50
   35 E   -2  2 -3 -3  7  1  1 -5  1 -2 -2  0 -1 -1 -2  0  0  0 -2 -2    2  13   1   1  24   6  11   1   3   3   4   6   2   3   2   7   5   1   2   3  0.64 0.45
   36 Y   -8 -8 -8 -9 -9 -7 -8 -6  5 -4 -5 -8 -1  0 -4 -8 -8 -5 10 -8    0   0   0   0   0   0   0   1  11   1   1   0   1   3   1   0   0   0  79   0  3.26 1.51
   37 A    0  0  0  1  1 -1  0 -2  6 -3 -2  1 -2 -1  2  1 -1 -2 -2 -3    6   4   4   7   3   2   5   3  21   2   4  10   1   3  10  10   3   1   1   2  0.41 0.34
   38 P   -1  1 -2 -2  0 -1 -2  1 -2  1  0  0  0  0  4 -1  0 -4 -2  0    5   7   2   2   2   2   2  11   1  11   7   5   3   4  19   4   5   0   1   7  0.21 0.20
   39 S    0  0  1 -2 -2 -1  0 -2  1 -2 -2  3 -2 -2  0  2  0  1  1 -2    6   5   7   2   1   3   5   3   3   2   5  18   1   1   4  18   6   2   5   3  0.21 0.24
   40 Q   -1  0  1  1 -1  2  3 -1  0 -2 -1  1 -1 -4  2 -1  0 -4 -1 -2    5   4   6   6   1   9  17   4   2   2   8   7   2   0  11   4   5   0   2   2  0.21 0.21
   41 P    0 -2 -1  1 -2  0  3 -2 -2 -2 -2 -1 -2 -2  4  0  0 -5 -2 -1    7   2   2   8   1   3  18   3   1   2   4   4   1   2  23   8   5   0   2   5  0.41 0.34
   42 P   -1 -1 -1  3 -4  1  1  1  0 -3 -2 -1 -1 -2  3  1  0 -5 -2 -2    4   3   2  17   0   5  10   9   2   2   4   3   2   2  17   9   5   0   1   3  0.33 0.29
   43 S   -1 -2 -1  1  0  0  1 -2  1 -4 -3  0 -1 -1  2  3  1 -5 -3 -2    5   2   2   8   2   4  11   3   3   0   2   5   2   3   9  26   8   0   1   3  0.33 0.32
   44 D   -2  0  1  3 -1  0  1  0  0 -1 -1 -1 -1  0  1  2  0 -4 -1 -2    3   4   5  17   1   4   9   6   2   5   5   3   1   4   7  15   6   0   2   2  0.17 0.19
   45 P    0 -1  0  1 -1  0  1 -1  1 -1 -2 -1  0 -1  3  1  1 -4 -1 -1    6   3   4   9   1   4   9   4   3   3   4   3   3   2  13  13   9   0   2   4  0.17 0.18
   46 A    1  0  0  1 -2  0  1 -1  0 -1 -1  0  0 -2  0  1  1 -1 -2 -1   14   4   4   8   1   3   8   4   2   4   5   5   3   2   4  13   9   1   1   5  0.08 0.11
   47 S    0  0  0  0 -1  0  1 -1  0 -1 -1 -1 -1  0  1  2  0  0  0 -1    9   5   4   5   1   5  10   4   2   3   5   4   1   4   7  16   7   1   3   4  0.09 0.12
   48 N   -1 -1  2  2  0  0  0  0  2 -2 -1 -1  0 -2  1  1  1 -4 -1 -1    5   3   9  11   2   5   7   7   5   2   6   3   3   2   7  10   8   0   2   4  0.11 0.14
   49 N    0  0  0  1  0  0  0  0  2 -1 -1  0  0 -1  1  1  0 -3  0 -2    8   4   5   7   3   4   5   6   6   3   7   5   2   3   9  11   5   0   4   2  0.08 0.10
   50 P    0 -1 -1  0 -1  0  1  0  0 -2 -1  0 -1 -1  4  1  0 -4 -2 -1    6   3   3   5   1   4   9   6   3   2   6   5   2   3  19  11   5   0   1   5  0.20 0.20
   51 R    0  1  1  1 -3  1  1 -1  1 -1 -1  1  0 -1  0  1  0 -3  0 -1    6   8   7   7   0   7   9   5   4   3   6   7   3   2   5  10   6   0   3   3  0.09 0.11
   52 S    0  0  0  0  1  0 -1  1  1 -1 -2 -1  1  0 -1  2  0  2  0 -1    6   4   4   6   3   4   5   9   3   4   4   4   3   4   4  16   6   3   3   5  0.09 0.10
   53 P    0  0  0  0  2  0  0  0  1  0 -1  0 -1  0  1  0  0 -2  1  0    6   6   5   6   5   5   6   6   5   6   6   6   0   5   6   6   6   0   5   6  0.03 0.06
   54 S    0 -1  0  1  0  1  0  1 -1  0 -1  0 -1  0  1  2  0 -3 -2 -2    7   2   4   7   2   6   5   9   1   6   4   4   2   4   6  19   7   0   1   3  0.11 0.15
   55 R    0  0  0  1  0  1  0 -1 -1 -1 -1  0 -1  0  0  1  1 -3 -1  0    7   6   4   8   2   6   5   5   1   3   5   7   2   5   5  15   7   0   2   7  0.07 0.09
   56 Q    0  0  0 -1 -1  2  2 -1  2 -2 -1  0  0  0 -1  1  0 -3  0 -1    9   5   3   4   1   9  13   5   4   2   5   4   3   4   3  12   7   0   3   3  0.11 0.14
   57 P    0  0  0  0 -2  0  0 -2  0  0 -1  0 -1 -1  4  1  0 -4 -2 -1    7   5   5   5   1   4   7   3   2   5   8   4   1   2  18  10   6   0   1   3  0.19 0.18
   58 N    0 -1  1  1 -1  0  1  0  1 -1 -1  0  0 -1  0  1  1 -3 -1  0    7   3   9   8   1   5   8   7   4   4   6   4   2   3   5   9   8   0   2   6  0.06 0.07
   59 A    0  0 -1  0 -1  1  0  1 -1 -1 -1  0  0 -1  0  1  1  0 -2  0    8   5   3   6   2   7   5  11   2   4   7   5   3   2   4  10   8   1   1   5  0.05 0.06
   60 S    0 -1  1  0  0  0  0  0  1 -1 -1  0 -1  0 -1  2  1  0  0 -1    6   2   6   5   2   3   7   8   3   4   7   5   2   3   3  17   9   1   3   5  0.06 0.10
   61 T    0  0  0  0  0  0  0 -1  0  0  0  0  0  0 -1  1  1 -3 -1  0    7   6   5   6   2   3   5   4   2   5   9   6   2   4   3  13  11   0   2   5  0.04 0.07
   62 L   -1  0  0 -1 -3  0  0  0  0  1  1  0  0  0  0  0  0 -3  0  0    5   5   5   3   0   5   5   6   2   8  18   4   2   4   5   8   5   0   4   6  0.03 0.06
   63 N   -1 -1  3  0  1  0  1 -1  1 -1 -2  0  2 -1  0  1  1  2  0 -2    4   4  12   6   3   4   8   4   4   3   4   5   6   3   4   9   7   2   3   3  0.15 0.14
   64 D    0  0  0  0 -2  1  0  0  1  0 -1  0  1  0  1  0  0 -2  1  0    6   6   5   6   0   5   6   6   5   6   6   6   5   5   6   6   6   0   5   6  0.03 0.06
   65 T    0  0  0  0  0  0  0 -1  0  0  0  0  0 -1  1  1  1 -2  0  0    9   4   4   4   2   5   8   4   2   5  10   6   2   3   6   9   9   0   3   5  0.03 0.02
   66 T    0  0  1  0 -2  1  1  1  1 -1  0  0 -1 -1  0  0  1 -2 -1 -1    6   6   6   5   1   7   8  10   3   4  10   3   1   2   3   8  10   0   2   3  0.05 0.04
   67 W   -1 -1 -1  0 -1 -1  0  0 -1 -1  0 -1  0  0 -1  0 -1  7  2 -1    6   3   3   6   1   2   8   6   1   3   9   3   3   3   3   6   4  18   9   4  0.34 0.15
   68 P   -1  0 -1 -2 -2 -1 -1 -2 -1  0  1  0  0  0  4  0  0 -2 -1  0    3   4   3   2   1   3   3   2   2   6  13   6   2   4  27   7   5   0   2   5  0.32 0.13
   69 K    0  0 -1  1 -3  2  4 -2 -1 -2 -3  1 -2 -3  1  0 -1 -3 -3 -2    8   6   2   9   0   9  29   2   2   2   3   9   0   1   8   5   2   0   1   3  0.36 0.20
   70 A    2  1 -1  2 -2  1  3 -1  1 -3 -2  0 -1 -2 -2  0 -1 -1 -3 -2   19   6   2  14   1   7  20   3   3   1   3   6   1   1   1   5   3   1   1   3  0.26 0.17
   71 F   -3 -4 -5 -5 -4 -4 -3 -5 -4  1  1 -5 -1  8 -5 -4 -4  0  0 -2    2   1   1   1   0   0   2   1   0   6  11   1   1  64   1   1   1   1   2   3  1.57 0.54
   72 L   -1  2 -2 -3 -1  0  0 -3  1  0  2  1  1  1 -3 -2 -2 -2  2  0    4  13   1   1   2   5   5   1   3   5  26   9   4   4   1   1   2   0   9   5  0.20 0.16
   73 S    1  2  1  1 -2  1  1 -2  1 -2 -1  1  0 -3 -2  1 -1 -3 -1 -2   11  13   5  10   1   6  11   2   4   2   6   8   3   0   1   9   2   0   3   1  0.17 0.13
   74 D   -1 -1 -1  7 -2 -2  0 -4  2 -3 -4 -2 -3 -2 -4 -2 -2 -5 -1 -3    6   3   1  63   1   1   3   1   4   2   1   2   1   2   1   3   2   0   2   2  1.23 0.49
   75 F   -3 -4 -4 -5 -2 -4 -3 -3 -2  2 -1 -4  1  7 -5 -3 -3  3  2  1    1   0   0   1   1   0   2   2   1  10   5   1   4  48   0   2   1   3   7  11  1.06 0.41
   76 G    0  2 -1 -1 -1  2  1 -1  1 -1 -1  1  0 -1 -2  1  1 -1  1 -1    7  11   2   2   2  11   8   4   4   3   5   7   2   2   0  12   9   1   7   3  0.12 0.11
   77 S    0 -1  0 -2 -4 -1 -2 -2  0 -4 -4 -2 -4 -4 -3  6  1 -5 -4 -4    7   3   4   1   0   2   2   2   2   0   1   1   0   0   0  66   7   0   0   1  1.09 0.50
   78 R   -3  6 -2 -4  0 -1 -3 -4 -2  0  2  1 -1 -2 -3 -2 -2 -4 -3 -1    1  47   1   0   2   2   1   1   1   5  20   8   1   2   1   2   2   0   0   3  0.78 0.37
   79 I   -3 -4 -5 -5 -2 -4 -4 -5 -4  5  2 -4  2  3  0 -3 -2 -1 -2  2    1   0   0   0   1   0   1   0   0  33  21   0   6  12   5   2   2   1   1  14  0.66 0.30
   80 W   -4 -3 -3 -6 -2 -3 -6 -4 -2 -4 -2 -3 -5  0 -6 -4 -4 12  3 -4    1   2   1   0   1   1   0   1   1   1   5   1   0   2   0   1   1  68  11   1  2.98 0.85
   81 I   -3 -4 -5 -5  4 -3 -5 -5 -4  1  3 -4  4  6 -5 -4 -3  0  0 -1    2   0   0   0   9   1   0   1   0   6  26   0  10  36   0   0   0   1   2   3  0.94 0.37
   82 T   -2  0 -3 -4  1 -2 -4 -4 -1 -4 -4 -3 -4 -5 -4  1  7 -5 -4 -2    2   5   0   0   2   2   0   1   2   0   1   0   0   0   0  11  71   0   0   2  1.47 0.58
   83 Y   -5 -5 -5 -6  2 -5 -5 -6 -2 -5 -5 -5 -5 -1 -6 -5 -5 -2 10 -5    1   0   0   0   4   0   0   1   0   0   1   0   0   0   0   0   0   0  89   0  2.99 0.87
   84 R   -5  8 -2 -5 -1 -1 -2 -4 -1 -6 -5 -1 -5 -6 -5 -4 -5 -6 -5 -6    0  87   2   0   1   1   1   2   1   0   0   1   0   0   0   0   0   0   0   0  2.29 0.74
   85 S   -2  4  1 -3 -1  0 -1 -3  1 -3 -5  4 -2 -3 -5  2  1 -1  0 -3    2  20   6   1   2   3   4   1   3   2   0  25   1   1   0  16   8   1   3   2  0.58 0.38
   86 N   -3 -2  4  3 -1  0  1  4  2 -6 -4 -1 -5 -6 -5  0 -3 -6 -2 -4    2   3  20  14   1   4   8  30   4   0   1   3   0   0   0   5   1   0   1   1  0.71 0.40
   87 F   -6 -7 -7 -7  0 -7 -3 -7 -6 -1 -1 -7  2  8 -7 -6 -6  1  3 -2    0   0   0   0   2   0   2   0   0   3   5   0   4  69   0   0   0   2   8   2  2.25 0.84
   88 T    1 -1 -3 -1 -2  0  0 -3 -1 -3 -3 -1 -2 -3  6  0 -1 -6  0 -2   10   3   1   4   1   5   7   2   1   1   2   3   1   1  40   7   4   0   3   3  0.78 0.43
   89 P    1  0 -1  2  1  1 -1 -2  0 -2 -3 -2  0 -1  4 -1 -1  2 -1 -2   13   4   3   9   3   7   4   3   3   3   4   3   3   3  20   5   4   3   3   3  0.32 0.19
   90 I    1 -2 -2 -2 -1 -2 -2 -2 -2  2  1 -2  2  2 -2 -1  1 -1  0  1   13   1   1   1   0   1   1   1   0  13  14   1  13  13   1   1  13   0   0  13  0.13 0.06
   91 P   -1  1 -1 -2  1  0 -1  1  0 -2 -1  1 -1 -4  4 -1  0 -4 -1 -2    6   8   3   2   3   3   4  12   2   3   8   7   2   0  25   4   4   0   2   2  0.33 0.28
   92 R   -1  2  1  2  1  0  0  2  0 -1 -2  1  0 -3  0  0 -1 -4 -1 -2    3  11   5  11   3   4   5  20   2   3   3   8   2   0   4   6   4   0   2   2  0.19 0.19
   93 T   -1 -1  0  1  0  0  0 -1  0  0 -2 -1  1 -1 -1  2  3 -4 -1 -1    4   2   4   8   2   3   5   5   2   5   3   3   4   2   3  19  21   0   2   3  0.20 0.25
   94 K   -1  0  1  1 -3  1  1  0  0 -2 -1  1  0 -3  1  0  1  1 -1 -1    5   5   8   7   0   8   7   6   2   2   5  10   2   1   7   8  10   2   2   3  0.12 0.13
   95 T    0  0  2  1  0  0  0  0  1 -1  0  0  0 -1  0  0  0 -2 -1 -1    5   4  11  10   2   3   6   9   3   2  12   4   2   3   5   6   7   0   2   4  0.06 0.06
   96 P    0  0  0  0 -2  1  0  0  1  0 -1  0  1  0  1  0  0 -2  1  0    6   6   5   6   0   5   6   6   5   6   6   6   5   5   6   6   6   0   5   6  0.03 0.06
   97 E    0 -1  1  2 -1  1  1 -1  1 -1 -4  0 -3 -1  4  0  0  1 -3 -2    7   3   6  11   1   7   8   5   3   4   1   4   0   3  18   8   5   2   0   2  0.28 0.24
   98 A    2 -2 -1 -1 -2  1 -1  1 -1 -1  1 -1 -2 -2  0  2 -1  0 -1 -1   15   2   2   4   1   6   3  13   1   3  14   2   0   1   5  15   4   1   3   3  0.13 0.18
   99 T    0 -2 -2 -1  0  0 -2 -1 -2  0 -1 -2  0 -1  5  1  2  1 -2 -2    9   3   1   3   2   4   2   4   1   5   6   1   2   2  25  11  12   2   1   3  0.38 0.32
  100 S    0  0  0  0 -1  0 -2  0  1 -1  1 -1  0 -3  0  3  1 -4 -3  0    7   5   4   4   1   4   2   8   4   3  13   4   2   0   5  22   7   0   0   5  0.14 0.19
  101 S    1 -1  0  0  0 -1  0 -1 -3 -2 -2 -2 -1 -2  3  3  0 -4 -1 -2   14   3   5   4   2   3   7   4   0   2   3   1   2   2  16  21   5   0   2   2  0.32 0.30
  102 M   -1 -2 -2 -3  1  0 -1 -1  0  1  1 -2  3  2  0  1 -1  0 -2  0    3   2   1   1   3   4   4   5   2   7  16   1  10  10   5  14   3   1   0   7  0.17 0.20
  103 T    1 -2  0 -1 -3  0 -2  1 -1 -1 -1 -1 -1 -2  1  3  2  0 -3 -1   13   2   4   2   0   3   2   9   2   4   7   4   1   1   6  23  12   1   0   3  0.22 0.24
  104 L    0  0  0 -3 -3  1 -3  0 -1  0  1 -1  0  1  2  1 -2  3  0  0    6   4   5   1   0   6   1   6   1   6  14   3   2   8  12  12   2   5   3   5  0.17 0.19
  105 G   -1 -2  0 -1 -1  0 -2  3 -1 -2  0  0 -2  0  1  3  0  1 -3 -2    4   1   3   3   1   4   2  20   1   2  10   5   1   4   7  21   7   2   0   2  0.24 0.25
  106 V    0 -1 -1  0  1 -1 -1  0 -1  0  0  0  2  0  1  1  0 -3  0  0    6   4   2   6   3   2   3   8   2   4   8   6   8   4   6  15   5   0   3   6  0.06 0.11
  107 R   -1  4  1 -2 -1 -1 -1 -1  0 -1 -1  1  1 -2  0  1  0 -4 -1 -1    3  25   6   2   1   2   4   6   2   4   5   7   4   2   4   9   7   0   3   5  0.23 0.22
  108 L   -1  0  0 -1 -3 -1 -2  0 -3  1  1 -1  1  1  1 -1 -1  4  0  0    6   7   5   4   0   3   2   8   0   8  17   3   4   6   7   5   2   6   2   5  0.10 0.12
  109 R   -1  3  2 -1 -4  0  0  0  1 -4 -1  1  0  0  1  1 -2  3 -3 -1    5  16  10   3   0   4   5   6   4   0   6   9   2   4   6   9   2   4   0   4  0.21 0.21
  110 S    0  0  2 -1  0  0 -2  1  2 -2 -2 -1  0  0 -1  2  0  5  0 -2    7   5   9   3   2   4   2  11   4   2   4   3   3   3   3  15   6   9   3   3  0.24 0.23
  111 Q   -1  0  0  0 -3  0  0 -1  1  0 -1  0  1  0  0  0  0  3  1  0    5   5   5   5   0   5   5   5   5   5   5   5   5   5   5   5   5   5   5   5  0.06 0.08
  112 L   -1  0  0 -1 -1  1 -1  0 -1  0  1 -1  3 -1  0  1  0  0 -1  0    5   4   4   4   1   6   3   6   2   4  13   3  12   2   5  12   5   1   2   6  0.08 0.09
  113 M    0  0  0 -1 -2 -1 -1  0 -1  1  1 -1  3  0  0  0  1  0 -1  0    7   6   4   3   1   2   4   7   2   8  12   3  11   4   4   6   8   2   2   5  0.05 0.07
  114 D   -1 -1  0  2 -2 -1  1  1  0 -1  2 -1 -1  0 -1  0 -1  1 -1 -1    3   2   3  15   0   2   9  10   2   2  22   3   1   3   3   8   3   2   2   4  0.11 0.11
  115 P    2 -1 -1 -1 -2  0  0  0 -1 -1  0 -1 -1 -2  4  1  0 -3 -2 -2   18   2   3   3   0   4   4   6   1   4   9   4   1   1  21  10   4   0   1   2  0.28 0.17
  116 Q    0  0  1  0 -2  3  1  0  1 -1 -1  0 -1 -2  0  2  0 -2 -1 -2    8   3   6   3   1  16   9   6   4   5   5   4   1   1   4  16   3   0   2   2  0.15 0.13
  117 G    1 -1  1 -2 -1  1 -1  3 -1 -2 -2  0 -2 -1  0  1  0 -3 -1 -2   13   2   6   2   1   7   2  27   1   1   4   5   1   3   5  11   6   0   2   2  0.24 0.17
  118 F   -1 -3 -3 -2 -2 -2 -3 -2 -1  0  2 -3  0  3  0  0 -2  6  1 -1    5   1   0   2   1   2   0   3   1   6  27   1   2  12   4   9   1  14   5   2  0.43 0.27
  119 T   -1  0 -2 -2 -2 -2 -2 -2 -1  0  1 -1 -1 -1 -2  1  4 -4 -2  0    3   5   1   1   1   1   2   3   2   4  16   4   1   3   1  11  36   0   1   5  0.34 0.29
  120 S   -1  3  0 -1 -1  1 -2 -3 -1 -4 -1 -1 -1 -4 -3  3  3 -4 -3 -3    3  21   5   2   1   8   0   1   1   0   5   1   2   0   0  32  18   0   0   0  0.52 0.37
  121 D   -2 -4  1  7 -6 -3 -2 -4  3 -5 -2 -1 -5 -6 -4  0 -1 -6 -5 -5    3   0   6  66   0   0   0   0   8   0   4   4   0   0   0   5   3   0   0   0  1.44 0.62
  122 T    0 -2 -1 -1  3 -1 -2 -2 -2 -2 -2  0 -1  0  3  0  1  6  0  0    8   1   2   4   9   2   2   1   1   1   3   5   1   4  14   7  10  14   3   8  0.36 0.24
  123 G    1  0  0  0 -2 -2 -1  3  0 -3 -2 -1 -3  0  2  0  0 -3 -2 -2   11   5   5   5   1   0   2  31   3   0   3   3   0   6   9   6   7   0   1   2  0.27 0.19
  124 W   -1  0 -4 -5 -5 -1 -4  1 -4 -4 -2 -4 -4  1 -5  0 -4 10  1 -4    5   7   0   0   0   3   0  13   0   0   5   0   0   6   0   7   0  49   3   0  1.72 0.64
  125 G    0  2  0 -2 -4  1  1  4 -3 -4 -4  1 -3 -1 -1 -1 -3 -4 -3 -4    6  15   3   0   0   6   9  40   0   0   0  11   0   3   2   3   0   0   0   0  0.57 0.32
  126 C    0  1 -3 -2  8 -3 -1 -2 -3  0 -3 -1 -3 -1  0  1 -1 -3  1 -1    7  10   0   2  34   0   4   3   0   5   1   4   0   3   4  11   2   0   6   3  0.65 0.38
  127 M   -1  0 -3  0  1  0 -2 -3 -3 -1  1 -2  5 -2 -1  1  1  4  1 -1    4   6   0   5   4   4   0   0   0   3  14   0  19   0   4  14   8   6   6   2  0.29 0.28
  128 I   -1  0 -1  1 -2 -2 -2 -1  0  1  1 -1  1 -1 -1 -1  0  3  0  1    2   6   2  11   0   0   0   3   3  12  14   3   5   2   3   4   6   4   2  16  0.08 0.12
  129 R   -1  6 -1 -3 -4 -1 -1 -4  1 -3 -2  1 -3 -4  2 -1 -1 -4  0 -1    3  46   3   0   0   0   3   0   4   0   4   7   0   0  13   5   3   0   3   5  0.69 0.41
  130 S    0  0 -2  0  3  0 -1 -1 -3 -3 -2 -2 -2 -3  2  2  2  3 -3 -1    8   6   0   5   7   5   4   5   0   0   3   0   0   0  12  22  12   4   0   3  0.28 0.25
  131 G    0  1  0 -2  0  0  0  3 -2 -1 -1  0 -1 -1  0  1  0 -3  0 -1    6   8   4   0   3   4   7  23   0   5   6   4   2   2   4  11   6   0   3   2  0.13 0.13
  132 Q   -1  1  0 -2 -4  6  1 -1  1 -4 -3  0 -3  0  0  0  0 -3 -3 -2    3   8   4   1   0  43   7   4   3   1   1   2   0   5   5   7   4   0   0   2  0.63 0.42
  133 S    0  0  0 -2  2 -1  0  0 -2  0  0  0  1  1  1  0  0  4 -1 -1    7   7   7   0   6   0   7   7   0   7   7   7   6   6   7   7   7   6   0   0  0.09 0.14
  134 L   -1  1 -2 -4  1 -3 -1 -3 -4  2  3 -3  5  1 -1 -2 -3 -4 -1  0    5   7   2   0   3   0   4   2   0  14  27   0  17   6   3   3   0   0   2   5  0.42 0.34
  135 L   -1 -2 -1 -1 -1 -1  0 -2  0  1  3 -1  2  1 -4 -1 -1  1 -3  0    3   2   4   3   1   2   5   2   2   7  39   3   6   5   0   5   2   2   0   5  0.29 0.26
  136 A    4  0 -2 -2  2  0 -2  0 -3 -2 -3 -1  0 -1 -1  1 -1 -4 -2 -1   40   6   2   2   5   5   1   7   0   2   2   3   2   3   3   8   3   0   1   4  0.39 0.35
  137 N   -3 -1  2 -3 -1  5  2 -1  3 -2 -3 -1  0 -3  0  0 -1 -5 -2 -3    2   2   9   0   2  33  12   5   8   3   3   2   2   1   5   5   3   0   1   2  0.59 0.46
  138 T    4  0 -1 -3  2 -2 -3  2 -3 -2 -2 -2 -1 -2  0  0  1 -4 -1  0   35   5   3   0   4   2   0  14   0   2   3   2   2   2   4   5  10   0   2   6  0.35 0.32
  139 F   -6 -3 -4 -8 -6 -1 -7 -4 -1  2  5 -7  1  3 -2 -5 -6  1  0 -2    0   2   1   0   0   3   0   2   2   9  56   0   3  11   3   1   0   2   3   2  1.17 0.66
  140 S   -1  1 -4 -3  1  1 -2 -3 -1  2  2 -1  2 -2 -3 -1  0  0 -1  2    5   8   0   1   3   7   3   2   2  11  20   5   5   1   1   5   5   1   2  13  0.22 0.21
  141 V   -2  4  0 -3  2  1 -1 -4  1  1  0  0  0  0 -3 -2  0 -1 -1  0    4  24   4   2   4   6   4   1   3   8   9   6   3   4   2   3   5   1   2   7  0.35 0.25
  142 L   -1  0  0 -2  1 -1 -3 -3  7  0  1 -1 -1  1 -2 -1 -3 -5 -1  0    4   6   5   3   3   2   2   2  25   6  13   3   2   6   2   6   2   0   2   8  0.51 0.36
  143 L   -2 -1 -2 -1  0 -1 -2 -3  4  0  2 -1  2  3 -2 -1 -1  2  3 -2    3   4   2   4   2   3   2   3  10   5  16   4   5  12   2   4   5   3   8   3  0.34 0.22
  144 L    0 -1 -1 -1  1  0 -1 -1  0  0  2  0  1  1  1  0 -1  1  1 -1    8   3   4   3   3   4   3   4   2   4  23   6   4   6   6   6   3   2   4   4  0.08 0.11
  145 G   -1  0  0  0  1  1 -1  3  1 -1 -2  0  0 -4  2  0 -1  2 -3 -1    4   5   5   6   3   5   4  21   3   4   4   5   3   0  10   6   4   3   0   3  0.18 0.19
  146 R   -1  0  0  0 -3  0  0 -1  1  0 -1  0  1  0  0  0  0  3  1  0    5   5   5   5   0   5   5   5   5   5   5   5   5   5   5   5   5   5   5   5  0.06 0.08
  147 D   -1  0  0  0  2  0  0 -1  2  0 -1  0  2  1  0 -1  0  4  1 -1    5   5   5   5   5   5   5   5   5   5   5   5   5   5   5   5   5   5   5   5  0.09 0.08
  148 W   -2  0  0 -1  2 -1 -2 -1  1 -1 -2 -1  2  0 -1 -2  0  9  1 -2    4   5   4   3   4   3   4   5   3   4   4   4   4   4   4   4   5  23   4   4  0.69 0.43
  149 R    0  0  0  0  2  0  0 -1  1  0 -1  0  1  0  0  0  0 -2  1  0    5   5   5   5   5   5   5   5   5   5   5   5   5   5   5   5   5   0   5   5  0.03 0.05
  150 R   -1  0  0  0  2  0  0 -1  2  0 -1  0  2  1  0 -1  0  4  1 -1    5   5   5   5   5   5   5   5   5   5   5   5   5   5   5   5   5   5   5   5  0.09 0.08
  151 G   -1  0  0  0  2  0  0 -1  2  0 -1  0  2  1  0 -1  0  4  1 -1    5   5   5   5   5   5   5   5   5   5   5   5   5   5   5   5   5   5   5   5  0.09 0.08
  152 E   -1  0  0  0  2  0  0 -1  2  0 -1  0  2  1  0 -1  0  4  1 -1    5   5   5   5   5   5   5   5   5   5   5   5   5   5   5   5   5   5   5   5  0.09 0.08
  153 K   -1  0  0  0  2  0  0 -1  2  0 -1  0  2  1  0 -1  0  4  1 -1    5   5   5   5   5   5   5   5   5   5   5   5   5   5   5   5   5   5   5   5  0.09 0.08
  154 V    0  0  0  1  1  1  0 -1  1 -1 -1  0  1  0  1  0  0  2  0 -1    6   5   5   7   3   6   7   4   3   4   5   5   4   4   8   7   7   3   4   4  0.07 0.08
  155 E    0  1  0  1  1  1  1 -1  1 -1 -2  0  1 -1  1  0  0  2  0 -2    7   8   4   9   3   6   9   4   4   4   4   5   3   3   6   6   5   3   3   3  0.09 0.10
  156 E   -1  0  0  0  2  0  0 -1  2  0 -1  0  2  1  0 -1  0  4  1 -1    5   5   5   5   5   5   5   5   5   5   5   5   5   5   5   5   5   5   5   5  0.09 0.08
  157 E   -2 -1  0 -1 -7  0  1 -2  5 -1 -2 -2  1  0 -1 -2 -1 -6  6 -1    4   4   4   4   0   4   8   3  11   4   4   3   3   3   3   4   4   0  26   4  0.66 0.42
  158 S    0  2 -1  0  2  2  0 -2  1  0  0  0  1  0 -1  0 -1  2  1 -1    7  12   3   5   4   8   5   4   3   5   8   5   3   3   3   7   4   3   4   4  0.09 0.09
  159 K   -1  3  1  0 -1  3  1 -2  1 -2 -1  2 -1 -1 -1  0 -1 -4 -1 -2    4  16   7   4   1  12   8   3   3   2   5  15   2   3   3   5   3   0   2   2  0.25 0.22
  160 L   -2 -3 -5 -2  0 -2 -1 -3 -5  5  1 -5  1 -1 -2 -2  0 -5  0  2    3   2   0   2   2   2   4   2   0  38  12   0   3   3   3   2   5   0   3  14  0.67 0.39
  161 I   -2 -2 -5 -2 -5 -1 -2 -3 -5  3  4 -2  2  0 -5 -2 -1 -5 -4  1    3   3   0   3   0   3   3   3   0  17  38   3   5   4   0   3   4   0   0  10  0.58 0.37
  162 S   -1  2  1 -1  1  1  0 -1  2 -2 -3  1 -1 -2  0  2  0  1 -3 -2    5  14   7   3   3   8   7   4   5   3   2   7   2   2   4  15   5   2   0   3  0.19 0.20
  163 M   -1  0  0  0  2  0  0 -1  2  0 -1  0  2  1  0 -1  0  4  1 -1    5   5   5   5   5   5   5   5   5   5   5   5   5   5   5   5   5   5   5   5  0.09 0.08
  164 F   -1 -6 -1 -2  1 -1 -6 -6 -5 -1 -1 -6  0  8 -6 -3 -1 -4  0 -2    5   0   3   3   3   3   0   1   0   4   6   0   2  56   0   3   5   0   2   3  1.47 0.62
  165 A    1  0  0  0  0  0  1  1  0  0 -1 -1  0 -1 -2  0 -1  0 -1 -1   13   7   3   5   2   5  10  12   2   8   7   2   2   2   2   8   2   1   2   4  0.06 0.08
  166 D   -1 -1  1  7 -7 -5  1 -6 -5 -7 -7 -1 -6 -6 -2 -2 -2 -7  1 -6    5   3   5  62   0   0   7   0   0   0   1   3   0   0   3   3   3   0   4   0  1.63 0.73
  167 H   -2  1  2  1  0  1  0 -1  2 -2 -1  2 -1 -1 -1  1  0 -4  0 -2    2   7  10   7   2   8   7   4   6   2   6  13   1   2   2  10   6   0   3   2  0.17 0.15
  168 P   -3  0 -2  0 -6 -2  0 -2 -1 -3 -3  1  0 -2  6  0 -1 -1 -2 -3    1   6   2   5   0   2   6   4   1   2   3   9   2   2  41   7   5   1   1   2  0.82 0.51
  169 E    0 -1  1  3 -1  1  1 -1  1 -3 -3  0 -2 -3 -2  2  1 -5 -2 -2    8   3   6  15   2   7  10   4   3   2   3   5   1   1   1  18   7   0   2   2  0.27 0.25
  170 A    2  0  0 -3  4  0 -1 -1  2 -1 -2 -1  1 -1 -1  2 -1 -4  0 -1   18   5   4   0  10   4   4   4   4   3   4   3   3   3   3  18   3   0   3   3  0.23 0.25
  171 P   -1 -1  0 -1  1  0 -1 -1  1 -1 -1 -1  0  0  5 -1 -1 -4  2 -1    5   4   4   3   3   4   3   5   3   3   6   3   3   4  29   4   4   0   6   4  0.39 0.32
  172 F   -3 -4 -1 -2  0 -1 -2 -5  1 -1  1 -4  0  6 -2 -1 -2 -2  5 -1    2   0   4   2   2   3   3   0   4   2  12   0   2  32   2   5   2   0  18   3  0.68 0.42
  173 S   -1 -4 -1  0  3 -3 -3  2 -1 -1 -2 -3  1 -2 -2  5 -1  1 -4 -2    2   0   3   6   6   0   0  14   1   4   4   0   3   1   2  45   3   2   0   2  0.62 0.47
  174 I   -2 -4 -1 -4 -3 -1 -4 -5 -4  5  2 -1  1 -1 -1 -2  1 -4 -3  2    2   0   3   0   0   3   0   1   0  36  20   3   2   2   3   2   9   0   0  12  0.58 0.37
  175 H   -1 -2 -1  0 -1  2 -2 -2  8 -4 -1 -3 -1 -4 -3 -1 -3 -4  2 -1    5   2   2   5   1   8   1   4  44   0   7   0   1   0   1   5   1   0   5   4  1.11 0.59
  176 R   -1  3  4  0 -2  2  0 -2  3 -2 -2  1  0 -4 -3  0 -1 -4  0 -3    4  17  20   3   1  10   4   1   9   2   3   7   2   0   0   8   3   0   4   1  0.41 0.31
  177 F   -2 -1 -4 -4  1 -3 -4 -4 -4  3  3 -2  3  2 -1 -2  0  0 -1  0    3   3   0   0   4   0   0   0   0  20  26   3  10  11   3   3   5   1   1   5  0.42 0.30
  178 V    2 -1 -4 -1  2 -1 -1 -2  0  0 -1 -3  3  0 -4 -1  0  2  0  3   18   4   0   3   5   3   3   3   3   5   5   0   8   3   0   4   5   3   3  20  0.23 0.25
  179 N    0  1  0  1  0  2  1 -1  1 -1 -1  0  0 -1 -3  0  0  3  0 -1    9   8   5   8   3  10   8   3   3   4   6   6   3   3   0   8   4   4   3   3  0.09 0.12
  180 R    0  0 -1 -1  0  0  0 -2  1  1  1  0  3  0 -3  0  0  1  0  0    9   4   3   2   3   5   5   3   4   7  12   5   9   4   0   7   6   2   4   8  0.06 0.10
  181 G    1 -2 -1 -2  2 -2 -2  5  0 -2 -3 -2  0 -1 -2 -1 -2 -5 -1 -2   13   2   2   2   4   2   2  43   2   3   3   2   3   3   2   4   3   0   2   3  0.64 0.45
  182 A    0  0  0  0  0  0  0  0  0  0  0  0  0 -1 -1  0  0  1  0  0    8   5   3   4   2   4   4   8   2   8  10   9   3   3   3   7   6   3   3   6  0.01 0.01
  183 E   -1  1  0  0 -1  2  3 -1 -1  0 -3  3 -5 -2 -3  0 -1  2 -5 -1    6   7   4   6   2   9  15   4   1   6   3  15   0   2   2   6   4   3   0   4  0.27 0.21
  184 S    0  0  1  0  1  0  0 -1  1 -1 -1  0  0  0  0  2 -1  2  0 -1    7   6   7   4   3   4   6   4   4   3   6   5   3   4   5  14   4   3   4   4  0.05 0.09
  185 C   -1  0  0  0  2  0  0 -1  2  0 -1  0  2  1  0 -1  0  4  1 -1    5   5   5   5   5   5   5   5   5   5   5   5   5   5   5   5   5   5   5   5  0.09 0.08
  186 G   -2 -1  0  1  1  0 -1  4  1 -2 -2 -1 -6  0 -1 -1 -1  3 -6 -1    4   4   5   8   3   4   4  29   3   3   5   4   0   4   3   4   4   3   0   5  0.39 0.28
  187 K    0  0  0  0  2  0  0 -1  1  0 -1  0  1  0  0  0  0 -2  1  0    5   5   5   5   5   5   5   5   5   5   5   5   5   5   5   5   5   0   5   5  0.03 0.05
  188 Y    0  0  0  0  1  1  0 -2  1 -1 -1  0  0  1  0  1 -1  2  0  0    8   6   4   5   3   5   6   3   4   3   6   6   3   6   6  11   4   2   3   8  0.05 0.06
  189 P    1 -1 -1 -1  1 -1 -2 -2 -7  2 -2 -2  1 -1  4 -2 -2 -7  0  2    9   3   3   4   3   3   3   3   0  12   4   3   3   3  21   3   3   0   3  13  0.40 0.29
  190 G   -1 -2 -1 -2 -1 -3 -1  6 -5 -3 -3 -2 -1 -3  1  0 -2 -6 -6 -2    3   2   3   2   1   1   5  53   0   2   3   2   2   1   7   6   3   0   0   3  0.89 0.55
  191 E   -1  1  0  3  0  2  3 -2  0 -3 -3  0 -2 -3 -1  1  0 -5 -2 -1    5   7   5  14   2  11  21   2   2   1   3   4   1   1   3   9   5   0   1   4  0.32 0.29
  192 W   -3  0 -6 -7  1 -2 -6 -2  1 -3 -2 -4 -3  0 -7 -3 -2 11  2 -6    3   6   0   0   3   2   0   4   3   2   4   1   1   3   0   3   3  57   6   0  2.47 1.11
  193 F   -2 -2 -3 -5  1 -2 -3 -3  1  0  0 -5 -2  6 -2 -1 -3  3  5  0    4   3   1   0   3   2   1   3   3   5   9   0   1  30   3   5   1   4  18   6  0.74 0.45
  194 G    0 -1 -1 -1  2 -1 -3  5 -1 -5 -2  0 -1 -2 -1  1  0 -5 -5 -3    6   3   3   4   4   3   2  41   1   0   4   5   1   2   3  12   5   0   0   2  0.56 0.40
  195 P   -2 -6 -6 -1 -1 -1 -3 -4 -1 -3 -4 -6  1 -7  8 -2 -6  0 -7 -4    4   0   0   3   2   2   1   2   1   2   2   0   3   0  71   3   0   1   0   2  2.08 1.06
  196 S    2 -3  2 -2  1 -1 -1 -1  0 -3 -2 -2 -2 -2 -4  3  2  0  0 -2   14   1  11   1   3   3   4   4   2   2   5   2   1   2   0  28  12   1   3   2  0.38 0.36
  197 A    1  0 -2  0  0  2  0 -2 -1  0 -1 -1  0 -2  0  1  3 -4 -3 -1   12   5   1   6   2   9   6   2   1   5   6   3   3   1   4  11  19   0   1   4  0.17 0.22
  198 T    2 -1  0 -1  2 -2 -3  0 -3  1  0 -2  1 -3 -3  1  0 -4 -3  2   20   4   4   4   6   0   0   5   0   9   7   0   5   0   0  11   6   0   0  16  0.19 0.20
  199 A    2 -1 -2 -1  4 -1 -1 -1 -3  0 -1 -1  0 -1 -1  1  0 -3  0  1   23   3   0   4  12   3   4   5   0   4   4   3   3   3   3   9   4   0   3  10  0.18 0.18
  200 K   -1  0  0  0  2  0  0 -1  2  0 -1  0  2  1  0 -1  0  4  1 -1    5   5   5   5   5   5   5   5   5   5   5   5   5   5   5   5   5   5   5   5  0.09 0.08
  201 C    0  0  0  0  2  0 -1  0  1  0 -1  0  1  0  0  0  0 -2  1  0    6   6   5   6   5   5   0   6   5   6   6   6   5   5   6   6   6   0   5   6  0.03 0.08
  202 I    0  0 -3 -3  2  0  0 -2 -2  1  1 -1  1  0  0 -1  0  4  1  0    6   6   0   0   5   6   7   3   0  10  15   3   4   5   4   3   6   7   6   4  0.13 0.17
  203 Q    0  2  1  0  2  1  1 -1  0 -1 -1  2 -1 -3 -1  0  0 -3 -1 -1    6  10   7   5   6   7   9   4   2   4   6  13   2   0   2   6   5   0   2   3  0.12 0.14
  204 L    1  1 -1  0  0  0  0  0  1  0 -1  1 -1 -1 -1  0  0  0  0 -1   17  10   2   4   2   4   4   6   4   5   6  11   2   2   2   5   7   1   3   3  0.08 0.12
  205 L    0 -2 -2 -1  1  0 -2 -3 -1  1  3 -2  1  1 -2 -1 -1 -4 -2  0   10   2   2   4   4   5   3   2   2   6  36   2   3   5   1   4   2   0   1   7  0.27 0.26
  206 S    0 -2  0 -2  2  0  0 -2  1  1 -1 -1  1  0  1  1 -1  1 -1  1    8   2   5   2   5   4   6   2   4   8   6   3   5   5   7  10   4   2   1  13  0.09 0.13
  207 T    0  1  2  1 -1  0  1 -1  1 -1 -3  0 -2 -1 -2  1  0 -5 -2 -1    8   8  12   9   1   4  11   4   3   4   2   5   1   2   1  13   7   0   2   4  0.19 0.20
  208 Q    0  0  2  1  2  1  1 -1  2 -2 -2  0  0  1 -2  0 -1 -1  1 -2    9   4  10   8   4   8  10   4   4   2   2   5   2   7   2   7   3   1   5   2  0.15 0.17
  209 S   -1  0  0  0  2  0  0 -1  2  0 -1  0  2  1  0 -1  0  4  1 -1    5   5   5   5   5   5   5   5   5   5   5   5   5   5   5   5   5   5   5   5  0.09 0.08
  210 E    0  0  0  0  2  0  0 -1  1  0 -1  0  1  0  0  0  0 -2  1  0    5   5   5   5   5   5   5   5   5   5   5   5   5   5   5   5   5   0   5   5  0.03 0.05
  211 V   -1  0  0  0  2  0  0 -1  2  0 -1  0  2  1  0 -1  0  4  1 -1    5   5   5   5   5   5   5   5   5   5   5   5   5   5   5   5   5   5   5   5  0.09 0.08
  212 P    0 -1  1  0  3  0 -1 -1  0 -1 -2  0  0 -1  3  1  0 -4 -1 -1    8   3   6   5   6   3   4   5   3   3   3   5   3   3  14  11   4   0   3   4  0.13 0.17
  213 Q    0  0  0  0  2  0  0 -1  2  0 -1  0  1 -2  0  0  0  3  1  0    5   5   5   5   5   5   5   5   5   5   5   5   5   0   5   5   5   5   5   5  0.07 0.11
  214 L   -1  0  0  0 -3  0  0 -1  1  0 -1  0  1  0  0  0  0  3  1  0    5   5   5   5   0   5   5   5   5   5   5   5   5   5   5   5   5   5   5   5  0.06 0.08
  215 R   -1  0  0  0  2  0  0 -1  2  0 -1  0  2  0  0 -1  0  3  1 -1    5   5   5   5   5   5   5   5   5   5   5   5   5   5   5   5   5   5   5   5  0.03 0.09
  216 V    0  0  0  0  2  0  0  0 -1  0 -1  0  1  0  0  0  0 -2  1  0    5   5   5   5   5   5   5   5   0   5   5   5   5   5   5   5   5   0   5   5 -0.00 0.06
  217 Y   -1 -1 -1 -1  2 -1 -1 -2  3  0 -1 -1  0  0 -1  0  0 -3  3  0    4   3   3   4   6   3   3   3  10   7   6   3   3   4   3   7   5   0  12   8  0.10 0.19
  218 L   -1 -1  0 -1  1 -1 -2 -2  1  1  0  0  0 -1 -2  0  0  0  0  3    3   4   5   3   3   2   3   4   4   9   7   5   2   3   2   7   4   1   3  22  0.08 0.17
  219 T    2 -1  0  0  2 -1  0 -1  0  0 -1 -1  0 -1  0  0  0 -4 -1  1   20   2   4   4   5   2   5   3   2   5   6   2   3   3   4   7   6   0   2   9  0.06 0.15
  220 N    0 -1  1  1  1  1 -1 -1  0 -1 -1 -1  2 -2  0  1  0  0 -1  0    6   4   7   7   4   7   4   3   3   3   4   4   6   2   4  13   6   1   2   6  0.04 0.14
  221 D   -1 -1  0  3  1  0  0  0  1 -1 -1 -1  1 -1 -1 -1 -1 -4  0  0    5   3   5  22   3   5   5   6   3   3   5   3   5   3   3   4   4   0   3   6  0.12 0.20
  222 T    0  0  0  0  2  0  0 -1  1  0 -1  0  1  0  0  0  0 -2  1  0    5   5   5   5   5   5   5   5   5   5   5   5   5   5   5   5   5   0   5   5 -0.00 0.06
  223 S    0  0  0  0  2  0  0 -1  1  0 -1  0  1  0  0  0  0 -2  1  0    5   5   5   5   5   5   5   5   5   5   5   5   5   5   5   5   5   0   5   5 -0.00 0.06
  224 D   -1 -1  0  2  2  0  0 -1  0  1  0 -1 -2 -1  0  0  0 -3  0  1    4   3   3  12   5   3   4   4   3   8   8   3   0   3   4   5   5   0   3  15  0.03 0.12
  225 V   -1  0 -1  0  2 -1  0 -1  0  1  0  0  1  0 -1  0  0 -2  2  1    4   4   3   5   5   3   5   5   2   8   6   4   4   4   3   8   4   0   9  10  0.00 0.09
  226 Y   -2  0 -1 -1  2  0 -1 -2  1  1 -1  1  2  0 -1 -1 -1  2  3  0    4   5   3   4   4   4   4   4   3   7   5  10   6   4   3   4   4   2   9   6  0.08 0.12
  227 E    0  0  0  0  2  0  0 -1  1  0 -1  0  1  0  0  0  0 -2  1  0    5   5   5   5   5   5   5   5   5   5   5   5   5   5   5   5   5   0   5   5 -0.00 0.06
  228 D    0  0  0  0  2  0  0 -1  1  0 -1  0  1  0  0  0  0 -2  1  0    5   5   5   5   5   5   5   5   5   5   5   5   5   5   5   5   5   0   5   5  0.03 0.05
  229 K   -1  0  0  0  2  0  0 -1  2  0 -1  0  2  1  0 -1  0  4  1 -1    5   5   5   5   5   5   5   5   5   5   5   5   5   5   5   5   5   5   5   5  0.09 0.08
  230 F    0  0 -1 -1  0  0 -1 -1  1  1  0  0  1  1 -1  0  0  2  0  1    7   6   3   4   3   3   4   3   4   7  10   5   4   6   3   7   4   3   3  11  0.04 0.04
  231 A   -1  0  0  0  2  0  0 -1  2  0 -1  0  2  1  0 -1  0  4  1 -1    5   5   5   5   5   5   5   5   5   5   5   5   5   5   5   5   5   5   5   5  0.09 0.08
  232 H    0  0  0  0  1  1  1 -1  2 -1  0  0  1 -1  0  0  0 -4  0 -1    8   6   4   6   3   6   8   4   5   4  10   6   3   3   4   6   5   0   3   4  0.03 0.06
  233 V   -1  0  0  0  2  0  0 -1  2  0 -1  0  2  1  0 -1  0  4  1 -1    5   5   5   5   5   5   5   5   5   5   5   5   5   5   5   5   5   5   5   5  0.09 0.08
  234 A    0  0  0  0  2  1  0 -1  2 -1 -1  0  0  0  0  0  0  2  0 -1    8   6   4   4   5   6   6   4   6   4   5   5   3   4   5   6   7   3   4   4  0.08 0.09
  235 H   -1  0  0  0  2  0  0 -1  2  0 -1  0  2  1  0 -1  0  4  1 -1    5   5   5   5   5   5   5   5   5   5   5   5   5   5   5   5   5   5   5   5  0.09 0.08
  236 D    0  0  0  0  2  0  0  0  1  0 -1  0 -1  0  0  0  0 -2  1  0    5   5   5   5   5   5   5   5   5   5   5   5   0   5   5   5   5   0   5   5  0.00 0.06
  237 E   -1 -1  0  1  2  0  0  0  1 -1 -1 -1  0 -1  1  1  0  1 -1 -1    5   4   5   7   4   4   7   9   4   3   6   4   2   2   8  10   6   2   2   4  0.06 0.09
  238 S   -1  0  1  1  1  1  0 -1  2 -1 -1  0 -1 -1  1  0  0  1 -1 -2    5   6   7   7   3   6   6   5   5   4   5   6   2   2   8   8   7   2   2   3  0.09 0.10
  239 G    0 -1  0  1  2  1  0  1  1 -1 -2  0  0 -1  0  0  0  3 -1 -1    6   4   5   7   4   5   7  11   4   3   4   5   3   3   5   7   6   4   3   4  0.08 0.09
  240 R   -1  0  0  0  2  0  0 -1  2  0 -1  0  2  1  0 -1  0  4  1 -1    5   5   5   5   5   5   5   5   5   5   5   5   5   5   5   5   5   5   5   5  0.09 0.08
  241 I    0  0  0  0 -1  0 -2 -2 -1 -1 -1  0  0  1  1 -1  1  7 -1  0    7   5   4   5   1   3   3   3   2   4   5   5   2   7   6   5   8  16   1   6  0.31 0.26
  242 Q    0  2  0 -1  0  1  0 -1  0 -1 -1  2  0 -1  0  0  0 -3  0 -1    8  11   4   3   3   5   6   5   2   2   6  16   2   3   4   6   5   0   3   5  0.09 0.11
  243 P    0 -1  0 -1  2 -1  0 -1  1 -4 -1 -1 -1 -1  5  1  0 -4 -1 -2    7   3   4   3   4   3   6   5   4   0   6   3   2   3  29  10   4   0   2   3  0.43 0.34
  244 T   -1 -1 -3 -2  2 -1 -2 -2 -4  2  2 -2  1  0 -1 -1  1  1 -3  3    4   3   0   3   4   3   3   3   0  11  20   3   3   3   3   3   8   2   0  21  0.21 0.22
  245 L    0  0  0  0  2  0  0 -3 -2  0 -1  0  1  1  0  0  0  3  1  0    6   6   5   6   5   5   6   0   0   6   6   6   5   5   6   6   6   5   5   6  0.08 0.12
  246 I    0  0  0  0  2  0 -1  0  2  0  0  0  1  1 -2  0  0 -2  1  0    6   6   6   6   6   6   0   6   6   6   6   6   6   6   0   6   6   0   6   6  0.04 0.09
  247 L   -3 -3 -4 -2  1 -2 -2 -2  0  1  4 -2  2  1  0 -2 -2  0 -1  0    0   1   0   3   3   1   3   3   2   6  43   3   5   7   4   3   2   1   1   7  0.41 0.33
  248 I   -1 -4 -1 -1  2 -2 -2 -4 -4  4  1 -2  1 -1  1 -2 -1  2 -3  3    4   0   3   4   4   2   2   0   0  27  11   2   3   3   7   2   3   3   0  18  0.38 0.30
  249 G   -1 -1 -1 -2  4 -1 -1 -1  1 -1 -1 -2  0 -5  6  0 -1 -5 -1 -2    4   3   3   2   8   3   3   6   3   3   6   2   2   0  36   6   4   0   2   3  0.67 0.45
  250 T    0 -1 -2 -3  2 -1 -2 -2  1  0  2 -1  1  0  1  0  0  2 -2  1    8   4   2   0   5   3   2   2   5   4  21   3   3   3   6   6   7   3   0  14  0.13 0.17
  251 R   -1  3  0 -3  1  0 -1 -1  1 -1  1  0  2 -1 -1 -1  0  2  0 -1    5  22   4   0   3   3   4   6   3   3  13   5   5   3   4   3   5   3   3   4  0.17 0.19
  252 L   -1  0 -4 -4  2 -3 -1 -1 -4  1  3 -3  1  0  0  0 -1  3  0  0    4   7   0   0   4   0   4   5   0   7  32   0   3   4   5   7   4   5   3   5  0.29 0.25
  253 G    0 -2  1  1  3  1  1  0 -2 -2  0 -1  1 -2  1  1  1 -3 -2 -2    8   0   8   8   8   8   8   8   0   0   8   0   8   0   8   8   8   0   0   0  0.14 0.13
  254 I    0  0  0 -2  2  0  0  0  1  0 -1  0  1  0  0  0  0 -2  1  0    6   6   5   0   5   5   6   6   5   6   6   6   5   5   6   6   6   0   5   6  0.04 0.08
  255 D   -2 -1  2  4  0  0  3 -1  1 -3 -4 -1 -2 -2 -2  2 -1  0 -4 -3    3   3   8  23   2   3  17   5   3   2   1   3   1   2   2  15   4   1   0   2  0.42 0.36
  256 N   -1  2  1  0  0  0  1 -1  1 -2 -2  2 -1  0 -1  1  0  0 -1 -2    3  10   6   4   2   4   8   5   3   2   2  17   1   4   2  10   7   2   2   3  0.14 0.18
  257 V   -1 -1 -1 -2  0 -2 -1 -2  0  3  1 -1  1  2  0 -1 -1 -3 -2  2    2   3   4   2   2   0   3   2   2  23  14   4   3   8   5   3   4   0   0  13  0.17 0.20
  258 T   -1 -1  5  0 -4  0  1 -1  1 -1 -2 -1  0 -1 -1  0  0 -4  0 -3    3   3  37   5   0   3   7   4   3   4   3   4   3   3   4   5   5   0   3   0  0.45 0.37
  259 P    0 -1  0  0 -3  0  1 -1  0 -1 -1  0  0 -3  4  0 -1 -4  0 -1    9   3   3   6   0   5  10   4   3   4   6   4   3   0  22   5   3   0   3   5  0.26 0.21
  260 A    0  0  0  0  2  0  0 -1  1  0 -1  0  1  0  0  0  0 -2  1  0    5   5   5   5   5   5   5   5   5   5   5   5   5   5   5   5   5   0   5   5  0.03 0.05
  261 Y   -3 -2 -1 -2  1 -1 -2 -3  1 -2 -3 -2  1  1 -2 -2 -2 -6  8 -2    3   3   3   3   3   3   3   3   3   3   3   3   3   6   3   4   3   0  43   3  1.19 0.68
  262 W   -2 -2 -1 -1  1  0 -2 -2  2  1 -2 -2  0  3 -2 -2 -1  5  5 -1    4   3   3   3   3   4   3   3   4   8   4   3   3  11   3   4   5   6  19   5  0.47 0.30
  263 D   -1  0  1  2  1  1  1 -2  1 -1 -2  1  0 -1  3 -1 -1  2 -1 -2    6   4   6   9   3   5  10   4   3   3   4   8   3   3  13   5   5   2   3   3  0.17 0.17
  264 G   -1  0  0  0  2  0  0 -1  2  0 -1  0  2  1  0 -1  0  4  1 -1    5   5   5   5   5   5   5   5   5   5   5   5   5   5   5   5   5   5   5   5  0.09 0.08
  265 L    0 -1 -1 -2 -2  1 -1 -2 -2  1  1  0  2  1 -2  0 -1 -2 -1  1   10   0   0   0   0   9   1   1   0  10  10  10   9   9   0  10   1   0   0  10  0.02 0.09
  266 R   -1  0  0  0  2  0  0 -1  2  0 -1  0  2  1  0 -1  0  4  1 -1    5   5   5   5   5   5   5   5   5   5   5   5   5   5   5   5   5   5   5   5  0.09 0.08
  267 A    1  0  0  1  0  0  1 -1  1  0 -1  0  1 -1 -2  0  0 -3 -1  1   13   6   3   7   2   4  12   3   3   5   4   6   4   2   0   8   4   0   2  11  0.06 0.10
  268 A   -1  1 -2 -1  3  0 -2 -1  0  1  1  0  1  0 -3  0  0  3  1  0    4   8   0   5   7   5   0   3   3  11  12   6   5   3   0   7   5   4   7   4  0.09 0.14
  269 L    0  0  0 -1 -3 -2 -1  0 -2  0  2 -1  2  3 -3 -1 -1 -2  1  0    6   6   5   3   0   0   4   7   0   4  22   4   6  16   0   4   3   0   4   5  0.13 0.17
  270 T    0  1  0  0  1  1  0 -1  1 -1 -1  0  1 -1 -1  1  1 -3  0 -1    8   8   5   4   3   7   5   5   4   3   4   7   4   3   3  13   9   0   3   3  0.08 0.12
  271 Y   -1 -1 -1 -1  2  0 -1 -4  2  0  1 -1  3  2 -4  0  0  3  1  0    4   3   3   4   5   4   3   0   6   6  17   3   9  10   0   6   5   4   3   5  0.19 0.20
  272 P   -2  0 -1  0 -5  0  1 -3  0 -2 -3  1  0  0  5  0 -1 -5 -1 -2    3   5   3   4   0   3  10   2   2   2   3  10   2   4  34   6   3   0   2   3  0.60 0.44
  273 Q   -2 -2  0 -3  2  5  0  0  2 -4  0 -1  0  1 -2  1 -1  1  1 -3    3   2   5   0   4  27   5   7   5   0  12   2   2   5   2  10   3   2   5   2  0.35 0.35
  274 S   -1 -2  0 -5  7 -2 -4 -1 -4 -2 -2 -4 -1  3 -5  4  1 -5 -1 -4    4   2   5   0  28   2   0   4   0   2   4   0   2  11   0  28   7   0   2   0  0.97 0.60
  275 V   -1 -1 -4 -5  2 -1 -4 -3 -5  3  3 -3  2 -3 -5 -1 -1 -4 -1  4    4   3   0   0   4   3   0   2   0  16  25   2   5   0   0   4   3   0   2  27  0.53 0.35
  276 G   -2 -5 -2  0  0 -5 -5  6 -5 -6 -4 -2 -6 -6 -1 -1 -5  3 -6 -6    2   0   2   4   2   0   0  71   0   0   2   2   0   0   4   4   0   4   0   0  1.56 0.73
  277 I   -2 -2 -5 -5  1 -2 -3 -3 -5  5  1 -1  3  2 -2 -3 -1 -1 -3  1    3   2   0   0   3   2   1   2   0  41   9   4   7   8   2   2   3   1   0   9  0.63 0.39
  278 A    2 -2 -3 -4 -1 -3 -4 -1  0  4  0 -3  2 -2 -2  0 -2 -4 -1  2   15   2   1   0   1   0   0   4   2  31   7   0   5   1   2   8   2   0   2  15  0.42 0.31
  279 G    0  1  1 -1  3 -1  0  1 -1 -1  0 -1 -1 -2 -2  1  1 -3 -2  0   10  10   9   0   9   0  10  10   0   0  10   1   0   0   0  10  10   0   0  10  0.09 0.09
  280 G   -2 -2  0 -1 -5 -4 -2  6 -4 -2 -5 -4 -5 -5  0 -1 -4 -5 -5 -5    3   2   4   3   0   0   2  71   0   3   1   0   0   0   5   4   0   0   0   0  1.43 0.62
  281 R   -2  5  0 -1 -1  0  0 -3  0 -2 -1  4 -1 -2 -4 -1 -1 -4 -2 -2    2  34   3   4   1   3   5   2   2   3   5  24   1   1   0   3   3   0   2   3  0.58 0.35
  282 P   -2 -1 -2 -2 -5  0 -2 -2  0 -3 -2  0 -4 -5  7  0  0 -5 -5 -3    3   3   2   2   0   4   2   4   2   1   4   6   0   0  50   8   7   0   0   2  1.07 0.52
  283 S    0  1  2  0 -1  0 -1  1  0 -3 -2  1 -2  0  0  1  0  1 -1 -3    6  10  12   5   2   3   2  11   3   1   3  11   0   4   3  13   6   2   1   0  0.15 0.15
  284 A    0  1  0  0 -3  1 -2  0  4 -2 -2  1  1 -1 -3  2  0 -4 -1 -2    8   9   5   4   0   6   0   5  11   2   3  11   4   2   0  22   5   0   1   1  0.25 0.23
  285 S    4  0  0 -3  0 -3 -3 -1 -3 -4 -2 -3 -3 -4  0  4 -2 -5 -4 -2   37   6   4   0   2   0   0   3   0   0   4   0   0   0   5  33   0   0   0   3  0.69 0.45
  286 H   -2  0 -3 -4  3 -2 -2 -2  4  0  2 -3  1  1 -4 -2  0 -2  4 -1    2   7   0   0   6   1   2   4  13   3  24   0   3   6   0   2   5   0  15   4  0.37 0.27
  287 Y   -4  0  0 -4 -2 -4 -4 -2  0 -1 -2 -4 -3  3 -5 -1 -1  3  8 -3    1   5   5   0   1   0   1   3   1   3   3   0   0  10   0   4   3   4  51   1  1.20 0.55
  288 F    0 -2 -2 -2  3 -2 -2 -2 -2  1  1 -2  2  1 -2  0  1 -1  2  1    9   0   0   0   8   0   1   1   0   9   9   0   9   9   0   9   9   0   9   9  0.08 0.11
  289 V    0 -2 -2  0  2 -2 -2 -2  0  1  0 -2  1  1  0  0  0 -2  0  2    6   0   0   7   5   0   0   1   4  10   7   0   4   8   5   9   5   0   4  17  0.04 0.12
  290 G    0 -2  0  0 -3  0 -2  5 -2 -3 -3 -1 -3 -3 -2  0  0  2 -3 -3    9   0   5   4   0   4   1  49   0   0   1   4   0   0   0   6   6   3   0   1  0.51 0.27
  291 A   -1  0 -1 -1  2 -1 -2 -2  1  0 -1 -1  0  4 -3  0 -1  2  3  1    4   5   2   3   5   2   2   2   3   6   3   2   2  19   1   7   4   3  10  11  0.16 0.16
  292 Q   -1  0  0  0  2  0  0 -1  2  0 -1  0  1  0 -3  0  0  3  1  0    5   5   5   5   5   5   5   5   5   5   5   5   5   5   0   5   5   5   5   5  0.06 0.10
  293 D    0  0  1  0  2  1  0  0  2  0 -1  0 -2 -2  1  0  0  3 -2 -2    6   6   6   6   6   6   6   6   6   6   6   6   0   0   6   6   6   6   0   0  0.11 0.13
  294 C   -1  0  2  5  0  1  1  0  0 -4 -2  0 -3 -4 -1  0  0 -4 -1 -2    4   4   9  33   2   5   7   7   2   0   3   4   0   0   2   6   5   0   2   2  0.41 0.31
  295 H   -1  1  2  0  0  2  1 -1  3 -3 -2  1 -2  0 -3  1 -1  1  1 -2    3   6   9   5   2   9  10   5   9   0   3  12   0   4   0  12   3   2   6   2  0.20 0.21
  296 L    0  0  0 -2  2  0 -2  0 -2  0  0 -1  1  1  1  0  0 -2  1  0    7   7   7   0   6   7   0   7   0   7   7   0   6   6   7   7   7   0   6   7  0.06 0.12
  297 F   -1  0 -2 -3  1  0 -1 -3  1  2  1  1  1  3 -3 -2 -1 -2  2  0    4   7   0   0   3   4   4   0   4  19  11  10   4  14   0   0   4   0   7   5  0.16 0.18
  298 F   -1 -2 -1 -2  1 -3 -3 -1  1  1  0 -3  1  3 -4 -2 -1 -1  6  0    5   2   3   3   4   0   0   6   4   9   6   0   3  11   0   3   3   0  32   6  0.44 0.31
  299 L   -2 -3 -1 -4 -3 -3 -4 -1 -1  0  5 -2  1  1 -4 -2  0 -3 -1 -1    2   0   3   0   0   0   0   5   2   4  60   3   3   4   0   2   5   0   2   3  0.58 0.37
  300 D   -3 -4  0  7 -5 -3  1  0  1 -1 -5 -3 -4 -5 -4  0 -1 -5 -4 -4    1   0   3  62   0   0   7   7   4   4   1   0   0   0   0   7   3   0   0   0  1.22 0.49
  301 P   -3 -4  1  0 -5 -3 -3 -4 -4 -4 -1  0 -4 -5  7 -3 -3 -5 -5 -1    1   0   7   7   0   0   0   1   0   0   7   7   0   0  64   0   0   0   0   4  1.61 0.58
  302 H    0  1  2 -3 -5 -2 -3 -4  9 -5 -3 -2  0 -4 -2 -1 -1 -4  0 -4    7   7  10   0   0   0   0   1  54   0   3   2   2   0   2   4   3   0   2   0  1.42 0.55
  303 T   -1 -1  1  1  0  0 -1 -2  3  0  0 -1 -1  1 -2  0  0  0  2  1    4   2   8   8   2   3   3   2   9   6   7   2   1   7   0  10   6   1  10  11  0.09 0.11
  304 T    1 -2 -1  2  4 -1 -1 -2 -3  0 -1 -1 -1 -3  1  0  1  0 -1  2   11   2   2  12  12   2   4   1   0   4   4   2   2   0   6   7  11   1   1  17  0.19 0.16
  305 R   -2  3 -2 -3  0  5  1 -4  2 -2 -3  1 -1 -2 -4 -2  0 -1 -2  0    2  15   2   0   2  31   9   1   5   2   2   8   1   1   0   2   6   1   1   8  0.57 0.33
  306 P   -1 -1 -1  1 -1  3  1 -2  1 -3 -2  0 -1 -3  5 -1  0 -4  0 -3    3   3   2   8   1  12   7   2   4   1   4   6   1   1  29   3   5   0   4   2  0.50 0.29
  307 A    3 -2 -1 -2  0 -2  0 -2  3 -2 -3 -2  0  1  1  0  1 -4  0  0   29   2   2   2   2   1   6   2   7   1   1   2   3   7   6   8   9   0   4   8  0.27 0.23
  308 T    0  0 -1 -3  2 -2 -3 -2 -2  2  0 -1 -1 -1 -2 -1  0  3 -1  3   10   6   3   0   4   1   1   2   1  10  10   4   1   2   2   4   7   4   2  25  0.22 0.18
  309 L   -1 -1  2  1 -2 -1  0 -2 -2 -1  1 -1 -1 -1  2  0  1  3 -2 -1    5   3  10   9   1   3   6   2   1   4  14   3   2   2  11   5  10   4   1   4  0.14 0.13
  310 Y   -1  0 -1 -1 -1 -1 -1 -1 -1  2  1 -1  0  1  0  0  1  0  0  1    3   4   2   3   1   2   4   4   1  13  14   3   2   6   4   6   9   1   4  12  0.07 0.07
  311 R   -1  1  0  2 -1  0  2  0  1 -1 -2  0 -1 -1  0  1  0 -3 -2 -2    4   9   4  11   2   3  12   8   3   5   4   7   1   2   4  12   4   0   1   3  0.12 0.10
  312 P   -1  0  0  2 -1  0  1 -1  0 -1  0  0 -1 -2  3  0 -1 -3 -2 -1    6   4   5  13   1   4   9   5   2   3   9   7   1   2  13   7   4   0   1   3  0.15 0.11
  313 D   -1 -1  1  4 -1 -1  0 -2  0 -1 -1  0 -1 -3  1  1 -1 -1 -1  0    3   3   6  24   1   2   5   3   3   3   6   5   1   1   8  10   4   1   2   7  0.25 0.19
  314 G   -1 -1  1  0  1  0  0  0  0 -1 -2 -1  1 -1  1  1  1  0 -1  1    5   3   6   5   3   4   6   9   2   4   4   3   3   3   6  10   9   2   2  10  0.07 0.08
  315 L    0  0  0  1  1  0  0 -1  1 -1 -1  0  1  1  0  1  1  2  0 -1    7   4   5   8   3   4   6   5   3   3   6   5   4   5   5  10   7   3   3   4  0.05 0.06
  316 Y   -1  0  1  0  2  1  0 -2  0  0 -1  0  0  1  1  0  0  1  3 -1    5   4   6   5   4   6   6   3   2   6   6   5   3   5   6   6   5   2  10   4  0.09 0.09
  317 T   -1 -1  0  1  1 -1  0  0  1 -1 -2  0  1  0  0  1  2  2  0 -1    5   4   4   7   3   3   6   6   4   4   4   6   4   4   5  11  11   3   3   4  0.08 0.10
  318 Q   -1 -1  1  2  1  2  1 -2  2  0 -2  0  0 -1  0  0 -1  2  0 -1    4   4   7  11   3   8  10   4   4   5   4   6   3   3   4   7   4   3   3   4  0.14 0.14
  319 E    0 -2 -1  1  0  0  2 -3  0 -1 -2 -1  0  4 -1  0 -1  0 -1 -1    8   2   3   8   2   4  14   3   3   3   3   4   2  18   4   6   3   2   2   4  0.30 0.23
  320 E   -2 -2  1  4 -1  0  1 -3  0 -3 -3 -2  0  0  3  0 -1 -6  0 -2    4   3   6  23   2   4  10   2   2   2   3   3   2   4  14   7   4   0   3   3  0.44 0.33
  321 L   -1  0  0  0  2  0  0 -1  2  0 -1  0  2  1  0 -1  0  4  1 -1    5   5   5   5   5   5   5   5   5   5   5   5   5   5   5   5   5   5   5   5  0.09 0.08
  322 D    0  0  0  2  1  0  0 -1  2 -2 -2  0 -5 -1 -1  2  1  2  0 -2    8   5   5  10   3   5   7   5   4   3   4   5   0   3   4  13   7   3   3   3  0.14 0.15
  323 S   -2 -5 -1 -1  2  0 -1 -2  0 -6 -3 -2 -5 -6 -1  5  4 -6 -1 -2    3   0   3   3   3   4   4   3   2   0   3   3   0   0   3  36  25   0   2   3  0.80 0.60
  324 Y   -3 -3 -6 -2  3 -6 -3 -6  1  0 -1 -6  0  5 -6 -6 -2  2  7 -1    2   2   0   2   5   0   2   0   3   5   6   0   2  24   0   0   3   2  35   4  1.30 0.64
  325 Y   -4  0 -5 -1  0  0 -3 -3  9 -3 -6 -2 -6  2 -2 -2 -2 -6 -1 -4    2   6   0   3   2   4   2   3  55   2   1   2   0   7   2   3   3   0   2   2  1.83 0.85
  326 T   -2 -3 -2 -4  9  0 -1 -3 -6 -3 -4 -3 -2 -3  1  1  3  2 -3 -3    3   1   2   1  38   5   4   3   0   1   2   2   1   1   6   9  15   3   1   2  1.27 0.66
  327 S   -1  0  0  1  1  1  1 -1 -1 -2 -1  1  0 -1  1  1  1 -1 -2 -2    4   6   4  10   3   5   7   4   2   2   5  10   2   3   8  13  10   1   1   2  0.14 0.16
  328 R   -2  2  1  0 -1  0  0 -3  2  0 -3  2 -2 -1 -1  1  1 -1  1  0    3  13   6   6   1   5   5   2   4   6   2  11   1   3   3  10   8   1   6   7  0.16 0.17
  329 L    1 -3 -5 -6  0 -3 -6 -6 -2  2  1 -4 -1 -1  5 -4 -3  1 -1  2   10   1   1   0   2   1   0   0   1  11  13   1   1   3  33   1   1   2   3  15  0.85 0.53
  330 R   -3  6  0 -3  1  2 -3 -2  1 -4 -1  2  0 -2 -2  0 -2 -1 -3 -4    2  37   4   1   3   8   2   3   3   1   7  11   2   2   2   7   2   1   1   1  0.74 0.49
  331 R   -3  4 -3 -4  0 -2 -3 -4  2 -4 -2  5  0 -3 -4  1  1 -1 -2 -1    2  20   1   1   2   1   1   1   4   1   4  29   2   1   1  11  10   1   1   4  0.69 0.47
  332 I   -1 -1 -1 -4  1  0 -1 -4 -4  2  2 -1  6  0 -4 -1  0 -4  0  1    4   3   3   0   4   3   3   0   0  12  15   3  23   4   0   4   5   0   3   8  0.42 0.33
  333 H   -1  0  1  1  1  0 -1 -1  4 -4 -2  0  0 -1  4  0 -1  2  0 -3    6   5   8   7   3   3   4   3  10   0   3   5   3   3  20   7   4   3   3   0  0.32 0.25
  334 I   -2 -3 -3 -3  0 -2 -3 -2 -4  4  2 -3  2  3 -2 -2 -1  3  0  1    4   1   1   2   2   2   1   3   0  26  17   1   6  13   2   3   3   4   3   7  0.41 0.30
  335 K    0  0  0  2 -1  0  1  0  1 -1 -2  1 -1 -2 -1  2  0 -4 -2 -2    8   5   3  10   1   4   7   6   3   4   3   9   1   1   2  21   6   0   1   2  0.15 0.19
  336 D   -1  2  1  2 -1  1  2 -1  0 -4 -3  2 -1 -4 -3  1  0 -5 -2 -3    4   9   6  11   1   7  16   4   2   0   3  13   2   0   0  12   4   0   2   1  0.31 0.29
  337 M   -2 -5 -5 -6  1 -2 -5 -6 -5  3  4 -5  6 -1 -5 -3 -2 -5 -1  1    3   0   0   0   3   2   0   0   0  18  38   0  19   2   0   2   2   0   2   7  0.99 0.53
  338 D   -5 -5  1  7  1 -1  0 -2 -1 -6 -6 -4 -6 -6 -5 -1 -4 -6 -6 -6    0   0   6  70   3   3   5   3   2   0   1   0   0   0   0   5   0   0   0   0  1.81 0.77
  339 P   -3 -3 -3 -5 -1 -2 -5 -3 -5 -3 -4 -5 -5 -6  8  1  0 -6 -6 -5    2   2   1   0   1   2   0   2   0   2   2   0   0   0  66  13   6   0   0   0  1.87 0.81
  340 S   -3 -3  0 -2  3 -4 -4 -3 -4 -5 -4 -4 -5 -5 -4  7  0  0 -5 -5    1   1   4   2   6   0   0   2   0   0   2   0   0   0   0  75   4   1   0   0  1.53 0.74
  341 M   -2 -4 -2 -3  6 -1 -4 -5 -4  2  2 -3  6  1 -5 -2 -3 -4 -3  1    2   0   2   2  15   2   0   0   0  11  22   2  24   6   0   4   0   0   0   7  0.81 0.43
  342 L    3 -2 -2 -3  2 -3 -1 -1 -3 -1  2 -3  1 -1 -3  1  2 -4 -3  0   29   2   1   0   5   0   4   4   0   1  19   0   3   2   0   9  14   0   0   6  0.30 0.27
  343 I   -1 -4 -3 -2 -2 -1 -1 -5 -4  3  4 -4  1  2 -4 -2 -2 -3 -2  2    4   0   1   2   1   3   4   0   0  18  38   0   2   8   0   3   1   0   0  14  0.50 0.31
  344 G    0 -3 -3 -4  3 -4 -4  6 -4 -5 -5 -4  1 -3 -1 -1 -3 -5 -5 -2    7   1   0   0   7   0   1  64   0   0   0   0   4   1   3   4   1   0   0   3  1.20 0.55
  345 F   -4 -3 -5 -5 -2 -5 -1 -5 -4 -1 -1 -5  0  8 -5 -2 -4 -2  2 -1    0   1   0   0   1   0   5   0   0   3   5   0   2  67   0   3   0   0   5   4  1.56 0.62
  346 L   -2 -3 -3 -5 -1 -3 -4 -3 -1  0  2 -4  1  3 -5 -2 -3 -2  7  0    3   1   1   0   1   1   0   1   1   5  22   0   4  11   0   2   1   0  39   6  0.86 0.46
  347 V   -1 -3 -5 -5  7 -4 -5 -4 -4  3  1 -3 -1  2 -4 -3 -2 -2 -2  2    5   1   0   0  31   0   0   1   0  20  14   1   1   9   0   1   1   1   1  12  0.88 0.43
  348 K    0  4 -1 -1 -1  1  1 -1  1 -3 -2  3 -2 -4  0  0 -1 -4 -2 -3    7  24   2   2   1   6   8   4   3   2   3  20   1   0   4   8   3   0   1   0  0.35 0.25
  349 D   -2 -2  4  3 -2 -2  0 -1 -1 -4 -5 -2 -4 -3 -4  3  3 -5 -4 -4    1   1  22  19   1   1   4   4   2   0   0   2   0   1   0  21  21   0   0   0  0.69 0.43
  350 E   -1  2 -1  0  0  1  3 -2 -1 -2  0  2 -1 -2  0 -1 -2  0 -1 -1    4  11   2   3   3   6  23   2   1   2   9  14   1   2   5   3   1   1   2   4  0.21 0.19
  351 D    2 -1  0  2 -3  2  3 -1 -1 -3 -2  0 -2 -4  0  0 -1 -4 -2 -3   16   3   5  14   0   8  24   3   1   1   3   6   1   0   4   7   2   0   1   1  0.35 0.27
  352 D   -2 -1  0  5 -5  0  4 -3 -2 -4 -4 -3 -2 -4 -4  0 -2 -6 -5 -4    3   3   4  41   0   3  29   2   0   1   1   0   1   1   0   8   2   0   0   1  0.97 0.52
  353 W   -2 -4 -5 -5  0 -2 -4 -5 -4  0  2 -4  1  6 -2 -4 -3  6  3 -2    3   0   0   0   2   2   1   0   0   4  23   0   3  35   2   0   1  11  10   1  0.98 0.47
  354 A   -1  1  1  3 -1  1  3 -2  0 -1  0  0 -1 -2 -3 -1 -1 -2 -2 -1    4   6   7  21   1   5  20   2   2   3   9   5   1   2   0   4   3   0   1   3  0.26 0.21
  355 D   -1  0  1  5 -3  1  2 -2  0 -3 -3  0 -1 -4 -1  1 -1 -5 -3 -3    4   4   6  33   0   6  11   2   2   1   3   4   2   0   3  13   3   0   1   2  0.48 0.31
  356 W   -3 -5 -5 -4 -4 -2 -5 -5 -4 -1  4 -4  0  5 -5 -4 -2  7 -2 -2    2   0   0   1   0   2   0   1   0   2  39   1   2  29   0   1   3  14   0   2  1.14 0.53
  357 K   -1  1 -3 -3  7  0  0 -3 -2  0  0  1  1 -1 -3 -1  0  1 -1  0    4   8   1   1  24   4   7   1   0   7   8  10   3   2   1   5   5   2   2   7  0.40 0.27
  358 K    0  2  0  1 -2  2  2 -2  0 -1 -2  2 -1 -3 -1  1  0 -4 -2 -2    8  11   3   7   1  11  16   2   2   4   3  11   1   0   2  10   6   0   1   3  0.23 0.20
  359 R   -1  4  0  1 -1  2  1 -2  1 -3  0  0 -2  0 -4  1 -1 -1 -2 -2    3  22   5   8   1   9   8   2   4   1  10   5   0   5   0   9   4   1   1   2  0.25 0.24
  360 I    0 -5 -2 -5  1 -4 -3 -5 -1  3  3 -4  3  0 -5 -2 -2 -3 -2  3    8   0   2   0   3   0   1   0   1  18  30   0   8   3   0   2   1   0   1  21  0.59 0.36
  361 R   -1  2  1  0 -3  2  1 -2 -1 -3 -2  3  0 -2  0  1  0 -4 -3 -2    4  12   6   4   0   9  10   2   1   1   3  19   2   2   4  10   6   0   0   3  0.27 0.23
  362 S    0  0  1  0 -3  1  2 -1  2 -4 -4  3 -2 -5 -1  2  0 -5 -2 -3    6   5   8   6   0   7  14   5   5   0   1  17   1   0   3  15   5   0   1   2  0.33 0.27
  363 T    0 -1  0 -2 -1 -1  0 -2 -2  1  2 -1  2  0 -2  1  0 -3 -1  1    7   3   4   2   1   1   7   2   1   6  21   3   7   3   2  13   6   0   1  11  0.12 0.14
  364 P    0 -1  2 -1 -1  1  1 -1 -1  0 -2  1 -1 -2  2  1  1 -4 -2 -1    5   3  11   2   1   7   8   3   1   5   3  11   2   1  10  12   7   0   1   4  0.17 0.17
  365 G    1  0  1  0 -2  0  0  2  0 -2 -1  2 -2 -2 -1  1 -1 -4 -3 -3    9   5   7   5   1   3   7  19   2   2   6  12   0   1   2  14   3   0   0   1  0.20 0.18
  366 Q    0 -1  0 -1 -1  1 -1 -2 -1 -1 -1  2 -1  0  2  1 -1 -2  2 -2    8   3   4   4   2   8   2   1   1   4   7  15   1   3   9  13   3   0   9   1  0.16 0.18
  367 P   -1 -1 -1 -2 -2  0 -1 -2 -1 -3 -2  0 -3 -2  6  0 -2 -2 -3 -3    6   3   3   2   1   4   4   4   1   1   4   7   1   2  47   7   2   1   1   2  0.97 0.49
  368 I   -3 -3 -2 -3 -4 -3 -3 -4  0  4  3 -2  4  0 -2 -2 -3 -3 -2  1    2   1   2   2   0   1   2   1   3  22  34   2  10   4   2   2   1   0   1   8  0.57 0.33
  369 V   -3 -3 -3 -4  1 -3 -5 -5 -2  2  1 -3 -1  7  0 -3 -3 -4  0  1    2   1   1   1   3   1   1   1   1  12  11   2   1  44   4   2   2   0   2   8  0.98 0.48
  370 H   -2 -1 -1 -1 -1 -1  3 -4  5 -1 -3 -3 -2 -1  1  2  3 -5 -2 -3    2   4   2   3   1   2  18   1  15   4   2   1   1   3   6  14  19   0   1   2  0.51 0.38
  371 I   -4 -5 -4 -4 -5 -4 -4 -6 -6  5  1 -4  2  2 -5 -3 -3 -5 -4  4    1   1   1   1   0   1   1   0   0  34  13   1   5  10   0   2   1   0   0  27  1.00 0.50
  372 F    0  0 -2 -2  1 -1  0 -3  1  0  0 -2  1  3 -3  0  1 -1  1  1    7   4   1   1   3   2   5   1   4   6  11   2   4  13   1   8  12   1   4  10  0.14 0.15
  373 P   -1 -2  1  3 -2  0  3 -3 -2 -1 -2 -1 -1 -2  2  1 -1 -2 -1 -1    5   2   5  16   1   4  18   1   1   3   3   3   1   2  12  12   3   0   3   4  0.30 0.24
  374 S    0 -1 -1  0 -2  0  1  1  1  0 -2  1 -2 -2 -1  1  1 -3 -3  1    8   3   3   5   1   4  10   9   4   4   2   8   0   2   3  13  10   0   0  11  0.11 0.13
  375 Q   -1  3  1  2 -2  3  2 -1  1 -4 -4  2  1 -4 -3 -1 -1 -5 -2 -3    4  16   6  11   1  15  14   4   3   1   1  11   3   1   1   3   4   0   1   1  0.42 0.30
  376 H   -1  2  1  0 -5  1  0 -3  3 -3 -3  0 -4  0  4  0  0 -1 -1 -3    6  11   6   6   0   7   7   1   7   1   2   6   0   4  21   5   5   1   2   2  0.38 0.27
  377 Q    0  2  0 -1  0  2  2 -2  1 -2 -1  1 -1 -3  0  0  1 -4 -3 -2    7  10   4   2   2  11  15   3   4   2   5   9   1   1   5   8   9   0   1   3  0.20 0.19
  378 P    0 -2 -2 -1 -5 -3 -1 -3 -4 -3 -2 -3 -1 -2  7 -1 -1 -2  0 -1    7   2   2   4   0   1   4   2   0   1   4   1   2   2  50   5   4   1   3   5  1.08 0.57
  379 D    0 -2 -1  4 -2 -2  1 -2 -3 -2 -3 -1 -1 -2  2  2 -1 -3 -1  0    8   2   3  25   1   2   7   3   0   2   2   3   2   2  10  18   2   0   2   6  0.37 0.29
  380 H   -1  0  0  0  0 -1  1 -3  4 -2 -1 -2 -3  1 -2  0 -1  2  5 -1    4   5   4   5   2   3  11   2  11   2   5   2   0   6   2   6   3   3  20   4  0.37 0.27
  381 G    0 -3 -1  0 -1  0  1  2  0 -2 -2 -2  0  0 -2  1  1  6  1 -1    6   1   2   4   1   5  10  18   3   2   3   1   2   3   1   9   7  12   4   5  0.32 0.25
  382 H   -1  0  2  1 -4  1  2 -1  3 -3 -2 -2 -1 -2  2  2 -1 -5 -2 -2    4   6   9   7   0   6  11   4   8   1   4   1   1   2  11  17   3   0   1   3  0.29 0.25
  383 G    0 -1  1  2 -1  0  1  2 -1 -1 -3 -1 -2 -2 -1  1  0 -3 -1 -1    7   3   8  14   1   4  10  15   1   4   2   3   1   1   2  11   5   0   2   4  0.18 0.16
  384 R   -1  2  0  2 -2  1  1  0 -2 -1  0  0 -2 -2 -2  1 -1 -4 -1  0    5  14   4  14   1   6   8   6   0   3   9   4   0   2   1  11   3   0   3   6  0.15 0.16
  385 A    0 -2  0  3 -1 -1  2 -1  1 -2 -2  0 -3 -3  0  2  0 -1 -3 -2    6   2   5  16   1   2  16   5   3   2   3   6   0   1   6  16   5   1   0   4  0.27 0.23
  386 E   -1  0 -1  3 -1  0  2  1  0 -2 -3 -2 -1 -2 -1  1 -1 -3 -1 -1    6   5   2  20   1   3  15   9   3   2   2   2   2   2   3  10   4   0   3   6  0.24 0.21
  387 A    1 -1  0  2 -2 -1  1 -1  0  0 -1  0 -1 -1  0  1  0 -1 -2 -1   15   2   4  12   1   2  12   4   2   6   7   4   1   2   4  12   6   1   1   4  0.11 0.13
  388 L   -1 -2 -1  1 -1 -1 -1 -2 -1  2  2 -2  1  0 -1  0 -1 -1 -1  1    5   2   3   9   2   2   5   3   2  12  19   1   4   4   3   9   2   1   1  12  0.10 0.12
  389 D   -3 -5 -1  6 -7  0  3 -2  1 -4 -3 -2  1 -4 -2  0 -1 -7 -6 -5    1   0   2  46   0   3  16   3   3   1   3   2   3   1   2   7   4   0   0   1  1.06 0.58
  390 E   -2  0 -1  4 -4 -1  4  1  0 -3 -3 -1 -1 -4 -4  1 -2  0 -2 -4    2   4   3  19   0   2  30   9   2   1   2   4   2   1   1  12   2   1   1   1  0.58 0.40
  391 V   -1 -4 -1 -1  0 -2 -1 -1 -4  1  1 -3  1  2 -2  0 -1 -2 -1  4    5   0   3   3   2   1   4   5   0   8  13   1   3   9   2   7   3   0   2  31  0.32 0.25
  392 E   -2 -3  0  1  1  1  5 -1  0 -1 -1 -1 -2 -4 -4 -2 -1  0 -5 -1    2   1   4   6   3   5  44   4   2   4   6   3   1   1   1   2   4   2   0   4  0.65 0.44
  393 A    0 -2 -1  2 -4 -3  0  1 -1 -2 -2 -2 -1  1 -2  3  1 -5 -3  0    8   1   2  12   0   0   6   9   1   2   2   2   1   8   2  26   7   0   1   9  0.28 0.28
  394 L   -2 -3 -3  0 -1 -2 -1 -2  0  2  2 -3  1  3 -3  0 -1  2 -2  1    3   1   0   6   1   1   5   3   2  13  22   0   3  14   1   6   3   3   0  10  0.28 0.22
  395 D   -3 -4  1  6 -3 -1  1 -2 -3 -7 -7 -3 -2 -7 -2  4 -3 -7 -3 -4    2   1   5  43   1   3   8   3   0   0   0   1   1   0   2  28   1   0   1   1  1.17 0.65
  396 D   -3 -5 -1  6 -1 -2  2 -2 -5 -5 -6 -2 -6 -7 -4  3 -2 -8 -7 -4    2   0   2  44   1   1  14   3   0   1   0   2   0   0   1  26   2   0   0   1  1.22 0.67
  397 S   -1 -2 -1  5 -3 -1  2 -1  0 -2 -3 -1 -3  1  1  2 -2 -5 -1 -5    4   1   2  29   0   2  15   6   2   3   2   3   0   6   6  16   1   0   2   0  0.52 0.37
  398 D   -2 -5  0  7 -7 -3  3 -3 -3 -3 -6 -3 -7 -4 -2  0 -4 -8 -7 -4    4   0   4  56   0   1  21   2   0   1   0   1   0   1   2   5   1   0   0   1  1.44 0.72
  399 E   -4 -1 -1  5 -7  1  6 -1 -4 -7 -7 -4 -3 -4 -5 -3 -5 -7 -4 -5    1   3   2  27   0   6  52   5   0   0   0   0   1   1   0   1   0   0   0   1  1.42 0.71
  400 M   -2 -5 -4  3 -5 -5  0 -3 -4 -1  0 -4  4  6 -6 -3 -4 -4  1  0    3   0   0  19   0   0   5   2   0   2   7   1  10  39   0   1   0   0   4   6  0.97 0.51
  401 E   -5 -4 -4  2 -8  0  7 -6 -4 -7 -7 -1 -6 -7 -5 -4 -5 -7 -6 -7    0   0   0  11   0   3  83   0   0   0   0   2   0   0   0   0   0   0   0   0  2.17 0.87

                      K         Lambda
Standard Ungapped    0.1346     0.3181
Standard Gapped      0.0410     0.2670
PSI Ungapped         0.1094     0.3176
PSI Gapped           0.0335     0.2670
