
Last position-specific scoring matrix computed, weighted observed percentages rounded down, information per position, and relative weight of gapless real matches to pseudocounts
           A  R  N  D  C  Q  E  G  H  I  L  K  M  F  P  S  T  W  Y  V   A   R   N   D   C   Q   E   G   H   I   L   K   M   F   P   S   T   W   Y   V
    1 M   -5 -6 -7 -7 -5 -6 -6 -7 -6  6  4 -6  4 -3 -6 -6 -4 -6 -5  2    0   0   0   0   0   0   0   0   0  40  39   0  10   0   0   0   0   0   0  11  1.34 0.56
    2 G   -3 -2  4 -4 -4 -2 -4 -1 -1 -2  4  0  0 -3 -5 -2 -2 -5 -1 -3    1   2  22   0   0   1   0   4   1   1  50   7   1   1   0   3   2   0   2   0  0.72 0.45
    3 L   -3 -5 -2 -3  6 -5 -3 -5  3 -3 -3 -5 -4  5 -6  1 -2  0  5 -4    2   0   2   2  19   0   1   1   6   1   2   0   0  28   0  10   3   1  22   1  1.16 0.56
    4 S    2 -5 -5 -6 -1 -5 -5 -4 -6  2  3 -5  2 -2 -5 -3 -2 -5 -3  4   19   0   0   0   1   0   0   1   0   9  28   0   4   1   0   1   1   0   0  33  0.79 0.45
    5 R    0  2  4 -2 -2 -1 -3  0 -4 -6 -6 -1 -5 -4 -5  5  1 -7 -5 -5    9  12  17   2   1   2   1   8   0   0   0   3   0   1   0  37   8   0   0   0  0.78 0.51
    6 F   -8 -9 -9 -10 -8 -9 -9 -9 -2 -6 -4 -9 -6 10 -10 -8 -8  3  0 -7    0   0   0   0   0   0   0   0   1   0   1   0   0  91   0   0   0   4   3   0  3.38 1.25
    7 N   -7 -6  9 -2 -2 -6 -4 -5 -5 -9 -9 -6 -8 -9 -8 -1 -4 -9 -8 -9    0   0  90   2   1   0   1   1   0   0   0   0   0   0   0   4   1   0   0   0  3.03 1.25
    8 Q   -3 -2 -3 -4 -8  9 -3 -6  0 -8 -5 -3 -4 -5 -1 -2 -4 -8 -5 -8    2   2   2   1   0  77   1   1   2   0   1   1   0   1   4   4   1   0   0   0  2.32 1.13
    9 D   -6 -6  0  8 -5 -3 -1 -6 -7 -9 -6 -5 -8 -6 -7 -3 -1 -9 -4 -7    1   0   4  80   0   1   3   0   0   0   1   0   0   0   0   2   4   0   1   0  2.38 1.06
   10 A    1 -1  1 -3  4  2 -3  1  3 -3 -4 -2 -3  2 -5  1 -3 -3  3 -3   13   3   8   1   8  10   1  12   7   1   1   2   1   9   0  11   1   0  11   2  0.44 0.35
   11 T   -1 -3 -2  0 -6 -3 -3  2 -6 -6 -7 -2 -6 -7 -6  5  5 -7 -6 -6    4   2   2   5   0   1   2  14   0   0   0   2   0   0   0  37  31   0   0   0  1.11 0.68
   12 C   -3 -2 -1 -8 10 -6 -7 -3  0 -3 -3 -7 -1 -2 -8  3 -4 -4 -1 -5    2   3   3   0  56   0   0   3   3   2   3   0   2   2   0  19   1   0   2   1  2.21 0.97
   13 F   -7 -5 -8 -8 -2 -8 -8 -7 -4  3  3 -8 -2  7 -8 -7 -7 -3 -3  1    0   1   0   0   1   0   0   0   0  14  27   0   1  46   0   0   0   0   0   9  1.68 0.77
   14 V    5 -6 -2 -6  3 -4 -5 -2 -6  0 -4 -5 -3 -3 -5  3  1 -6 -3  1   43   0   2   0   6   0   0   2   0   6   2   0   1   1   0  17   8   0   1  10  0.87 0.55
   15 T    1 -7 -7 -8  6 -7 -7 -5 -8  3 -1 -7  1 -1 -7 -4 -2 -7 -3  5   11   0   0   0  16   0   0   1   0  12   6   0   3   2   0   1   3   0   1  43  1.25 0.64
   16 S    3 -7 -4 -5  3 -6 -6  6 -7 -5 -6 -6 -7 -5 -7  0 -1 -7 -7 -3   23   0   1   1   6   0   0  54   0   1   1   0   0   1   0   7   3   0   0   2  1.44 0.74
   17 S   -2 -4 -3 -4 -1 -5 -5 -2  3 -4  0 -3  3 -4 -4  1  6 -6 -3 -4    3   1   1   1   2   0   1   4   6   1   8   1   6   1   1  11  49   0   1   1  1.10 0.66
   18 E   -2  1 -1  3 -4  0  3 -3 -1 -4 -3  2 -3 -4 -1 -1  2 -2 -3 -4    3   8   2  18   0   4  19   2   2   1   3  14   0   1   4   5  12   1   1   1  0.45 0.29
   19 G    1 -1  2  0  0 -1  0  1 -1 -1 -1  0 -1 -1  0  2  0 -2 -1 -1   12   3   9   5   2   2   7  10   1   4   5   5   2   2   5  15   4   1   2   5  0.09 0.07
   20 N   -2  1  3  3 -1  1 -1 -1  2 -4 -4  1 -4 -5 -4  2  2 -5 -2 -2    3   8  12  13   1   7   4   4   4   1   1   9   0   0   1  13  13   0   2   3  0.37 0.28
   21 S   -3 -3 -4 -5 -7 -4 -5  7 -6 -5 -5 -6 -7 -4 -6 -3 -4 -7 -2 -7    2   2   1   1   0   1   1  81   0   1   2   0   0   1   0   2   1   0   2   0  2.15 0.96
   22 V   -4 -7 -4 -8 -1 -3 -7 -8 -3  0  0 -7 -3  7 -8 -5 -7  1  6  0    1   0   1   0   1   1   0   0   1   6   8   0   1  46   0   1   0   2  22   7  1.74 0.81
   23 T    0  6 -3 -3  1  0 -3 -3  1 -3 -3  3  0 -3 -6  0 -2 -2 -4 -3    7  39   1   1   3   3   2   3   3   2   3  18   2   2   0   6   3   1   1   2  0.84 0.52
   24 I   -4 -4 -8 -8 -7 -7 -8 -5 -8  6  1 -7 -1 -1 -8 -7 -5 -2 -6  5    1   1   0   0   0   0   0   1   0  45  13   0   1   3   0   0   1   1   0  31  1.59 0.76
   25 Y   -6 -4 -8 -8 -1 -8 -5 -6 -3 -4 -3 -8 -3  7 -8 -8 -3  1  8 -5    1   1   0   0   2   0   1   1   1   1   2   0   1  37   0   0   2   2  46   1  2.35 1.09
   26 N   -3  0  7  0 -6 -2 -3 -1  1 -5 -6 -2 -6 -7 -6  3  1 -7 -4 -4    3   6  41   5   0   2   2   5   3   1   1   3   0   0   0  19   9   0   1   1  1.09 0.65
   27 C   -2 -2 -4 -6  8 -6 -6 -6 -6  1  1 -6 -1 -3 -6  0  4 -6 -6  2    4   2   1   0  25   0   0   0   0   9  11   0   1   1   0   7  22   0   0  13  1.12 0.61
   28 D   -2 -3  2  6 -2 -1  3 -5  1 -6 -3 -2 -6 -3 -5  1 -2 -1 -3 -3    4   2   9  40   1   2  15   1   3   0   3   3   0   1   0   9   2   1   1   2  0.94 0.57
   29 P   -5 -4 -2 -3 -6 -2 -4 -4 -3 -6 -3 -3 -6 -6  8  0  0 -6 -3 -3    1   1   2   2   0   2   1   2   1   1   3   2   0   0  64   8   6   0   1   2  1.82 0.99
   30 F   -3 -3 -4 -2  1 -4 -6 -2 -1 -1  4 -4  0  7 -5 -6 -3 -1 -1 -2    3   2   1   3   3   1   1   3   2   3  32   1   3  33   1   1   2   1   2   4  1.11 0.55
   31 G   -1  1  0  1 -2  1  1  2  1 -3 -3  3  1 -3 -3 -1  0 -5 -3  0    6   8   4   7   1   6  10  14   3   2   3  14   3   2   1   5   5   0   1   7  0.22 0.18
   32 K   -4  1 -1 -4 -2  1  5 -4 -1 -2  1  3 -1 -3 -1 -1 -2 -6 -3 -2    2   8   3   1   1   6  29   2   1   3  12  15   1   1   3   5   3   0   1   4  0.57 0.40
   33 C   -2  1 -1 -4  5 -2 -4 -4 -2  2  0  2  0  1 -2 -1  1 -2 -1  1    3   7   3   1  10   2   1   2   1  10  11  13   2   6   2   5  10   1   2   9  0.32 0.21
   34 F   -1 -2 -3 -2 -1 -3  0 -1  0  0  0 -3  1  5 -4 -3 -2 -2  5  0    7   2   1   3   2   1   6   5   3   5   9   2   3  21   1   2   3   1  18   5  0.58 0.33
   35 E   -2  4  0  0  0  1  2 -3  4 -3 -2  1 -5 -2 -4  2 -1 -1 -2 -3    3  19   4   5   2   6  12   2   9   2   4   7   0   2   1  13   5   1   2   2  0.43 0.31
   36 M   -3  4 -2 -3  1 -1 -2 -3  1  1  1  1  0  0 -2  0 -2 -1  0 -2    2  23   3   2   3   3   3   3   3   8  14   7   2   3   2   6   3   1   4   3  0.36 0.25
   37 V    0 -1  1  3 -2 -1  1 -1  0  0 -2  0 -1  1  0  0  0  0  1  0    7   3   5  15   1   3   9   5   2   5   4   5   1   5   4   8   5   1   5   6  0.11 0.10
   38 D   -2 -1  1  2  0 -1  0 -1  2 -1  0  0 -1  4 -3  1 -1 -5 -2 -2    4   3   6  11   2   3   6   5   4   3  10   6   2  16   2   9   4   0   1   3  0.23 0.17
   39 E    0  0  1  1  1 -1  1  0  0 -1 -2  0 -1 -1  1  1  0  1  0 -1    7   5   7   8   3   3   9   7   2   3   5   6   2   3   7   9   5   2   3   4  0.07 0.07
   40 D    0 -1  1  3  1  1  1  0  1 -1 -2 -2 -1 -2  0  1  0  1  0 -2    8   3   7  14   3   5   8   6   3   5   4   3   2   2   5   9   6   2   3   3  0.13 0.13
   41 T   -1 -1  1 -1  1 -1 -1  0  1  0 -1 -2  1 -1  0  1  1  2 -1  1    4   4   7   4   3   3   5   9   3   6   7   3   3   2   4  11   7   3   3   9  0.06 0.07
   42 Q    0  0  0  0  2  0  0 -1  2  0 -1  0 -2  0  0  0  0  3  1 -1    5   5   5   5   5   5   5   5   5   5   5   5   0   5   5   5   5   5   5   5  0.06 0.08
   43 N    0  1  1  1 -3  0 -1  0  1 -1 -2  0  0 -1  0  1  0  3 -1 -1    6   8   9   8   0   3   3   8   4   3   4   5   2   3   4  13   6   4   2   5  0.09 0.11
   44 I    0 -1  0  0  1  0 -1  0  1  1  0 -1  1  0  0  1  0  2  0  0    6   4   4   4   3   3   4   6   3   8   9   3   3   4   4  10   6   3   4   8  0.02 0.02
   45 G    0  0  0  0  1  0 -1  2  1 -1 -1  0 -3  0  0  0  0 -4  1  0    7   5   5   5   3   4   4  14   4   4   6   6   0   3   6   7   7   0   4   8  0.06 0.07
   46 D    0 -1  1  1 -1  0  1  0  0 -1 -1  0 -1 -1  0  1  0 -3  0  0    7   3   6   8   2   4  10   8   3   4   4   5   2   2   5  10   6   0   3   7  0.06 0.06
   47 D    0  0  1  1  0  1  1  0  1  0 -1  0 -1 -1 -1  0  0 -2 -1  0    8   5   7   9   2   5   8   6   4   6   7   5   1   3   3   7   5   0   2   7  0.04 0.03
   48 D    0  0  1  0  0  1  1  0 -1 -1  0  1 -1 -1  1  1  1 -3 -1 -1    5   4   6   4   2   5   8   6   1   3  11  10   2   2   6  10   8   0   3   5  0.06 0.08
   49 A    0  0  0  0 -1  0  0  0  0  0  0  0  0 -1  0  0  0  0  0  0    9   6   3   6   2   4   7   8   2   6   9   5   2   3   5   5   7   1   3   7  0.02 0.00
   50 R   -1  3  0  1  1  0  0 -1  1 -1 -1  1 -1 -1 -1 -1  0  1 -1 -1    6  17   4   7   3   4   6   5   3   4   6   7   2   2   4   6   7   2   2   5  0.13 0.11
   51 G   -1  1  0  1  1  1  1  0  1  0 -1  0  0  0 -1  0  0 -4 -1  0    5   7   4   7   3   5   8   8   3   5   6   5   2   5   3   8   5   0   2   9  0.03 0.04
   52 D   -1  0  0  1  1  0  0 -1  3  0 -1  0  1  0  0  0  0  2  1 -1    5   5   5   8   4   4   6   5   6   5   6   6   3   4   4   7   5   3   4   4  0.06 0.05
   53 D   -1  1  1  1  1  0  0 -1  1  0 -1  0 -4  2  0  0  0 -4  1 -1    5   8   6   8   3   4   7   5   4   5   6   4   0   7   4   8   5   0   5   4  0.08 0.09
   54 N    0  0  1  1 -1  0  0  0  0 -1 -1  0 -1  0  1  1  0  0  0 -1    7   5   7   8   1   4   5   7   2   3   7   6   2   4   6  12   5   1   3   6  0.04 0.03
   55 S    0  0  1  1  0  0  0  0  0 -1 -1  0 -1  0  1  1  0  0  0 -1    5   5   7  10   3   3   7   6   2   5   8   4   1   4   6  10   6   2   3   4  0.04 0.03
   56 G    0 -1  1  1 -1  0  1  2  0 -2 -1  0 -1 -2  0  0  0 -2 -1 -1    7   3   6   8   2   2   9  18   2   2   7   7   1   2   5   5   6   0   1   6  0.09 0.07
   57 G    0 -1  1  0  0 -1  0  3  0  0 -1 -1 -1 -1 -1  0  0 -2 -1 -1    7   3   6   4   3   3   6  23   2   7   6   3   1   3   3   6   6   0   2   4  0.10 0.07
   58 D   -1 -1 -1  0 -1 -1  1  4 -1  0 -2  0 -2 -1  1  0  0 -1 -1 -1    4   2   2   5   2   2   9  29   1   5   4   5   0   2   6   7   5   1   2   5  0.21 0.15
   59 D    0 -1  1  2 -2 -2  0  4 -3 -3 -2 -1 -2 -3  1  1 -1 -3 -2 -2    9   3   5  10   1   1   6  30   0   1   3   3   1   1   7  11   3   0   1   3  0.33 0.22
   60 D    0 -2 -3 -2  2 -2 -3 -2 -2  3  1 -3  1  1 -2 -1  0 -3 -1  3    7   2   1   2   5   2   1   2   1  20  12   1   3   6   1   3   6   0   1  23  0.29 0.20
   61 L    1  1 -1 -2  2 -1 -1  2  0 -1 -1  0  0 -1 -2  1  0 -2  1 -1   13   8   3   1   6   2   3  15   2   4   6   7   2   3   1  12   3   0   6   5  0.10 0.11
   62 L   -2 -2 -4 -4 -2 -3 -4 -4  0  5  2 -3  1  0 -4 -3 -1 -4  0  1    3   2   0   1   1   1   1   1   3  42  22   1   2   3   1   2   3   0   3   8  0.68 0.38
   63 V    2 -5 -5 -4  3 -4 -5 -4 -5  3 -1 -4 -1 -2 -4 -3 -2 -5 -4  6   16   0   0   1   5   0   1   1   0  13   4   0   1   1   0   2   1   0   0  52  0.96 0.52
   64 E   -1 -1 -3  0 -1  1  6 -3 -1 -4 -4 -1 -2 -4 -2  0 -2 -5 -5 -3    5   3   0   4   2   6  59   2   1   1   1   3   1   1   1   6   2   0   0   2  1.08 0.61
   65 M   -2  4 -3 -5 -1  0 -4 -4 -2 -1  0 -2  9 -2 -1 -4 -3 -5 -4 -2    3  20   1   0   1   3   1   1   1   3   8   2  46   1   3   1   1   0   0   3  1.29 0.67
   66 L   -4 -4 -5 -4 -3 -4 -3 -6  0  0  6 -5  1 -1 -5 -4 -3 -1  0 -1    1   1   0   1   1   1   2   0   2   3  72   0   3   2   0   1   1   1   3   4  1.17 0.61
   67 F   -3 -3  0 -2 -3 -2 -2 -1  3 -3 -2 -4 -2  7 -2 -3 -3 -1  5 -4    2   1   4   3   1   1   3   5   6   1   4   1   1  45   3   1   1   0  17   1  1.09 0.56
   68 S   -1  5  1 -1  2 -1 -1 -2 -1 -5 -3  1 -4 -5 -3  3  0 -5 -4 -4    4  31   8   3   4   2   3   3   1   0   2   6   0   0   1  26   4   0   0   1  0.61 0.42
   69 T   -2 -3 -2 -4  5 -4 -3 -3 -2 -4 -3 -2 -1 -3 -4  4  5 -5 -1 -4    2   1   1   0  10   0   1   1   1   0   2   2   1   1   0  34  38   0   2   0  1.01 0.61
   70 N   -2  0  6 -2 -1 -1 -2 -2 -2 -5 -5 -1 -2 -5 -2  4 -2 -6 -2 -5    3   4  38   1   1   2   2   3   1   0   1   3   1   0   2  34   1   0   1   0  1.05 0.61
   71 L   -3 -4 -3 -4 -2 -5 -5 -6 -5  4  5 -4  1  1 -5 -4 -3  0  1  0    1   1   2   1   1   0   0   0   0  21  51   1   2   5   0   1   1   1   5   3  0.90 0.48
   72 V   -2 -3 -5 -4 -4 -3 -4 -4 -4  3  3 -4  0  2 -5 -3 -1 -1  0  4    2   1   0   1   0   1   1   2   0  16  30   0   2   8   0   2   4   1   2  26  0.64 0.36
   73 A    5 -5 -5 -5  1 -4 -4 -1 -5  0 -1 -4  0 -1 -2 -1 -1 -1 -2  1   55   0   0   0   2   0   0   4   0   6   5   0   2   3   2   4   3   1   1   9  0.81 0.51
   74 I   -3 -3 -5 -5  0 -4 -4 -3 -2  3  4 -4  1  2 -5 -2 -1 -4  1  2    2   1   0   0   2   0   1   2   1  15  39   0   3   7   0   3   4   0   4  13  0.59 0.36
   75 V   -2 -3 -6 -6 -1 -3 -6 -3 -6  0 -1 -5 -1 -3 -6 -3 -1 -6 -5  7    4   2   0   0   2   1   0   2   0   4   5   0   1   1   0   2   3   0   0  72  1.49 0.74
   76 H   -1 -2 -2 -2 -1 -2 -3  5  0 -5 -4 -3 -2 -2  0  2 -1 -1 -2 -1    4   2   1   3   2   2   1  46   3   0   2   2   1   2   5  14   4   1   1   5  0.71 0.47
   77 R    1 -1 -1 -1 -1  1 -1  4 -1 -2 -1 -1 -1 -2 -2  0 -1  0 -4 -1   12   4   3   3   1   6   4  31   1   2   7   3   2   1   2   7   4   1   0   4  0.28 0.24
   78 K   -1 -1  0  1 -4 -1  0  5 -1 -2 -3  0 -4 -2 -1  0 -1 -5 -4 -1    3   3   5   8   0   3   5  39   2   2   3   6   0   2   3   7   4   0   0   5  0.47 0.34
   79 Q   -1  0  2  2 -1  2  1 -2  2 -2 -2  0 -3 -2  1  0 -1 -4 -1 -1    3   5  12  13   2  11   9   3   4   2   3   6   0   2   7   8   4   0   2   6  0.21 0.20
   80 G   -1 -1  1  0  1  0 -1  0  1 -4 -2  0 -4 -1  5  1  0 -5  0 -1    5   4   6   5   3   3   4   6   3   0   3   5   0   3  28   9   5   0   3   4  0.40 0.32
   81 I    0  0  0  0  2  0  0 -1  1  0 -1  0  1  0  0  0  0 -2  1  0    5   5   5   5   5   5   5   5   5   5   5   5   5   5   5   5   5   0   5   5  0.03 0.05
   82 L   -1 -2 -1 -2  1 -1 -2 -2  1 -2  1 -2  0  5 -3  0 -2  1  5 -2    5   3   3   2   3   3   2   3   3   2  11   2   2  22   2   9   3   2  17   2  0.43 0.27
   83 K    1  0  0 -1 -2 -1 -1 -2 -3 -3 -4 -1 -2 -2  4  4  0 -1 -2 -4   13   4   4   3   1   2   3   2   1   1   1   4   1   2  22  26   6   1   2   1  0.56 0.39
   84 S   -3  0 -1 -1 -1  0 -1 -5 -3 -5 -4 -1  0 -6  7  1  0 -1 -6 -4    2   6   3   4   1   4   3   1   1   1   2   3   2   0  50   9   6   1   0   1  1.18 0.67
   85 K   -5  5  6 -1 -2 -1 -3 -2  1 -4 -5  0 -5 -5 -3 -2 -1 -6 -4 -5    1  32  35   3   1   2   2   3   3   1   1   6   0   1   2   3   4   0   1   1  1.17 0.65
   86 K   -3  3 -3 -4  0  0 -1 -4  0 -3 -4  6 -1 -6 -3 -1  0 -6 -5  0    2  17   1   1   2   4   3   1   2   2   2  42   1   0   1   4   7   0   0   8  0.89 0.55
   87 L   -2 -6 -7 -7 -2 -6 -7 -7 -7  1  4 -6  1  0 -4 -6 -3 -6 -5  5    4   0   0   0   1   0   0   0   0   6  39   0   3   3   1   0   1   0   0  40  1.26 0.66
   88 K   -3  1 -1 -4  3  1 -3 -4  0  2  0  1  4  0 -3 -2 -1 -3 -1  2    1   7   4   1   6   7   1   1   2  14   9  10  10   3   1   3   4   0   2  13  0.29 0.25
   89 I   -4 -6 -7 -7 -2 -6 -5 -5 -4  6  3 -5  1  1 -6 -6 -4 -2 -1  3    1   0   0   0   1   0   1   1   1  41  21   1   3   6   0   0   1   1   2  18  1.19 0.60
   90 V   -5 -3 -5 -8  3 -3 -7 -5 -1 -1 -2 -4 -2  2 -7 -4 -5 11  5 -1    1   1   1   0   5   1   0   1   2   4   5   1   1   8   0   2   1  44  16   5  2.10 0.98
   91 N   -5 -4  5  7 -2 -4 -2 -4  5 -7 -7 -4 -7 -7 -6 -2 -6 -8 -6 -5    1   1  25  50   1   1   2   1  11   0   0   1   0   0   0   3   0   0   0   1  1.77 0.90
   92 I   -2 -3 -1  6 -2 -3 -1 -4 -1 -1 -1 -4 -1  2 -5 -1  2 -6  1 -1    3   1   2  38   1   1   3   1   1   3   5   1   2   9   0   5  14   0   5   5  0.72 0.49
   93 K    0  1  0 -3 -2  1  0 -3  4 -1  0  3  0 -1 -3  0 -1 -2  0 -1    7   7   4   1   1   5   5   2  12   4   8  21   2   2   1   7   3   0   3   4  0.27 0.25
   94 R   -2  2  0 -2 -3  3  0 -4 -1 -2 -1  4 -2 -4 -5  0  1  0 -2 -3    3  12   5   2   0  12   7   1   1   2   7  25   1   1   0   7  10   1   2   1  0.43 0.36
   95 K   -1  2  2  0 -2  3  0  2  1 -5 -4  2 -2 -4 -3  1 -2 -5 -4 -4    4  12  11   6   1  11   5  17   3   1   1  13   1   1   1   9   1   0   0   1  0.42 0.34
   96 T    0  3  0 -3  0  1  0 -3 -2 -3 -3  4 -3 -3 -5  1  1 -5 -2 -1    6  17   4   1   2   6   6   1   1   2   3  24   1   1   0  10  10   0   1   4  0.45 0.36
   97 I    0 -1 -1 -2  4 -2  2 -3 -2  1 -1 -1  1  1  1 -1  0 -2 -2  2    7   4   3   2   9   1  13   1   1   7   5   4   4   7   7   5   6   1   1  13  0.16 0.18
   98 I   -1 -3 -5 -3 -1 -5 -4 -4 -3  6  0 -3  1 -1 -2 -1 -1 -5 -1  3    4   2   0   1   2   0   1   2   1  42   8   1   3   3   2   5   3   0   2  18  0.79 0.46
   99 C    1 -2 -3 -3  7 -2 -3  2 -1  0  0 -2  2  0 -5 -1 -1  0 -2 -1   12   3   1   1  23   2   2  15   2   5  10   2   4   4   0   3   3   1   1   4  0.52 0.34
  100 E   -3 -1  1  1 -2  0  6 -3  0 -4 -5 -1 -5 -2 -5  0 -1 -2 -5 -3    2   4   6   8   1   4  48   2   2   1   1   3   0   2   0   7   4   1   0   2  0.89 0.57
  101 L   -4 -3 -4 -4  0 -2 -4 -4  1  3  4 -4  0  2 -3 -4 -2 -4  2  0    1   2   1   1   2   2   1   1   4  13  44   1   2   8   2   1   2   0   7   5  0.69 0.42
  102 S   -1  0  1  0  0 -1  2 -2  0 -1 -2  0  0 -3 -1  3  2 -2 -1 -2    4   5   6   4   2   3  13   2   2   4   3   5   2   1   3  22  13   1   2   3  0.23 0.25
  103 F   -4 -3 -4 -3  1 -2 -4 -4 -1 -3 -1 -4  1  8 -4 -3 -2 -4  5 -2    2   1   1   2   3   2   1   1   1   1   5   1   3  51   1   3   2   0  15   3  1.41 0.69
  104 P   -1  4  0 -1 -2 -2 -1 -1 -1 -3 -3  1  0 -3  4  1 -1 -5 -3 -3    5  21   4   4   1   1   4   4   1   2   2   8   2   1  19  12   4   0   1   2  0.42 0.32
  105 H    0 -2  2  0 -1  0  1 -2  1 -3 -3  0 -2 -1 -2  4  2 -5 -1 -3    6   2   8   4   1   4   7   3   3   2   2   5   1   2   1  32  12   0   2   2  0.38 0.31
  106 P   -1 -1  1  0 -1  0  2 -2 -1 -2 -3  0 -1  0  4  1  1 -4 -2 -2    6   3   8   5   1   5  12   2   1   2   2   5   2   4  19  11   9   0   1   2  0.29 0.23
  107 I   -2 -6 -6 -6 -5 -6 -6 -2 -6  6 -1 -6 -3 -4 -6 -5 -4 -6  0  6    4   0   0   0   0   0   0   4   0  35   5   0   0   0   0   0   0   0   4  45  1.39 0.64
  108 Q   -1  2 -1 -1  1  0 -2 -2  1  0  2  0  1  1 -3 -1 -1 -3  0  0    4  11   3   4   3   4   0   3   3   6  21   7   3   6   0   5   3   0   3   8  0.11 0.14
  109 D   -1  0  0  0  2  0  0 -1  2 -2 -1  0  1  0  0  0  0  3  1 -1    5   5   5   5   5   5   5   5   5   0   5   5   5   5   5   5   5   5   5   5  0.08 0.12
  110 V    0 -2 -2 -2  3 -1  0  0 -2  1  0 -2  2  1  1 -1  0 -2 -1  1    9   0   0   0   8   0   9   9   0   9   9   0   9   9   9   1   9   0   0   9  0.10 0.10
  111 V    0  2  0 -2  1  1  0 -1  2 -1 -1  2  0  0 -2  0  0 -3  0 -1    6  15   3   1   4   5   4   4   7   4   7  13   3   4   0   4   8   0   3   5  0.10 0.12
  112 M    0  0 -2  0  2  0 -2  0  2  0  0  0  1  1 -3  0  0  4  1  0    6   6   0   6   6   6   0   6   6   6   6   6   6   6   0   6   6   6   6   6  0.08 0.13
  113 N   -1  3  5 -1  0 -1 -2 -1  0 -2 -2 -1 -1 -2 -2  2  1  0 -1 -3    4  14  25   3   2   2   2   4   2   2   4   3   1   1   2  16   8   1   2   2  0.44 0.37
  114 R   -2  5  0 -1  1  0 -1 -1  2 -4 -2  1  0 -1 -1 -1 -1  2  0 -1    3  33   3   3   3   3   4   5   4   0   4   7   3   3   3   5   3   3   3   4  0.41 0.36
  115 K   -1  0  0  0  2  0  0 -1  2  0 -1  0  1  0 -3  0  0  3  1  0    5   5   5   5   5   5   5   5   5   5   5   5   5   5   0   5   5   5   5   5  0.06 0.10
  116 R   -1  0  0  0  2  0  0 -1  2  0 -1  0  1  0 -3  0  0  3  1  0    5   5   5   5   5   5   5   5   5   5   5   5   5   5   0   5   5   5   5   5  0.06 0.10
  117 V   -1 -1 -3 -3  3 -1 -1 -4 -3  2  2 -2  2  0 -1 -1 -1  2  0  1    4   3   0   0   8   3   3   0   0  16  25   0   5   4   3   4   4   3   3   8  0.21 0.17
  118 C    0 -2 -2 -3  3 -2 -2  0 -2  1  0 -2  2  1 -2  0  1  4 -1  1    9   0   0   0   8   0   1   9   0   9   9   0   9   9   0   9   9   8   0   9  0.17 0.13
  119 V    0 -1 -3 -3  2 -2 -3 -3 -3  2  1 -2  1  0 -3  0  0 -3 -2  3    7   5   0   0   5   0   0   0   0  11  10   0   5   5   0   7   5   0   0  38  0.24 0.17
  120 L    0  0 -2 -3  2  1 -2  0 -2  0  0  0  2  1 -3  0  0  4 -1  0    7   7   0   0   7   7   0   7   0   7   7   7   7   7   0   7   7   7   0   7  0.10 0.13
  121 L   -2 -5 -5 -5  0 -4 -5 -2 -5 -1  6 -5  0  1 -5 -3 -1 -4 -2  0    3   0   0   1   2   0   1   3   0   3  66   1   2   4   1   2   4   0   1   6  1.01 0.52
  122 N   -1  1  0  1 -4  2  4 -2  0 -3 -1  0 -3 -3 -2 -1  1 -4 -3 -2    3   8   4   8   0   8  31   3   2   2   5   5   0   1   2   4   7   0   0   2  0.36 0.27
  123 S    0  1  0  0  0  0  1 -1  0 -1 -1  1 -1 -1  0  1  1 -1  0 -1    7  11   4   4   2   3  11   3   2   4   5   8   2   2   3  11   9   1   4   4  0.07 0.08
  124 D   -2  1  3  3 -3  0  0  0  2 -1 -2  0  0 -1 -2  0 -1 -3 -1 -1    2   7  15  16   0   5   5   6   6   4   3   7   2   2   1   5   4   0   2   6  0.19 0.16
  125 Q    0  2 -1 -3  0  1  0 -2 -1 -1 -2  3  1 -2 -3  2  0  0 -2  0    7  11   2   0   3   5   6   3   1   3   4  20   4   1   0  16   4   1   1   8  0.21 0.22
  126 I   -1 -5 -3 -6  0 -5 -5 -6 -5  6  1 -5  1 -1 -5 -4  0 -5 -1  4    5   0   2   0   2   0   0   0   0  39   9   0   3   2   0   0   6   0   2  30  0.98 0.52
  127 H   -1 -1 -2 -3  2  0 -2 -3  5 -1 -1 -1  0  3 -4 -2 -2  1  5  0    6   4   2   2   4   3   2   2  17   4   6   3   3  12   0   2   2   1  21   6  0.52 0.36
  128 I   -2 -2 -5 -5  3 -2 -3 -5 -5  5  0 -3  0  0 -5 -3 -2 -5 -1  4    2   3   0   0   6   2   2   0   0  32   6   2   1   4   0   2   2   0   2  33  0.81 0.48
  129 Y   -5 -2 -3 -6 -1 -2 -2 -6  4 -3 -3 -5 -1  5 -6 -2 -2  3  7 -3    0   2   2   0   1   2   3   0   9   2   2   0   1  22   0   3   3   3  41   2  1.38 0.71
  130 D   -1  1  3  3 -1  0  1  0 -1 -2 -2 -1 -3 -1 -1  1  0 -4 -2 -1    5   6  15  17   1   4   8   5   1   3   3   3   0   2   3  12   5   0   1   5  0.21 0.20
  131 I    0 -2 -2  0  2 -2  0  0  2  0  0  0  1  1  1  0  0  4  1  0    6   0   0   6   6   0   6   6   6   6   6   6   6   6   6   6   6   6   6   6  0.08 0.13
  132 S   -1  1  1 -1 -1  1  0  0  0 -1 -3  1  0 -3  1  3  0 -1 -3 -2    5   8   6   4   1   5   7   7   2   4   3   8   2   1   6  20   5   1   1   3  0.19 0.20
  133 C   -4 -2  4  4  0  0 -2 -2 -1 -4 -3  0 -1 -2  1  1  2 -1 -3 -3    2   3  15  21   2   5   3   3   2   1   3   6   2   2   7  10  10   1   1   3  0.48 0.35
  134 M   -2 -2 -1 -2  0 -1 -2 -2  0  0  2 -1  5  1  3 -2 -1  1 -1 -1    3   3   3   2   2   3   2   4   2   4  19   3  16   5  14   2   3   2   2   4  0.36 0.31
  135 K    0  1  0 -1  1  1  0 -1  1 -1 -1  2  0 -3  0  0  0  2  0 -1    6   9   4   3   3   7   5   4   4   3   6  17   3   0   5   6   5   3   3   5  0.12 0.15
  136 H   -1  0 -1 -1  1  0 -1 -2  1  1  2  1  1  0 -1 -1 -1 -3  0  0    3   6   3   3   3   5   3   3   4   8  21   8   4   3   3   3   3   0   3   6  0.05 0.11
  137 L   -3 -1 -2 -2  0 -1 -1 -3 -1  1  4 -2  2 -1 -2 -3 -2  1 -1  0    2   3   2   3   2   3   4   2   2   8  43   3   4   2   2   2   2   2   2   5  0.42 0.37
  138 H   -1  1 -1  1  1  1  0 -1  6 -1 -2  0  0  0 -2 -2 -2 -5  2 -2    5   6   3   8   3   6   6   5  21   4   4   5   2   4   2   3   2   0   6   2  0.33 0.33
  139 T   -1  0 -2 -3 -1  2  0 -2  0  0 -2 -1 -1 -2 -3  1  4 -5 -2  0    6   6   2   2   2   8   7   3   2   5   3   4   1   2   1  11  24   0   2   8  0.25 0.32
  140 I   -2 -2 -2 -4  0 -2 -2 -4 -2  5  1 -4  0  2 -3 -1 -2  0  1  1    4   2   2   1   2   2   2   2   1  31  12   1   3   9   2   6   3   1   5   7  0.43 0.35
  141 D   -2  1 -1  4 -2  0  4 -2 -1 -4 -3  0 -1  0  0 -2 -2 -1 -1 -2    3   8   3  19   1   4  23   4   2   1   3   5   2   4   5   3   3   1   2   3  0.35 0.36
  142 I    0  0  0  0  2  0  0 -1  1  0 -1  0  1  0  0  0  0 -2  1  0    5   5   5   5   5   5   5   5   5   5   5   5   5   5   5   5   5   0   5   5 -0.00 0.06
  143 W   -2 -1 -1 -2  2 -1 -1 -1  0  1  0 -2  0  0  0  1  2  2  0  0    4   3   3   2   3   2   4   5   2   8   9   2   3   3   4  10  14   3   3   7  0.07 0.13
  144 D   -1  0  0  2 -1 -1  0 -2  1 -3 -4 -2 -2 -2  4  0 -1  4 -1 -3    5   5   4  12   2   3   5   4   3   2   2   3   1   2  21   8   5   4   2   3  0.32 0.34
  145 S   -2 -1  6 -2  0 -1 -1 -2  0 -2 -4 -2 -1 -2  1  0 -1 -7 -1 -2    3   4  36   3   2   3   5   4   2   2   2   3   1   2   7   6   4   0   2   4  0.66 0.50
  146 Q   -3 -2  4 -1  0  0 -1 -2 -1 -1 -2 -1 -1  0  4 -1 -3  1 -1 -2    3   3  19   3   2   4   4   3   1   4   5   4   2   4  20   5   2   2   3   3  0.42 0.37
  147 V    0  0 -1  0  0 -1  0 -1  1  0  0  0  0 -1  1  0  1  0  0  0    6   5   3   5   2   3   7   5   3   4  10   5   2   3   7   6   8   1   3   7 -0.01 0.03
  148 K    0 -1  1 -1 -3 -1 -1  1  0 -1 -1  0  0 -2 -1  0  3 -3 -2 -1    7   3   6   3   1   3   3  10   2   3   6   7   2   2   3   6  19   0   2   5  0.11 0.13
  149 S    0  0  0 -1  1 -1 -1  2 -1  0  0 -1 -1 -1  0  0  0  0 -1  0    9   5   4   4   3   2   3  14   1   6   8   4   1   2   5   7   6   1   2   6  0.00 0.04
  150 I    0 -1 -1  1  1 -1 -1 -2 -1  1  1 -2  0  0  1  0  0  0  0  0    7   3   3   7   3   3   4   3   2   9  14   2   2   3   7   9   5   1   3   7  0.02 0.06
  151 T    0 -1  4 -1  2 -1 -1 -1 -1 -1 -2 -2 -1 -1 -1  1  0 -1 -1  0    8   3  20   3   3   3   4   5   1   3   5   3   2   3   4   9   5   1   3   7  0.17 0.16
  152 G    0 -1 -2  0  0  0  0  0 -3  0  0 -1 -1 -1  3 -2  0 -1 -3  1    9   4   2   6   2   4   5   8   1   5   8   3   1   3  15   3   5   1   1   9  0.09 0.13
  153 Q   -1  3  1 -1 -2  0 -1 -2  1 -2  0  2 -1 -2 -1  1 -1 -5 -2 -2    6  15   6   4   1   4   4   4   3   2   9  11   2   2   4  10   5   0   1   3  0.13 0.17
  154 G    0 -1  0 -2  1 -1  0  3  1  0 -2 -2  0 -1  1  0 -1  2 -1 -2    8   3   4   3   3   2   7  19   3   7   3   3   2   3   7   7   5   2   3   3  0.09 0.15
  155 V   -2 -2 -1 -1  0 -1 -2 -2  0  2  1 -2  1 -1  1  0 -1  2  0  1    4   3   3   4   2   3   3   4   3  12  16   3   3   3   6   7   4   3   3   9  0.07 0.11
  156 D    0 -2  1  1  7 -2 -1  0 -1  0 -2 -1  1 -2 -1  0 -2 -7 -1 -1    8   3   7   7  17   2   4   7   2   6   4   4   3   2   4   6   3   0   2   5  0.32 0.28
  157 S    3 -2  1  1  1 -1  0 -2  1 -1 -3 -1 -1 -2 -2  1  1  0 -2 -1   20   3   7   7   2   3   5   3   4   3   3   4   2   2   3   9   9   2   2   5  0.13 0.20
  158 L   -2 -2 -2 -2 -1 -6 -2 -3  0  1  4 -6  1 -2 -1 -1  0  1  0  2    4   2   2   3   2   0   3   3   3   7  31   0   3   2   4   5   6   2   3  11  0.32 0.28
  159 S    0 -1  1 -2  3 -1 -2 -2  1 -2 -2 -2  1 -1 -1  4  0 -7 -1 -2    7   4   6   3   5   3   3   4   3   3   4   3   3   3   3  26   6   0   3   3  0.25 0.30
  160 N    0 -1  1 -1  2  0 -1 -1  1 -1 -2 -1  1 -1  2  0  1  2  0 -1    7   3   6   3   3   4   4   6   4   3   4   4   4   3  11   7   8   3   3   5  0.06 0.13
  161 S    0 -1  2  1  1  0 -2  0  2 -3 -2 -2  1 -2 -1  2  0  1 -2 -2    7   3   8   7   3   4   3   8   5   2   5   2   3   2   4  15   7   2   1   4  0.11 0.18
  162 G    0 -1 -1  0 -2 -2 -1  2  2 -2 -3 -2 -2 -1  1  2  1 -1 -2 -2    8   3   3   6   1   2   5  15   4   2   3   2   1   3   7  14   8   1   2   3  0.12 0.19
  163 T   -1  0  1  1 -1  0  2  0 -1 -1 -2  0 -1 -3  0  0  1  0 -1 -2    5   5   6   9   2   3  13   7   1   4   4   5   2   1   6   8   9   1   2   3  0.06 0.14
  164 S   -1  0  0  0  2  0 -1 -1  2  0 -1  0  2  0  0 -1  0  3  1 -1    5   5   5   5   5   5   5   5   5   5   5   5   5   5   5   5   5   5   5   5  0.03 0.09
  165 N    0  0  2  0  3 -1 -1  0  0 -1 -2 -1 -1 -1 -1  1  1  1 -1 -1    8   5   9   5   6   3   4   6   3   4   4   3   2   2   3  13  10   2   2   3  0.06 0.15
  166 M   -1 -1 -1 -1  0  0 -1 -1  0  1  1 -1  1  1  0 -1  0 -3  1  2    5   3   3   4   2   4   2   4   2   6  15   2   4   5   4   4   5   0   6  15  0.03 0.11
  167 T   -1 -1  0 -1  2 -1 -2 -2  0  1  2 -1  1  0 -1  0  0 -4 -3  0    4   3   4   3   5   2   2   3   2   8  26   4   4   3   3   6   5   0   0   7  0.09 0.16
  168 S   -1  0  0  0  2  0 -1 -1  2  0 -1  0  2  0  0 -1  0  3  1 -1    5   5   5   5   5   5   5   5   5   5   5   5   5   5   5   5   5   5   5   5  0.03 0.09
  169 L    0 -1  0 -1  1  0 -1 -1 -2  0  0 -1  0  1  1  0 -1  2  2  0    7   3   4   4   3   4   3   5   0   6  11   4   3   7   6   5   3   3   8   5  0.01 0.08
  170 R    0  0  0  0  2  0  0 -1  1  0 -1  0  1  0  0  0  0 -2  1  0    5   5   5   5   5   5   5   5   5   5   5   5   5   5   5   5   5   0   5   5 -0.00 0.06
  171 E    0 -1  0  0  1  0  0  2  2 -2 -1  0 -1 -1 -1  1  0  0 -1 -1    8   2   4   6   3   3   5  17   5   2   6   4   2   3   3  13   5   1   2   3  0.07 0.14
  172 R   -1  2  0 -1 -4  0 -1  0  2  0 -1  1  0 -1  2  0  0 -4 -1  0    3  12   4   3   0   3   3   6   5   5   5   9   2   2  11   8   5   0   2   6  0.10 0.16
  173 S    0  0  1  0  0  1 -1  0  0  0 -1  1 -1 -1  0  1  1 -3 -1  0    6   4   6   5   2   7   3   6   3   5   7   9   1   3   4  10   8   0   2   5  0.02 0.07
  174 S    0  0  0 -1  0  0  0  0  1 -1 -1  1  1 -1  2  1  0 -3 -1 -1    6   4   5   3   3   5   4   6   5   4   5   8   4   3   9  12   4   0   2   4  0.05 0.11
  175 T    0  0  0  0  2  1  0  0  1  0 -1  0  1  0  1  0  0 -3 -2  0    6   6   5   6   5   5   6   6   5   6   6   6   5   5   6   6   6   0   0   6  0.03 0.07
  176 F   -1 -1 -1 -2  0  0 -1  0  2  0 -1 -1  0  2  1  1 -1  2  2  0    6   3   3   3   2   4   3   7   5   6   7   4   3   9   7  10   3   3   6   7  0.09 0.09
  177 S    0 -1  1  0  1  0  0 -1  2  0  0 -1  1 -1  1  0  0 -4  0  0    7   4   7   4   3   5   6   5   6   6   8   4   3   3   6   6   6   0   3   8  0.04 0.05
  178 K   -1  0  0  0  2  0  0 -1  2  0 -1  0  2  1  0 -1  0  4  1 -1    5   5   5   5   5   5   5   5   5   5   5   5   5   5   5   5   5   5   5   5  0.09 0.08
  179 S    0  0  0 -1  1  0 -1  0  0  0 -1  0  0 -1  0  1  0 -4  0  0    9   5   5   4   3   5   3   6   3   6   7   6   3   3   5  10   6   0   4   8  0.03 0.04
  180 I    0 -1  1  0  1  0  0 -1  0  0  0 -1  0  0  0  0  0  2  0  0    5   3   6   6   3   4   5   6   3   7   8   4   3   5   5   8   7   3   3   7  0.02 0.02
  181 S    0  0  0  0 -2  1  0  0  2  0 -1  0 -1  0  1  0  0 -2  1  0    6   6   6   6   0   6   6   6   6   6   6   6   0   6   6   6   6   0   6   6  0.04 0.06
  182 P   -1 -2  0 -1 -1 -1 -1  0 -1 -1  1  1 -1 -1  4  0 -1 -3  0  0    5   2   4   3   1   3   3   7   2   3  15   8   1   3  20   6   4   0   3   6  0.20 0.18
  183 K    0  0  1 -1 -1  0  0  1  0 -1  0  1  0 -1  1  0  0 -3  0 -1    7   5   8   3   1   5   6  10   2   3   8  10   3   3   7   8   5   0   3   4  0.06 0.07
  184 I    0 -1  0 -1  0 -1 -1  0 -1  1  1 -1  1 -1  1  0  0 -3 -1  1    6   4   4   4   3   2   3   8   2  10  13   4   4   2   7   9   5   0   3  10  0.03 0.06
  185 C    0 -1  1  0  6  0 -1 -1  0 -1  0 -1  0  0  0  1  0 -4 -1 -1    8   3   6   6  15   5   3   5   2   3   9   3   2   4   5  10   5   0   2   4  0.20 0.19
  186 L    0 -1  0  0  2  0  0 -1  0  1  0 -1  1  0  1  0  0 -3  0  0    8   4   5   5   5   5   5   6   3   8  10   3   3   3   6   5   6   0   3   8  0.03 0.03
  187 S   -1  0  0  0  2  0  0 -1  2  0 -1  0  2  1  0 -1  0  4  1 -1    5   5   5   5   5   5   5   5   5   5   5   5   5   5   5   5   5   5   5   5  0.09 0.08
  188 N   -1 -2  2 -1  0  0 -1  0  1 -3 -1 -1  0 -3  1  3  1 -5 -1 -2    6   2  10   4   2   4   5   7   3   2   7   3   2   1   7  20  10   0   2   3  0.23 0.21
  189 D    0 -1  2  1  0  2  1  0  1 -2 -2 -2 -1 -2  0  2 -1 -5 -1 -1    7   3   9   9   2  10   9   7   4   2   5   3   2   2   4  13   4   0   2   4  0.16 0.16
  190 D   -1 -1  0  4 -1  1  1 -1  1 -2 -2  0 -1 -5  1  0 -1 -5  0 -2    5   3   5  19   2   6   9   6   4   2   5   7   2   0   7   8   4   0   3   3  0.26 0.21
  191 R    0  2  1 -1  1  0  0  0  1 -2 -2  0  1 -1  1  1  0  1  0 -1    7   9   7   3   3   5   5   9   4   3   5   5   3   2   7   9   5   2   3   5  0.07 0.08
  192 S   -1  0  1 -1  2  1 -1  1  1 -1 -2  0  0 -1  0  2 -1  2  0 -2    6   5   7   4   4   6   4  10   4   4   4   5   3   3   5  14   5   3   3   3  0.11 0.12
  193 I   -1 -1 -1 -1  1  0 -1 -1  1  1  0 -1  1  1  1  0  0  2  0  1    4   4   3   4   3   4   4   4   4  10  11   3   3   6   7   6   5   2   4   9  0.05 0.05
  194 L   -1  0  0 -1  0 -1 -2  0 -1  0  3 -3  2  0  0  0 -1  0 -2  0    6   5   4   3   2   3   3   7   2   5  24   2   4   4   6   7   4   1   1   7  0.14 0.10
  195 A    3 -2  0 -1  1  0  0 -1  1  0 -2 -2 -1 -4  1  0 -1 -4 -2  2   23   2   5   3   3   4   5   4   4   4   3   2   1   1   6   7   4   0   2  16  0.21 0.20
  196 F   -1 -1  1 -1  1  0  0 -1  1 -1  0 -2 -1  3  0  0 -1  2  2  0    4   3   6   4   3   4   6   4   3   4  11   2   1  12   5   7   4   2   8   6  0.09 0.10
  197 N    0 -2  3 -1 -1 -2 -2 -2  0 -2 -2 -2 -1 -1  5  0  0 -5  0 -2    6   2  15   3   1   2   3   4   2   2   4   3   1   3  29   6   6   0   3   4  0.53 0.38
  198 C    1 -3  1 -2  7 -2 -2  2  0 -2 -3 -3 -5 -2  0  2 -1  0 -1 -2    9   2   6   2  20   2   2  16   2   3   3   2   0   1   5  13   4   2   2   3  0.53 0.38
  199 Y   -1  1 -1 -2 -1 -1 -2 -3  2 -3 -1 -2  0  2  4 -1 -1  2  3 -2    5   7   3   2   1   3   2   2   5   2   7   3   2   9  20   6   5   3   9   3  0.39 0.29
  200 S    0 -1  0 -1  0  0 -1  2  0 -1  1  0  0 -1  0  1  0 -4 -1 -1    5   4   5   3   2   4   4  16   3   2  15   5   2   2   5  11   5   0   2   4  0.08 0.12
  201 T    2 -1  0  0  0  0  0 -1  0 -1  0  0  0 -1  1  0  1 -4 -3  0   18   3   4   5   2   3   5   5   2   3   9   5   2   2   6   7  11   0   0   7  0.08 0.12
  202 S   -1  0  0  0  2  0  0 -1  2  0 -1  0  2  1  0 -1  0  4  1 -1    5   5   5   5   5   5   5   5   5   5   5   5   5   5   5   5   5   5   5   5  0.09 0.08
  203 S   -1  1 -1 -2 -2  1 -1 -1  2 -2 -2  1 -2 -2  4  2  1 -4 -2 -2    5   6   3   2   1   6   3   5   5   2   4   7   1   2  21  15   8   0   1   2  0.33 0.25
  204 K    0 -1 -1 -1 -2 -1 -1  4 -1  0 -1 -1 -2 -2  1  0 -1 -4 -3  1    8   3   3   3   1   2   4  29   1   6   5   4   1   1   6   7   4   0   1  10  0.26 0.19
  205 S    0 -1 -1 -2 -2  4 -1  0  1 -3 -3 -2 -2 -3  0  4  0 -2 -2 -1    6   4   2   2   1  20   4   6   3   1   3   2   1   1   6  25   5   1   2   4  0.42 0.35
  206 V    0 -2 -1 -2 -3  0 -1 -3 -1  2  1 -2  0 -1  0  0  0 -3 -2  3    7   2   3   3   0   4   3   2   2  12  12   3   2   3   5   7   7   0   1  21  0.18 0.16
  207 I   -1  3  0 -1 -3  2 -1 -1  1  0 -1  0 -1 -2  0  0  2 -3 -1  0    5  15   4   3   0   8   4   4   3   4   7   5   2   2   5   7  12   0   2   8  0.13 0.14
  208 L    0 -1  0  0  0 -1  0 -2  0  1  1  0  1 -1  0  0  0 -3 -1  1    6   3   4   5   2   2   4   3   2   9  12   8   3   2   4   9   6   0   2  12  0.04 0.06
  209 N   -2 -2  0 -3 -5 -1  1  5 -1 -2 -3 -2 -1 -3 -2 -2 -2 -2  0 -1    3   3   5   2   0   3   9  45   2   2   4   2   1   1   3   3   3   1   4   5  0.67 0.43
  210 D   -2 -1  1  3 -5  2  2 -3  4 -2 -2 -1  0 -2 -2  1  1  0 -1 -2    3   3   6  16   0   9  11   2  10   2   4   3   2   2   2  11   7   1   2   3  0.33 0.27
  211 V   -2 -2 -2 -4 -2 -3 -5 -3 -2  3  1 -3 -1 -1 -1 -3 -2 -1 -1  5    4   2   3   1   1   1   1   3   1  13  15   2   1   3   4   2   2   1   2  40  0.70 0.42
  212 V    1  1  0 -1  0  3  1  0  1  0  0 -1  0 -2  0 -1 -1 -5 -2  0   10   6   5   4   2  12   7   6   3   5  10   4   2   1   4   5   4   0   2   7  0.10 0.10
  213 I   -2 -2 -2 -3  0 -1 -2 -4  0  4  2 -2 -1 -2 -2 -2 -1 -1 -3  3    3   2   2   2   2   3   3   2   2  22  20   2   2   2   3   3   4   1   1  18  0.51 0.27
  214 F   -2 -2 -1 -2 -1 -2 -1 -4  3  1 -1 -2  0  4 -2 -2 -2  2  5  1    4   3   3   2   1   2   4   2   7   7   7   3   2  16   2   3   3   2  17  10  0.52 0.29
  215 D   -2 -2  2  6 -6 -2  1 -2  0 -6 -4 -1 -5 -2 -1  0 -1 -6 -2 -3    4   3   9  43   0   2   8   3   2   0   3   3   0   2   4   7   3   0   2   2  0.86 0.53
  216 A    3 -1 -2 -1  2 -1 -2 -2  1  0  2 -3  0 -2 -2 -1  2 -6  0  0   20   4   2   4   3   2   3   4   4   5  16   2   2   2   3   4  12   0   3   7  0.23 0.18
  217 L    0  0  0  0  1  0  0 -1  1  0  0  0  1  0 -1  1  0  1  0  0    8   5   5   4   3   4   5   5   3   7   8   5   4   3   3   9   7   2   4   6  0.02 0.02
  218 N   -1  0  3  0  1  1  0 -1  2 -2 -2  0  0 -1  0  1  1 -6  0 -2    6   5  13   5   3   5   6   5   5   3   4   6   3   3   4  11   8   0   3   3  0.14 0.14
  219 I   -1  0  0  0  2  0  0 -1  2  0 -1  0  2  1  0 -1  0  4  1 -1    5   5   5   5   5   5   5   5   5   5   5   5   5   5   5   5   5   5   5   5  0.09 0.08
  220 S    0  0  0  0  2  0  0  0  1  0 -1  0 -1  0  1  0  0 -2  1  0    6   6   5   6   5   5   6   6   5   6   6   6   0   5   6   6   6   0   5   6  0.03 0.06
  221 P    0  0  0 -2 -2  0  0 -2 -1 -2 -1  2  0 -2  4  0  1 -2 -3 -1    9   5   5   2   1   3   5   2   2   2   5  12   3   2  21   7   7   1   1   5  0.27 0.22
  222 L    0  0 -2 -2 -1 -1 -1 -1  1  1  0 -1  1 -1  0  0  1 -3 -1  2    6   5   1   1   1   3   3   4   3   9  10   4   4   2   5   9   9   0   2  18  0.09 0.11
  223 N    0  0  2 -2  2 -1 -1 -1  1 -1 -1  0  0 -2  2  0  2  1 -2 -1    6   6  13   2   5   2   4   3   4   5   4   4   3   2   9   7  14   2   1   5  0.15 0.16
  224 Y   -1  0 -1 -2  1 -1 -1 -2  0  1  0  0  0  1 -1  1  1 -1  0  1    3   5   2   1   4   2   4   2   3   6  10   6   3   5   3  14   8   1   3  15  0.07 0.11
  225 I   -2 -2 -2 -2  0 -1 -2 -4 -2  5  1  0  0  1 -4 -1 -1 -1  0  2    2   2   2   2   2   3   2   1   1  33  11   6   1   6   0   4   3   1   3  13  0.39 0.27
  226 N    0  0  0 -1  0  0  0 -2 -1  4  0  0  0  0 -2 -1 -1 -3 -1  1    7   5   6   4   2   4   5   3   2  30   6   5   2   4   2   2   3   0   1   8  0.16 0.16
  227 S    2  1  1 -1 -3  0  0 -1  2 -2 -2  1 -1 -2  2  1  0 -3 -1 -1   19   6   7   3   0   4   5   3   6   2   4   8   2   2  10   9   5   0   1   3  0.16 0.14
  228 V    5 -4 -4 -4  1 -1 -4 -1  4 -1 -3 -1 -3 -2 -1 -1 -2 -5 -4  0   56   0   0   0   3   2   0   5   9   4   2   3   0   2   2   2   2   0   0   7  0.79 0.50
  229 H   -5 -1 -1 -2  1 -4 -2 -5 10 -6 -6 -2 -5 -5 -2 -2 -2 -6 -3 -6    1   3   3   3   3   0   3   0  72   0   1   3   0   0   3   3   3   0   0   0  2.48 0.97
  230 K   -1  1  1  3 -1  2  2 -2  2 -2 -3  1 -3 -4 -2  0  0 -4 -1 -2    5   8   8  19   2   9  12   2   5   2   2  11   0   0   2   7   4   0   2   2  0.29 0.22
  231 G    1 -1  1 -2  0 -1 -2  2  3 -3 -4 -3 -1 -5 -2  4  1  0 -4 -3   11   3   6   2   2   2   2  13   7   2   0   0   2   0   2  34   9   2   0   2  0.48 0.38
  232 N    1  0  0 -1 -1  0  1 -2  1 -3 -3 -1 -1 -5  5  1  0 -5 -2 -2   13   6   4   3   1   3   9   2   3   2   2   3   2   0  30   9   5   0   1   2  0.49 0.33
  233 V    1 -2 -2 -2  4 -2 -2 -2 -2  1  1 -2  2 -1  2  0 -1 -2 -2  1   12   1   0   1  11   0   1   1   0  12  12   1  11   0  12  12   1   0   0  12  0.18 0.08
  234 A    4  0 -1 -2  1  1 -2 -1 -1 -2 -2 -1 -1 -2 -2  2  1 -4 -2  0   37   6   2   1   3   6   2   4   1   2   2   2   1   2   1  14   7   0   1   6  0.33 0.25
  235 S    3 -1 -1 -4  7  0 -3 -3 -1 -1 -2 -1  0 -1 -4  0  0 -4 -1 -1   29   3   3   0  26   4   1   2   1   3   2   5   2   2   0   5   5   0   2   4  0.64 0.34
  236 L   -1 -3 -4 -4  1 -3 -3 -4 -3  3  3 -3  4  1 -3 -3 -1 -3 -2  1    6   0   0   0   3   0   0   1   0  19  38   0  12   5   0   1   4   0   0   9  0.45 0.22
  237 A    3  0  0  0  2  0 -1 -1  0 -1 -2  0 -2 -3 -2  1  1 -3 -2  0   29   5   3   4   6   5   3   4   2   2   3   3   0   0   0  13   9   0   0   8  0.17 0.15
  238 I   -1 -3 -3 -3  2 -2 -3 -3 -3  2  2 -3  2  3 -3 -2  0  3  0  1    6   0   0   0   5   0   1   1   0  10  24   1   8  18   0   1   6   5   0  12  0.28 0.15
  239 S    0  0  3  1  1 -1 -1  0  1 -3 -2 -1 -2 -3  1  2  1 -3 -2 -2    6   5  21   8   4   0   1   5   4   0   5   1   0   0   6  21  11   0   0   1  0.24 0.15
  240 P    0  0  2 -1  0  1 -1 -1  2 -2 -2  0  0  0  2  2 -1  1  0 -2    7   4   9   3   2   8   3   5   5   2   4   6   2   4  11  15   3   2   3   2  0.16 0.18
  241 D   -1 -1  2  5  0  2  0 -2  0 -2 -2 -1 -1 -2 -1  1  0 -5 -1 -2    5   3   8  28   2   8   4   3   2   2   4   3   2   2   3  11   5   0   2   3  0.37 0.29
  242 G   -1 -2 -1 -1  1 -1 -2  6 -6 -7 -7 -2  0 -7 -6 -1 -1 -7 -1 -3    5   3   2   4   3   3   3  59   0   0   0   3   2   0   0   4   4   0   2   3  1.18 0.66
  243 K   -1  1  1 -1 -2  0 -1 -2  0 -3 -2  0  0 -3 -4  3  4 -5 -2 -3    4   7   5   4   1   4   4   3   2   1   4   7   3   1   0  20  26   0   1   1  0.39 0.33
  244 F   -1  0 -1 -3  1  0 -1 -3  0  1  1  1  2  0 -3 -1 -1  2  1  1    4   7   3   0   3   3   4   1   3  10  19  10   6   4   0   3   3   3   5   8  0.09 0.10
  245 I    0 -2 -2 -3  4 -2 -2  1 -2  1  1 -2  2  2 -2 -1 -1 -2 -1  1   12   1   0   1  11   0   1  12   0  12  12   1  11  12   1   1   1   0   0  12  0.13 0.08
  246 A    6 -3 -3 -3  1 -3 -3 -1 -3 -2 -1 -3 -2 -3 -3  0 -1 -4 -3  0   74   0   0   0   3   0   0   3   0   0   7   0   0   0   0   3   2   0   0   4  0.84 0.37
  247 T    0 -1 -2 -3 -2 -2 -2 -3 -3 -2 -1 -2 -2 -3 -3  2  6 -4 -3 -1    4   4   0   1   0   0   1   1   0   1   4   1   0   0   1  17  61   0   0   4  0.82 0.36
  248 A    5 -3 -2 -3  1 -2 -2  1 -3 -3 -3 -2 -2 -3  0  1  2 -4 -3 -1   57   1   0   1   3   0   1   7   0   1   1   1   0   0   3   9  12   0   0   3  0.59 0.28
  249 S    0 -3 -1 -2  2 -2 -2 -1 -3 -3 -2 -2 -3 -3 -3  6  1 -4 -1 -3    3   1   0   1   4   0   1   3   0   1   3   1   0   0   1  73   6   0   2   1  0.91 0.40
  250 E   -1 -1  0  0  1  0  3 -2  2 -1 -2  0  0 -1 -1 -1  2 -4  0  0    4   4   4   5   3   4  22   3   6   4   3   4   3   3   3   5  12   0   3   7  0.18 0.21
  251 K   -2  2  0 -1  1  0 -1 -2  1 -1 -2  5  1 -5 -4 -1  1 -5 -4 -2    3  10   4   4   3   4   4   3   3   3   4  35   3   0   0   4   8   0   0   3  0.50 0.38
  252 G    1 -1 -1 -1 -2  0  1  2  3 -1 -1 -1 -1 -2 -1  0 -1 -2 -1  1   18   1   1   1   0   1  18  18  17   1   2   1   0   1   1   1   1   0   1  18  0.14 0.04
  253 T    0  0  0 -1 -2 -1  0 -2 -1  0 -2  0 -1 -1 -2  1  3 -2  2  0    7   5   5   1   0   1   5   1   0   5   1   7   0   0   1  15  26   0  13   5  0.17 0.10
  254 L   -1 -1  1  0  3 -1 -1 -2  0  1  1 -1  1  1 -2 -1 -1  1 -1  1    3   3  10   6   9   1   4   1   2   8  15   3   5   8   1   3   3   2   0  13  0.07 0.08
  255 V   -1 -3 -4 -4  0  0 -2 -4 -3  5  0 -3  1  1 -3 -3 -2 -3  0  2    3   0   0   0   2   7   2   1   0  53   3   1   2   7   0   1   1   0   2  15  0.56 0.28
  256 R   -3  6 -1 -3 -1  0 -1 -3  3 -4 -3  2 -3 -4 -1 -1 -2  1 -2 -2    1  56   2   0   2   2   2   1   8   0   1  13   0   0   2   3   1   2   0   3  0.85 0.34
  257 I   -1 -3 -3 -1  0 -3 -3 -2 -3  3  1 -3  0 -1 -3 -2  1 -3 -2  4    2   1   0   3   2   0   1   4   0  23  12   1   0   2   1   1   8   0   0  38  0.38 0.20
  258 F   -1 -5 -5 -6 -5 -5 -5 -5  5  0  0 -5  2  6 -6 -1  0  6  3 -4    5   0   0   0   0   0   0   1  13   6   7   0   5  32   0   5   5  10   8   0  1.10 0.49
  259 N   -1  0  0  0  2  0  0 -1  2  0 -1  0  1 -2  0  0  0  3  1  0    5   5   5   5   5   5   5   5   5   5   5   5   5   0   5   5   5   5   5   5  0.07 0.11
  260 T   -1 -3 -3 -6 -1 -5 -5 -6 -6  2  0 -3  0 -2 -1 -1  5  0 -2  3    5   1   1   0   2   0   0   0   0  10   9   2   2   2   3   5  36   1   1  18  0.73 0.51
  261 G    0  1  1 -1 -1  1  0 -1  0 -2 -3  0 -1 -1  4  1  0 -1 -2 -2    7   7   7   4   1   6   5   5   2   2   3   4   2   3  23   9   6   1   1   2  0.32 0.27
  262 A   -2  0  2  3 -2  1  0 -1  1 -3 -4  0 -2 -3 -2  2  2 -5 -2 -3    3   5   9  18   1   5   5   4   4   1   1   5   1   1   2  16  15   0   1   2  0.37 0.32
  263 E    1 -1 -2 -1  2 -2  0  5 -5 -5 -3  0 -2 -2 -1 -1 -2 -5 -2 -2   12   4   2   3   4   2   5  42   0   0   3   6   1   2   3   4   2   0   2   3  0.62 0.41
  264 T    1 -1  0  0 -3  3  1  0  0 -2 -2  0 -1 -2 -2  1  2 -4 -3 -1   11   2   4   6   0  12   7   6   2   2   4   6   2   2   2  12  15   0   0   4  0.19 0.20
  265 E   -1  3 -1 -1 -1  1  0 -1  0 -1 -2  4 -1 -3 -1 -1 -1 -3 -3 -2    4  13   3   3   1   6   6   4   3   5   4  31   2   1   3   4   3   0   1   3  0.37 0.25
  266 S    0  0  0  0  0  0  1  0  0 -1 -1  0 -1  0  0  1  1  0  0 -1    6   6   5   6   3   3   8   8   2   4   7   5   1   4   4  10   9   1   3   4  0.03 0.02
  267 E    0  0  0  0  0  0  0  0  0  0  0  0  0  0  0  0  0 -1  0  0    6   6   4   4   2   4   5   9   3   4   7   7   3   4   4   9   6   1   3   7  0.02 0.00
  268 L    0  0  0  0 -1  0  0  0  0  0  0  0  0  1  1  1  0 -1  0  0    7   4   4   4   1   4   6   5   2   7  10   5   2   7   6  11   5   1   2   8  0.02 0.01
  269 L    0  0  0  0  0  1  0  1  0 -1  0  0 -1 -1  0  1  0  1  0  0    8   5   4   4   2   8   3  10   3   4  10   6   1   2   3  11   6   2   2   5  0.03 0.03
  270 T    0  1  0 -1  0  0  0  1  0 -1  0  0  0 -1  1  0  0 -1 -1 -1    9   9   5   3   2   3   5  10   2   4  11   5   2   2   8   7   8   1   2   4  0.05 0.03
  271 P    0  1  0  0  0  0  0  0  1 -1  0  0  0 -1  0  1  0 -1  0  0    8   8   5   4   2   3   8   7   4   3   8   6   2   2   5  10   6   1   3   7  0.04 0.02
  272 L   -1  0 -1 -1  2 -1 -2  0  0  0  3 -1  1  0 -1 -1 -1  2 -2 -1    4   5   3   3   4   3   1   7   3   4  34   3   3   3   4   5   3   3   0   4  0.16 0.18
  273 L   -1 -1 -4 -1  1 -1 -1 -5 -4  1  3 -3  2  0 -4 -1 -1  3  0  2    3   3   0   3   3   3   3   0   0   7  36   0   5   3   0   5   3   4   3  13  0.36 0.29
  274 Y   -1  0  0 -3  0  2 -2 -2  4 -1 -1  0  2  3 -4 -1 -1  2  3 -1    5   6   4   0   2  12   0   2  11   3   5   6   5  13   0   4   3   3  10   5  0.28 0.27
  275 E    0  1  1  1 -3  1  1  0  2 -2 -1  1 -1 -3  1  0  0 -3 -2 -1    7   7   7   7   0   7   7   7   7   0   7   7   0   0   7   7   7   0   0   7  0.11 0.09
  276 F   -1 -2 -2 -3  3 -2 -2 -3  3 -1  0 -2  2  2  2  0 -1  5  2  0    1   0   0   0   9   0   1   1   9   0  10   1   9   9  10  10   1   9   9  10  0.27 0.16
  277 R   -1  5 -2 -3  1  0 -2 -3  1 -1 -1  1 -2 -2 -3 -1 -1  3  2 -1    4  42   0   0   4   4   1   1   4   4   6   5   0   0   0   4   4   4   8   4  0.44 0.26
  278 R   -4  8 -3 -4  2 -2 -3 -5 -3 -4 -4  1 -4 -5 -4 -4 -4 -5 -4  0    1  74   0   1   4   0   1   1   0   0   1   8   0   0   0   1   1   0   0   7  1.73 0.58
  279 G   -1 -5 -4  0 -5 -4 -5  6 -5 -5 -5 -4 -5 -5  1 -1  0 -5 -5 -1    5   0   0   5   0   0   0  65   0   0   1   0   0   0   6   5   5   0   0   5  1.32 0.58
  280 N    1 -1  0 -3  1 -1 -3 -1  1 -1 -1 -1  1  0 -1  2  2 -4  2  0   11   3   4   0   3   3   0   4   4   4   5   3   4   3   3  15  14   0   8   8  0.16 0.22
  281 R    0  0  0  0  2  0  0 -1  1  0 -1  0  1  0  0  0  0 -2  1  0    5   5   5   5   5   5   5   5   5   5   5   5   5   5   5   5   5   0   5   5  0.03 0.05
  282 P    0  2  0 -1  1  0 -1 -1  1 -1 -2  0 -3 -1  4  1  0 -4  0 -1    6  12   5   3   3   5   4   5   4   3   3   4   0   3  19   9   5   0   3   4  0.23 0.23
  283 C    5 -4 -1 -4  4 -4 -1 -1 -4 -1 -1 -4 -4 -4 -4  1  0 -5  0  0   44   0   3   0   8   0   3   4   0   3   6   0   0   0   0   9   6   0   3   7  0.65 0.44
  284 N    0  2  1  0 -1  0  0 -2  1 -1 -2  1  0 -1 -2  1  2 -4 -2 -1    7  14   8   5   2   4   6   2   3   3   3   7   3   3   1   9  14   0   1   3  0.14 0.18
  285 I   -3 -6 -6 -6 -5 -2 -6 -7 -6  7 -1 -6  1 -2 -6 -3 -2 -6 -5  2    2   0   0   0   0   2   0   0   0  66   5   0   3   2   0   2   3   0   0  10  1.61 0.76
  286 N   -2 -1  0 -3  3  0 -3 -3  4 -4 -2 -3 -2  2 -5  1  0  1  6 -3    2   3   5   1   6   4   1   2  10   0   3   1   1   9   0  10   7   2  27   2  0.63 0.44
  287 Q    0  0  1  0  2  1  0  0  2 -3 -1 -1 -2 -2  1  0  0  4  1 -2    6   6   6   6   6   6   6   6   6   0   6   0   0   0   6   6   6   6   6   0  0.10 0.17
  288 L   -1 -3  0 -3  4 -3 -3 -3 -3  2  2 -3  3 -2  1 -1  0 -3 -3  1    5   0   6   0   9   0   1   1   0  14  24   0  12   0   8   5   5   0   0   7  0.30 0.22
  289 T    2  0  0  0  2  0  0 -1  0 -2 -1  0  1 -2 -2  1  1 -3 -1  0   23   5   6   4   5   3   4   3   2   1   6   5   4   0   1  10  11   0   2   7  0.12 0.12
  290 F   -4 -4 -5 -5 -4 -4 -5 -5 -4  2  0 -4  2  7 -5 -4 -4  3  1 -1    1   0   0   1   0   0   1   1   0  11   8   1   5  57   1   1   1   4   4   4  1.28 0.47
  291 N   -1  0  4  1  0 -3  0 -2  1 -2 -5 -2 -4 -3 -4  5 -1 -5 -4 -4    3   4  20   6   2   0   5   3   3   2   1   1   0   1   0  45   2   0   0   0  0.77 0.47
  292 S   -1  0 -1 -2  1  0 -1 -2  2 -1 -1  0  2  0  4  0  0  2 -1 -2    6   5   3   3   3   4   5   3   4   3   7   6   4   3  20   6   5   3   3   4  0.25 0.21
  293 D   -2 -1  2  5  2 -1 -1 -2  1 -2 -3 -1  1 -7 -1  0  0 -8  0  0    4   3   8  29   4   3   5   3   3   3   3   4   3   0   3   7   6   0   3   6  0.49 0.33
  294 S    0 -2  1  0  1 -2  0  2 -1 -3 -2 -1 -1 -3 -2  4 -1 -5 -2 -2    9   1   8   5   3   1   5  14   1   2   4   3   2   1   2  31   3   0   2   3  0.37 0.35
  295 T   -1  1  2  0 -1  3  0 -1  0 -3 -2  0  0 -3 -2  1  2 -5 -2 -3    5   8   8   4   1  15   6   4   3   2   4   6   2   1   2  12  14   0   1   2  0.26 0.28
  296 L   -3  0 -3 -4 -1 -3 -2 -6  1 -1  2 -1  2  4 -6 -4 -3  8  4 -2    3   5   1   1   2   1   3   0   3   3  19   4   4  17   0   1   1  17  11   3  0.82 0.51
  297 L   -6 -6 -7 -7 -6 -6 -7 -7 -7  2  6 -6  2  0 -7 -6 -5 -6 -5  1    0   0   0   0   0   0   0   0   0   9  71   0   4   3   0   0   0   0   0   8  1.64 0.74
  298 G    5 -5 -5 -6  8 -5 -5 -1 -6 -2 -1 -5 -1 -3 -5 -1 -2 -6 -5  1   41   0   0   0  26   0   0   5   0   2   5   0   1   1   0   4   2   0   0   8  1.22 0.56
  299 C    3 -5 -5 -6  6 -3 -5 -3 -6 -1 -1 -5 -1 -5 -5  0 -1 -6 -5  5   26   0   0   0  15   1   0   2   0   2   5   0   2   0   0   6   3   0   0  35  0.98 0.50
  300 V    1 -4 -1 -4  3 -4 -3 -2 -4 -2 -3 -2 -2 -3 -3  5  3  3 -3  0   12   0   2   0   6   0   1   3   0   2   3   2   1   1   1  41  15   4   1   5  0.69 0.43
  301 G   -1 -5 -4 -3 -1 -5 -5 -1 -5 -6 -4 -5 -5 -6 -5  7 -2 -6 -6 -4    5   0   0   2   1   0   0   4   0   0   2   0   0   0   0  80   2   0   0   2  1.80 0.83
  302 D    0 -3  4  6 -6 -4  0 -3 -2 -4 -4 -3 -5 -6 -5  2 -2 -7 -4 -4    7   1  21  43   0   0   5   1   1   1   2   1   0   0   0  13   3   0   1   1  1.09 0.54
  303 S   -3  1  1 -1 -5 -2 -3 -3  2 -4 -3  5 -4 -4 -4  2  4 -5 -4 -4    1   8   7   3   0   1   0   1   5   1   2  33   0   1   0  13  23   0   0   1  0.72 0.42
  304 D   -1 -3  1  0 -3 -2  2  5 -2 -5 -5 -1 -3 -3 -2 -1 -3 -5 -3 -4    3   1   8   5   1   1  15  49   1   0   1   3   1   2   2   4   1   0   1   1  0.85 0.42
  305 T   -3 -2 -1 -3 -5 -2 -5 -5 -5 -5 -5 -3 -2 -6 -5 -1  8 -6 -5 -1    1   2   2   1   0   2   0   0   0   0   1   2   1   0   0   3  79   0   0   3  1.88 0.79
  306 I   -1 -5 -6 -4 -2 -5 -5 -4 -6  4  1 -5 -1 -1 -5 -4 -2 -5 -4  6    4   0   0   1   1   0   0   1   0  25  12   0   1   2   0   1   1   0   0  49  1.11 0.49
  307 H   -6 -3 -4 -4 -7 -2 -5 -7 11 -7 -4 -2 -6 -6 -7 -4 -6 -7  0 -7    0   1   0   1   0   2   0   0  86   0   2   2   0   0   0   1   0   0   3   0  3.38 1.11
  308 I   -2 -5 -6 -6 -2 -5 -5 -6 -6  6  1 -3  0 -1 -5 -5 -3 -5 -4  5    2   0   0   0   1   0   0   0   0  42   9   1   1   2   0   0   1   0   0  38  1.23 0.49
  309 F   -6 -6 -6 -7 -6 -6 -6 -6 -5 -4 -2 -6 -4  9 -7 -4 -6  4  4 -3    0   0   0   0   0   0   0   0   0   0   2   0   0  75   0   2   0   4  12   1  2.42 0.80
  310 K    1  3  1  1  0  0  0 -1  1 -3 -4  3 -3 -3 -2  2 -2 -4 -2 -3   11  15   6   7   2   4   3   3   3   1   1  22   0   1   1  15   1   0   1   1  0.35 0.24
  311 L   -2 -4 -3 -5  0 -4 -5 -5 -5  3  5 -4  1 -2 -5 -4 -3 -1 -4  2    3   1   1   0   2   0   1   1   0  14  57   0   2   1   0   1   1   1   0  12  0.92 0.40
  312 D    0  0  1  3 -3  0  2  1  0 -3 -3  2 -2 -2  1  0 -1 -4 -2 -3    6   5   8  17   1   4  14   9   2   1   2  12   1   2   7   4   3   0   1   2  0.25 0.16
  313 S    0  0  1  2 -2  1  1  0  1 -2 -2  1 -1 -2  1  0  0 -2 -1 -1    6   5   6  15   1   6  10   6   3   1   4   7   1   1   5   8   7   1   2   6  0.14 0.10
  314 T    0  1  0  0 -1  1  1  0  0 -2 -2  0  0 -3  2  1  1 -3 -2 -1    7   7   4   5   1   6   8   8   2   1   4   6   3   1  11  11  10   0   1   3  0.15 0.12
  315 S    1  0  1  1 -3  0  1  1 -1 -2 -3  1 -1 -3  1  1  0 -2 -2 -1    9   4   6   6   0   4  11  10   1   2   2   8   1   1   6  14   6   1   1   6  0.14 0.12
  316 R    0  1  1  0 -2  1  1  0 -1 -2  0  1 -1 -3  1  1  0 -3 -2 -2    8   9   7   4   1   6   9   7   1   2  10   9   1   1   6  12   4   0   1   2  0.11 0.10
  317 L    1  0  2  0 -2  0  1  0 -1 -1  0  0 -1 -2  1  1  0 -3 -2 -1   10   6  10   4   1   5   8   7   2   4   9   6   1   1   6  11   6   0   1   3  0.07 0.07
  318 L    1  1  0 -1 -1  1  0  0  0 -1 -1  1  0 -1  0  1  0 -1 -1 -1   11   8   5   3   1   5   5   5   2   5   7   9   2   3   5  11   5   1   2   5  0.04 0.04
  319 S    0  2  0  0 -2  0  1  1 -1 -2 -2  0 -1 -2  1  2  1 -2 -1 -1    6  10   5   5   1   5   8   9   1   2   4   4   1   1   6  14  10   1   2   3  0.11 0.11
  320 M    0  0  0  0  0  1  0  0  0 -1 -1  0  0  0  0  1  0  0 -1 -1    8   6   4   5   2   6   6   7   2   4   6   6   2   4   4  14   6   1   2   3  0.03 0.04
  321 S    0  0  1  0  0  0  0  1 -1 -2 -2 -1 -2 -2  1  2  1 -1 -2 -1    8   4   6   5   2   5   6  10   2   2   4   3   1   2   8  17   8   1   1   5  0.11 0.11
  322 V    0  0  0  0 -1  0  0  0 -1  0  0  0  0 -1  1  1  0 -1 -1  0    9   6   6   4   1   4   6   7   1   4   9   7   2   2   5  10   6   1   1   7  0.03 0.03
  323 N    0  1  2  1 -2  1  0  0  0 -2 -2  0 -2 -2  1  2  0 -2 -1 -2    8   6   9   6   1   7   6   9   2   2   5   5   1   1   6  15   5   1   2   2  0.12 0.11
  324 S    0  0  0  0 -1  0  0  0 -1 -2 -2  0 -1 -1  1  3  0 -2 -2 -2    7   5   3   5   2   4   7   7   2   2   5   6   1   2   7  23   6   1   1   3  0.14 0.14
  325 E    0  0  1  0 -1  0  2  0  0 -1 -1  0 -1 -1  0  1  0  0 -1 -1    7   4   7   6   1   3  15   6   3   3   5   6   1   3   4  11   5   1   2   4  0.07 0.07
  326 D    0 -1  0  1  0  1  1  1 -1 -1 -1 -1 -1 -2  1  1  0 -2 -1 -2    7   4   5  10   2   5   9  10   1   4   5   4   1   2   8  13   6   1   2   2  0.09 0.09
  327 N    0  0  4 -1 -2  1  0  1 -1 -2 -2  1 -1 -2  0  1  0 -2 -2 -2    8   4  17   4   1   5   5  10   2   2   4   7   2   2   6  10   5   1   2   3  0.16 0.13
  328 S    0  0  1  0 -1  0  0  0  0 -2 -1  0  0 -2  0  3  0 -2 -1 -1    8   4   6   5   1   5   5   8   2   2   5   5   2   2   4  21   6   1   2   4  0.11 0.12
  329 H    0  1  1  0 -1  0  0  1  3 -2 -1  0 -2 -2  1  1  0  0  0 -2    6   7   6   6   1   5   5   9   7   3   7   4   1   2   6  12   5   1   4   3  0.07 0.08
  330 I    0  0  0  0 -1  0  0  0  0  0  0 -1 -1 -1  1  1  0  0 -1  0   10   4   5   5   1   3   5   7   2   6  10   3   1   3   6  10   7   2   2   8  0.01 0.03
  331 T   -1  0  0  0  2  0 -1 -1  2  0 -1  0  2  0  0 -1  0  3  1 -1    5   5   5   5   5   5   5   5   5   5   5   5   5   5   5   5   5   5   5   5  0.03 0.09
  332 S   -1  0  0  0  2  0 -1 -1  2  0 -1  0  2  0  0 -1  0  3  1 -1    5   5   5   5   5   5   5   5   5   5   5   5   5   5   5   5   5   5   5   5  0.03 0.09
  333 E    0 -1  0  0  0  1  0 -1  2 -1 -2  0  1 -1  0  1 -1  2  0 -1    6   4   4   6   2   6   6   6   6   4   4   5   4   3   6  10   4   2   3   4  0.02 0.09
  334 D    0  1  0  0 -5  0 -1  0  0 -2 -1 -1  0  1  1  1  0  1 -1 -1    6   6   5   6   0   5   5   6   3   2   6   4   2   6   7  10   6   2   2   4  0.02 0.10
  335 I    0 -1  0 -1 -1  1 -1  0  0  0  0  0 -1 -1  0  2  0  1  0  0    6   4   4   3   1   6   3   7   2   6   8   5   1   3   5  13   6   2   3   6 -0.00 0.07
  336 K    0  0  0 -1  0  0  0  0  1 -2 -1  0  0 -1  2  1  0  0  0 -2    9   4   4   4   2   4   7   7   4   3   6   6   3   3  10   9   6   1   3   3  0.03 0.10
  337 A    2  0  0  0 -2  0 -1  1 -3 -3 -1 -2 -2 -3  0  3 -1 -1 -1 -3   17   6   5   5   1   4   4   9   1   2   6   3   1   1   5  18   3   1   2   2  0.16 0.23
  338 L    0 -1  0 -1 -2  0 -1  0  0  0  0 -2  0  0  1  2  0 -1 -1 -1    6   4   5   4   1   3   5   9   3   5   9   2   2   3   7  13   6   1   2   5  0.01 0.08
  339 R    1  2  1 -1 -5  0 -1 -1 -1 -1 -2  0  0  0  1  1  0  2  0 -1   10  10   6   3   0   5   5   5   1   4   4   6   2   4   6  10   6   3   3   4  0.05 0.13
  340 K    0  1  0 -1 -2  0  0  0  3 -2 -2  1  0 -1  2  1  1  0 -1 -3    9   7   4   3   1   4   7   8   6   2   5   8   2   2   9  10   7   1   2   2  0.12 0.15
  341 D   -1 -1  1  1 -2  1  1  1 -1 -1 -1 -1 -2 -1  0  2 -1 -2 -3 -2    6   4   8   8   1   7  10   9   2   4   6   4   1   2   5  14   4   1   1   3  0.13 0.16
  342 P    0 -1  0  0 -3 -1  2  0  1 -4 -3  0 -3 -3  3  1  1 -1 -1 -2    8   4   4   5   1   3  11   8   3   1   3   5   1   2  15  12   7   1   2   3  0.20 0.24
  343 N   -1  0  0  0 -3  0  0 -1  1  0 -1  0  1  0  0  0  0  3  1 -1    5   5   5   5   0   5   5   5   5   5   5   5   5   5   5   5   5   5   5   5  0.02 0.09
  344 S    0  0  0 -1  1  0 -1 -1  1 -1 -2 -1  1  0  0  3  0  2  0 -2    6   5   5   3   2   4   4   6   3   3   4   3   3   4   6  18   6   3   3   4  0.08 0.16
  345 K    0  1  0 -1  0  1 -1  0  0 -1 -2  1  1 -2  0  1  0  1  0 -2    8   7   5   4   2   6   3   7   2   4   4  10   3   2   4  12   7   2   3   3  0.03 0.11
  346 Q   -1 -1 -1 -3 -1  2 -3  0  3 -3 -3  0  0 -1 -1  4  0  1  0 -2    6   3   3   2   2   8   2   7   5   2   3   5   2   2   3  28   6   2   4   3  0.38 0.35
  347 F   -2 -2 -1 -3 -1 -1 -4 -2 -1  0  2 -1  2  3 -2  1 -1  6  1 -1    3   3   3   2   1   3   1   3   2   5  17   3   4  12   3  11   5  10   5   4  0.39 0.28
  348 T   -1 -2 -2 -1 -1 -2 -3  0 -1 -1  1  0  3  1  0  1  2  1 -2 -1    5   2   2   3   1   2   2   8   2   3  13   7   6   6   5  12  13   2   1   5  0.16 0.16
  349 K    0  2  1  0 -1  2 -2  2 -6 -4 -4  1 -2 -2  0  3 -2  0 -3 -5    6   9   6   6   1   7   3  15   0   1   3   8   1   2   5  19   3   1   1   1  0.34 0.31
  350 L   -1  0 -1 -4 -7 -2 -4 -1 -1 -1  0  0  1  4 -3  2 -1  2  4 -1    6   5   3   1   0   2   1   5   1   4   9   6   3  15   2  12   4   3  13   5  0.38 0.27
  351 I   -1  0  0  0  2  0  0 -1  2  0 -1  0  2  1  0 -1  0  4  1 -1    5   5   5   5   5   5   5   5   5   5   5   5   5   5   5   5   5   5   5   5  0.09 0.08
  352 S   -1  0 -1 -2  1 -1 -1 -1  4 -1 -1  0  3  1  0  1  1  4  0 -2    5   5   3   3   2   3   4   6   8   3   6   6   6   6   4  11   7   5   3   3  0.18 0.16
  353 K   -1  0  0 -1  0  1 -2  1  3 -3 -3  2  0 -1  1  2 -1  1 -1 -2    5   6   4   4   2   5   3  12   6   2   3  12   2   3   6  14   4   2   2   3  0.18 0.18
  354 T    1 -1  0 -2 -1  0 -1  0 -1  0  0  0  0  2 -2  0  0  1  2  1   11   4   4   2   1   4   4   6   1   5   9   5   3   8   2   8   5   2   6  11  0.06 0.07
  355 I    1 -4 -2 -4 -1 -3 -3 -3 -1  2  3 -3  2  0 -1 -2 -1 -1 -2  3   10   1   2   1   1   1   2   2   2  12  26   2   5   4   3   4   4   1   1  16  0.42 0.26
  356 K   -1 -1 -1 -2 -2  1 -1  0  1 -2 -2  1  1 -3  4  1  0  2 -1 -2    6   4   3   2   1   6   4   9   3   2   4   9   3   1  20  11   6   3   2   3  0.30 0.28
  357 K    1  0  2 -1 -2  1 -3  1 -1 -3 -4  3 -3 -4 -1  2  0 -1  0 -2   11   5   9   3   1   5   2  11   1   2   2  17   1   1   3  13   5   1   3   4  0.28 0.25
  358 S   -1 -1 -3 -4  1 -6 -3 -1  1 -1 -1 -2  2  0 -3  0 -2  0  7  0    6   4   2   2   3   0   2   6   3   4   5   3   5   4   2   7   3   1  32   5  0.74 0.46
  359 I   -2 -3 -2 -7 -2 -6 -6 -3  0  2  4 -3  0  4 -2 -3 -1  4 -2  1    4   2   2   0   1   0   1   3   2  10  33   2   2  13   3   2   4   5   1   9  0.67 0.37
  360 P   -4 -3 -1 -1 -2 -4  0 -2 -1 -3 -3 -1 -1 -1  6  2 -1 -2 -3 -4    2   2   3   4   1   1   5   4   2   2   3   4   2   2  41  13   5   1   1   2  0.93 0.61
  361 S    0 -2  0 -1 -2  0 -2 -1 -1 -2 -2  0  0 -4  1  4  0 -6  2 -2    7   2   4   4   1   4   3   4   2   2   5   6   3   1   7  27   7   0   7   4  0.32 0.28
  362 Q   -1 -2 -1 -2 -1  5 -1 -1 -1 -2 -1 -1  2  2 -1  0 -1  2  2 -2    6   2   3   3   1  21   5   5   1   2   6   5   5   8   4   6   5   2   6   4  0.31 0.23
  363 A   -1 -3  1 -1 -2 -1  0 -1 -1 -1 -1 -1  1 -1 -2  2 -1  2  2  2    5   2   5   3   1   3   7   5   2   3   6   3   3   3   3  16   4   2   7  15  0.17 0.15
  364 L   -1 -1 -1 -1 -2  1  0 -1 -2 -2 -1 -1 -2  0  2  2  2 -2 -1 -1    6   4   3   3   1   6   5   5   1   3   8   4   1   5  11  16  10   1   2   5  0.16 0.15
  365 R   -2 -1 -3  2 -1  1  5 -3  0 -3 -3  0 -3 -3 -1  0 -1 -5 -5 -2    4   4   1  10   1   6  35   3   2   2   3   6   1   1   3   8   4   0   0   4  0.64 0.42
  366 R   -4  7 -3 -4 -3 -3 -4 -3 -6 -4 -2  0 -6 -4 -3 -1 -3  8 -2 -5    2  46   2   1   1   1   2   2   0   1   4   6   0   1   2   5   2  18   2   1  1.59 0.81
  367 D    2 -5  0  3 -1 -4 -3 -4  1 -4 -5 -3 -4 -7 -3  6 -1 -7 -7 -7   13   1   5  13   1   1   2   2   3   1   2   2   1   0   2  46   4   0   0   1  1.12 0.68
  368 F   -5 -4 -4 -5 -1 -4 -7 -3 -1 -1 -1 -3 -2  8 -4 -3 -4  3  1  0    1   1   1   1   2   1   1   2   1   4   7   2   1  53   1   2   2   4   5   7  1.62 0.76
  369 A    7 -5 -3 -4  0 -7 -4 -3 -7 -5 -5 -3 -4 -8 -7  1 -2 -8 -4 -1   67   1   2   1   2   0   2   2   0   1   2   2   1   0   0  10   3   0   1   4  1.64 0.87
  370 H   -4 -1 -2 -3 -3  5 -5 -6  3 -3 -5  1 -3  2 -7  1  3  3  3 -1    2   3   2   2   1  20   1   1   6   2   1   8   1   8   0  11  15   4   8   5  0.72 0.48
  371 I    3 -6 -3 -5  3 -6 -6 -3 -3  3  0 -5 -2  5 -4 -2 -3 -2  0  2   20   0   1   1   5   0   0   2   1  15   9   1   1  20   1   3   2   1   3  13  0.73 0.42
  372 T   -4  6 -3 -4 -7  2 -2 -5  4 -6 -6  3 -4 -4  0  0  0 -1 -3 -4    2  33   1   1   0   8   3   1   9   0   1  17   0   1   5   7   7   1   1   2  0.95 0.60
  373 I   -5 -5 -3 -3 -5 -4 -6 -5 -6  3  5 -4 -1  1 -5 -3 -3 -2 -1  3    1   1   1   2   0   1   0   1   0  16  45   2   1   6   1   3   2   1   2  16  0.96 0.53
  374 K   -2  1  0 -4 -3 -1 -1 -3  0 -4 -3  0 -2 -4  7 -2 -4 -6 -3 -4    4   6   4   1   1   3   4   2   2   1   3   7   1   1  52   4   1   0   1   1  1.27 0.73
  375 N    0  0  0  0  2  0  0 -1  1  0 -1  0  1  0  0  0  0 -2  1  0    5   5   5   5   5   5   5   5   5   5   5   5   5   5   5   5   5   0   5   5  0.03 0.05
  376 T    0  0  0  0  1  0  1 -1  2 -1 -1  0  0 -1  1  1  0 -3  0 -1    8   4   5   4   3   4   9   5   5   4   4   6   3   3   8  12   5   0   3   5  0.07 0.10
  377 K   -1  0  0  0  2  0  0 -1  2  0 -1  0  2  1  0 -1  0  4  1 -1    5   5   5   5   5   5   5   5   5   5   5   5   5   5   5   5   5   5   5   5  0.09 0.08
  378 T    0 -1  0 -1  1  0 -1  0  1 -1  0 -1  0 -1  0  1  2  1  0  1    7   3   5   3   3   5   4   6   3   3   8   4   2   3   4  10  12   2   4   9  0.06 0.08
  379 K   -1  4 -1 -2  0  1 -2 -3  3 -2 -4  3 -1 -2  1  0 -2  1 -1 -2    6  19   3   3   2   6   3   3   5   3   2  16   2   2   8   8   3   2   2   3  0.39 0.31
  380 H    0 -3  3 -2  6 -2 -3 -3  2 -2 -3 -2 -1 -1 -3  2  2  2  2 -2    8   2  13   2  12   2   2   2   4   3   3   3   1   3   2  15  10   2   6   3  0.48 0.35
  381 I   -1 -3 -4 -3  1 -2 -2 -7 -7  5  0 -2  0 -1 -3 -1  0 -7 -2  3    7   2   1   2   3   2   3   0   0  31   8   3   2   3   2   6   6   0   2  18  0.70 0.38
  382 L    1 -4 -3 -9  9 -8 -9 -4 -2  1 -2 -8 -2 -3 -3 -2 -1  2 -3  4   11   1   2   0  31   0   0   2   1   7   4   0   1   1   2   4   4   3   1  23  1.36 0.68
  383 G    5 -3 -3 -5  1 -3 -4  2 -2 -3 -5 -3 -7 -2 -2  1  0 -8 -3 -3   44   2   2   1   3   1   2  15   1   2   2   2   0   2   2  11   5   0   1   2  0.91 0.55
  384 F   -4 -8 -3 -8 -7 -2 -4 -4 -7  2  2 -4  3  7 -4 -4 -4  3 -3 -1    2   0   2   0   0   2   2   2   0  10  15   2   6  43   2   2   2   3   1   5  1.38 0.65
  385 P    1 -2 -1 -1  0 -2 -3  3 -2  0 -2 -2 -1 -5  2  2  1  1 -1  0   10   2   3   3   2   2   1  20   1   6   4   2   1   0   9  17   7   2   2   6  0.28 0.26
  386 K   -1  1  0 -1 -1  0 -1  0  2 -1 -2  1 -2 -1  1  2  1 -4 -2 -1    5   7   4   3   1   4   4   6   6   4   4   9   1   3   6  17  10   0   1   4  0.14 0.16
  387 E    0 -2  3  3 -2  3  1 -1  2 -2 -3 -1 -2 -5 -1  1  0 -5 -3 -2    7   2  12  13   1  14  10   5   4   2   2   3   1   0   3  12   6   0   1   2  0.34 0.29
  388 F   -1  0  2  0  1 -1  0  1  1 -2 -1  2  0 -1 -1  1  1 -4 -2 -1    4   5   9   5   3   2   5  11   3   2   5  14   2   3   3  10   9   0   1   3  0.11 0.13
  389 M   -1  1  0  0 -1  1  1 -2 -1  0 -1  1  0 -3  3  1  0 -3 -2  0    3   8   4   6   2   8   7   3   2   5   5   7   3   1  13   9   6   0   1   7  0.14 0.14
  390 N    0 -2  5  0 -3 -1 -2 -2  3 -5 -1 -2 -2 -5  4 -1  0 -2  1 -3    7   2  25   5   1   2   2   3   6   1   7   2   1   0  18   4   5   1   5   2  0.55 0.40
  391 Q   -3  3 -1 -3 -3  3 -2 -5  3 -1 -2  0 -1 -3 -4  2  4 -3  1 -1    1  14   3   1   1  12   3   0   7   4   4   4   1   1   1  13  21   0   5   4  0.46 0.40
  392 V   -3 -5 -7 -8  0 -4 -7 -8 -7  4  4 -7  0 -2 -7 -4 -5  0 -3  4    2   1   0   0   2   1   0   0   0  24  35   0   2   1   0   1   0   1   1  28  1.21 0.64
  393 Y   -1 -4 -4 -4 -2 -3 -5 -6  0  3  3 -5  4  2 -4 -2 -3 -1  3  2    5   1   1   1   1   1   0   0   2  15  25   0   9   8   1   4   2   1   9  14  0.59 0.39
  394 V    1 -7 -7 -7 -1 -6 -7 -7 -2  4  0 -6  0 -4 -7 -3 -3 -7 -6  6   13   0   0   0   2   0   0   0   1  19   7   0   2   1   0   3   2   0   0  50  1.28 0.68
  395 L    4 -6 -6 -6  1 -6 -6 -3 -6  4  1 -6 -1  0 -3 -4 -3 -6 -5  4   29   0   0   0   3   0   0   3   0  22  13   0   1   3   2   1   1   0   0  23  0.83 0.51
  396 S   -1 -5 -2 -4  6 -4 -6  2 -2 -4 -5 -5 -3 -5 -6  3  5 -1 -4 -5    6   1   2   1  14   1   0  17   1   1   1   0   1   1   0  21  31   1   1   1  1.04 0.65
  397 N    2 -2 -2 -1 -2 -1  0 -2  0 -1 -1 -2  3 -1 -1  3  0 -4  3 -1   18   2   2   3   1   3   5   3   2   3   7   2   8   2   2  20   4   0  10   3  0.25 0.27
  398 D   -2 -4  3  7 -4  0  2 -4 -2 -7 -6 -3 -7 -7 -6  0 -1 -8 -5 -7    3   1  11  52   1   4  12   1   1   0   1   2   0   0   0   8   3   0   1   0  1.38 0.75
  399 G   -2 -4 -6 -5 -7 -7 -7  8 -7 -8 -8 -4 -8 -8 -7 -4 -5 -2 -8 -8    4   1   0   1   0   0   0  89   0   0   0   1   0   0   0   1   1   1   0   0  2.51 1.10
  400 S   -3  0  1 -1 -1 -1 -1 -1  3 -2 -2 -1 -1  1 -5  2  1  0  4 -2    1   6   6   3   2   3   3   4   6   3   4   3   1   6   0  19   8   1  16   3  0.31 0.29
  401 F   -5 -5 -7 -8  0 -7 -7 -5 -6 -1  3 -7  0  7 -7 -6 -6  4  4  0    1   1   0   0   2   0   0   1   0   2  29   0   2  35   0   0   0   5  15   7  1.39 0.68
  402 F   -5 -2 -3 -6  0 -2 -2 -6  5 -5 -2 -4 -4  2 -6 -2 -4  1  9 -4    1   2   2   0   2   2   3   1  10   0   5   1   0   8   0   3   1   1  55   1  1.81 0.87
  403 I   -3  4 -1 -3  1  1  1 -5 -1  2 -2  3  0 -4 -5 -2 -1 -3 -1  2    2  20   2   1   3   7   9   1   2  12   3  15   2   1   0   3   3   0   2  14  0.41 0.32
  404 Y   -3 -6 -7 -8  5 -7 -7 -6 -2 -3  0 -7 -6  5 -8 -5 -5  0  8 -2    3   0   0   0  10   0   0   1   1   1   8   0   0  23   0   1   1   1  46   3  1.91 0.87
  405 S    0  1  3  1 -3  1  1 -2 -1 -3 -2  0 -2 -4 -3  3  1 -2 -3 -1    7   8  15   6   1   6   8   2   1   1   4   6   1   0   1  20   7   1   0   5  0.29 0.27
  406 L   -6 -7 -7 -8 -6 -7 -7 -8 -3  3  3 -7  1  7 -7 -7 -6 -5  0  2    0   0   0   0   0   0   0   0   1  17  25   0   3  37   0   0   0   0   3  13  1.44 0.66
  407 P   -3 -4  3  6 -7 -3 -1 -4 -2 -6 -5 -3 -3 -4  4 -3 -2 -7 -4 -6    2   1  13  45   0   1   4   1   1   0   2   2   1   1  21   2   2   0   1   0  1.31 0.67
  408 S    0 -1 -1 -2 -2  1  2 -3 -3 -3 -2  1 -3 -2  5  1  1 -6 -5 -1    9   3   2   2   1   6  14   1   1   2   4   8   0   2  24  10   7   0   0   5  0.43 0.33
  409 T   -2  0  3  3 -4  0  3 -4 -2 -4 -5  2 -5 -5 -3  0  0 -2 -2  0    3   5  13  15   0   4  20   1   1   1   0  13   0   0   1   5   7   1   1   8  0.48 0.36
  410 S   -2  0  0 -1 -6 -3 -2  6 -2 -7 -6 -1 -6 -5 -2  0 -2 -2 -6 -6    2   5   4   3   0   1   2  64   1   0   1   3   0   1   2   7   2   1   0   0  1.33 0.65
  411 G   -2 -6 -1 -2 -7 -2 -4  7 -3 -5 -6 -2 -7 -8 -3 -2 -4 -7 -7 -7    3   0   3   2   0   2   1  79   1   1   1   2   0   0   2   2   1   0   0   0  1.90 0.86
  412 S   -2 -3 -1  2 -7  0  7 -1 -3 -5 -7  0 -6 -5 -2 -1 -1 -7 -6 -5    2   1   3   9   0   3  60   5   0   1   0   4   0   0   2   5   3   0   0   1  1.27 0.70
  413 C   -1 -8 -7 -5 11 -4 -4 -2 -8 -6 -1 -7  5 -4 -4 -5 -6 -7 -5 -6    5   0   0   1  67   1   2   4   0   0   6   0  11   1   1   1   0   0   0   0  2.71 1.06
  414 V    0  0 -2 -2 -2  1  0 -3  0 -1 -1  2  1 -4 -1  1  3 -5 -2  1    5   4   1   1   1   5   5   1   2   3   5  14   4   0   3  11  18   0   1  13  0.21 0.23
  415 L   -3  2 -5 -6 -2  2 -3 -7 -3 -1  5 -2 -1 -2 -6 -5 -4 -4 -4 -1    1  11   0   0   1   9   1   0   1   2  63   2   1   2   0   0   1   0   0   3  1.09 0.60
  416 S   -2 -3 -4 -2 -4  1  1 -5 -4  2  3 -2  2 -3 -4 -3 -1 -3 -2  3    3   1   0   2   0   8  11   0   0  13  27   2   4   1   1   2   3   0   1  22  0.46 0.33
  417 K   -1  2 -1 -1 -5  1  2 -3  1 -4 -4  5 -4 -4 -4  1 -2  1 -3 -4    5  12   2   3   0   5  15   1   4   1   2  33   0   1   0  12   1   2   0   1  0.61 0.41
  418 Q   -3 -1 -3 -2 -1  6  3 -6  1 -6 -5 -1 -2  0 -5  0  0 -3  4 -4    1   3   1   1   1  35  17   0   3   0   0   3   1   4   0   7   5   0  15   1  0.90 0.57
  419 N   -4  1  1 -2 -3  0  0 -4  8 -4 -5 -2 -5  2 -6 -3 -4 -4  6 -3    1   8   6   2   1   4   6   1  34   1   1   2   0   7   0   2   0   0  24   2  1.26 0.63
  420 D   -3  5  3  0 -5  1 -2 -4 -3 -3 -3  2 -3 -1 -4  2 -2 -6 -4 -2    1  30  13   4   0   5   2   1   0   2   3  13   1   3   0  19   1   0   0   3  0.63 0.42
  421 F   -6 -6 -7 -8 -6 -7 -7 -7 -6 -2  4 -7 -2  7 -7 -6 -5  2  1 -2    0   0   0   0   0   0   0   0   0   1  45   0   0  45   0   0   0   2   4   2  1.70 0.71
  422 K   -3  5 -2 -2 -5  3  4 -4 -2 -5 -4  3 -3 -5 -3 -2 -2 -4 -3 -4    0  34   0   0   0  17  30   0   0   0   0  18   0   0   0   0   0   0   0   0  0.91 0.31

                      K         Lambda
Standard Ungapped    0.1326     0.3173
Standard Gapped      0.0410     0.2670
PSI Ungapped         0.1268     0.3176
PSI Gapped           0.0388     0.2670
