
Last position-specific scoring matrix computed, weighted observed percentages rounded down, information per position, and relative weight of gapless real matches to pseudocounts
           A  R  N  D  C  Q  E  G  H  I  L  K  M  F  P  S  T  W  Y  V   A   R   N   D   C   Q   E   G   H   I   L   K   M   F   P   S   T   W   Y   V
    1 M   -2 -3 -4 -4 -2 -2 -3 -4 -3  3  3 -3  5 -1 -3 -3 -1 -3 -2  2    0   0   0   0   0   0   0   0   0  15  35   0  35   0   0   0   0   0   0  15  0.51 0.13
    2 E   -1 -2 -1  5 -4  0  5 -3 -2 -4 -4  1 -3 -4 -2  0 -1 -5 -4 -4    4   0   0  34   0   0  43   0   0   0   0   8   0   0   0   8   4   0   0   0  0.78 0.25
    3 D   -3  0  1  5 -5 -1  3 -3  2 -2 -4 -1 -4 -5  0  0 -2 -5 -3 -4    0   4   4  46   0   0  24   0   6   4   0   0   0   0   5   6   0   0   0   0  0.79 0.29
    4 G    2 -2  0  3 -3  0  2  2 -2 -3 -2 -1 -1 -4  0  1 -1 -4 -3 -3   26   0   3  17   0   4  15  14   0   0   3   0   2   0   4  11   1   0   0   0  0.34 0.20
    5 G    0 -1 -1  0 -4  0  3  3 -2 -4 -3  1 -3 -4  2  0 -1 -4 -4 -4    4   1   2   3   0   4  26  29   0   0   2   9   0   0  10   8   2   0   0   0  0.48 0.24
    6 A    2  0  0 -1 -3  0  0  0 -2 -2 -1  1 -1 -3  3  2  0 -4 -3 -1   24   4   3   2   0   3   5   4   0   0   9   9   1   0  14  17   3   0   0   3  0.24 0.16
    7 G    1 -2  0  1 -3  1  1  3 -2 -2 -2 -2 -2 -4 -2  1  0 -4 -3  0    9   0   3  10   0  10   8  30   0   2   4   0   0   0   1  11   4   0   0   7  0.30 0.19
    8 L    0 -1  0 -2 -2  0  0  0  2  0  1 -1  0 -1  1  0  0 -2  1  1    5   1   4   0   0   6   7   9   7   7  16   0   2   1   6  10   5   0   5  10  0.06 0.08
    9 R    0  3  0  1 -3  2  1 -2  1 -1 -2 -1 -1 -3 -1  0  0 -3 -1  0    6  20   3   9   0  10  11   2   4   3   3   0   1   0   3   8   7   0   2   8  0.18 0.15
   10 A    2  1  2 -1 -3  0  0  1  0 -2 -2 -1 -2 -3  2  1  1 -4 -3 -1   25   9  11   1   0   3   6   8   2   1   3   0   0   1   9   7  10   0   0   3  0.21 0.18
   11 P   -3 -1  0  1 -5 -2 -1 -4 -4 -3 -3 -2 -5 -6  7  0 -1 -6 -5 -4    1   3   4   9   0   2   4   1   0   1   2   1   0   0  61   7   4   0   0   1  1.46 0.55
   12 R    0  3 -1  1 -3  2  1 -2  0 -1 -2  0 -2 -3  0  1  1  0 -3 -1    8  19   1   8   0  11   7   2   3   3   4   4   0   0   3  13   7   2   0   5  0.19 0.16
   13 Y    0 -2 -3 -1 -3 -1  1 -3  2 -1  0 -1 -1  2  0  0 -1  0  5  1    7   2   0   3   0   1  10   1   6   2   9   3   1   7   4   6   3   1  23  11  0.25 0.21
   14 P    0 -2 -2  2 -2  1  1 -1 -4 -1 -3  0 -4 -5  6 -1 -2 -6 -5 -2    8   1   1  10   1   6   9   4   0   4   2   4   0   0  42   3   2   0   0   3  0.83 0.40
   15 A    0 -2  1  3 -2  0  2  2  0 -1 -2 -2 -1 -4 -1  0  0 -4 -2 -1    6   1   7  17   1   3  17  18   2   3   4   1   1   0   3   5   6   0   1   4  0.25 0.19
   16 E   -1 -2  0  2 -4  1  3  0  0  0 -3  1  0 -3  1  1 -2 -1 -1 -3    4   1   5  10   0   5  23   8   2   6   1   9   3   1   8   9   1   1   3   1  0.25 0.21
   17 D   -2 -1  1  6 -5  0  1 -2  2 -4 -4 -2 -5 -4 -1  0 -2 -6 -5 -3    3   3   6  52   0   3   8   3   4   1   1   2   0   0   2   7   2   0   0   2  0.93 0.47
   18 T   -1  0  1 -1 -4  2  2 -2  0  0 -2  1 -2 -4  0  0  3 -2 -3  0    3   4   6   3   0  10  16   3   3   5   4   7   0   0   4   4  19   0   1   7  0.21 0.21
   19 S    0  2 -2  0 -4  1  0 -2 -2 -3 -3  0 -2 -2  4  1  1  0 -2 -2    6  12   1   6   0   6   6   3   0   1   1   5   0   2  24  13   7   1   1   3  0.42 0.28
   20 P   -1 -1 -4 -1 -5 -2 -1 -3 -5 -2 -1 -2 -2 -1  7 -2 -1 -6 -2  0    6   3   0   3   0   2   4   2   0   2   7   2   1   3  52   2   4   0   1   6  1.09 0.53
   21 T    1 -3 -3 -3 -4 -4 -2 -4 -3 -2  0 -4 -3 -4 -3  0  5 -3 -3  3   11   1   1   1   0   0   3   1   0   1   9   0   0   0   1   7  43   0   1  20  0.75 0.51
   22 T   -2  2 -1 -1 -5 -2 -4 -2 -3 -4 -3  1 -4 -4 -3  4  5 -6 -5 -3    2   9   2   3   0   1   0   3   0   0   2   7   0   1   1  27  39   0   0   1  0.84 0.56
   23 D   -2  5  1  0 -6  0 -2 -4 -2 -5 -4  4 -5 -6 -2  1 -2 -3 -4 -3    3  31   8   6   0   4   1   1   1   1   1  29   0   0   2   8   1   0   0   2  0.84 0.51
   24 R   -3  6 -3 -5 -7 -1 -2 -3 -5 -6 -2  5 -4 -6 -3 -2 -2  4 -5 -4    2  41   1   0   0   2   1   2   0   0   4  33   0   0   1   3   2   5   0   1  1.23 0.67
   25 E   -1 -1 -2 -1 -7  1  6 -3  1 -3 -4 -1 -4 -7 -3 -2 -2 -7 -6 -2    6   3   2   2   0   6  61   2   3   1   2   3   0   0   1   3   3   0   0   3  1.16 0.67
   26 L   -3  1 -5 -6 -5  0 -3 -6 -4  4  4 -3  0 -2 -5 -4 -3 -1 -2  2    2   9   0   0   0   4   2   0   0  25  39   1   1   1   0   0   1   1   2  12  0.77 0.45
   27 R   -2  3  0 -6 -6 -3 -5 -5 -3  0  0  1 -2  3 -6 -3 -2 10  1 -2    3  16   4   0   0   1   0   1   1   5   8   8   1  10   0   2   2  32   4   3  1.24 0.63
   28 G    4 -4 -5 -5 -5 -5 -5  5 -6 -7 -7 -5 -6 -6 -6  3 -2 -7 -4 -5   36   1   0   0   0   0   0  38   0   0   0   0   0   0   0  23   2   0   1   0  1.33 0.73
   29 F   -8 -8 -9 -10 -8 -8 -6 -9 -7 -8 -7 -9 -4  2 -9 -9 -8 12  4 -8    0   0   0   0   0   0   1   0   0   0   0   0   0   8   0   0   0  77  13   0  4.22 1.54
   30 F    2 -4 -5 -7  5 -6 -6 -5 -4 -1 -1 -4  0  0 -7 -2 -2  2  8 -2   17   1   0   0  10   0   0   1   0   3   6   1   2   2   0   3   2   2  46   3  1.35 0.72
   31 C    1 -4 -5 -6  1 -4 -5 -3 -5  1  3 -5  5  3 -5  1 -1  0 -3 -1   10   1   0   0   3   0   0   2   0   6  31   0  17  11   0  10   3   1   0   4  0.63 0.43
   32 Y   -5 -7 -7 -8 -1 -2 -7 -8 -3 -4 -4 -7 -2  4 -8 -6 -5  0  9 -4    1   0   0   0   2   2   0   0   0   1   1   0   1  14   0   0   1   1  75   1  2.77 1.16
   33 G    0 -5  0  7  0 -4 -3  1 -4 -6 -6 -4 -4 -3 -4  0 -4 -6  3 -6    8   0   4  51   2   0   1  12   0   0   0   1   0   1   1   6   0   0  11   0  1.23 0.67
   34 L    0 -7 -1 -7 -1 -6 -5 -6 -6  1 -2 -7 -2  5 -7 -4 -5 10 -2  0    9   0   4   0   1   0   1   0   0   8   4   0   1  22   0   1   0  42   0   6  1.97 0.87
   35 A    6 -6 -6 -6 -4 -5 -6  3 -6 -6 -6 -5 -6 -7 -4  0 -2 -7 -5 -5   71   0   0   0   0   0   0  20   0   0   0   0   0   0   1   5   2   0   0   0  1.69 0.86
   36 A    2 -5  7 -1 -1 -4 -4 -4 -2 -3 -6 -4 -1 -4 -4  2 -1 -4  0 -2   15   0  52   3   2   0   0   1   1   1   0   0   1   1   1  12   3   0   3   3  1.24 0.71
   37 E   -2 -5  2 -2 -1  1  3 -1 -1 -6 -5 -3 -6 -7 -5  5 -3 -7 -4 -6    2   0  11   2   2   6  21   5   1   0   1   1   0   0   0  47   1   0   0   0  1.03 0.67
   38 V    4 -5 -5 -5 -2 -3 -5  3 -5 -1 -5 -5 -2 -6  3  0 -1 -6 -5  3   31   0   0   0   1   1   0  19   0   3   0   0   1   0  16   6   3   0   0  19  0.77 0.52
   39 F   -6 -6 -5 -5 -6 -5 -7 -5 -2 -1  0 -6 -1  7 -7 -6 -2  1  6 -1    0   0   1   1   0   0   0   1   1   4   8   0   1  45   0   0   3   2  29   4  1.72 0.78
   40 A    3 -4  0 -4 -4 -3 -3  1 -3 -1 -4 -4 -2 -1 -1  3  2 -4  0  1   28   0   5   0   0   1   1   9   1   4   0   0   1   2   4  19  12   0   3   9  0.43 0.37
   41 V    0 -4 -2 -5 -2 -3 -4  0 -5  2  1 -4 -1 -2 -1 -1  4  0 -3  2    7   0   2   0   1   1   0   7   0  10  14   0   1   1   3   3  32   1   1  15  0.49 0.38
   42 C   -1 -3 -3 -5  4 -4 -5 -3 -5  1  0 -4  1  2 -2  1  2 -2 -3  4    5   1   1   0   8   1   0   1   0   7   6   0   3   8   2  10  15   0   0  30  0.52 0.38
   43 A    2 -4  1 -4 -1 -2 -4  0 -5  4 -1 -4 -1 -3 -3  1 -1 -3 -2  4   15   0   6   0   1   1   0   8   0  21   4   0   1   0   1  11   2   0   1  26  0.47 0.35
   44 V    0 -4 -3 -5 -3 -3 -4 -3 -4  3  2 -4  5  2 -2 -1  1 -4 -1  2    7   0   1   0   0   1   1   2   0  15  17   0  14   7   2   4  11   0   2  15  0.45 0.31
   45 G    3 -4 -2 -3 -4 -3 -4  3 -5 -4 -4 -4 -4 -3 -2  2  5 -5 -3 -1   21   1   1   1   0   1   0  21   0   1   1   0   0   1   2  13  31   0   1   3  0.76 0.50
   46 S    2 -2 -2 -3 -3 -3 -3  0 -4  0  0 -3  0  2  0  1  1 -4 -3  2   19   1   1   1   0   1   1   8   0   5  10   1   2   8   5  11   9   0   0  16  0.22 0.22
   47 F   -4 -3 -5 -6 -4 -5 -5 -5 -5  3  1 -5  0  7 -6 -2 -2 -3  3  2    1   2   0   0   0   0   0   1   0  15  12   0   2  41   0   3   3   0   8  11  1.10 0.53
   48 L   -1 -5 -4 -4 -4  0 -5 -3 -4  3  3 -5  2  6 -5 -2 -2  0  1  0    5   0   1   1   0   4   0   2   0  13  23   0   5  29   0   3   2   1   4   4  0.71 0.40
   49 P   -1 -6 -1 -5 -3 -3 -5  0 -6 -6 -4 -5 -3  0  8  0 -3 -4 -4 -4    5   0   3   0   1   1   0   7   0   0   2   0   1   4  64   7   2   0   1   2  1.74 0.83
   50 V   -1 -4 -3 -5 -4  0 -4 -4 -4  4  2 -4 -1 -1  1 -2  0 -4 -1  3    6   1   2   0   0   5   1   1   0  22  20   0   1   2   8   2   7   0   2  19  0.47 0.32
   51 T   -3 -3  0 -5  1 -2 -5 -5 -3  1  2 -4 -2  3 -5 -2  1 -1  6  0    2   1   4   0   3   2   0   0   0   8  22   0   1  12   0   3   9   1  26   5  0.69 0.41
   52 L   -4 -5 -5 -5 -4 -4 -4 -4 -2  1  4 -3 -1  6 -5 -4 -3 -3  3  0    1   0   1   0   0   1   1   1   1   7  40   2   1  27   0   1   2   0   8   5  0.98 0.49
   53 E    0 -1  0 -1 -2  3  3 -3 -1 -2 -1  1 -2 -3 -3  0  1 -1 -3  0    9   3   3   2   1  12  23   2   1   2   7   7   1   1   0   6  11   1   1   7  0.28 0.26
   54 Q    0  0  2  0 -4  4  0  0  0 -3 -3 -1 -2 -2 -3  2  1 -1 -1 -3    9   4   8   6   0  21   5   7   2   1   3   4   1   1   1  13   9   1   3   1  0.32 0.27
   55 L   -1 -2 -3 -4 -3 -1 -3 -4 -2  1  3 -3  3  2 -4 -2 -2 -2  3  2    4   2   1   1   0   3   1   1   1   6  31   1   7  10   1   3   2   0  11  14  0.47 0.28
   56 A    5 -2 -3 -3 -2 -3 -3 -2 -3  0 -2 -3 -2 -3 -3  0  0 -2 -2  0   55   2   1   1   1   1   1   3   0   6   4   1   1   1   1   5   6   1   1   6  0.77 0.40
   57 R    1  4 -1 -1 -1  0  0 -2  0 -2 -2  1 -2 -1 -1  1  1 -2  0 -1   12  22   2   3   2   3   6   3   2   3   4   6   1   3   3  10   7   0   3   4  0.18 0.14
   58 E    0 -1  0  2 -3  1  3 -1 -1 -2 -1  1 -1 -1 -1  0  0  0 -2 -2   10   3   3  14   1   7  18   5   1   2   5   7   1   3   3   7   4   2   1   3  0.17 0.13
   59 Q    2  0  3 -1 -1  1  0  0  2 -1 -2  0 -2 -2 -2  0 -1 -1 -1 -1   18   6  18   3   1   7   5   6   4   4   4   4   1   1   2   6   3   1   2   4  0.20 0.15
   60 G    3 -2 -1 -2 -2 -2 -2  5 -2 -1 -2 -2 -2 -2 -2 -1 -2 -3 -3 -2   21   2   3   2   1   1   2  43   1   3   4   2   1   2   2   5   2   0   1   2  0.68 0.29
   61 V   -1  0 -1 -2  1 -1 -2 -1  1  0 -1 -1 -1  2 -1 -1 -1  4  2  2    5   6   2   2   3   2   3   5   4   4   5   3   1  11   3   4   3   6   7  21  0.18 0.12
   62 L    0  0  0  0 -1  0  0 -1 -1  0  2  0  0  0 -1  0  0  1  0  0    8   4   4   5   1   5   8   4   1   5  22   4   1   3   3   6   4   2   4   6  0.03 0.04
   63 F    0  0  0 -1 -1  0  0  0  0 -1  1  0  0  1  0  0  0  0  1  0    9   4   3   3   1   5   6   8   2   3  16   4   1   7   3   9   5   1   5   5  0.02 0.03
   64 I    0 -1  0  0 -1  0 -1  1 -1  0 -1 -1 -1 -1  2  2  0  0  0  0    7   3   4   5   1   4   4  10   1   5   5   4   1   3  10  16   4   2   4   6  0.09 0.06
   65 D   -1 -1  1  5 -2 -1  0  1 -1 -2 -2 -1 -2 -2  0  0 -1  0 -2 -2    4   3   6  34   1   3   4   9   2   3   5   3   1   2   4   6   3   1   1   3  0.39 0.17
   66 K    0  1  1 -1 -1  0  0 -1  4 -2 -1  1 -1 -1  1  0  0  2  1 -1    6   9   6   3   1   4   4   5  12   2   6  10   1   3   8   5   5   3   5   3  0.14 0.08
   67 V    0 -1  0  0  0  0  0  0 -1  0 -1  0  0 -1  0  1  2  0 -1  0    9   3   3   6   2   3   5   6   1   5   6   4   3   3   4  11  15   1   2   8  0.05 0.05
   68 T    0  0  0 -1  0  0 -1 -1 -1  0  0  0 -1 -1  0  0  2 -1 -1  0    9   4   4   3   2   5   3   5   1   6   9   7   1   2   3   6  17   1   2   8  0.05 0.05
   69 P    0 -1  0 -1 -1 -1 -1 -1 -1 -2 -1 -1 -1 -1  5  1  0 -2 -2 -2    9   4   4   3   1   2   4   4   2   2   5   4   1   3  31  10   5   1   1   3  0.46 0.19
   70 C    0 -2 -1 -1  8 -1 -2 -1 -2  0 -1 -1  0 -2  0 -1  0  0 -2  0    7   3   3   4  29   2   3   5   1   5   7   4   2   2   5   5   5   1   1   5  0.53 0.19
   71 T    0  0  1  0  0  0  0  0  0 -1 -1  0  0 -1  1  1  0 -1  0  0    6   4   8   7   2   3   3   8   3   4   7   4   2   3   7  10   8   1   5   7  0.04 0.03
   72 A    1 -1  0  0  1  0  0  0 -1 -1 -1 -1 -1 -1  1  1  1 -1  0 -1   13   3   3   5   3   4   5   8   1   3   6   3   1   3   6  13   9   1   4   4  0.06 0.05
   73 K    0  0  0  0  0  0  0  0  0 -1 -1  0 -1 -1  1  1  1 -1  0 -1   10   4   3   7   3   4   5   6   2   3   7   6   1   3   6  14   8   1   3   5  0.06 0.03
   74 N    0  0  1  0  0  0  0  0  0 -1 -1  0 -1 -1  1  1  0  1  0  0    8   5   6   6   2   3   5   8   2   4   6   5   1   3   7  10   6   2   2   8  0.04 0.01
   75 A    1  0  0  0  1  0  0  0  0 -1 -1  0 -1 -1  1  1  0 -1 -1 -1   15   4   6   4   5   3   4   9   2   4   7   5   2   2   7   9   7   1   2   5  0.05 0.03
   76 T    0  0  0  0  2  0  0  0 -1  0  0  0  0  0  1  0  1  0  0 -1    8   4   5   5   5   4   6   6   2   5   9   4   2   4   7   8  11   1   3   4  0.04 0.02
   77 V    0  0  0  0  1  0  0  0 -1  0  0  0  0  0  0  0  1  0  0  0    7   4   4   5   3   4   4   7   1   6   8   4   2   5   4   8   8   1   2  12  0.01 0.01
   78 I    0  0  0  0  0  0  0  0  0  0  0  0  0  0  1  0  0 -1  0  0    9   4   4   4   2   4   7   6   3   6  10   5   2   5   7   7   5   1   2   7  0.02 0.00
   79 A    1 -1  0  0  0  0  0  1  0  0  0  0 -1  0  1  0  0  1  0  0   13   3   5   4   2   3   5  11   2   4   8   4   1   3   6   8   6   2   4   6  0.04 0.01
   80 N    0  0  1  1 -1  0  0  0  0 -1 -1  0 -1 -1  1  0  0  0 -1 -1    9   5   9   8   1   4   5   9   2   5   7   5   1   3   6   7   7   1   2   4  0.05 0.02
   81 A    1  0  0  0  0  0  0  0  0 -1 -1  0 -1 -1  2  1  1 -1  0  0   12   4   4   4   2   3   5   9   2   4   7   4   2   3   9   9   8   1   4   6  0.06 0.02
   82 T    0  0  0  0  0  0  0  0  0  0  0  0  0  0  1  0  1  0  0  0    8   4   3   6   2   4   4   8   2   6   9   4   1   4   6   8   9   1   4   7  0.02 0.01
   83 V    0  0  0  0 -1  0  0  0  0  0  0  0  0  1  1  0  0  0  1  0    8   6   4   4   1   4   5   8   2   4   9   5   2   7   6   6   6   1   5   8  0.01 0.00
   84 N    0  0  0  0 -1  1  0  1  0 -1 -1  0  0 -1  2  0  0 -1  0 -1    9   5   5   6   1   7   5  10   2   3   6   3   2   3  11   5   7   1   3   4  0.08 0.03
   85 A    1  0  0  0  0  1  0  0 -1 -1 -1  0 -1 -1  1  0  0  1 -1  0   12   5   5   4   3   7   5   8   1   4   8   5   1   3   8   7   6   2   2   6  0.05 0.02
   86 L    0  0  0  0 -1  0  0  0 -1  0  1 -1  0 -1  1  0  1  0  0  0    6   4   4   5   2   3   4   8   2   4  16   4   2   2   8   5   9   1   5   7  0.03 0.02
   87 M    0  0  0  0 -1  0  0  0  0  0  0  0  0  0  1  0  0  1  0  0    8   5   3   5   1   3   5   7   2   6  10   4   4   4   6   8   9   2   3   7  0.02 0.00
   88 S    1  0  0  0  1  0  0  1 -1 -1 -1  0 -1 -1  1  1  1 -1  0  0   10   5   5   4   4   4   4   9   1   4   6   5   1   3   6  14   7   1   3   6  0.05 0.03
   89 R    0  0  0  0  1  0  0  0  0 -1 -1  0  0 -1  1  0  0  0 -1  0   10   5   4   4   4   5   6   7   2   4   7   6   2   3   7   9   6   1   2   6  0.04 0.01
   90 A    1  0  0  1  0  0  0  1 -1 -1  0  0 -1  0  0  0  0 -1 -1  0   13   4   4   7   3   3   6  10   1   4   8   3   1   4   4   8   7   1   2   7  0.03 0.02
   91 E    0  0  0  1  1  0  1  0  0  0  0  0  0 -1  1  0  0 -1 -1  0   10   4   3   8   3   4   9   8   2   4   8   4   2   3   6   6   6   1   2   8  0.03 0.01
   92 G    0  0  0  0  0  0  0  1 -1 -1 -1  0 -1 -1  1  0  0  1  0  0    9   4   4   6   2   3   6  15   1   4   6   5   1   3   5   9   5   2   4   6  0.05 0.02
   93 S    0  0  0  1  1  0  0  0 -1 -1 -1  0 -1 -1  1  1  0 -1 -1  0    8   4   4   8   3   3   5   9   1   4   7   5   1   3   8  12   7   1   2   5  0.06 0.03
   94 D    0  0  1  2 -1  0  1  1 -1 -1 -1  0 -1 -1  0  1  0 -1 -1 -1    9   4   5  14   1   4   9   9   1   3   6   5   1   2   4   9   6   1   2   4  0.09 0.04
   95 T    0  0  1  1 -1  0  0  1  0 -1 -1  0 -1 -1  1  1  0  1 -1 -1    5   4   8  11   1   3   6  12   3   3   7   4   1   3   6   9   7   2   3   4  0.07 0.04
   96 H    0  0  1  1 -1  0  0  0  0 -1 -1  0 -1  0  1  0  0  0  1  0    8   4   7   7   1   3   6   8   3   4   5   4   1   4   7   8   4   1   8   6  0.05 0.03
   97 Q    0  1  0  1 -2  2  0  0  0 -1 -1  1 -1 -1  1  0  0 -2 -1 -1    6   7   4   9   1  10   4   8   2   3   5   8   1   2   8   8   7   1   2   5  0.08 0.05
   98 C   -1 -1 -1 -1  8 -2 -1  1 -2 -2 -1 -1 -2 -2 -1 -1 -1 -2 -2 -2    5   3   3   4  37   2   4  10   1   3   6   4   1   2   4   4   3   1   1   3  0.77 0.27
   99 I   -1  0 -1  0 -1  0 -1 -1  0  1  0 -1  1 -1 -1 -1  1 -1  0  3    4   5   3   5   1   4   4   4   2   7   6   4   4   3   2   5   8   1   4  26  0.08 0.08
  100 I   -1 -2 -2 -2 -1 -2 -2 -3 -2  2  2 -2  0  0 -2 -2  0 -1 -1  4    4   2   1   2   1   1   2   2   1  12  17   2   2   4   1   2   6   1   1  35  0.36 0.20
  101 N   -1  1  1 -1 -3  1  0  0  2 -2 -2  1 -1 -1  3  0 -1  2  1 -2    4   8   6   3   0   5   5   6   6   1   5   8   1   3  14   9   4   3   5   3  0.17 0.12
  102 V   -2 -3 -3 -3 -2 -3 -3 -3 -3  2  1 -3  0  5 -1 -3 -2  6  1  2    3   1   1   1   1   1   2   2   0  13  13   1   2  23   4   2   2  11   4  15  0.54 0.28
  103 F    1 -3 -2 -3 -3 -2 -3  3 -2 -2  2 -3  1  3 -2 -2 -2  2 -1 -1   11   1   2   1   0   1   1  27   1   1  21   1   3  13   2   3   2   3   1   4  0.35 0.24
  104 G   -1 -3  0 -2 -4 -2 -3  6 -1 -4 -3 -3 -2 -2 -1  0 -1  2 -3 -3    5   1   4   2   0   1   1  55   1   1   3   1   1   2   4   8   3   2   1   2  0.87 0.41
  105 A    0  0  0  0 -2  0 -1  1  1  0  0  0  0  0 -2  0  0  2  0  0    7   7   3   6   0   2   3  11   5   8   7   4   3   6   1  10   6   3   2   6  0.02 0.04
  106 E    0  0  0  1 -2  0  2 -1  0 -1 -2 -1 -1 -1  1  0  0  5  1 -1    6   4   4   8   1   4  14   5   2   4   3   3   1   2   7   7   7   9   6   3  0.17 0.14
  107 L   -1  0 -2 -2 -2 -2 -2 -3 -2  3  0  0  2  1 -2 -2  0 -1 -1  3    4   7   1   2   0   1   2   2   1  22   8   5   5   5   2   2   5   1   2  24  0.24 0.19
  108 T    0  0  2  3 -3  0  1 -1  0 -2 -2 -1 -2 -3  1  1  1 -2 -2 -2    5   5   9  20   0   4   8   4   2   3   4   2   1   1   7  11  11   0   1   2  0.24 0.19
  109 T    2 -2  0 -2 -2 -2 -2  1 -3  0 -2 -2 -1 -2  3  1  2 -3  0  0   16   1   5   1   1   1   2  12   0   4   3   1   1   2  13   8  17   0   3   9  0.23 0.21
  110 A    2 -3  1  0 -3  0  0  0 -3 -3 -3 -2 -1 -2 -2  2  3 -4 -2 -1   18   0   8   4   0   5   4   7   0   1   2   1   1   1   1  16  25   0   1   4  0.34 0.29
  111 S    3 -2 -2 -3 -3 -1 -2 -1 -3 -2 -3 -2 -2  0 -3  5  1 -4 -3 -1   21   2   1   0   0   2   2   4   0   2   2   1   1   4   1  46   7   0   1   4  0.65 0.45
  112 F   -1 -3 -4 -4 -4 -2 -3 -4 -2  1  2 -4  1  5 -4 -3 -2  3  4  1    4   1   1   1   0   2   1   1   1   9  20   0   4  22   0   1   1   4  15  11  0.58 0.33
  113 A    1 -4 -4 -5 -4 -3 -4 -4 -3  0 -1 -3 -2  1 -1  1 -1  9  2  2   10   1   1   0   0   1   0   1   1   6   7   1   1   5   3  12   3  28   8  13  0.90 0.46
  114 M    0 -3 -2 -3 -3 -3 -3  3 -3 -2  3 -3  2  0  0  1  0 -4 -3 -1    9   1   2   1   0   1   1  22   0   1  29   0   5   4   4  11   6   0   0   3  0.32 0.27
  115 Y   -2 -2 -4 -2 -4 -4 -4 -5 -1  1  1 -4  0  3 -5 -4 -2  4  7  0    4   2   1   3   0   0   1   1   1   7  13   1   3  11   0   1   2   5  41   5  0.97 0.49
  116 T    3 -3 -3 -4  1 -2 -3  0 -4  1  0 -3  1 -2 -3  0  2 -2 -3  2   27   1   1   0   4   1   0   7   0   7   8   0   3   1   0   7  16   0   0  15  0.33 0.28
  117 F   -1 -2  3 -2 -3  0 -2 -2 -1  2  0 -2  1  2 -4  0  1 -3  0  1    2   1  18   1   0   6   1   2   1  14  10   2   3   8   0   9   9   0   3  10  0.21 0.22
  118 S    3 -4 -2 -4 -3 -3 -4  3 -4 -4 -4 -3 -3 -2 -3  4  1 -3 -4 -2   23   0   1   0   0   0   0  20   0   1   1   0   1   1   0  39   9   0   0   3  0.78 0.50
  119 A    1 -5 -5 -5 -2 -4 -5 -3 -5  5  2 -4  0  2 -5 -3 -1 -4 -2  2   11   0   0   0   1   0   0   3   0  37  22   0   1   8   0   1   3   0   0  13  0.68 0.38
  120 S    3 -4 -3 -4  1 -3 -4  0 -4 -3 -3 -4 -2 -4 -3  5  1 -5 -2 -2   29   0   1   0   3   1   0   5   0   1   2   0   1   0   1  46   8   0   1   2  0.88 0.55
  121 V    0 -2 -2 -4 -1 -1 -3  1 -2  0 -1 -3  2  3 -3  0  1 -3  1  3    9   1   1   0   1   2   0  10   1   3   4   0   7  15   0   8   9   0   4  23  0.27 0.25
  122 F    2 -4 -5 -5 -2 -4 -5 -2 -5  2  4 -4  0  3 -5 -2 -3 -1 -2  1   18   0   0   0   1   0   0   3   0  11  40   0   1  12   0   2   1   1   0   9  0.60 0.37
  123 M    0 -5 -5 -5  1 -4 -5 -3 -5  4  3 -4  1  2 -5 -2 -1 -4 -3  3    6   0   0   0   3   0   0   2   0  26  27   0   2   7   0   2   3   0   0  20  0.62 0.35
  124 Q   -1 -3 -3 -4 -1  5 -2 -4 -4  3 -1 -3  1 -3 -4 -1 -2 -5 -4  3    5   1   1   0   1  34   2   1   0  15   5   1   4   1   0   6   2   0   0  21  0.69 0.47
  125 A    5 -4 -4 -5  0 -4 -4  0 -5  0  0 -4  0  1 -4 -1  0 -5 -4  2   49   0   0   0   1   0   0   6   0   4   7   0   3   6   0   3   6   0   0  13  0.67 0.45
  126 L   -1 -5 -5 -6 -2 -5 -5 -5 -5  3  4 -5  0  3 -4 -4 -3  1 -3  3    6   0   0   0   1   0   0   1   0  18  39   0   1  11   1   1   1   2   0  18  0.78 0.42
  127 A    0 -4 -4 -5  0 -4 -4 -2 -4  2  3 -4  2  1 -4 -1  1 -4 -3  2    7   0   0   0   2   0   0   3   0  13  35   0   4   6   0   5  11   0   0  13  0.46 0.32
  128 L    2 -4 -2 -4 -1 -3 -3 -1 -4 -1  1 -3  1  3 -4  3  0 -3  0  1   19   0   1   0   1   0   0   5   0   3  16   0   3  12   0  23   4   0   3   9  0.33 0.30
  129 V   -3 -6 -6 -6 -3 -5 -4 -6 -6  3  0 -5 -3 -2  7 -4 -1 -6 -5  1    1   0   0   0   1   0   1   0   0  17  10   0   1   2  54   1   4   0   0   8  1.50 0.71
  130 S   -1 -4 -3 -4 -1 -2 -4 -2 -4  3  2 -4  0  2 -3  2  1 -1 -1  2    3   0   0   0   1   1   0   3   0  18  17   0   1  10   1  19   7   1   1  16  0.37 0.30
  131 V   -2 -5 -6 -6 -1 -5 -6 -5 -5  3  4 -5  3  2 -3 -4 -2 -4 -2  1    2   0   0   0   1   0   0   0   0  18  47   0   7   9   1   1   1   0   1  10  0.90 0.48
  132 S   -1 -6 -3 -4 -3 -6 -6  7 -6 -7 -7 -5 -3 -7 -6  2 -4 -7 -7 -7    4   0   1   1   1   0   0  76   0   0   0   0   1   0   0  15   1   0   0   0  1.89 0.85
  133 S    5 -3 -2 -3 -2 -2 -3  2 -3 -4 -4 -2 -3 -5  1  3  0 -6 -3 -1   43   1   2   1   1   2   0  13   0   0   1   1   0   0   6  18   5   0   1   4  0.68 0.48
  134 V    0 -2 -5 -5 -2 -4 -4 -5 -3  4  2 -4  2  1 -4 -3 -2  2  1  2    9   3   0   0   1   0   1   0   0  29  21   0   5   6   1   1   1   3   6  12  0.57 0.36
  135 A    7 -6 -5 -6 -2 -5 -5  0 -6 -3 -4 -5 -2 -6 -4  0 -2 -7 -6 -2   77   0   0   0   1   0   0   7   0   1   1   0   1   0   1   7   2   0   0   3  1.55 0.82
  136 D   -7 -4 -2  9 -8 -4 -3 -5 -6 -8 -8 -6 -8 -8 -6 -5 -3 -9 -8 -8    0   1   1  94   0   1   1   1   0   0   0   0   0   0   0   0   1   0   0   0  2.87 1.19
  137 H    0  2 -1 -2 -3  0 -3 -4  6 -2 -2 -1 -2  3 -5 -1 -2 -2  5 -2    7  12   3   2   1   3   1   1  17   3   3   3   1  10   0   4   3   0  23   3  0.63 0.42
  138 G    0  1 -2 -2 -2 -2 -2  4 -1 -2 -3  0 -1 -3 -1  2  1 -3 -2 -3    7  10   1   1   1   1   1  33   1   2   3   5   1   1   4  16   9   0   1   1  0.42 0.32
  139 T    0  1  2 -1 -2 -1 -2  4  0 -3 -4 -1 -3 -3 -1  1  0 -5 -2 -3    7   8  11   2   1   2   2  37   2   1   2   3   0   1   3  10   6   0   1   2  0.50 0.34
  140 W   -1  3  1 -2 -2 -1 -2 -1  2 -1 -1  0  0  2 -2  0 -1  5  3 -2    5  18   7   1   1   1   1   4   5   4   4   5   2   9   2   8   3   9  11   1  0.30 0.26
  141 R   -3  6 -2 -4 -6 -1 -3 -1 -2 -4 -5  5 -5 -5 -3 -2 -3 -3 -5 -5    1  48   2   1   0   1   0   5   1   1   1  32   0   0   1   3   1   0   0   0  1.32 0.70
  142 K   -3  3 -2 -4 -6 -1 -2 -3 -2 -3 -3  6  0 -4  1 -2 -2 -2 -1 -4    1  14   1   0   0   1   1   1   1   2   3  58   3   1   7   1   2   1   2   1  1.11 0.64
  143 K   -1  3  0 -2 -3 -1 -1 -2  0 -1 -1  2  0 -1  2 -1  0  5  0 -2    4  20   4   1   0   2   2   2   2   3   6  14   2   3  11   4   5   9   3   2  0.31 0.26
  144 L   -3 -4 -4 -5 -4 -3 -5 -3 -4  2  3 -4  2  5 -5 -4 -2  7  1 -1    2   1   1   0   0   1   0   2   0  13  27   1   6  25   0   1   1  13   4   3  0.83 0.44
  145 L   -4 -5 -5 -6 -1 -4 -5 -6 -5  1  5 -5  4  2 -4 -5 -2 -1 -1  0    0   0   0   0   1   0   0   0   0   5  63   0  10   9   1   0   1   1   1   5  1.05 0.54
  146 A    1 -1 -2 -4 -1 -2 -3 -1 -3  2  2 -1  2  2 -3 -2 -1 -1 -1  1   16   4   1   0   1   2   0   6   0  16  22   4   5   8   0   2   3   1   1   7  0.19 0.20
  147 G    1 -2 -2 -4 -1 -2 -3  1 -3  2  1 -3  0  3 -3  0  0  2 -1  1   11   2   1   0   1   1   0  13   0  11  12   0   1  17   1   5   6   2   1  13  0.21 0.21
  148 F   -1 -5 -3 -5  1 -5 -5 -3 -3 -1  0 -5 -1  7 -4  0  1  1  0 -2    5   0   1   0   3   0   0   2   1   3  10   0   1  52   1   7   8   2   1   2  0.98 0.55
  149 G    2 -3 -1 -3  3 -2 -2  0 -3 -1 -1 -3  0 -1 -2  2  4 -1 -2  0   18   0   2   0   6   1   1   6   0   4   4   0   2   2   2  15  28   1   1   8  0.35 0.32
  150 L    1 -3 -3 -4  1 -3 -3 -1 -3  2  2 -3  1  1 -3  0  0  2  2  2   11   0   0   0   3   0   0   4   0  11  22   0   2   7   0   7   6   3   8  14  0.24 0.22
  151 T    0 -4 -4 -4 -1 -3 -3 -2 -4  3  3 -3  2  0 -1 -2  0 -1 -3  2    6   0   0   0   1   1   1   3   0  19  31   0   6   3   3   3   5   1   0  16  0.40 0.29
  152 G    0 -3 -2 -4  5 -4 -3  5 -4 -2 -2 -3  0 -2 -3  0 -1 -1 -1 -3    8   1   1   0  12   0   1  49   0   2   5   1   3   1   1   6   3   1   2   2  0.82 0.47
  153 S    2 -3 -1 -3  3 -2 -3  0 -3  2 -1 -3 -1  0 -2  1 -1  4 -1  2   19   0   3   0   7   1   1   7   0  13   3   0   1   3   2  12   2   7   2  15  0.25 0.24
  154 V    1 -3 -3 -3  1 -3 -1 -1 -1  3  2 -3  0  0 -2 -1  0 -3 -2  2   16   0   0   0   4   0   4   6   1  19  19   0   2   4   2   3   5   0   0  12  0.20 0.21
  155 S    2 -3 -2 -1  3 -3 -3  0 -2  0 -1 -3  0  2 -2  2  0  1 -2 -1   24   0   1   4   7   0   0   6   1   6   6   0   3  10   2  18   5   2   0   4  0.22 0.25
  156 A    1 -3 -2 -1  5  1 -2  0 -3 -2 -1 -3 -1 -3 -1  1  4 -4 -3  0   12   0   0   4  12   7   2   6   0   2   5   0   1   1   2  10  29   0   0   6  0.39 0.33
  157 M    1 -3 -3 -4  2 -3 -3  0 -3  1  1 -3  3  3 -1 -1  0  1  0  0   16   0   0   0   4   0   0   7   0  11  12   0  11  14   3   5   5   2   3   6  0.23 0.22
  158 L    2 -3 -3 -2  1 -3 -2  1 -3  0  2 -3  1  1 -1  0 -1  1 -1  0   21   0   0   2   4   0   2  11   0   4  22   0   5   6   3   7   3   2   2   6  0.18 0.21
  159 F   -1 -4 -1 -4  0 -2 -4 -3 -3  1  3 -4  4  4 -2 -2 -2  3  1 -1    5   0   3   0   2   2   0   2   0   7  30   0  10  19   3   3   2   4   3   3  0.45 0.32
  160 L    1 -3 -3 -2  0 -3 -3 -1 -3  1  1 -3  1  2 -1  0 -1  5  3  0   12   0   0   2   2   0   0   5   0   8  14   0   4   9   2   9   4   8  10   8  0.25 0.22
  161 L    0 -2 -2 -2 -1 -2 -2  0 -3 -1  2 -2  0  5 -2 -1  0  4  0 -1    8   2   2   2   2   2   2   8   0   3  20   2   2  25   2   3   5   5   2   4  0.30 0.25
  162 V    1 -5 -5 -3  1 -2 -3 -2 -5  2  1 -3  0  3 -2 -1  0 -1 -2  4   11   0   0   1   3   2   1   3   0  12  11   1   2  11   2   4   6   1   1  28  0.41 0.31
  163 V    0  0  0  1 -2  0  0  1  0 -2 -2  0 -1 -2  1  1  2 -1  0 -1    5   4   5   7   1   5   6  10   2   2   3   6   2   1   8  10  16   1   3   4  0.13 0.17
  164 P    0 -2 -1  0 -5  0  0  0 -1 -4 -3 -1 -2 -3  6  1 -1 -6 -2 -3    7   2   3   5   0   5   5   7   2   1   3   3   1   2  36  11   3   0   1   2  0.68 0.51
  165 Q   -1 -1  0  2 -4  0  1  3  1 -4 -3 -1  0 -2 -1  2 -1  0 -1 -3    3   3   4  10   0   4   8  23   3   0   3   3   3   1   3  17   3   1   2   2  0.29 0.30
  166 I    0  0  0  1 -3  1  0 -1  1 -1  0  0  1  0  1  0  0  1  0 -1    8   4   5   9   0   8   5   4   3   3  10   5   4   4   6   5   6   2   2   5  0.04 0.08
  167 F   -2 -3 -2 -2 -5 -2 -3 -2  0  0 -1 -3 -1  2 -1 -2 -2  9  4  1    3   2   2   3   0   2   2   4   2   5   6   2   1   7   3   3   3  28  15   9  1.00 0.60
  168 V   -1 -1 -1 -2 -4  0 -1 -2 -1  0  1 -2  0  1  0 -1  0  6  2  0    6   3   2   1   0   5   5   4   2   5  16   2   2   6   6   4   5  12   6   6  0.23 0.22
  169 V    0 -2 -2 -3 -3 -2 -2 -3 -1  1  3 -2  1  2 -2 -1 -1  3  0  1   10   2   2   2   0   2   2   2   2   9  28   2   3   8   2   4   4   4   3   9  0.24 0.22
  170 G    4 -3 -2 -2 -1 -2 -2  3 -1 -2 -1 -3  0 -2 -1  0  0  0 -2 -1   32   1   2   3   1   1   2  24   2   2   5   1   2   2   4   6   5   1   1   4  0.42 0.30
  171 S    2 -1 -1 -2 -2 -1 -1  1 -3  1  1 -1  2 -1  0  0  0  0 -2  0   16   2   3   2   1   2   3  12   0   7  14   2   7   2   5   9   4   1   1   7  0.11 0.13
  172 F    1 -3 -3 -2 -1 -2 -3  1 -2  2  2 -3  0  2 -2 -2 -1  0 -1  1   12   1   1   2   1   1   1  13   1  12  21   1   2   8   2   2   4   1   1  11  0.21 0.18
  173 L   -1 -3 -2 -2 -1 -1 -3 -3 -2  1  4 -4  2  1 -3 -2 -2  2  0  0    5   1   3   3   1   3   1   2   1   5  46   1   4   6   1   3   2   3   2   6  0.51 0.33
  174 T    1 -3 -2 -4 -1 -2 -3 -2 -3 -1  0 -3  0  4 -2 -1  0  4  4  0   13   2   2   1   2   2   1   4   0   4   9   1   2  16   2   5   6   6  17   8  0.41 0.28
  175 V    0 -3 -2 -3  1 -1 -3 -1 -2  4  1 -2  2  0 -1 -1 -1 -1 -1  2    8   1   1   1   3   2   1   5   1  26  12   2   5   4   3   4   3   1   2  15  0.28 0.21
  176 I   -2 -3 -4 -4  1 -4 -4 -2 -3  4  3 -4  1  1 -2 -3 -1 -2 -2  3    4   1   1   1   2   1   1   3   1  20  31   1   2   6   2   2   3   1   1  19  0.54 0.32
  177 C    3 -4 -3 -3  2 -3 -3  3 -4 -1 -2 -3  0 -1 -1  2  0  0 -4 -1   28   1   1   1   4   1   1  24   0   4   4   1   2   2   3  14   4   1   0   4  0.46 0.34
  178 V    0 -2  3 -2  0 -1 -2 -1 -2  0  1 -2  0  1 -2  0  0  2  0  0    7   1  19   1   2   3   1   4   0   6  15   2   2   5   2   8   7   4   4   8  0.18 0.19
  179 V    0 -4 -2 -4  1 -3 -4 -2 -4  3  2 -2  0 -1 -2 -1  0 -4 -1  3    7   1   3   1   3   1   1   3   0  20  16   2   2   3   2   4   6   0   2  24  0.39 0.27
  180 C    1 -3 -2 -3  5 -2 -3  2 -2  1  0 -3  0  3 -2  1  0 -3 -2 -1   13   1   1   1  11   1   1  15   1   7  10   1   2  12   2  12   5   0   0   4  0.31 0.25
  181 L   -1 -3 -2 -3 -2 -3 -4 -2 -1  0  1 -4  0  6 -4 -1 -2  2  5 -1    5   1   2   1   1   1   1   3   1   6  11   1   2  31   1   5   3   2  18   3  0.72 0.42
  182 G    1 -2  1 -2 -2  0  0  3 -2  0 -2 -2 -1 -1 -3  1 -1  0 -2  0    9   1   8   1   1   5   6  27   1   8   3   1   1   3   1  12   4   1   1   6  0.25 0.23
  183 C    2 -3 -3 -3  1 -2 -3  0 -4  2  2 -3  1  0 -2  0  0 -4 -2  2   19   0   1   1   3   1   1   9   0  11  17   1   3   5   1   6   5   0   1  13  0.23 0.21
  184 S    3 -4 -2 -2  2 -4 -3  2 -4 -2 -3 -4 -2 -2 -4  4  1 -5  0 -1   27   0   1   2   4   0   1  14   0   3   3   0   1   2   0  27   7   0   3   5  0.55 0.44
  185 F   -1 -2  3 -3 -2  0 -1 -1 -2  0  1 -2  1  3 -4  0  1  0  1 -1    4   1  14   1   1   4   3   5   1   6  16   1   3  16   0   6   8   1   5   3  0.22 0.23
  186 V    0 -5 -2 -3 -2 -3 -3 -3 -5  3  0 -4  1  0 -3 -1  1  0 -2  5    8   0   2   1   1   1   2   2   0  14   6   1   3   3   2   4   8   2   1  41  0.59 0.41
  187 I    0 -3 -2 -3  3 -4 -3  1 -4  0  0 -4  0  5 -2  0 -2  0  0  0    9   1   2   2   6   0   2  12   0   6   8   0   2  29   2   7   3   1   3   5  0.48 0.36
  188 L   -1 -3 -2 -5 -1 -3 -3 -2 -1  0  0 -4  0  5 -2 -2 -2  5  6 -1    4   1   2   0   1   1   2   3   1   4  10   1   2  22   3   4   3   6  25   4  0.76 0.49
  189 N    1 -2  4  0 -1 -1  0  2 -1 -1 -2 -3  0 -1 -4  0  0  1  1 -1   11   2  22   4   1   3   5  14   2   3   4   0   3   2   0   8   6   2   4   4  0.26 0.27
  190 S    4 -3 -2 -3  1 -4 -3  1 -4 -1 -2 -3  0 -1 -3  2  0 -1 -2 -1   38   2   2   1   3   0   2   9   0   4   4   1   2   3   1  15   5   1   1   5  0.47 0.41
  191 Y    2 -4 -2 -3 -1 -1 -3  1 -1 -1 -1 -3  1  4 -2  1 -1  1  4 -1   16   0   2   1   1   3   1  11   1   3   6   1   3  16   2   9   3   1  15   3  0.35 0.31
  192 L   -2 -3 -1 -3 -1 -1  0 -2 -1  2  3 -3  1  3 -4 -3 -2  0  2 -1    2   1   4   1   2   3   6   3   2  10  31   2   3  13   0   2   2   1   7   4  0.36 0.28
  193 P   -1 -4  0  0 -1 -2 -3 -1 -1 -1 -2 -3 -2  1  6 -2 -1 -4 -4  2    4   1   6   5   1   2   1   5   2   3   3   2   1   6  36   3   3   0   0  16  0.68 0.42
  194 L   -1 -1 -2 -1 -3 -1 -1  0 -1  1  1 -1  0  3 -1  0 -1 -2  0  1    5   4   1   3   0   3   4   8   1   7  14   2   2  16   2   7   3   0   2  11  0.08 0.12
  195 L   -2 -4 -2 -4  0 -2 -4 -4 -3  2  4 -4  1  2 -4 -3 -3 -3  5  0    3   1   2   1   2   2   1   1   0  13  34   1   3   8   1   2   1   0  19   6  0.66 0.41
  196 V    0 -2  1  1  2 -1  0  0  2  0  0 -2  1 -2  1  0  0 -3 -2  0    7   0   7   7   7   0   7   7   7   7   7   0   7   0   7   7   7   0   0   7  0.08 0.12
  197 L    2  4  0  0  0  0 -1 -2  1 -1 -2  1  1 -2 -1  1 -1 -4 -1 -2   17  21   3   5   2   4   3   3   3   3   3   6   3   2   3   8   3   0   2   3  0.22 0.23
  198 N   -1  0  0  0  2  0  0 -1  2  0 -1  0  2  1  0 -1  0  4  1 -1    5   5   5   5   5   5   5   5   5   5   5   5   5   5   5   5   5   5   5   5  0.09 0.08
  199 H   -1 -2 -2  0 -2 -1 -2 -4  7 -2  2 -4  1 -4 -5  1  1 -5  1 -2    6   2   2   6   1   3   3   1  23   2  21   1   3   0   1   9   9   0   5   2  0.62 0.43
  200 P    0 -2 -4 -3 -3 -3  0 -3 -2 -2 -3 -2 -2 -2  7 -3 -3 -2 -2 -3    8   3   1   1   1   2   5   3   1   2   3   3   1   2  56   2   2   1   1   2  1.39 0.81
  201 V   -1 -1 -1  2 -4  1  3 -3  2  0 -2  1 -1  0 -3  0 -1 -1 -1 -2    6   4   2  12   0   5  22   1   4   5   5   8   1   4   1   8   4   1   2   3  0.27 0.25
  202 V   -1 -3 -4 -2 -2 -2 -2 -3 -3  2  1 -5  2  0 -5 -2 -1 -5 -2  5    5   2   1   2   1   2   3   2   1  12  15   1   5   4   0   4   4   0   2  37  0.60 0.39
  203 Q    1  3 -2 -3 -1  2 -2 -1 -1  0  1  0  0 -1 -3  0 -1 -4 -1  0   11  19   1   1   1   9   2   4   1   6  12   6   2   2   1   8   3   0   2   8  0.20 0.20
  204 S    1  0 -1  0 -3  0  1 -1  0 -2 -1  1 -1 -2  0  1  1 -4 -1 -1   14   5   3   4   0   5  11   5   3   1   5   9   1   1   5  11   7   0   2   5  0.12 0.15
  205 D    2 -1 -1  0 -1  0  0 -2  0 -1 -1  1 -1 -2  1  1 -1 -4 -1 -1   18   3   3   4   1   4   7   3   2   4   7   9   1   2   8  13   4   0   2   5  0.12 0.15
  206 E    1  2 -1  0 -2  0  2  0  0 -1 -1  1  1  0 -1  0  0  0 -1 -2   11  12   3   5   1   4  14   8   2   3   5   7   3   4   2   6   4   1   2   3  0.10 0.12
  207 D    0  1  1  2 -2  1  1  0 -1 -1 -1  1 -1  0  0 -1 -1  1  0 -2    6   8   8  10   1   7  11   6   1   4   6   8   1   4   4   4   3   2   3   2  0.10 0.11
  208 H    0  1  1  1 -3  1  2  0  0 -2 -2  0  0 -1  0  0 -1 -1  0 -2    6   9   6   8   0   7  13   7   2   2   4   5   3   3   5   7   4   1   3   3  0.11 0.12
  209 P    1 -2 -1  0  0 -1 -1  1  0  0  0 -1 -1 -1  1  0 -1  0  2  0   11   2   3   7   2   2   4  12   2   5  12   3   2   3   9   5   3   1   7   8  0.06 0.08
  210 T    0  0  0  0 -1  0  1  0  0  0  0  0  0  0  1  0  0 -2  0  0    8   5   6   6   1   4   8   6   2   5   9   7   4   4   5   6   6   0   3   6  0.03 0.01
  211 A    1  0  0  0  0  0  0 -1 -1  0  0  0  0 -1  0  1  0 -2 -1  0   15   6   5   5   2   3   7   3   2   6   8   4   2   3   3  11   6   0   2   6  0.04 0.06
  212 S    0 -1  0  0 -2  0  0  2  0 -1 -1 -1 -1 -1  1  0  1 -1 -1 -1    6   4   4   6   1   4   5  20   2   4   7   4   2   3   6   7   8   1   2   5  0.10 0.08
  213 S    1  0  0  1 -2  0  1  1  0 -1 -1  0 -1 -1  0  1  0 -1  1 -1   10   5   4   7   1   4  10  10   2   3   6   4   2   2   5   9   6   1   5   4  0.06 0.06
  214 S    0  0  0  1 -2 -1  1  0  0  1  0  0  0 -2 -1  1  0 -1 -1  0    7   4   5   7   0   2  12   8   2  10   9   7   2   1   2  10   5   1   2   5  0.05 0.07
  215 I    0 -1 -1  0 -1  0  0  0 -2  1  0 -1  0  0  0  1  1  0 -1  1    7   2   2   4   1   3   6   8   1   8  10   2   2   4   4  10   9   1   2  12  0.03 0.05
  216 P    0 -1  0  1 -1  0  0  0  0 -1  0 -1 -1  0  2  0  0  2 -1 -1    8   4   4   7   1   3   7   8   2   4   8   2   1   4   9   8   7   3   2   5  0.06 0.06
  217 L    0  0  0  1 -2  0  0  0  0  0  0  0  0 -1  0  0  0  2  0 -1   11   6   3   8   0   4   7   6   3   5   8   4   2   2   4   6   7   3   4   4  0.02 0.05
  218 Q    0  0  1  1 -3  1  2  0  0 -1 -1  0  0 -1  0  1  0  1 -3 -1    7   3   5   9   0   7  17   7   3   4   6   3   3   2   3   9   5   2   0   4  0.12 0.15
  219 P    0 -1 -1  1 -3  0  0  0  2 -1  0  0  0 -1  2  0  0 -3  0 -1    9   3   2   7   0   4   7   6   7   3  12   6   2   3   9   7   7   0   3   3  0.08 0.11
  220 I    0 -1 -1  0 -2  0  0  0  0  0  1 -1  0  0 -1  0  0  1  1  0   10   3   3   6   0   3   6   6   2   5  15   2   3   3   2   7   8   2   6   6  0.02 0.08
  221 S    0 -1  0  1 -3  0  1  1 -1 -1  0 -1  0 -1  1  1  0 -3 -1 -1    7   3   5  10   0   4   8  13   2   3  11   2   2   2   6  10   6   0   2   5  0.07 0.10
  222 P    1  0 -1  0 -3 -1  0  0  0 -1  0 -1 -1  0  3  0  0  0 -1  0   11   7   3   6   0   2   6   6   2   3   9   3   1   5  16   6   5   1   2   6  0.12 0.12
  223 Q    0  0  0  1 -3  0  2  1  1 -1 -1  0  0  0 -1  0  0  0 -1 -1    8   4   4  10   0   5  16  10   3   3   5   4   3   4   2   8   5   1   2   3  0.10 0.12
  224 R    0  0  0  1 -1  0  1 -1  0  0  0  0  0  0  0  1  0  0 -1  0    4   4   4   7   1   5   8   5   2   6   8   5   2   4   5  11   6   2   2   7  0.03 0.03
  225 S    0  0  0  1 -1 -1  0  0  0  0  0 -1 -1  0  0  1  1 -2  0  0    9   5   4   8   1   2   7   9   2   5   9   3   1   4   3  10   8   0   3   7  0.03 0.04
  226 S    1  0  1  1 -1  0  1  0  0 -1  0 -1 -1 -1  0  0  0  1 -1 -1   12   4   6   9   1   3   9   6   3   4  10   3   1   2   5   8   7   2   3   3  0.06 0.06
  227 R    0  2 -1  0 -1  0  1 -1  0  0  0  0 -1 -1  1  1  1 -2 -1 -1    9  12   3   6   1   2   8   5   2   5   9   4   2   3   6  10   8   0   2   5  0.05 0.06
  228 K    0  0  1  0 -1  0  1  0  0  0 -1  0  0  0  0  0  1  0 -1  0    9   4   6   6   1   3   9   8   2   5   7   5   2   4   4   8   8   2   2   6  0.03 0.02
  229 S    1 -1  1  1 -2 -1  0  1 -2  0  0 -1 -1  0  1  1  0 -2  0 -1   10   3   6   8   1   2   6  10   1   5   8   4   1   4   6  14   4   0   4   4  0.06 0.07
  230 E    1 -1  0  1 -2  0  2  0  1 -1 -1 -1 -1 -1  0  1 -1  1 -1 -1   12   4   3   7   1   4  13   7   3   3   8   2   1   3   5  12   4   2   2   5  0.08 0.09
  231 E    0 -1 -1  1 -2  1  2  0 -2 -1  0  0  0  0  0  0  0  0  0  0    8   3   3   6   1   6  15   7   1   3  11   4   3   5   4   6   6   1   3   5  0.06 0.08
  232 S    0  0  0  0 -2  0  0  0 -1 -1  0 -1  0  0  1  1  0  0  0  0    6   5   5   6   1   3   6   6   2   3  12   3   3   3   6  12   6   1   3   6  0.03 0.05
  233 L    0  0  0  0 -2  0 -1 -1 -1  1  2 -1  1 -1  0  0  0 -1 -1  0    6   5   4   5   1   3   4   5   2   8  21   3   5   2   4   7   7   1   2   6  0.06 0.07
  234 H    0 -1  0  0 -1  0  1  1  1  0  0 -1  0 -1  1  1  0 -2 -1  0   10   3   4   5   1   4  10  10   4   4   9   2   2   2   6  10   4   0   2   7  0.05 0.06
  235 Q    0  0  0 -1 -1  1  0  0  0 -1  0  0 -1  0  1  1  1 -1 -1  0    5   6   6   3   1   6   6   6   3   3   8   7   2   5   7  10   7   1   2   9  0.04 0.05
  236 V    0 -1  0  0  0  0 -1 -1 -1  0  1 -1  0  0  1  0  0 -1  1  0    8   3   5   7   2   4   4   4   1   7  13   3   3   4   6   4   6   1   5   7  0.02 0.03
  237 N    0  0  1  1  0 -1  1  0 -1 -1 -1  0  0 -1  1  2  1  0  0 -1    5   5   6   7   2   3   8   7   2   4   5   4   2   2   6  16   8   1   4   4  0.08 0.09
  238 R    1  1  1  1 -2  1  0  0  0 -1 -1  0 -1 -1  0  1  0  0 -1 -1   10   8   6   8   0   5   7   5   3   3   8   5   1   3   4  10   6   1   2   4  0.06 0.06
  239 K    0  0  1  1 -1  0  1  0 -2  0  0  0  1 -1 -1  0  0 -3  1  0    8   5   6   7   1   4   9   6   1   7   9   5   3   2   4   8   5   0   4   5  0.04 0.04
  240 E    0  0  0  0 -3  0  2  0  0  0  0 -2  0  0  0  0  0 -1 -1 -1    8   5   4   4   0   3  15   8   3   6  11   3   2   3   4   7   5   1   2   4  0.07 0.07
  241 V    0 -1 -1 -1  0 -1 -1  0  0  1  0 -1  0  1  0  0  0  0  2  1    7   3   3   3   2   2   3   7   3   9  10   4   2   7   5   6   6   1   6  11  0.05 0.04
  242 D    0 -1  1  2 -1  0  1  0  1 -1 -2 -1 -1 -2  1  0  0 -3  1 -2    8   4   7  13   1   4   9   6   3   4   4   4   2   2   7   8   6   0   5   4  0.12 0.10
  243 I    1 -3  2  1 -1 -2 -1 -1 -4  0  0 -2  1 -2  0  0  3  0 -1  0   10   2   8   7   1   2   5   5   0   6  11   3   3   2   4   6  16   1   2   6  0.14 0.13
  244 G    1  0 -1  0 -4 -1 -1  2 -1  0 -1 -1 -3 -1 -1  1  0  0  1  0   12   4   3   6   0   2   4  14   2   5   6   4   0   3   4  12   5   1   4   8  0.10 0.10
  245 S    0 -1 -1  1  0 -1  1 -2  0  0 -1 -1  2  0 -1  1 -1  0  1  0    9   4   3   8   2   3  11   3   3   5   7   3   5   4   4  11   4   1   5   6  0.08 0.09
  246 K   -1  0  0  0  0  0  2 -1  0 -1  1  0 -1 -2 -1  0  1  2 -1 -1    6   5   4   5   2   4  12   6   3   4  15   6   2   2   3   6   7   3   2   3  0.07 0.08
  247 A    0 -1 -1 -1  0 -1 -1 -1  1  0  0 -1  0 -1  1  0  0  1  3  0    9   4   2   3   2   2   4   6   3   5  11   5   2   2   7   6   7   2   9   8  0.07 0.07
  248 D   -1  0  0  3  1  0  1  1  1 -1 -2  0  0 -1  0 -1  0  2  1 -1    4   4   5  15   3   4   9   9   3   4   5   5   3   3   4   4   6   3   4   5  0.11 0.11
  249 S   -1  0  0  0  2  0  0 -1  2  0 -1  0  2  1  0 -1  0  4  1 -1    5   5   5   5   5   5   5   5   5   5   5   5   5   5   5   5   5   5   5   5  0.09 0.08
  250 S    1  0  0 -1 -1 -1 -1 -1 -1 -1  0  0  0 -1  0  1  1  0 -1  0   16   6   5   2   1   2   4   5   1   3  13   4   3   3   4   9  10   1   1   7  0.05 0.08
  251 D   -1  0 -1  2 -2  0  1 -1  0  0 -1  0  0 -1  0  0  1  1  0  0    5   4   2  12   0   4  12   4   2   6   6   5   3   2   4   8   9   2   3   6  0.08 0.09
  252 L   -1  0 -1  1 -1 -1  1  1 -1 -1  0  0  1 -1  1  0  0 -1 -1  0    3   6   2   8   1   2   9  11   1   3  13   4   4   3   8   8   4   1   1   7  0.05 0.07
  253 Q    0  1  1  0 -2  1  1  0  0 -1 -1  0  1  0 -1  0  0 -2  0 -1    7   9   9   6   0   6  10   6   1   3   7   6   4   4   2   7   5   0   4   2  0.07 0.08
  254 L    0  2  0 -1 -1 -1  0 -2  0  1  1  0  1  0 -2 -1  0  0 -1  1    6  13   4   3   1   2   5   2   3   8  16   6   3   3   1   4   5   1   2  12  0.06 0.09
  255 S    0  1 -1 -1  0 -1 -1 -2 -1  1  0 -2  2 -2 -3  2  0 -2  0  1    7  10   2   4   2   3   2   3   2  11   7   1   7   1   1  19   5   1   3  10  0.13 0.18
  256 T    0 -2  3  2 -2 -2 -1  2  0 -1 -2 -1  0 -3 -2  2  0 -2 -1 -2    6   2  14  10   1   0   3  14   2   4   4   2   2   0   1  19   6   1   3   3  0.24 0.23
  257 K   -1  4  0 -1 -2  1  0  0  1 -2 -1  1  0  0 -2  0  0  2 -1 -1    5  23   5   2   1   6   7   6   3   2   6   9   2   4   2   5   4   3   2   4  0.19 0.20
  258 I   -1 -5 -3 -4 -2 -5 -5 -2 -5  5  2 -5  1  0 -5 -2 -3  0  0  3    4   0   1   1   1   0   0   4   0  33  19   0   2   4   0   3   1   2   3  19  0.67 0.43
  259 S    0 -3 -3 -5  1 -2 -4 -2 -5 -2 -2 -1 -2  0 -2  6 -1  2 -1 -3    7   1   1   0   3   2   0   3   0   2   4   3   1   3   2  58   3   3   2   2  0.98 0.70
  260 S    2 -2  2 -2 -2 -3 -2  3 -3 -3 -2 -1 -1 -1 -2  2  1  1  1 -2   16   2  10   1   1   0   2  23   0   1   4   3   2   3   2  13   9   2   5   2  0.32 0.31
  261 K   -1  1 -1 -3 -1 -1 -2 -1  0  1  1  0  2  1 -3 -1  0  4  3  0    4   8   3   1   1   2   1   4   3   8  12   8   6   7   1   3   6   6  10   8  0.15 0.17
  262 G    1 -4 -1 -4  0 -4 -2  5  1 -2 -2 -4 -1 -3 -3  1 -2  2 -1 -3   11   1   2   0   2   0   2  48   4   2   4   1   2   1   1  10   2   3   2   2  0.78 0.51
  263 V   -2 -3 -1 -3  0 -2 -2 -2 -2  1  0 -3  1  4 -2  0 -2  6  3  0    3   1   3   2   2   2   2   3   1   7   7   1   3  21   2   9   2  12  11   8  0.49 0.36
  264 G    4 -3  0 -3 -1 -3 -3  2 -4 -1  0 -2  0 -1 -4  0 -1  0 -1  0   33   1   5   1   1   0   1  18   0   4   8   1   3   2   0   6   3   1   2   7  0.35 0.34
  265 I    0 -4 -2 -3 -1 -1 -4  1 -2  3  1 -3  2  1 -3 -2 -1  4  1  1    8   0   2   1   2   3   0  10   1  19  16   1   5   5   1   3   3   6   5   9  0.24 0.24
  266 G   -1 -4 -1 -2  1 -1 -5  6 -5 -2 -4 -5 -1 -3 -1 -1 -4 -1 -2 -4    5   1   2   2   3   2   0  64   0   3   2   0   1   1   3   4   1   1   2   1  1.19 0.67
  267 Y   -2 -3 -1 -5 -1 -3 -3 -3 -1  0  1 -5  1  3 -5  0 -3  1  7 -2    2   1   4   0   2   1   2   3   1   5  12   0   3  12   0   8   1   1  40   3  0.94 0.58
  268 M    1 -3 -4 -2  0 -3 -4 -1 -4  2  2 -2  1  1 -1 -1 -1 -1 -3  2   15   1   0   2   2   0   0   5   0  15  25   2   3   6   3   4   3   1   0  12  0.28 0.26
  269 A    1 -3 -3 -3 -1 -3 -3  5 -4 -2 -1 -2 -2 -2 -2  1 -1 -1 -2  0   14   1   0   1   1   1   1  40   0   3   5   2   1   2   2  12   4   1   2   7  0.55 0.41
  270 A    1  0  0 -1  0 -2 -1  4 -3 -1 -1 -3  0 -2 -2  1  0  1 -2 -1   13   6   4   2   2   1   3  32   0   3   5   0   2   2   2  11   5   2   1   3  0.32 0.29
  271 V   -1 -3 -2 -1  1 -2 -1  0 -3  2  2 -3  1  1 -2 -1  0  0 -1  2    5   0   2   3   3   1   4   8   0  14  20   0   2   5   2   4   6   2   2  16  0.16 0.18
  272 S    1 -3 -1 -2  2 -2 -2  0 -3  2  2 -3  1  0 -1 -1 -1 -3 -1  1   12   0   3   2   5   2   3   8   0  14  19   0   3   5   3   4   3   0   2  12  0.15 0.18
  273 V    0 -3 -1 -2  2 -1 -2  0 -1  1  2 -2  1  2  0 -1  0 -3  0  2    7   0   2   3   5   2   2   7   2   7  19   2   3   9   4   4   4   0   2  14  0.10 0.13
  274 Q   -1 -2 -1 -1  0  0 -2 -2  0  1  3 -2  1  2 -1 -1  0 -3  1  0    4   2   3   3   2   6   2   3   3   6  33   2   3   8   4   4   6   0   4   5  0.19 0.21
  275 V    1 -2 -1 -1  1 -1 -1  1 -3  2  1 -2  0  0 -1 -1  0 -3 -1  2   11   2   3   4   3   2   3  11   0  13  14   2   2   5   2   2   5   0   2  15  0.09 0.13
  276 I    1 -5 -3 -6 -1 -4 -5 -2 -3  4  3 -4  0  1 -3 -1 -2 -2 -2  3   10   1   2   0   1   0   0   4   1  25  22   1   2   6   2   5   2   1   1  16  0.55 0.36
  277 C    1 -3  2 -3  5 -2 -4 -1  0  0 -1 -3  1  0 -2  1  0  1 -1  1   12   1  10   1  12   2   0   6   2   5   5   1   3   5   2  12   6   2   2  10  0.28 0.25
  278 I   -1 -4 -6 -4 -3 -3 -4 -3 -4  4  4 -4  1  1 -6 -3 -2 -2 -1  2    5   1   0   1   0   2   1   3   0  19  41   1   2   5   0   2   2   0   2  11  0.74 0.43
  279 L    1 -3 -4 -5 -2 -3 -4  2 -5  2  2 -3  0  2  1 -3 -2  0 -1  2   13   1   1   0   1   1   1  15   0   9  22   1   2   7   6   2   2   1   2  13  0.34 0.27
  280 I   -2 -5 -4 -6 -1 -4 -5 -1 -5  3  2 -4  5  2  1 -3 -3  1  0  1    4   1   1   0   1   1   1   5   0  18  21   1  12   9   7   2   2   2   3  10  0.55 0.35
  281 L   -1 -4 -4 -3 -3 -3 -4 -3 -3  3  2 -4  1  3 -2 -1 -1 -5  0  3    6   1   1   2   0   1   1   2   1  18  22   1   3  12   3   5   3   0   3  17  0.47 0.30
  282 Y    0 -1 -1 -3 -3  1 -1 -1 -1  1  1  0  1  2 -2  0  0  0  1  0    7   2   3   1   0   8   3   4   1   8  16   5   4   9   2   6   6   1   5   7  0.10 0.11
  283 I    1 -1  0 -2 -2  0 -2  1 -1  0  0  0  0  1  0 -1 -1  1  0  0   14   3   5   2   1   5   2  11   2   6  11   6   2   8   4   4   4   2   3   6  0.05 0.07
  284 M    0 -3  0 -2 -2 -3 -3  0  2  0  1 -1  2  1  3 -2  0  0  0  0    8   2   4   2   1   1   1   7   4   4  15   4   6   5  17   3   5   1   3   6  0.23 0.19
  285 N    0  0  1  2 -4  0  2  1  2 -3 -3  0 -2 -1  2  0  0 -1 -3 -2    6   4   7  10   0   5  13  12   5   1   3   5   1   3   9   6   5   1   1   2  0.20 0.18
  286 K    0  0  0  0 -2 -1  0  1 -1 -2 -1  1 -1  0  0  1  0  3 -1 -2   10   6   5   6   1   2   5  11   1   2   7   9   1   4   4   9   7   5   2   3  0.08 0.09
  287 T    0 -2 -1 -1 -3 -1 -1 -1 -1  1  1 -1 -1  3  1  0  1  1 -1  0    6   2   3   4   0   2   3   5   1   7  13   4   1  14   6   8  11   2   2   5  0.11 0.11
  288 G   -1 -2  1  1 -4 -1 -1  4 -1 -1 -2 -2  0 -2  1  0  0  0 -3 -1    6   2   6   9   0   3   5  29   1   4   4   3   2   2   7   6   6   1   1   4  0.30 0.21
  289 V    0 -1 -1 -2 -1 -1  0 -1 -1  1  1 -1  1  2  0  0  0  1  0  0    7   3   3   2   1   3   6   5   1   9  16   3   3  11   4   7   5   2   2   6  0.06 0.06
  290 S    0 -2  2  2 -4  0  2  0 -1 -2 -3 -1 -2 -2  0  2  1 -1 -1 -2    8   2   9   9   0   4  12   6   2   3   3   4   1   2   5  18   7   1   2   2  0.19 0.18
  291 S    0 -2  3  2 -2  0  0  0  0 -2 -2 -1  1 -2  0  1  1 -2 -1 -2    8   2  15  10   1   4   7   6   2   3   5   4   3   1   4  12   7   1   3   2  0.18 0.16
  292 T    0  0  1  0 -2  0  0  0  0 -1  0 -1  0  0  0  0  2  0  0  0    9   4   7   5   1   4   6   6   2   4   8   3   2   3   5   7  13   1   4   5  0.05 0.06
  293 L    0 -1 -2 -1 -3  0  1 -2  0  0  1  0  0  2 -1 -1  0  4  1  0    6   3   1   3   0   4   9   3   2   4  19   5   2   9   3   3   7   6   6   6  0.11 0.12
  294 P    3 -2  0 -1 -2 -1 -2  1  0 -2 -2 -2 -1 -1  1  2 -1 -2  0 -1   25   2   5   4   1   3   2  12   2   2   4   2   2   2   8  15   3   1   3   4  0.23 0.22
  295 L    0 -2 -1 -1 -1 -2 -2 -3 -3  2  2 -2  2  1 -3 -1  0  0  1  2    8   2   3   5   1   1   2   2   0  13  19   2   7   6   1   3   4   1   6  13  0.17 0.16
  296 R   -1  5  1 -2 -2  3 -2 -2  0 -2 -2  1 -1 -3 -1  0 -2 -1 -1 -3    5  36   6   1   1  11   1   3   2   2   3   7   2   1   3   9   2   1   2   2  0.51 0.36
  297 T    1 -2 -2 -3 -1 -2 -2 -2 -2  3  1 -2  1  1 -2 -2 -1  3  1  2   11   1   1   1   1   1   3   3   1  19  13   2   4   7   2   2   2   5   4  15  0.21 0.18
  298 V    2 -3 -1 -3  2 -2 -2  0 -3  1  0 -2  0 -1 -3  2  2 -3 -1  2   20   0   2   0   4   0   2   7   0   7   7   0   2   2   0  16  13   0   1  14  0.21 0.22
  299 L   -1 -3 -2 -4  2 -3 -4  0  0  2  2 -3  2  4 -2 -2 -1  1  0  0    5   0   2   0   4   0   0   8   2  15  18   0   5  22   2   3   3   2   1   7  0.32 0.24
  300 F    2 -2 -3 -3  1 -3 -3  0 -3  1  2 -3  0  1  1 -1 -1  1 -1  1   19   2   0   0   3   0   0   6   0   8  21   0   2   8   7   2   3   2   2  13  0.18 0.19
  301 F   -1 -3 -2 -2  0 -3 -2 -2 -3  3  2 -2  1  3 -1 -1 -1  2  0  1    4   0   2   2   2   0   2   3   0  17  22   2   4  14   4   4   4   4   3   8  0.24 0.19
  302 V    1  0  0 -1  1 -1 -2 -1 -2  0 -1 -2  0  0 -1  0  2  2  0  1   15   5   3   2   4   2   0   3   0   4   3   0   3   5   2   6  18   3   3  14  0.08 0.16
  303 G    2 -3  1 -2  3 -2 -2  3 -2  0 -1 -2  1  0 -2  0  1 -3 -2  0   19   0   7   0   9   0   0  25   0   5   5   0   4   5   0   7   8   0   0   5  0.23 0.18
  304 S    0 -2  1  0  2 -2 -2  0 -2  0  0 -2  1  1  1  0  0 -2 -1  0    7   0   7   7   7   0   0   7   0   7   7   0   7   7   7   7   7   0   0   7  0.03 0.11
  305 W   -1  0 -4 -4  1 -3 -4 -2  1  0 -1 -1  1  2 -1 -1 -1  9  1 -1    6   7   0   0   4   0   0   4   3   5   6   3   4   8   3   4   4  28   4   5  0.73 0.40
  306 W   -1 -3 -1  0  1 -3 -3 -1 -3  0  0 -3  1  2 -4  0  0  7  3  0    4   0   4   7   4   0   0   4   0   4  11   0   4  11   0   7   7  18   9   6  0.46 0.30
  307 L    1 -3 -3 -3  0 -3 -3  0 -3  2  3 -3  1  1 -3  0  0  1 -2  1   13   0   0   0   2   0   0   8   0  11  31   0   4   7   0   7   4   2   0   8  0.24 0.20
  308 T    0 -3 -2 -3  0 -2 -3  0 -3  2  2 -2  1  0 -2 -1 -1 -3 -2  2    7   0   2   0   2   2   0   7   0  17  26   2   4   4   2   3   2   0   0  18  0.22 0.19
  309 F    0  0 -2 -5  1 -1 -4 -1 -3 -1  0 -4  0  6 -5 -2 -2  5  1 -1    7   5   2   0   3   3   0   5   0   2   8   0   2  44   0   2   2   8   2   3  0.76 0.48
  310 T    2 -3  1 -1  1 -1 -2  1 -3  0 -1 -2  0 -1 -3  2  2  0 -1  0   16   0   6   4   4   3   0   9   0   6   5   0   3   2   0  21  12   2   2   5  0.18 0.22
  311 I   -1 -2 -3 -3  0  0 -2 -1  0  3  2 -3  1  1 -1 -2 -1  4  0  1    4   2   0   0   2   5   2   4   3  22  19   0   3   6   2   2   4   6   2   9  0.21 0.21
  312 P   -1 -2 -2 -4 -4 -3 -4 -2 -1  1 -1 -2  0  1  6 -3 -2  2  2  0    3   2   2   0   0   0   0   2   2  10   7   2   2   7  39   0   2   3   6   8  0.74 0.43
  313 S    0 -3 -2 -3  1 -1 -1 -1 -3  0  0 -2  2  1  2  1  2  4  0  0   10   0   0   0   3   2   3   3   0   4   9   0   6   8  10  10  17   5   3   5  0.20 0.22
  314 V    0 -2 -2 -4  0 -2 -4 -2 -1  1  1 -4  1  5 -4 -2 -2  4  1  0    9   2   2   0   2   2   0   4   1   7  14   0   4  30   0   3   2   6   3   8  0.49 0.34
  315 M   -1  2 -2 -3 -1 -1 -2 -3 -1  1  1  1  0  2 -1 -1 -1  3  2  0    5  14   2   0   1   1   1   1   1   8  16  10   3   8   3   3   2   4   7   7  0.13 0.17
  316 W   -2  1  1 -4 -2 -3 -5 -1  0 -1  1 -2  0  4 -3 -2 -2  8  2 -1    3   8   6   1   1   1   1   5   2   3  13   3   2  14   1   3   3  20   6   4  0.72 0.46
  317 L   -4 -5 -4 -5 -3 -2 -2 -5 -4  0  5 -5  2 -2 -3 -4 -1 -1 -1  3    1   1   1   1   1   2   3   1   1   5  46   1   4   2   1   1   4   1   3  20  0.84 0.52
  318 R   -4  5 -3 -2 -6  1 -2 -4  0 -5 -5  4 -3 -6  5 -4 -3 -6 -4 -5    1  25   1   2   0   5   2   2   3   1   1  24   1   0  25   1   1   0   1   1  1.11 0.68
  319 D   -1  1  1  3 -5  2  4 -2 -1 -4 -4  0 -4 -3  2 -1 -1 -3 -3 -3    4   6   6  15   0   9  25   3   2   1   2   4   0   1   8   5   3   0   1   2  0.47 0.35
  320 R   -2  6 -2 -1 -2 -1 -1 -2  0 -1 -2  1 -3 -3  1 -2 -1 -4 -2  0    4  39   2   3   1   2   4   4   2   3   4   9   0   1   6   3   4   0   2   7  0.60 0.36
  321 P    0  0 -1 -1 -2 -1 -1 -2  1 -3 -2  1 -2 -2  6  0 -1 -3 -1 -2    7   5   3   3   1   2   4   4   3   2   4   8   1   2  36   6   3   0   2   3  0.61 0.35
  322 G    0  1 -1 -1 -2 -1 -1  4 -1 -2 -2  0 -2 -1  1  0 -1 -3 -1 -1    8   7   3   3   1   2   4  31   1   3   4   5   1   3   6   8   3   0   2   4  0.29 0.19
  323 P    0  1  0  0 -3  1 -1 -2 -1 -1 -2  0 -2 -2  5  0 -1 -3 -3 -2    8   8   4   4   1   5   5   3   2   3   5   6   1   2  26   8   5   0   1   3  0.38 0.24
  324 P    0  1 -1  0 -3  0  0 -1 -1 -1 -2  0 -3 -2  5 -1 -1 -1 -2 -2    7   6   3   4   1   5   7   5   1   3   4   7   1   2  29   4   5   1   2   3  0.45 0.27
  325 L    0  0 -1 -1 -2  0 -1  0 -1  0  2  0  0  0  0 -1  0 -1 -1  0    6   5   3   4   1   4   4   6   1   5  26   6   2   4   4   5   5   1   2   8  0.07 0.08
  326 P   -1  0 -1  0 -2 -1  0 -2  0 -1 -2  0 -2 -2  5  1 -1  0 -2 -2    6   6   3   5   1   3   5   4   3   4   5   5   1   2  30   9   3   1   1   3  0.46 0.29
  327 T    0  1  0  0 -1  0  1  0  0 -1 -1  1 -1 -1  1  0  1  0 -1 -1   10   7   5   4   1   4   8   7   2   3   8   9   1   2   7   6   9   1   2   4  0.04 0.05
  328 A    1  0  0  1 -2  0  0  1  1 -1 -1  0 -1 -1  0  1  0  0 -1 -1   11   5   4   7   1   3   6  12   4   3   5   5   2   3   5  10   6   1   2   6  0.06 0.05
  329 L    0  0  0  1 -2  0  0  0  0  0  0  0  0 -1  1  0  0  0  0  0   10   5   5   7   1   3   7   5   2   5  11   4   2   3   6   7   6   2   2   6  0.03 0.02
  330 Y    0  1  0  0 -1  0  0  0  0 -1 -1  0 -1 -1  2  0  0  0  0 -1    7   7   4   5   1   5   7   7   3   3   6   6   2   4  10   8   5   1   3   5  0.06 0.05
  331 E   -1  1  0  1 -1  1  2  0  0  0 -2  1 -1 -2  1  0  0  1 -1 -1    5   7   4   7   1   5  12   8   2   6   4   9   1   2   7   7   4   2   2   5  0.08 0.08
  332 G    0  1  1  0 -3  1  0  2  0 -1 -2  0 -2 -1  0  0  0  1 -1 -1    6   7   5   6   0   6   4  20   3   4   4   7   0   3   4   7   7   2   2   3  0.12 0.11
  333 R   -1  2  0 -1 -3  0  0  0  2 -1 -2  2 -2 -1  0  1  0  1  0 -1    5  10   3   3   0   4   6   7   5   4   3  15   0   3   4   9   7   2   3   5  0.10 0.13
  334 A    0  1  1  0 -3  0  0  1  2 -1 -1  0  0 -1  0  1  0 -3  0 -1    9   6   7   4   0   3   5   9   5   3   4   7   2   3   5  10   4   0   4   4  0.06 0.09
  335 F    0  1  0  0  0  0  0  0  0 -1 -1  0  0  0  1  0  0  2  1 -1    7   8   4   4   2   5   5   8   3   4   5   6   2   5   6   9   5   3   5   5  0.04 0.05
  336 V   -1  0  0  0 -3  0  0 -1  2  0 -1  0  1  0  0  0  0  3  1  0    5   5   5   5   0   5   5   5   5   5   5   5   5   5   5   5   5   5   5   5  0.06 0.08
  337 R    0  2  0  0 -1  1  0 -1  0 -1 -1  1  0 -2  2  0  0  1 -1 -1    8  13   4   6   1   5   7   5   2   3   5  10   2   2   9   6   5   2   2   4  0.11 0.10
  338 T    0  1  0 -1 -3  0  0  0  0 -1 -1  0 -1 -1  2  1  1 -1 -1  0    8   7   5   3   0   5   6   8   2   4   5   6   2   3   9  11   7   1   2   6  0.08 0.08
  339 C    0  0  0 -1 -1  0  0  1 -1  0  0  0  0  0  0  0  0  3 -1  0    7   6   4   3   1   3   5  11   2   5  10   6   2   4   5   6   6   4   2   6  0.02 0.03
  340 M    0  1 -1 -1 -1  0  0  0  0  0  0  1  0  0  0  0  0  1  0  0    7   8   2   2   1   4   6   8   3   5  10   9   3   4   5   5   6   2   3   7  0.02 0.04
  341 S    0  1  3  0 -3  0  0  1  1 -1 -1  0 -1 -1 -1  1  1  0 -1 -2    6   7  15   5   0   4   5   9   4   3   5   4   1   2   3  12   7   1   2   3  0.13 0.15
  342 Y    1 -1 -1 -2 -3 -1 -1 -2  0  0  0 -1  0  0  1  0 -1  3  4  0   10   4   4   2   0   2   4   3   2   6  11   3   2   3   6   7   3   4  14   8  0.12 0.16
  343 T    0 -1 -3 -2  0 -1 -2 -2 -3  3  1 -1  1  1 -1 -1  0  2  0  2    6   3   0   2   2   2   2   4   0  18  14   4   4   7   3   5   4   3   2  14  0.16 0.17
  344 I    0  2 -1 -1  0  0 -1  0  0  0  0  1  0  0 -1  0  1  2 -1  0    5  14   3   2   2   3   3   7   2   4   9   8   2   4   3   6  11   3   2   5  0.05 0.11
  345 F    0  0  0  0 -3  1  0  0  1  0 -1  0  1  0  1  0  0 -2  1  0    6   6   5   6   0   5   6   6   5   6   6   6   5   5   6   6   6   0   5   6  0.03 0.06
  346 A    2 -3 -2 -3 -4 -2 -3  5 -4 -3 -4 -3 -1 -5  0  3 -1 -5 -5 -3   18   2   1   1   0   2   2  38   0   1   2   2   2   0   4  19   4   0   0   2  0.72 0.47
  347 W   -2 -3 -4 -6  0 -5 -4 -2 -2  0  2 -4 -1  5 -2 -3 -3  8  3  0    4   1   1   0   2   0   1   3   1   4  16   1   2  25   2   2   2  19   8   5  0.97 0.53
  348 K    0  4 -1 -2 -5  1 -1 -1  0 -1 -2  4 -2 -3 -2  0 -1  1 -2 -2    8  21   2   2   0   5   3   5   2   3   3  26   1   1   1   8   3   2   1   3  0.44 0.34
  349 S   -1  3  1  0 -2  4  2 -2 -1 -3 -3  1 -2 -2 -4  1 -1 -5 -2 -3    5  18   5   4   1  19  14   3   2   2   2   7   1   2   0   9   3   0   1   2  0.45 0.36
  350 L   -2 -5 -3 -5  0 -2 -5 -3 -5  3  4 -5  1  0 -3 -3  1 -4 -1  2    2   0   2   0   2   2   0   2   0  13  40   0   3   4   2   2   9   0   2  15  0.59 0.40
  351 W    0  1 -2 -3 -1 -2 -3  1 -1  0 -1  0 -1  1 -3 -2 -2  7  3  0    8   9   2   2   2   2   2  10   1   6   6   7   2   5   1   3   2  15   8   6  0.38 0.29
  352 K    0  2  0  0 -1  2  1 -1  1 -1 -2  2 -1 -1 -2  0 -1 -4  0 -1    7  12   5   5   1   8   8   4   4   4   4  15   2   3   2   7   3   0   3   4  0.16 0.16
  353 T    1 -1  0 -1 -3  0 -1 -1  1  0 -1 -1  2 -1 -1  0  4 -4 -3  0   11   3   3   3   0   3   3   4   3   4   4   3   6   3   3   5  29   0   0   8  0.21 0.26
  354 V    0  0 -2 -3  2 -2 -2  0 -2  0  0  0  1  1  1  0  0  4  1  0    6   6   0   0   6   0   0   6   0   6   6   6   6   6   6   6   6   6   6   6  0.06 0.14
  355 K   -2  5 -2 -3 -1  0 -3 -2  0 -2 -2  4 -1 -3 -3  0 -2 -2 -2 -2    4  31   2   1   1   4   1   3   2   3   4  25   1   1   1   6   2   1   1   3  0.71 0.48
  356 V   -1  1  1  1 -2  3  3 -2  3 -2 -2  1 -1 -3 -4  1 -1 -1 -2 -2    4   8   7   8   1  11  17   3   6   2   4   7   2   1   0  10   4   1   1   3  0.28 0.26
  357 A    2 -3 -2 -5  0 -3 -3 -3 -3  4  3 -4  2  0 -5 -2 -1  1 -1  2   14   1   2   0   2   1   2   2   1  22  24   1   4   3   0   2   3   2   2  12  0.48 0.33
  358 V   -3  6 -2 -4 -1 -2 -4 -2 -1 -2 -2  3  0  0 -1 -1 -2  3 -2 -2    3  37   2   1   1   1   1   4   2   2   4  17   3   4   4   4   2   4   2   3  0.73 0.50
  359 K   -1  4  0 -1 -3  3  0 -1  3 -4 -3  3 -2 -6 -3  0 -1  0 -3 -4    5  19   4   3   1  13   5   5   6   1   3  19   1   0   1   7   3   1   1   1  0.51 0.40
  360 L   -3  0  2 -1  1 -1 -2 -3  3 -1  3 -2  1  1 -2 -2 -2 -4  4 -2    2   6   9   3   3   3   3   2   8   4  25   2   3   5   3   2   2   0  14   2  0.37 0.30
  361 R   -2  4 -2 -2 -6 -1 -1 -2  1 -3 -3  3 -5 -2  4  0 -1  0 -2 -3    2  21   2   2   0   2   4   4   4   2   2  20   0   2  19   7   3   1   2   2  0.61 0.44
  362 Q   -2  0  2  1  0  3  1  0  3 -3 -3 -1  0 -2  0 -1 -1  0 -1 -2    4   4  11   8   2  16  10   7   7   2   3   4   2   2   5   5   3   1   2   3  0.26 0.25
  363 V   -1 -3 -5 -6  0 -2 -5 -3  1  2  3 -5  2 -1 -2 -2  3 -5 -1  2    6   2   0   0   2   2   0   2   4  13  27   0   4   3   2   2  18   0   2  11  0.49 0.36
  364 L    0  1 -2 -4 -2 -2 -3 -2 -2  0  1  0  1  5 -3 -1 -1  1  0 -1    7   9   2   0   1   1   1   4   1   6  16   7   4  29   1   3   2   2   2   4  0.32 0.25
  365 L   -2  3 -1 -3 -1  0 -2 -2 -2  1  1  1  0  0 -3 -1  0  3  0 -1    2  23   2   0   1   4   0   2   1   8  19  11   1   5   0   2   7   5   3   4  0.24 0.21
  366 F   -3 -3 -5 -6 -2 -5 -5 -6 -3 -2 -1 -5  0  7 -6 -3 -3  0  6 -3    2   2   0   0   1   0   0   0   0   1   6   0   2  53   0   1   1   1  26   1  1.60 0.66
  367 L   -3 -4 -5 -5  0 -1 -3 -6 -5  0  6 -5  2  1 -5 -4 -3 -4 -3 -1    2   0   0   0   2   3   2   0   0   4  72   0   4   5   0   0   1   0   0   3  1.11 0.52
  368 I    0 -2 -3 -2  0 -3 -4 -2 -4  3  3 -3  1  0 -2 -2 -1  0 -2  2    9   2   1   2   2   0   0   4   0  23  26   0   2   4   2   2   2   1   1  16  0.33 0.24
  369 A    5 -2 -2 -4  2 -3 -3  2 -4 -2 -2 -3 -2  0 -3  1 -1 -4 -2 -1   49   2   1   0   5   0   0  12   0   2   4   0   1   4   0  12   2   0   1   4  0.61 0.41
  370 W   -3  0 -2 -3 -2 -2 -4 -4  0 -2 -1 -1 -1  5 -5 -2 -2  7  6 -3    2   7   2   1   1   1   0   1   2   2   5   3   2  22   0   3   2  16  26   1  0.94 0.45
  371 F   -1 -4 -4 -5  0 -4 -4 -3 -4  0  1 -4  3  7 -5 -4 -1  4  1  0    5   0   0   0   2   0   0   2   0   5  11   0   7  46   0   0   4   5   3   6  0.90 0.42
  372 L   -2 -4 -4 -4  1 -4 -4 -4 -4  2  3 -4  2  5 -4 -1 -1  1 -1  1    3   0   0   0   3   0   0   0   0  14  31   0   4  24   0   4   2   2   0   8  0.56 0.31
  373 L   -1 -4 -2 -2 -1 -3 -4 -4  2  1  1 -4  2  3 -4 -2 -2  3  6 -1    4   0   2   2   2   0   0   0   4   7  14   0   5  11   0   3   2   3  37   3  0.72 0.39
  374 S    0 -1  3 -1  2  0 -1  0 -1  0 -1 -1  0 -1 -3  3  1  1  0 -1    4   3  15   2   4   4   2   6   1   8   4   1   3   2   0  27   8   2   3   2  0.20 0.21
  375 D    0 -3  0  6  1 -3  0 -1 -3 -2 -3 -1  2 -2 -4 -1 -1 -5 -4 -2    7   0   4  52   3   0   4   4   0   3   2   3   6   2   0   2   3   0   0   4  0.79 0.43
  376 A    0 -2 -1  1  3 -2 -2  0 -2  1  0 -2  2 -2  2  0  1 -3 -2  1    9   0   0   9   8   0   1   9   0   9   9   0   9   0   9   9   9   0   0   9  0.11 0.10
  377 V   -2 -4 -2 -5 -2 -4 -5 -5 -3  4  2 -5  1  1 -5 -2 -2 -1  1  4    2   1   3   0   1   0   0   1   0  22  19   0   2   7   0   3   2   1   6  30  0.69 0.42
  378 A    0 -2  4  1 -3  3 -2  0  1 -2 -3 -2 -1 -2 -4  1  0 -4  0 -2   10   1  22   6   0  13   1   8   3   3   3   1   2   2   0  12   7   0   3   3  0.34 0.31
  379 T    0 -3 -1 -5 -5 -5 -2 -3 -6 -1 -4 -5  0 -6 -5  0  7 -6 -6 -2    7   1   3   0   0   0   2   2   0   3   1   0   2   0   0   6  70   0   0   2  1.57 0.86
  380 I   -2 -5 -5 -5  0 -4 -5 -4 -3  5  1 -5  1  0 -5 -2  2 -5 -2  4    2   0   0   0   2   1   0   1   1  32   9   0   4   4   0   3  11   0   1  28  0.81 0.48
  381 S   -2 -4  0 -3 -2 -2 -4 -1 -4  5  0 -4  3  3 -2 -1  0 -1 -1  1    3   1   4   1   1   1   1   6   0  31   7   1   7  11   2   6   6   1   1  10  0.43 0.32
  382 A    1  1  0 -2 -3  0 -2 -1 -1 -1 -1 -1 -1 -1 -2  2  2 -2  1  0   14   7   4   2   0   5   1   4   1   3   6   4   1   2   2  17  16   1   5   7  0.16 0.21
  383 T   -2 -4 -3 -5 -2 -2 -4 -4 -2  2  2 -4  6  3 -5 -2  1 -2 -1  3    3   1   1   0   1   2   1   1   1   8  16   0  21  14   0   3   7   0   1  17  0.65 0.43
  384 A    5 -3 -4 -5 -1 -2 -4  1 -4  0 -1 -3  0 -2 -4  1 -1 -5 -1  0   43   1   0   0   1   1   0  12   0   6   7   1   3   1   0  11   4   0   2   6  0.58 0.44
  385 I    2 -3 -2 -4 -2 -2 -4  3 -4  1 -2 -3 -1  0 -3  2  1 -4 -2  2   15   1   1   0   1   2   0  20   0   9   3   1   1   4   1  15  11   0   2  14  0.32 0.30
  386 L   -1 -2 -1 -1 -4 -2 -3 -4 -3  4  3 -3  0 -1 -1 -2  1 -4 -2  2    5   2   3   4   0   1   1   1   1  26  26   1   1   2   4   3   7   0   1  12  0.39 0.30
  387 F   -3 -4 -6 -5  0 -3 -6 -6 -4  2  1 -6 -2  6 -6 -3 -5  1  7 -1    2   1   0   1   2   1   0   0   0  12  11   0   1  30   0   2   0   2  31   3  1.27 0.65
  388 A    4 -4 -4 -4  0  3 -3  4 -4 -3 -2 -2 -2 -1 -4 -1 -2 -5 -5 -3   35   0   0   0   2  13   1  30   0   1   5   2   1   3   0   3   3   0   0   2  0.76 0.52
  389 R    1  1  2  0 -3  2  0 -1 -1 -2 -2  2  0 -3 -3  1  1 -4  0 -2   13   7  11   4   0   8   4   3   1   2   3  15   2   1   0   9   9   0   4   2  0.20 0.20
  390 T    0  1  0  1 -4  2  1  0 -1 -2 -3  1 -3 -3 -2  2  2 -4 -2 -2    8   6   4   7   0   9  10   6   1   3   2   7   0   1   2  17  14   0   1   3  0.22 0.23
  391 E   -1 -1 -1  1 -3  1  3 -2 -1  0 -1 -1 -1 -3 -3 -1  2 -4 -2  2    5   3   2   6   0   5  21   3   2   6   7   3   1   1   1   3  14   0   1  16  0.22 0.23
  392 L   -3 -4 -4 -5 -4 -4 -5 -4 -3  3  4 -5  1  3 -4 -2 -1 -4  0  2    2   1   1   0   0   1   0   1   1  15  41   0   3  11   1   4   4   0   2  12  0.68 0.42
  393 Q   -1 -2  1  0  0  0 -1  4  3 -4 -3  1 -3 -3 -3  1 -2 -3 -2 -5    4   2   5   6   2   4   4  37   8   1   3   7   0   1   1  10   1   0   2   0  0.53 0.37
  394 M   -3 -3 -2 -1 -5 -5 -3 -4 -5  2  2 -3  5  5 -3 -3 -2  4  1 -1    2   1   2   5   0   0   1   2   0  10  20   2  16  21   2   2   2   5   4   4  0.67 0.43
  395 G   -1 -2  0  2 -5 -1  1  2 -1 -5 -4 -1 -4 -5  2  3  2 -5 -5 -3    4   2   5  11   0   2   8  13   1   0   2   4   0   0  11  23  10   0   0   1  0.40 0.37
  396 T    1 -2  1  0 -4  1  0 -2  0 -1 -2 -2  0  1  2  1  2  2 -2 -1   10   2   5   5   0   8   5   2   2   3   4   2   3   6   9  11  14   3   1   4  0.16 0.20
  397 V    0  0  0  1 -3  0  0  0 -1  0 -1 -1  0 -2 -1  1  2  0 -2  0    7   4   3   8   0   4   6   7   1   4   7   3   2   2   2  14  13   1   1   9  0.08 0.13
  398 A   -1 -1  0  1 -3  2  2 -1  1 -1 -1  0  0 -1 -1  0  1  2  0 -1    5   3   3   7   0  10  13   5   4   3   7   4   3   3   3   8   8   3   3   5  0.09 0.13
  399 V   -2 -1  0 -4  1 -1 -4 -2 -4  1  3 -1  2  0 -1 -1 -1 -4  0  0    3   3   4   0   3   4   0   3   0   9  35   3   4   3   3   4   4   0   3   7  0.27 0.26
  400 A    1 -3 -1 -4 -1 -2 -3  0 -4  4  2 -3  2 -1 -4 -1  1 -4 -3  2   10   1   4   0   1   1   0   6   0  28  16   0   5   2   0   3  11   0   0  10  0.33 0.28
  401 L    0 -3 -3 -4 -2 -2 -2 -1 -2  3  2 -2  1  1 -2 -2 -1  0  2  1    7   1   1   0   1   2   2   6   1  19  25   2   4   6   1   1   4   1   8  10  0.24 0.21
  402 L    1 -4 -3 -4  0 -3 -4 -3 -3  2  2 -3  3  3 -3 -2  0  0  0  1   13   0   1   0   2   1   0   2   0  11  25   0   9  15   1   2   6   1   3   8  0.34 0.27
  403 S    1 -3 -1 -3 -2 -2 -3  2 -3  2  1 -3  0  2 -3  0 -1 -1  0  0   13   0   3   0   1   1   1  18   0  12  18   0   2  10   0   9   2   1   3   5  0.19 0.20
  404 I   -1 -4 -3 -4  0 -3 -4 -3 -4  4  3 -4  2  1  0 -3 -1 -1 -2  2    4   0   2   0   2   0   0   1   0  27  31   0   6   6   4   1   3   1   0  10  0.47 0.31
  405 I    0 -3 -3 -3  0 -2  0 -2 -3  3  2 -3  2 -1 -3 -1  0 -1 -2  2    8   0   1   1   2   1   7   2   0  18  23   0   5   2   0   3   4   1   1  20  0.25 0.22
  406 A    0 -3 -2 -3 -1  1 -2  1 -3  2  1 -2  1 -1 -2  0  2 -3 -2  2    7   0   1   0   1   7   1  10   0  14  12   0   3   3   1   6  15   0   1  17  0.16 0.19
  407 T    0 -2  2 -1 -3  4 -1 -1 -1  0 -2 -2  0 -2  2  0  1  0 -1  0    8   0  13   1   0  22   1   5   1   7   3   0   3   2   9   6   9   2   2   6  0.22 0.26
  408 S    0 -3 -3 -4  0 -1 -3 -1 -3  2  1 -3  0  3 -1 -2 -1 -1  0  2    9   0   0   0   2   4   0   6   0  17  15   0   2  14   3   2   4   1   3  17  0.22 0.20
  409 S    1 -3 -2 -1  2 -2 -2 -2 -3  1  0 -2  0  1 -2  1  2  0 -2  2   16   0   1   4   4   0   1   2   0   8   8   0   3   7   1  13  14   1   0  15  0.16 0.19
  410 G    4 -3 -1 -3 -1  0 -1  2 -3 -1 -3 -3 -1 -2 -3  1 -1 -1 -3 -2   46   0   2   0   1   4   3  18   0   4   0   0   2   2   0  11   2   1   0   2  0.55 0.40
  411 I    1 -3 -2  0  0 -3 -3  1 -3  3  0 -3  1  2 -3 -1  0  0 -1  1   13   0   1   5   2   0   0  15   0  19   7   0   4  11   0   3   4   1   1  12  0.18 0.20
  412 I    0 -3 -3 -3  0 -3 -3 -2 -3  3  2 -1  1  1  2 -2 -1 -1 -1  1   10   0   0   1   2   0   0   3   0  18  20   4   2   8  13   2   2   1   2  10  0.24 0.20
  413 G    0 -4 -2 -1  0 -4 -4  6 -4 -2 -4 -4 -3  0 -4  0 -2 -1 -3 -3    6   0   1   4   2   0   0  62   0   3   1   0   1   5   0   8   2   1   1   1  1.01 0.51
  414 A    4 -1  0 -3  1 -2 -3 -1 -2  0 -2 -2  1 -3 -2  2  2 -4  0  0   35   3   4   0   3   0   0   3   1   7   1   0   5   0   1  13  13   0   4   5  0.34 0.32
  415 T    0 -3 -3 -4 -2 -2 -3 -2 -1  1  2 -1  0  4 -1 -2 -2  2  3  1    9   1   0   0   1   1   1   3   1  10  22   4   2  20   3   1   2   3   9   8  0.29 0.23
  416 V    1 -3 -3 -4  1 -3 -3  0 -3  2  2 -3  1  3 -3 -1 -1  0  0  1   17   1   0   0   3   0   0   8   0  11  25   0   3  13   0   3   3   1   2   9  0.25 0.22
  417 W   -1 -5 -5 -4  0 -3 -5 -1 -2 -1 -1 -5  1  7 -5 -3 -1  7  2 -1    5   0   0   1   2   1   0   4   1   2   6   0   4  43   0   2   3  14   6   3  1.14 0.58
  418 P    0 -1 -1 -3 -4  0 -2  4 -1 -2 -1 -2  0 -2  2  0 -2  5 -1 -2    9   3   3   1   0   4   1  32   1   3   6   1   3   1   9   7   2   8   2   3  0.40 0.30
  419 I   -2  3 -3 -4 -3 -1 -3 -3  1 -1  0  1 -1  2 -3 -3 -2  7  3 -1    3  18   1   1   1   2   1   2   3   3  11   8   1  10   1   2   1  17  11   4  0.63 0.39
  420 I   -1 -3 -5 -5 -3 -4 -5 -4 -3  4  4 -5  0  1 -3 -2 -3 -2 -1  2    5   1   0   0   0   0   0   1   1  28  35   0   2   5   1   3   1   1   2  14  0.71 0.42
  421 S    2 -1 -2  1  0  5 -1 -1  0 -3 -2 -1 -3 -2 -3  1  0 -5 -2 -2   17   2   1   8   2  31   2   4   2   1   3   2   0   2   1  13   6   0   1   2  0.49 0.42
  422 K   -1  3  0  4 -4  0  0 -1  0 -4 -4  3 -3 -4 -2 -1 -1 -5 -3 -3    4  17   3  24   0   4   6   4   2   1   1  22   1   1   2   3   3   0   1   1  0.54 0.38
  423 R   -2  5 -2 -4 -3 -2 -3 -3  2 -2 -1  3 -2  0 -3 -2 -2  3  1 -3    3  37   1   0   1   1   0   2   5   3   5  21   1   4   1   3   2   4   5   2  0.71 0.47
  424 F   -3 -2 -4 -4 -2 -4 -4 -2  0  3  2 -3  2  5 -4 -3 -1  5  2 -1    2   3   1   1   1   0   0   4   2  16  16   1   5  25   1   2   3   9   6   3  0.61 0.38
  425 T   -1 -1  1 -2 -4 -1 -4  6  1 -5 -5  2 -3 -5 -3  0 -3 -6 -6 -3    4   4   7   2   0   3   1  51   3   1   1  11   1   1   1   7   2   0   0   2  0.97 0.55
  426 L    1 -2  1 -3 -2 -2 -2 -2  0  1  2 -3  0  0  1  0 -1  4 -1  0   13   2   7   1   1   2   2   3   2   8  23   1   2   3   7   7   4   6   2   5  0.17 0.18
  427 K   -3  3 -1 -2 -4 -1 -2 -2 -1 -2 -3  4 -3 -1 -1  3  1 -1 -3 -3    2  17   3   2   0   3   2   3   2   2   2  25   0   3   3  20   7   1   1   2  0.51 0.38
  428 T    0  2  1 -3 -1 -2 -3 -3 -1 -1 -2  1 -1 -2  2  1  4  0 -2 -2    6  11   7   2   1   2   2   2   1   4   4   9   2   2   9   9  21   1   1   4  0.35 0.31
  429 N    0  0 -2 -3 -1 -1 -3 -1  0 -1 -1  4  0 -3 -3  0  2  0 -2 -1    9   5   3   2   1   2   2   5   2   4   6  26   2   2   2   8  13   1   1   5  0.38 0.30
  430 H   -2  2 -2 -3 -1  2 -3 -4  1  3  2  1  0 -1 -3 -1  0  0 -1  0    3   9   2   2   1   8   2   2   3  16  19   7   2   3   2   4   6   1   3   6  0.28 0.21
  431 I    0 -3 -3 -3 -1 -2 -4 -2 -2  2  2 -3  6 -1 -3 -2  1  1  0  1    7   2   2   2   1   2   2   4   1  10  15   2  18   2   2   4  10   2   3   9  0.48 0.34
  432 I   -2 -8 -5 -8 -2 -8 -5 -2 -8  5  3 -5  0  2 -5 -2 -1  1 -2  2    4   0   1   0   1   0   1   3   0  31  24   1   2   8   1   4   4   2   2  11  0.92 0.46
  433 V    0 -2  0 -4  2 -1 -4  0 -1  2  1 -2  3  0 -6  1  1 -2  1  1    7   3   4   1   4   3   1   7   2  12  13   2   7   4   0  10   8   1   4   8  0.22 0.16
  434 C    0 -4 -3 -8 -1 -4 -8 -3 -8  4  4 -5  1  1 -4 -4 -2  2 -1  2    7   1   2   0   2   1   0   3   0  21  32   1   3   6   1   2   2   2   2  13  0.78 0.41
  435 C    1 -3  0 -4  6 -3 -5  0  0  2  1 -3 -2  1 -5  0  0  0 -3  2    9   1   4   1  13   2   1   9   3   9  13   2   1   5   1   7   7   1   1  11  0.37 0.22
  436 L    0  0  0 -3  1  0 -2 -1 -2  1  1 -1  1  0 -3  0  0  2  0  1    6   6   6   0   4   4   0   5   0  11  16   3   5   3   0   7   5   3   3  10  0.07 0.11
  437 L   -1 -1 -1 -4  2 -3 -3 -1  2  0  0 -1  1  1 -1  0 -1  6  2  1    5   4   3   0   5   0   0   5   6   6   9   3   4   6   3   6   4  13   6  11  0.27 0.23
  438 L    0 -2 -4 -5  2 -3 -4 -1 -1  4  2 -3  2  1 -4 -2  0  1 -1  2    7   2   1   0   4   1   1   6   2  21  17   1   5   6   1   2   6   2   2  14  0.35 0.26
  439 L    1 -3 -3 -2  0 -3 -4  0 -1  2  1 -4  0  2 -3 -1  0  3  4  1   11   1   1   2   2   1   0   8   2  10  15   0   2   9   1   4   5   4  13  10  0.28 0.24
  440 E    1 -4 -3 -3  2 -2 -2  0 -5  3  1 -4  0 -1 -3  0  1 -5 -3  3   11   0   1   1   4   1   3   7   0  18  13   0   2   3   1   7   8   0   1  19  0.33 0.27
  441 L    0 -5 -5 -5  5 -5 -4  0 -5  2  2 -5  0  1 -3 -1  0 -2 -2  3    9   0   0   0  10   0   1   8   0  11  23   0   2   5   1   4   6   1   1  17  0.48 0.33
  442 V    0 -3 -4 -6  0 -3 -4 -3 -2  4  2 -5  1  0 -2 -2 -1 -2 -1  3    6   1   1   0   2   1   1   2   1  27  21   0   3   4   2   3   4   1   2  18  0.56 0.36
  443 P    1 -4 -2 -2  2 -2 -4  0 -4  1  0 -3  1 -1  4  0  0  2 -1  1   14   0   2   2   4   2   0   8   0   7   7   1   3   3  18   8   7   3   2   9  0.30 0.27
  444 L    3 -5 -2 -5 -1 -5 -5  0 -5  3  2 -5  0  0 -4 -2 -1 -2 -2  2   25   0   2   0   1   0   0   7   0  17  20   0   2   4   1   3   3   1   1  13  0.50 0.36
  445 Y   -2 -4 -4 -6 -1 -5 -6 -4 -3 -1  1 -6  0  3 -4 -4 -3  8  7 -2    5   1   1   0   2   0   0   2   1   3  11   0   3  11   1   1   2  19  33   4  1.39 0.70
  446 G    2 -2 -2 -3  0 -2 -4  4 -4 -1 -2 -3 -1  3 -2 -1 -2 -2 -1 -1   15   2   1   1   2   1   1  34   0   4   4   1   2  12   2   5   3   1   2   5  0.50 0.34
  447 L    0 -4 -3 -4  3 -3 -4 -3 -3  2  3 -4  4  2 -3 -2 -1 -2  0  2    6   1   1   1   5   1   1   3   1  12  26   1  11   7   1   3   4   1   3  13  0.45 0.29
  448 L   -1 -2 -2 -2 -1 -2 -2 -2 -2  3  2 -2  0  2  0 -1  0  0 -1  2    5   2   2   2   1   1   3   4   1  17  19   2   1   8   6   3   6   1   2  12  0.17 0.14
  449 G    0 -1 -1  0 -1 -2 -2  5 -2 -1 -2 -1 -2 -2 -1 -1  0  0 -2 -1    9   3   3   4   1   2   3  38   1   4   5   3   1   2   3   5   6   1   2   4  0.40 0.23
  450 F    0  0 -1 -1 -1 -1 -1 -1 -1  2  1 -1  0  2 -1 -1  0  0  1  0    6   4   3   3   1   2   4   4   1  12  14   4   2  12   4   3   5   1   6   7  0.07 0.06
  451 L    0 -1 -1 -1 -1  0 -1 -1  0  1  1 -1  0  1 -1  0  0  5  0  0    9   2   3   4   1   3   4   4   2   9  15   2   2   6   4   6   6   9   3   7  0.11 0.08
  452 P    0 -1 -1 -1 -1  0 -1  0 -1  0 -1 -1 -1  0  3  1  2  1 -1 -1    8   3   3   3   1   4   3   6   2   5   7   3   2   3  17   9  12   2   2   5  0.17 0.11
  453 F    0  0  0 -1 -2 -1 -1  0 -1  0  0 -1 -1  3  1  0  0  0  1 -1    7   4   6   4   1   3   4   6   2   6   8   4   1  15   7   5   6   1   5   4  0.07 0.05
  454 V    0 -1 -1 -1 -1  0 -1  0 -1  1  0 -1  0  1  0  0  0  1  0  1    7   3   3   3   1   3   4   7   1   7   9   4   2   9   4   8   6   2   2  15  0.03 0.03
  455 Q    0  0  0  0 -1  1  0  0  0  0  0  0  0 -1  2  0  0  0 -1  0    8   4   5   4   1   6   5   6   2   5  11   6   2   3   9   7   8   2   2   5  0.05 0.02
  456 A    1  0  0  0 -1  0  0  1 -1  0  0  0 -1 -1  1  0  0 -1 -1  0   11   5   3   4   1   3   5  10   1   7   9   4   1   3   6   9   6   1   2   7  0.03 0.02
  457 W    0 -1 -1  0  0 -1 -1  0 -1  0  0 -1 -1  2  0  0  0  4  0  0    7   4   3   5   2   2   4   8   2   4  10   4   1   9   4   7   7   7   3   6  0.07 0.04
  458 G    0 -1  0  0 -2  0  0  2  0 -1 -1 -1 -1  0  1  0  0 -2 -1 -1    9   3   4   6   1   4   4  18   2   4   7   4   2   4   7   8   7   1   2   4  0.08 0.05
  459 V    1  0  0  0 -1  0  0  0 -1  0  0  0  0  1  0  0  0  1  0  0   12   4   4   4   1   3   4   6   1   6   9   7   3   8   5   5   6   2   2   7  0.02 0.02
  460 G    0 -1 -1  0 -2 -1 -1  1 -1  1  0 -1  0  3  0  0 -1  0  0  0    9   3   2   5   1   2   3  12   1  11   9   3   2  14   5   6   3   1   2   6  0.07 0.06
  461 G   -1 -2 -1 -2 -3  0 -2  4  0 -1 -1 -2  1  0 -1  0 -1  0 -1 -1    5   3   2   2   1   4   3  36   2   3   8   3   3   5   4   6   3   1   2   5  0.37 0.21
  462 L   -1 -1 -2 -2 -2 -2 -2 -2 -2  1  3 -2  2  3 -2  0 -1  0  1  0    5   3   2   2   1   2   3   3   1   6  26   3   6  14   2   7   4   1   5   5  0.25 0.17
  463 Q   -1  2  0 -1 -4  2  0 -2  4 -3 -2  2 -1 -2 -1  0  1 -1 -2 -2    4  10   4   4   0  11   5   4  11   2   4  13   1   2   3   8  11   1   1   3  0.28 0.23
  464 K   -1  0  2 -1 -2  1 -1 -1  4 -3 -3  0 -3 -3 -1  2  3 -2 -1 -2    4   4   9   4   1   7   4   4   9   1   2   4   0   1   3  16  19   1   2   3  0.34 0.28
  465 W    1  0 -2 -1 -3  1  1 -2 -2 -1 -1  2 -1 -1  2 -1  0  2 -3  1   12   4   2   2   0   6  11   3   1   3   6  13   1   2  10   5   5   3   1   9  0.16 0.17
  466 Y    1  0 -1 -4 -3 -2 -2  0 -1  0 -1 -2  0 -1 -1 -1  1  9 -1  0   11   5   3   1   0   2   3   7   2   6   5   2   2   3   3   4   8  25   2   5  0.69 0.41
  467 E   -1 -3 -3 -1 -5  2  5 -2  3 -1 -1 -3  0 -1 -2 -2 -3  1 -2 -1    5   1   1   4   0   8  40   3   6   5   7   1   2   2   2   3   2   2   1   5  0.63 0.44
  468 I   -3 -4 -7 -4 -4 -7 -7 -3 -6  1  0 -7  4  8 -6 -5 -5  0  0  0    2   1   0   1   0   0   0   2   0   8   8   0   9  56   0   1   1   1   2   6  1.68 0.81
  469 Y   -5 -6 -6 -5 -8 -7 -8 -5 -6 -2  0 -5 -2  4 -8 -8 -6 10  6 -3    1   0   0   1   0   0   0   1   0   3   8   1   1  13   0   0   0  40  27   2  2.41 1.12
  470 P    1 -5 -6 -6 -1 -5 -6 -1 -6  4  2 -5  1  2  0 -4 -1 -2 -1  3   12   1   0   0   1   0   0   6   0  19  17   0   3   8   4   1   4   1   2  20  0.52 0.36
  471 L    0 -6 -5 -6  1 -4 -5 -3 -4  1  4 -6  3  3 -6 -3 -2  0  2  1    9   0   0   0   3   1   1   2   0   8  36   0   6  10   0   2   2   1   8  10  0.64 0.42
  472 G    5 -6 -1 -4 -2  1 -6  4 -6 -4 -4 -5 -3 -5 -5  0 -3 -7 -5 -2   44   0   3   1   1   6   0  28   0   1   1   1   1   1   0   7   2   0   0   3  1.05 0.68
  473 I    3 -5 -2 -6  1 -3 -5  0 -5  3  1 -5  1  1 -2 -1 -1 -5 -4  3   22   0   2   0   3   1   0   8   0  14  12   0   3   7   2   4   3   0   0  20  0.46 0.35
  474 I    0 -6 -6 -6 -1 -5 -6 -1 -3  2  3 -5  2  3 -3 -3 -2  4  2  2    8   0   0   0   1   0   0   6   1  10  27   0   4  11   2   1   2   5   7  14  0.54 0.37
  475 H    0 -4 -3 -5 -4 -4 -5 -4  2  4  1 -5 -1  3 -6 -3 -3  0  3  3    9   1   1   1   0   1   0   1   4  20  14   0   1  13   0   2   1   1  11  19  0.65 0.41
  476 G    0 -7 -1 -7 -1 -7 -7  7 -7 -4 -6 -5 -3 -8 -7 -2 -5 -8 -8 -6    9   0   3   0   1   0   0  78   0   1   1   1   1   0   0   3   1   0   0   0  2.08 1.02
  477 M   -1 -6 -5 -7 -1 -6 -6 -4 -6  3  4 -6  3  4 -4 -1  0 -2 -4  1    5   0   0   0   1   0   0   2   0  13  38   0   5  14   1   5   5   0   0   8  0.77 0.47
  478 V    1 -6 -4 -6  2 -3 -6 -1 -3  0  0 -6  2  5 -4  0 -2 -5 -4  4   12   0   1   0   4   1   0   6   1   5   8   0   5  22   1   6   3   0   0  27  0.68 0.45
  479 M   -2 -5 -2 -5 -4  4 -5 -2 -3  1  2 -5  5  1 -6 -2 -1 -5  1  2    3   0   2   0   0  17   0   3   1   8  21   0  15   5   0   4   3   0   5  11  0.62 0.46
  480 G    0 -7 -6 -7  2 -7 -7  7 -7 -8 -8 -7 -8 -8 -5  0 -4 -8 -8 -5    7   0   0   0   4   0   0  78   0   0   0   0   0   0   1   7   1   0   0   1  2.15 1.03
  481 G    2 -6 -4 -4 -3 -5 -6  5 -3 -3 -5 -5 -4 -7  5  1  0 -7 -7 -4   18   0   1   1   1   0   0  35   1   1   1   0   0   0  24   9   5   0   0   1  1.05 0.64
  482 L    0 -5 -1 -5  0 -2 -5 -4 -5  3  2 -5  0  2 -5  0  2  4  0  2    6   0   3   0   2   2   0   1   0  19  15   0   2   9   0   9  11   6   3  11  0.46 0.34
  483 S   -4 -2 -3 -5 -8  8 -4 -2 -2 -5 -3 -5 -3  0 -6 -1 -4  2  3 -5    2   2   1   0   0  62   1   4   1   1   4   0   1   3   0   5   1   3   9   1  1.77 0.98
  484 S    5 -4 -4 -5 -3 -4 -5 -1 -6 -5 -6 -5 -5 -6 -2  5 -1 -7 -5 -3   42   1   1   0   0   1   0   5   0   1   0   0   0   0   2  42   4   0   0   1  1.28 0.75
  485 Y    2 -5 -3 -5 -1 -4 -5 -4 -3 -1  3 -5 -1  2 -5  0 -1 -2  5  0   18   0   1   0   1   0   0   1   0   4  25   0   1   7   0   9   4   0  22   5  0.64 0.43
  486 C    1 -5 -1 -4  4 -1 -5 -1 -5 -5 -5 -4 -3 -3 -5  6 -1 -7 -4 -6    9   0   3   0   8   3   0   5   0   1   1   1   1   1   0  62   3   0   1   0  1.35 0.79
  487 R   -5  8 -4 -7 -8  2 -5 -7 -6 -5 -6 -3 -6 -5 -5 -5 -4 -8 -7 -3    1  83   1   0   0   8   0   0   0   1   1   1   0   0   1   0   1   0   0   2  2.54 1.14
  488 S    2 -5 -3 -5 -4 -5 -5 -4 -6 -3 -4 -5 -5 -6 -4  5  4 -7 -6  1   18   0   1   0   0   0   0   1   0   1   1   0   0   0   1  45  21   0   0  10  1.14 0.71
  489 F   -4 -6 -6 -7 -1 -4 -6 -7 -3  0  4 -6  6  3 -6 -4  0  0  3  1    1   0   0   0   1   1   0   0   1   4  34   0  21  13   0   1   7   1   8   7  1.01 0.56
  490 Y   -4 -6 -7 -7 -4 -5 -7 -6 -5  2  1 -6  5  6 -7 -6 -5 -2  5  0    1   0   0   0   0   1   0   0   0  10  14   0  16  29   0   0   0   1  21   7  1.35 0.67
  491 G    5 -5 -4 -5 -2 -4 -5  2 -6 -4 -5 -5 -5 -6 -4  4  0 -7 -6 -1   38   0   0   0   1   1   0  17   0   1   1   0   0   0   1  31   4   0   0   5  1.03 0.65
  492 L   -2  4 -1  0 -4  2  4 -4  0 -3 -1  2 -2 -5 -4  0 -2 -6 -4 -3    4  19   2   5   0   8  25   1   2   1   6  13   1   0   0   8   2   0   0   2  0.53 0.39
  493 L   -4 -5 -5 -7 -4 -3 -6 -7 -3  2  5 -6  5  3 -7 -5 -3 -4 -4  1    1   0   1   0   0   1   0   0   1  10  51   0  12  10   0   1   1   0   0   9  1.16 0.60
  494 I    1 -6 -5 -6  3 -5 -5 -5 -6  5  0 -5  0 -3 -5  1  2 -6 -5  2   13   0   0   0   5   0   0   0   0  34   8   0   2   1   0   9  14   0   0  14  0.81 0.49
  495 P   -6 -6 -8 -4 -8 -5 -6 -8 -5 -5 -8 -4 -8 -9  9 -6 -4 -9 -7 -6    1   0   0   1   0   1   1   0   0   1   0   1   0   0  92   0   1   0   0   1  3.19 1.38
  496 P    1  2 -3 -2 -6 -1  1 -4 -2 -3 -3  3 -2 -5  5 -2 -2 -6 -4 -1   13   9   1   3   0   2  10   1   1   1   2  17   1   0  29   3   3   0   1   4  0.68 0.46
  497 G   -2 -3  1  2 -6 -2  2  5  1 -7 -6 -2 -6 -7 -1  0 -2 -7 -5 -6    4   1   5  10   0   2  15  45   3   0   0   2   0   0   3   5   3   0   0   0  0.91 0.54
  498 S   -2  4 -1  0 -3  2  0 -4  4 -4 -3  4  1 -2 -5 -1 -3 -6  0 -5    3  21   2   4   1  10   7   1   9   1   3  25   4   2   0   5   1   0   3   0  0.65 0.44
  499 E    0  0 -2  0 -6 -1  5 -5 -1 -2 -3 -1  2 -6 -4  2  0 -6 -3 -2    8   4   2   5   0   2  42   0   1   3   2   2   4   0   1  15   6   0   1   2  0.71 0.51
  500 A    4 -5  3 -5 -2 -5 -5  2 -3 -4 -5 -4 -5  1 -5  1  2 -6  0 -3   34   0  15   0   1   0   0  16   1   1   0   0   0   6   0  10  12   0   3   1  0.75 0.52
  501 A    0  0 -5 -3 -5  2  6 -4 -2 -5  0 -1  1 -6 -5  0 -1 -4 -6 -4    7   6   0   0   0   7  53   1   1   1   8   2   4   0   0   6   3   0   0   1  1.04 0.65
  502 F   -3 -7 -7 -8 -4 -5 -7 -7 -5 -2 -1 -7  2  8 -7 -6 -6  4  4 -4    3   0   0   0   0   0   0   0   0   2   5   0   5  62   0   1   0   6  14   1  2.11 0.92
  503 Y   -6 -7 -5 -8 -4 -6 -7 -6 -4 -5 -4 -7 -2  9 -8 -5 -3 -4  4 -6    1   0   1   0   0   0   0   1   0   0   1   0   1  80   0   1   2   0  11   0  2.77 1.10
  504 A    2 -6 -4 -5 -4 -5 -4  6 -3 -7 -7 -5 -4 -5 -6  4 -4 -6 -6 -6   15   0   0   0   0   0   1  54   1   0   0   0   0   0   0  26   1   0   0   0  1.49 0.76
  505 L   -4 -6 -7 -7 -4 -6 -7 -7 -6  0  5 -6  0  6 -7 -5 -5 -5 -1 -2    1   0   0   0   0   0   0   0   0   5  53   0   1  34   0   1   0   0   2   2  1.57 0.73
  506 F   -6 -6 -3 -5 -1 -4 -4 -7 -3 -4 -2 -6 -1  6 -7 -5 -5  4  8 -4    0   0   2   1   1   1   1   0   0   1   3   0   2  33   0   1   0   5  47   1  2.03 0.89
  507 A    3 -4  3  1 -1  0  1  2 -2 -4 -2 -3 -2 -4 -4  2 -1 -5 -3 -3   25   0  12   8   1   3   8  14   1   1   4   0   1   1   0  17   2   0   1   1  0.45 0.36
  508 I   -3 -4 -6 -6 -3 -5 -6 -7 -6  5  3 -4  3  2 -6 -4  0 -3 -4  3    2   1   0   0   0   0   0   0   0  28  27   1   8   9   0   1   5   0   0  16  0.92 0.49
  509 T    1 -5 -4 -5  2 -4 -5 -3 -5  0  0 -5  1  2 -5  3  4 -4 -4  2    9   0   0   0   3   0   0   1   0   4   7   0   3   8   0  26  25   0   0  12  0.64 0.48
  510 D   -2 -2  1  4 -6 -3  1  5 -3 -6 -6 -4 -5 -6 -6  1 -3 -5 -3 -4    3   2   5  20   0   1   8  46   0   0   1   0   0   0   0   9   1   0   1   2  1.01 0.58
  511 K   -5  4 -4 -5 -4 -1 -3 -5 -5 -7 -3  7 -6 -8 -6 -4 -4 -5 -5 -5    0  19   0   0   0   2   1   1   0   0   3  70   0   0   0   1   1   0   0   1  1.93 0.93
  512 G    2 -5 -4 -5 -1 -4 -5  3 -5  0  0 -4 -1  3 -5  1  1 -4 -2  0   18   0   0   0   1   0   0  23   0   6   8   0   1  15   0  12   9   0   1   7  0.48 0.37
  513 S    3 -5 -4 -5 -4 -5 -5 -1 -6 -4 -5 -5 -5 -4 -4  5  4 -7 -6 -4   23   0   0   0   0   0   0   4   0   1   1   0   0   1   1  46  22   0   0   1  1.23 0.75
  514 S    4 -5 -3 -4 -5 -4 -5  1 -5 -1 -5 -5 -3 -6 -5  5  0 -7 -5 -2   32   0   0   0   0   0   0   9   0   3   0   0   0   0   0  44   6   0   0   3  1.09 0.69
  515 A   -2 -7 -7 -8  0 -7 -7 -7 -6  4 -2 -7  0  6 -5 -5 -3  8 -3  2    4   0   0   0   2   0   0   0   0  19   2   0   2  33   1   0   1  20   0  15  1.54 0.73
  516 V   -2 -6 -6 -7 -3 -6 -6 -6 -6  5  3 -5  2  3 -6 -4 -2 -1 -4  2    4   0   0   0   0   0   0   0   0  35  30   0   5  10   0   1   2   1   0  11  1.00 0.52
  517 G    0 -7 -3 -5 -6 -5 -6  7 -7 -8 -7 -6 -8 -8 -4 -3 -5 -8 -8 -7    6   0   1   0   0   0   0  88   0   0   0   0   0   0   1   1   0   0   0   0  2.37 1.02
  518 P   -4 -5 -4 -7 -8 -3 -6 -7 -5 -6 -4 -6 -1 -7  8 -3  0 -9 -8 -5    1   1   1   0   0   1   0   0   0   0   2   0   2   0  82   2   6   0   0   1  2.62 1.15
  519 A    1 -5 -3 -6 -2 -5 -6 -4 -5  0  4 -5  1  5 -4 -3 -2  0 -3  0   11   0   2   0   1   0   0   1   0   5  45   0   3  20   1   1   2   1   0   6  0.83 0.49
  520 I    0 -5 -6 -6 -3 -5 -6 -5 -6  4  3 -5  2 -1 -6 -1 -1 -5 -4  4    7   0   0   0   0   0   0   1   0  21  28   0   4   2   0   4   4   0   0  29  0.82 0.47
  521 V   -3 -5 -4 -4 -1 -3 -5 -5 -4  2 -1 -5  2  5 -6  0  0  1  3  3    2   0   1   1   1   1   0   0   0  11   5   0   4  25   0   9   6   2   9  24  0.69 0.43
  522 G    3 -6 -4 -5 -6 -2 -5  6 -6 -7 -7 -5 -6 -4 -4  2 -2 -4 -5 -5   20   0   0   0   0   2   0  58   0   0   0   0   0   1   1  14   2   0   0   0  1.41 0.72
  523 K    3 -3 -4 -4 -3 -3 -2 -1 -4  2  2 -4  0  1 -2 -1 -1  2  0  2   24   1   0   0   0   1   2   4   0  12  22   0   2   5   1   3   4   3   3  13  0.33 0.28
  524 I   -1 -6 -7 -7 -3 -6 -7 -6 -7  6  1 -6  0  0 -6 -4 -1 -6 -5  4    6   0   0   0   0   0   0   0   0  49  10   0   2   4   0   1   4   0   0  23  1.23 0.61
  525 V    1 -2 -1 -3 -4  0 -1 -1 -2  2 -1 -2 -2 -1 -4  1  3 -3 -1  1   12   2   3   1   0   3   3   3   1  15   4   1   0   3   0  12  23   0   2  10  0.28 0.28
  526 D    0 -2  1  4 -4  3  0 -2 -1 -3 -1 -2 -2 -2 -4  0  1  2  0 -2    8   1   7  23   0  16   4   3   2   1   7   1   1   2   0   6   8   3   3   2  0.38 0.33
  527 A    2  0 -2 -2 -3 -2 -3 -2 -1  1  2 -1  1  0 -3  0 -1  3  0  0   21   6   1   2   0   1   1   2   2  10  19   3   4   5   0   6   3   4   2   7  0.18 0.20
  528 T   -1 -5 -2 -5 -5 -4 -5 -2 -2 -3 -3 -4 -2  3 -5  2  6  0 -1 -2    5   0   1   0   0   1   0   3   1   1   3   0   1  10   0  14  54   1   2   2  1.13 0.69
  529 G   -2 -3  1  0 -6 -1 -2  6  3 -6 -6 -2 -5 -6 -4 -2 -4 -6 -5 -6    3   1   7   6   0   3   2  62   7   0   1   2   0   0   1   3   1   0   0   0  1.31 0.65
  530 Q   -2 -2  5  2 -5  0 -1 -2 -1 -5 -6 -1 -3 -5 -4  4  0 -6 -4 -4    2   1  28  12   0   4   4   3   1   0   0   3   0   0   1  33   4   0   0   1  0.89 0.55
  531 I   -1 -3  1 -2 -4  4 -2 -3  0  2  0 -2  3 -1  0  0  0 -2  2 -1    4   1   7   2   0  18   1   1   2  13   8   1   9   2   5   8   6   0   8   4  0.27 0.29
  532 R   -5  8  1 -4 -5  0 -3 -6 -2 -7 -6 -1 -6 -7 -6 -1 -3  3 -3 -6    1  70   7   1   0   4   1   0   1   0   0   3   0   0   0   4   1   4   1   0  1.89 0.90
  533 P    1 -3  0 -3 -3 -2 -3 -2 -1  1  1 -2  2  0  1 -1 -1  4  4  0   11   1   5   1   0   2   0   3   2   8  13   2   7   3   6   3   4   6  17   5  0.28 0.25
  534 A    4 -6 -5 -5 -2 -5 -5  5 -6 -5 -6 -5 -4 -7  2  2 -3 -7 -5 -3   35   0   0   0   1   0   0  37   0   0   0   0   0   0   8  15   1   0   0   2  1.15 0.66
  535 F   -3 -6 -7 -6 -3 -6 -7 -6 -6  4  1 -6  4  6 -6 -5 -3  2  0  2    3   0   0   0   0   0   0   0   0  26   9   0  11  31   0   1   1   2   3  12  1.15 0.58
  536 G    1 -5 -5 -6 -3 -4 -5 -1 -5  2  3 -5 -1  2  0 -1 -2  5  1  1   13   0   0   0   0   0   0   5   0   9  31   0   1   8   4   4   2   9   4   8  0.51 0.36
  537 F    0 -5 -4 -5 -2 -5 -5 -3 -5 -2 -1 -5 -1  5  0  3  0  0  1  1    9   0   0   0   1   0   0   2   0   2   5   0   1  28   6  25   5   1   3  10  0.66 0.47
  538 L   -3 -6 -2 -7  0 -5 -6 -6 -6  3  5 -6  1 -2 -2 -4 -1 -4 -4  2    2   0   2   0   2   0   0   0   0  16  51   0   2   1   2   1   4   0   0  15  0.96 0.53
  539 A    1 -5 -5 -5 -2 -5 -5 -1 -5  2  3 -5  0  3 -4 -1 -1 -3 -3  2   13   0   0   0   1   0   0   6   0  12  29   0   2  13   1   6   4   0   0  13  0.48 0.34
  540 V    2 -5 -5 -5 -1 -5 -5  0 -4  3  2 -5 -1  2  0 -3 -2 -5 -3  3   17   0   0   0   1   0   0   8   0  15  16   0   1   8   4   1   2   0   0  25  0.49 0.35
  541 L   -3 -6 -6 -7 -3 -3 -6 -6 -6 -1  4 -6  4  6 -4 -4 -3 -3 -1 -1    3   0   0   0   0   1   0   0   0   2  36   0  10  37   1   1   1   0   1   4  1.26 0.63
  542 I   -4 -6 -6 -7  0 -5 -6 -1 -4  2  2 -6  2  7 -7 -2 -2 -1 -1 -1    1   0   0   0   2   0   0   6   0   9  16   0   5  50   0   3   2   1   1   3  1.26 0.63
  543 A    1 -5 -5 -6 -2 -5 -5 -2 -5  4  2 -5  0  1 -5 -2 -1  0 -3  4   13   0   0   0   0   0   0   4   0  20  20   0   2   5   0   2   4   1   0  27  0.61 0.39
  544 L    1 -5 -5 -6 -2 -5 -5 -1 -5  4  3 -5  0 -1 -3 -2 -1 -3 -4  3   14   0   0   0   1   0   0   5   0  23  25   0   1   3   1   3   3   0   0  22  0.62 0.39
  545 P    1 -6 -5 -5 -2 -5 -6  6 -6 -7 -5 -5 -6 -5  2  1 -4 -7 -7 -6   11   0   0   0   1   0   0  62   0   0   1   0   0   1  11  12   1   0   0   0  1.49 0.74
  546 I    1 -5 -4 -5  0 -4 -5  1 -4  2  3 -4  2  3 -4 -2 -1  0 -1  0   13   0   0   0   2   0   0  11   0  12  29   0   5  12   0   3   4   1   1   7  0.42 0.31
  547 P    1 -5 -5 -5 -1 -4 -5 -1 -5  3  2 -4  0  2  2 -3 -2  2 -1  3   10   0   0   0   1   0   0   6   0  18  19   0   1   8  11   1   1   3   2  18  0.46 0.33
  548 L   -2 -5 -6 -6 -1 -5 -6 -3 -6  4  4 -5  2  3 -5 -4 -3 -2 -3  2    3   0   0   0   1   0   0   3   0  22  42   0   4  12   0   1   1   0   0  11  0.87 0.47
  549 I   -3 -6 -5 -7 -4 -4 -6 -6 -5  2  5 -6  3  2 -7 -5 -4 -4 -2 -1    2   0   1   0   0   1   0   0   0  11  63   0   7   9   0   0   1   0   1   3  1.26 0.63
  550 W    0  0 -2 -5  0 -1 -4 -2 -2  0  2 -3  1  3 -3  0 -1  7  2 -1    8   6   2   0   2   3   0   3   1   4  20   1   3  12   1   7   4  14   7   3  0.42 0.30
  551 M   -2  3 -4 -5 -1 -2 -4 -1 -2 -3  0  1  2  5 -1  0  0  5  0 -4    2  18   0   0   1   1   0   4   1   1   7   8   6  25   3   6   7   7   2   0  0.55 0.40
  552 V   -3 -7 -7 -7 -2 -6 -7 -7 -7  2  1 -6 -3 -2 -7 -4 -1 -7 -5  7    1   0   0   0   1   0   0   0   0  10  10   0   0   1   0   1   4   0   0  70  1.62 0.77
  553 D   -4  2  4  6 -5 -3 -1 -5 -3 -7 -7  2 -4 -7  0 -2 -4 -7 -5 -6    1  12  16  47   0   0   2   0   1   0   0  12   0   0   4   3   0   0   0   0  1.25 0.65
  554 V   -1 -3 -4 -1 -4 -2  3 -4 -1  1  0 -2  3 -2  0 -3  0 -5 -2  4    3   1   0   3   0   1  22   1   1   7   9   1   7   2   6   0   5   0   1  30  0.44 0.36
  555 E   -1  1  0  3 -5  1  4 -2 -2 -4 -4  2 -4 -6  2 -1  0 -6 -4 -2    4   7   4  15   0   4  26   2   1   0   1  14   0   0   9   3   5   0   0   3  0.51 0.36
  556 K    0  5 -3 -3 -6  2  1 -5  0 -5 -5  5 -5 -6 -3 -2 -3 -6 -5 -4    7  27   0   1   0   8   9   0   2   0   1  39   0   0   1   2   1   0   0   1  1.05 0.58
  557 G    2 -4 -3 -3 -4 -5 -4  6 -5 -4 -5 -3 -5 -6 -3  2 -3 -6 -4 -5   19   1   1   1   0   0   1  59   0   1   1   2   0   0   1  12   1   0   0   0  1.28 0.63
  558 Q   -1  5 -3 -3 -5  0  1 -4 -1  2 -3  3  1 -4 -4 -1 -3 -5 -3 -1    5  33   0   0   0   4   7   1   2  12   2  20   5   0   0   4   1   0   1   4  0.64 0.42
  559 E    1  3 -1  1 -4  1  2 -2  0 -1 -1  2 -1 -4 -3 -1 -2 -5 -4  0   12  19   1   8   0   6  14   2   2   5   4  13   1   0   0   2   2   0   0   7  0.28 0.24
  560 D    1 -1 -2  4 -6  2  5 -4 -2 -4 -3 -2 -2 -6 -3 -2 -3 -6 -5 -3   13   3   1  26   0  10  35   1   1   1   2   1   1   0   1   2   1   0   0   2  0.84 0.50
  561 A    6 -2 -2 -5  5  0 -4  0 -3 -4 -4 -3 -3 -6 -4 -1 -3 -6 -5 -1   61   2   2   0  12   4   0   8   0   0   1   1   0   0   0   3   0   0   0   5  1.10 0.61
  562 I    1  3 -2 -1 -4  0  2  0 -1 -1  0  1  0 -3 -3 -1 -2 -4 -2  0   13  19   1   3   0   4  14   7   1   4  12   7   2   0   0   2   1   0   1   7  0.19 0.20
  563 R    1  3  0  0 -4  2  3 -3 -1 -2 -2  2 -2 -4 -3 -1 -1 -5 -3 -2   15  20   5   5   0   7  19   1   1   2   3  14   1   0   0   2   2   0   1   3  0.39 0.29
  564 M   -1 -4 -4 -3  0 -4 -1 -4  1 -2  1 -2  1  5 -4 -3 -3  5  5 -2    5   0   0   1   2   0   5   0   3   1  14   2   4  29   1   2   1   7  21   2  0.76 0.40
  565 A    2 -1 -2 -1 -3 -1  2 -1 -2 -1  1 -1 -2 -3 -2  1 -1 -1 -1  0   25   2   1   2   0   2  19   4   0   3  13   2   0   0   1  12   2   1   2   9  0.20 0.22
  566 G    1  2  0  0 -2  1  3  0 -2 -2 -2  2 -2 -4 -2 -1 -1 -4 -3 -1   14  13   4   4   1   5  24   6   0   2   3  12   0   0   1   2   3   0   0   4  0.28 0.21
  567 L    1  2  0  0 -3  0  2 -1  0 -1 -1  1  0 -2 -2  0 -1 -2 -2  0   12  14   4   5   0   3  20   4   3   4   7   7   3   1   0   3   3   0   0   7  0.14 0.14
  568 M   -1  2 -2  1 -4  0  4 -3  2 -1  0  1  0 -2 -2 -1 -2 -4 -2 -2    4  10   0   6   0   3  36   1   5   3  13   7   2   2   1   2   2   0   1   2  0.38 0.27
  569 K    1  3 -1  0 -2  2  2 -1 -1 -4 -2  2 -1 -4  0 -1  0  0 -2 -3   11  21   2   4   1   8  17   3   1   0   3  13   1   0   5   3   5   1   1   1  0.31 0.21
  570 T    1  1  0  1 -3  2  2  0  0 -2 -2  1  0 -3 -2  0  0 -4 -2  0   11   6   2   6   0   8  18   9   3   0   1  11   4   0   1   8   5   0   1   7  0.18 0.14
  571 T    1  2 -1  0 -3  0  2 -1  0 -2 -1  0 -1 -2 -1  1  0 -3 -2 -1   10  15   2   5   0   1  18   4   2   1   8   4   1   2   2  14   6   0   1   4  0.15 0.14
  572 D    0  0  0  2 -4  2  3  0  2 -2 -2  1 -1 -2 -1  0 -1 -4 -2 -2    9   4   3  11   0  11  19   8   6   1   5   9   1   1   1   6   1   0   1   2  0.22 0.16
  573 D    0  1  0  2 -3  1  1  1 -1 -1 -2  0 -1 -3  0  0  0 -3  0  0    9   9   3  13   0   8  11  11   1   4   1   4   2   0   3   4   4   0   4   8  0.12 0.10
  574 G    0  2 -1  1 -3  1  1  2 -1 -1 -1  2 -2 -2 -1  0 -1 -2 -2 -2    6  15   1   8   0   5  10  18   0   3   5  13   0   2   3   5   1   1   1   2  0.17 0.12
  575 H    1  2  0  1 -3  1  2 -1  3 -2 -2  1 -1 -2 -1  0 -1 -3  1 -1   13  11   5   8   0   6  12   3   9   1   2   9   1   0   2   4   2   0   6   6  0.16 0.13
  576 E    1  2 -1  1 -3  2  2 -1  1 -2 -3  1 -1 -4 -2  1  0 -4 -3 -1   16  11   2   6   0  10  16   3   3   1   0   9   1   0   1  10   7   0   0   3  0.24 0.16
  577 D   -1  1  1  4 -4  1  2  0 -2 -3 -2  0 -1 -4 -1  1 -1 -4 -3 -2    5   8   5  27   0   7  16   6   0   0   4   2   1   0   2  12   2   0   1   2  0.35 0.19
  578 F    0  1  0  0 -2  0  0  0  0 -1  0  1  0  0  0  0 -1  0  0  0   10   8   4   6   0   4   7   6   2   3  10  10   5   5   3   5   2   1   4   6  0.02 0.02
  579 E    0  1 -1  1 -4  2  4 -1  3 -2 -2  0 -2 -2  0 -1  0 -4 -1 -2    8   7   1   5   0   8  35   3  10   2   3   2   0   1   5   2   4   0   1   2  0.37 0.20
  580 S    0  0  0  2 -3  1  2  0  0 -1 -1 -1  0 -3  1  1  0 -3 -2 -1    5   7   3  13   0   4  16   6   3   3   4   1   4   0   8  13   7   0   0   2  0.17 0.10
  581 F    0 -1  0  0 -2  0  0 -1 -1  1  0  0  0  1 -1  0  0 -2  0  0    9   2   3   5   0   5   9   5   1  12  12   4   1   7   2  10   5   0   4   4  0.02 0.03
  582 E    0  1  0  1 -3  1  3  0 -2 -2 -3  0 -2 -4  0  0  1 -4 -3 -1    6   9   4   7   0   6  28   9   0   1   0   3   0   0   4   5  12   0   0   4  0.28 0.15
  583 G    2  0  0  1 -2  0  1  2  0 -1 -1 -1 -1 -3 -2  1  0 -3 -2 -1   20   7   4   8   0   5   8  20   3   4   4   0   1   0   0   8   3   0   0   4  0.16 0.10
  584 S    0  1  0  2 -3  1  1  0  1 -1 -2  0  0 -3 -1  1  1 -3 -2 -1    7   7   3  15   0   7  12   7   5   4   2   2   3   0   3  10  10   0   0   4  0.15 0.09
  585 S    0  1  1  2 -3  0  2 -2 -2 -1 -1 -1 -2 -2 -2  2  1 -3  1 -1    7   8   5  11   0   2  14   0   0   3   7   0   0   0   0  27   6   0   6   3  0.20 0.15
  586 D   -2  0  1  4 -1  0  3  2 -2 -4 -4 -1 -3 -4 -3  1 -1 -4 -3 -3    0   4   7  33   2   4  18  16   0   0   0   0   0   0   0  10   2   0   1   2  0.52 0.22
  587 G    1  1  1  1 -3 -1  1  2  0 -3 -2 -1 -1 -3 -2  2 -1 -3 -2 -1   15  11   5  10   0   0  10  18   2   0   3   0   2   0   0  17   2   0   1   4  0.20 0.12
  588 H   -1  1  0  2 -4  0  4 -2  4 -3 -3  0 -1 -2 -3  1  0 -4 -1 -2    2   8   3   9   0   2  35   2  12   0   0   4   1   1   0  10   6   0   2   3  0.41 0.19
  589 E   -1 -2 -2  2 -4  1  5 -3  1 -3 -2  1 -2 -1 -1 -1 -1 -4 -3  0    2   0   0  11   0   3  51   0   3   0   5   7   0   3   3   2   3   0   0   8  0.53 0.24
  590 A    2  2  0  1 -2  0  1 -1 -2 -2 -2  0 -1 -3  0  1  1  2 -2 -1   22  12   2  10   0   1   7   2   0   2   0   6   2   0   4  14   9   4   0   3  0.19 0.11
  591 E   -2  0 -1  3 -5  1  5 -3 -2 -4 -4  2 -3 -3 -3 -1 -1 -5 -3 -1    0   4   0  15   0   3  55   0   0   0   0  11   0   1   0   3   2   0   0   5  0.78 0.28
  592 G    1  1  0 -2 -3 -1 -1  4 -2 -3 -2  2 -2 -4  0 -1 -2 -4 -3 -2   13  10   3   0   0   0   2  42   0   0   3  20   0   0   3   0   0   0   0   3  0.47 0.17
  593 L   -2 -3 -3 -4 -2 -3 -3  1 -3  1  4 -3  2  1 -3 -2  1 -2 -2  0    0   0   0   0   0   0   0  16   0   8  54   0   5   7   0   0  10   0   0   0  0.37 0.14
  594 M    0 -1 -3 -3 -2  2 -2 -3 -3  1  4 -2  3 -1 -3 -1 -2 -3 -2  0    9   2   0   0   0  13   0   0   0   3  57   0  13   0   0   2   0   0   0   0  0.40 0.15
  595 R    3  1 -1  0 -2 -1  0  0  0 -2 -3 -1 -2 -3 -2  3  0 -4 -2 -1   41  10   0   3   0   0   6   2   2   0   0   0   0   0   0  31   0   0   0   4  0.34 0.12
  596 D    1  2  1  3 -3  0  0  1 -1 -3 -3  0 -2 -3 -2  2 -1 -4 -3 -3   14  21   3  24   0   3   0   9   0   0   0   0   0   0   0  26   0   0   0   0  0.35 0.09
  597 H   -2  0  0  2 -4  3  3 -3  5 -4 -3  0 -2 -2 -2 -1 -2 -2  3 -3    0   3   0  15   0  17  31   0  21   0   0   0   0   0   0   0   0   0  13   0  0.55 0.11
  598 D   -2 -2  0  6 -4  0  4 -2 -1 -4 -4 -1 -3 -4 -2 -1 -2 -5 -3 -4    0   0   0  69   0   0  31   0   0   0   0   0   0   0   0   0   0   0   0   0  0.96 0.09

                      K         Lambda
Standard Ungapped    0.1377     0.3238
Standard Gapped      0.0410     0.2670
PSI Ungapped         0.1323     0.3177
PSI Gapped           0.0405     0.2670
