
Last position-specific scoring matrix computed, weighted observed percentages rounded down, information per position, and relative weight of gapless real matches to pseudocounts
           A  R  N  D  C  Q  E  G  H  I  L  K  M  F  P  S  T  W  Y  V   A   R   N   D   C   Q   E   G   H   I   L   K   M   F   P   S   T   W   Y   V
    1 M   -1 -2 -3 -3 -2 -1 -3 -3 -2  2  2 -2  6  0 -3 -2 -1 -2 -1  1    0   0   0   0   0   0   0   0   0  15  15   0  69   0   0   0   0   0   0   0  0.37 0.02
    2 D   -2 -2  6  3 -3 -1 -1 -2  1 -4 -4 -1 -3 -4  0  1  0 -5 -3 -3    0   0  55  18   0   0   0   0   4   0   0   0   0   0   5  13   5   0   0   0  0.74 0.17
    3 P   -2 -4 -3 -3 -4 -3 -3 -4 -4  1 -4 -1 -3 -5  8  0 -1 -5 -4 -3    0   0   0   0   0   0   0   0   0  11   0   4   0   0  75   6   4   0   0   0  1.81 0.36
    4 R    1  1  1 -2 -3  1 -2 -3 -1 -2 -2 -1 -2 -1  5  0  1 -4 -3 -1   13  11   8   0   0   8   0   0   1   0   4   0   0   3  35   6   8   0   0   5  0.55 0.17
    5 R    0  3 -1 -2  0  2 -1  0  1 -3 -3  1 -2 -4  0  1  1 -3 -2 -3    6  23   0   0   3  15   0   9   3   0   0   9   0   0   4  16  11   0   0   0  0.32 0.15
    6 N    0 -1  3  0 -3  2 -1 -1  3  0 -2 -1  0 -3  0  1  1 -3 -2 -1    9   1  19   3   0  15   0   3  10   7   0   2   4   0   5  12   7   0   0   2  0.22 0.13
    7 F   -1 -1  0 -2  1 -1  0 -3 -2  0  1  0  1  1  1  2  0 -3 -1 -1    2   3   5   0   4   0   5   0   0   6  22   5   5  10   7  22   4   0   0   0  0.12 0.11
    8 Q    0  2 -1  1 -3  3  3 -1 -1 -3 -3  0 -2  0  1  1  0 -3 -2 -3    5  15   0   9   0  15  21   3   0   0   0   4   0   6   6   8   6   0   0   0  0.30 0.15
    9 P   -2 -3  1 -3 -4 -1 -3 -4 -3  1 -3  0  0 -4  7 -1  0 -5 -4 -1    2   0   8   0   0   3   0   0   0  10   0   7   3   0  56   3   5   0   0   3  1.18 0.35
   10 G    1 -1  2  1 -3  1 -1  3  1 -4 -3 -2  0 -2  0  1 -2  2 -3 -3   12   3  14   6   0   6   2  26   4   0   1   0   3   2   5  10   0   4   0   0  0.32 0.17
   11 G    0  2  0  0 -3  1  1  2 -2 -3 -2  0 -2 -3  2  2  0 -3 -1 -2    4  12   2   3   0   8   7  17   0   0   2   5   0   0   9  18   5   0   2   3  0.24 0.14
   12 Y    0  0 -1 -1  2 -1  0  0 -2  0  0 -1 -1  1  3  0  0 -2  1 -1    9   8   1   2   6   2   6   6   0   5  12   0   0   7  15   5   5   0   6   4  0.12 0.09
   13 D    0  0  1  3  0  2  3 -2 -2 -2 -2 -1 -2 -3 -2  2  0  1 -3 -2    6   4   5  16   2   9  22   0   0   2   5   0   0   0   0  17   6   2   0   2  0.31 0.18
   14 S    0 -1  0 -2 -3  2 -1 -2  0 -2 -3 -1 -3 -1 -2  5  2 -4 -2 -2    6   2   5   1   0  10   3   2   3   2   2   2   0   3   1  46  12   0   1   2  0.51 0.32
   15 R    0  1  0  1 -4  2 -1 -1  2 -3 -1  0 -3 -4  4  0 -1 -4 -3 -2    6   9   4   8   0  10   1   4   5   0   9   7   0   0  25   9   2   0   0   2  0.41 0.22
   16 N   -1 -1  2  2 -3  2  1 -1  1 -2 -2 -1 -2 -4 -2  3  2  0 -3 -3    3   2   9  11   0  12   7   5   3   2   3   2   1   0   1  25  12   1   0   0  0.30 0.21
   17 T   -1 -2  1 -2 -3  0  1 -3 -3 -1 -2 -1 -3 -1  4  2  1 -4  0  1    5   1   7   1   0   5   9   0   0   3   3   2   0   2  20  18  11   0   3  10  0.34 0.23
   18 F    0  0 -1 -1 -3  0  0  1 -2  0  0 -2  2  2 -2  0  0  3 -1  0    8   5   3   3   0   3   7  12   0   7   6   0   8  13   1   9   5   4   0   6  0.08 0.11
   19 T    2 -2  0 -2 -3  0 -2 -1  0  1 -2 -1  1 -2  2  2  1 -4 -3  1   18   1   5   1   0   5   1   5   2   8   1   3   5   1  10  19   8   0   0   9  0.20 0.18
   20 S    0  0 -1 -1 -3  0  2 -3 -2 -1 -2 -1  2 -4  1  3  2 -5 -4 -2    6   4   1   2   0   4  14   0   1   4   3   1   8   0   7  30  14   0   0   2  0.37 0.27
   21 G    0  0  0  1 -1  0  0  2 -1 -2 -2 -1  0 -1  2  1  1 -3  0 -2    8   4   5   8   1   4   4  14   1   2   2   2   3   2  10  15  10   0   3   1  0.17 0.13
   22 S    1  1  1 -2 -3 -1 -1  1 -1 -2 -3 -1 -1 -4  1  3  1 -4 -3 -2   13   9   6   1   0   2   3  10   1   3   2   1   1   0   7  28  11   0   0   2  0.29 0.22
   23 F    0 -1  2  0 -2  0 -1 -2 -1  0  1 -1  0  1  0  1  0  0 -1  0    5   1  11   5   0   5   2   2   1   3  16   4   3   7   4  17   5   1   1   8  0.07 0.10
   24 G    0 -1  2  1 -2 -2 -1  2 -3 -2 -2 -1 -2 -4  0  2  2 -4 -4 -2    8   4  13   7   1   1   2  19   0   2   4   2   1   0   4  15  16   0   0   1  0.30 0.20
   25 P    0  2  1 -2 -4 -1  0  0 -2 -4 -4 -1 -1 -3  5  2 -1 -5 -1 -3    7  14   7   1   0   2   7   6   0   0   0   3   2   1  30  16   2   0   2   1  0.58 0.30
   26 P    2 -1 -3 -4 -4 -3 -1 -3  0 -2 -2 -2  1 -5  6 -2  1 -5 -1 -3   17   4   1   0   0   1   4   2   3   3   3   1   5   0  45   2   8   0   2   1  0.96 0.43
   27 D   -1  0  3  3 -1  2  0  0  1 -4 -3  0 -1 -4  1  1 -2 -4 -1 -3    4   6  15  19   1   9   4   5   3   0   2   5   1   0   8  10   1   0   3   2  0.32 0.22
   28 F   -1 -1  0 -1 -3 -1 -2 -1 -1  3  1 -2  3  1  1  0 -1 -3  0  0    3   4   5   3   0   3   2   4   1  21  10   1  11   7   6   8   2   0   2   6  0.14 0.16
   29 G    1 -2  1  2 -2  1  2  2 -2 -2 -3 -1 -2 -4 -1  2  0 -4 -4 -1   15   1   8  11   1   6  12  14   1   2   1   1   1   0   2  15   5   0   0   4  0.26 0.21
   30 E   -1  0  0  2 -3  2  3 -2  1 -3 -2 -1 -2 -3  2  1 -2 -5 -4 -1    5   4   5  14   0   8  23   2   4   1   3   2   1   1  10  12   1   0   0   4  0.35 0.25
   31 S    1 -1  1  0 -4 -2  1 -1 -2 -3 -3 -1 -1 -5  2  3  2 -5 -4 -3    9   3   7   4   0   1   9   5   0   1   2   4   2   0  11  29  13   0   0   1  0.41 0.30
   32 D    0  0  2  3 -4 -1  1  0 -1 -4 -3  0 -2 -3  2  2  0 -5 -3 -3    7   4  10  18   0   2  10   6   1   0   2   5   1   1  11  15   6   0   0   1  0.33 0.23
   33 E    0  0  1  2 -1  0  2  0 -1 -3 -3  1 -1 -4  3  1  0 -4 -2 -2    6   3   7  12   1   3  17   6   1   1   2   9   1   0  13   9   6   0   1   2  0.27 0.20
   34 A    0 -1  2 -1 -2  0  0 -1  1 -3 -1  0 -3 -3  3  2  0 -3  0 -1    8   2  10   3   1   4   4   3   4   1   7   5   0   1  18  18   6   0   3   5  0.26 0.22
   35 E   -2  1  2  1 -1  1  2  0 -1 -3 -3  2 -3 -4  3  0  0 -4 -2 -2    2   6   9   7   2   6  14   7   1   1   2  14   0   0  13   7   5   0   2   4  0.26 0.20
   36 L   -3 -5 -4 -6 -3 -5 -5 -5 -5  5  4 -5  2 -1 -4 -3 -3 -5 -2  3    2   0   1   0   0   0   0   1   0  31  34   0   4   2   1   2   1   0   1  21  0.93 0.45
   37 V   -3  0  3 -4 -3 -2 -4 -3  0  1  4 -2  0  0 -3 -2 -1 -4  0  0    1   5  14   0   0   1   0   2   2   6  44   3   2   4   1   3   3   0   3   6  0.45 0.32
   38 S   -2 -3  1 -1  5 -3 -3 -2  5 -4 -4 -4 -4  3 -3  2 -1  0  4 -4    3   1   7   4  13   1   1   3  13   0   0   0   0  14   1  20   3   1  15   1  0.72 0.44
   39 V    1 -5 -4 -6 -1 -5 -5 -4 -5  3  3 -5  1  0 -5 -3 -2 -5 -2  4   12   0   0   0   1   0   0   1   0  16  25   0   3   4   0   1   1   0   1  34  0.73 0.41
   40 S    1  2  3 -1  1 -2 -2  0 -1 -5 -4 -1 -4 -3 -3  4  1 -5 -4 -4   10  10  17   3   2   1   1   8   1   0   1   4   0   1   0  33   7   0   0   1  0.54 0.39
   41 W   -6 -5 -7 -7 -2 -7 -7 -7 -1 -1 -1 -7 -2  9 -7 -6 -4  3  1 -2    0   1   0   0   1   0   0   0   1   3   5   0   1  78   0   0   1   3   3   2  2.33 0.88
   42 N   -4 -5  8  0 -1 -4 -2 -4 -4 -7 -7 -5 -2 -5 -6  1 -2 -8 -6 -7    1   0  74   5   2   0   2   1   0   0   0   0   1   1   0  11   2   0   0   0  2.10 0.90
   43 Q   -2 -2 -1  0 -4  8 -1 -3  0 -7 -4 -1 -3 -5  0  0 -3 -6 -4 -6    3   1   2   4   0  63   3   2   2   0   1   3   0   1   5   6   2   0   0   0  1.49 0.79
   44 D   -4 -4  1  8 -4 -1 -1 -3 -3 -5 -5 -4 -4 -3 -6 -2  0 -8 -7 -5    1   1   5  72   0   3   3   2   1   1   1   1   0   1   0   2   6   0   0   0  1.79 0.80
   45 Y    1  0  1 -2  3  1 -1  1  3 -3 -3 -1 -1  2 -4  1 -2 -1  3 -2   10   5   9   1   7   8   2  11   7   1   1   3   1   9   0  11   1   1  11   1  0.25 0.23
   46 S   -1 -1  0  0 -1 -1 -1  2 -2 -4 -5 -1 -2 -3 -4  4  4 -5 -3 -4    3   2   3   5   1   2   3  13   1   0   0   4   1   1   0  30  29   0   1   0  0.63 0.42
   47 C   -2  1 -2 -5  9 -3 -4 -2  2 -2 -1 -4 -1 -2 -5  2 -1  0 -1 -3    2   7   1   0  43   1   1   3   5   2   6   0   2   2   0  16   4   1   2   1  1.21 0.57
   48 F   -3 -3 -5 -6 -2 -5 -5 -4 -5  2  3 -5  0  6 -5 -5 -4 -1  0  1    2   1   0   0   1   0   0   1   0  13  25   0   2  42   0   0   0   1   1  10  1.08 0.48
   49 A    4 -4 -2 -4  3 -2 -3 -2 -4  0 -1 -3 -1 -3 -2  2  1 -4 -2  1   41   0   2   0   7   1   0   2   0   5   4   0   2   1   2  15   9   0   1   8  0.53 0.37
   50 A    1 -5 -5 -5  5 -4 -5 -3 -5  3  0 -4  1  0 -5 -2  0 -4 -1  4   11   0   0   0  13   0   0   2   0  16   8   0   3   4   0   2   5   0   2  34  0.69 0.37
   51 G    3 -5 -4 -3  3 -2 -4  5 -5 -2 -4 -4 -4 -5 -4  1 -2 -5 -5 -2   21   0   0   1   6   2   0  50   0   2   2   0   0   0   0  10   2   0   0   3  1.00 0.50
   52 T   -2 -1 -2 -1  0 -3 -3 -2  2 -2  0 -3  2 -2 -3  0  6 -1 -1 -3    3   3   2   4   2   1   1   3   5   3  10   1   5   2   1   7  45   1   2   1  0.69 0.44
   53 S   -1  1  2  2 -2 -1  2 -2 -1 -3 -3  1 -1 -3  0  1  1 -5 -3 -3    5   7  10  14   1   2  15   2   1   1   2   9   2   1   5  10   9   0   1   1  0.28 0.22
   54 H   -1  1  3  2 -1  0  0 -2  1 -3 -3  2 -2 -5 -4  2  1 -5 -2 -2    5   6  16  13   1   4   7   3   4   1   2  11   1   0   0  14   8   0   1   3  0.33 0.25
   55 G   -2 -3 -2 -2 -1 -3 -3  7 -6 -4 -7 -4 -6 -7 -6 -1 -2 -6 -3 -6    3   1   1   2   1   2   2  76   0   1   0   1   0   0   0   4   3   0   1   0  1.77 0.76
   56 F   -1 -4 -2 -5  0 -4 -4 -4 -2  0  0 -4  0  6 -4 -2 -3  3  5  0    4   0   2   0   2   0   0   0   0   5   8   0   2  38   0   3   0   4  20   8  0.85 0.39
   57 R    0  4 -1 -1  1  0  0 -2  2 -2 -2  2  1  0 -3  0 -1  1 -1 -2    8  26   2   2   3   4   4   2   7   2   2  12   4   5   0   8   3   2   2   2  0.23 0.20
   58 I   -1 -1 -4 -4  1 -4 -4 -4 -4  4  1 -4  1  1 -4 -3  0  3 -2  3    4   3   0   0   4   0   0   0   0  33  11   0   3   5   0   0   4   4   0  27  0.59 0.34
   59 Y    0 -2 -2 -3  3  1 -2 -3  2  1  0 -2  2  1 -3 -1  0  4  2  0    8   0   0   0   8   8   0   1   8   8   8   0   8   8   0   1   8   8   8   8  0.21 0.17
   60 N   -2  1  6  1 -4  0 -4 -2  0 -6 -6 -2 -3 -5 -5  3  0 -3 -3 -5    3   7  34   7   1   4   1   4   2   1   1   3   1   1   1  22   6   1   1   1  1.00 0.63
   61 C   -1 -4 -3 -7  7 -7 -7 -7 -7  1  2 -7 -2 -4 -5  1  4 -7 -3  2    5   1   2   0  22   0   0   0   0   7  17   0   1   1   1   9  20   0   1  12  1.03 0.61
   62 E   -2 -2  3  5 -1 -2  3 -5  2 -9 -5 -1 -3 -4 -5  1 -1 -1 -3 -4    4   3  12  31   1   2  17   1   4   0   2   4   1   1   1   9   4   1   1   1  0.87 0.57
   63 P   -4 -4  1 -1 -10 -3 -4 -3 -3 -3 -6 -2 -2 -10  7  1  1 -10 -4 -6    2   1   7   4   0   1   2   3   1   2   1   3   1   0  53  10   7   0   1   1  1.51 0.94
   64 F   -3 -4 -3 -1  3 -2 -4 -3 -1 -1  3 -4 -1  6 -3 -4 -3 -1 -1  1    3   1   1   3   5   3   1   3   1   4  27   1   2  27   2   1   2   1   2   9  0.81 0.46
   65 K   -1  2 -1  1  0  1  2  1  0 -2 -2  3  0 -3 -1 -1  0 -7 -2  0    5  10   3   7   2   5  13   9   2   2   4  15   2   1   3   4   6   0   1   6  0.22 0.20
   66 E   -4  1 -3 -4 -1  2  5 -4  0  0  1  2 -1 -2 -1 -2 -2 -8 -3 -1    1   6   2   1   1   7  29   1   2   5  14  10   1   2   3   4   3   0   1   4  0.54 0.40
   67 T   -2  1 -1 -3  4  0 -2 -4 -1  2  1  3 -1 -2 -3 -1  1 -1 -2  1    3   8   3   2   8   4   2   1   2  11  13  15   2   2   1   4   9   1   1   9  0.31 0.22
   68 F   -2 -1 -1 -2  2 -2 -1 -2  1  1  0 -2  1  4 -3 -2 -3  0  4  0    4   3   3   3   3   2   5   4   3   8  10   3   4  16   2   3   2   1  13   7  0.38 0.24
   69 R   -2  4  0  0  1  0 -1 -3  4 -1 -3  1 -6 -1 -3  1 -1  2  1 -2    3  19   4   5   3   5   4   2  10   4   4   9   0   3   2   9   4   2   5   3  0.37 0.27
   70 R   -2  4  0 -1  2  2  1 -2  2 -1 -2  0  0  0  0 -2 -1  2  1 -1    3  19   4   4   3   8   8   3   4   3   5   6   3   3   4   4   3   3   4   4  0.25 0.21
   71 E   -1  0  0  0  2  0  0 -1  2  0 -1  0  2  1  0 -1  0  4  1 -1    5   5   5   5   5   5   5   5   5   5   5   5   5   5   5   5   5   5   5   5  0.09 0.08
   72 L   -1 -1  0  0  2 -1 -1 -1  2  0  0 -1  1  3 -1 -1  0  2  0  0    4   3   4   5   4   3   5   4   4   6   9   4   3  13   3   5   6   2   4   6  0.08 0.09
   73 K    0  0  0  1  0  1  1  0  1 -1 -1  1  0  0  1  0  0 -3  0 -1    6   6   5  10   3   5  10   5   3   4   4   7   3   4   7   6   5   0   3   4  0.07 0.08
   74 D    0  0  0  0  2  0  0 -1  1  0 -1  0  1  0  0  0  0 -2  1  0    5   5   5   5   5   5   5   5   5   5   5   5   5   5   5   5   5   0   5   5  0.03 0.05
   75 G    0 -1  0  0  1  0  0  3  1 -2 -2 -1 -3  0  1 -1  0  2  1 -1    6   4   4   4   3   4   6  22   3   3   3   3   0   3   7   4   7   3   6   3  0.15 0.17
   76 G    0  0  0  0  2  0  0 -1  1  0 -1  0  1  0  0  0  0 -2  1  0    5   5   5   5   5   5   5   5   5   5   5   5   5   5   5   5   5   0   5   5  0.03 0.05
   77 F   -2 -2 -4 -4  1 -4 -4 -4 -5  4  1 -2  0  1 -2 -2  0 -4 -2  4    3   2   0   1   3   0   1   1   0  25  15   2   2   6   2   2   6   0   1  28  0.55 0.36
   78 K    1  2  0 -2  1 -1 -2  3 -1 -2 -2  1 -1 -2 -3  2  1 -4  0 -2   10  10   4   2   4   2   2  20   1   3   4   7   2   1   0  16   7   0   3   2  0.21 0.21
   79 I   -2 -3 -1 -4  0 -2 -3 -4  1  5  2 -2  1  1 -3 -1 -1 -4  0  1    3   1   4   0   2   1   2   1   4  34  20   2   2   5   1   6   3   0   2   6  0.43 0.32
   80 V    2 -5 -4 -6  2 -3 -4 -3 -6  4 -1 -5 -2 -3 -5 -3 -2 -6 -4  5   21   0   1   0   4   1   1   2   0  19   4   0   1   1   0   1   1   0   0  42  0.91 0.54
   81 E    0 -2 -2  0  1  1  5 -2 -1 -2 -4  0 -2 -4 -4  1 -1 -6 -5 -2    7   2   1   5   3   6  47   2   1   3   1   4   1   1   0  10   3   0   0   3  0.72 0.51
   82 M   -2  3 -3 -5 -1  0 -4 -4 -3  1  1 -2  8 -2  0 -3  0 -5 -1 -1    3  14   1   0   1   3   0   1   1   7  10   2  37   1   4   2   7   0   2   3  0.89 0.56
   83 L   -4 -3 -2 -3 -1 -4 -5 -5  0  1  5 -4  2  0 -4 -3 -3 -1  0  0    0   1   2   2   1   1   0   1   2   8  59   1   4   3   1   2   1   1   4   6  0.89 0.51
   84 F   -2 -2  0 -2 -3 -2 -1 -1  3 -2 -2 -2 -2  6 -1 -1 -1 -1  4 -3    2   2   5   2   1   2   4   5   6   2   3   2   1  35   4   4   4   0  15   1  0.68 0.43
   85 R   -2  4  2  1  1 -1  0 -1  0 -5 -4  1 -4 -5 -3  2 -1 -2 -4 -3    3  28   8   9   3   2   6   5   2   0   1   8   0   0   1  18   3   1   0   2  0.51 0.38
   86 S   -2 -3 -1 -1  4 -3 -1 -1 -2 -3 -3 -1 -2 -3 -4  4  4 -5 -1 -4    2   1   3   2   8   0   3   4   1   1   2   3   1   1   0  36  29   0   2   0  0.77 0.54
   87 N   -2  0  6 -2  0  0 -2 -1 -1 -6 -5 -1 -2 -2 -1  4 -1 -6 -1 -5    3   5  37   1   2   4   2   3   1   0   0   2   1   2   3  29   3   0   2   0  0.85 0.55
   88 I   -3 -3 -2 -4 -1 -2 -4 -4 -2  4  4 -3  0  1 -5 -2 -2  1  1  0    2   1   2   1   1   1   0   1   1  24  40   2   1   5   0   3   2   2   5   5  0.61 0.37
   89 L   -2 -3 -4 -5  1 -3 -4 -3 -2  3  3 -4  0  2 -4 -2 -1 -1  0  3    2   1   0   0   3   1   0   2   1  17  28   0   2   8   0   2   4   1   3  24  0.54 0.33
   90 A    5 -4 -4 -5  0 -2 -4 -1 -4  0 -1 -4 -1  0 -2 -1  0  0 -2  2   51   0   0   0   2   1   0   4   0   5   5   0   2   3   2   4   4   1   1  12  0.68 0.44
   91 L   -2 -2 -4 -5  1 -4 -4 -3 -1  2  3 -4  2  3 -4 -2 -1 -3  1  2    2   2   0   0   3   0   0   2   2  10  30   0   5  15   0   2   5   0   6  15  0.48 0.30
   92 V   -1 -5 -2 -5  0  0 -5 -5 -5  1 -2 -5  0 -1 -5 -1  0 -5 -4  6    5   0   2   0   2   4   0   0   0   5   3   0   2   2   0   6   6   0   0  61  1.07 0.58
   93 G   -1 -1 -1 -1  1 -2 -2  5 -1 -4 -1 -2  0 -2 -1  1  0  0 -1 -2    4   3   2   3   3   1   2  43   2   0   7   2   3   2   3  10   5   1   2   2  0.51 0.33
   94 G    1  0  0  0  1  0  0  1  0  0 -1  0  0 -2  0  1  0 -3  0  0   13   4   5   6   3   5   4  10   3   7   4   5   3   0   3  11   7   0   3   6  0.05 0.08
   95 G    0  0  0  0 -3  1  0  0  2  0 -1  0 -1  0  1  0  0  3 -1  0    6   6   6   6   0   6   6   6   6   6   6   6   0   6   6   6   6   6   0   6  0.06 0.09
   96 P    0  1  0  1 -1  0  2 -1  1 -1 -2  1 -1 -1  2  1  0 -3 -1 -1    6   6   4   9   1   4  14   4   3   3   4   7   2   2   9   9   6   0   2   5  0.12 0.12
   97 N   -1  0  3  1  0  2  0 -2  1 -2 -2  1 -1 -2 -1  1  0 -4 -1  0    5   6  15   7   2  10   5   3   3   2   3   7   2   2   3  10   5   0   2   7  0.17 0.18
   98 S    0 -1 -1 -2 -5 -1 -1 -1  0 -2 -3 -1  0 -1  5  2  1 -5 -1 -2    6   3   3   3   0   2   3   5   3   3   3   4   2   3  29  16   9   0   2   3  0.51 0.41
   99 Q   -1  1  1  0  1  2  0  0  1 -1  0  1  0 -1 -1  1  0 -3  0 -1    5   9   6   4   3   9   4   6   4   3   9   7   2   3   3  11   4   0   3   5  0.06 0.10
  100 Y   -1 -2 -1 -1  2  0 -1 -1  1 -1  0 -1  1  3 -2  1 -1  2  4 -1    4   2   3   3   4   4   4   4   3   4   8   4   3  13   2  11   3   3  13   4  0.20 0.20
  101 P    1 -1  0 -1  0  0 -1 -1 -4 -3 -3  0 -2 -2  4  3 -1 -1 -4 -2   11   2   4   4   2   3   4   4   0   2   2   6   1   2  20  26   3   1   0   2  0.45 0.40
  102 S   -1  0  0  0  1  0  0 -2  1  0 -2 -1  0 -2  5  0  0 -5 -4 -2    5   5   4   6   3   3   6   3   4   5   3   4   3   2  28   8   6   0   0   2  0.40 0.32
  103 N   -1  3  3  1  2  0 -1 -2  1 -1 -2  0 -3  0 -1 -1  1 -4  0 -1    4  15  16   6   4   4   3   3   4   4   3   5   0   4   3   4   8   0   3   5  0.19 0.21
  104 K   -1  2 -1  0  1  1  0 -4  1 -1 -2  3  0 -1  0  1 -1  2  0 -1    5  14   3   4   3   5   5   0   3   3   3  17   3   3   5   9   4   3   3   4  0.19 0.21
  105 V   -1 -4 -5 -1  1 -4 -4 -5  1  1  3 -1  2  0 -1 -4 -2  2  0  3    6   0   0   4   2   0   0   0   4   7  26   4   5   4   3   0   3   3   3  24  0.46 0.33
  106 L   -1  1  1 -2  2 -1 -2 -2  2  0  0  0  2  1  1 -1 -1  2  0  0    4   7   6   3   4   3   3   4   4   5  11   7   6   6   6   6   4   2   3   6  0.08 0.07
  107 I    0  0  0 -2  2  0  0 -1  2  0 -1  0  1  1 -3  0  0  3  1  0    6   6   5   0   5   5   6   6   5   6   6   6   5   5   0   6   6   5   5   6  0.08 0.12
  108 W   -2 -1 -1 -4  4  1 -4 -4  1 -1 -1 -1  2  3 -4 -1  0  7  3 -1    3   3   3   0   8   6   0   0   4   4   5   4   6  11   0   5   5  18   9   5  0.60 0.39
  109 D   -2 -1  4  2  1 -1  0 -1  5 -4 -2 -1 -3  0 -4 -1 -1  1  0 -2    3   2  26  13   3   2   7   4  14   0   3   3   0   4   0   4   4   2   2   3  0.48 0.37
  110 D   -2 -2  0  5  0 -2 -1 -4  0 -1 -2 -1  0  2 -5  0  3  0  1 -1    3   2   3  28   2   2   3   1   3   3   4   3   2  10   0   5  16   1   5   4  0.47 0.38
  111 H   -1  1  0 -1 -1  1 -1 -2  5 -1 -1  3  0 -1 -3  0 -1  0  0 -1    5   7   4   3   1   5   4   3  13   3   7  19   2   2   1   8   4   2   4   4  0.25 0.24
  112 Q   -2  2  0 -1 -1  3  0 -3  1 -2 -1  3  0 -2 -4  0  0  2  0 -2    3  11   4   3   1  12   6   2   3   3   6  21   2   2   0   6   7   2   3   2  0.30 0.29
  113 G   -2  2  2  0  1  2  0  2  1 -3 -3  2  0 -2 -2  0 -2 -5 -1 -3    3  10  11   6   3   8   5  14   4   2   2  12   2   2   2   7   2   0   2   2  0.20 0.23
  114 R   -1  2  0 -1  1  1  0 -2  1 -1 -2  3  0 -1 -1  1  1 -6  0 -1    5  11   5   3   3   6   6   4   3   3   5  14   3   3   3   9   7   0   3   4  0.16 0.15
  115 C   -1  0  0  0  2  0  0 -1  2  0 -1  0  2  1  0 -1  0  4  1 -1    5   5   5   5   5   5   5   5   5   5   5   5   5   5   5   5   5   5   5   5  0.09 0.08
  116 I   -1 -2 -4 -2  0 -4 -2 -2 -1  5  0 -2  1  0 -2 -1 -1 -5 -1  3    5   2   0   2   2   0   3   3   1  34   8   3   4   4   3   4   3   0   2  17  0.48 0.35
  117 S    0  0 -1 -1  6 -1 -1  1  1  0  0 -1  1  1 -4 -1  0  1 -1 -1    7   7   2   3  17   3   3  12   3   5   8   4   4   6   0   5   5   2   2   4  0.21 0.21
  118 E   -1  0  1  1  1  0  2 -1  1 -1 -2  1  0 -1 -3  0  1  2 -2 -1    4   5   7   7   3   3  19   5   3   4   3   8   3   3   0   7   8   3   0   6  0.13 0.17
  119 F    0  0  0 -2  2  0  0  0  2  0 -1  0  1  0  0  0  0 -2  1  0    6   6   5   0   5   5   6   6   5   6   6   6   5   5   6   6   6   0   5   6  0.04 0.08
  120 T   -1  0  1  0  2  0  1 -2  0 -2 -2  0  0 -2 -2  2  2 -1 -1 -1    5   4   7   6   4   3  10   2   3   2   3   5   2   2   2  19  13   1   2   4  0.19 0.23
  121 F   -2 -5 -2 -2  1 -2 -2 -2  1 -2  0 -5  1  6 -2 -1 -2 -3  4 -1    3   0   2   3   3   2   2   3   3   2   7   0   4  38   2   5   3   0  13   4  0.81 0.51
  122 R   -1  2  1 -1  1  0  0 -1  1 -1 -2  0  1 -1  2  1  0  2  0 -2    5  12   6   4   3   4   5   5   3   3   5   6   3   3  10  10   5   3   3   3  0.13 0.13
  123 S    0  0  0  0  2  0  0 -1  1  0 -1  0  1  0  0  0  0 -2  1  0    5   5   5   5   5   5   5   5   5   5   5   5   5   5   5   5   5   0   5   5  0.03 0.05
  124 E   -1  0  1  0  0  0  2 -1  1 -2 -2  0 -1  0  3  1  0 -4 -2 -2    4   4   6   4   2   3  13   4   3   3   4   6   2   4  18   9   7   0   1   2  0.22 0.21
  125 I   -1 -5 -1  0  2 -4 -4 -2 -4  4 -1 -4  2  0  1 -1 -1 -4  0  4    4   0   4   5   5   0   0   4   0  21   4   0   5   4   6   4   4   0   4  25  0.43 0.31
  126 R    0  0  0  0  2  0  0 -1  1  0 -1  0  1  0  0  0  0 -2  1  0    5   5   5   5   5   5   5   5   5   5   5   5   5   5   5   5   5   0   5   5  0.03 0.05
  127 A    2  0  2  0  1  0 -1  1  1 -3 -1 -1  0 -1 -1  1 -1  3  0 -1   16   6  10   6   3   3   3  10   3   0   6   3   3   3   3   9   4   5   3   3  0.12 0.16
  128 V    0 -4 -4 -4  2 -4 -1 -1 -4  2  1 -4  2  2  0 -3  0 -4  1  3    6   0   0   0   5   0   4   5   0  13  12   0   5   8   5   1   5   0   4  25  0.38 0.26
  129 K   -1  2  0 -1  1  1 -1 -1  1 -1 -1  2  0  0 -1  0  1 -3  0 -1    4  11   3   3   4   8   3   4   4   3   5  14   3   4   3   7   8   0   3   4  0.09 0.11
  130 L   -1 -6 -6 -7  2  0 -6 -2  1  2  3 -2  4  1 -1 -1 -1  2  1  1    5   0   0   0   4   4   0   4   4  10  24   3   9   5   4   5   4   3   4   8  0.44 0.26
  131 R   -2  3  3  0  1  0 -2 -2  1 -1 -2 -1  3 -1 -1  1  0  2 -1 -2    3  13  15   5   3   4   3   3   3   3   4   3   7   3   3  10   6   2   3   3  0.27 0.21
  132 R   -1  0  0  0  2  0  0 -1  2 -2 -1  0  1  0  0  0  0  3  1 -1    5   5   5   5   5   5   5   5   5   0   5   5   5   5   5   5   5   5   5   5  0.08 0.12
  133 D   -1  0  0  0  2  0  0 -1  2  0 -1  0  1  0 -3  0  0  3  1  0    5   5   5   5   5   5   5   5   5   5   5   5   5   5   0   5   5   5   5   5  0.06 0.10
  134 R   -2  5 -1 -1  1 -1 -2 -3  3 -2 -2  1  1  0  0 -2 -1  3  2 -2    3  25   3   3   3   3   3   3   5   3   5   9   3   3   4   3   4   3   6   4  0.44 0.26
  135 I    0  0 -2 -2  3  1  0 -3 -2  1  0 -1  2  1 -3 -1  0  4  2  0    8   8   0   0   7   7   8   1   0   8   8   0   7   7   0   1   8   7   7   8  0.15 0.16
  136 V    0  0 -3 -3  2 -1 -3 -1 -3  1  1 -1  1  1 -1 -1 -1  2  0  3    7   5   0   0   5   3   0   4   0   9  11   3   3   5   3   4   3   3   3  26  0.15 0.16
  137 V    0 -3 -3 -1  1 -3 -3 -3  0  3  1 -3  1  0 -1 -1  0 -3  0  3    6   0   0   3   3   0   0   1   3  16  12   0   3   4   3   4   7   0   3  33  0.28 0.22
  138 V    0  0 -2 -3  2  0 -2  0 -2  0  0  0  1  1  1  0  0  4  1  0    6   6   0   0   6   6   0   6   0   6   6   6   6   6   6   6   6   6   6   6  0.10 0.14
  139 L   -1 -1 -1 -1  1  0  0 -2  0  0  2 -1  1  1  1 -1  1 -3  0  0    3   3   3   3   3   3   6   3   3   4  27   3   3   5   7   5   8   0   3   5  0.11 0.15
  140 E   -1  0 -1  2 -3  1  4 -3  0 -2 -1  1 -1 -4 -2 -1 -1 -5 -3 -2    4   6   3  11   1   6  28   2   2   2   6   8   1   1   2   5   4   0   1   3  0.32 0.32
  141 H   -2  1  3  2 -2  0  1 -2  2 -4 -4  0 -1 -1 -2  0  1  0 -1 -4    2   8  14  12   1   5  10   4   4   1   2   5   2   2   2   8   7   2   2   1  0.23 0.27
  142 K   -1  3  0 -1 -2  1  0 -2  0 -2 -3  3  2 -2 -3  2 -1 -4 -2 -2    3  14   5   2   1   5   6   2   3   2   1  19   5   2   1  15   4   0   1   3  0.24 0.29
  143 I    0 -5 -1 -5  2 -5 -5 -5 -5  5  0 -5  0 -2 -5 -2  1 -5 -2  4    7   0   3   0   4   0   0   0   0  31   9   0   2   2   0   2   8   0   1  24  0.68 0.48
  144 Y   -2 -1 -1 -2  2 -1 -1 -2  4  0 -2 -1  0  2 -4  0 -1  0  5  0    3   4   2   2   4   3   3   2  12   5   3   4   3   8   0   6   3   1  19   6  0.31 0.31
  145 V   -1 -2 -5 -5  0 -2 -2 -3 -5  4  1 -4  1  0 -5 -2 -1 -4 -1  4    4   3   0   0   2   2   2   2   0  26  11   0   2   3   0   3   3   0   2  28  0.50 0.40
  146 Y   -2 -5 -2 -2 -1 -1 -3 -5  4 -2 -2 -5 -1  4 -3 -4 -2  1  7 -1    4   0   2   2   2   3   2   0   8   2   4   0   2  16   2   0   3   2  36   3  0.97 0.63
  147 N   -2 -1  3  3  3  0 -1 -1  1 -1 -2 -1 -6 -7 -1  0 -1 -7  0 -1    4   4  14  17   5   4   5   4   3   3   4   5   0   0   3   7   5   0   3   4  0.28 0.27
  148 F   -1  0  0  0  2  0 -1 -1  2  0 -1  0  2  0  0 -1  0  3  1 -1    5   5   5   5   5   5   5   5   5   5   5   5   5   5   5   5   5   5   5   5  0.03 0.09
  149 M   -1  0  1  1  0  2 -1  0  1 -2 -3 -1  1 -1  0  1  1  2 -1 -2    5   4   7   7   2   8   4   6   3   3   3   4   3   3   6  11   8   2   2   3  0.06 0.14
  150 D   -2 -2  2  4  1  0 -1 -2  1 -2 -3  0 -6 -1  0  1  0  2 -6 -2    3   3   9  22   3   4   4   4   4   3   3   5   0   3   6   9   7   3   0   3  0.32 0.31
  151 L   -1  0  0  0  2  0 -2 -1  1  0 -1  0  1  0  0  0  0  3  1  0    5   5   5   5   5   5   0   5   5   5   5   5   5   5   5   5   5   5   5   5  0.03 0.11
  152 R   -1  1 -1 -2  0  2  1 -3  1 -3 -3  4  0 -2 -1  0 -1  1 -2 -1    5   8   3   2   2   8  10   3   3   2   3  22   2   2   3   6   4   2   1   4  0.27 0.30
  153 L   -2  1 -1 -2  0  0 -1 -3  1  1  2  1  0 -1  0 -2 -1  1 -1  0    3   9   3   2   2   4   4   2   3   7  22   8   3   3   5   3   4   2   2   7  0.12 0.15
  154 L   -2  0 -1 -2  1  0 -1 -3  1  2  3 -1  1  0 -1 -2 -1  2  1 -1    3   4   3   3   3   4   4   3   3  10  24   3   3   3   3   4   4   2   5   5  0.15 0.17
  155 H   -1  0  0  0  2  0 -1 -1  2  0 -1  0  2  0  0 -1  0  3  1 -1    5   5   5   5   5   5   5   5   5   5   5   5   5   5   5   5   5   5   5   5  0.03 0.09
  156 Q   -1  1 -1 -2  0  1  1 -2  1 -1 -2  0 -1 -4 -1  1  3 -5 -1  0    3   7   3   1   2   7   9   2   4   4   3   7   2   0   2  13  16   0   2   8  0.16 0.28
  157 I   -2 -2 -1 -2  0 -1 -2 -5  0  4  1 -2  1  2 -5 -2 -2  1  2  1    3   2   3   2   2   2   3   0   2  28  12   2   3   8   0   3   3   2   6   6  0.32 0.32
  158 E   -1  1  1  3 -1  0  3 -1  1 -1 -2  0  0 -2  0  0 -1 -4 -1 -1    3   7   5  16   2   3  18   4   3   3   3   4   3   2   4   8   3   0   2   4  0.17 0.24
  159 N    0  0  0  0  2  0  0 -1  1  0 -1  0  1  0  0  0  0 -2  1  0    5   5   5   5   5   5   5   5   5   5   5   5   5   5   5   5   5   0   5   5 -0.00 0.06
  160 M   -1  0  0  0  2  0 -1 -1  2  0 -1  0  2  0  0 -1  0  3  1 -1    5   5   5   5   5   5   5   5   5   5   5   5   5   5   5   5   5   5   5   5  0.03 0.09
  161 A    0  1  0  0  3 -1 -1 -1  0 -2 -2 -2  0 -1  3  0  0  3  0 -1    7   7   4   6   5   3   5   5   3   3   4   3   2   3  15   6   7   3   3   5  0.16 0.18
  162 N   -2 -2  7 -1  1 -1 -2 -2  1 -2 -3 -2 -8 -1 -1 -2 -2  2  0 -3    3   3  43   3   3   3   3   4   3   3   4   3   0   3   3   3   3   3   3   3  0.98 0.61
  163 P   -1  0  2 -1  0 -1 -1 -2  0 -2 -1 -1  0  1  4  0  0 -5 -1 -2    6   4  12   4   2   3   4   3   2   3   5   4   2   6  23   6   5   0   2   3  0.32 0.30
  164 R   -1  2  1  0 -4  1  0 -1  3 -2 -1  2 -1  0  0  0  0 -4  1 -2    4  12   8   4   0   6   4   4   7   2   6  12   2   4   5   7   5   0   5   3  0.14 0.17
  165 G   -1 -3 -1 -2  1 -3 -3  5 -2 -2 -3 -1 -2 -3  0 -1  0 -2  0 -4    5   2   4   3   3   1   2  45   1   2   2   5   1   1   5   5   6   1   3   1  0.66 0.50
  166 L    0  0  0 -1  0  0  0  0  0  0  1  0  0  0  0  0  0 -2  0  0    6   4   4   3   3   6   4   6   3   7  16   5   3   3   4   4   5   0   3   8 -0.02 0.04
  167 C    0 -2  0  0  2  0  0 -1  1  0 -1  0  1  0  0  0  0 -2  1  0    5   0   5   5   5   5   5   5   5   5   5   5   5   5   5   5   5   0   5   5  0.00 0.09
  168 C    2 -1  0  0  2  0  0 -1  0 -1 -1  0  0  0  1  0 -1 -3  0  0   17   3   4   7   5   4   6   3   3   4   4   4   3   4   6   8   3   0   4   5  0.03 0.12
  169 L   -1 -1 -2  0  0 -2 -1 -1  0  1  2 -1  1  0  0 -1 -1 -2  0  1    4   3   0   6   3   0   3   4   3   8  21   5   5   5   4   4   3   0   3  10  0.02 0.12
  170 S    0  0  0  0  2  0  0  0 -2  0  0 -1  1  0  1  0  0 -2  1  0    6   6   5   6   5   5   6   6   0   6   6   0   5   5   6   6   6   0   5   6  0.00 0.09
  171 H   -1  0  1 -1  3  1 -1 -1  2  0 -2 -1  0 -1  2  0  0  1  1 -1    5   6   6   3   6   6   4   5   4   5   4   3   2   3   9   6   7   2   4   5  0.05 0.12
  172 H   -1  0  0  0  2  0 -1 -1  2  0 -1  0  2  0  0 -1  0  3  1 -1    5   5   5   5   5   5   5   5   5   5   5   5   5   5   5   5   5   5   5   5  0.03 0.09
  173 M    0 -1  1  1 -1 -1  0  0  1 -2 -1 -2 -1 -2  2  2  0 -6 -1 -1    7   4   6   7   2   3   7   8   3   2   5   3   2   2   9  14   6   0   2   5  0.07 0.16
  174 N   -2 -1  2  3  0  0  2  0  1 -3 -3 -1 -1 -2 -1  0  0  0 -1 -2    4   3   9  13   2   5  12   8   3   2   3   4   2   2   3   8   6   1   2   3  0.14 0.20
  175 T   -1  0  3 -2  0  0 -2 -1  2 -2 -2 -1  0 -3  0  2  0  0  0 -2    6   6  14   3   2   4   2   6   4   3   4   4   2   1   5  17   7   1   3   3  0.17 0.24
  176 S   -1  0  0  0  2  0 -1 -1  2  0 -1  0  2  0  0 -1  0  3  1 -1    5   5   5   5   5   5   5   5   5   5   5   5   5   5   5   5   5   5   5   5  0.03 0.09
  177 V   -1 -2 -2 -1  0  0 -2 -2  1  2  1 -2  1  0  0 -2 -1  1  2  3    4   2   2   4   2   4   3   3   3  10  13   2   3   4   6   3   3   2   7  17  0.15 0.16
  178 L    0  0  0 -2  2  0 -2  0 -2  0  0  0  1  1  1  0  0 -2  1  0    6   6   6   0   6   6   0   6   0   6   6   6   6   6   6   6   6   0   6   6  0.01 0.11
  179 A    3 -1 -1 -1  0 -1 -2 -2  1 -1 -1 -1  0  1 -1 -1 -1 -4  1  0   26   3   3   3   2   3   3   3   3   3   5   3   3   7   4   4   4   0   5   8  0.12 0.21
  180 C   -1  0 -1 -1  3 -1 -1 -2  1  0  0 -1  0  2  1  0  0  1  1  0    4   5   2   2   7   3   3   2   3   7   9   2   3   8   7   6   6   2   6   8  0.04 0.11
  181 P    0  0  0  0  2  0  0  0  1  0 -1  0  1  0  0  0  0 -3 -1  0    5   5   5   5   5   5   5   5   5   5   5   5   5   5   5   5   5   0   0   5  0.00 0.07
  182 G   -1  0  0  0  2  0  0 -1  1  0 -1  0  1  0  0  0  0  3 -2 -1    5   5   5   5   5   5   5   5   5   5   5   5   5   5   5   5   5   5   0   5  0.02 0.10
  183 I   -1  0  1  0  0  0 -1 -1  2 -1  0  0  0 -1  2  1  0  1  0 -1    5   5   6   4   2   4   3   3   5   3   8   6   3   3   9  13   5   2   3   4  0.04 0.12
  184 R    0  0  1  0  0  1  0 -1  1 -1 -1  1  0 -1  0  0  1 -3  0 -1    6   4   6   4   2   8   6   5   5   3   5   9   3   2   4   8   9   0   3   5  0.03 0.11
  185 R   -1  1 -1 -1  1  0  0  0  0 -1 -3  2 -1 -3  2  0  2  0 -2 -1    5   7   3   4   3   4   6   6   2   3   3  12   2   1   9   6  11   2   2   5  0.10 0.17
  186 G   -1 -2  0 -1 -2 -3 -3  5 -1 -1 -3  0 -2 -6  0  0  0 -6 -2 -1    4   3   4   4   1   1   2  39   1   3   2   6   1   0   4   8   6   0   1   5  0.51 0.45
  187 E   -2 -2 -2 -1 -2  3  0  3  3 -1 -2 -2 -2 -3  0  0 -1 -1 -1  0    3   2   1   4   1  11   7  23   6   4   3   2   1   1   4   9   3   1   2   7  0.23 0.30
  188 V   -2 -3 -3 -3 -2 -3 -1 -3 -3  3  0 -3  0 -2 -3 -1  0 -6 -3  5    4   2   2   2   1   1   5   3   1  13  10   2   2   1   2   4   5   0   1  35  0.48 0.41
  189 R   -2  2 -1 -1 -1  3 -2 -4  1  2  0 -1 -1 -2 -1 -2 -2 -5 -2  3    3  12   3   3   1  13   2   1   3   9  11   3   2   2   3   3   2   0   1  17  0.24 0.29
  190 V   -2 -1 -1 -1  1 -1 -2 -2  0  3  0 -1  1  1 -1 -1 -1 -5  2  2    3   3   3   3   3   3   3   3   3  14  10   3   3   5   3   6   4   0   6  13  0.12 0.13
  191 E   -1 -1  0  2  2 -1  1 -2  0  1 -1 -1  0 -1 -1  0  0  2  0  1    4   4   4  10   4   3   8   3   3   9   6   3   3   3   3   6   5   2   3  10  0.03 0.09
  192 H    1 -1  2  2  1 -1 -1 -1  3 -2 -2 -1 -3  0 -1  0  1  0  1 -1   12   4   8  14   3   3   3   4   8   2   5   3   0   4   2   6   7   1   5   4  0.17 0.19
  193 F   -2 -1  0  0  1 -1 -2 -2  1  0  2 -2  1  2 -1 -1 -1  2  3 -1    4   4   4   6   3   3   3   3   3   5  19   3   4   7   3   5   4   3   9   5  0.17 0.12
  194 G    0  0  3  1  1  0  0  1  1 -1 -2 -1  0 -6  0  1  0 -6  0 -2    9   4  15   6   3   3   6   9   4   3   4   5   3   0   4  10   5   0   3   3  0.19 0.17
  195 L   -1  0  1 -1  1  0 -1 -1  1 -1  1  0  1 -1  0  0  0  0 -1 -1    5   5   8   4   3   5   4   4   3   3  19   6   4   2   5   9   6   1   2   3  0.06 0.11
  196 N   -1  2  2  0  0  1  0 -1  1 -1 -2  2  0 -1  0  0  1 -4 -1 -2    4  10  10   5   2   7   5   5   4   3   4  14   2   3   4   7   8   0   2   3  0.16 0.18
  197 M    0  0  0  0  1  0  0 -1  0 -1 -1  1  0 -1  1  0  0  1  0  0    8   6   5   4   3   4   7   3   3   3   6   9   4   3   8   8   6   2   3   6  0.06 0.07
  198 V    0  0  0 -1  1  0  0 -1  1  0  0  0  1  0  2  0  1 -3  0  0    6   5   3   4   3   4   4   5   4   6   6   7   4   3   9   7  10   0   3   8  0.04 0.06
  199 Q    0  0  0  0  2  0  0 -1  1  0 -1  0  1  0  0  0  0 -2  1  0    5   5   5   5   5   5   5   5   5   5   5   5   5   5   5   5   5   0   5   5  0.03 0.05
  200 I   -1  0  0  0  2  0  0 -1  2  0 -1  0  2  1  0 -1  0  4  1 -1    5   5   5   5   5   5   5   5   5   5   5   5   5   5   5   5   5   5   5   5  0.09 0.08
  201 I    0  0  0  0  2 -2 -2  0 -2  0  0  0  1  1  1  0  0  3  1  0    6   6   6   6   6   0   0   6   0   6   6   6   6   6   6   6   6   6   6   6  0.07 0.12
  202 N    0  1  1  1  0  1  0  0  1 -1 -1  0 -1 -1  0  1  0 -3 -1 -1    5   7   8   9   2   7   6   6   4   3   4   7   2   3   5  10   7   0   2   3  0.09 0.09
  203 A    0  0  1  0  2  1 -1  0 -2  0  0 -1  1 -2  1  0  0 -3 -2  0    7   7   7   7   7   7   0   7   0   7   7   0   7   0   7   7   7   0   0   7  0.07 0.11
  204 H   -3  0 -1 -2 -1 -1 -3 -6 10 -6 -3 -2 -5 -2 -3 -1 -2 -6 -3 -6    2   4   3   2   1   2   2   0  64   0   4   2   0   2   2   6   3   0   0   0  2.12 0.88
  205 D   -1  2  1  2 -1  1  2 -1  1 -2 -2  1 -3 -2 -1  1  0 -4 -1 -2    4  10   6  14   1   7  14   4   3   2   4   9   0   2   2   9   5   0   2   2  0.21 0.19
  206 S    0 -1  1 -1 -1 -1 -2  1  2 -3 -3 -2 -1 -2 -2  4  1  0 -4 -2    8   4   5   3   1   2   2  12   6   2   3   2   1   2   2  35   9   1   0   2  0.41 0.35
  207 N    1  1  1  0 -1  0  0 -2  0 -2 -3 -1  1 -4  4  1  0 -4 -1 -2   12   7   7   5   1   4   5   3   2   2   2   3   4   0  24  10   4   0   3   3  0.36 0.28
  208 I   -2 -5 -5 -5  1 -5 -5 -5 -5  4  3 -5  1  0  0 -2 -2 -5 -4  3    3   0   0   0   3   0   0   0   0  27  32   0   2   3   5   3   3   0   0  18  0.77 0.43
  209 A    4  0 -2 -3  0  0 -2 -1 -2 -3 -3 -1 -1 -3 -2  2  0 -1 -1  0   34   5   2   1   2   4   2   5   1   1   1   3   1   1   2  18   5   1   2   7  0.39 0.35
  210 C    3 -3  0 -5  7 -1 -4 -2 -1 -1 -3 -2 -1 -2 -3  0  0 -5 -2 -2   29   1   6   0  26   3   1   2   2   4   3   3   1   2   1   8   5   0   2   2  0.80 0.47
  211 M   -2 -1 -2 -5 -1 -4 -4 -2 -4  3  4 -4  3  1 -4 -1 -2 -4 -3  1    2   3   2   0   1   0   0   4   0  19  36   0   9   7   0   5   2   0   0   9  0.56 0.34
  212 T    4 -1 -1 -2  1  0 -1  0 -2 -1 -3  1 -3 -4 -1  2  1 -4 -1 -1   34   3   2   2   3   3   2   7   1   3   1   8   0   0   3  15   9   0   2   3  0.35 0.30
  213 L   -2 -4 -5 -3 -1 -4 -2 -5 -4  2  4 -4  3  4 -3 -3 -1  1 -2  1    3   0   0   2   1   0   3   0   0  10  37   0   7  20   2   2   3   2   0   7  0.63 0.37
  214 T   -1 -4  6  1  1 -1 -3 -1  1 -5 -3 -3 -2 -5 -2  3  1 -5 -4 -4    4   0  34   7   3   3   0   4   3   0   2   0   1   0   2  25  10   0   0   0  0.78 0.50
  215 L    0  0  1 -1  0  1 -1 -1  2 -1 -2  0  0  1  2  1  0  1  0 -2    6   6   8   3   2   6   3   5   5   4   4   6   3   5  10  13   6   2   3   2  0.11 0.14
  216 D   -1 -1  2  2  2  1  0 -1  1 -1 -2  0  0 -1  0  1  0 -4  0 -2    4   3  11  14   6   6   5   3   3   3   4   6   3   3   5   9   7   0   3   3  0.14 0.15
  217 G    0 -1  0 -1  1  0 -1  5 -4 -5 -2 -1 -4 -1 -1  0 -1 -5 -5 -1    6   3   5   3   3   4   4  42   0   0   4   4   0   4   4   7   3   0   0   4  0.57 0.38
  218 L   -1  0  1  0 -1 -1  0 -1  0 -2 -2  0  0 -2 -1  2  3 -4 -1 -2    5   6   7   4   1   3   5   4   2   3   4   5   2   1   3  19  22   0   2   2  0.25 0.26
  219 L   -1  0 -1 -3  1 -1 -1 -2  1  1  1  0  1  0 -3 -1 -1  3  1  2    3   6   3   0   3   3   3   3   4   8  17   6   5   5   0   3   3   4   4  15  0.11 0.12
  220 L   -1 -4 -4 -5  2 -4 -4 -1 -4  3  3 -4  2  1  0 -1 -1  4 -3  2    5   0   0   0   4   0   0   4   0  15  31   0   5   5   4   4   4   5   0  11  0.43 0.28
  221 A    3 -2  0 -2  3 -2 -2  1 -2  0 -1  1 -1 -3 -2  0 -1 -3 -2  0   31   0   6   0  10   0   1  13   0   5   6  11   0   0   0   7   1   0   0   8  0.21 0.16
  222 T    0  0 -1  0  2 -2 -2  0 -2  0 -1 -2 -1  0  0  1  3 -3 -2  0    8   5   0   7   5   0   0   8   0   4   6   0   0   4   4  12  31   0   0   5  0.18 0.16
  223 A    2 -3 -2 -3  4 -2 -2  1  2 -2 -1 -2 -2 -3 -2  2  2 -3 -2  0   22   0   0   0  11   0   1  13   7   0   6   1   0   0   0  15  15   0   0   6  0.32 0.21
  224 S    0 -2  1  1  2  1  0  0  2  0 -1 -2 -2 -2 -2  0  0  4  1 -2    7   0   7   7   7   7   7   7   7   7   7   0   0   0   0   7   7   7   7   0  0.13 0.15
  225 T    0 -1  0  0  0  0  3 -1  2 -1 -1  1 -1  0 -1  1  1 -4 -1 -1    5   2   4   3   2   4  21   5   5   3   5   7   2   4   3   9  10   0   2   4  0.15 0.17
  226 K    0  0  0  0  2  1  0  0  2  0 -1  0  1 -2  1  0  0 -3  1  0    6   6   5   6   5   5   6   6   5   6   6   6   5   0   6   6   6   0   5   6  0.04 0.08
  227 G    0  0  1  1  3 -1  0  0 -2  0 -2 -1 -2 -2  1  0  0  4 -2  0    8   8   7   8   7   0   8   8   0   8   1   0   0   0   8   8   8   7   0   8  0.14 0.13
  228 T    0  0  0 -2 -2 -1  0  2  1  0  0  0  0 -2  0  0  1 -3  0 -1    4   6   4   0   0   0   7  19   3   7  10   4   4   0   5   8  13   0   4   0  0.10 0.12
  229 L    0 -1 -1  2  0 -1  1 -1  0  0  0 -1  0  0  0  0  1  1  0  0    9   2   2  15   3   0   9   3   2   6   7   2   3   5   5   5   9   2   3   8  0.06 0.10
  230 I   -2 -4 -4 -4  1 -3 -2 -4  0  5  0 -4  0  0  1 -3  0 -4 -1  3    2   0   0   0   3   0   3   0   3  37   6   0   2   4   7   0   7   0   2  22  0.54 0.34
  231 R   -3  6  0  0  0  0 -2 -4  0  0 -2  2  1 -4 -4 -2 -1  1 -3 -1    1  45   4   6   2   3   0   1   3   6   4   9   3   0   0   2   3   2   0   5  0.62 0.39
  232 I   -2 -4 -2 -1  0 -3 -3 -1 -4  3  1 -3 -1 -1 -4  0 -1 -4 -3  4    2   0   2   5   2   0   0   4   0  19  10   0   0   3   0   8   2   0   0  42  0.51 0.33
  233 F    0 -2  0 -2 -2 -2  0  0  2  0  0 -2  1  1  1  0  0  4  1  0    7   0   7   0   0   0   7   7   6   7   7   0   6   6   7   7   7   6   6   7  0.11 0.14
  234 N   -1  0  2  1  0  0  0  0  0  0  0 -1  0  1  0  0  0 -3  0 -1    3   6  12   9   3   3   4   6   3   5  12   3   3   6   4   8   4   0   3   3  0.06 0.09
  235 T    0 -3 -5 -3  1 -3 -2 -4 -5  1 -1 -5  0 -2 -2  0  5  0 -2  3    6   1   0   2   3   1   2   2   0   7   6   0   2   1   2   6  36   1   1  19  0.67 0.50
  236 M    0  0  0 -1 -2  1  0 -1  0  0 -2  0  1 -1  4  1  0 -1 -2 -2    8   6   4   2   1   7   6   6   3   5   4   5   3   3  19   9   6   1   1   2  0.20 0.20
  237 D   -1 -1  2  3 -5  0 -1 -2  0 -3 -4  0 -4 -2 -2  2  3 -1 -2 -3    4   3   8  17   0   4   4   4   2   2   2   5   0   2   2  18  20   1   1   1  0.43 0.38
  238 G    0 -1 -2 -2  2 -2 -1  5 -2 -1 -1  0 -2 -1 -2 -1 -2 -5 -3 -3    8   4   2   2   4   2   4  45   1   4   7   5   1   3   2   3   2   0   1   1  0.61 0.42
  239 T    0  0  1  1  0  2  1 -1  0 -2 -2  1  0 -3 -1  1  2 -4 -1 -1    8   4   7   6   2  11  10   4   2   1   3   7   3   1   2   8  13   0   2   5  0.17 0.20
  240 R    0  0  0  0  2  1  0 -2  2  0  0  0  1  0  1  0  0 -3 -2  0    6   6   6   6   6   6   6   0   6   6   6   6   6   6   6   6   6   0   0   6  0.06 0.10
  241 L    0  0  0 -2  2  1  0  0  2  0  0  0  1  1 -2  0  0 -2  1  0    6   6   6   0   6   6   6   6   6   6   6   6   6   6   0   6   6   0   6   6  0.04 0.09
  242 Q    0 -1  0 -3  3  1 -1 -1  2 -1  0 -1  1  3 -4 -1 -1  2  3 -1    7   3   5   0   7   7   3   5   6   4   7   4   3  16   0   4   3   3   9   4  0.20 0.21
  243 E    0  0  0  0  2  1  0  0  2  0 -1  0 -1  0 -2  0  0 -2  1  0    6   6   6   6   6   6   6   6   6   6   6   6   0   6   0   6   6   0   6   6  0.03 0.07
  244 V    0  0 -2 -2  2 -1  0  0 -2  0  0  0  1  1 -3  0  0  4  1  0    7   7   0   0   6   0   7   7   0   7   7   7   6   6   0   7   7   6   6   7  0.09 0.13
  245 R   -1  4 -2 -1  1  0  0 -3  1 -1  0  1  1 -3  1  0 -1  2  0 -1    3  24   0   3   4   3   6   0   3   4  12   7   4   0   6   7   4   3   3   3  0.20 0.22
  246 R   -3  6 -2  0  2  2 -2 -1 -2  1 -1  1 -2 -3 -3 -1 -2 -4 -3 -3    1  43   1   5   4   8   1   6   0  11   6   6   0   1   1   5   1   0   0   1  0.62 0.35
  247 G    1 -4 -3 -2 -4 -1 -4  6 -4 -4 -5 -2 -4 -1 -1 -1 -1 -4 -1  0   11   1   0   2   0   3   1  57   0   1   1   3   0   3   3   3   3   0   3   6  0.99 0.48
  248 V    1 -1  0 -6  1 -1 -6 -2  1 -1 -1 -1  2  0 -1  2  2 -6  1  0   12   4   4   0   3   3   0   4   3   4   7   3   5   4   3  13  14   0   5   7  0.24 0.21
  249 D   -1  0  1  3  1  0  0 -2  2 -1 -2  1  1 -1 -1  0  0  2  1 -2    5   4   5  17   3   4   5   3   4   3   4   9   4   3   3   6   7   2   5   3  0.19 0.15
  250 R   -1  3  0 -1  0  1  0 -1  1 -4 -3  1 -3 -2  3  0  0 -4 -1 -2    5  17   5   3   2   6   4   6   4   0   2   7   0   2  16   8   6   0   2   3  0.28 0.26
  251 A    5 -2 -2 -2  3 -2 -2  0 -4 -2 -2 -2 -4 -5 -4  1  0 -5 -1  1   46   2   2   3   7   2   2   5   0   2   3   2   0   0   0   9   6   0   2   8  0.61 0.46
  252 D    0  1  1  0 -1  0  1 -3  0  0 -1  1  0  0 -1  1  2 -3  0 -1    6   9   7   6   1   4   9   0   2   7   4   7   2   4   2   8  13   0   3   3  0.09 0.14
  253 I   -3 -6 -6 -3 -5 -3 -6 -6 -6  7  0 -6  0 -2 -6 -3 -2 -6 -2  2    2   0   0   2   0   2   0   0   0  62   8   0   2   1   0   2   2   0   2  12  1.43 0.72
  254 Y   -2 -1  0 -3  1  1 -3 -3  4 -2 -2 -2 -2  2 -3  1  1  1  6 -3    3   4   5   1   3   6   1   1   9   2   4   2   1   7   1   9  10   2  25   2  0.49 0.41
  255 S    0  0  1  0  2  1  0  0  2 -1 -1  0 -2 -2 -2  0  0  3  1 -2    6   6   6   6   6   6   6   6   6   6   6   6   0   0   0   6   6   6   6   0  0.06 0.14
  256 I   -1 -1  0 -3  3 -3 -3 -4 -3  2  2 -3  3 -2  1 -1  0 -3  0  1    5   4   5   0   8   0   0   1   0  16  24   0  10   0   7   5   4   0   4   6  0.28 0.23
  257 A    2  0  0  0  4 -1 -1 -1  0 -2 -1 -1  1 -3  0  1  0 -3 -1  0   22   5   5   5  10   3   3   2   3   1   5   3   4   0   4   9   7   0   3   7  0.15 0.15
  258 L   -4 -4 -4 -5 -4 -4 -4 -4 -4  2  1 -4  2  7 -4 -2 -3  3 -1  0    1   1   1   1   0   0   1   1   0  11  14   1   5  51   1   4   1   4   0   4  1.15 0.46
  259 S   -1  1  3  0  0 -2 -1 -1  0 -2 -3 -1 -3 -2 -3  5  0 -4 -3 -3    2   7  15   5   2   0   3   3   2   3   3   2   0   2   1  45   3   0   0   1  0.53 0.36
  260 P    0  0 -1 -1 -2  0 -1 -1  1 -2 -1  0 -1 -2  5  1 -1  1  0 -2    7   5   2   3   1   4   3   5   4   2   5   6   2   1  30   9   2   2   4   2  0.42 0.26
  261 N   -2 -2  3  5  1 -1  1 -1  0 -3 -3 -1  0 -5 -2  0  0 -5 -3 -2    3   2  13  39   3   2   7   5   2   1   2   3   3   0   1   6   5   0   1   3  0.64 0.37
  262 V    0 -2  1  0  1 -1 -1  1  0 -2 -3 -1  0 -1  0  3 -1  2 -1 -2    7   3   6   6   3   3   4  10   3   3   3   3   3   3   5  23   3   3   3   4  0.23 0.22
  263 Q   -1  2  1  0  1  3  0 -2  2 -2 -2  1  1 -1  0  1  0 -6  0 -2    4   9   6   5   3  14   7   4   4   3   4   8   3   3   4   9   5   0   3   3  0.19 0.18
  264 W   -2  0 -2 -2  0 -1 -2 -6  1 -1  1 -1  1  4 -6 -3 -5  7  4 -2    3   5   2   2   2   3   4   0   4   4  14   4   4  17   0   2   0  17  11   2  0.77 0.48
  265 L   -3 -5 -5 -2  0 -5 -5 -6 -5  1  6 -5  1  0 -5 -2 -4 -5 -4  1    2   0   0   3   2   0   0   1   0   7  64   0   3   3   0   3   0   0   0   8  1.14 0.52
  266 A    4 -5 -2 -5  7 -5 -5 -1 -5 -1 -1 -5  0 -2 -5 -1 -2 -5 -5  2   36   0   2   0  22   0   0   5   0   3   5   0   2   2   0   4   2   0   0  16  0.97 0.49
  267 V    0 -2 -1 -2  3  1 -1  0  2  1  0 -1  2 -2 -2  0  1 -3 -2  1    9   0   0   0   8   9   1   9   9   9   9   0   9   0   0   9   9   0   0   9  0.10 0.12
  268 S    1 -3  0 -2  2 -2 -2 -1  0 -1 -2 -2  0 -1 -3  3  1  3  0  1   14   0   4   0   4   0   0   5   3   3   3   0   2   2   0  33   9   4   3  10  0.29 0.26
  269 S   -1  0 -1 -1  1 -1 -1 -1 -3 -2 -4 -3 -4 -4 -3  6  0 -4 -1 -4    3   4   2   3   3   2   2   5   0   2   0   0   0   0   0  67   3   0   3   0  0.92 0.54
  270 D    0 -1  3  4 -3  1  0 -1  0 -2 -2 -1 -1 -3 -3  1  0 -4 -1 -1    5   2  16  28   0   5   4   3   2   2   3   2   2   0   0  14   6   0   2   4  0.36 0.25
  271 K   -2  1  1  1 -4 -1  0 -1  2 -3 -2  4 -3 -3 -3  1  2 -4 -3 -3    1   8   8   6   0   1   3   4   5   1   3  29   0   1   0   9  18   0   0   1  0.39 0.29
  272 G   -1 -2  2  0 -2 -1  2  5 -2 -4 -3 -1 -2 -2 -1 -1 -1 -2 -1 -3    4   1   9   5   1   2  13  44   1   0   3   3   1   2   3   3   3   1   2   1  0.55 0.31
  273 T   -2 -4  1 -2  1 -1 -1 -4 -4 -2 -3 -2 -1 -5 -4  0  6 -5 -4 -1    2   0   6   2   2   2   5   0   0   2   2   2   1   0   0   3  66   0   0   3  1.09 0.58
  274 V   -1 -4 -4 -3  0 -4 -4 -3 -4  4  2 -4  0 -1 -4 -2 -2 -4 -3  5    4   0   0   1   2   0   0   1   0  23  17   0   1   2   0   3   2   0   0  42  0.68 0.36
  275 H   -1  1  2  1 -3  2  0 -2  3 -2  0  1 -1 -1 -2  1 -1 -2  2 -2    1  11  10  11   0  10   1   1  10   1  11  11   0   0   1  11   1   0  10   1  0.18 0.10
  276 I   -1 -2  0 -3  2 -2 -3 -3 -3  3  1 -2  1  0 -2 -2  0 -2 -1  3    4   1   6   1   5   0   1   1   0  30  11   1   4   4   1   1   4   0   0  27  0.24 0.12
  277 F   -1 -3 -3 -3 -3 -3 -3  0 -1 -1  0 -3 -1  5 -3 -1 -2  4  4 -1    4   0   0   0   0   0   1   9   0   0   5   1   0  44   0   4   1   6  18   4  0.57 0.20
  278 S    0  2  1  1  1  0  0  0  0 -2 -2  2 -1 -1  0  1  0 -3 -1 -2    7  13   6   8   4   2   4   5   2   2   3  16   1   2   3  12   6   0   2   2  0.12 0.09
  279 L   -1 -1 -2 -2  0 -3 -3 -4 -3  2  4 -3  1  0 -3 -3 -1 -3 -1  2    4   4   2   2   2   0   1   1   0  12  49   0   3   3   0   1   4   0   2  12  0.39 0.22
  280 R    0  1  1  2 -2  1  1  0  0 -2 -2  1 -1 -1  1  1 -1 -1 -2 -2    8   8   5  13   1   6  10   8   2   1   3   7   1   3   6   9   3   1   1   3  0.13 0.09
  281 V    0 -1  0  1  0  0  1  0  0 -1 -1  0  0 -1  1  0  1 -1  0  1    5   3   3   8   2   3   8   7   2   2   7   6   2   3   6   6   9   1   3  13  0.03 0.04
  282 R   -1  2  1  1 -1  1  1 -1  0 -2 -2  1  0 -2  1  0 -1 -1 -2 -1    6  14   6   9   1   6   8   6   2   3   4   7   3   2   7   8   3   1   1   3  0.12 0.10
  283 V   -1  0  0  0 -3  0  0 -1  1  0 -1  0  1  0  0  0  0  3  1 -1    5   5   5   5   0   5   5   5   5   5   5   5   5   5   5   5   5   5   5   5  0.02 0.09
  284 I    0  0  0  0  1  0  0  0  0 -1 -1  0  0  0  0  0  0  2  0 -1    6   4   5   4   3   4   5   7   3   3   7   6   3   4   5   8   7   3   3   4 -0.01 0.03
  285 G    0  0  2  0  0  1  0  1  0 -2 -2  1 -1 -3  1  1  0 -4 -1 -2    7   4   9   5   2   6   6  13   2   2   4   7   2   0   6   8   6   0   2   3  0.07 0.14
  286 E    0  0  0  0 -3  1  1  0  0 -1 -1  1 -1 -1  0  1  0  0 -1 -1    7   4   4   5   0   6   9   8   2   3   5  10   2   2   5  10   6   1   2   3  0.04 0.10
  287 D    0  0  1  1 -1  1  1  0  0 -2 -2  0 -1 -2  1  1  0 -4 -2 -2    5   5   8  10   1   6   9   8   2   2   3   5   2   1   6  13   5   0   2   3  0.10 0.17
  288 A    0  0  0  0 -1  0  1  0  0 -1 -2  1 -1 -1  1  1  0 -3 -2 -1    9   5   4   6   1   5   8   8   2   3   3   7   2   3   6  12   6   0   1   3  0.05 0.11
  289 Y    0  1  0  0 -1  0  0  0  1 -1 -1  0 -1 -1  1  1  0  0  0 -1    6   7   5   5   2   5   6   8   3   3   6   5   1   3   6  10   6   1   4   3  0.02 0.06
  290 S    1  0  0  0 -1  1  0  0  0 -2 -1  0 -1 -1  0  2  1 -4 -1 -1   10   4   5   4   1   5   6   5   2   2   6   6   1   2   5  18   8   0   2   5  0.06 0.15
  291 T    0 -1  1  0 -1  1  1  0  0 -2 -1  0 -1 -2  1  1  1 -1 -1 -1    7   4   5   5   1   5  10   8   2   2   5   4   1   2   7  13   9   1   2   3  0.06 0.13
  292 E    0  0  1  1 -3  2  1  0  1 -1 -2  0 -1 -2  1  1  0 -1 -2 -2    6   5   6   7   0   8  10   6   3   3   4   7   1   2   7  11   4   1   1   3  0.08 0.14
  293 H    0  0  0  0 -3  0  0  0  3 -2 -2  0 -2 -1  2  1  0 -1  0 -2    6   5   5   4   0   5   6   9   8   3   5   5   1   3  12  10   5   1   3   2  0.11 0.17
  294 E    0  0  0  0 -2  0  0  0  1  0 -1  0  1  0  0  0  0 -2  1  0    5   5   5   5   0   5   5   5   5   5   5   5   5   5   5   5   5   0   5   5  0.00 0.06
  295 T   -1  0  1  0  1  0 -1  0  1 -1 -2 -1  0 -1  0  2  1  2 -1 -1    6   4   7   5   3   4   5   7   3   4   4   4   3   3   5  14   7   3   3   4  0.03 0.11
  296 S    1 -1  1 -1 -6  0 -1  0  1 -2 -1 -1  0 -1 -1  2  0  4  0 -2   10   4   5   3   0   5   4   7   3   3   6   5   2   2   3  17   6   5   3   3  0.10 0.18
  297 S    0  0  0 -1  0 -1 -2  1  2 -2 -1 -1  1 -1  1  2 -1  2 -1 -1    7   5   5   4   2   3   2   9   4   3   5   4   4   3   6  17   4   2   2   4  0.07 0.15
  298 N    0 -1  3 -1 -4  0  0  2 -1 -2 -2 -1 -1 -1  0  1  0  0  0 -2    6   4  15   4   0   5   5  13   2   3   4   3   2   3   4  12   5   1   3   3  0.12 0.19
  299 S    0  0 -1 -1 -4  0 -1  0  1 -1 -2  0 -3 -1  1  2  1  1  1 -1    9   6   3   4   0   5   4   6   3   3   4   5   0   2   6  18   7   2   6   3  0.08 0.18
  300 L    0  0  0 -1 -1  0  0  0  0  0  0 -1  1  0  1  0  0  2  0  0    8   4   5   3   1   3   6   7   2   5  10   2   4   5   6   9   5   3   2   5 -0.00 0.05
  301 Q    0  0 -1  1 -2  2  1  0  0 -3 -2 -1 -1 -2  0  2  0 -1 -1 -1    8   4   3   8   1   8  10   6   2   2   5   4   2   2   5  16   6   1   2   4  0.15 0.17
  302 P    0  0 -1  0 -4  1  0  0  0 -3 -2 -1 -1 -1  4  1  0  0 -1 -2    7   5   3   5   0   5   7   8   2   2   3   3   2   2  22  11   6   2   2   3  0.30 0.27
  303 L    0  0 -1 -1 -1 -1 -1  0  0  0  1 -1  0  0  0  1  0  0  0  1    9   5   3   3   1   3   4   6   2   5  14   4   2   4   4  11   6   1   4   9  0.04 0.05
  304 V   -1  0  0  0  0  0  0 -1  0  0 -1 -1  0  0  1  1  0  4  0  0    6   5   4   6   2   5   7   5   2   5   7   4   2   4   6   9   5   6   4   6  0.07 0.07
  305 S    0  0  1  0  1  0  0  0  1 -1 -1  0  1 -1  0  2  0  2 -2 -1    7   6   6   5   3   4   4   5   5   4   5   5   5   3   4  17   5   4   0   4  0.08 0.13
  306 P    0  1  1  0 -3  1  0  0  1 -1 -1  0  0 -1  2  1  0 -3  0 -1    7   7   6   5   0   6   4   8   4   4   4   5   3   3  10   9   6   0   4   4  0.09 0.10
  307 A    0  0  0  0  0  0  0  0  1 -1 -1  0  0  0  1  1  0  2  1  0    9   4   5   5   2   4   4   6   3   3   5   5   3   4   6  10   4   3   6   6  0.03 0.06
  308 S    1 -1 -1 -1 -3  0  0 -1  0 -1 -1  0  0  0  0  2  2  0  0 -1   10   3   3   4   0   5   5   5   2   3   6   5   3   4   4  18  11   2   3   5  0.10 0.15
  309 G    0  0  1  0 -1  0 -1  3  0 -2 -2  0 -1 -2  0  1  0  0 -2 -1    8   6   6   5   1   4   3  20   2   2   4   5   2   2   4  13   5   1   2   3  0.16 0.17
  310 A    1  0  0 -1 -3  0  0  0  0 -1 -1  1 -1  0 -1  2  1  0  1 -1   13   5   3   4   0   3   5   7   2   3   7   9   1   4   2  14   8   1   4   3  0.08 0.12
  311 N   -1  0  0  0  2  0  0 -1  2  0 -1  0  2  1  0 -1  0  4  1 -1    5   5   5   5   5   5   5   5   5   5   5   5   5   5   5   5   5   5   5   5  0.09 0.08
  312 P    1  0 -1 -1  1  0 -1 -1  2 -1  0  0  1  0  1  1  0  2  0 -2   11   5   3   4   3   4   4   5   4   3   9   5   4   4   8   9   6   3   3   3  0.07 0.09
  313 G    0  2 -1 -1  0  1 -2  1  0 -1 -1  2  2 -1 -2  1  0  1 -1 -2    6   9   3   3   2   7   2  11   2   3   6  11   5   2   2  11   5   2   2   4  0.14 0.14
  314 S    1 -1 -2 -2 -7  1 -3 -1  1 -2 -4 -1  0  0 -3  5  0  3  0 -2   11   4   2   2   0   6   2   5   3   3   2   4   2   4   2  34   5   4   3   3  0.53 0.42
  315 S   -1  0  0  0  2  0  0 -1  2  0 -1  0  2  1  0 -1  0  4  1 -1    5   5   5   5   5   5   5   5   5   5   5   5   5   5   5   5   5   5   5   5  0.09 0.08
  316 L   -1 -1 -1 -1  1  0 -1 -1  0  0  2 -1  2  2 -1  0  0  2  0  0    6   4   3   3   3   4   3   5   3   4  19   5   4   7   3   6   6   3   4   6  0.08 0.07
  317 S    0 -1  1 -2  0  0 -2  1  3 -2 -2 -1  0 -6 -1  4  0 -7  0 -1    7   4   6   3   2   4   3  10   7   3   5   4   2   0   3  25   5   0   3   4  0.32 0.27
  318 F   -1 -2 -1 -3  0 -1 -6 -1  1  0 -1 -1  2  4 -2  0 -2  1  4 -1    5   3   3   2   2   3   0   5   3   5   7   5   5  17   2   7   3   2  15   5  0.42 0.27
  319 L   -1 -1 -2 -3 -2 -2 -3 -3 -2  2  3  0  3  1 -1 -1 -2  2 -2  2    6   3   2   2   1   2   2   3   1   9  27   6   6   6   3   5   3   2   1  11  0.33 0.21
  320 R   -1  0 -2 -3  0  0 -2  1  1  0 -1  2 -1 -1  3  0  0  2 -2 -2    5   6   2   2   2   4   2  10   3   6   7  11   2   2  14   8   5   2   2   3  0.18 0.17
  321 G   -1 -1  1 -2 -1 -1 -2  3  1 -2 -3  1 -6 -2  3  1  0 -1 -2 -3    5   3   7   3   2   3   2  21   3   3   3   8   0   2  14  12   5   1   2   2  0.35 0.29
  322 V   -1 -1 -2 -4  0  2 -2 -3 -1  1  1 -1  2  2 -3  0 -2  0  4  2    5   4   2   1   2   8   3   2   1   8  11   3   4   7   2   8   2   1  11  13  0.26 0.19
  323 L   -3 -4 -3 -4 -6 -3 -7 -3  0  1  4 -3  3 -1 -4 -3 -1  0 -1  3    3   1   2   1   0   2   0   2   2   8  38   2   6   3   1   3   5   1   2  17  0.76 0.42
  324 P   -1 -3 -1 -2 -3 -3 -3  0 -2 -3 -4 -2 -3 -2  6  1  2 -7 -3 -4    5   2   3   2   1   2   2   7   1   2   2   3   1   2  43  11  10   0   1   1  0.99 0.66
  325 K   -2  1  0  2 -2  0  2 -1 -2 -3 -4  4 -1 -2  0  1  0 -5 -3 -3    3   8   5  11   1   4  11   5   1   2   1  24   1   2   4   9   5   0   1   2  0.38 0.31
  326 Y   -2 -4 -3 -3 -2 -1 -4 -2 -1  0 -1 -2  5  0 -2 -1 -2 -2  7  1    4   1   2   2   1   2   1   3   2   6   6   3  11   3   2   6   2   1  34   8  0.90 0.55
  327 F   -2 -6 -2 -5 -2 -1 -5 -3 -2  0  2 -2  3  6 -3 -3 -3  3  0  1    4   0   2   1   1   3   1   3   1   6  16   3   6  31   1   3   2   4   3   9  0.76 0.44
  328 S   -1 -2  2  2 -3  0  2 -1  0 -3 -3  0  0 -3 -3  3  1 -6 -3 -4    6   2   8  10   1   4  13   4   2   2   3   6   2   2   1  22   9   0   1   1  0.35 0.32
  329 S    0  0 -1  1 -1  3  0 -1 -4 -5 -4 -3 -2 -4  2  4 -1 -2 -2 -2    7   5   3   6   1  12   5   5   0   0   2   1   1   1   9  31   4   1   2   3  0.49 0.44
  330 E   -1 -1 -1  1 -2  2  4 -1  0 -1 -3  0  1 -5 -1  1  0 -2 -5 -1    4   3   2   8   1   9  26   5   2   4   3   6   3   0   3   9   6   1   0   6  0.34 0.31
  331 W   -6  6 -3 -6  0 -3 -2 -3 -2 -6 -3  0 -2 -1 -4 -4 -1  9  1 -3    1  38   1   0   2   1   3   3   1   0   3   5   1   3   1   2   4  25   5   2  1.53 0.82
  332 S    2 -4 -1  2 -1 -5 -3 -3  1 -6 -4 -3 -2 -6 -3  6 -4 -2 -2 -4   17   1   3  10   1   0   1   2   3   0   2   1   1   0   2  49   1   1   1   2  1.04 0.72
  333 F   -4 -3 -3 -3 -1 -4 -5 -6 -1  0  1 -5  0  7 -4 -3 -2 -1  2  1    1   2   2   2   1   1   1   0   2   6  11   1   2  47   1   2   2   1   6   9  1.21 0.64
  334 S    6 -4 -3 -3  3 -5 -4 -2 -1 -3 -4 -3 -3 -5 -2  0 -1 -2 -4 -1   60   1   1   2   5   0   1   3   2   2   1   2   1   1   2   7   4   1   1   5  1.13 0.71
  335 Q   -3  1 -1 -3 -1  4 -1 -4  1 -3 -4  1 -2  0 -2  2  3  2  1 -3    2   8   3   1   1  20   3   1   3   2   1   8   1   5   2  13  17   3   4   2  0.47 0.41
  336 F    2 -6 -6 -6  1 -3 -4 -3 -5  2  0 -4 -3  6 -6 -3 -3  0  2  2   18   0   0   0   3   1   1   2   0  13   8   1   1  29   0   2   2   1   5  12  0.81 0.48
  337 H   -3  5 -1 -3 -2  0  0 -5  4 -6 -5  3 -3 -4 -2  1  1 -3  0 -4    2  29   2   2   1   4   5   1  10   0   1  18   1   1   2   9   8   0   3   1  0.74 0.50
  338 V   -3 -4 -3 -4 -3 -5 -5 -3 -3  3  4 -2 -1 -1 -2 -2 -2 -5 -5  3    2   1   1   1   1   0   1   2   1  13  45   2   1   3   2   3   2   0   0  18  0.79 0.48
  339 P   -3 -3  0  0 -4 -2 -2 -2  0 -3 -3 -2 -4 -4  7  1 -2 -7 -6 -3    2   2   5   5   0   2   3   3   2   2   3   3   0   1  52   9   3   0   0   2  1.24 0.76
  340 E    0 -1  1  1 -1  0  2  0  1 -3 -4  1 -3 -2  1  1  0 -5 -3 -2    9   3   7   7   1   4  15   6   3   1   1  10   1   2   7  12   6   0   1   3  0.23 0.24
  341 V    0 -2  1  1 -3 -1  2  2 -1 -2 -3  0  0 -4  1  1  0 -5 -1 -1    7   2   8   7   1   2  12  19   1   2   3   6   2   0   6  10   5   0   2   5  0.21 0.21
  342 T   -1  0  0  0  2  0  0 -1  2  0 -1  0  2  1  0 -1  0  4  1 -1    5   5   5   5   5   5   5   5   5   5   5   5   5   5   5   5   5   5   5   5  0.09 0.08
  343 Q    0  3  0 -1  2  1 -1 -2  1 -1 -3  2  0 -1  1  0 -1 -6  0 -2    9  13   5   3   5   7   3   3   3   3   3  11   3   3   8   7   5   0   4   3  0.20 0.18
  344 Y    0 -2  1 -3  6 -2 -3 -3  2 -1 -3 -1  0  1 -2  2  1  1  2  0    9   3   6   2  13   2   2   3   5   4   3   5   3   5   2  12   8   2   7   6  0.35 0.25
  345 F   -2 -2  0 -3  2 -3 -4 -4 -2  5  1 -2 -1 -1 -2 -2  0  0 -1  3    4   2   5   2   3   2   2   1   1  28  12   3   1   3   2   4   6   1   2  15  0.55 0.31
  346 A    3 -3 -3 -3  7 -3 -4 -4 -2  0 -2 -3 -2 -1 -4  0 -2 -8 -2  3   21   2   2   2  23   1   2   2   1   4   4   2   1   3   1   6   3   0   1  19  0.92 0.52
  347 A    4 -2 -4 -1  4 -6 -3  1  1 -1 -2 -3  1  1 -3 -1  1  0 -3  0   31   2   1   3   6   0   2  11   3   4   4   2   3   5   2   5   8   1   1   6  0.48 0.34
  348 F   -3 -3  0 -2 -1 -6 -6 -3  1  2  0 -6  0  7 -2  0 -3  3  0 -1    2   1   4   2   1   0   0   3   3  12   7   0   2  39   2   7   2   4   2   5  0.96 0.55
  349 G   -1 -1  1  1 -1  1 -2  4 -1 -3 -4 -2 -1 -3 -1  2  1  1 -3 -1    4   3   7   8   1   5   3  27   1   2   2   3   2   1   4  12   7   2   1   5  0.37 0.28
  350 A    0  0  2  0 -5  0 -1  0  3 -3 -2  2 -2 -2  1  2  2 -1 -2 -3    6   5   8   6   0   4   3   6   6   1   5  12   1   2   7  13  11   1   1   2  0.21 0.22
  351 Q   -2  1  1  2 -6  3  2 -2 -1  1 -3  0  0 -5  0  0  0 -2 -2 -2    2   7   7  12   0  14  13   3   1   7   3   6   2   0   5   8   6   1   1   2  0.30 0.29
  352 N   -1 -3  6  1 -2 -2 -2 -3  3 -5 -2 -2 -1 -6  3  1  0 -2 -2 -6    5   2  30   8   1   1   2   2   6   1   5   3   1   0  16   8   5   1   2   0  0.74 0.53
  353 T   -2  3  0 -2  0  2 -2 -5  2  0 -2  0 -2 -2 -5  2  4 -5  0 -1    3  15   5   2   2   8   3   0   5   5   4   5   1   2   0  12  23   0   4   4  0.42 0.37
  354 I   -1  0 -1 -4  2 -3 -3 -1 -3  2  2 -1  1  1 -4 -1 -1 -3  0  2    4   5   4   0   5   0   0   4   0  15  20   4   4   5   0   4   4   0   4  17  0.22 0.19
  355 A    1 -1 -1  0  1 -1 -2 -1  0  1  1 -1  1  0 -1  0  0 -2  1  1   11   3   3   6   3   3   0   4   3   7  13   3   6   5   3   7   4   0   5  11  0.03 0.08
  356 I    0 -4 -3 -1  0  0 -2 -2  1  3  0 -3  2 -1 -4 -2 -1 -4 -1  4   10   0   0   3   2   5   2   2   4  21   4   0   5   2   0   2   2   0   2  31  0.37 0.32
  357 I    1 -3 -3 -4  1 -3 -2 -2 -4  3  1 -1  0  1 -1 -2 -1 -3 -2  3   15   0   0   0   3   0   3   3   0  20  13   5   2   5   3   2   3   0   0  21  0.27 0.23
  358 G    0 -3 -1 -2  5 -3 -2  3  0 -1 -2 -3 -1 -2 -1  2  3  0 -2 -2    5   0   3   1  12   0   2  21   3   3   2   0   2   2   3  16  20   2   1   2  0.41 0.33
  359 L    1 -2 -1 -1 -1 -1  0 -2  1  0  0 -1  2  0 -2  1  0  0  2  0   14   1   3   2   1   2   7   2   3   6  11   2   6   2   2  14   4   1   8   8  0.09 0.14
  360 D   -2 -2  3  6 -2 -1  2 -2 -1 -1 -3 -2 -4 -3 -2 -1 -2 -6 -3 -5    3   2  12  43   1   2  13   3   2   4   3   2   0   1   2   5   2   0   1   0  0.81 0.49
  361 G   -1 -3 -1 -5 -6 -5 -2  7 -1 -7 -7 -3 -6 -6 -5 -2 -2  1 -6 -6    4   2   3   0   0   0   2  78   1   0   0   2   0   0   0   3   2   2   0   0  1.78 0.79
  362 S   -1  1  1 -1 -1  0 -1 -2  2 -1 -2 -1 -1  1 -4  3  0  3  3 -1    2   7   7   4   1   3   4   2   4   3   3   3   1   6   0  25   5   4  11   4  0.24 0.25
  363 F   -3 -3 -5 -6  2 -5 -5 -6 -4  0  3 -5 -1  6 -6 -5 -2  2  5  0    2   2   0   0   4   0   0   0   0   4  26   0   1  31   0   0   3   2  18   6  1.03 0.51
  364 Y   -3 -2 -3 -2  0 -1 -2 -5  4 -3 -1 -3  0  3 -4 -2 -2  0  8 -3    2   2   1   3   2   3   3   0   9   1   6   1   2  10   1   3   3   1  46   1  1.19 0.60
  365 R   -2  4 -1 -3  0  1  1 -4 -1  1 -2  3 -1 -3 -2 -2 -1 -2 -2  1    2  20   2   1   2   5  11   1   1   9   3  19   1   1   2   3   3   1   1  12  0.37 0.29
  366 C   -2 -4 -6 -6  6 -5 -2 -5 -1 -3  1 -6 -4  5 -6 -3 -5  0  7 -2    4   1   0   0  16   0   3   1   1   1  12   0   0  19   0   2   0   1  35   3  1.33 0.63
  367 N    0  1  3  0 -2  1  1 -2  0 -2 -2  0 -2 -2 -3  2  1 -5 -2  0    6   9  14   4   1   7   8   1   2   3   3   6   1   1   1  19   7   0   1   7  0.24 0.23
  368 F   -4 -6 -7 -7 -6 -6 -7 -7 -2  3  2 -7  0  7 -7 -5 -5 -4  1  1    2   0   0   0   0   0   0   0   1  16  21   0   2  44   0   1   0   0   4  11  1.38 0.63
  369 D   -3 -3  3  7 -5 -1 -1 -4 -2 -3 -4 -3 -5 -6 -2 -1  0 -6 -4 -1    2   1  14  54   0   2   3   1   1   2   1   1   0   0   2   4   5   0   1   5  1.19 0.58
  370 P   -1 -1 -2 -3 -2 -2  0 -3 -2 -2  0 -1  1 -2  6 -1  0 -5 -3  0    6   3   2   1   1   1   6   2   1   2   9   3   4   1  40   4   6   0   1   7  0.72 0.41
  371 V    0 -1  1  2 -3  1  3 -3 -1 -1 -2  0  0 -3 -3 -1 -1 -5 -3  2    9   4   6  10   0   6  24   1   1   3   3   4   2   1   1   3   4   0   1  17  0.31 0.26
  372 N   -1  1  3  1 -2  0  2 -1  1 -1 -2  2 -2 -2 -3  0  0 -4 -2 -1    4   7  16   8   1   3  12   4   3   4   4  15   1   2   0   7   5   0   1   4  0.22 0.18
  373 G   -1 -2 -2 -2 -5 -4 -3  6 -3 -4 -5 -2 -5 -5 -1 -1 -2 -5 -5 -4    6   3   2   2   0   0   2  68   1   1   1   3   0   0   3   3   2   0   0   1  1.41 0.62
  374 G   -2 -5 -2 -2 -2 -2 -3  7 -5 -6 -6 -3 -6 -4 -4 -2 -3 -6 -6 -6    2   0   2   3   1   2   2  79   0   0   0   1   0   1   1   3   2   0   0   0  1.84 0.77
  375 E   -2 -3  0  2 -6  1  6 -5 -2 -4 -2 -1 -5 -5 -1 -2 -1 -6 -6 -3    4   1   3  11   0   4  56   0   1   1   4   3   0   0   3   3   4   0   0   2  1.07 0.60
  376 M    0 -7 -4 -2 10 -4 -7 -2 -4 -5 -1 -6  6 -4 -2 -3 -4 -1 -4 -3    7   0   1   2  54   1   0   3   0   0   7   0  17   0   2   2   1   1   1   2  2.05 0.85
  377 T    0  0  0 -2 -4  0  0 -3 -1  0 -2  2 -2 -3 -1  1  3 -2 -2  2    7   5   4   1   0   4   6   1   1   4   4  14   1   0   2  11  19   1   1  15  0.23 0.24
  378 Q   -3  4 -4 -3 -2  3 -2 -5 -2 -1  4 -1 -2 -2 -4 -3 -2 -3 -4 -2    1  24   0   1   1  14   2   1   1   3  40   3   1   2   1   1   2   0   0   2  0.77 0.49
  379 L   -2 -2 -3  0 -4  1  2 -5 -4  2  3 -1  1 -1 -4 -2 -2  2 -2  2    3   1   1   5   0   8  13   0   0  11  26   5   3   2   0   2   2   3   1  15  0.32 0.27
  380 E    0  1 -1  0 -3  1  4 -1  1 -3 -5  3 -3 -4 -2  1 -2 -1 -2 -2    7   7   3   4   0   4  24   4   4   1   0  21   1   0   1  11   2   1   1   2  0.45 0.34
  381 H   -3 -1 -3 -3  2  5  0 -4  2 -6 -5  1 -3  2 -6  0 -1  0  5 -4    2   3   1   1   5  24   7   1   5   0   0   7   1   9   0   8   3   1  21   1  0.80 0.51
  382 F   -2  1 -1  0  0 -1  0 -3  7 -2 -3 -2 -4  2 -5 -1 -3 -1  5  0    3   7   3   5   2   2   6   2  24   2   2   2   0   9   0   4   1   1  18   7  0.70 0.42
  383 H   -3  4  3  0 -3  1 -2 -4  1 -2 -3  2 -1 -3 -4  2 -2 -1 -3 -2    1  26  16   4   1   7   1   0   3   2   3  12   1   1   0  14   2   1   1   3  0.56 0.39
  384 F   -6 -7 -7 -8 -4 -7 -7 -8 -6 -1  4 -7  1  7 -8 -7 -6  0  2 -1    0   0   0   0   0   0   0   0   0   2  32   0   3  50   0   0   0   1   6   4  1.76 0.75
  385 L   -1 -4 -5 -3 -4 -5 -3 -5 -2  2  5 -5  3  2 -4 -3 -2 -2 -2  0    5   1   0   2   0   0   2   1   1  11  49   0   7  10   0   1   3   1   1   6  0.75 0.41
  386 K   -2  2  0  3 -5  1  2  0  0 -3 -4  4 -1 -2 -3 -1 -2 -5 -3 -4    2  10   3  19   0   6  16   6   2   1   1  24   2   2   1   4   1   0   0   1  0.51 0.33
  387 Q   -1 -1  0  3 -1  0  1 -3  0 -4 -1  0  3 -4  3  2  0 -5 -1 -3    3   3   4  15   1   4  10   1   3   0   5   5   9   0  15  16   5   0   2   1  0.34 0.26
  388 D   -3 -3  3  5 -6 -1  4 -3 -1 -6 -6 -1 -5 -6 -2  0 -2 -6 -5 -4    2   1  16  34   0   1  33   1   1   0   0   3   0   0   1   5   1   0   0   1  1.02 0.49
  389 S    2 -3  0 -3 -3  0 -1 -3 -3 -2 -2 -1 -1 -4 -1  3  4 -4 -3 -1   19   0   3   0   0   4   3   0   0   2   3   2   1   0   2  24  36   0   0   2  0.55 0.32
  390 P   -2  0 -3  1 -4  1 -2 -3  0 -4 -4 -2 -4 -5  7  0 -1 -5 -4 -4    0   7   0   8   0   7   0   0   2   0   0   0   0   0  68   5   3   0   0   0  1.55 0.32
  391 R   -2  7 -1 -3 -5  2 -1 -3 -1 -4 -3  1 -2 -4 -3 -2 -2 -4 -3 -4    0  89   0   0   0  11   0   0   0   0   0   0   0   0   0   0   0   0   0   0  1.25 0.22

                      K         Lambda
Standard Ungapped    0.1373     0.3220
Standard Gapped      0.0410     0.2670
PSI Ungapped         0.1135     0.3175
PSI Gapped           0.0347     0.2670
