
Last position-specific scoring matrix computed, weighted observed percentages rounded down, information per position, and relative weight of gapless real matches to pseudocounts
           A  R  N  D  C  Q  E  G  H  I  L  K  M  F  P  S  T  W  Y  V   A   R   N   D   C   Q   E   G   H   I   L   K   M   F   P   S   T   W   Y   V
    1 M   -3 -4 -5 -5 -3 -3 -4 -5 -4  2  4 -4  6 -1 -5 -4 -3 -4 -3  1    0   0   0   0   0   0   0   0   0  13  52   0  29   0   0   0   0   0   0   6  0.98 0.35
    2 E   -1 -2  2  4 -5  3  4 -3  2 -5 -5  0 -3 -5 -3 -1 -2 -5 -3 -4    4   0   8  25   0  18  31   0   5   0   0   5   0   0   0   3   0   0   0   0  0.75 0.31
    3 Y   -1  0 -1  1 -4  4  3 -2  1 -4 -4  2 -3 -4 -3  1  0 -4  0 -2    4   1   1   6   0  23  20   1   3   0   0  17   0   0   0  12   5   0   4   2  0.46 0.26
    4 E   -3  2 -2  1 -4  3  4 -4 -2 -2  0  3 -1 -4 -3 -2 -1 -4 -3 -1    0  10   0   6   0  16  28   0   0   1  11  19   1   0   0   0   3   0   0   5  0.49 0.28
    5 L   -3  0 -4 -5 -3 -3 -2 -5 -4  2  4 -3  2  1 -4 -3 -3 -3  0  2    0   6   0   0   0   0   2   0   0  11  51   0   3   5   0   2   0   0   3  17  0.61 0.30
    6 L    1 -1 -3 -2 -2 -1 -3 -3 -3  3  2 -1  1  1 -2 -1  0 -3  0  1   14   2   0   2   0   3   0   0   0  21  22   3   3   6   2   1   8   0   4   9  0.21 0.17
    7 E   -2  1  2  0 -5  0  5 -1 -2 -5 -5  3 -4 -5 -3  0  0 -5 -4 -4    2   8  10   3   0   1  40   3   0   0   0  23   0   0   0   4   5   0   0   0  0.71 0.36
    8 S    1  3 -3 -2 -3 -1  0 -3  1 -1  3  1 -1 -1  0 -1 -1 -4 -2 -1   13  17   0   2   0   2   5   1   4   0  37   7   0   2   4   3   1   0   0   2  0.24 0.22
    9 I   -3 -2 -4 -2 -4  3 -1 -3  2 -1  5 -1  1 -2 -4 -3 -2 -4 -1 -1    0   1   0   2   0  15   3   2   6   2  58   4   2   0   0   0   2   0   2   1  0.64 0.37
   10 R    1  3 -1  1 -4  1  2 -2 -1 -2 -3  1 -2 -4 -3 -1  1 -4 -3  0   17  22   1   7   0   7  16   2   1   1   1   6   0   0   0   2   9   0   0   6  0.32 0.23
   11 A    0  0  0  1 -5  3  5 -4 -2 -5 -5  1 -4 -5 -3  0  0 -5 -4 -4    8   3   4   7   0  13  49   0   0   0   0   7   0   0   0   5   4   0   0   0  0.84 0.41
   12 R   -3  6  2 -1 -1 -1 -2 -4 -3 -1  1  1  0 -2 -4 -3 -3 -4 -2  0    0  49   9   2   2   2   0   0   0   4  13   9   2   1   0   0   0   0   1   6  0.72 0.38
   13 D    0 -3  1  5 -4  0  0  1  1 -4 -4 -1 -3 -4 -3  1  1 -4 -2 -3    8   0   5  37   0   3   5  12   3   0   0   2   0   0   0  10  12   0   2   0  0.54 0.28
   14 L    0  1  0  1 -3  0  4 -1  0 -1 -1 -1 -2 -3 -3  1  1 -4 -3 -1    5  10   3   6   0   2  30   4   2   4   7   2   0   0   0  10  12   0   0   3  0.28 0.22
   15 V    2 -1 -1 -4 -3 -3 -3 -2 -4  1  4 -1  1 -2 -4 -2 -1 -4 -2  0   20   4   4   0   0   0   0   2   0   8  45   5   2   0   0   1   3   0   1   5  0.41 0.29
   16 D   -2 -1  0 -2 -5  5  4 -4  4 -5 -5  1 -4 -4 -4 -1 -2 -4  2 -4    3   2   3   1   0  26  30   0  12   0   0   7   0   0   0   5   1   0   8   1  0.81 0.44
   17 K   -1  3 -1 -2 -5  3  0 -2 -1 -5 -3  5 -3 -5 -2  1 -2 -5 -4 -3    4  14   2   2   0  17   4   2   1   0   1  39   0   0   2   9   2   0   0   1  0.69 0.40
   18 R    1  3  1 -1 -3  1  1 -2  0 -2 -1  2 -2 -3 -3  0  0 -4 -1 -3   15  20   7   2   0   7   9   2   2   2   8  12   1   0   0   6   6   0   2   0  0.26 0.21
   19 F   -2  4  1 -1 -4  2 -2 -4  1  0  1  1 -2  2 -4 -2 -1 -1  2 -1    1  23   7   3   0  10   0   0   3   6  15   7   0  12   0   1   2   1   7   3  0.31 0.26
   20 S    2 -2  0 -1  0  0  0  2 -1 -1 -1 -1 -3 -4 -3  3  0 -4 -3 -2   16   1   3   3   2   3   5  19   1   4   6   3   0   0   0  26   6   0   0   1  0.29 0.24
   21 Q   -1  1  0  1 -5  3  5 -3 -1 -4 -3  0 -4 -5 -4 -1 -1 -5 -2 -1    3   7   5   7   0  16  40   1   1   1   2   3   0   0   0   4   3   0   1   5  0.64 0.39
   22 L   -2 -5  2 -5 -2 -3 -3 -5 -5 -1  6 -3  0 -2 -5 -3 -2 -5 -2 -2    4   0   9   0   1   1   2   1   0   1  73   1   2   1   0   1   1   0   1   1  1.08 0.55
   23 F    1 -1 -1 -2 -3  1  1 -3 -2 -1  0 -1 -1  4 -3  1  1 -3  1 -1   16   2   2   1   0   6  11   0   0   3   7   3   1  19   0  12   7   0   6   3  0.23 0.23
   24 E    1 -1  0  0 -4  4  4 -2  0 -4 -4  0 -3 -5 -1  0  2 -5 -4 -2   11   3   3   4   0  18  27   1   2   0   1   4   0   0   2   7  12   0   0   3  0.48 0.34
   25 E    0  3 -1  1 -4  4  2 -3 -2 -4 -2  2 -2 -4 -2  1  1 -4 -4 -4    6  15   2   6   0  22  13   1   0   0   5  10   1   0   1  10   8   0   0   0  0.44 0.30
   26 V   -1 -1  0 -4 -3  0 -2 -4 -3  2  3 -2  1 -1 -3 -2 -1 -4 -1  2    6   3   6   0   0   4   1   0   0  12  39   1   2   1   1   2   3   0   2  16  0.37 0.26
   27 P    0 -1  1 -1 -3  1  0 -2 -1  1  0  0 -1 -3  1  1  0 -4 -2  1    7   2   9   3   0   9   4   2   1   9  11   6   0   0   6  11   6   0   1  13  0.09 0.13
   28 L    0  0 -1  1 -3  1  2 -2 -1  0  0  0 -1 -2 -2  0  1 -4 -3  1    8   6   1   9   0   6  16   2   1   4  10   6   1   1   1   7  12   0   0  11  0.13 0.15
   29 V    0 -2 -1 -2 -3 -1  1 -2 -2  0  3 -1  2 -1 -1 -1  0 -4 -2  1    8   2   3   1   0   2  10   3   0   4  34   4   7   1   3   3   6   0   0   9  0.20 0.20
   30 P    0  0  3  0 -2  0  1 -2 -2 -1 -2  0 -1 -4  1  1  1 -4 -3  0    9   4  18   5   1   4   7   1   0   3   2   7   2   0   8  11  11   0   0   7  0.22 0.19
   31 K    1  0  2  1 -3  1  3 -2  0 -2 -2  1 -2 -3 -3  0  1 -4 -3 -2   13   3   9   9   0   6  20   2   2   2   3  10   1   1   0   7   9   0   0   3  0.26 0.21
   32 L   -1  0  0  0 -3  2  3 -3 -2  0  0  2 -1 -3 -1  0  1 -4 -3 -2    5   4   4   4   0   8  23   1   0   5  13  13   1   0   2   5   9   0   0   2  0.23 0.21
   33 E   -1 -1  0 -2 -1 -1  0 -2 -1  2  3 -1  1 -1 -2  0 -1 -1  0  0    5   3   5   1   1   2   7   3   2  12  35   2   4   1   1   7   2   1   3   4  0.16 0.17
   34 K   -1  4 -2  0 -4  3  1 -3 -1 -3 -3  2 -2 -5 -2  1  0 -5 -4 -2    5  26   1   4   0  14   9   1   1   2   3  15   1   0   2  10   4   0   0   2  0.46 0.32
   35 A    2 -1 -1  0 -2  1  2 -2 -2 -2 -2  1  0 -4 -2  2  2 -4 -3 -1   16   2   2   6   1   6  15   2   1   1   3   9   2   0   1  15  13   0   0   4  0.24 0.23
   36 G    0  2  0 -2  0  0 -2 -1 -1 -1  2  2  1 -3 -3  0  0 -4 -2 -2    7  10   5   2   2   4   1   4   2   1  28  15   3   0   0   9   5   0   1   1  0.18 0.21
   37 E   -2  1  0  3 -5  2  3 -3 -1 -4 -3  3 -4 -5 -2 -1  0 -5 -1 -4    2   8   4  19   0   8  22   1   1   1   2  18   0   0   1   3   7   0   2   1  0.53 0.34
   38 G    2  1  0  1 -4 -1  2  0 -1 -3 -3  2 -1 -4 -2  0  0 -5 -4 -3   18   7   4   9   0   1  16   8   1   1   1  16   2   0   1   7   6   0   0   1  0.30 0.25
   39 D    0  0 -1  2 -4  1  2 -2 -1 -2  0  1 -1 -4 -2  1  0 -4 -3 -2    7   4   2  12   0   8  17   1   1   2  12   9   1   0   1  14   6   0   0   1  0.23 0.22
   40 T    0  0  0 -1 -3  1 -1 -2 -1  2  2 -1  1 -2 -3  0  1 -3 -1  1    6   4   5   3   0   6   4   2   2  14  21   3   3   0   0   8   8   0   2   8  0.10 0.13
   41 N    1  2  1  0 -3  3 -1 -1 -2 -2 -2  2  0 -4 -1  1  1 -4 -3 -2   11  10   6   4   0  14   2   5   1   1   4  14   3   0   2  13  10   0   0   2  0.23 0.22
   42 V    0  0  0  0 -4  2  3 -2 -1 -1 -1  1 -1 -1 -3  1  0 -4 -3 -2    8   3   3   5   0  11  26   3   1   3   7   6   1   2   0  12   6   0   0   3  0.25 0.23
   43 K    0  0  2  1 -2  2  0 -2 -1 -2  1  3 -1 -2 -2  0 -1 -4 -1 -2    7   4  13   8   0  10   3   3   1   1  16  20   1   1   1   5   3   0   2   2  0.21 0.22
   44 E    0  1  0  1 -4  1  4 -1 -2 -2 -2  1 -3 -3 -3  0  1 -4 -3 -1    7   8   4   8   0   5  29   3   0   3   4   7   0   1   0   7  10   0   0   4  0.31 0.25
   45 S    1  2 -1  0 -4  2  1 -3  1 -2 -1  2 -2 -3 -3  1  1 -4 -2 -2   14  13   2   5   0  11   9   0   3   2   5  14   1   1   0   8   9   0   1   2  0.25 0.22
   46 S    0  2  0 -1 -3  2  2 -2 -1 -1  0  1 -1 -3 -2  0  0 -4 -2 -1    8  14   4   3   0  12  16   2   1   3  13   7   1   0   1   8   4   0   1   4  0.19 0.19
   47 I   -2 -3 -1 -5 -4 -2 -4 -5 -3  5  3 -2  1 -1 -5 -4 -2 -1 -2  2    3   1   3   0   0   2   0   0   1  35  30   3   4   2   0   0   1   1   1  13  0.68 0.39
   48 K    1  2  1  0 -3  1  2 -1  0 -2 -2  1 -2 -3 -1  1  2 -4 -2 -2   13  11   7   5   0   7  12   3   2   1   4   6   0   1   3   8  14   0   1   2  0.19 0.18
   49 N    1  1  1  2 -3  2  2 -2 -1 -2 -3  1 -2 -3 -3  1  1 -4 -3 -2   10   9   5  11   0  11  12   1   1   3   2   7   0   1   0  14  10   0   0   2  0.27 0.23
   50 L   -1 -4 -5 -6  1 -3 -4 -5 -5  0  5 -4  3 -1 -5 -1 -1 -2  0 -1    6   0   0   0   3   1   1   0   0   2  64   1   7   1   0   4   3   0   4   2  0.89 0.50
   51 K   -1  2  1 -1 -5  4  3 -4  0 -4 -3  3 -3 -5 -4  0  1 -5 -4 -3    5  12   6   2   0  18  19   0   1   0   3  19   0   0   0   5   8   0   0   1  0.54 0.37
   52 D    1  1  2  2 -2  2  1 -2  0 -2 -3  2 -2 -3 -3  1  1 -4 -2 -2   13   8   9  12   1  11   7   2   2   2   1  13   1   1   0   9   7   0   1   2  0.26 0.22
   53 Y    0  1  0  1 -5  2  5 -3  0 -4 -3  0 -1 -5 -4  0  0 -5 -3 -2    8   6   4   7   0   8  40   1   2   0   2   5   1   0   0   5   6   0   0   3  0.56 0.38
   54 L   -2  1 -1 -4 -1 -1 -3 -4 -2  3  4  0  0 -2 -4 -2 -1 -4  0  1    2  10   4   0   1   2   1   0   1  15  42   5   1   1   0   1   4   0   3   6  0.43 0.32
   55 K    1  2  1  0 -1  1  1 -2 -1 -2 -2  1 -2 -3 -3  1  1 -4 -2 -2   16  14   7   5   1   7   8   1   1   2   4  10   1   0   0  12   8   0   1   2  0.22 0.21
   56 L    1  1 -1  1 -2  3  1 -1  1 -3 -1  2 -1 -2 -3  1  0 -4 -3 -2   12   7   2  10   1  15   9   3   3   1   6  12   1   2   0   8   6   0   0   2  0.21 0.20
   57 R    0  1 -3 -3 -2 -2 -3 -4  1 -1  4  1  0 -2 -4  0  0 -4 -3  0    8   9   1   1   1   1   1   0   3   0  46   9   2   1   0   6   6   0   0   5  0.41 0.34
   58 D   -1  3  0  1 -5  2  3 -3 -2 -4 -2  1 -2 -5 -3  0  1 -5 -4 -2    4  16   4   8   0  10  26   1   1   0   4   7   1   0   0   7   9   0   0   2  0.44 0.32
   59 E    0  3  1  2 -4  1  2 -1 -1 -3 -2  0 -3 -4 -3  0  1 -4 -3 -3    7  19   6  10   0   6  17   5   1   1   5   5   0   0   0   6  11   0   0   1  0.31 0.25
   60 E   -3  3 -1 -1 -5  1  4 -4 -2 -5 -3  4 -1 -5 -4 -1 -1 -5 -2 -5    1  18   3   2   0   6  31   1   1   0   2  25   2   0   0   3   3   0   2   0  0.75 0.46
   61 V   -1 -3  1 -3  5 -4 -2 -4 -1  3  3 -3 -1 -1 -4 -3 -2 -4 -2  2    4   1   8   1  13   0   4   1   1  21  26   0   1   2   0   0   1   0   1  14  0.47 0.32
   62 Y   -1  3  0  0 -4  2  2 -2  0 -1 -1  3 -1 -4 -3  1 -1 -2 -2 -2    5  17   3   4   0  10  11   2   1   3   5  19   1   0   0  10   3   0   1   2  0.29 0.23
   63 K   -2  2  1  4 -3  3  2 -2  0 -3 -3  1 -3 -5 -3  0 -1 -5 -3 -3    3  12   5  26   1  14  11   3   2   1   2   7   0   0   0   7   3   0   1   2  0.47 0.31
   64 L   -2  2 -3 -5 -4  1 -4 -5  0 -1  4 -1  2 -2 -4 -4 -2  1  0 -2    3  14   1   0   0   6   0   0   2   2  52   4   4   1   0   0   2   2   4   1  0.66 0.42
   65 K    0  2  1  1 -4  2  3 -2 -1 -2 -3  2 -3 -4 -2  0  1 -4 -3 -2    8  10   6   8   0  11  20   2   1   3   2  16   0   0   1   4   8   0   0   2  0.33 0.24
   66 D    0 -1  0  1 -5  2  5 -2  1 -4 -3 -1 -1 -4 -3  0 -2 -5 -3 -3    9   2   3   7   0   8  48   2   3   0   3   3   2   1   0   5   2   0   1   2  0.68 0.40
   67 I   -1  0 -1  1 -2  1  5 -4 -2 -1 -1 -1 -2 -4 -3  0  1 -4 -4  0    3   4   1   6   1   6  40   0   1   5   7   3   1   0   0   7   9   0   0   6  0.45 0.32
   68 L   -2 -2  0 -4 -1 -2 -4 -4 -2  3  4 -2  2 -1 -4 -1 -1  1 -1  1    1   3   6   0   1   1   0   1   1  16  43   2   5   1   0   6   2   2   2   7  0.44 0.29
   69 K    0  3  0  0 -4  3  3 -2  0 -2 -3  3 -3 -4 -3 -1 -2 -4 -2 -2    8  16   4   5   0  15  20   2   1   3   1  17   0   0   0   3   1   0   1   3  0.42 0.29
   70 L    0 -2 -1  0 -2  0  5  0 -1 -1 -1 -1  1 -4 -3 -1  0 -4 -2  1    6   1   2   4   1   2  42   8   2   3   5   2   4   0   0   2   6   0   1  10  0.43 0.33
   71 K   -3  2  0 -3 -5 -1 -1 -4 -1 -4  0  6  0 -4 -4 -1 -1 -5 -4 -2    1   8   4   0   0   1   2   0   2   0  12  56   2   0   0   4   3   0   0   2  0.86 0.48
   72 N    0  0  3  3 -3  0  2 -2 -1 -1 -2  0 -1 -3 -3  0  2 -4 -3 -2    7   6  19  15   0   2  13   2   1   3   2   6   2   1   0   7  13   0   0   1  0.31 0.23
   73 R   -2  3  0 -1 -2  2  0 -2  0 -3 -3  5  0 -5 -3 -1 -2 -5 -4 -1    1  17   5   2   1   9   4   3   2   1   2  41   2   0   0   3   2   0   0   4  0.62 0.38
   74 D    2 -2  1  1 -3  0  0 -1 -2 -2  1 -1  1 -2 -3  1  2 -3 -3 -1   21   0   7   9   0   3   7   2   0   0  17   3   4   1   0   9  13   0   0   3  0.17 0.19
   75 T   -1 -2  2 -2 -2 -2 -3 -4 -2  3  2 -3  2 -1 -3  0 -1 -3 -1  2    4   1  12   1   1   1   0   0   1  21  25   1   5   1   0   6   2   0   2  15  0.32 0.23
   76 E   -2 -1 -1  1 -5  5  5 -4  1 -4 -3  0 -1 -5 -3 -1 -2 -4 -3 -2    3   2   3   7   0  27  39   0   2   0   2   4   1   0   0   2   1   0   1   3  0.83 0.44
   77 R   -1  0  1  0 -1  0 -1 -2  0  2  1 -1  1 -1 -3 -1  1 -3 -2  0    4   6   7   7   1   4   4   3   3  15  19   3   3   1   0   3   9   0   1   6  0.06 0.09
   78 L   -1 -4 -5 -5 -1 -4 -5 -5 -5  2  5 -4  1  0 -5 -1 -2 -4 -3  2    6   0   0   0   1   0   0   0   0   9  56   0   2   3   0   4   1   0   0  16  0.78 0.40
   79 N   -3  1  4 -2 -5  5 -1 -3  3 -1 -4  2  1 -5 -4 -1 -1 -5 -3 -1    1   6  21   0   0  31   2   1   7   4   0  13   3   0   0   4   3   0   0   4  0.65 0.41
   80 D   -2 -4  0  7 -6 -1  0 -3 -4 -5 -4 -2 -5 -6 -2 -1 -3 -6 -5 -4    3   0   4  72   0   2   5   2   0   0   1   2   0   0   2   4   1   0   0   1  1.55 0.63
   81 E   -4 -3 -4  0 -6 -2  7 -4 -4 -6 -6 -1 -5 -6 -4 -3 -3 -6 -5 -4    0   0   0   4   0   0  87   1   0   0   0   2   0   0   0   1   1   0   0   1  2.00 0.81
   82 L   -2 -3  1 -3 -3 -1 -3 -4  3  3  3 -3  4 -1 -4 -2 -1 -3  2  0    1   0   8   1   0   3   0   0  10  16  28   0  14   1   0   2   2   0   7   5  0.47 0.31
   83 L    0 -1  0  0 -3  2 -1 -3  0  1  2 -1  1 -1 -3  0  0 -3 -2  1    7   3   4   7   0  13   1   0   2  10  23   2   3   1   0   6   5   0   0  12  0.15 0.17
   84 S    3 -3 -1 -2 -3 -1  0 -1 -3 -3 -2 -1 -1 -4 -3  3  2 -4 -4  0   32   0   2   1   0   3   5   4   0   0   3   3   1   0   0  25  14   0   0   6  0.44 0.33
   85 A   -1 -2 -1 -5 -1 -1 -4 -3  0 -1  5 -4  1 -2 -3 -3 -2 -4 -3 -1    4   3   3   0   1   3   0   2   2   2  69   0   3   1   1   2   2   0   1   2  0.83 0.44
   86 N   -3  0  4 -1 -5  6  1 -2  1 -5 -3  1 -3 -5 -2 -1  1 -5 -2 -4    0   3  20   2   0  38   8   2   3   0   2   7   0   0   1   2  10   0   1   0  0.78 0.45
   87 I   -1 -4 -4 -4 -3 -3 -1 -5 -4  4  4 -3  3 -2 -4 -1 -1 -4 -3  0    4   0   0   0   0   0   4   0   0  28  42   1   7   0   0   5   4   0   0   3  0.69 0.38
   88 E    0 -2 -3 -2 -5  6  5 -4 -1 -5 -4 -2 -2 -5 -4 -2  1 -5 -4 -4    6   1   0   0   0  33  44   1   1   0   1   0   1   0   0   1   9   0   0   0  1.17 0.59
   89 S   -2 -2  2 -3  0 -1 -2 -4  0  1  3 -3  1  2 -4 -2 -1 -3  1  0    3   2  12   1   2   2   2   0   2   5  39   0   2  10   0   3   2   0   6   5  0.33 0.24
   90 N   -1 -3  6  0 -1 -1  1  0 -1 -3 -2 -1 -3 -3 -3  1  1 -5 -4 -1    4   0  41   3   1   2   9   6   1   1   3   2   0   1   0  10   9   0   0   5  0.59 0.35
   91 L    1 -1 -2 -1 -1  2  1 -2  0  0  1 -1  3 -2 -3  0  0 -3 -2  2   11   2   1   2   1  10   8   2   2   4  11   4  11   0   0   9   3   0   0  17  0.15 0.17
   92 L    2 -3 -2 -4 -3 -2 -3 -2 -4  1  3 -2  3 -2 -4  0  0 -4 -2  1   17   0   2   0   0   2   0   2   0   7  37   1   8   0   0   5   6   0   1  10  0.38 0.27
   93 Q   -2  0  2  1 -5  2  5 -2  1 -3 -4  0 -4 -4 -4 -1  0 -5 -2 -3    2   4   9   6   0   9  48   3   3   1   1   3   0   1   0   3   5   0   1   1  0.74 0.41
   94 E   -1  0  0  3 -5  4  4 -2 -1 -3 -3  1 -2 -5 -3 -1 -1 -5 -4 -2    3   4   4  16   0  17  30   2   1   1   2  10   1   0   0   4   3   0   0   2  0.58 0.34
   95 R   -2  5  0 -2 -6  1  2 -5 -1 -6 -5  5 -4 -6 -4 -2 -2 -6 -5 -5    2  29   3   2   0   6  12   0   1   0   0  42   0   0   0   2   2   0   0   0  1.07 0.51
   96 L    0 -1  2 -3  0 -1 -1 -2 -1  1  2  0  2  0 -3  0 -1 -3  1  1    9   3  12   0   2   1   3   1   1   7  19   6   9   4   0   6   1   0   5  10  0.12 0.15
   97 E    1  2  0  1 -4  2  2 -2 -2 -2 -3  3 -1 -4 -3  0 -1 -1 -3 -3   10  13   5   9   0   9  16   2   0   2   2  19   2   0   0   5   4   1   0   1  0.34 0.24
   98 K    0  2  1  2 -4  1  1 -2 -1 -3 -4  5 -3 -5 -3 -1  1 -5 -4 -3    8  11   7  10   0   4   7   2   1   1   0  37   0   0   0   3   7   0   0   1  0.52 0.32
   99 L    0 -3 -5 -5 -1 -4 -5 -5 -5  0  5 -4  2 -1 -5 -3  1 -4 -2  0    8   2   0   0   1   0   0   0   0   4  63   0   4   1   0   2   8   0   1   6  0.84 0.43
  100 Q   -1  1 -2 -1 -5  3  4 -4 -1 -3 -3  3 -2 -5 -3 -1  1 -1 -4 -3    5   7   1   2   0  16  26   0   1   1   2  22   1   0   0   4  10   1   0   1  0.58 0.37
  101 Q    2  2  0  1 -4  1  2 -2 -1 -2 -3  2 -1 -3 -3  0  0 -4 -3 -2   18  11   3   6   0   6  15   2   1   2   2  16   2   1   0   5   7   0   0   2  0.28 0.22
  102 E   -4 -4 -3  4 -7  0  7 -5 -4 -7 -7 -3 -6 -7 -5 -2 -2 -7 -6 -6    0   0   0  18   0   3  75   0   0   0   0   0   0   0   0   2   2   0   0   0  1.83 0.77
  103 Y   -4 -2  8 -2 -5 -3 -3 -4  2 -5 -3 -3 -5 -2 -5 -3 -3 -5  2 -5    0   1  78   0   0   0   0   0   5   0   3   0   0   1   0   0   0   0   7   0  1.92 0.67
  104 D    1  1  2  2 -4  2  2 -1 -2 -3 -4  2 -2 -4 -3  0 -1 -4 -3 -3   13   8  10  14   0  11  15   3   0   1   1  17   1   0   0   4   2   0   0   0  0.39 0.22
  105 R   -1  0  1  2 -4  3  4 -2  0 -3 -3  2  1 -4 -3  0  0 -4 -3 -2    5   3   5  12   0  12  29   2   2   1   1  11   4   0   0   5   5   0   0   2  0.42 0.24
  106 L   -4 -5 -6 -6 -4 -5 -5 -6 -5  0  6 -5  1 -2 -5 -5 -4 -4 -4 -2    0   0   0   0   0   0   0   0   0   4  89   0   2   0   0   0   0   0   0   0  1.59 0.56
  107 I   -3 -3 -5 -5 -3 -4 -4 -5 -5  3  2 -4 -1 -3 -4 -4 -1 -4 -3  5    0   2   0   0   0   0   0   0   0  19  21   0   0   0   0   0   2   0   0  53  0.99 0.41
  108 E   -1  0  1  3 -2  4  2 -2 -1 -4 -3  1 -3 -4 -3  0  0 -4 -3 -3    5   4   6  21   1  20  15   1   1   0   1  10   0   0   0   5   6   0   0   1  0.49 0.26
  109 R   -4  8 -3 -2 -6 -2 -1 -5 -3 -5 -4  0 -4 -5 -5 -4 -4 -5 -4 -5    0  87   0   2   0   0   3   0   0   0   2   2   0   0   0   0   0   0   0   0  2.04 0.64
  110 W   -5 -5 -6 -6 -5 -1 -3 -5 -5 -5 -2 -5  0 -1 -6 -5 -5 12 -2 -1    0   0   0   0   0   3   2   0   0   0   4   0   2   1   0   0   0  79   0   4  3.39 0.84
  111 L   -4 -3 -4 -6 -4 -4 -5 -6 -5  2  4 -2  8 -3 -6 -5 -2 -5 -4 -1    0   1   1   0   0   0   0   0   0  10  34   2  48   0   0   0   2   0   0   3  1.43 0.54
  112 L    2  1  0  1 -3  2  2 -2  0 -3 -1  2 -1 -4 -3 -1 -1 -4 -3 -2   18   5   4  10   0  10  15   1   2   0   9  17   2   0   0   2   3   0   0   2  0.27 0.19
  113 K   -1  3 -2 -3 -4  2  1 -4 -1 -3  0  4  1 -1 -3 -1 -1 -4  0 -3    5  18   0   0   0  10   9   0   1   0   9  32   4   2   0   4   2   0   4   1  0.47 0.27
  114 A    1 -1 -1 -4 -4 -2 -3 -4 -4 -2 -2  5  5 -4 -4 -3 -1 -5 -4  2   14   2   2   0   0   0   0   0   0   1   2  39  21   0   0   0   2   0   0  16  0.74 0.40
  115 Q    2  0  3 -1 -4  4  1  1 -1 -4 -4  0  2 -4 -3  1 -1 -4 -4 -3   16   3  19   1   0  20   8  10   1   0   0   6   7   0   0   9   1   0   0   0  0.42 0.26
  116 K   -1  1 -1  0 -5  5  3 -2 -1 -4 -3  3 -2 -4 -3 -1 -1 -5 -4 -2    6   6   2   5   0  28  23   2   0   0   3  16   1   1   0   4   2   0   0   3  0.58 0.30
  117 E   -3 -1 -2  4 -6  1  6 -5 -3 -5 -4 -2 -2 -6 -4 -2  0 -6 -5 -4    1   3   1  22   0   5  60   0   0   0   1   0   1   0   0   1   5   0   0   1  1.27 0.50
  118 A    6 -4 -5 -5 -3 -4 -4 -3 -5 -1 -1 -4 -3 -5 -4 -2 -2 -5 -4  1   78   0   0   0   0   0   0   0   0   3   6   0   0   0   0   0   1   0   0  11  1.27 0.53
  119 D   -1  0  3  5 -5  0  4 -3 -3 -5 -5  0 -4 -6 -4 -1 -2 -6 -5 -4    4   3  13  33   0   3  34   1   0   0   0   5   0   0   0   2   1   0   0   1  0.92 0.38
  120 T    1  4 -2 -1 -4  0  1 -3  0 -3 -2  3  0 -1 -3 -1  1 -4 -2 -1   13  23   1   2   0   3   8   1   2   0   3  23   3   2   0   2  10   0   0   4  0.35 0.22
  121 M   -3 -4 -5 -6 -4 -1 -4 -6 -5  1  3 -4  8 -2 -5 -4 -3 -2 -1  1    1   0   0   0   0   3   1   0   0   5  30   0  48   1   0   0   1   1   2   8  1.31 0.49
  122 N   -5 -4  9 -2 -6 -4 -4 -4 -3 -3 -7 -4 -6 -7 -6 -3 -4 -8 -6 -6    0   0  98   0   0   0   0   0   0   2   0   0   0   0   0   0   0   0   0   0  2.70 0.80
  123 S    1 -1  1  3 -4  0  4 -2 -1 -4 -3  0 -3 -5 -3  0 -2 -5 -4 -2   16   2   6  19   0   2  35   1   1   0   3   6   0   0   0   6   1   0   0   3  0.54 0.27
  124 H    0  1  1  1 -4  2  4 -1  0 -4 -4  0  0 -4 -3 -1  1 -4 -3 -3   10   7   8   4   0  11  36   5   2   0   0   2   3   0   0   1   9   0   0   0  0.44 0.21
  125 F   -2 -3 -1 -3 -3 -3 -3 -3 -3  1  3 -3  2  3 -4  2 -1 -2 -1  0    0   0   3   0   0   0   0   0   0   7  38   0   4  18   0  24   0   0   1   6  0.39 0.20
  126 K   -2  3 -1 -1 -5  3  4 -3 -1 -4 -4  4 -3 -5 -3 -2 -2 -4 -3 -4    0  18   0   0   0  15  35   0   0   0   0  33   0   0   0   0   0   0   0   0  0.81 0.24

                      K         Lambda
Standard Ungapped    0.1325     0.3122
Standard Gapped      0.0410     0.2670
PSI Ungapped         0.1513     0.3169
PSI Gapped           0.0463     0.2670
