
Last position-specific scoring matrix computed, weighted observed percentages rounded down, information per position, and relative weight of gapless real matches to pseudocounts
           A  R  N  D  C  Q  E  G  H  I  L  K  M  F  P  S  T  W  Y  V   A   R   N   D   C   Q   E   G   H   I   L   K   M   F   P   S   T   W   Y   V
    1 M   -2 -2 -3 -4 -3 -1 -3 -4 -3  0  1 -2  9 -1 -4 -3 -2 -3 -2  0    0   0   0   0   0   0   0   0   0   0   0   0 100   0   0   0   0   0   0   0  1.23 0.23
    2 F   -3 -3 -4 -4 -3 -4 -4 -4 -2  0  3 -4  0  6 -4 -3 -2  0  2 -1    0   0   0   0   0   0   0   0   0   0  40   0   0  60   0   0   0   0   0   0  0.75 0.12
    3 N   -1  0  3  0 -3  4  2  1  0 -3 -3  0 -2 -4 -2  1  1 -3 -2 -3    0   0  21   0   0  40  10   9   0   0   0   0   0   0   0  11   9   0   0   0  0.44 0.09
    4 L   -2 -3 -4 -4 -2 -3 -3 -4 -2  2  3 -3  3  4 -4 -3 -2 -1  2  1    0   0   0   0   0   0   0   0   0   9  32   0  15  26   0   0   0   0   9   8  0.42 0.09
    5 I   -2 -3 -4 -4 -2 -3 -4 -4 -4  4  3 -3  1  2 -4 -3 -1 -2 -1  2    0   0   0   0   0   0   0   0   0  50  34   0   0   8   0   0   0   0   0   8  0.50 0.11
    6 L   -2 -3 -2 -3 -2 -2 -3 -3 -2  0  1 -2  0  4 -3  0  2  6  1 -1    0   0   0   0   0   0   0   0   0   7  16   0   0  27   0   8  26  15   0   0  0.43 0.10
    7 W    0 -1 -1 -1 -2  1 -1 -2 -1 -3 -3  2 -2 -2 -2  3  1  4  2 -2    0   0   0   0   0   9   0   0   0   0   0  16   0   0   0  48   9   8   9   0  0.39 0.11
    8 P   -2 -3 -3 -3 -3 -2 -2 -3 -3  1  0 -2 -2  1  7 -2 -2 -3 -2  0    0   0   0   0   0   0   0   0   0   9   8   0   0   9  65   0   0   0   0   8  1.24 0.15
    9 L   -2 -3 -4 -4 -2 -3 -4 -4 -3  2  4 -3  1  3 -4 -3 -2 -2  0  1    0   0   0   0   0   0   0   0   0  17  57   0   0  16   0   0   0   0   0   9  0.48 0.10
   10 F   -1 -2 -2 -3 -2  0 -2 -3 -2  3  1 -2  0  2 -3  2 -1  4  0  0    0   0   0   0   0   8   0   0   0  36   8   0   0  15   0  26   0   8   0   0  0.24 0.10
   11 L   -2 -2  1 -3 -2 -2 -2 -3  2  0  2 -2  0  4 -3  0 -2 -1  3 -1    0   0   9   0   0   0   0   0   8   0  34   0   0  25   0   8   0   0  15   0  0.31 0.09
   12 L   -2 -3 -4 -4 -2 -3 -4 -4 -4  4  3 -3  1 -1 -3 -3 -1 -3 -2  3    0   0   0   0   0   0   0   0   0  33  39   0   0   0   0   0   0   0   0  28  0.49 0.10
   13 T    0 -3 -3 -3  3 -2 -3 -3 -3  1  1 -3  0 -2 -3 -1  2 -3 -2  4    9   0   0   0   9   0   0   0   0   0   9   0   0   0   0   0  15   0   0  57  0.36 0.11
   14 S    0 -2 -1 -2  3 -1 -1 -2 -2 -2  1 -1 -1 -2 -2  5  0 -3 -2 -2    0   0   0   0   8   0   0   0   0   0  19   0   0   0   0  74   0   0   0   0  0.50 0.16
   15 V    0 -2 -1 -2 -1 -2 -2 -3 -3  1  0 -2  0 -2 -2  1  3 -3 -2  3    0   0   0   0   0   0   0   0   0   8   8   0   0   0   0  16  36   0   0  31  0.30 0.10
   16 A    1 -3 -3 -4 -1 -2 -3 -3 -3  2  2 -3  0 -1 -3 -2 -1  5 -1  3   17   0   0   0   0   0   0   0   0   8  25   0   0   0   0   0   0   9   0  40  0.35 0.09
   17 I   -1 -4 -4 -4 -2 -3 -4 -4 -4  5  1 -3  0 -1 -3 -3 -1 -4 -2  4    0   0   0   0   0   0   0   0   0  49   0   0   0   0   0   0   0   0   0  51  0.65 0.14
   18 P   -2 -3 -3 -3 -4 -2 -2 -3 -3 -4 -4 -2 -4 -5  8 -2 -2 -5 -4 -4    0   0   0   0   0   0   0   0   0   0   0   0   0   0 100   0   0   0   0   0  2.47 0.25
   19 L   -2 -3 -4 -4 -2 -3 -4 -4 -3  1  5 -3  1  2 -4 -3 -2 -2 -1  1    0   0   0   0   0   0   0   0   0   0  84   0   0   9   0   0   0   0   0   7  0.65 0.14
   20 Q   -1 -1 -2 -2 -2  4 -1 -3  2  3 -1 -1  0 -2 -3 -2 -1 -3 -2  2    0   0   0   0   0  38   0   0   8  27   0   0   0   0   0   0   0   0   0  26  0.36 0.12
   21 L   -2 -3 -4 -4 -2 -3 -4 -4 -4  4  2 -3  1  1 -3 -3 -1 -3 -1  3    0   0   0   0   0   0   0   0   0  49  26   0   0   8   0   0   0   0   0  18  0.48 0.10
   22 T   -1 -2 -1 -2 -2 -2 -2 -3 -3 -2 -2 -2 -2 -3 -2  1  7 -4 -3 -1    0   0   0   0   0   0   0   0   0   0   0   0   0   0   0   0 100   0   0   0  1.05 0.22
   23 L   -2 -3 -4 -4 -2 -3 -3 -4 -3  3  3 -3  3  2 -3 -3 -1 -2 -1  2    0   0   0   0   0   0   0   0   0  25  39   0   9   9   0   0   0   0   0  17  0.41 0.08
   24 E   -2 -1 -1  1 -5  1  7 -3 -1 -4 -4  0 -3 -4 -2 -1 -2 -4 -3 -4    0   0   0   0   0   0 100   0   0   0   0   0   0   0   0   0   0   0   0   0  1.28 0.24
   25 V   -1 -2 -1 -2 -2 -2 -2 -3 -2 -1 -2 -2 -1 -2 -2  0  6 -3  1  1    0   0   0   0   0   0   0   0   0   0   0   0   0   0   0   0  77   0   8  15  0.67 0.19
   26 V   -2 -3 -4 -4 -2 -3 -4 -4 -4  3  4 -3  1  0 -4 -3 -1 -3 -2  2    0   0   0   0   0   0   0   0   0  25  60   0   0   0   0   0   0   0   0  15  0.55 0.12
   27 Y    0 -1  2 -1 -2  1  0 -1  2 -2 -2  0 -1 -1 -2  1  2 -1  3 -2    7   0  16   0   0  10   1   1   8   0   1   7   0   0   0  16  15   0  16   1  0.22 0.06
   28 L   -1 -2 -2 -3 -2 -2 -2  0 -2  1  3 -2  4 -1 -2  0 -1 -2 -2  1    1   0   0   0   0   0   1   9   0   7  37   1  25   0   0   9   1   0   0   7  0.24 0.08
   29 T    0  1 -1 -2 -2 -1 -1 -2 -1  0 -1 -1 -1 -1 -2  3  1 -2  1  2    1  10   0   0   0   0   1   1   0   0   1   1   0   0   0  40   8   0   9  27  0.20 0.09
   30 S   -1 -1 -1 -1  5  0  1  1  2 -2 -2  1 -2 -2  2  0 -1 -2 -2 -2    1   1   1   1  20   1  10  16   8   1   2  16   0   1  10   9   1   0   1   1  0.26 0.06
   31 S    0  1  0  2 -2  0  0 -1 -1 -1 -1  2 -1 -2 -1  2  1 -2 -2 -1    2   8   1  16   0   1   2   2   1   1  10  16   1   1   1  23  10   0   1   2  0.15 0.04
   32 V   -1  0 -1 -1 -2 -1 -1  1  1 -1 -1 -1  3 -1 -1  0  1  4 -1  0    2   8   1   1   0   1   2  16   7   1   2   1  18   1   1  10   9   8   1   9  0.11 0.04
   33 D   -1  0  3  2 -3  1  1 -1 -1 -2 -3  1 -2 -3  3  0  1 -3 -2 -2    1   1  23  15   0  10   8   1   0   1   2  10   0   1  16   1   9   0   1   1  0.35 0.06
   34 F    0  0 -1 -1 -2  1  1  2 -1 -2 -2  1 -1  2 -1  1 -1 -2  0 -2    8   1   1   1   0   9   9  16   0   1   2  16   0  15   1  17   1   0   1   1  0.14 0.04
   35 S    1 -2 -1  1 -2 -1 -1 -1 -2 -3 -3 -1 -2 -3  5  3  0 -3 -3 -2   14   0   0   8   0   0   1   1   0   0   1   1   0   0  39  32   1   0   0   1  0.73 0.11
   36 K    0 -1  0  2 -2  0  0 -2 -2  0 -1  1  1 -2 -1  1  2 -3 -2 -1    7   0   0  15   0   0   1   1   0   8   1  17   8   0   0  14  25   0   0   1  0.17 0.06
   37 A    1 -1  0  2 -1 -1  0 -1 -1  0  0 -1 -1 -2 -1  3  0 -3 -2 -1   15   1   1  18   0   1   1   1   0  10   9   1   0   1   1  38   1   0   1   1  0.19 0.07
   38 S    0  1  1  1 -2  0  0 -1 -1 -2 -1  1  1 -2 -1  2  1 -2 -2 -1    2   9   9  10   0   1   1   2   1   1   2   9   9   1   1  32   8   0   1   2  0.17 0.05
   39 A    2 -1 -1 -1 -1 -1 -1  1 -1 -1 -1 -1  1  1 -1  1  2 -2 -1 -1   29   1   1   1   0   1   1  10   1   1   2   1   8   9   1  11  17   0   1   2  0.13 0.04
   40 A    2 -1  1 -1  3 -1 -1  2 -1 -1 -1 -1 -1 -2 -1  0  0 -2 -2  0   31   2  10   2   9   1   2  19   1   2   3   2   1   1   2   2   2   0   1  10  0.16 0.04
   41 K    0  0  0 -1 -2  0  0 -1 -1 -2 -2  3 -1 -2  2  2  0 -2 -1 -1    3   2   2   2   1   2   2   3   1   2   3  34   1   1  11  24   2   1   1   2  0.23 0.04
   42 T    0  0  2  0 -1  0  1 -1  0 -1 -1  1 -1 -1 -1  1  2 -1  1 -1    3   2  17   2   1   2  11   3   1   2   3  10   1   1   2  10  17   1   8   2  0.13 0.03
   43 A    2 -1  0 -1 -1 -1 -1 -1 -1 -1 -1 -1 -1 -2 -1  1  3 -2 -1  0   24   2   2   2   1   2   2   3   1   2   3   2   1   1   2  10  35   1   1   2  0.20 0.04
   44 T    0 -1  0  1 -1  0  0  2 -1  0 -1  0 -1 -1 -1  1  1 -1 -1 -1    3   2   2  11   1   2   3  20   1  11   4  10   1   2   2  11  10   1   1   3  0.08 0.02
   45 S    0  1  1  0 -1  0  0  1 -1 -1 -1  0  1 -1 -1  1  0 -1 -1  0    3  10  11   2   1   2   3  12   1   2   4   2   9   2   2  20   2   1   1  10  0.06 0.02
   46 L   -1 -1 -2 -2 -1 -1 -1 -2 -2  1  3  0  1  0 -1 -1 -1 -1 -1  1    3   2   2   2   1   2   2   3   1   2  52  10   1   1   2   3   2   0   1  11  0.15 0.04
   47 G    1  0  0  0 -2  3  1  2  2 -2 -2  0 -1 -2 -1  0 -1 -2 -1 -2   11   2   2   2   1  25  12  18   8   2   3   2   1   1   2   3   2   0   1   2  0.20 0.04
   48 Q   -1  1  1  0 -2  3  0 -1  0 -1  0  0 -1 -2  2  1  0 -2 -1 -1    3  10  11   2   1  25   2   3   1   2  11   2   1   1  10  10   2   0   1   2  0.17 0.04
   49 S    1  0  0 -1 -1  4  0 -1  0 -2 -2  0 -1 -2 -1  2  0 -2 -1 -1   12   2   2   2   1  33   2   3   1   2   3   2   1   1   2  27   2   0   1   2  0.25 0.06
   50 P    0 -1  0  1 -1  0  0 -1 -1 -1 -1  1 -1 -2  3  0  3 -2 -1 -1    3   2   2  10   1   2   2   3   1   2   3  11   1   1  17   3  35   0   1   2  0.27 0.05
   51 V    0  0  1  0 -2  1  2 -1  2 -1 -1  0 -1 -1 -1  1  0 -2 -1  1    3   2  10   2   1   9  17   3  10   2   3   2   1   1   2  12   2   0   1  18  0.10 0.03
   52 V   -1  0  2 -1 -2  1  0 -1 -1  0  1  1  0 -1 -1  0  2 -2 -1  0    2   1  14   1   1   8   2   2   1   1  19  15   1   1   1   2  18   0   1   9  0.09 0.04
   53 I    0  1 -1 -2 -1 -1 -1  0 -2  1  1 -1  0  1 -2  1  0 -2 -1  1    8  10   1   1   0   1   1   8   0   8  20   1   0   9   1  17   1   0   0  13  0.05 0.03
   54 T    0  1  3  0 -2  0  1 -1 -1 -2 -2  0 -2 -3  3  2  2 -3 -2 -2    8   8  23   1   0   1   8   1   0   1   1   1   0   1  14  16  15   0   1   1  0.29 0.06
   55 I   -1 -2 -2 -3 -1 -2 -2 -3 -2  2  3 -2  2 -1 -2 -1  2 -2 -1  0    1   1   1   1   0   1   1   1   0  14  47   1   7   1   1   1  20   0   1   1  0.27 0.08
   56 Y   -1 -2  2 -1 -2 -1 -2 -2  2  0  1 -1  0  0 -2  0  2 -1  3  0    1   0  16   0   0   0   1   1   7   0  25   0   0   0   0   8  16   0  15   7  0.15 0.07
   57 K   -1  1 -1 -2 -2  0  0 -2 -2  1  0  1  1 -2  2 -1  1 -3 -2  1    1   9   0   0   0   0   7   1   0  14   1  15   7   0   9   1  15   0   0  18  0.14 0.06
   58 S   -1 -2 -2 -3 -2  1 -2 -3 -2  0  3 -2  2  0 -2  0  0 -2  1  0    1   0   0   0   0   9   1   1   0   0  55   0   7   0   0   8   8   0   7   1  0.27 0.10
   59 L   -2 -2 -4 -4 -2  1 -3 -4 -3  1  5 -3  3 -1 -4 -3 -2 -3 -2  0    0   0   0   0   0  12   0   0   0   0  81   0   7   0   0   0   0   0   0   0  0.65 0.17
   60 L   -3 -3 -5 -5 -2 -3 -4 -5 -4  1  5 -4  1  0 -4 -4 -2 -3 -2  0    0   0   0   0   0   0   0   0   0   0 100   0   0   0   0   0   0   0   0   0  0.94 0.21
   61 K   -2  3 -1 -2 -4  2  0 -3 -1 -4 -3  6 -2 -4 -2 -1 -2 -4 -3 -3    0  16   0   0   0   8   0   0   0   0   0  76   0   0   0   0   0   0   0   0  0.89 0.20
   62 Y   -3 -3 -4 -5 -4 -3 -4 -4  0 -2 -1 -4 -2  6 -5 -3 -3  1  7 -2    0   0   0   0   0   0   0   0   0   0   0   0   0  48   0   0   0   0  52   0  1.31 0.23
   63 W   -4 -5 -6 -6 -4 -4 -5 -4 -4 -4 -3 -5 -3 -1 -6 -5 -4 12  1 -5    0   0   0   0   0   0   0   0   0   0   0   0   0   0   0   0   0 100   0   0  3.61 0.41
   64 S    1 -3 -2 -3  7 -2 -2 -2 -3  0 -2 -2 -2 -3 -3  2  1 -3 -3  0   13   0   0   0  38   0   0   0   0   8   0   0   0   0   0  27   7   0   0   8  0.60 0.15
   65 L   -2 -3 -4 -5 -2 -3 -4 -5 -4  1  5 -3  1 -1 -4 -3 -2 -3 -2  2    0   0   0   0   0   0   0   0   0   0  86   0   0   0   0   0   0   0   0  14  0.76 0.18
   66 Y   -2 -2 -1 -3 -3 -1 -2 -3  7 -3 -3 -2 -2  0 -3  1 -2  0  6 -3    0   0   0   0   0   0   0   0  38   0   0   0   0   0   0  16   0   0  46   0  1.03 0.22
   67 E    4 -2 -2 -2  3 -2  0  2 -3  0 -2 -2 -2 -3 -2  0 -1 -3 -3  0   59   0   0   0   7   0   7  13   0   8   0   0   0   0   0   0   0   0   0   7  0.37 0.13
   68 F   -2 -3 -4 -4 -2 -3 -4 -4 -3  3  3 -3  5  3 -4 -3 -2 -2 -1  1    0   0   0   0   0   0   0   0   0  28  31   0  27  15   0   0   0   0   0   0  0.52 0.14
   69 I   -1 -3 -3 -4  3 -3 -3 -3 -3  2  2 -3  0  3 -3 -2  0 -2  0  1    6   0   0   0   9   0   0   0   0  14  28   0   0  24   0   0   7   0   0  13  0.30 0.08
   70 H   -2  2 -2 -3 -4  1 -1 -3  2 -2 -2  2 -1  5 -3 -2 -2  0  4 -2    0  16   0   0   0   8   0   0   7   0   0  16   0  32   0   0   0   0  21   0  0.49 0.13
   71 F   -1 -2  1 -2 -2 -1 -1  3 -2  0  2 -2  0  1 -2  0 -1 -2 -1 -1    1   0   8   0   0   0   6  27   0   8  30   0   0   7   0   9   0   0   0   0  0.15 0.06
   72 I    0 -3 -3 -3 -1 -2 -3 -3 -3  3  3 -2  2 -1 -3 -2 -1 -2 -2  3    6   0   0   0   0   0   1   1   0  28  30   0   7   0   0   1   0   0   0  22  0.32 0.08
   73 Y   -1 -2 -2 -2 -1 -2 -2 -3 -2  3  3 -2  1  0 -2 -2 -1 -1  1  1    2   1   1   1   0   1   2   2   1  29  36   1   1   1   1   2   1   0   8   7  0.22 0.06
   74 L   -1 -2 -2 -1 -2 -1 -1 -2 -2 -2  0 -1 -1 -2  7 -1 -1 -2 -2 -2    2   2   1   2   1   1   2   2   1   2  10   2   1   1  63   2   2   0   1   2  1.12 0.11
   75 Y   -1 -1  2 -1 -3  1 -1  0  2 -3 -3  1 -2 -1  3  1 -1 -2  3 -2    1   0  14   0   0   7   1   7   7   0   1   8   0   0  17  19   0   0  15   1  0.31 0.08
   76 T    0 -1  4  0 -2 -1 -1 -1 -1 -2 -2 -1 -2  0 -2  2  3 -3 -2 -2    7   1  29   1   0   1   1   1   0   1   1   1   0   6   1  20  27   0   0   1  0.33 0.11
   77 P   -2 -3 -4 -3 -4 -3 -3 -4 -4  0  0 -2 -2 -4  8 -2 -2 -5 -4  0    0   0   0   0   0   0   0   0   0   5  11   0   0   0  77   0   0   0   0   6  1.69 0.25
   78 I   -1 -3 -3 -3 -2 -3 -3 -4 -3  3  2 -3  1  1 -3  0  0 -3 -1  3    0   0   0   0   0   0   0   0   0  34  21   0   0   6   0  11   6   0   0  22  0.32 0.10
   79 D    0  2 -2  0 -3  1 -1 -3 -1 -1  0  1 -1 -1 -3 -1 -2  6  3  0    7  19   0   6   0   7   0   0   0   0   8  12   0   0   0   0   0  14  13  13  0.29 0.10
   80 A    1 -2 -2 -2 -2 -2 -2  1 -1  0  0  0 -1  2 -2  1  0 -1  4 -1   11   0   0   0   0   0   0  11   0   6   7   8   0  13   0  15   6   0  22   0  0.18 0.08
   81 F   -2 -3 -4 -4 -2 -3 -3 -4 -3  3  2 -3  2  3 -3 -3 -1 -2  2  3    0   0   0   0   0   0   0   0   0  25  20   0   8  13   0   0   0   0   8  25  0.39 0.11
   82 L   -2 -3 -4 -4 -2 -3 -4 -4 -2  1  3 -3  1  3 -4 -3 -2 -1  4  2    0   0   0   0   0   0   0   0   0   0  51   0   0  13   0   0   0   0  21  15  0.53 0.15
   83 N    0  2  2  1 -2  2  0  0 -1 -3 -3  1 -2 -3 -2  2  0 -3 -2 -2    6  16  12   7   0  14   1   7   0   0   1   7   0   0   0  26   0   0   0   1  0.28 0.08
   84 F    1 -2  0 -3 -2 -2 -2 -2 -2  1  1 -2  0  1 -3  0  1  6 -1  1   15   0   6   0   0   0   0   0   0  13  21   0   0   6   0   7  13  13   0   6  0.24 0.08
   85 L   -2 -3 -4 -5 -2 -3 -4 -5 -4  2  4 -3  1  2 -4 -3 -2 -2 -1  1    0   0   0   0   0   0   0   0   0  12  72   0   0   8   0   0   0   0   0   7  0.64 0.16
   86 P   -2 -4 -4 -3 -4 -3 -3 -4 -4 -4 -5 -3 -4 -5  9 -2 -3 -5 -5 -4    0   0   0   0   0   0   0   0   0   0   0   0   0   0 100   0   0   0   0   0  2.61 0.34
   87 F   -3 -4 -4 -5 -3 -4 -4 -5 -3  0  3 -4  0  6 -4 -4 -3 -1  1 -1    0   0   0   0   0   0   0   0   0   0  42   0   0  58   0   0   0   0   0   0  0.93 0.21
   88 T    1 -2 -1 -2 -2 -1 -1  2  2 -2 -1 -1  1 -3 -2  3  1 -3 -2 -2   13   0   0   0   0   0   0  19   7   0   6   0   8   0   0  40   6   0   0   0  0.31 0.12
   89 S   -1 -2  4  0 -3 -1  0  1 -1 -3  0 -1 -2 -3  1  2 -1 -4 -3 -2    0   0  37   0   0   0   7  12   0   0  13   0   0   0   6  24   0   0   0   0  0.37 0.13
   90 L   -2 -3 -4 -4 -3 -3 -4 -4 -3  0  3 -3  2  5 -4 -1 -2 -1  1  0    0   0   0   0   0   0   0   0   0   0  35   0   6  45   0   7   0   0   0   7  0.57 0.16
   91 L   -1 -3 -4 -4 -2 -3 -4 -1 -3  4  2 -3  2  1 -3 -2 -1 -3 -1  2    5   0   0   0   0   0   0   6   0  49  12   0   5   7   0   0   0   0   0  15  0.38 0.12
   92 M    0 -2 -2 -1 -2  0  3 -3 -2  1  2 -1  1  1 -2  1 -1 -3 -1  0    6   0   0   0   0   0  29   0   0   7  23   0   6   6   0  16   0   0   0   7  0.17 0.09
   93 S   -1 -3 -2 -3 -2 -2 -3 -3 -3  0  3 -2  1  1 -3  1  2 -2 -1  1    0   0   0   0   0   0   0   0   0   0  54   0   0   7   0  13  20   0   0   6  0.34 0.13
   94 F    2 -3 -2 -3  2 -2 -3  2 -3  2  0 -2  0  0 -3 -1 -1 -3 -2  2   26   0   0   0   6   0   0  20   0  14   7   0   0   6   0   0   0   0   0  21  0.21 0.09
   95 G    1 -3 -3 -3  2 -3 -3  1 -2  2  0 -3  0  3 -3 -1 -1 -1  2  1   19   0   0   0   6   0   0  12   0  15   6   0   0  22   0   0   0   0   7  13  0.20 0.08
   96 S    0 -3  3 -2 -3 -2 -2  0 -2 -3 -3 -2 -2  1 -3  2 -1  9  0 -3    5   0  19   0   0   0   0   6   0   0   0   0   0   7   0  24   0  37   0   0  0.97 0.20
   97 I    0 -3 -2 -3  2 -2 -3 -1 -3  2  2 -2  0 -1 -3  0  1 -3 -2  1    5   0   0   0   5   0   0   6   0  21  34   0   0   0   0   6  16   0   0   6  0.21 0.09
   98 C    1 -3 -3 -4  2 -3 -3 -3 -3  1  2 -3  0  1 -3 -2  0 -3 -1  3   12   0   0   0   6   0   0   0   0   0  29   0   0   6   0   0   7   0   0  40  0.31 0.11
   99 L    1 -3 -4 -4 -2 -3 -3 -4 -4  2  4 -3  1 -1 -3 -2 -2 -3 -2  2   13   0   0   0   0   0   0   0   0   7  69   0   0   0   0   0   0   0   0  11  0.52 0.15
  100 T    1 -2 -1 -2  3 -2 -2 -2 -3 -2 -2 -2  1 -3 -2  2  5 -3 -3 -1    8   0   0   0   8   0   0   0   0   0   0   0   6   0   0  21  56   0   0   0  0.57 0.18
  101 R    0  5 -2 -3 -3  0 -1 -3 -1 -2  0  1 -1 -2 -3  0 -1 -3  1  0   12  48   0   0   0   0   0   0   0   0  13   5   0   0   0   8   0   0   7   7  0.37 0.13
  102 E   -2 -1 -2  0 -5  1  7 -4 -1 -5 -4  0 -3 -5 -2 -1 -2 -4 -3 -4    0   0   0   0   0   0 100   0   0   0   0   0   0   0   0   0   0   0   0   0  1.42 0.30
  103 L   -2 -3 -4 -5 -2 -3 -4 -5 -4  2  5 -4  1 -1 -4 -3 -2 -3 -2  1    0   0   0   0   0   0   0   0   0   8  86   0   0   0   0   0   0   0   0   6  0.79 0.19
  104 V   -2 -3 -4 -4  3 -3 -4 -4 -4  3  3 -3  1 -1 -4 -3 -1 -3 -2  3    0   0   0   0   8   0   0   0   0  15  46   0   0   0   0   0   0   0   0  31  0.51 0.14
  105 Y    0  2 -1 -2  4 -1  0  0  2 -2 -1  1 -2 -1 -3  0 -1 -1  3 -2    7  20   0   0  12   0   6   7   7   0   6   8   0   0   0   7   0   0  19   0  0.22 0.09
  106 D   -2  1  1  3 -4  5  2 -3  2 -3 -3  1  1 -4 -2 -1 -2 -3 -2 -3    0   7   5  17   0  42   7   0   7   0   0   7   7   0   0   0   0   0   0   0  0.53 0.15
  107 F   -3 -4 -4 -5 -4 -4 -4 -4 -2 -1  1 -4 -1  7 -5 -4 -3  0  4 -2    0   0   0   0   0   0   0   0   0   0   8   0   0  77   0   0   0   0  15   0  1.26 0.25
  108 I   -1 -2 -2 -3  2  1 -2  0 -2  2  0  0  2 -1 -3 -1  2 -2  1  0    0   0   0   0   7   8   0   7   0  25   7   7   7   0   0   0  23   0   8   0  0.14 0.10
  109 A    1  2  1  1 -2  1  1 -2 -1 -1 -1  1 -1 -3 -2  1 -1 -3 -2 -1   22  12   6   7   0   7  13   0   0   7   6  12   0   0   0   8   0   0   0   0  0.17 0.06
  110 F    0 -3  0 -3  3 -3 -3 -3 -2 -1  0 -3  2  6 -4 -2  0 -1  1  0    7   0   7   0   8   0   0   0   0   0   7   0   7  49   0   0   8   0   0   6  0.45 0.15
  111 M    1 -2 -2 -2 -1 -1  0 -2 -2  3  1 -2  2 -1 -2 -1  1 -3 -2  2   13   0   0   0   0   0   7   0   0  25  15   0   6   0   0   0  16   0   0  14  0.17 0.07
  112 E    1  0  1  0 -3  3  3 -2 -1 -2 -2  2  1 -3 -2  0 -1 -3 -2  0   15   0   7   0   0  18  27   0   0   0   1  13   7   0   0   0   0   0   0   9  0.27 0.10
  113 S   -1 -1 -1 -1 -3  1  3  0 -2 -1 -3 -1 -2 -3  2  3  1 -3 -3 -2    0   0   0   0   0   8  26   7   0   7   0   0   0   0   8  32  11   0   0   0  0.33 0.12
  114 Q   -2  1 -1 -1 -3  6  0  0  3 -1 -2  0 -1 -3 -2 -1  1 -3 -2 -2    1   7   0   0   0  56   0   8   8   7   1   0   0   0   0   1   9   0   0   0  0.53 0.17
  115 N    0 -1  2  5 -3  1  0  2 -2 -4 -4  0 -3 -4 -2  0  0 -4 -3 -3    7   0  12  45   0   7   0  15   0   0   0   7   0   0   0   0   7   0   0   0  0.53 0.13
  116 K   -1  1 -1 -1 -3  2  1  1 -1 -3 -3  4 -2 -3 -2  1 -1 -3 -2 -3    1   6   0   0   0  14   8  13   0   0   1  39   0   0   0  15   0   0   0   0  0.38 0.11
  117 L   -1 -2 -2 -3 -2 -2 -2  0 -2  1  0  1  0  4 -3 -1  0 -1  2  1    1   0   0   0   0   0   0   7   0   7   7  13   0  31   0   1   9   0   6  16  0.19 0.08
  118 T   -1 -2  0 -2 -2  1 -2 -3 -1  2  0 -2  1  0 -2  0  0 -1  3  2    1   0   7   0   0   8   0   1   0  13   7   0   6   0   0   7   6   0  14  26  0.13 0.07
  119 G    0  0  2 -1 -2 -1 -1  1  2 -2 -2 -1 -1  3 -2  1  0 -2  0 -2    9   7  15   0   0   0   0  13   8   0   1   0   0  23   0  14   8   0   0   0  0.18 0.08
  120 F   -2 -3 -3 -4 -2 -3 -3 -3 -1  0  2 -3  0  4 -3 -2 -2  0  4  1    1   0   0   0   0   0   1   1   0   0  31   0   0  26   0   1   0   0  23  14  0.46 0.12
  121 L   -1  0 -2 -2 -2 -1  1 -3 -2  1  2 -1  2  2  1 -2 -1 -2 -1  1    1   9   0   0   0   0  14   1   0   7  20   0  13  11   8   1   0   0   0  15  0.14 0.07
  122 N    0  1  5  0 -2  1 -1 -1 -1 -3 -3 -1 -2 -3  1  2  0 -3 -2 -3    9   7  43   0   0   7   1   1   0   0   1   0   0   0   8  21   0   0   0   1  0.46 0.13
  123 K   -2  2  2 -1 -3  2  0 -2  3 -3 -3  4 -2 -3  1 -1 -1 -3 -2 -3    1   8  14   0   0   8   1   1   8   0   1  49   0   0   7   1   0   0   0   1  0.49 0.13
  124 I    2 -3 -3 -3 -2 -2 -3  0 -3  2  2 -2  0  3 -3  0 -1 -2  0  0   23   0   0   0   0   0   0   7   0  19  23   0   0  20   0   8   0   0   0   0  0.20 0.10
  125 T   -1 -1  4  1 -3 -1 -1 -2  3 -2 -3  0 -2 -2 -2  2  2 -3  1 -1    0   0  32   6   0   0   0   0   8   0   0   7   0   0   0  19  13   0   7   7  0.33 0.12
  126 E    1 -2  2  5 -3 -1  1  0 -2 -3 -4 -1 -3 -4  1  0  0 -4 -3 -3   15   0  14  43   0   0   6   7   0   0   0   0   0   0   7   0   8   0   0   0  0.51 0.13
  127 P    2  0 -2 -2 -3 -2 -2 -2 -3 -3 -3 -1 -3 -4  6  1 -1 -4 -3 -1   22   7   0   0   0   0   0   0   0   0   0   0   0   0  54  11   0   0   0   5  1.05 0.19
  128 N    0  2  3 -1 -3  0  1  1 -1 -3 -3  3 -2 -4 -2  2 -1 -4 -3 -3    7   8  17   0   0   0   7   8   0   0   0  32   0   0   0  20   0   0   0   0  0.36 0.11
  129 F    1 -1  1 -2 -2  1 -1 -2 -2  0 -1  2 -1  2 -2  0 -1 -3 -1  2   13   0   8   0   0   7   0   0   0   0   0  21   0  13   0   8   0   0   0  30  0.14 0.10
  130 N    1  1  1  1 -2 -1 -1  1 -2 -3 -3 -1 -2 -3 -2  4  1 -4 -3 -3    7   8   6   7   0   0   0   8   0   0   0   0   0   0   0  58   6   0   0   0  0.46 0.15
  131 S   -1  1 -1 -2 -3  2 -1 -2 -2 -3 -3  0 -2 -2 -3  2  2  8 -1 -3    0   7   0   0   0  14   0   0   0   0   0   7   0   0   0  28  13  31   0   0  0.79 0.19
  132 Y   -3  0 -3  0 -3 -2 -3  0 -2 -2  0 -2 -1  3 -4 -2  0  9  3 -2    0   7   0   7   0   0   0   8   0   0  13   0   0  14   0   0   6  34  11   0  0.79 0.16
  133 L   -2  1 -1  2 -3  2  2 -3 -1  0 -1  1 -1  2 -2 -1 -2 -2  2 -2    0   7   0  13   0  17  13   0   0   7   6  14   0  15   0   0   0   0   8   0  0.21 0.09
  134 L   -2 -2 -2 -3 -2  0 -2  0  2 -1  2 -2  2  1 -3 -1 -2  7  0 -1    1   0   0   0   0   7   1   9   7   0  28   0   7   8   0   7   0  23   0   1  0.43 0.11
  135 F   -2 -3 -3 -4 -2 -3 -3 -3 -2  2  2 -3  0  3 -3 -3 -2  6  3  0    1   0   0   0   0   0   1   1   0  16  32   0   0  18   0   1   0  14  13   1  0.51 0.11
  136 S    0  0 -1 -1 -1 -1 -1 -1 -1 -1  0 -1  1 -2 -1  2  3 -2 -2 -1    8   7   1   1   0   1   1   2   0   1   9   1   8   1   1  21  34   0   1   1  0.21 0.08
  137 S    0  1  3  0 -2  1  1 -1  0 -2 -2  0 -1 -2 -1  2  1 -2 -2 -2    2   8  19   1   1   8  10   2   1   1   2   2   1   1   1  29   7   0   1   2  0.24 0.06
  138 I   -2 -2  0 -3 -2 -2 -3  0 -1  1  2 -2  0  4 -3 -2  0  0  3  0    0   0   7   0   0   0   0   9   0  14  21   0   0  22   0   0   6   0  17   0  0.24 0.09
  139 Y    0 -3 -3 -4 -3 -3 -3 -4  0 -2  0 -3  2  4 -4 -2 -2  0  7 -2   11   0   0   0   0   0   0   0   0   0   6   0   7  22   0   0   0   0  54   0  0.88 0.21
  140 N    0  2  3  1 -2  1 -1  0 -1 -2 -1  0  1 -2 -2  0 -1 -3 -2 -2   12  16  27   6   0   7   0   6   0   0   9   0   7   0   0   7   0   0   0   0  0.19 0.08
  141 I    1 -2  1  1 -2 -1 -1 -2 -1  0 -1 -1 -1  1 -2  3  0 -1  3 -1   12   0   8   8   0   0   0   0   0   6   7   0   0   7   0  33   0   0  16   0  0.18 0.09
  142 W   -1 -2  0 -2 -2  0 -2 -2 -1  1  0 -2 -1  1 -2  0  2  4  3  0    0   0   7   0   0   7   0   0   0  15   8   0   0   8   0   7  25   6  14   0  0.19 0.09
  143 F    0  1  2  2 -2  1  0 -2 -1  0 -1  1 -1  2 -2  1 -1 -2 -1  0    7   8  12  14   0   7   0   0   0   7   1   8   0  13   0  13   0   0   0   8  0.10 0.05
  144 A    1 -1  3  1 -3  2  2 -2 -1 -3 -3  0 -2 -4  1  1  1 -4 -3 -2   14   0  20   8   0  14  17   0   0   0   0   0   0   0   7   6  14   0   0   0  0.34 0.10
  145 D   -2  3  3  2 -4  2  1 -2  3 -4 -3  1 -2 -4 -2  0 -1 -4 -2 -3    0  28  23  12   0   7   6   0   8   0   0   7   0   0   0   7   0   0   0   0  0.46 0.12
  146 D   -1  0  4  2 -3  1  0 -2 -1 -3 -2  2 -2 -3  1  1 -1 -4 -3 -3    0   0  31  13   0   8   0   0   0   0   6  22   0   0   7  13   0   0   0   0  0.38 0.12
  147 T   -1  0 -1  0 -2 -1  0 -2 -2  1  1 -1  0 -2  3  0  1 -3 -2  1    1   8   0   6   0   0   9   1   0  18  15   0   0   0  14   9  12   0   0   6  0.15 0.06
  148 N    1  0  2 -1 -2  0  1 -1 -1 -1 -1  1 -1 -2 -2  1  1 -3 -2  0   17   0  13   0   0   0  14   1   0   0   7  16   0   0   0   9  13   0   0   7  0.15 0.06
  149 D   -1  0  2  3 -3  2  0  1 -1 -2 -3 -1 -2 -3 -2  0  0 -3 -3 -1    1   6  13  28   0  14   0  15   0   0   1   0   0   0   0   6   7   0   0   8  0.29 0.09
  150 K   -1  2  1  2 -2 -1 -1  0 -2 -1  0  1 -1  0 -2  0  1 -3 -2 -1    0  15   6  13   0   0   0   7   0   0  14  13   0   5   0   7  14   0   0   6  0.10 0.06
  151 F   -3 -4 -4 -5 -4 -4 -4 -5 -1 -2 -1 -4 -1  8 -5 -4 -3  0  5 -2    0   0   0   0   0   0   0   0   0   0   0   0   0  78   0   0   0   0  22   0  1.43 0.27
  152 L    0 -3 -3 -4 -2 -3 -3 -4  2  2  2 -3  0  1 -3 -2 -1 -3 -1  4    7   0   0   0   0   0   0   0   7   7  27   0   0   6   0   0   0   0   0  44  0.34 0.12
  153 F   -4 -4 -5 -5 -4 -5 -5 -5 -3 -2 -1 -5 -1  8 -5 -4 -4  0  2 -2    0   0   0   0   0   0   0   0   0   0   0   0   0 100   0   0   0   0   0   0  1.73 0.32
  154 G   -1 -4 -2 -3 -4 -3 -3  7 -3 -5 -5 -3 -4 -5 -3 -1 -3 -4 -4 -5    0   0   0   0   0   0   0 100   0   0   0   0   0   0   0   0   0   0   0   0  1.64 0.27
  155 K   -2  2  1  1 -4  3  2 -2  3 -3 -3  3 -2 -4 -2 -1  0 -4 -2 -3    0   6   7   6   0  19  11   0   8   0   0  34   0   0   0   0   7   0   0   0  0.45 0.12
  156 L   -2 -3 -4 -4  3 -3 -4 -4 -3  2  3 -3  1  3 -4 -3 -2 -1  2  1    0   0   0   0   8   0   0   0   0  19  39   0   0  19   0   0   0   0   7   8  0.42 0.11
  157 T   -1 -2 -1 -2 -2 -2 -2 -3 -3 -2 -3 -2 -2 -4 -2  1  7 -4 -3 -1    0   0   0   0   0   0   0   0   0   0   0   0   0   0   0   8  92   0   0   0  1.09 0.28
  158 Q   -1  0 -1  1 -3  4  2 -3 -1 -2 -2  2 -1  0 -2 -1  0 -3 -2  1    0   0   0   7   0  37  15   0   0   0   0  13   0   7   0   0   7   0   0  16  0.35 0.14
  159 I   -2 -3 -3 -3 -2 -3 -3 -3 -2  0  1 -3  2  5 -3  1  0  5  2 -1    0   0   0   0   0   0   0   0   0   6  12   0   6  39   0  14   8   8   7   0  0.45 0.13
  160 L   -1 -3 -3 -4  2 -3 -3 -4 -3  2  3 -3  0  1 -3 -1 -1  5 -1  2    0   0   0   0   5   0   0   0   0   7  34   0   0   7   0   7   0  11   0  28  0.39 0.11
  161 I   -2 -3 -4 -4 -2 -3 -4 -5 -4  4  3 -3  1 -1 -4 -3 -2 -3 -2  2    0   0   0   0   0   0   0   0   0  45  44   0   0   0   0   0   0   0   0  12  0.62 0.16
  162 S    1  2 -1 -1 -2  1  1 -2 -1 -3 -3  0 -2 -3 -2  3  2 -3 -2 -2   13  14   0   0   0   8   8   0   0   0   0   0   0   0   0  41  15   0   0   0  0.38 0.13
  163 V    0 -3 -3 -4 -2 -3 -3 -3 -3  2  3 -3  1 -1 -3 -2  1 -3 -2  2    7   0   0   0   0   0   0   0   0  15  44   0   0   0   0   0  15   0   0  20  0.35 0.11
  164 T    2 -2 -2 -2  2 -1  0 -2 -2  1 -1 -2 -1 -2  3  1  1 -3 -2  2   23   0   0   0   7   0   6   0   0   7   0   0   0   0  15  15   6   0   0  23  0.25 0.09
  165 K   -1  0  3  0  2  0  4 -2 -1 -3 -1  2 -2 -4 -2  1 -1 -4 -3 -3    0   0  17   0   6   0  44   0   0   0   6  19   0   0   0   8   0   0   0   0  0.45 0.15
  166 R    0  5  1 -2 -3  0 -1 -3 -1 -3 -1  3 -2  1 -3 -1  0 -3 -2 -2    6  42   8   0   0   0   0   0   0   0   7  23   0   7   0   0   6   0   0   0  0.41 0.13
  167 Y   -2 -3 -3 -4  3 -2 -3 -3 -2  0 -1 -1 -2  0 -4  0 -2  9  4 -1    0   0   0   0   7   0   0   0   0   6   5   6   0   0   0  12   0  37  20   5  0.97 0.19
  168 E    0 -2 -1  1 -3 -1  2 -2 -2 -3 -3  1 -3 -4  6  1 -1 -4 -3 -3    7   0   0   7   0   0  14   0   0   0   1   7   0   0  45  15   0   0   0   0  0.84 0.14
  169 F    0 -3 -3 -4 -2 -3 -3 -3 -2  1  3 -3  1  4 -3 -2 -2 -1  2  1    7   0   0   0   0   0   0   0   0   0  42   0   0  27   0   0   0   0   7  13  0.38 0.11
  170 P    1 -2 -1 -1 -2 -1 -1 -1 -2 -2 -2 -1 -2 -3  6  2 -1 -3 -2 -2   12   1   1   1   0   1   1   2   0   1   2   1   0   1  48  22   1   0   1   1  0.87 0.12
  171 R   -1  2  2  4 -3  1  0 -1 -1 -3 -3  1 -2 -3 -2  1 -1 -3 -2 -3    1  18   8  34   0   7   1   1   0   1   1   8   0   1   1  14   1   0   1   1  0.38 0.09
  172 T   -1 -2 -1 -2 -2 -1 -2 -2 -2  1  0 -1 -1 -2  1  0  5 -3 -2  1    1   1   1   1   0   1   1   1   0   8   8   1   0   1   8   1  56   0   1   9  0.39 0.13
  173 F   -1  3  2  1  3  1  0 -2  2 -3 -2  2 -2  0 -2  0  0 -3 -1 -2    1  21  12   6   8   7   0   1   6   0   1  14   0   6   0   8   7   0   0   0  0.22 0.07
  174 Y   -2 -3 -3 -4 -2 -2 -3 -4 -1  2  1 -3  0  2 -3 -2 -2  0  5  2    1   0   0   0   0   0   0   1   0  21  14   0   0   7   0   1   0   0  37  15  0.47 0.13
  175 L   -2 -3 -4 -4 -2 -3 -3 -4 -3  3  4 -3  1  0 -3 -3 -1 -2 -2  2    1   0   0   0   0   0   0   1   0  23  57   0   0   0   0   1   0   0   0  14  0.49 0.12
  176 A    0 -2  2  4 -3 -1  2 -2 -2 -2 -3 -1 -2 -3  1  0 -1 -4 -3  0    6   0  14  36   0   0  17   0   0   0   0   0   0   0   7   7   0   0   0  14  0.42 0.12
  177 K   -1  3  0 -1 -3  2  1 -2 -1 -3 -3  2 -2 -3 -2  3  2 -3 -2 -2    0  19   0   0   0  13   7   0   0   0   0  14   0   0   0  33  14   0   0   0  0.40 0.13
  178 V   -1 -2 -2 -3  4 -2 -2  0 -2  1  1 -2  0 -1 -3  2  0  4  1  0    0   0   0   0  13   0   0   6   0   8  22   0   0   0   0  26   5   6   7   6  0.21 0.10
  179 S   -3 -4 -4 -4 -3 -4 -4 -4 -2 -1  0 -4 -1  7 -4 -1 -3  0  4 -2    0   0   0   0   0   0   0   0   0   0   7   0   0  71   0   6   0   0  15   0  1.08 0.23
  180 D    0  1  3  4 -3  2  1 -2 -1 -4 -4  0 -3 -4 -2  1 -1 -4 -3 -3    6   7  19  38   0  15   6   0   0   0   0   0   0   0   0   8   0   0   0   0  0.55 0.13
  181 F    1 -2  0 -2 -2 -1  0 -2 -1  0 -1 -2 -1  2 -2  0  0  4  4  0   21   0   6   0   0   0   6   0   0   6   0   0   0  13   0   8   7   6  20   7  0.22 0.09
  182 L    0 -3 -4 -4 -2 -3 -3 -4 -3  3  3 -3  2  2 -3 -2 -1 -2 -1  2    7   0   0   0   0   0   0   0   0  27  33   0   6   8   0   0   0   0   0  19  0.37 0.10
  183 Q   -1 -1 -1 -1 -2  3  3 -2 -1 -1  0  1  3 -2 -2  0 -1 -3 -2  1    1   0   0   0   0  18  26   1   0   0   9   7  15   0   0   8   0   0   0  13  0.23 0.10
  184 N    0  0  2 -1 -2  1  1  2 -1 -2 -1  1 -1 -1 -1  0 -1 -2  1 -2    8   1  14   1   0  11   7  16   0   1  10   9   0   1   1   8   1   0   8   1  0.12 0.04
  185 L    0 -1 -3 -3 -3 -2 -2 -3 -2  0  0  2 -1  1 -3 -2 -2  9  2 -1    9   0   0   0   0   0   0   1   0   8  13  20   0   7   0   1   0  34   5   0  0.71 0.15
  186 I   -2 -3 -4 -4 -2 -3 -4 -4 -3  4  1 -3  0  0 -4 -3 -1 -2  3  4    0   0   0   0   0   0   0   0   0  40   5   0   0   0   0   0   0   0  13  41  0.56 0.16
  187 L   -1 -2 -1  0 -2  0 -1  2 -2  0  1 -2  0 -1 -2  1 -1 -2  1  1    0   0   0   8   0   7   0  20   0   7  19   0   0   0   0  19   0   0   7  12  0.11 0.07
  188 T    1  3  1  1 -2  1  0 -1 -1 -2 -2  0 -1 -3 -2  2  2 -3 -2 -1    9  22   7   7   0   7   1   1   0   1   1   1   0   0   1  22  14   0   0   6  0.21 0.07
  189 R    1  0 -2 -2 -2  0 -1 -2 -1  0  1  0  1  1 -2  0 -1 -1  1  1   14   7   1   1   0   6   1   1   0   1  15   8   8   9   1   8   1   0   7  14  0.06 0.04
  190 L   -1  0 -1 -2 -2 -1 -2  0 -1  0  1 -1  1  2 -2  0  1 -1  2  0    1   8   1   1   0   1   1  10   0   1  15   1   7  14   1   8  14   0   7   8  0.07 0.04
  191 R    0  1  3  0 -2  0 -1  1 -1  0 -2  1 -1 -2 -1  2  1 -2 -2 -1    1   7  21   1   0   1   1   9   0   9   2   7   0   1   1  22  13   0   1   1  0.18 0.06
  192 P   -1 -1 -1 -2 -2 -1 -1  0  2 -1 -1  0  2  1  1  1 -1  4  2 -1    2   1   1   1   0   1   1   8   7   1   2   8  14   8   7  18   1   8   8   1  0.15 0.06
  193 F    1 -2 -1 -2 -1 -1 -2 -2 -1  1  0 -1  0  3 -2  0  0 -1  2  0   16   1   1   1   0   1   1   2   0   9  10   1   0  21   1  10   8   0   8   8  0.10 0.04
  194 V    2 -1 -1 -1 -1 -1  0 -1 -1  1  0 -1  0  1  1  0  0 -1 -1  1   25   2   1   2   1   1   9   2   1   8   9   2   1   8   9   2   2   0   1  16  0.08 0.03
  195 T    1  0 -1  1 -2  1  1 -1 -1  0 -1  1 -1 -2  2  0  0 -2 -1 -1   19   2   1   8   1   7   9   2   1   8   3  16   1   1   9   2   8   0   1   2  0.13 0.03
  196 E   -1  1  0 -1 -2  1  2 -2  3 -1  0  0  1 -1 -1  0 -1 -2 -1  0    2   9   1   2   1   8  15   2  14   2  10   2   7   1   2  11   2   0   1   8  0.11 0.04
  197 Q   -1  0 -1 -1 -1  2  0 -2 -1  0  1  1  0 -1 -1  0  1 -2 -1  0    2   2   1   2   1  21   2   2   1   8  18  10   1   1   2  10   9   0   1   8  0.09 0.04
  198 P    0  1  1 -1 -1  0 -1  0  2 -1 -1  0 -1  1  3  0 -1 -1  0 -1   12  10   9   2   1   2   3   9   7   2   4   2   1  10  16   3   3   1   1   3  0.14 0.02
  199 Q   -1  1  1 -1 -1  2  0 -1 -1  0 -1  0  0  1 -1  0  1 -1  0  0    3   8  10   2   1  15   2   3   1   9   3   2   1   9   2   9  10   0   1   9  0.05 0.03
  200 G   -1 -1  2  0 -2 -1 -1  3  3 -2 -1 -1 -1  1 -1  0 -1 -1  0 -2    3   2  16   2   1   2   3  26  13   2   4   2   1   9   2   3   3   1   1   3  0.17 0.04
  201 D    1 -1  2  1 -2 -1 -1  3 -1 -2 -2 -1 -1 -2 -1  0  1  3 -1 -1   17   2  15   8   1   1   2  24   1   2   3   2   1   1   2   2   9   6   1   2  0.21 0.05
  202 K   -1  1  1 -1 -2  1  0  0 -1 -2 -1  2 -1 -2  2  1  0 -2 -2 -2    2   8   9   1   0   8   1   9   0   1   8  22   0   1   9   9   7   0   1   1  0.16 0.04
  203 N    0  1  4  0 -2  2  0  1  0 -3 -2  0 -2 -3 -1  1 -1 -2 -2 -2    8   8  39   1   0  16   1   8   0   1   2   1   0   1   1   8   1   0   1   1  0.33 0.09
  204 R    0  4  0  1 -3  2  1 -2 -1 -3 -2  2 -2 -3 -1  0 -1 -3 -2 -2    8  32   1   8   0   8   9   1   0   1   1  16   0   1   1   9   1   0   0   1  0.33 0.08
  205 Y    0 -1  2  1 -2  1  1 -2  0 -2 -1  1  1 -1  1 -1 -1 -1  2 -1    7   1  16   9   0   8   8   1   0   1   8   9   6   1   9   1   1   0  14   1  0.14 0.05
  206 Q    0  1  0  2 -2  1  2 -2 -1 -2 -2  1  1 -2  3  0 -1 -2 -2 -2    8   9   1  16   0   7  17   2   0   1   2   9   7   1  14   2   1   0   1   1  0.26 0.05
  207 N   -1 -1  2 -1 -2  1 -1  0 -1 -2 -2 -1 -1 -2 -1  1  4 -2  1 -1    2   1  15   1   0   7   1   8   0   1   2   1   0   1   1   9  39   0   7   1  0.25 0.09
  208 G    0 -1  1 -1 -2 -1  0  3  2 -2 -1 -1 -1 -2 -1  0  0 -2 -1 -2    8   1   9   1   0   1   9  36   9   1  10   1   0   1   1   2   8   0   1   1  0.23 0.06
  209 D   -1  0  2  1 -2  2  1  1  0 -2 -2  2 -1 -1 -1  0 -1 -1  1 -2    2   1  16   8   1  15   9  10   1   1   3  17   1   1   1   2   2   0   7   2  0.18 0.05
  210 R    0  2 -1 -1 -2  1 -1 -2 -1  0  0  1  1 -2 -1  1  1 -2 -2  0    9  13   1   1   0   7   1   1   0   9   8   8   8   1   1  15  15   0   0   1  0.11 0.05
  211 E   -1 -1 -1 -1 -2  3  2 -2  3 -2 -1  0 -1 -2  1  2  1 -3 -1 -2    1   0   0   0   0  22  15   1  13   0   9   0   0   0   7  23   8   0   0   1  0.28 0.10
  212 S    1 -1 -1 -1 -2  1 -1  3 -2 -2 -2  0 -2 -3 -2  3  0 -3 -2  0    8   0   0   0   0   7   1  23   0   0   1   8   0   0   0  36   0   0   0  13  0.26 0.10
  213 T   -1  0 -1 -2 -2  1 -1 -2 -2 -1 -2 -1 -1 -2 -2  1  3  7 -1  1    1   7   0   0   0   7   1   1   0   0   1   0   0   0   0   8  36  22   0  14  0.52 0.14
  214 K    0  3 -1 -2 -3 -1 -1  1 -2 -1 -2  2 -2  0  3  0  0 -3 -2 -2    7  21   0   0   0   0   0  13   0   8   0  14   0   8  15   8   7   0   0   0  0.23 0.08
  215 N    0  3  1 -2 -3  1 -1  1  2 -4 -3  1 -2 -2 -3  0 -2  7 -1 -3    6  20   6   0   0   7   0  15   8   0   0   9   0   0   0   8   0  22   0   0  0.51 0.13
  216 G    1 -2  2 -1 -2 -1 -1  4 -2 -3 -4 -1 -3 -4 -2  3  1 -4 -3 -3    7   0  14   0   0   0   0  33   0   0   0   0   0   0   0  39   7   0   0   0  0.53 0.14
  217 A    3  0 -2 -3 -2 -2 -2  0 -1 -2 -2 -2 -2  0 -3 -1 -2  5  5 -2   38   7   0   0   0   0   0   7   0   0   0   0   0   0   0   0   0   9  39   0  0.55 0.16
  218 A    1  1  1 -1 -2  2 -1  1 -1 -2 -2  1 -1  2  1  1  0 -2 -1 -2   14   8   7   0   0  15   0   9   0   0   0   8   0  16   7   9   7   0   0   0  0.16 0.06
  219 Y   -2 -3 -3  0 -3 -2 -2 -3 -2 -2 -2 -3 -2  2  3 -2 -2  9  4 -1    1   0   0   7   0   0   0   1   0   0   1   0   0   9  16   1   0  39  16   7  1.06 0.16
  220 Q   -1  3 -1 -2 -3  1  1 -2  3 -2 -2  0 -1  4 -2  1 -1 -1  1 -2    1  21   0   0   0   8   8   1   9   0   1   0   0  31   0  17   0   0   0   0  0.28 0.10
  221 K    1  1 -1  1 -2  0  1 -1 -1 -3 -3  3 -2 -3  2  1 -1 -3 -2 -2   16   7   0   8   0   0   9   1   0   0   1  32   0   0  10  15   0   0   0   0  0.30 0.07
  222 S    1 -1  0 -1 -2  1  1  3  2 -3 -3 -1 -2 -3 -2  2  1 -3 -2 -2    8   0   0   0   0   9   9  32   8   0   1   0   0   0   0  23   9   0   0   0  0.33 0.08
  223 S    0  0 -1 -1  2  1  0  2 -1  0 -2 -1 -1 -2 -2  2  0  4 -1 -1    1   8   1   1   7   8   8  17   0   9   1   1   0   1   1  25   1   9   0   1  0.19 0.06
  224 Q   -1 -1 -1 -1 -2  2  0 -2 -1 -1 -1  0 -1  3  3  0  2 -1  0 -1    2   1   1   1   0  16   1   2   1   1   2   8   1  19  16   2  23   0   1   2  0.24 0.07
  225 Q   -1  1  3  1 -2  1  1 -1  0 -2 -1  0 -1 -2 -1  1  0 -2 -2 -2    2  10  23   9   0   9  11   2   1   1  10   1   1   1   1  16   1   0   1   2  0.19 0.04
  226 S   -1  0  3  1 -2  3  0 -1  0 -2 -2  0 -1 -2 -1  1  1 -2 -2 -2    2   1  26   8   0  24   1   2   1   1   2   1   1   1   1  16   9   0   1   2  0.30 0.07
  227 S    1 -1 -1 -1  3 -1 -1 -1 -2 -2 -2 -1 -1 -2  3  2  3 -2 -2 -1    9   1   1   1   8   1   1   2   1   1   2   1   1   1  18  23  25   0   1   2  0.33 0.07
  228 S    2 -1  1 -1 -1 -1 -1  1 -1 -2 -2 -1 -1 -2  2  2  1 -2 -2 -1   26   1  10   1   0   1   1   9   1   1   2   1   1   1   8  24   9   0   1   2  0.22 0.05
  229 F    0  2  2 -1 -2  0 -1  0  0 -2 -2  1 -1  1 -1  1 -1 -1  1 -2    9  18  17   1   0   1   1   9   1   1   2   8   1   9   1  10   1   0   8   2  0.13 0.04
  230 E    1  1  0  1 -1  0  1  1 -1 -2 -2  0 -1 -2  2  1  0 -2 -2 -1   18  11   1   8   1   1  10  10   1   2   3   2   1   1   9  18   2   0   1   2  0.16 0.03
  231 Q    0  2  0  0 -2  2  2  1 -1 -2 -2  0 -1 -2 -1  1  1 -2 -1 -1    3  17   2   2   1   9  18  10   1   2   3   2   1   1   2  12  10   0   1   2  0.16 0.03
  232 N    0  1  2  0 -1  0  0  2  0 -1 -1  1 -1 -1 -1  0  0 -1 -1 -1    4  10  19   3   1   2   3  20   1   3   5  10   1   2   3   4   3   1   2   3  0.13 0.02
  233 F    0  0  0  0 -1  0  0 -1 -1  0  0  1  0  1  0  1  1 -1  0  0    5   3   3   3   1   3   4   5   1   3   6  13   1  10   3  12  11   1   2  11  0.03 0.01
  234 T    0  0  1  1 -1  0  0 -1 -1 -1 -1  1 -1 -1  0  0  2 -1 -1 -1    4   3  11  10   1   2   3   4   1   3   5  11   1   2   3   4  27   1   2   3  0.11 0.02
  235 S    1 -1  0 -1 -1  0  0 -1  2 -1 -1  0 -1 -1  3  2  0 -1 -1 -1   11   2   2   2   1   2   3   3   9   2   4   3   1   2  19  25   3   1   1   3  0.24 0.03
  236 T    0 -1  0 -1 -1 -1 -1 -1 -1  0 -1 -1  0  0 -1  1  2 -1  2  1    4   2   2   2   1   2   3   3   1   2   4   3   1   2   2  17  18   1  11  18  0.07 0.03
  237 E    0  2  0  0 -1  1  2 -1  0 -1 -1  1 -1 -1  0  0  0 -1 -1  0    4  17   2   3   1   2  19   4   1   3   5  10   1   2   3   4   3   1   2  12  0.09 0.01
  238 F   -1 -1 -2 -2 -1 -1 -1 -2 -1  1  1 -1  0  3  2 -1 -1  0  2  0    3   2   2   2   1   2   2   3   1  10  21   2   1  24  10   3   2   1   8   2  0.15 0.03
  239 P    1 -1  0  0 -1  0  3 -1 -1 -2 -2  0 -1 -2  2  2  0 -2 -2 -1   17   2   1   2   1   1  26   2   1   2   3   2   1   1   9  24   2   0   1   2  0.24 0.05
  240 N   -2 -1  1  1 -5  1  6 -3 -1 -4 -4  0 -3 -4 -2 -1 -2 -4 -3 -4    0   0   8   0   0   0  92   0   0   0   0   0   0   0   0   0   0   0   0   0  1.15 0.24
  241 D   -2 -2  0  5 -4  0  3  3 -2 -4 -4 -1 -3 -4 -2 -1 -2 -4 -4 -4    0   0   0  40   0   0  31  28   0   0   0   0   0   0   0   0   0   0   0   0  0.73 0.15
  242 Y   -3 -3 -3 -5 -4 -3 -3 -5  1 -3 -2 -3 -2  2 -4 -3 -3  1  9 -3    0   0   0   0   0   0   0   0   0   0   0   0   0   0   0   0   0   0 100   0  1.81 0.31
  243 D   -3 -3  2  7 -5 -1  1 -2 -2 -4 -5 -2 -4 -5 -3 -1 -2 -5 -4 -4    0   0   9  91   0   0   0   0   0   0   0   0   0   0   0   0   0   0   0   0  1.38 0.24
  244 F   -2 -3 -4 -4 -2 -2 -3 -4 -3  2  4 -3  5  2 -4 -3 -2 -2 -1  0    0   0   0   0   0   0   0   0   0   9  52   0  31   8   0   0   0   0   0   0  0.59 0.15
  245 M   -2 -3 -4 -4 -2 -3 -4 -4 -3  2  4 -3  5  0 -4 -3 -2 -2 -2  0    0   0   0   0   0   0   0   0   0   9  67   0  24   0   0   0   0   0   0   0  0.67 0.16
  246 E   -2 -1  2  5 -5  0  5 -2 -1 -4 -4 -1 -3 -4 -2 -1 -2 -4 -3 -4    0   0   9  38   0   0  53   0   0   0   0   0   0   0   0   0   0   0   0   0  0.89 0.17
  247 D   -3 -3  0  7 -5 -1  2 -2 -2 -4 -5 -2 -4 -5 -3 -1 -2 -5 -4 -4    0   0   0  91   0   0   9   0   0   0   0   0   0   0   0   0   0   0   0   0  1.39 0.23
  248 I    0 -3 -4 -4 -2 -3 -3 -4 -3  3  2 -3  1  1 -3 -2 -1 -3 -1  3    8   0   0   0   0   0   0   0   0  30  16   0   0   7   0   0   0   0   0  39  0.39 0.10
  249 L   -2 -3 -4 -4 -2 -3 -4 -5 -4  3  4 -3  1  0 -4 -3 -2 -3 -2  2    0   0   0   0   0   0   0   0   0  22  70   0   0   0   0   0   0   0   0   8  0.62 0.14
  250 D   -1  2  2  2 -3  3  2  0 -1 -3 -1  0 -2 -3 -2  0 -1 -3 -2 -3    0  15   9  15   0  21  15   9   0   0   7   0   0   0   0   8   0   0   0   0  0.31 0.08
  251 E   -2 -2  0  6 -5  0  4 -3 -1 -4 -4 -1 -4 -4 -2 -1 -2 -5 -4 -4    0   0   0  57   0   0  43   0   0   0   0   0   0   0   0   0   0   0   0   0  1.02 0.18
  252 T    1 -2 -1 -2 -2 -1 -2 -2 -2  0 -1 -2  3  1 -2  2  3 -2 -1  0   19   0   0   0   0   0   0   0   0   8   0   0  18   8   0  16  32   0   0   0  0.25 0.10
  253 T   -2  4 -1 -2 -4  0  0 -3 -1 -3 -3  5 -2 -4 -2 -1  1 -4 -3 -3    0  26   0   0   0   0   0   0   0   0   0  65   0   0   0   0   9   0   0   0  0.73 0.16
  254 E   -1  3 -1 -1 -4  2  2 -2 -1 -4 -3  5 -2 -4 -2 -1 -1 -4 -2 -3    0  10   0   0   0  10  10   0   0   0   0  70   0   0   0   0   0   0   0   0  0.67 0.12
  255 L   -2 -2 -4 -4 -1 -2 -3 -4 -3  2  4 -3  2  0 -3 -3 -1 -2 -1  1    0   0   0   0   0   0   0   0   0   0 100   0   0   0   0   0   0   0   0   0  0.46 0.00
  256 D   -2 -2  1  6 -3  0  2 -1 -1 -3 -4 -1 -3 -3 -1  0 -1 -4 -3 -3    0   0   0   0   0   0   0   0   0   0   0   0   0   0   0   0   0   0   0   0  0.00    0.00

                      K         Lambda
Standard Ungapped    0.1369     0.3226
Standard Gapped      0.0410     0.2670
PSI Ungapped         0.1217     0.3168
PSI Gapped           0.0372     0.2670
