
Last position-specific scoring matrix computed, weighted observed percentages rounded down, information per position, and relative weight of gapless real matches to pseudocounts
           A  R  N  D  C  Q  E  G  H  I  L  K  M  F  P  S  T  W  Y  V   A   R   N   D   C   Q   E   G   H   I   L   K   M   F   P   S   T   W   Y   V
    1 M   -2 -3 -4 -4 -2 -2 -4 -4 -3  3  1 -3  7 -1 -4 -3 -2 -3 -2  3    0   0   0   0   0   0   0   0   0  18   3   0  52   0   0   0   0   0   0  26  0.81 0.25
    2 Q    0  3 -1  1 -4  2  5 -3 -1 -4 -4  1 -3 -4 -2  0  0 -4 -3 -3    7  18   0   7   0   9  46   0   0   0   0   3   0   0   0   4   6   0   0   0  0.60 0.20
    3 E   -2 -1 -1  4  0  0  4 -3 -2 -4 -2  2 -3 -4 -3  0 -1 -5 -4 -4    1   2   0  32   2   3  36   0   0   0   5  12   0   0   0   7   1   0   0   0  0.69 0.28
    4 D    0 -1  1  4 -3  0  1  0  0 -3 -3  0  1 -4 -1  1  1 -4 -3 -2    5   2   7  30   0   2  10   7   2   0   0   6   6   0   2  10   8   0   0   1  0.34 0.17
    5 G    0 -1  0  2 -3  1  1  3 -2 -3 -1  0 -1 -2 -1  0  0 -4 -3 -2    8   3   2  16   0   6   7  24   0   0   9   7   2   1   2   6   8   0   0   0  0.22 0.13
    6 I   -1 -1 -2  2 -3 -1  1 -2  0  1  0 -1  0 -1  3  0 -2 -4 -2  1    2   2   0  14   0   1  12   2   3  12  12   2   2   3  15   6   0   0   0  12  0.20 0.14
    7 A    2  1  0 -1 -2  0  0 -2  1 -1 -1 -1 -2 -2  1  2  1 -3 -1  0   23   7   3   1   0   2   6   1   5   3   4   1   0   1   6  22   8   0   2   6  0.18 0.16
    8 E    1  1  0  3 -3  1  3 -1 -2 -3 -3  0 -3 -4  0  2  0 -4 -3 -3   10   7   3  17   0   4  22   3   0   1   2   3   0   0   4  18   5   0   0   0  0.36 0.22
    9 P   -1 -2  0  2 -4  3  2 -2  0 -4 -2 -1 -3 -4  5  0  0 -5 -4 -2    4   1   3  10   0  13  18   2   2   0   4   1   0   0  29   6   4   0   0   2  0.60 0.29
   10 G    0 -1  0  2 -2  0  1  1 -2 -1 -1 -1  0 -1 -1  1  1 -3 -1  0    6   2   3  13   1   4  13  13   0   3   5   2   3   3   2  10   9   0   3   7  0.10 0.09
   11 L    1  0  0  0  0  1  0 -1  0  0  0  0  0 -2  0  1  0  0  0  0   12   4   4   5   2   6   7   2   2   5  15   3   2   0   5  14   3   1   3   6  0.05 0.06
   12 L    0  1  0  0 -1  0  0 -1 -1  0  0 -1  0 -1  0  1  1 -3 -2  1    6   8   2   6   1   4   7   5   1   7  11   0   2   3   4  14   7   0   0  10  0.04 0.07
   13 L    0  0  1 -1 -2  1  0 -1 -1  0  1 -1  1 -2  2  0  1 -3 -2  0   11   6   7   3   0   7   4   3   1   7  16   0   4   1  12   6  10   0   0   4  0.11 0.11
   14 P    0 -3 -2 -1 -5 -1 -1 -2  0 -3 -4 -3 -4 -5  7  0  0 -5 -3 -3    6   1   2   3   0   2   3   3   3   1   1   0   0   0  59   7   7   0   1   1  1.31 0.49
   15 R    0  3 -2  1 -4  2  2 -2  1 -3 -3  1 -3 -4  1  0  0  1 -1 -2    7  19   0   9   0   9  14   2   4   0   2   6   0   0   8   8   4   2   2   3  0.29 0.20
   16 Y    0 -2 -1 -2 -3 -1 -1 -1  2 -1 -1 -2  1  3 -1  1 -2 -2  5  0    6   1   3   2   0   3   4   4   5   4   5   1   3  10   3  12   1   0  27   6  0.31 0.24
   17 P    0 -3 -2  0 -4  0  1 -1 -3 -1 -3  1 -4 -4  6 -1 -1 -5 -3 -2    9   0   2   6   0   4   9   5   0   4   2   8   0   1  42   2   3   0   1   2  0.79 0.37
   18 G   -1 -2  1  2 -3  1  2  2  1 -3 -2 -1 -2 -4  1  1  1 -4 -2 -2    4   1   7  14   0   7  13  16   3   0   3   2   1   0   8   9   8   0   1   3  0.25 0.18
   19 D    0 -2  0  2 -3  1  2 -1  0  0 -1  1 -2 -4  3  0 -1 -4 -3 -2    7   0   4  14   0   6  18   4   2   6   5   8   0   0  13   8   2   0   0   1  0.27 0.19
   20 D   -2 -1  1  6 -5  0  2 -3 -1 -5 -4  0 -4 -5 -2  1 -1 -5 -4 -3    3   3   6  47   0   3  11   1   1   0   1   6   0   0   1  11   3   0   0   2  0.80 0.41
   21 T   -1  1  1  0 -3  2  2 -1  0 -1 -1  1 -1 -2  1  0  1  0 -2 -1    4   7   6   3   0  13  14   4   3   5   4   7   1   1   6   5  10   2   0   6  0.14 0.13
   22 R   -1  2 -2  0 -4  1  1 -2 -2 -2 -3  2 -2 -2  4  0  1 -2 -2 -2    3  13   1   5   0   6   8   3   0   2   2  12   1   2  22   8   8   1   2   2  0.37 0.24
   23 P   -1 -1 -4 -2 -4 -1  0 -2 -3 -1  0 -1 -1 -3  7 -2 -1 -5 -3  0    4   4   0   1   0   3   6   2   1   4   8   3   1   1  49   2   4   0   1   6  0.93 0.44
   24 T    1 -2 -1 -3 -3 -3 -3 -3 -3 -1  1 -3 -2 -3 -3  0  5 -5 -2  3    9   2   2   1   0   0   1   1   0   1  15   0   0   0   1   7  37   0   1  19  0.54 0.40
   25 N   -2  2  2  0 -4 -1 -3 -2 -1 -4 -3  0 -4 -3 -3  3  5 -5 -4 -3    1   9   9   4   0   1   0   3   1   0   2   6   0   1   0  19  41   0   0   1  0.70 0.47
   26 K   -2  5  0 -1 -6  0 -2 -4 -3 -5 -4  5 -4 -6 -2  0 -2 -4 -4 -2    3  35   3   3   0   4   1   0   0   0   1  34   0   0   2   8   2   0   0   3  0.92 0.52
   27 K   -1  6 -3 -4 -6  0 -2 -3 -4 -4 -2  4 -3 -5 -2 -1 -1  4 -3 -5    5  38   0   0   0   2   1   2   0   1   5  30   0   0   2   5   3   6   1   0  0.95 0.54
   28 E   -2 -2 -1 -1 -6  1  7 -3  0 -3 -3 -2 -4 -6 -3 -2 -1 -4 -5 -2    3   1   2   2   0   4  68   2   2   1   2   2   0   0   1   3   3   0   0   3  1.28 0.68
   29 L   -3  1 -4 -5 -3 -1 -3 -5 -3  4  4 -2  1 -2 -4 -3 -3 -2  0  2    1   8   0   0   0   3   2   0   0  22  39   2   2   0   0   1   1   1   3  13  0.60 0.36
   30 L   -3  2 -1 -5 -5 -2 -5 -5 -2 -1 -1  0 -2  3 -6 -3 -3 10  2 -2    2  13   4   0   0   2   0   1   1   4   7   6   1  13   0   2   2  35   5   2  1.27 0.58
   31 G    4 -4 -4 -4 -2 -4 -4  4 -5 -5 -5 -4 -5 -4 -4  3 -1 -6 -3 -4   38   1   0   0   1   0   0  31   0   0   0   0   0   0   0  25   2   0   1   0  1.08 0.60
   32 W   -7 -7 -8 -8 -7 -7 -7 -7 -6 -7 -6 -7 -2  2 -8 -7 -7 12  5 -7    0   0   0   0   0   0   0   0   0   0   0   0   1   7   0   0   0  70  20   0  3.73 1.28
   33 Y    2 -5 -4 -6  3 -5 -5 -4 -3 -1 -1 -4  1  1 -5 -1 -1  2  8 -1   16   0   1   0   7   0   0   1   0   3   6   1   3   4   0   4   3   2  47   3  1.14 0.60
   34 S    0 -2 -5 -5  1 -3 -5 -3 -4  1  4 -4  5  2 -5  0 -1  0 -2 -1    9   2   0   0   3   0   0   2   0   7  36   0  16  10   0   8   2   1   0   3  0.57 0.39
   35 Y   -4 -6 -6 -7 -3 -1 -6 -7 -1 -4 -4 -6 -1  5 -7 -5 -4  0  9 -4    1   0   0   0   1   3   0   0   1   1   1   0   1  18   0   1   1   1  69   1  2.34 0.97
   36 G   -1 -4  0  6 -1 -3 -2  1 -2 -5 -5 -4 -3 -2 -4 -1 -4 -4  4 -5    6   0   4  47   1   1   2  12   1   0   1   0   1   2   0   5   0   0  16   0  1.04 0.57
   37 W    1 -5  0 -5 -2 -5 -5 -4 -5  1 -1 -5 -1  5 -5 -3 -2  9 -1  0   12   0   5   0   1   0   0   1   0   7   4   0   1  22   0   2   2  32   1   8  1.32 0.61
   38 A    6 -5 -4 -5 -2 -4 -4  4 -5 -5 -5 -4 -5 -6 -4  0 -2 -6 -3 -4   63   0   0   0   1   0   0  25   0   0   0   0   0   0   0   4   3   0   1   0  1.37 0.71
   39 A    1 -4  7 -1  0 -3 -3 -3 -1 -3 -4 -3 -1 -3 -3  1 -2 -2  0 -2   10   0  56   3   2   1   0   1   1   2   2   1   2   1   1   8   2   1   3   3  1.14 0.64
   40 E   -2 -4  3 -1  0  1  2 -1 -1 -4 -3 -2 -4 -3 -4  5 -1 -6 -3 -5    2   0  15   3   2   6  13   4   1   1   3   1   0   1   0  45   2   0   1   0  0.76 0.54
   41 V    4 -4 -4 -4 -2 -3 -4  3 -5 -2 -4 -4 -3 -5  3  0 -1 -5 -5  2   32   1   0   0   1   1   0  24   0   2   0   0   1   0  15   7   3   0   0  14  0.71 0.47
   42 F   -4 -5 -4 -3 -5 -4 -5 -2 -1  0  0 -5 -1  6 -4 -5 -3  1  6 -1    1   0   1   2   0   1   0   3   1   5   8   0   2  38   1   0   2   2  28   5  1.20 0.60
   43 T    2 -3  1 -2 -3 -2 -2  2 -2 -1 -3 -3 -2  0  0  2  2 -2  0  0   19   0   6   1   0   1   1  15   1   3   0   0   0   3   5  19  14   0   4   6  0.31 0.30
   44 V    0 -4 -1 -4 -2 -2 -3  0 -4  1  1 -3  0 -3  1  0  4  0 -2  1    7   0   3   0   1   1   0   7   0   7  15   0   2   1   7   6  30   2   1  11  0.33 0.31
   45 C    0 -3 -1 -4  2 -3 -4 -3 -3  1  1 -4  0  2 -3  0  2 -4 -1  3    6   1   4   0   4   1   0   2   1   8  11   0   1  10   1   9  14   0   1  28  0.33 0.29
   46 A    1 -2  0 -4  0 -1 -3  0 -4  4 -1 -3  0 -2 -3  1 -1 -2 -2  3   14   2   4   0   2   3   0   6   0  24   3   0   3   1   1  11   2   1   1  22  0.33 0.29
   47 M    0 -2 -2 -4 -2 -2 -3 -1 -3  2  1 -3  3  0  0 -1  1 -3  1  2    6   2   2   0   1   1   1   4   0  14  16   0  10   4   4   5   8   0   5  15  0.23 0.21
   48 G    3 -4 -2 -4 -2 -1 -4  2 -4 -3 -4 -3 -2 -1 -2  2  4 -5 -2 -1   21   0   2   0   1   2   0  14   0   1   1   0   1   3   2  16  29   0   2   4  0.57 0.42
   49 S    2 -2  0 -4 -3 -2 -3  0 -4  0  0 -3  1  2 -1  0  1 -4 -2  3   19   2   5   0   0   1   0   8   0   4   7   0   3   9   2   8   8   0   1  21  0.24 0.24
   50 F   -2 -3 -5 -6 -2 -5 -5 -3 -4  3  1 -5  0  6 -5 -2 -2  0  2  2    2   1   0   0   1   0   0   3   0  18  13   0   2  31   0   3   2   1   7  14  0.78 0.43
   51 L   -1 -5 -2 -5 -5 -3 -5 -1 -4  2  2 -5  2  6 -5 -2 -3 -1  2  0    6   0   2   0   0   2   0   5   0  10  23   0   5  30   0   4   1   1   6   5  0.70 0.41
   52 P   -1 -6 -1 -5 -3 -1 -5 -1 -6 -6 -4 -5 -1  0  7  0 -2 -2 -2 -2    5   0   3   0   1   3   0   6   0   0   2   0   1   4  58   8   3   1   1   3  1.45 0.74
   53 I    0 -3 -1 -2 -3  1 -3 -3 -3  3  2 -3 -1  0  1 -2  0 -4 -1  2    7   1   3   2   0   8   1   1   1  19  17   1   1   4   6   3   7   0   2  17  0.27 0.24
   54 T   -2 -5  0 -6 -1 -1 -5 -6 -2  1  2 -2 -1  3 -6 -3 -1  2  6 -1    3   0   4   0   1   3   0   0   1   7  20   2   1  13   0   2   4   2  32   4  0.85 0.48
   55 L   -3 -5 -4 -6 -2 -4 -6 -6 -2  0  4 -5  1  6 -6 -4 -3  0  4 -1    2   0   1   0   1   1   0   0   1   5  34   0   3  28   0   1   2   1  15   4  1.04 0.53
   56 E    1 -1  0 -1 -4  3  2 -2  0  0 -1  1  0 -4 -2  0  2 -4 -3  0   10   2   3   2   0  17  14   2   2   5   5   7   2   0   2   6  13   0   1   8  0.24 0.23
   57 Q    1 -2  2  1 -4  3 -1  0  0 -3 -2  0 -2 -3 -3  1  1  0  1 -2   10   1  12   7   0  16   3   7   2   1   3   4   1   1   0  13   8   1   5   3  0.25 0.24
   58 M   -1 -3 -2 -5 -4  0 -4 -4  0  1  3 -3  4  1 -5 -2 -1 -4  2  2    6   2   2   0   0   4   0   1   2   7  29   1   9   6   0   2   3   0   7  17  0.46 0.31
   59 A    5 -5 -4 -5 -4 -4 -4 -1  0  1 -1 -4 -4 -2 -2 -1  0 -5 -2  1   51   0   0   0   0   0   1   5   2   8   7   0   0   2   2   4   6   0   2   9  0.78 0.47
   60 R    2  2 -1 -1  1  0 -1 -1  1 -2 -2  0 -1 -1 -1  1  1 -1  0 -1   18  12   2   3   3   5   3   5   4   2   4   5   2   2   3  10   8   1   4   4  0.11 0.13
   61 E    0 -1  0  2 -3  1  2  0  0 -1 -2  0 -1  0  1  0  0  0 -1 -1    9   3   5  11   0   6  15   7   2   3   4   5   2   5   7   7   4   1   2   3  0.12 0.12
   62 R    2  1  4  0 -4  0  0 -1  2 -2 -2  0 -1 -2 -2  0 -1 -4  0 -1   17   6  22   4   0   4   5   4   5   3   3   4   2   1   2   8   2   0   4   5  0.26 0.22
   63 G    3 -4  0 -3 -4 -3 -2  5 -4 -2 -2 -3 -4 -4  0  0 -2 -4 -4 -2   20   1   5   1   0   1   3  45   0   2   4   1   0   1   4   5   3   0   1   3  0.81 0.41
   64 V   -1 -1  0 -2  1 -1 -1  0  2  0 -1 -1 -1  2 -1  0 -1  3  2  2    5   3   5   2   3   2   3   6   7   6   5   4   1   9   2   7   4   4   6  18  0.11 0.10
   65 L    0 -1 -1  1 -1  1  0 -1 -1  1  2  0  0 -1 -1  0 -1  0 -1  0    6   3   3   8   1   6   8   4   2   7  22   6   2   2   3   5   4   2   2   6  0.05 0.05
   66 L    0 -1  0 -1  0  0  0  0  0 -1  1 -1  0  0  0  0  0  1  1  0   10   4   3   3   2   5   7   7   3   3  17   3   1   4   3   7   5   2   5   5  0.02 0.03
   67 S    0 -1 -1  0 -1 -1 -1  1 -1 -1 -1 -1 -2 -1  3  2  0 -1 -1 -1    8   2   3   5   1   2   4   9   1   4   6   3   1   3  15  20   6   1   2   4  0.19 0.11
   68 D   -1 -1  2  5 -1  0  0  0 -1 -2 -2 -1 -2 -2 -1  0  0 -2 -2 -2    4   3   8  32   1   4   5   7   1   3   5   3   1   2   3   7   5   1   2   3  0.38 0.16
   69 K    0  1  0 -1 -1  0 -1  0  4 -2 -1  1 -1  0  1  0  0 -1  1 -1    6   9   5   3   1   3   4   7  12   3   8   9   1   3   7   6   5   1   5   3  0.12 0.07
   70 T    0 -1  0  0  0  0 -1 -1 -1  0 -1  0  0 -1  0  1  3  0 -1  0    6   3   3   6   2   4   3   5   1   6   6   4   2   2   4  12  19   1   1   8  0.10 0.08
   71 T    0  0 -1 -1 -1  1  0 -1 -1  0  0  1 -1 -1 -1  0  2 -2  0  1    8   4   3   3   1   6   4   5   1   7   9   9   1   2   2   5  19   1   3   9  0.08 0.07
   72 P    0 -1 -1 -1 -2 -1 -1 -2 -1 -2 -2 -1 -2 -2  6  0  0 -2 -2 -1    6   4   3   4   1   3   4   4   1   3   4   4   1   2  37   8   6   1   2   4  0.60 0.20
   73 C    0 -2 -2 -2  9 -1 -2 -1 -2 -2 -2 -2 -2 -2 -1 -1 -1  0 -2 -2    6   3   2   3  43   2   4   6   1   3   5   3   1   2   3   4   4   1   2   3  1.12 0.29
   74 T    0  0  0  1 -1  0  0  0 -1  0 -1  0  0 -1  1  1  1 -1 -1  0    6   4   4   7   1   5   5   7   1   5   7   4   2   3   7  11  10   1   2  10  0.05 0.03
   75 A    1 -1  0  0  1  0  0  1 -1 -1 -1  0  0 -1  0  1  0  0  0  0   15   3   4   5   3   4   4   9   1   4   6   4   3   3   5  12   5   1   3   6  0.05 0.03
   76 I    0  0  0  0  1  0  0  0  0  0  0  0  0  0  1  1  0  0  0  0    8   4   3   4   3   3   7   6   2   5  10   6   2   3   7  10   8   1   3   6  0.03 0.01
   77 W    0  0  0  0  0  0  0  0  0  0  0  0 -1  0  1  0  0  3  0  0    7   4   4   5   2   4   6   7   2   4   8   5   1   4   6   9   7   5   2   7  0.04 0.01
   78 K    0  0  0  1  1  0  0  0  0 -1 -1  0  0 -1  1  0  0 -1 -1 -1    9   5   4   7   3   4   7   8   2   3   7   8   3   3   7   8   6   1   2   5  0.05 0.01
   79 T    0  0  0  0 -1  0  0  0  0  0  0  0  0 -1  1  0  0 -1  0  0    9   4   6   7   1   3   6   9   2   5   9   4   1   3   7   7   6   1   3   7  0.03 0.01
   80 P    0  0  0  0  0  0  0  0  0 -1  0  0  0  0  3  0  0 -1  0 -1    7   4   5   4   3   4   5   6   3   3   8   4   2   5  14   8   6   1   3   5  0.09 0.03
   81 E    0  0  0  0  0  0  0  1  0 -1 -1  0 -1 -1  1  0  0  0 -1 -1    9   5   6   6   2   4   7   9   3   4   7   4   2   3   8   8   4   2   2   5  0.05 0.01
   82 S    0  0  0  1 -1  0  0  0  0  0 -1  0  0 -1  1  0  0  0  0  0    7   5   5   8   2   4   6   8   2   5   7   5   2   3   6   9   8   2   3   7  0.03 0.01
   83 S    0  0  0  0  1  0  0  1  0  0  0  0  0 -1  0  1  0 -1 -1  0    8   5   4   5   4   4   6  10   2   4   9   4   2   3   5  10   7   1   2   5  0.03 0.01
   84 N    0  0  1  1 -1  0  0  1  0 -1 -1  0 -1 -1  1  0  0 -1  0 -1    7   6   7   7   2   4   5  10   3   4   7   4   2   3   8   7   6   1   3   5  0.05 0.01
   85 T    0  0  0  0 -1  0  0  0  0  0  0  0 -1  0  1  1  1  1 -1  0    9   6   4   4   1   5   4   6   2   4   8   5   1   4   7   9   9   2   2   6  0.04 0.02
   86 S    0  0  0  0  0  0  0  0  0  0  0  0  0 -1  1  1  1 -1  0  0   10   5   4   4   3   4   5   7   2   4   9   4   2   3   7   9   8   1   3   6  0.03 0.01
   87 W    0  0  0 -1 -1  0  0  0  0  0  0  0  0  0  1  0  0  2  0  0    8   5   4   3   1   4   6   7   2   4  10   4   2   4   6   7   6   4   3   8  0.02 0.01
   88 Q    1  0  0  0  0  0  0  0  0 -1 -1  0 -1 -1  1  1  0 -1  0 -1   10   4   5   5   2   5   6   9   2   4   6   5   1   3   7  11   7   1   3   5  0.05 0.02
   89 N    0  0  1  1  1  0  0  1  0 -1 -1  0 -1 -1  1  0  0 -1 -1 -1    8   6   7   8   4   4   4  10   3   4   7   5   2   2   7   9   5   1   2   5  0.05 0.02
   90 S    0 -1  1  1  1  0  0  0 -1 -1 -1  0  0 -1  0  1  0 -1 -1  0    9   3   6   9   4   4   5   8   2   4   8   4   2   3   4  10   8   1   2   5  0.04 0.02
   91 S    0  0  0  0 -1  0  0  0  0  0  0  0  0  0  0  0  1 -1  0  0    9   4   4   7   2   3   7   9   2   5   8   4   2   4   5   6  10   1   3   6  0.03 0.01
   92 P    0  0  0  0  1  0  0  0 -1 -1 -1  0 -1 -1  2  1  1  0  0 -1    8   4   5   6   3   3   6   8   2   3   6   5   2   2   9  11  10   1   3   5  0.07 0.03
   93 A    0  0  0  0  1  0  0  0  0  0 -1  0  0 -1  1  0  0  0  0  0    8   5   4   6   4   6   6   9   2   5   6   5   2   2   5   7   6   1   3   9  0.03 0.01
   94 A    1  0  0  1 -1  0  0  1 -1 -1 -1  0 -1 -2  0  0  0 -2 -1  0   16   4   3   8   2   4   7  11   1   4   5   7   2   2   4   7   6   1   1   6  0.07 0.04
   95 A    0 -1  1  2 -2  0  0  1  0 -1 -1  0 -1  0  0  0  0  0 -1 -1    7   3   9  11   1   3   6  12   2   3   7   4   1   4   4   8   5   1   2   6  0.06 0.04
   96 G    0 -1  1  1 -1  0  0  2  0 -1 -1  0 -1  0  0  0  0  0  1 -1    8   3   7   9   2   3   6  15   2   3   5   4   1   4   5   6   5   1   7   5  0.07 0.04
   97 Q    0  1  0  2 -2  1  0  0  0 -1 -1  1 -1 -2  1  1  0 -2 -1 -1    6   7   5  11   1   9   5   6   2   3   5   8   1   2   6   9   6   1   2   5  0.09 0.05
   98 C   -1 -1 -1  0  8 -1 -1  1 -1 -1 -2 -1 -2 -1 -1 -1 -1 -2  0 -1    5   3   3   6  30   2   5  11   2   3   4   3   1   3   3   4   4   1   3   4  0.55 0.21
   99 I   -1  0 -1  0 -1  0 -1 -1  0  1  0  0  1 -1 -1 -1  0 -1  0  2    4   5   2   5   1   3   4   5   3   8   7   5   4   2   3   4   5   1   4  23  0.05 0.06
  100 V   -1 -2 -2 -2 -2 -2 -2 -2 -2  2  1 -2  0  0 -2 -2  0 -1 -1  4    5   2   2   2   1   2   2   3   1  12  15   2   2   4   2   3   5   1   2  34  0.30 0.17
  101 Y   -1  0  0  0 -2  0  0 -1  2 -2 -1  1 -1  0  2  0  0  1  1 -1    5   6   6   4   0   4   5   5   5   2   7   9   2   5  12   8   4   2   5   4  0.10 0.07
  102 I   -2 -2 -3 -3 -2 -2 -3 -2 -2  2  1 -3  0  5  0 -2 -2  6  0  1    4   2   1   2   1   1   2   4   1  12  12   1   2  23   5   2   1  10   3  12  0.46 0.24
  103 L    1 -2 -2 -3 -3 -2 -2  3 -2 -1  2 -3  1  3 -2 -2 -2  1  0 -1   11   2   2   1   0   1   2  26   1   2  21   1   3  14   2   2   2   2   2   3  0.32 0.21
  104 G   -1 -2  0 -1 -3 -3 -2  6 -2 -4 -3 -2  0 -2 -1  0 -1  2 -3 -3    4   2   4   3   0   1   2  54   1   1   3   2   2   2   3   7   3   2   1   2  0.80 0.36
  105 A    0  0  0  0 -2  0 -1  1  0  0  0 -1  0  1 -1  0  0  1  0  0    6   6   3   5   0   3   3  11   3   9   8   3   3   7   1   8   8   2   2   8  0.02 0.04
  106 E    0  0  0  1 -2  1  2 -1  0 -1 -2  0 -1 -1  1  0  1  5  1 -1    6   5   4   6   1   6  14   3   3   4   3   4   1   2   6   8   8   8   5   3  0.16 0.13
  107 I   -1  0 -2 -3 -2 -2 -2 -2 -2  3  0  0  2  1 -1 -1  0  0  0  3    5   7   2   1   1   1   2   3   1  20   7   5   5   5   2   2   5   1   3  22  0.18 0.15
  108 N   -1  0  1  2 -2  0  1 -1  0 -1 -2 -1 -1 -2  1  1  1 -2 -2 -1    5   6   8  16   1   3   9   4   2   3   4   3   1   1   7  12  10   1   1   4  0.16 0.13
  109 T    2 -2  1 -2 -2 -2 -2  1 -2 -1 -2 -2 -1 -3  3  0  2 -3 -1  0   17   2   7   1   0   1   2  12   1   3   3   1   1   1  14   7  16   0   2   9  0.24 0.19
  110 A    2 -2  1  1 -3  0  0  0 -2 -2 -3 -1 -1 -2 -2  2  3 -4 -1 -1   16   1   7   6   0   3   5   7   0   1   1   2   1   1   1  15  24   0   2   5  0.28 0.23
  111 S    2 -3 -2 -3 -3 -1 -2 -2 -2 -2 -2 -2 -2  0 -3  5  1 -2 -2 -1   18   1   1   0   0   2   2   2   0   1   3   1   1   4   1  49   7   0   1   5  0.61 0.40
  112 F   -2 -3 -3 -4 -3 -3 -4 -4 -2  1  2 -4  1  5 -4 -3 -2  3  4  1    3   1   1   1   0   1   0   0   1   9  25   0   4  24   0   1   1   3  15   9  0.59 0.31
  113 A    1 -4 -4 -4 -3 -3 -4 -3 -2  0  0 -4 -1  1 -1  0 -1  8  3  1   11   0   0   0   0   1   0   1   1   6   8   0   1   6   4   9   3  25  11  13  0.75 0.38
  114 M    1 -3 -1 -2 -3 -2 -3  3 -2 -2  2 -3  2  0  0  1  0 -3 -3 -1   10   0   3   1   0   1   1  22   0   1  26   0   6   4   5  12   7   0   0   1  0.25 0.23
  115 Y   -2 -1 -3 -2 -4 -3 -4 -4 -2  1  1 -3  1  3 -5 -3 -1  4  7  0    3   3   1   3   0   1   1   1   0   9  14   1   3   9   0   1   3   4  39   5  0.77 0.40
  116 T    3 -2 -2 -3  1 -2 -3  0 -3  1  0 -3  1 -2 -2  1  2 -2 -3  2   25   1   1   0   3   1   0   7   0   7   9   0   3   1   1  10  14   0   0  16  0.24 0.22
  117 F   -1 -2  3 -2 -2  0 -3 -2 -2  2  1 -2  1  2 -3  0  1 -3  0  1    2   1  18   1   0   4   0   2   1  17  10   1   3   9   0   8   8   0   2  12  0.21 0.20
  118 S    3 -4 -2 -3 -2 -3 -3  3 -4 -4 -3 -3 -2 -3 -3  4  1 -2 -4 -2   23   0   1   0   1   0   0  21   0   0   1   0   1   1   0  39   8   1   0   3  0.70 0.43
  119 V    0 -4 -4 -4 -1 -4 -4 -3 -4  4  2 -4  0  2 -4 -2 -1 -3 -1  2    9   0   0   0   1   0   0   2   0  31  24   0   1  11   0   2   4   0   1  13  0.48 0.28
  120 S    3 -3 -2 -3  1 -2 -3  0 -3 -3 -3 -3 -2 -3 -2  5  1 -4 -2 -2   28   0   1   0   2   1   0   6   0   1   2   0   1   1   1  48   6   0   1   2  0.72 0.43
  121 V    0 -2 -2 -3  0 -2 -3 -2 -2  0  0 -3  2  3 -3  0  1 -2  1  3    8   1   2   0   2   1   1   3   1   3   5   0   7  17   1   7   8   0   4  29  0.26 0.22
  122 L    1 -3 -4 -4 -1 -3 -3 -2 -3  2  3 -3  1  2 -3 -2 -1  0 -1  1   16   0   0   0   1   0   0   3   0  12  37   0   2  12   0   2   2   1   1   8  0.35 0.22
  123 I   -1 -3 -4 -4  1 -3 -4 -3 -4  4  3 -3  1  1 -3 -2 -1 -3 -2  3    5   0   0   0   4   0   0   2   0  25  27   0   2   7   0   3   3   0   0  19  0.42 0.23
  124 Q   -1 -2 -2 -3 -2  6 -1 -3 -2  1 -1 -2  1 -2 -3 -1  0 -4 -3  2    5   0   1   0   1  41   1   1   0  10   6   0   4   1   0   4   4   0   0  18  0.56 0.36
  125 A    4 -3 -3 -3  0 -3 -3 -1 -3  0  0 -3  0  1 -3  0  0 -3 -2  2   44   0   0   0   2   0   0   4   0   5   8   0   3   7   0   3   7   0   0  15  0.40 0.28
  126 I   -1 -4 -4 -4 -1 -3 -4 -3 -4  3  3 -4  1  2 -2 -3 -2  2 -2  3    4   0   0   0   1   0   0   1   0  18  34   0   2  10   1   0   1   3   0  20  0.49 0.26
  127 L    0 -3 -3 -4  0 -3 -3 -2 -3  2  3 -3  1  1 -2 -1  1 -3 -2  2    7   0   0   0   2   0   0   2   0  13  33   0   4   7   1   5   9   0   0  14  0.30 0.20
  128 I    1 -3 -2 -3 -1 -2 -2 -1 -2  0  1 -2  1  3 -1  2  0 -2  1  1   16   0   1   0   1   0   0   3   0   4  15   0   3  15   3  19   5   0   4   9  0.18 0.17
  129 I   -2 -4 -4 -4 -1 -3 -3 -4 -4  3  0 -3 -1 -1  6 -2 -1 -4 -4  1    2   0   0   0   1   0   1   0   0  16  10   0   1   2  47   3   4   0   0   9  1.00 0.41
  130 S   -1 -3 -2 -3  0 -2 -2 -1 -3  2  1 -2  0  1  0  2  1 -1 -1  2    3   0   1   0   2   1   0   4   0  15  15   0   1   8   4  18   8   1   2  14  0.15 0.15
  131 M   -1 -4 -1 -4  1 -3 -4 -4 -4  3  3 -4  3  2 -4 -2 -1  1  0  1    4   0   3   0   3   0   1   1   0  17  33   0   8  10   0   3   3   2   3   9  0.47 0.25
  132 S    0 -4  0  0 -4 -4 -4  6 -4 -5 -5 -4 -4 -5 -4  2  0 -5 -5 -4    7   0   4   4   0   0   1  55   0   0   1   0   0   0   0  18   6   0   0   1  1.08 0.46
  133 G    2 -1  0 -1  1  0 -1  1 -2 -1 -2 -1  0 -3  2  1  0 -3  0 -1   24   3   3   3   4   4   3  11   0   3   3   3   3   0   9  12   4   0   3   4  0.17 0.20
  134 A    0 -1 -3 -3  1 -1 -1 -2  0  2  0 -2  1  1 -1 -1 -1  4  2  1   10   5   0   0   3   3   3   3   3  14   9   0   4   5   3   3   4   7   8  12  0.14 0.17
  135 A    7 -4 -6 -6 -2 -5 -5 -1 -6 -4 -4 -5 -3 -4 -4 -1 -2 -7 -1 -3   78   1   0   0   1   0   0   5   0   1   1   0   1   1   1   4   2   0   2   2  1.64 0.87
  136 D   -4 -7 -2  9 -8 -5 -4 -5 -3 -8 -8 -6 -8 -8 -6 -5 -4 -8 -8 -8    2   0   1  92   0   0   0   1   1   0   0   0   0   0   0   0   1   0   0   0  2.91 1.23
  137 H   -1  2 -1 -2 -1 -1 -3 -4  6 -1 -2 -2 -2  3 -5 -2 -3  2  6 -2    6   9   2   3   1   3   1   1  17   4   4   2   1  11   0   3   2   2  25   3  0.74 0.46
  138 G    1  1 -2 -4  0 -3 -3  4 -1 -2 -3 -1 -2 -3  0  2  1 -5 -3 -3    9   8   1   0   2   1   2  37   1   2   2   4   1   1   4  14   9   0   1   1  0.52 0.37
  139 S    0  1  3 -1 -3 -1 -2  4  0 -4 -3 -1 -3 -4 -1  1  0 -2 -2 -3    8   9  14   3   0   2   1  33   2   1   3   3   0   1   3   9   6   1   1   2  0.46 0.33
  140 Y   -1  3  2 -3 -3 -2 -3 -1  2 -1 -2 -1  0  1 -3  1 -1  6  3 -3    5  17  10   1   0   1   1   5   4   3   4   3   2   6   1   9   4  10  12   1  0.39 0.32
  141 R   -3  6 -2 -3 -7 -2 -4 -1 -2 -6 -5  5 -5 -6 -4 -2 -3 -3 -6 -6    2  45   2   1   0   1   0   5   1   0   1  36   0   0   1   4   1   0   0   0  1.48 0.77
  142 K   -4  3 -3 -5 -6 -2 -2 -4 -2 -4 -3  7 -1 -4  1 -3 -4 -3  0 -5    1  13   1   0   0   1   2   1   1   1   3  58   2   1   7   1   1   0   4   1  1.31 0.72
  143 T   -1  4  0 -3 -3  0 -2 -3 -1 -2 -1  3 -1 -1  0  0  0  6  0 -2    5  23   4   1   0   3   2   2   1   2   6  16   2   2   5   6   5  10   3   2  0.42 0.32
  144 L   -2 -4 -5 -6 -5 -3 -5 -3 -5  2  3 -5  2  5 -6 -3 -3  5  1 -1    3   1   1   0   0   1   0   2   0  12  28   0   6  28   0   2   1   8   5   4  0.89 0.49
  145 L   -3 -5 -6 -6 -2 -5 -6 -6 -5  0  6 -5  4  1 -5 -5 -3 -1 -2  0    2   0   0   0   1   0   0   0   0   4  68   0   9   6   1   0   1   1   1   4  1.32 0.66
  146 V    1  0 -3 -4 -1 -1 -3 -1 -3  3  2 -1  2  2 -4 -2 -1 -1  0  1   11   5   1   0   1   2   0   4   0  16  21   4   5   9   0   2   3   1   3   9  0.23 0.20
  147 S    1 -3 -3 -2 -2 -2 -3  1 -3  2  0 -3 -1  3 -3  0  0  1 -1  2   12   1   1   2   1   1   1  12   0  13   8   0   1  16   1   6   7   2   1  13  0.24 0.22
  148 F   -1 -5 -3 -5  1 -5 -5 -3 -3  0  0 -5 -1  7 -4  0  1  1  0 -3    5   0   1   0   3   0   1   2   1   4   8   1   1  48   1   7  11   2   2   2  1.05 0.56
  149 A    3 -4 -2 -3  4 -2 -3  0 -4 -2 -2 -3 -1 -3 -3  2  4  0 -2 -1   23   0   2   1   7   1   1   6   0   1   4   0   2   1   1  14  28   1   1   5  0.55 0.42
  150 A    0 -4 -2 -2  1 -3 -4 -1 -3  2  2 -4  0  2 -4 -2  0  2  3  2    9   0   2   2   3   0   1   5   0  12  21   1   2   7   0   2   6   3   9  14  0.29 0.23
  151 I    0 -4 -4 -5  0 -3 -4 -2 -5  4  3 -4  3  1 -3 -3  0 -4 -3  2    6   0   0   0   2   1   1   3   0  20  27   0   7   5   2   2   6   0   0  16  0.54 0.34
  152 G    1 -4 -4 -5  5 -5 -4  6 -5 -2 -3 -5 -2 -1 -2 -1 -2  1 -2 -3   10   1   0   0  11   0   1  50   0   3   3   1   1   2   2   5   3   2   1   2  1.01 0.55
  153 S    2 -4 -3 -4  3 -3 -3  0 -4  2 -2 -4 -2 -1 -2  2 -1  4  1  2   19   0   1   0   6   1   1   7   0  12   3   1   1   3   2  15   3   6   4  14  0.36 0.30
  154 I    2 -4 -4 -4  0 -2 -4  0 -4  3  2 -2  0  0 -4 -1  0 -4 -1  2   17   0   0   0   2   2   1   7   0  20  19   2   2   4   0   4   5   0   2  12  0.34 0.26
  155 C    3 -4 -3 -3  4 -3 -4 -1 -2 -1 -1 -2  1  3 -3  2 -1 -4 -1 -1   23   0   1   1  10   1   1   5   1   4   7   2   4  12   1  19   4   0   2   4  0.42 0.33
  156 T    0 -4 -1 -4  5  1 -3  0 -4 -2 -3 -2 -1 -3 -3  1  4 -5  0 -1    9   0   3   0  12   6   2   7   0   2   3   2   2   1   1  11  30   0   3   5  0.55 0.42
  157 M    2 -5 -5 -5  0 -5 -4  0 -5  3  0 -5  6  4 -5  0 -2 -1 -1  0   17   0   0   0   2   0   1   6   0  14  10   0  17  15   0   6   2   1   2   5  0.62 0.42
  158 L    3 -5 -5 -5  1 -3 -5  2 -5  0  3 -3  2  1 -3  0 -3 -1 -1 -1   20   0   0   0   3   1   0  13   0   4  32   2   4   5   1   6   1   1   2   4  0.49 0.37
  159 I   -4 -3 -4 -5 -1 -6 -6 -4 -6  1  4 -4  4  5 -3 -2 -3  4  0 -2    1   1   1   1   1   0   0   1   0   6  33   1  10  25   2   3   1   5   2   3  0.95 0.54
  160 L    0 -4 -5 -4 -1 -5 -4 -1 -4  1  2 -5  1  4 -2 -1 -2  4  3  1    8   1   0   1   1   0   1   5   0   7  19   0   3  17   2   5   3   5  10   9  0.47 0.33
  161 A    1 -4 -5 -4  0 -3 -4  0 -5 -1  1 -3  0  6 -1 -1  0  2  0 -1   14   1   0   1   2   1   1   8   0   3  13   2   2  29   3   4   6   2   2   5  0.52 0.36
  162 V    0 -5 -3 -3  0 -2 -4 -2 -5  2  1 -4 -1  3 -2 -1  0 -2 -1  4    7   0   1   2   2   2   1   3   0  11  14   1   1  11   2   4   6   1   2  29  0.44 0.32
  163 T   -1  0  0  1 -2  0  0  1 -1 -1 -2  0 -2 -3  0  2  3 -2 -1 -2    4   4   5   7   1   4   5  11   1   3   3   5   1   1   6  13  18   1   2   2  0.18 0.21
  164 P    0 -2 -1 -1 -1  0  0  1 -1 -3 -3 -1 -2 -2  5  1 -1 -6 -2 -3    7   2   3   4   1   4   6   9   1   1   3   4   1   2  32  12   3   0   2   2  0.57 0.43
  165 K   -1 -1  0  2 -5  0  0  3  1 -2 -3 -1  0 -3  0  2 -1  1 -2 -3    4   3   4  10   0   4   7  25   3   2   2   4   2   1   4  16   3   2   2   2  0.34 0.30
  166 V    0  0  0  1 -3  2  0 -1  1  0  0  0  1  0 -1  0  0  0  0  0    7   4   6  10   0  10   4   4   4   4  10   6   5   4   3   5   5   2   3   6  0.05 0.09
  167 Y   -3 -3 -3 -7 -6 -2 -4 -3  1  1  0 -6 -2  2 -2 -3 -2  9  5  0    3   1   2   0   0   2   1   3   3   7   8   0   1   7   2   3   3  29  18   7  1.28 0.71
  168 L   -1 -1 -1 -2  0  0 -1 -2  0  1  2 -2  0  1  0 -2 -2  6  1  0    6   3   3   2   2   4   5   4   2   8  17   2   2   5   6   2   3  13   4   8  0.29 0.23
  169 L    0 -3 -3 -3 -1 -2 -3 -3 -2  2  4 -3  2  2 -3 -2  0  3 -1  0    8   2   1   1   1   2   2   2   1   9  35   2   4   7   1   2   6   4   2   7  0.41 0.30
  170 G    4 -3 -2 -1  0 -2 -3  3 -2 -1 -1 -2 -1 -2 -2  0 -1 -4 -3  0   32   1   2   3   2   1   1  24   1   3   6   2   2   2   2   5   4   0   1   6  0.40 0.30
  171 G    2 -2 -2 -2 -2 -1 -2  3 -3  0  1 -2  3 -1 -1  0  0  1 -3  0   15   2   2   1   1   3   1  20   0   5  12   1   9   3   4   6   6   2   0   7  0.20 0.19
  172 L    1 -3 -2 -2  0 -2 -2  0 -3  2  2 -2  0  2 -1 -1 -1  0 -1  1   12   1   1   2   2   1   2   9   0  11  23   1   1   9   3   4   3   1   2  12  0.17 0.17
  173 F   -2 -3 -2 -3 -1 -4 -3 -3 -4  0  4 -3  1  3 -3 -1 -2  0  0  0    4   1   2   1   2   1   2   2   0   5  47   2   3  12   1   4   2   1   3   5  0.56 0.37
  174 A    1 -3 -2 -2 -1 -2 -3 -1 -3 -1  0 -3  0  4 -2  0  0  1  4  1   13   1   2   2   1   2   2   5   0   4   8   1   2  18   1   7   6   2  17   8  0.35 0.27
  175 I    0 -3 -3 -2 -1 -3 -2 -1 -4  5  0 -3  3  0 -2 -2 -1 -2 -2  3    6   1   1   2   1   1   2   4   0  30   8   1   7   4   2   3   3   1   1  19  0.43 0.29
  176 V   -1 -3 -4 -3  1 -3 -2 -1 -4  3  3 -4  1  1  0 -2  0 -1 -2  2    3   1   1   1   3   0   3   4   0  16  29   1   3   6   4   3   6   1   1  14  0.37 0.26
  177 A    3 -4 -3 -4 -1 -4 -4  4 -4 -2 -1 -4  0 -1 -1  2  0 -1 -2 -2   27   1   1   1   1   0   1  26   0   3   5   1   2   3   3  16   6   1   1   2  0.52 0.39
  178 N   -1 -2  4 -1 -1 -1 -2 -1 -3  0  0 -2  0  1 -2  2  0  2  1 -1    5   1  23   2   1   3   2   5   0   5  10   1   2   5   2  14   6   3   6   4  0.25 0.25
  179 T    0 -3 -2 -3  0 -3 -4 -2 -4  3  1 -2  0  1 -3  0  0 -2  0  3    6   1   2   1   2   1   1   3   0  20  13   2   2   6   1   7   7   1   3  22  0.31 0.24
  180 C    1 -3 -2 -3  5 -3 -3  3 -2 -1 -2 -3  0  2 -2  1  0  0 -2 -1   13   1   1   1  14   0   1  20   1   3   4   1   3  11   2  10   7   1   1   4  0.40 0.30
  181 L   -1 -3 -2 -4 -2 -3 -2 -3 -1  0  0 -2  1  5 -3 -2 -1  3  5 -1    6   2   2   1   1   1   2   2   1   5  10   2   3  27   2   3   4   3  18   4  0.62 0.38
  182 G    1 -3  1 -1 -2  0  0  4 -2 -2 -3 -3  0 -1 -3  1 -2  1 -1 -2   10   1   6   2   1   5   5  35   1   2   3   1   3   3   1  12   2   2   2   2  0.45 0.34
  183 A    2 -3 -3 -3  1 -2 -2  1 -3  1  2 -3  2 -1 -2  0  0 -1 -1  1   19   0   1   1   3   1   2  11   0  10  20   0   5   2   1   6   6   1   2   8  0.21 0.21
  184 S    2 -4 -1 -3  1 -2 -3  1 -1 -1 -1 -3  0 -1 -3  3  2 -1 -1  0   14   0   2   1   3   1   1  12   1   3   6   0   2   3   1  28  11   1   2   5  0.33 0.32
  185 F   -2 -2  1 -2 -1  0 -1 -2 -2  1  2 -3  0  4 -4 -1  0  3  2  0    3   2   7   2   1   4   4   3   1   7  18   1   2  20   0   4   7   3   6   5  0.25 0.23
  186 V   -1 -3 -1 -5 -2 -4 -5 -3 -5  1  0 -5  0  2 -3  0  0 -1 -2  5    5   1   3   0   1   0   0   2   0   8   7   0   2   7   1   6   6   1   1  46  0.68 0.46
  187 L    0 -2 -4 -5  3 -3 -4 -3 -4  1  1 -4  1  6 -2 -1 -1  3  1  0    8   2   0   0   7   1   0   2   0   8  11   0   4  31   2   4   4   4   4   7  0.57 0.37
  188 L    0 -2 -1 -4  0 -2 -2 -1  0  1  0 -3  1  3 -2 -1 -2  4  5  0    7   2   3   0   2   2   3   5   2   7  10   1   4  11   2   4   2   5  21   7  0.33 0.27
  189 N    1 -3  4  2 -1 -1 -1  1  0 -1 -1 -2  0 -1 -3  0  0  0  0 -1   13   0  22  11   1   2   3   9   2   4   6   2   3   2   0   7   5   1   3   4  0.22 0.23
  190 S    4 -4  0 -4 -4 -1 -4  1 -1  0 -2 -3 -1  0 -2  2 -1 -5 -1 -1   40   0   5   0   0   2   0   8   1   7   3   0   1   4   2  16   3   0   2   3  0.49 0.42
  191 F    1 -4 -1 -3  0 -1 -4 -1 -1  1  0 -3  0  5 -3 -1 -1  2  5 -1   11   0   3   1   2   3   0   4   1   9   7   1   2  23   1   4   3   3  18   3  0.47 0.34
  192 L   -2 -4 -4 -3 -1 -2 -2 -3 -2  2  3 -3  1  4 -3 -3 -2  4  0 -1    4   0   0   2   1   1   3   2   1  10  34   2   4  17   1   2   2   5   3   4  0.51 0.34
  193 P   -2 -4 -2 -2 -1 -1 -2 -1 -2  0 -2 -3 -2  1  6 -2  0 -1 -2  0    3   1   2   2   2   3   2   6   1   6   4   1   1   6  42   3   5   1   1   8  0.79 0.48
  194 L    0 -1 -1  0  0 -1  0  1 -1  1  0 -1  0 -1 -1  1  0 -3 -1  0    7   4   1   6   2   2   5  13   1  10  11   2   3   3   2  11   4   0   1   9  0.03 0.08
  195 L   -1 -4 -2 -5  0 -4 -4 -3 -2  2  4 -4  0  0 -4 -1 -2 -4  1  0    6   0   2   1   2   0   1   2   1  12  45   1   2   3   1   5   2   0   5   6  0.56 0.38
  196 V    3 -4 -2 -1  0 -3 -3 -1 -4  1 -1 -3  0 -3 -2  0  1 -4 -2  3   29   1   2   4   2   0   1   5   0   7   6   1   2   0   2   6   9   0   1  22  0.39 0.31
  197 R    1  3 -1  0  0 -1 -1 -1  0 -1 -1  0  0  2 -2  0 -1 -3 -1  0   11  22   2   5   2   2   3   4   2   3   6   4   2  10   2   6   4   0   1   7  0.14 0.16
  198 Y    0 -2  3  1 -1 -2  0 -1  2  0 -1 -2  0  3 -1  0 -1 -2  3 -1    8   1  14   8   1   1   6   4   4   5   4   2   2  12   2   7   3   0  11   4  0.19 0.18
  199 H   -1  0  0  0  2  0  0 -1  2  0 -1  0  2  1  0 -1  0  4  1 -1    5   5   5   5   5   5   5   5   5   5   5   5   5   5   5   5   5   5   5   5  0.09 0.08
  200 P    2 -1  0  1 -6 -1  0 -1  1 -1 -2 -1  1  0  3 -1 -1  2  0 -1   15   4   4   6   0   3   6   5   4   4   5   3   3   4  16   5   3   3   3   4  0.20 0.19
  201 S    1  0  0  2 -3  1  1  0  2 -1 -1  0  0  0 -1  1  0 -3  1 -1   10   4   3  11   0   6   9   8   5   4   5   4   3   4   2   9   4   0   4   4  0.09 0.11
  202 L    0 -1 -2  1  0 -1 -1 -4  0  1  2 -2  2  0 -2 -1  0 -4  0  2    7   3   2   8   2   2   4   1   2   6  17   2   6   4   2   4   5   0   4  19  0.16 0.17
  203 L    0  2 -1 -3 -1  1 -1 -2 -1  2  1  0  1 -1  0 -1 -1 -3 -1  1    7  14   4   1   1   7   2   3   2  11  15   7   4   2   4   3   3   0   2  11  0.13 0.15
  204 K    1  0  0  0 -2  1  1  1  1 -1 -2  1 -2  1 -1  1  0  0  0 -1   10   5   4   4   1   5  11   9   3   4   4   8   1   5   3   9   6   1   3   4  0.08 0.08
  205 E    2  1 -2 -1 -2  1 -1 -1 -1  0 -1  1 -1 -2 -1  2 -1  0  1 -1   19   7   2   3   1   6   5   4   1   4   7   7   1   2   3  13   4   1   4   4  0.15 0.15
  206 E    2  2  0 -2 -1  0  2 -2  1  0 -2  2  0 -2 -2  0 -1  0 -1 -2   15  12   5   3   1   3  11   3   3   6   5  10   2   2   2   7   3   1   2   3  0.18 0.15
  207 S    0  2 -1  0 -2  1  2 -1 -1 -2 -2  1 -2 -1 -2  1  0 -1 -2 -2    9  12   3   5   1   5  11   6   2   2   5   9   1   3   2  11   6   1   2   3  0.15 0.15
  208 G    0  0 -1  1 -3  1  1  2 -1 -2 -2  0  1  0  0  0 -1  1 -1 -2    8   6   3   8   1   6  10  15   2   2   4   6   4   4   6   6   4   2   2   3  0.12 0.12
  209 Y    0 -2 -1 -1 -2 -2 -1 -1  1  0  1 -2 -1  3  0 -1 -2  2  4  0    7   3   3   4   1   2   4   5   4   4  15   3   2  10   5   4   3   3  12   6  0.21 0.14
  210 M    1 -1 -2  0 -1  0  1 -1 -2 -1  1  0  0 -2  1 -1  1  0 -1  1   12   4   2   5   1   4   9   4   1   3  13   6   2   2   6   5   8   1   2   9  0.07 0.07
  211 V    1  0 -1  0 -1  0  0 -2 -2  1  0 -1  0  0  0  0  0  1 -1  1   10   4   3   6   1   4   7   3   1  10   9   4   2   3   5   8   6   2   2   8  0.04 0.04
  212 R    0  1 -1  1 -3 -1  0  1 -1 -1  0 -1 -1  0 -1  1 -1 -1 -1 -1    6   8   3   8   0   3   5  12   1   4  11   4   1   5   4  12   3   1   3   4  0.07 0.07
  213 S    1  0  1 -1 -1  0  0  0  0 -1  0  0 -1  0 -1  1  1 -3  0 -1   11   4   8   3   1   3   7   6   2   2   9   6   1   4   3  12   9   0   4   4  0.06 0.09
  214 P    0 -1 -1  0 -1  0  1  0  0  1 -1 -1  0 -1  1  0  0  1  0  1    7   3   3   4   1   3  10   9   2   9   7   4   2   2   8   6   6   2   3   9  0.04 0.06
  215 T    0 -1  0  0 -3  0 -1  0 -1  0  1 -1  0  0  0  0  2 -3  0  0    6   4   5   5   0   3   4   9   2   5  12   3   3   4   5   7  13   0   4   6  0.05 0.08
  216 E    0  0 -1  1  1  1  2 -1  0 -2 -1 -1 -1  0 -1  1 -1  1  1  0    6   5   2  10   3   5  15   5   2   2   6   3   2   4   4  10   3   2   6   6  0.09 0.13
  217 N    0  0  2  2 -1  0  1  0  2 -2 -2 -1 -1 -1 -1  1  0 -4 -1 -1   10   4  12  12   1   4   8   6   5   3   4   3   1   2   3   9   6   0   2   3  0.14 0.15
  218 S    0 -1  0  1 -3  0  2 -1 -3 -1  0 -1  0 -1 -1  2  0  2 -2  0    7   3   4   7   0   4  13   5   0   4   9   3   3   2   3  16   7   3   1   7  0.10 0.14
  219 G    0 -1 -1  1 -3 -1 -1  2  1 -2  0 -2 -1  1 -1  1  0  2  2  0    7   3   2   7   0   2   4  17   3   2   8   2   2   6   3  10   6   3   8   6  0.13 0.13
  220 Q    1  0  0  1 -3  0  1  0  0 -1  0 -1 -1 -1 -1  1  1  2  1 -1   11   5   5   8   0   5   8   6   2   3  10   3   1   3   2   9   7   3   5   4  0.06 0.09
  221 P    1  0  0  0  1 -1 -1 -1  0 -1 -1 -1 -2 -1  3  1  1 -4 -2 -1   10   5   4   4   3   3   4   5   2   3   7   3   1   3  16  11   8   0   1   4  0.17 0.16
  222 I    0  0 -1  1 -3 -2  0  0  0  1  1 -2  0  1 -1  0  0  1 -1  0    7   5   2   8   0   1   5   9   2  11  15   1   2   6   3   7   7   2   2   5  0.06 0.08
  223 A    1 -2 -2  1 -2  0  0  1  0  0  0 -2 -1  0 -2  1  0 -3 -1  0   12   2   1   8   1   5   7   9   2   7  10   2   2   4   2  14   5   0   2   5  0.08 0.11
  224 T    2 -1  0  0 -1 -1  0  0 -1 -1  0 -1 -1 -2  0  1  1 -1  0  0   16   4   5   6   1   3   5   7   1   3   9   2   2   1   4  11   9   1   4   7  0.07 0.10
  225 D    0 -1  0  2 -3  0  0  0 -1  0  0 -1 -1  0  1  1  0  1  0 -1    7   3   4  13   0   3   7   7   2   6  10   3   1   3   6   9   6   2   3   3  0.07 0.08
  226 C    0  0 -1  0  0 -1  1  1  0  0 -1 -1 -1  0  1  1  0 -1 -1  0   10   5   2   6   2   2  10  10   2   5   8   2   2   4   6  10   6   1   2   6  0.05 0.06
  227 F   -1  0 -1  0 -2 -1  0  0  0  0  1 -1  1  2  1  0  0  0  0  0    3   5   2   6   1   3   5   8   3   7  12   3   3  11   7   8   6   1   2   5  0.06 0.08
  228 S    2 -1  1  0 -2 -1  1  1 -2 -1 -1 -1 -1 -2 -1  2  0 -1 -1  0   15   3   5   5   1   3   8   9   1   3   6   4   1   1   2  17   5   1   2   7  0.11 0.13
  229 N    0  1  1  1 -1  0  0  0  0 -1  0 -1 -1 -1  0  1  0 -1  0  0    9   7   6  10   1   3   7   8   2   5   8   3   2   2   4   9   5   1   3   6  0.04 0.05
  230 D    0 -1  0  3 -1 -1  1  1  0  0 -1 -2 -2 -2 -1  0  0 -1 -2  0    8   3   4  19   1   2   9  10   2   6   6   2   1   2   3   6   6   1   1   6  0.15 0.14
  231 D    1 -2  0  2 -2  0  1  1 -1 -1 -1 -1 -1 -1 -1  1  0 -3  1 -1   10   2   5  12   1   4   9  10   1   3   8   2   2   3   3  10   6   0   5   5  0.08 0.09
  232 P    1 -1  0  1 -4  0  0 -1  0  0 -1 -1 -3  1  1  0 -1  3  1 -1   13   4   5   8   0   4   6   4   2   5   6   2   0   7   7   7   4   5   6   5  0.11 0.14
  233 R    0  0 -1  0  0  0  1  0  0 -1  0  0  0  0  0  0  0  2  1 -1    6   7   3   5   2   3  11   7   2   3  10   5   2   5   4   9   4   3   5   5  0.03 0.05
  234 A    0  0  0  0  2  0  0 -1 -2  0 -1  0  1  0  0  0  0  3  1  0    5   5   5   5   5   5   5   5   0   5   5   5   5   5   5   5   5   5   5   5  0.05 0.08
  235 A    1  0 -1  0 -1  0 -1  1 -1 -1  0 -1 -1 -1  1  1  0  2 -1  0   12   5   3   4   1   3   4  10   2   3   9   4   2   3   8  12   5   3   2   7  0.06 0.05
  236 L    0 -1 -1 -1 -2 -1 -1 -1 -1  1  2 -1  0 -1  0  0  0  0  0  0    8   4   3   4   1   2   5   4   2   8  21   3   2   3   6   8   5   1   4   7  0.04 0.05
  237 L    0 -1 -1 -1  0 -1  0 -1 -1  1  2 -2  0  0 -1  0  0  0 -1  1   10   2   3   4   2   2   5   5   1   7  22   2   2   4   3   5   5   1   2  13  0.07 0.07
  238 Q    0  0 -1  0 -1  1  0  0 -1 -1  1  0  0  1  0  1 -1 -2  0 -1    6   6   3   6   1   7   7   7   1   3  14   4   2   8   5  10   3   0   3   5  0.04 0.06
  239 G    0  1  0  0 -2 -1 -1  2 -1  0 -1 -1 -1  0  0  0 -1  0  2  0    9   8   4   5   1   2   4  16   1   5   5   4   2   4   4   7   3   1   9   6  0.08 0.08
  240 D   -1 -2  2  4 -2 -1  0  1 -1 -1  0 -1 -1 -1  0  0 -1 -1 -1 -1    4   2   8  23   1   3   7   9   2   3   8   3   1   3   4   8   4   1   2   5  0.20 0.15
  241 G    1 -1  0  0 -1  0  0  2  0 -1 -1  0  0 -1  0  1  0  1  0 -1   10   3   5   5   1   4   5  15   2   4   6   5   2   3   3  12   4   2   3   5  0.06 0.06
  242 M    1 -1  0 -1 -2  0 -1 -1  0  0  1  0  1  1  0  0  0 -1  1  0   12   3   5   3   0   3   4   5   2   6  15   4   5   6   4   7   5   1   4   8  0.03 0.05
  243 T    0 -1 -1 -1 -1 -1  0  0 -1  1  1 -1  0 -1  0  1  1 -2 -1  0    9   4   2   4   1   3   5   7   1   9  19   4   1   2   4  10   7   0   1   6  0.05 0.07
  244 P    0 -1 -1  0 -1 -1  0  0 -2  0 -1 -1  0 -1  4  1  0 -3 -1  0    8   3   3   5   1   2   6   8   1   5   5   3   2   2  21  10   7   0   2   6  0.23 0.17
  245 E    0  0  0  1  1  0  2 -1  1  0 -1  0 -1 -1  0  0 -1 -1  0 -1    9   6   4   6   3   3  18   5   3   5   5   4   2   3   5   6   3   1   3   5  0.08 0.08
  246 D    0 -1  0  2 -1  0  1  0 -2  1  0  0  0 -1  0  0 -1 -1  0  0   10   3   3  11   1   5  11   7   1   9   7   4   3   3   4   5   4   1   3   6  0.05 0.06
  247 T    1 -1  0 -1 -2  0  1 -1  0 -1  0 -1  0  0  0 -1  1  1  1  0   12   4   4   3   1   4  13   4   2   4  12   4   2   3   4   4   8   2   5   6  0.05 0.07
  248 R    1  2 -1 -1 -1  0  0  0  1  0  0  0  0 -1  0  0  0 -2  2 -1   11  12   2   2   1   3   6   9   4   5   8   4   2   2   4   5   6   0   9   4  0.07 0.08
  249 E    0 -1  0  2 -1  1  2  0  1 -1 -1  0  0 -1  0  0  0  0  0 -1    7   3   4  10   1   5  17   6   4   4   5   6   3   3   4   6   4   1   3   4  0.10 0.09
  250 F    0  0  0  0 -2  0  0  0  0  0  0  0  0  0 -1  0  1  0  0  0   11   7   4   5   0   3   7   7   2   6  11   4   1   4   3   5   9   1   4   5  0.02 0.03
  251 I    0 -1 -1 -1 -1 -1  0  0 -1  1  1  0  0  0 -1  0  0 -2  1  1    9   3   3   3   1   2   5   8   1   7  16   5   2   5   3   5   7   0   5  10  0.02 0.03
  252 S    0  0  0  1  0  0  0  1  0 -1  0  0  0  0  0  1  0 -1  0 -1    9   5   3   7   2   4   7  10   2   3  10   5   3   4   4  11   4   1   3   4  0.03 0.03
  253 S    0 -1 -1  1 -1 -1  1  0  0 -1 -1 -1  0 -1 -1  2  0  1  0  0    9   4   3   8   1   2   9   7   2   4   7   3   2   3   2  18   4   2   4   6  0.07 0.09
  254 S    0  0  0  0 -2  0  1  0  0 -1  1  0  1 -1 -1  0  0  1  0  0    9   5   4   5   1   4  10   6   3   2  14   5   5   2   2   7   6   2   3   7  0.03 0.04
  255 N    0  0  0  0 -2  0  0  1  1  0  0  0 -1 -1 -1  0  0  0  1  0   10   5   3   4   0   5   8  13   4   5   9   5   1   2   3   6   4   1   6   6  0.04 0.04
  256 T   -1  2 -1  0 -1 -1  0 -1  0  0  1  0  0  0 -1  1  1 -1  0  0    5  14   3   5   1   2   6   3   2   5  13   4   2   4   3  12   8   1   3   6  0.06 0.08
  257 S    2 -1  0  0 -2 -1 -1  0 -1 -1  0  0 -1 -2  0  2  0 -3 -1 -1   18   2   5   5   1   2   3   6   2   4  10   5   1   2   4  20   5   0   2   3  0.14 0.15
  258 K    0  0 -1 -1 -2  0  0 -1  0  0  1  0  0  0  0  0  0  1  0  0    9   5   2   2   0   4   6   5   2   4  14   8   3   5   5   6   8   2   2   7  0.02 0.03
  259 E    0  0  0  0 -2  0  2  1 -1  0  1 -1  0 -2 -1 -1 -1  0  0  0    7   5   4   5   0   3  16  10   1   7  14   3   2   1   2   4   3   1   3   7  0.05 0.08
  260 L    0 -1  0  0 -2  0  0 -1 -1  0  1  0  1  1  0  1  0  0  2  0    6   2   3   4   0   4   8   4   1   4  13   5   3   5   4  13   4   1   7   7  0.04 0.07
  261 T    1  1  2  0 -2  1  1  0 -1 -1 -1  0  0 -2 -1  0  1 -1 -1 -1   11   7  12   4   0   9   8   5   1   5   7   6   3   2   2   6   8   1   2   3  0.08 0.10
  262 I   -1  0 -2 -1 -1 -1 -1 -1 -1  2  2 -1  1  0 -1 -1  0 -1  0  1    4   6   1   3   1   2   4   4   2  15  19   3   4   4   3   3   4   1   4  13  0.10 0.11
  263 S    1  0 -1 -2  2 -1 -1  1 -1  0 -1 -2  3 -1  0  2  0  1  0 -1   10   4   2   1   4   2   3   9   1   5   5   2  10   2   4  20   6   2   4   3  0.14 0.18
  264 T    0 -3  3  2 -1 -2 -2  1 -1 -2 -2 -3 -3  0 -1  1  2  0  1 -1    6   1  18  11   1   0   2  11   1   2   4   1   0   5   2  12  12   1   6   4  0.26 0.25
  265 R   -1  4  1 -1 -4  1  0 -2  1  0 -1  1  0 -1 -2 -1 -1  0  0 -1    4  26   6   3   0   6   5   3   3   5   7  10   3   3   2   4   3   1   3   4  0.23 0.21
  266 I   -1 -5 -5 -3 -4 -4 -4 -1 -1  5  2 -5  1  1 -3 -4 -2  3 -2  3    4   0   0   1   0   0   1   5   1  32  19   0   4   5   1   1   2   4   1  17  0.62 0.40
  267 S   -1 -4 -1 -4  0 -1 -4  0 -5 -3 -2 -3 -5 -2 -5  6 -2 -6 -3 -1    4   1   3   1   2   2   1   8   0   2   4   1   0   2   0  61   2   0   1   5  1.03 0.69
  268 S    2 -3  2 -2 -1 -1 -3  3 -2 -2 -2 -2 -3 -2 -2  2  0 -5 -2 -2   18   1  10   1   1   3   1  25   1   3   3   2   1   2   2  18   5   0   2   3  0.38 0.33
  269 Y   -1  1 -1 -3 -2  0 -2 -2  1  1  1  0  1  1 -2 -2  0  4  2  1    5   9   4   1   1   3   1   2   3  11  11   6   3   6   1   2   6   7   7  10  0.15 0.16
  270 G    1 -4 -2 -3  1 -4 -4  5  0 -4 -1 -4 -1 -2  0  1 -3 -2 -2 -2   12   1   1   1   3   0   1  47   2   1   6   1   2   2   4  11   1   1   2   3  0.73 0.47
  271 I   -2 -4 -3 -4 -3 -3 -3 -4 -2  1  0 -4  1  5 -4 -1 -2  8  2  1    4   1   1   1   0   1   2   1   1   7   8   1   4  27   1   4   3  19   7   8  0.91 0.50
  272 G    4 -3 -1 -3 -1 -2 -2  2 -3 -1 -2 -3  0 -1 -3  1  0  0 -2  0   39   0   2   0   1   1   1  17   0   4   4   1   2   3   0   8   5   1   1   7  0.41 0.35
  273 I   -1 -4 -2 -3 -1 -3 -4 -3 -2  3  2 -3  2  1 -4 -1  0  5  1  1    6   0   1   1   1   0   0   1   1  17  20   1   6   6   0   4   5   9   5  11  0.38 0.27
  274 G   -1 -4  1 -3  1 -1 -4  6 -4 -2 -3 -4 -1 -2 -4  0 -3 -1 -2 -2    5   0   6   1   3   3   1  59   0   3   2   1   1   2   0   5   1   1   1   2  0.98 0.52
  275 Y   -3 -4  0 -4  2 -3 -4 -3  0 -1  0 -4 -2  3 -3 -1 -2  1  7 -1    1   0   6   1   4   1   1   2   2   4   7   1   1   9   1   5   2   1  46   5  1.01 0.55
  276 I    1 -3 -3 -2  0 -3 -3  0 -4  3  2 -3  1  1 -2 -2 -1  2 -2  2   11   0   0   2   2   0   1   7   0  20  19   1   4   7   1   3   4   3   0  14  0.28 0.22
  277 G    2 -4 -2 -2 -1 -4 -4  5 -4 -2 -3 -3 -1 -1 -2  1 -2 -4 -2 -1   16   1   2   2   1   0   1  48   0   2   3   1   2   3   2   9   2   0   1   4  0.75 0.45
  278 A    2 -2 -2 -1  0 -2 -2  4 -4 -2 -3 -3 -1 -2 -2  2  0 -4 -2 -2   18   2   1   3   2   1   3  34   0   2   2   1   1   2   2  14   6   0   1   3  0.48 0.35
  279 V   -1 -3 -2 -1  1 -3 -2  0 -1  3  2 -2  1  0 -3 -2  0  1 -2  2    5   0   2   3   3   0   2   7   2  18  23   3   3   3   0   3   5   2   0  16  0.23 0.21
  280 F    0 -3 -2 -1  0 -2 -2 -1 -1  3  2 -2  0  2 -2 -2 -1  2 -1  2    6   0   2   4   2   2   2   5   2  17  20   2   2   8   2   3   3   3   2  12  0.18 0.17
  281 L    1 -3 -1 -3  3 -1 -3  0  0  1  1 -3  1  0  0  0  0  1 -2  1   11   0   3   0   6   3   0   6   3   9  17   0   4   3   6   6   7   2   0  13  0.13 0.16
  282 Q   -1 -3 -1 -1  1  0 -1 -2  0  1  3 -1  1  1 -1  0 -1  2  0  0    4   0   3   3   3   6   3   3   3   6  30   3   4   6   3   6   4   3   3   4  0.16 0.18
  283 G    0  0  0 -2  2 -2 -2  0 -2  0  0  0  1  1  1  0  0  4  1  0    6   6   6   0   6   0   0   6   0   6   6   6   6   6   6   6   6   6   6   6  0.09 0.13
  284 I    0 -5 -5 -5 -2 -4 -5 -3 -5  4  3 -5  1  1 -2 -2 -2 -5 -4  3    7   0   0   1   1   1   1   3   0  25  27   0   3   6   2   3   2   0   0  17  0.71 0.40
  285 C    2 -3  2 -3  5 -2 -4  0 -2  1 -1 -3  0 -1 -3  2 -1 -3 -2  1   17   1   9   1  12   1   1   7   1   7   7   1   2   2   1  16   4   0   1   9  0.37 0.28
  286 I   -1 -4 -4 -5 -3 -2 -4 -3 -3  3  4 -4  0  2 -4 -3 -2 -3  1  1    6   1   1   1   1   2   1   2   1  16  39   1   2   9   1   2   3   0   4   8  0.66 0.38
  287 L    1 -3 -3 -3 -1 -3 -4  1  0  1  2 -4 -1  1  2 -1 -2  1 -1  2   11   1   1   1   1   1   1  11   2   9  19   1   1   6  10   4   2   2   2  14  0.25 0.21
  288 V   -1 -4 -4 -3 -1 -4 -4 -1 -3  3  2 -4  4  2  0 -2 -1  0 -1  2    5   1   1   2   1   0   1   5   1  15  22   1   9   9   5   3   4   1   2  11  0.40 0.27
  289 I   -3 -5 -3 -2 -3 -4 -5 -2 -4  3  3 -4  0  3 -2 -2 -1  1 -1  2    2   0   1   3   0   1   0   3   0  16  26   1   2  13   2   4   4   2   2  15  0.51 0.31
  290 V    0 -1 -1 -1 -3  0 -1 -1 -1  1  1 -1  1  1 -2  0  1  0  0  1    8   3   3   3   0   4   3   4   1  11  15   4   4   7   2   6   8   1   3  10  0.06 0.08
  291 Q    1 -1  0 -2 -3  0 -1  1 -1 -1  1  1  0  2  0  0 -1  2 -1 -1   11   3   4   2   0   5   3  12   1   2  13   9   2   8   5   8   4   3   2   4  0.08 0.10
  292 T    0 -2  0  0 -2 -2 -2  1  0  0  1 -1  2  0  3  0  1 -1 -1 -1    8   2   5   6   1   1   2  10   3   5  13   4   5   5  14   5   8   1   2   3  0.13 0.13
  293 R    0  1  0  2 -4  0  2  1  1 -2 -2  0 -1 -1  1  0 -1 -1 -1 -2    8   8   4  10   0   5  14   9   4   2   3   6   1   3   8   6   4   1   2   2  0.17 0.15
  294 Q   -1 -1  2  2 -4  1  1  1  0 -2 -3  0 -2 -2  0  1  1  2 -2 -1    5   3  10  11   0   6  10   9   2   2   2   6   1   2   5  11   7   3   1   4  0.18 0.17
  295 T    0 -1  3  1 -2  0 -1 -1 -1 -1 -1 -1  0  0  1  1  2 -2  0 -2    8   2  13   6   1   4   4   5   2   3   6   3   2   5   8  12  11   1   3   2  0.14 0.15
  296 T    0 -1  0 -1 -3 -1  0  1  0  0  0 -1  0  0  1  0  2  1  0 -1    8   3   6   3   0   2   5  12   3   5   8   3   3   4   8   5  13   2   3   4  0.07 0.09
  297 F    0 -1 -2 -1 -1  0 -1 -2 -1  0  1 -1  1  3 -2 -1 -1  5  2 -1    8   3   2   3   1   3   5   3   1   5  18   3   3  15   2   3   5   7   6   3  0.20 0.17
  298 S    2 -1  1 -2 -1 -2 -2  2 -1 -2 -2 -2 -1 -2  0  2  0 -1 -1 -1   20   2   7   2   1   1   2  18   1   3   3   1   2   1   5  16   5   1   3   4  0.24 0.22
  299 L   -1 -1  0 -2 -1 -2 -2 -2 -2  2  2 -3  3  1 -1 -2  0  1  2  2    4   3   4   2   1   1   1   2   1  10  24   1   8   6   2   2   5   2   7  14  0.22 0.20
  300 R   -1  5  1 -2 -2  2 -2  0 -1 -3 -3  1 -2 -3 -1  1 -2 -1 -2 -2    3  35   5   1   1  11   1   7   1   1   3   8   1   1   3   9   2   1   1   2  0.51 0.37
  301 L    1 -2 -2 -3 -1 -2 -2 -2  0  2  1 -2  0  1 -2 -2 -1  3  1  2   13   1   1   1   1   1   1   2   2  16  15   3   2   5   2   2   2   5   5  18  0.21 0.19
  302 V    2 -3 -1 -2  2 -2 -2 -1 -3  1  0 -2  0 -2  0  2  2  0 -1  1   20   0   1   1   4   0   0   5   0   7   6   0   2   1   3  16  15   2   2  12  0.20 0.22
  303 L   -1 -3 -2 -3  1 -3 -3  0  0  2  1 -3  2  4 -1 -1 -1  1  0  1    5   0   2   0   3   0   0   7   3  13  16   0   7  20   3   6   4   2   1   7  0.23 0.22
  304 F    2 -2 -3 -3  0 -2 -3  1  0  0  1 -2  0  1  2 -1 -1  2 -1  1   18   1   0   0   2   0   0  10   3   5  18   1   2   7  10   3   2   3   1  12  0.16 0.18
  305 L   -1 -2 -1 -1 -1 -2 -2 -2 -3  2  2 -3  1  3  0 -1 -1  4  0  1    4   2   4   3   1   0   3   3   0  15  20   0   3  13   5   4   3   5   3   7  0.17 0.17
  306 I    1 -3  0 -2  2 -1 -2 -1 -3  0 -1 -2  0  1 -2  1  2  0 -2  2   14   0   5   2   5   1   0   4   0   6   3   0   3   8   2  10  17   1   0  15  0.14 0.21
  307 G    3 -2 -1 -3  0 -2 -3  3 -3 -1 -2 -2 -1 -1 -1  0  0 -3 -1 -1   30   2   3   0   2   0   0  28   0   4   3   0   2   3   2   7   6   0   2   4  0.37 0.29
  308 L    1 -3 -3 -1  0 -1 -3  1 -3  2  2 -2  0  0 -3 -1  0  1 -1  2   13   0   0   3   2   2   0  11   0  15  19   0   2   3   0   4   5   2   2  15  0.13 0.17
  309 W   -1 -3 -3 -4  1 -1 -3 -2  1  1 -1 -1  1  2  0  0 -1  8  2 -1    5   0   0   0   3   3   0   4   4   8   5   3   4   8   4   7   4  24   6   4  0.60 0.37
  310 W   -1 -1  0 -1  1 -3 -3 -1 -3  0  0 -3  1  3 -4 -1  0  7  3  0    4   4   5   4   3   0   0   5   0   5   7   0   3  15   0   5   6  19   8   6  0.47 0.31
  311 F    1 -3 -3 -4  0 -3 -3  1 -3  1  3 -3  1  2 -3 -1  0  1  0  1   14   0   0   0   2   0   0  10   0  10  30   0   4   9   0   5   4   2   2   8  0.23 0.21
  312 I    0 -2 -3 -3  1 -1 -3 -1  0  2  2 -1  1  1 -3  0  0 -3 -2  2    9   0   0   0   4   3   0   6   3  13  19   3   4   6   0   6   4   0   0  19  0.15 0.16
  313 F   -1 -3 -1 -4  1 -3 -3  0 -3 -1  0 -2  0  5 -4  0 -1  5  1 -1    5   0   3   0   3   0   0   9   0   2   9   3   2  34   0   6   3   8   3   4  0.45 0.32
  314 T    0 -2  1  0  2  0 -2  0 -2  0  0 -2  1 -2  1  0  0  4  1  0    7   0   7   7   6   7   0   7   0   7   7   0   6   0   7   7   7   6   6   7  0.11 0.15
  315 I   -2 -3 -5 -5  0  1 -3 -3 -2  4  3 -4  1  0 -3 -2 -1  4 -1  1    3   1   0   0   2   7   1   2   1  22  29   0   3   3   1   3   4   5   1   9  0.47 0.35
  316 P   -1 -3 -6 -5 -6 -5 -5 -3 -1  2 -2 -5 -1  0  7 -5 -2  2  1  1    4   2   0   0   0   0   0   2   1   9   5   0   1   4  51   0   2   3   5   8  1.25 0.69
  317 A    1 -4 -3 -4  1 -3 -3 -2 -1  0  1 -2  1  1  1  1  3  4  0  0   13   0   0   0   4   0   0   3   2   4  14   2   4   5   8  10  18   6   2   5  0.27 0.27
  318 A    0 -2 -1 -3 -1 -3 -3 -3 -1  1  1 -4  1  6 -5 -2 -2  4  1 -1    9   2   3   2   1   1   1   2   2   8  16   0   4  33   0   2   2   5   4   5  0.60 0.39
  319 F   -1  2 -1 -3 -1 -2 -3 -3 -1  1  1  1  1  2 -1 -1 -1  1  2  0    5  13   3   0   1   0   0   2   1   9  16  11   3   9   3   3   2   2   7   8  0.15 0.19
  320 W   -2  1  0 -3 -1 -2 -3  0  0 -1  1 -2  0  3 -3 -2 -2  8  3 -1    2   9   5   1   1   1   1   7   2   3  13   2   2  13   2   2   2  19   8   4  0.58 0.37
  321 L   -3 -4 -2 -4 -2 -1 -1 -4 -2  0  4 -4  2 -1 -4 -3 -1 -1  0  3    2   1   2   1   1   3   4   1   1   4  45   0   4   2   1   2   3   1   4  19  0.60 0.42
  322 R   -2  4 -2 -2 -5  1 -2 -2  1 -5 -3  4 -4 -5  4 -2 -2 -5 -3 -3    2  21   1   3   0   6   2   3   3   0   3  26   0   0  21   2   2   0   1   1  0.75 0.50
  323 P   -1  0  1  2 -4  2  3 -2  0 -3 -3  1 -3 -2  2 -1 -1 -4 -2 -1    5   5   5  12   0  10  22   3   2   1   3   7   0   2  10   5   4   0   1   4  0.32 0.27
  324 R   -2  6 -1 -2 -2 -1 -1 -2  0 -2 -2  1 -2 -3  1 -1 -1 -4 -1  0    3  42   3   3   1   2   3   3   2   2   3   7   1   1   6   4   4   0   2   7  0.63 0.41
  325 P    0  0 -1 -1 -2 -1  0 -2  1 -2 -3  0 -2 -3  6  0  0 -4 -1 -1    7   5   3   4   1   2   5   3   3   2   2   7   1   1  35   5   5   0   3   4  0.56 0.36
  326 G    0  0 -1 -1 -2  0 -1  3  0 -1 -2  0 -2 -1  1  0 -1 -3  0 -1    9   6   3   3   1   3   4  26   3   3   4   5   1   3   8   7   3   0   3   4  0.22 0.16
  327 P    0  0  0 -1 -3  1 -1 -1  0 -1 -1  0 -2 -2  5  0 -1 -2 -3 -1    7   5   4   4   1   6   4   4   2   3   6   7   1   2  26   7   4   1   1   5  0.35 0.22
  328 P    0  0 -1  0 -3  0  0 -1  1 -1 -1  0 -1 -1  4  0  0 -1 -1 -1    7   5   3   5   1   4   7   6   3   3   5   6   2   2  24   6   5   1   2   4  0.27 0.18
  329 L    0  0 -1  0 -1  0  0  0  0  0  1  0  0  0  1  0  0  0  0  0    7   5   3   4   1   4   5   7   2   4  19   6   3   4   6   6   5   1   2   5  0.02 0.03
  330 L   -1  0 -1 -1 -2 -1  0 -1  0  0  0 -1 -1 -1  5  0 -1 -2 -2  0    6   5   3   4   1   3   6   4   2   6   9   4   1   3  25   6   4   1   1   6  0.28 0.17
  331 R    0  2  0  0 -2  0  1 -1 -1 -2 -1  2 -1 -2  2  0  0  0 -1 -1    7  13   4   5   1   3   8   6   1   3   5  13   1   2  10   7   6   2   2   3  0.13 0.10
  332 A    0  1  0  0 -1  0  0  2  0 -1 -1  0 -1 -2  1  1  0 -1 -1 -1    9   7   5   4   1   3   4  15   2   3   7   4   2   2   7   9   7   1   2   5  0.07 0.06
  333 Q    0  0  0  0 -2  1  1  0  0 -1 -2  1 -1 -2  2  0  0 -1 -1 -1    8   6   4   6   1   6  10   8   2   3   4   8   2   2   9   7   7   1   2   5  0.10 0.08
  334 D    0  1  1  1 -1  0  0  0  0 -1 -1  0 -1 -1  0  0  0 -1 -1 -1    8   7   6   8   1   4   7   8   3   4   6   7   1   4   5   7   7   1   2   4  0.05 0.03
  335 G    0  0 -1  0 -2  0  0  2  0 -1 -1  0 -1 -1  1  0  0  0 -1 -1    9   6   3   5   1   4   5  16   3   3   5   5   2   4   6   9   6   2   2   5  0.07 0.05
  336 K    0  2  0 -1 -1  1  1  0  0 -1 -1  2 -2 -1  1  0  0 -2 -1 -1    9  10   6   3   2   5   8   7   2   4   5  14   1   2   6   5   4   0   2   5  0.09 0.08
  337 A    1  1  0  0 -1  0  0  0  0 -1 -1  0 -1 -1  1  1  0 -2 -1  0   10   9   4   4   1   4   7   9   2   4   6   6   1   2   6  11   6   0   3   7  0.05 0.04
  338 Y    0  1  0  0 -1  0  0  0  0  0  0  0  0  0  0  0  0  2  1  0    7   9   4   5   1   3   5   9   2   5   8   6   2   4   3   6   5   3   5   7  0.02 0.01
  339 Q    0  1  0 -1 -1  1  1 -1  0 -1  0  1  0 -1  2  0  0  1 -2 -1    9  10   3   3   1   5   8   5   2   4   8   7   2   3  11   5   5   2   1   5  0.08 0.07
  340 S    0  0  0  0 -2  0  0  1 -1 -1 -1  0 -1 -1  2  2  0 -1 -1 -1    8   5   4   5   1   3   6   9   1   3   5   6   1   3   9  16   6   1   2   5  0.10 0.09
  341 W    0 -1  0 -1 -1 -1 -1  1 -1  0  0 -1  0  1 -1  0  0  4 -1  0    5   4   5   3   1   2   4  12   1   7  12   4   2   5   3   9   4   6   2   6  0.05 0.06
  342 L    0  0 -1 -1 -1  0  0  0  0  0  0  0  0  0  1  0  0  1  0  0    6   6   2   2   1   3   5   9   3   5  12   6   3   4   6   6   6   2   3   7  0.02 0.02
  343 G    0  1  2  0 -1  0  0  1  1 -1 -2  0 -1 -1 -1  1  0 -1 -1 -1    8   9  11   4   1   3   4  11   3   3   4   6   1   2   3  12   6   1   1   4  0.09 0.09
  344 Y    1  0 -1 -2 -3 -1 -1 -2 -1  0  0 -1  1  0  0 -1  0  3  3  0   12   4   3   2   0   3   4   3   1   6  11   2   3   4   4   5   5   5  13   7  0.11 0.14
  345 M    0 -2 -4 -3 -1 -2 -3 -2 -4  3  2 -2  1  2 -1 -2 -1  2 -1  2    8   3   0   1   1   1   2   3   0  18  21   3   3   8   3   3   3   3   1  14  0.28 0.23
  346 A    1  3 -2 -3 -1 -1 -1  0 -1 -1  0  1 -1 -1 -2  1  1  0 -2  0   12  16   1   0   1   2   3   6   1   4   8  11   1   3   1   9  11   2   1   5  0.13 0.18
  347 Y    0  0  0  0 -3  0  1 -1  1  0 -1  0 -1  0 -1  1  0  0  1 -1   10   5   5   5   0   4   8   5   5   5   7   6   1   5   1  10   3   1   6   5  0.03 0.06
  348 A    2 -2 -3 -2 -1 -1 -3  4 -4 -3 -3 -2 -1 -1  0  3 -1 -5 -1 -2   14   2   0   2   1   3   2  31   0   1   3   2   2   2   5  21   4   0   2   3  0.49 0.38
  349 W   -2 -2 -3 -3  0 -5 -3 -3 -1  0  1 -3  1  4 -2 -3 -2  8  3  0    4   2   2   2   2   0   2   2   1   5  14   2   4  18   2   2   2  19   9   6  0.76 0.44
  350 K    0  3  0 -1 -4  0 -1  0  1 -1 -2  3 -1 -2 -2  0  0  1 -1 -2    7  20   4   2   0   3   4   7   4   4   3  19   2   2   2   7   5   2   2   3  0.26 0.24
  351 S    0  2  1  0  1  2  1 -1  2 -1 -2  1  0 -3 -1  0 -1 -4  0 -1    6  15   6   4   3  13   8   4   5   3   3   8   3   0   3   6   4   0   3   4  0.17 0.17
  352 L   -1 -3 -1 -4 -3  0 -1 -4 -3  1  3 -3  2  1 -1 -1  1 -3  1  1    5   0   4   0   0   4   4   0   0   7  30   0   6   6   4   4   8   0   5  11  0.24 0.24
  353 G    0  2 -3 -4 -1 -2 -3  1 -2  0 -1  1 -1  2 -4 -2 -2  6  2 -1   10  10   1   1   2   1   1  11   1   6   7  11   1   9   1   2   2  13   6   5  0.38 0.28
  354 R    0  3  1  0 -3  2  1 -1  3 -3 -2  2 -2 -3 -3  0 -1 -4 -2 -2    6  15   6   6   0  10   8   5   6   1   4  14   1   1   1   8   3   0   1   3  0.27 0.22
  355 T    1 -4 -3 -3 -4 -3 -4 -3 -5 -2 -1 -3  1 -4 -4  0  6 -6 -5  1   12   1   1   1   0   1   1   2   0   2   5   1   3   1   1   7  52   0   0  10  1.01 0.60
  356 A   -1 -4 -5 -6  0 -5 -5 -3 -5  2  4 -4  0  5 -4 -4 -2  5 -1  0    6   1   0   0   2   0   0   2   0  12  34   1   1  21   1   1   3   7   1   7  0.74 0.41
  357 M   -1  5 -2 -3 -2  0 -2 -2  0 -1 -2  4 -2 -3 -4 -1 -1 -3 -2 -2    4  30   2   1   1   4   2   4   2   4   4  26   1   1   0   5   4   0   2   3  0.62 0.39
  358 R   -1  1  1  1 -3  2  3 -2  3 -3 -2  1 -2 -3 -4  1  0 -5 -1 -3    4   9   7   7   0  11  19   2   7   1   4   7   1   1   0  12   5   0   2   2  0.33 0.26
  359 T    2 -3 -4 -5  0 -4 -4 -3 -5  4  3 -4  2  0 -5 -3 -2  2 -1  2   15   2   1   0   2   1   1   2   0  23  25   0   5   3   0   2   2   3   2  13  0.54 0.33
  360 R   -2  6 -2 -4 -2 -1 -3 -2  1 -3 -2  3  0 -1  0 -1 -2  3 -2 -3    3  38   1   1   1   2   1   4   3   1   4  18   2   3   4   4   2   4   1   2  0.72 0.43
  361 H   -1  4  0 -1 -3  3  0 -1  3 -4 -3  3 -3 -5 -3  0 -1 -2 -2 -4    5  19   4   3   0  13   6   4   6   1   3  20   1   0   1   7   3   1   1   1  0.49 0.33
  362 L   -3  0  1 -2 -2 -1 -2 -3  3 -1  3 -3  1  2 -4 -2 -2 -3  5 -2    1   5   8   3   1   2   3   1   7   3  27   1   4   9   1   2   2   0  19   1  0.46 0.32
  363 K   -2  4 -2 -3 -5 -1 -2 -3  0 -3 -4  4 -4 -4  5  0 -2  0 -3 -4    3  20   2   1   0   2   1   2   3   2   1  23   0   1  27   6   3   2   1   1  0.80 0.46
  364 D   -1  0  3  2  0  3  1  0  2 -3 -3 -1 -1 -3 -1  0 -1 -1 -1 -2    3   4  15  13   2  16  10   7   6   1   2   2   2   1   3   5   3   1   2   3  0.30 0.24
  365 I   -1 -2 -4 -4 -1 -4 -4 -4  0  2  3 -3  2  0 -3 -2  3 -4 -2  1    5   2   0   0   1   0   0   1   2  13  33   1   5   4   1   2  19   0   1  10  0.48 0.32
  366 L    0  1 -3 -4 -2 -2 -3 -1 -2  0  1  0  2  5 -3 -1 -1  1  0  0    8  10   1   0   1   1   1   4   1   3  16   7   5  27   1   3   3   2   1   5  0.32 0.24
  367 L   -2  4 -1 -3 -1 -1 -2 -2 -2  1  1  1  0  1 -3 -2 -1  3  0  0    2  25   3   0   1   3   0   2   1   8  17  10   1   5   1   1   4   5   3   6  0.27 0.22
  368 F   -3 -2 -5 -6 -2 -5 -5 -5 -3 -2  0 -5 -1  8 -6 -5 -5  0  5 -3    2   2   0   0   1   0   0   0   0   1   6   0   2  58   0   0   0   1  21   2  1.68 0.66
  369 L   -2 -4 -5 -5  0 -4 -5 -5 -5  0  6 -5  2  1 -5 -4 -2 -4 -3 -1    2   0   0   0   2   0   0   1   0   4  72   0   5   6   0   1   2   0   0   3  1.14 0.51
  370 A    0 -2 -3 -4 -1 -3 -3 -1 -4  3  3 -3  1  1 -2 -2 -1  0 -1  2    9   2   1   0   1   0   0   4   0  22  27   0   2   5   2   2   3   1   1  15  0.32 0.22
  371 S    5 -2 -2 -3  2 -3 -3  2 -4 -1 -3 -3 -1  0 -3  2 -1 -4 -3 -1   46   2   2   0   5   0   0  12   0   3   2   0   1   4   0  14   3   0   0   4  0.58 0.38
  372 W   -2  1 -2 -3 -1 -2 -4 -3  0 -2 -1 -2  0  4 -4 -2 -2  7  5 -2    3   9   2   1   1   1   1   1   2   2   6   2   2  20   0   4   2  15  25   2  0.83 0.41
  373 F    0 -4 -4 -5 -1 -4 -4 -2 -4  0  1 -4  3  6 -4 -3 -1  4  1 -1    7   0   0   0   2   0   0   3   0   5  12   0   7  44   0   1   5   5   3   4  0.83 0.42
  374 L   -1 -4 -4 -4  1 -4 -4 -4 -4  2  3 -4  2  5 -4 -2 -1  1 -1  1    4   0   0   0   3   0   0   1   0  13  32   0   4  24   0   2   2   2   0   9  0.59 0.33
  375 L   -1 -1 -2 -2 -1 -3 -4 -4  0  0  1 -3  1  3 -4 -2 -2  1  7 -1    4   3   2   2   2   0   1   1   2   6  13   0   3  12   0   3   2   2  38   3  0.72 0.39
  376 S    0 -1  2 -1  3  0 -1  0 -1  0 -1 -2  1 -2 -3  3  0  2  0 -2    5   2  13   1   6   4   2   6   1   7   4   1   4   2   0  29   5   3   3   2  0.23 0.24
  377 D    0 -4  1  6  1 -3  0 -1 -3 -2 -3 -2  2 -2 -4 -1 -1 -5 -4 -2    7   0   7  50   3   0   4   4   0   2   2   2   6   2   0   3   4   0   0   3  0.78 0.44
  378 G    0  0 -1  0  3 -1 -2  0 -2  1  0 -1  1 -2  1  0  1 -3 -2  0    8   8   0   8   8   0   0   8   0   8   8   0   8   0   8   8   8   0   0   8  0.09 0.10
  379 I   -2 -4 -3 -3 -2 -4 -5 -5 -4  4  2 -5  1  1 -5 -3 -2 -2  1  4    3   1   2   2   1   0   0   1   0  22  20   0   3   6   0   2   2   1   4  31  0.68 0.41
  380 A    0 -2  4  1 -3  3 -2  0  1 -2 -3 -2 -1 -2 -4  2  0 -5  0 -1    9   1  23   6   1  13   1   8   3   2   2   1   1   1   0  13   7   0   3   4  0.38 0.34
  381 T    0 -5 -3 -5 -5 -5 -3 -3 -6  0 -4 -5 -1 -6 -5  0  7 -6 -6 -2    6   0   1   0   0   0   1   2   0   6   1   0   1   0   0   6  71   0   0   3  1.68 0.90
  382 V   -2 -3 -5 -5  0 -4 -5 -4 -3  5  1 -5  1 -1 -5 -2  2 -5 -2  4    3   2   0   0   2   1   0   1   1  31   9   0   4   2   0   3  11   0   1  29  0.81 0.48
  383 S   -2 -4  0 -3 -2 -3 -4 -1 -4  5  0 -4  2  3 -2 -1  0 -1 -1  1    3   1   6   1   1   1   1   6   0  32   5   1   6  11   2   6   5   1   2  10  0.44 0.33
  384 G    1  1  0 -2 -3  0 -2  0 -2 -1 -1  0 -1 -2 -2  2  2 -2  1  0   15   7   4   2   0   4   1   6   1   3   6   4   1   2   1  17  16   1   5   5  0.17 0.21
  385 T   -2 -3 -1 -4 -2 -2 -4 -4 -4  1  2 -4  6  4 -5 -2  0 -2 -1  2    3   1   3   1   1   2   1   1   0   7  15   0  22  16   0   3   7   0   1  16  0.65 0.43
  386 A    5 -3 -4 -5 -1 -2 -4  1 -5  0 -1 -3  0 -3 -4  1  0 -5 -2  0   46   1   0   0   1   1   0  12   0   5   6   1   3   1   0  10   5   0   1   7  0.64 0.47
  387 V    2 -3 -2 -4 -2 -2 -4  2 -3  1 -2 -3 -1  0 -3  2  1 -4 -1  2   15   1   1   0   1   1   0  17   0   9   2   1   1   4   1  14  10   0   2  18  0.32 0.30
  388 L   -1 -2 -2 -1 -4 -2 -3 -4 -3  4  3 -3  0 -2 -1 -1  0 -4 -2  2    6   2   2   4   0   1   1   1   1  28  24   1   1   1   3   4   6   0   1  11  0.40 0.30
  389 F   -3 -4 -6 -6  0 -3 -6 -6 -4  3  0 -6 -2  6 -6 -3 -5  0  7 -2    2   1   0   0   2   1   0   0   0  13   9   0   1  30   0   2   0   1  33   3  1.37 0.70
  390 A    4 -4 -2 -5 -2  3 -4  4 -5 -3 -2 -2 -2 -2 -5 -1 -1 -5 -5 -2   36   0   2   0   1  12   0  31   0   1   5   2   1   2   0   3   3   0   0   2  0.80 0.54
  391 K    1  1  2  0 -3  1  0 -1 -1 -2 -2  2 -1 -3 -3  1  1 -4  0 -2   14   7  10   4   0   8   5   3   1   2   3  15   2   0   0  11   9   0   4   3  0.20 0.20
  392 T    0  1  0  1 -4  2  2  0 -1 -2 -2  1 -2 -3 -2  1  2 -4 -3 -2    6   6   4   9   0  10  12   6   1   2   3   7   1   1   2  13  15   0   1   3  0.22 0.23
  393 Q    0  0 -1  0 -3  1  3 -3 -2  0 -1 -1 -1 -2 -3 -1  2 -4 -2  2    6   6   3   6   0   6  20   2   1   6   5   3   1   1   1   3  12   0   2  17  0.21 0.22
  394 L   -3 -4 -2 -5 -4 -4 -5 -2 -3  3  4 -4  1  3 -4 -2 -1 -4  0  1    1   1   3   0   0   1   0   4   1  15  39   1   3  12   1   3   3   0   2  11  0.61 0.39
  395 N   -1 -2  1  0 -1  0 -1  5  3 -3 -3  1 -3 -2 -4  1 -2 -3 -3 -4    3   2   5   5   2   4   4  39   7   2   2   8   0   2   1   9   2   0   1   1  0.53 0.37
  396 M   -3 -5 -5 -1 -5 -4 -3 -3 -1  1  2 -3  5  5 -3 -3 -2  4  1  0    2   0   0   5   0   0   1   3   1   9  21   2  16  22   1   1   2   5   4   4  0.67 0.44
  397 E   -1 -1  1  2 -4  0  1  1  0 -3 -3 -1 -4 -3  1  3  1 -5 -4 -3    4   3   5  11   0   3   9  10   2   1   2   4   0   1   8  22  10   0   0   2  0.28 0.30
  398 P    0 -1  0  0 -3  1  0 -1  0 -1 -1 -1  0  0  2  1  2 -4 -1 -1    9   2   5   5   0   7   6   4   2   4   5   2   3   5   9  10  15   0   1   5  0.12 0.17
  399 A    0  0  0  0 -3  0  0  0  0 -1  0  0  0 -1 -1  1  2  0 -1  0    8   4   3   6   0   4   5   7   2   4   8   5   2   2   2  13  15   1   1   6  0.07 0.12
  400 A    0 -1 -1  1 -4  3  2 -1  1 -2 -1  0  0 -2 -2  0  1 -1 -2  0    7   2   3   8   0  14  16   6   4   2   5   4   2   2   1   7   8   1   1   7  0.18 0.22
  401 L   -3 -3 -1 -5 -4 -2 -3 -3 -5  2  5 -3  1 -1 -3 -2 -1 -1 -2  1    2   2   3   0   0   2   2   2   0  11  49   2   3   2   1   3   3   1   1   9  0.63 0.43
  402 G    0 -3 -1 -2 -2 -2 -3  0 -2  4  2 -3  2 -1 -4 -2  1 -4 -3  1    8   1   3   2   1   2   1   8   1  28  17   0   6   2   0   2   9   0   0  10  0.31 0.27
  403 M    0 -3 -2 -4 -2 -2 -3  0 -2  3  2 -2  1  1 -2 -2  0  0  2  1    7   1   1   0   1   2   2   7   0  18  24   2   4   4   1   1   5   1   8  11  0.25 0.22
  404 I    1 -4 -3 -4  1 -3 -4 -3 -4  2  3 -4  3  3 -3 -2  0 -2  0  1   14   0   1   0   4   1   0   2   0  11  25   0   7  15   1   2   6   0   2   9  0.39 0.30
  405 N    1 -3 -1 -4 -2 -3 -3  2 -3  2  2 -3  0  2 -3  0 -2 -1  0  0   12   0   3   0   1   1   1  17   0  15  19   0   2  10   1   9   2   1   2   6  0.24 0.24
  406 V   -1 -5 -3 -5 -1 -3 -5 -4 -5  4  4 -5  2  0 -5 -3 -1 -2 -3  2    5   0   1   0   1   1   0   1   0  27  40   0   5   3   0   1   3   1   0  11  0.75 0.44
  407 I    0 -4 -4 -4  0 -3 -3 -3 -4  3  3 -4  2 -1 -4 -2  0 -2 -3  3    9   0   0   1   2   1   2   2   0  19  28   0   5   2   0   2   5   0   0  22  0.48 0.34
  408 T    0 -3 -1 -4 -2  0 -3  0 -4  2  1 -3  1 -1 -3  0  2 -4 -3  2    9   0   2   0   1   6   1   9   0  15  13   0   3   2   1   7  12   0   0  19  0.23 0.25
  409 M   -1 -3  3 -2 -5  5 -2 -2 -2  0 -3 -3  1 -1  2 -1  1 -1 -1 -2    6   0  12   1   0  31   1   3   1   6   2   0   3   3  12   5  10   1   2   2  0.53 0.46
  410 I    0 -4 -4 -5 -1 -4 -3 -1 -4  3  2 -4  0  4 -2 -2 -1 -2 -1  3    7   0   0   0   1   0   2   5   0  17  18   0   2  18   2   3   4   0   1  19  0.42 0.31
  411 S    2 -4 -3 -4  1 -2 -3 -2 -4  1  0 -3  0  2 -3  1  2 -2 -2  3   18   0   1   0   3   1   1   2   0   8   6   0   3   8   1  12  16   1   1  20  0.32 0.31
  412 G    5 -4 -2 -4 -1  0 -2  3 -4 -5 -5 -4 -2 -3 -4  1 -2 -2 -5 -2   50   0   2   0   1   4   2  22   0   0   0   0   1   1   0  10   1   1   0   3  0.89 0.58
  413 V    2 -4 -3 -4 -1 -2 -4  2 -4  3  0 -4  1  3 -3 -2 -1 -1 -2  2   16   0   0   0   1   2   0  15   0  21   7   0   3  14   1   2   3   1   1  13  0.38 0.32
  414 F    1 -4 -4 -2 -2 -4 -4 -1 -4  3  2 -4  0  2  3 -2 -2 -2 -3  1   13   0   0   2   1   0   0   4   0  17  20   0   1   8  17   2   1   0   0  11  0.44 0.35
  415 G    1 -4 -3 -4  1 -5 -5  6 -5 -2 -5 -5 -2  0 -5  0 -3 -2 -5 -3    9   1   1   1   3   0   0  67   0   2   1   0   1   4   0   7   1   1   0   2  1.35 0.70
  416 A    4 -4 -1 -2  1 -3 -4 -2 -2  1 -3 -3  1 -3 -2  2  2 -5 -3 -1   41   0   3   2   2   0   0   2   1   9   1   0   3   1   2  15  13   0   0   3  0.55 0.45
  417 F   -1 -4 -5 -5 -2 -4 -4 -3 -2  2  3 -1  0  5 -2 -3 -2  3  4  0    5   0   0   0   1   0   0   2   1  10  25   4   2  22   2   1   1   3  13   7  0.54 0.37
  418 S    1 -3 -4 -2  0 -3 -4  1 -4  1  2 -4  1  3 -4 -1 -1 -1 -1  1   15   0   0   2   2   0   0  10   0   9  25   0   3  13   0   4   3   1   1  10  0.29 0.26
  419 W   -1 -7 -7 -6  0 -4 -7 -1 -4 -2 -1 -7  2  7 -7 -3 -2  7  2 -1    5   0   0   0   2   1   0   5   0   2   6   0   4  46   0   2   3  12   7   4  1.42 0.73
  420 S    1 -3 -1 -3 -4 -4 -3  5 -2 -3 -1 -3  0 -2  2  0 -3  5 -2 -3   11   2   2   1   0   0   1  38   1   2   6   1   3   2  10   8   1   8   1   1  0.67 0.46
  421 Y   -2  3 -3 -5 -4 -1 -4 -4  1 -2  0  1 -1  3 -3 -3 -3  7  4 -1    4  18   1   0   0   2   0   1   3   2  10   9   1  12   1   1   1  15  12   4  0.72 0.46
  422 V   -2 -5 -7 -7 -4 -6 -6 -4 -4  5  4 -6  0  2 -3 -5 -4 -2 -2  2    4   0   0   0   0   0   0   2   0  27  37   0   2   7   1   1   0   1   1  15  0.95 0.54
  423 S    3 -2 -3  2 -5  6 -2 -1 -3 -4 -5 -2 -4 -3 -4  2  0 -6 -4 -3   20   2   1   9   0  34   2   5   1   1   1   1   0   1   0  14   5   0   0   2  0.80 0.59
  424 R   -1  4 -1  4 -4  1  0 -1 -1 -5 -5  4 -3 -4 -3 -1 -3 -6 -4 -4    4  19   3  26   0   5   6   4   2   0   1  21   1   1   1   4   2   0   0   1  0.71 0.48
  425 V   -2  6 -3 -5 -3 -2 -4 -4  2 -1 -3  4 -2 -2 -5 -3 -3  3  1 -3    3  41   1   0   1   1   0   1   5   4   3  22   1   2   0   2   2   4   5   2  1.04 0.63
  426 L   -4 -3 -4 -6 -3 -5 -6 -5  0  3  2 -4  1  5 -5 -3 -2  6  2 -1    1   2   1   0   1   0   0   1   2  19  17   1   3  26   0   2   3  10   7   4  0.92 0.51
  427 N   -3  0  1 -1 -5 -1 -4  6  0 -7 -5  2 -4 -5 -3 -1 -3 -6 -6 -6    2   4   7   3   0   3   1  55   3   0   1  12   1   1   1   5   1   0   0   0  1.13 0.63
  428 L    0 -2  0 -2 -2 -2 -2 -2  0  1  2 -2 -1  0  1  0 -1  4 -1  0   10   1   6   2   1   2   1   2   2   9  23   1   1   3   8   7   4   6   2   6  0.17 0.17
  429 R   -2  4 -1 -2 -3  0 -2 -1  0 -2 -3  4 -3 -2  0  2  1 -3 -3 -2    2  19   2   2   0   3   1   5   2   3   3  22   0   2   4  19   7   0   1   2  0.45 0.34
  430 A    1  2  2 -3 -3 -1 -3 -2 -2 -2 -2  1 -3 -3  2  1  4 -3 -4 -2   12  10  10   1   0   2   1   3   1   2   3   8   1   1  10   8  25   0   0   2  0.41 0.36
  431 S    0 -1 -2 -4 -4 -2 -3 -2 -1 -2  0  5 -1 -3 -3  0  2 -1 -3 -1    9   3   2   1   0   1   1   4   2   3   8  38   1   1   1   6  13   1   1   5  0.53 0.41
  432 Q   -2  2 -1 -3 -3  1 -2 -3 -1  2  1  2 -2 -1 -3 -1  2 -2 -2  0    3  13   2   0   0   7   1   1   2  13  16  11   1   2   1   3  15   0   1   6  0.25 0.25
  433 T    0 -3 -3 -4 -3 -2 -3 -2 -4  2  1 -3  7 -1 -4 -1  2 -2 -2  1    7   2   1   1   0   1   1   4   0  11  13   2  26   2   1   5  11   1   1   9  0.57 0.41
  434 I   -2 -5 -5 -6 -3 -5 -6 -2 -6  5  3 -5  1  2 -5 -4 -2 -2 -3  2    3   1   1   0   0   0   0   4   0  34  26   0   2   9   0   1   2   1   1  13  0.86 0.48
  435 I    0 -2 -1 -3  1 -1 -3 -1 -2  2  2 -3  3  1 -4  0  0 -1  0  1    6   2   4   1   3   3   1   5   1  12  21   1   7   5   0   9   7   1   3   9  0.18 0.18
  436 A    1 -4 -4 -3 -1 -4 -4 -2 -5  3  3 -4  1  1 -4 -3 -1  2 -1  2   10   1   1   2   1   0   1   4   0  19  32   0   2   4   1   2   3   2   2  12  0.51 0.34
  437 C    0 -3  0 -3  4 -2 -3  1 -2  1  1 -2 -2 -1 -4  1  1  1 -3  1    9   1   5   1  10   2   0  10   1  10  11   1   0   3   0  12   9   2   1  11  0.23 0.23
  438 I    0 -4  0 -5  1 -3 -5 -1 -5  4  3 -5  1 -2 -5 -2 -1 -3 -3  2    7   0   5   0   3   1   0   6   0  26  24   0   4   1   0   3   4   0   1  14  0.53 0.36
  439 F    0 -4 -5 -6  2 -5 -5 -1 -4  1  1 -5  1  2 -5 -1 -1  8  1  2    9   1   0   0   4   0   0   5   0   8  12   0   4   8   0   5   3  20   5  14  0.76 0.46
  440 L    0 -3 -4 -3  2 -4 -5  0 -4  3  2 -3  3  1 -4 -2 -1  1 -3  2    8   1   0   1   4   0   0   9   0  19  19   1   6   5   1   2   4   2   1  16  0.40 0.29
  441 F    1 -4 -2 -3  0 -3 -4 -1 -1  1  1 -4  1  2 -4 -1  0  5  4  1   10   0   2   1   2   1   0   6   1  10  11   0   3   9   0   4   6   7  17   8  0.41 0.30
  442 E    1 -4 -3 -3  2 -3 -1 -1 -3  3  1 -3  0 -1 -3  0  1 -2 -3  2   11   0   1   1   4   1   4   5   1  17  15   1   2   2   1   8   9   0   0  16  0.28 0.24
  443 L    0 -3 -5 -5  4 -4 -4  0 -5  2  3 -4  0  2 -3 -2 -1  0 -2  2    8   1   0   1   9   0   1   7   0  11  28   1   2   8   1   3   3   1   1  14  0.45 0.31
  444 V    0 -2 -5 -5 -1 -4 -5 -4 -2  5  2 -4  1 -1 -2 -3 -1 -2 -4  3    7   2   0   0   1   1   1   2   1  30  22   1   3   3   2   2   3   1   0  19  0.66 0.39
  445 P    1 -4 -2 -2  3 -2 -4 -1 -4  0 -1 -3  0 -2  4  0  1  0 -1  1   11   0   2   3   5   1   0   6   0   6   6   1   2   1  23   8   9   2   2  11  0.39 0.31
  446 L    2 -4 -4 -4  0 -4 -4  0 -4  3  2 -4  0  0 -4 -2 -1 -3 -2  2   21   1   1   1   2   1   0   6   0  19  21   0   1   4   0   3   4   0   1  13  0.44 0.31
  447 Y   -1 -2 -4 -6 -1 -5 -5 -3 -4 -1  0 -5 -1  2 -5 -4 -4  9  7 -2    5   2   1   1   1   0   1   3   0   4   9   1   1   7   1   2   1  22  35   3  1.50 0.72
  448 G    2 -2 -2 -4  0 -2 -4  5 -4 -2 -2 -3 -2  1 -4  0 -2 -2 -1 -1   18   2   2   1   2   1   1  40   0   3   4   1   1   6   1   6   2   1   2   4  0.63 0.37
  449 L    0 -3 -3 -4  3 -3 -3 -2 -2  2  2 -3  4  1 -3 -1 -1 -3  1  2    6   1   1   1   5   1   1   4   1  11  24   1  10   7   1   4   4   0   5  12  0.33 0.22
  450 L   -1 -2 -2 -2 -1 -2 -2 -2 -2  3  2 -2  0  2  0 -1 -1 -2 -1  1    5   2   2   2   1   1   2   4   1  18  23   2   2  10   5   4   4   0   2   9  0.22 0.15
  451 G    0 -2 -1  0 -1 -3 -1  4 -1 -1  0 -1  0 -1 -1 -1 -1 -1 -1 -1    9   3   3   5   2   1   4  33   1   3   8   3   3   2   4   4   4   1   2   5  0.37 0.27
  452 F   -2 -3 -3 -1 -1 -2 -2 -3 -1  2  2 -3  2  4 -1 -3 -1  3  3  1    4   2   2   4   1   2   3   2   1   9  16   2   4  18   4   2   4   3   8   8  0.40 0.25
  453 I    0 -2 -1 -1  0 -1 -2 -2 -2  2  1 -3  0  2  0  0  0  6 -1  1    7   2   3   4   2   3   3   4   1  11  11   2   3   7   5   6   6   9   2   8  0.21 0.15
  454 P    0 -1 -1 -2 -1  0 -2 -1 -1  0 -1 -2 -1  0  4  1  2  2 -2 -1    8   4   3   3   1   4   2   5   1   5   6   3   2   4  18   9  13   2   2   5  0.24 0.22
  455 A    1 -1  1  0 -1  0 -1 -1 -1  0  0  0 -1  1  1  0  1  1  1 -1   12   3   6   4   2   3   3   5   2   6   8   5   2   6   8   7   8   2   4   4  0.05 0.05
  456 I    0 -1 -1 -1 -1 -1 -1  0 -1  1  0 -1  0  1  0  0  0  0 -1  1   10   3   3   3   1   2   3   8   1   9   9   5   2   7   5   7   6   1   2  14  0.04 0.04
  457 K    0  0  0 -1  0  0  0  0 -1  0  0  0  0  0  2  0  0  0  0  0    8   5   5   3   2   5   5   7   1   6   8   5   2   4   9   7   6   1   4   6  0.04 0.02
  458 N    0  0  0  0 -1  0  0  1  0 -1  0  0 -1  0  0  0  1  0 -1  0    9   5   4   5   1   3   6  11   2   4   7   4   2   5   5   7   8   2   2   9  0.03 0.02
  459 L    0 -1 -1 -1 -1  0  0  0 -1  0  1 -1  0  2 -1  0  0  3  0  1   10   3   2   4   1   4   5   7   1   6  13   3   2   9   3   5   7   4   2   9  0.04 0.04
  460 G    1 -1 -1  0 -2 -1 -1  3 -1 -1  0 -1 -2  2  0  0  0  0  0 -1   11   3   3   5   1   2   3  22   2   3   9   3   1   8   5   5   5   1   3   3  0.15 0.09
  461 F    0  0  0 -1 -2 -1 -1  0 -1  0  0  0  1  3  0 -1 -1  2  0  0    9   6   4   4   1   2   4   6   1   4  10   5   4  14   5   5   4   2   3   7  0.06 0.05
  462 L    0 -2 -2 -1 -2 -2 -2  0 -1  2  1 -1  0  3 -1  0 -1  0  0  0    7   2   2   3   1   1   3   9   1  11  15   3   3  15   4   6   4   1   3   6  0.13 0.10
  463 G   -1 -2 -1 -2 -3 -1 -2  4  1 -1  0 -2 -1  0  1  0 -1  1 -2 -1    6   3   3   2   0   3   3  32   3   4   8   2   2   5   6   7   5   2   1   4  0.33 0.21
  464 L    0 -1 -2 -2 -2 -1 -2 -2 -2  1  2 -2  2  3 -1  0  0  1  0  0    7   3   1   2   1   3   3   3   1   7  22   2   5  11   3   8   6   2   3   6  0.17 0.14
  465 Q   -1  2  0 -1 -4  3 -1 -1  4 -3 -1  2 -1 -3 -1  0  2 -2 -2 -2    5  11   4   4   0  11   4   4   9   1   6  10   1   1   3   8  13   1   1   3  0.27 0.23
  466 Q   -1 -1  2  0 -2  2 -1  0  3 -3 -3 -1 -4 -3 -1  2  3 -3 -2 -2    5   4   8   5   1   8   4   6   8   1   3   4   0   1   4  16  17   0   1   3  0.30 0.26
  467 P    1  0 -2 -1 -4  1  2 -2 -2 -1 -2  2 -1 -2  3 -1  0 -2 -3  1   13   4   2   3   0   6  11   3   1   3   5  14   2   2  12   5   5   1   1   9  0.21 0.20
  468 W    0 -2 -2 -3 -5 -1 -3 -1  0  1 -1 -2  0 -1 -2 -2  1  9  0  0    9   3   2   2   0   3   2   6   3   8   7   2   2   2   2   3   9  26   3   6  0.78 0.45
  469 E   -1 -2 -3 -1 -5  2  5 -3  2 -1  0 -3  1 -1 -2 -3 -2  1 -2  0    6   2   1   3   0   7  36   3   5   3   9   1   4   3   2   2   3   2   2   7  0.54 0.40
  470 M   -3 -5 -7 -7 -4 -7 -7 -3 -6  2  0 -7  4  8 -5 -7 -5  0  1 -1    3   1   0   0   0   0   0   3   0   9   7   0   8  53   1   0   1   1   5   5  1.71 0.81
  471 F   -5 -6 -6 -5 -8 -8 -8 -5 -7 -2  0 -8 -1  4 -8 -8 -5 10  7 -3    1   1   1   1   0   0   0   1   0   3   8   0   2  13   0   0   1  37  28   2  2.39 1.12
  472 P    1 -4 -6 -4 -1 -6 -6  0 -6  4  2 -5  1  2  0 -3 -2 -1 -3  3   12   1   0   1   1   0   0   8   0  20  16   1   3   7   5   1   3   1   1  21  0.56 0.36
  473 L    1 -6 -5 -7  1 -6 -5 -4 -4  2  4 -6  2  3 -7 -3 -2 -1  2  1   10   0   1   0   3   0   1   2   0   9  36   0   5  10   0   2   3   1   6  11  0.73 0.44
  474 G    5 -7 -1 -7 -2  0 -6  5 -7 -5 -5 -5 -3 -5 -7  0 -2 -8 -5 -2   42   0   3   0   1   4   0  33   0   1   1   1   1   1   0   6   2   0   0   4  1.21 0.72
  475 V    3 -6 -1 -6  2 -3 -6  0 -6  3  1 -6  1  2 -3 -1 -2 -6 -5  3   22   0   3   0   4   1   0   8   0  14  14   0   3   7   2   4   2   0   0  17  0.50 0.35
  476 I    0 -6 -6 -7 -1 -5 -6 -1 -6  2  3 -6  2  3 -3 -3 -2  3  3  2    8   0   0   0   2   0   0   6   0  11  28   0   5  10   1   2   2   3   8  12  0.60 0.38
  477 Y    1 -6 -4 -5 -4 -4 -5 -4  2  4  1 -6  0  3 -6 -3 -3  0  3  3   10   0   1   1   0   1   0   1   4  20  14   0   2  11   0   2   2   2  10  19  0.69 0.41
  478 G    0 -8 -2 -7  1 -8 -8  7 -8 -5 -6 -7 -8 -8 -8 -2 -6 -8 -8 -6    8   0   2   0   3   0   0  79   0   1   1   0   0   0   0   3   1   0   0   1  2.23 1.07
  479 L   -1 -6 -7 -7 -1 -6 -7 -4 -7  3  4 -6  3  4 -5 -2  0 -3 -5  1    6   0   0   0   1   0   0   2   0  14  38   0   5  15   1   3   5   0   0   8  0.85 0.49
  480 V    1 -6 -4 -6  1 -3 -6  0 -3  0  0 -6  2  5 -3 -1 -2 -1 -4  4   12   0   1   0   3   1   0   6   1   5   7   0   5  22   1   5   2   1   0  26  0.66 0.41
  481 M   -2 -5 -2 -5 -4  3 -5 -2 -4  1  3 -5  6  1 -6 -2 -1 -2  1  2    3   0   2   1   0  14   0   3   0   8  22   0  16   5   0   3   4   1   4  13  0.64 0.42
  482 G    0 -8 -6 -7  1 -7 -7  7 -7 -8 -8 -7 -8 -8 -5  0 -5 -8 -8 -4    8   0   0   0   3   0   0  78   0   0   0   0   0   0   1   6   1   0   0   1  2.19 1.01
  483 G    2 -6 -5 -4 -3 -5 -6  4 -2 -3 -5 -6 -4 -7  5  1  0 -4 -7 -4   17   0   0   1   1   0   0  34   1   2   1   0   1   0  24  11   6   0   0   1  1.06 0.63
  484 L    0 -5 -1 -6  0 -2 -5 -5 -5  3  2 -5  0  2 -4  0  2  4  0  2    7   0   3   0   2   2   0   0   0  17  16   0   2   9   1   8  12   5   3  12  0.47 0.32
  485 S   -4 -4 -3 -5 -8  8 -4 -2 -2 -6 -4 -5 -3  0 -6 -1 -5  3  3 -5    2   1   1   1   0  63   1   4   1   1   2   0   1   4   0   5   1   4   8   1  1.91 1.01
  486 S    5 -4 -4 -7 -3 -5 -6 -1 -7 -4 -7 -6 -7 -8 -4  5 -1 -8 -5 -4   41   1   1   0   0   0   0   6   0   1   0   0   0   0   1  43   4   0   0   2  1.45 0.84
  487 Y    2 -5 -3 -5 -1 -4 -5 -4 -3 -1  2 -5 -1  2 -5  1 -1 -2  5  0   19   0   1   0   1   0   0   1   0   3  23   0   1   6   0  11   3   1  20   6  0.60 0.41
  488 C    1 -5 -2 -3  4 -1 -5 -1 -6 -6 -5 -5 -2 -4 -5  6 -1 -7 -4 -6   10   0   2   2   8   3   0   5   0   0   1   0   1   1   0  61   4   0   1   0  1.37 0.78
  489 R   -5  8 -4 -7 -8  2 -5 -7 -6 -4 -6 -3 -6 -5 -5 -5 -4 -7 -7 -4    1  83   1   0   0   7   0   0   0   1   1   1   0   1   1   1   1   0   0   2  2.56 1.12
  490 S    2 -5 -3 -5 -4 -5 -5 -4 -6 -3 -5 -5 -5 -6 -4  5  4 -7 -6  1   18   0   1   0   0   0   0   1   0   1   1   0   0   0   1  45  20   0   0  10  1.15 0.70
  491 F   -4 -6 -5 -7 -2 -4 -6 -7 -3  0  4 -6  6  3 -6 -4  0  0  3  0    1   0   1   0   1   1   0   0   1   4  33   0  21  13   0   1   7   1   9   6  1.02 0.56
  492 F   -5 -6 -7 -7 -4 -5 -7 -6 -5  2  2 -6  5  6 -7 -6 -5 -2  5  1    1   0   0   0   0   0   0   0   0   9  16   0  16  26   0   0   0   0  20   9  1.30 0.64
  493 G    4 -6 -4 -5 -2 -4 -5  2 -6 -4 -5 -5 -5 -6 -5  4  0 -7 -6 -1   37   0   1   0   1   0   0  16   0   1   1   0   0   0   0  31   5   0   0   5  1.04 0.64
  494 Q   -2  4 -1  0 -3  2  4 -4 -1 -3 -1  2 -2 -5 -4  0 -2 -6 -3 -3    3  20   2   5   1   9  23   1   2   1   6  14   1   0   0   7   2   0   1   2  0.53 0.39
  495 L   -5 -5 -5 -7 -4 -3 -7 -7 -3  2  5 -5  5  3 -7 -5 -3 -4 -3  1    1   0   1   0   0   1   0   0   1  10  51   0  12  10   0   1   1   0   1  10  1.17 0.60
  496 I    2 -6 -5 -6  3 -5 -4 -5 -6  5  0 -5 -1 -3 -6  1  2 -6 -5  2   14   0   0   0   6   0   1   0   0  33   8   0   1   1   0   9  14   0   0  13  0.80 0.48
  497 P   -6 -6 -8 -4 -9 -5 -5 -8 -5 -5 -8 -4 -8 -9  9 -6 -4 -9 -7 -4    0   1   0   1   0   0   1   0   0   1   0   1   0   0  90   0   1   0   0   1  3.11 1.34
  498 P    1  2 -3 -1 -6 -1  1 -4 -2 -3 -4  3 -2 -5  5 -2 -2 -2 -4 -2   12   9   1   3   0   2  10   1   1   1   2  17   1   0  30   2   2   1   1   4  0.70 0.46
  499 G   -1 -3  0  2 -6 -1  3  5  1 -7 -7 -2 -6 -7 -1 -1 -2 -7 -5 -6    4   1   5   9   0   2  16  45   3   0   0   2   0   0   3   5   3   0   0   0  0.91 0.53
  500 Y   -3  4 -1  0 -3  2  0 -5  4 -4 -3  4  1 -3 -5 -1 -3 -6  0 -5    2  22   2   5   1   9   7   0   9   1   2  24   3   1   0   5   1   0   3   0  0.68 0.45
  501 E    0  0 -2 -1 -6 -1  5 -5 -2 -1 -3 -1  2 -6 -3  2  0 -4 -3 -2    7   5   2   3   0   3  41   0   1   4   3   2   4   0   1  14   6   0   1   3  0.68 0.49
  502 A    4 -5  3 -5 -2 -5 -5  3 -3 -4 -6 -4 -5  1 -5  1  2 -6  0 -3   32   0  14   0   1   0   0  18   0   1   0   0   0   6   0  10  13   0   4   2  0.75 0.51
  503 S   -1  0 -5 -3 -5  1  6 -4 -3 -5  0 -2  1 -6 -6  0 -1 -4 -6 -4    6   5   0   0   0   6  54   1   1   1   8   2   4   0   0   6   4   0   0   1  1.10 0.66
  504 F   -3 -7 -6 -8 -4 -7 -7 -6 -5 -2 -1 -7  3  8 -8 -6 -6  4  4 -4    3   0   0   0   0   0   0   1   0   2   5   0   6  60   0   1   0   6  13   1  2.06 0.89
  505 Y   -6 -5 -5 -8 -4 -6 -7 -6 -6 -5 -4 -7 -2  9 -8 -6 -5 -4  4 -6    1   1   1   0   1   0   0   1   0   0   1   0   1  80   0   1   1   0  11   0  2.85 1.11
  506 S    2 -6 -5 -5 -4 -5 -6  6 -6 -7 -7 -5 -4 -5 -6  4 -4 -7 -6 -6   14   0   0   0   0   0   0  56   0   0   0   0   1   1   0  26   1   0   0   0  1.56 0.77
  507 L   -5 -6 -7 -7 -4 -6 -7 -7 -6  0  5 -7 -1  6 -7 -5 -6 -3 -1 -2    1   0   0   0   0   0   0   0   0   5  54   0   1  33   0   1   0   0   1   2  1.62 0.73
  508 Y   -6 -7 -2 -5 -7 -5 -5 -7 -3 -6 -2 -6  0  6 -7 -5 -6  4  8 -5    1   0   2   1   0   1   1   0   0   0   3   0   2  33   0   1   0   6  48   1  2.18 0.93
  509 A    3 -4  2  1 -1  0  1  2 -2 -5 -2 -3 -2 -4 -4  2 -1 -5 -3 -4   26   0  12   8   1   4   8  15   1   0   4   0   1   0   0  16   2   0   1   1  0.46 0.36
  510 I   -3 -3 -6 -6 -3 -5 -6 -6 -6  4  3 -5  3  3 -6 -4  0 -3 -4  3    2   1   0   0   1   0   0   0   0  26  28   0   7  10   0   1   6   0   0  16  0.86 0.46
  511 T    1 -5 -4 -5  1 -4 -4 -3 -5  0 -1 -4  1  2 -5  3  4 -3 -3  1   11   0   0   0   3   0   0   1   0   5   6   0   3   8   0  25  26   0   0  11  0.62 0.46
  512 D   -2 -3  1  4 -6 -3  1  5 -3 -5 -5 -4 -4 -5 -5  1 -3 -5 -2 -4    3   1   5  20   0   1   8  45   1   0   1   0   0   0   0   9   1   0   1   1  0.98 0.54
  513 K   -5  4 -4 -5 -4 -1 -3 -5 -5 -7 -5  7 -6 -8 -6 -4 -5 -4 -4 -5    1  21   0   0   0   2   1   1   0   0   1  69   0   0   0   1   1   0   1   1  2.00 0.94
  514 G    2 -5 -4 -5 -1 -4 -5  3 -5  0  0 -4 -1  3 -5  1  1 -5 -2  0   17   0   0   0   1   0   0  23   0   6   9   0   1  14   0  11  10   0   1   6  0.48 0.36
  515 S    3 -5 -4 -5 -3 -5 -5 -1 -6 -4 -5 -5 -4 -6 -4  5  4 -7 -6 -3   24   0   0   0   0   0   0   5   0   1   1   0   0   0   1  45  20   0   0   2  1.19 0.72
  516 S    4 -5 -3 -5 -5 -4 -5  0 -5 -1 -5 -5 -3 -5 -5  5  0 -7 -5 -2   32   0   1   0   0   0   0   7   0   4   0   0   0   0   0  45   6   0   0   3  1.11 0.68
  517 V   -2 -7 -7 -8  0 -7 -7 -6 -6  4 -2 -7  0  6 -5 -5 -3  8 -3  2    4   0   0   0   2   0   0   0   0  19   3   0   2  34   0   0   2  18   0  15  1.47 0.69
  518 F   -2 -6 -6 -7 -3 -6 -6 -6 -6  5  3 -5  2  3 -6 -4 -2 -1 -4  2    4   0   0   0   0   0   0   0   0  34  31   0   5  10   0   1   2   1   0  11  1.02 0.52
  519 G    0 -7 -4 -5 -5 -7 -7  7 -7 -8 -8 -6 -7 -8 -5 -3 -5 -8 -8 -7    7   0   1   0   0   0   0  89   0   0   0   0   0   0   1   2   0   0   0   0  2.42 1.01
  520 P   -4 -5 -4 -7 -8 -4 -6 -7 -5 -6 -4 -6 -1 -7  8 -4  0 -9 -8 -5    2   1   1   0   0   1   0   0   0   0   2   0   2   0  82   1   6   0   0   1  2.63 1.13
  521 A    1 -5 -3 -6 -2 -5 -6 -4 -5  0  4 -5  1  4 -4 -3 -2  0 -2  0   12   0   1   0   1   0   0   1   0   5  44   0   3  20   1   1   2   1   0   6  0.82 0.47
  522 I    0 -5 -6 -6 -3 -5 -5 -5 -6  4  3 -5  2 -1 -5 -1 -1 -4 -4  4    8   0   0   0   0   0   0   1   0  20  29   0   4   2   0   4   4   0   0  28  0.77 0.44
  523 V   -3 -5 -3 -6 -1 -4 -5 -5 -4  2 -1 -5  2  5 -6  0  0  3  3  3    1   0   1   0   1   1   0   0   0  11   5   0   4  26   0   9   6   3  10  22  0.72 0.43
  524 G    3 -6 -4 -4 -6 -2 -5  6 -6 -7 -6 -5 -6 -4 -4  2 -2 -4 -5 -5   20   0   0   0   0   2   0  59   0   0   0   0   0   1   0  13   3   0   0   0  1.42 0.71
  525 F    2 -3 -4 -4 -3 -3 -2 -1 -4  2  2 -3  0  1 -3 -1 -1  2  0  2   22   1   0   1   0   1   2   4   0  14  24   0   2   5   1   3   4   3   3  11  0.33 0.27
  526 I   -1 -6 -6 -6 -2 -6 -6 -5 -7  6  1 -6  1  0 -6 -4  0 -6 -5  4    6   0   0   0   1   0   0   1   0  46  11   0   2   4   0   1   5   0   0  24  1.14 0.57
  527 T    1 -2 -1 -2 -4 -1 -1 -2 -1  2 -1 -2 -2 -1 -4  1  3 -3 -1  1   12   1   3   1   0   2   4   3   2  14   4   1   0   3   0  13  24   0   2  10  0.29 0.28
  528 D    0 -1  1  4 -4  3  0 -1 -1 -3 -1 -2 -2 -1 -4  0  1  2  0 -2    9   2   6  21   0  16   4   3   1   1   6   1   1   2   0   7   8   3   4   3  0.31 0.29
  529 H    2 -1 -2 -2 -3 -2 -3 -2 -1  2  2 -2  1  0 -3  0 -1  3  0  1   21   4   1   2   0   1   1   2   2  10  20   2   4   4   0   6   4   4   2   8  0.20 0.21
  530 Y   -1 -5 -2 -4 -5 -4 -5 -2 -2 -3 -2 -4 -1  3 -4  2  6 -1  0 -2    5   0   1   1   0   1   0   4   1   1   3   0   1  13   0  12  51   1   3   2  1.03 0.63
  531 G   -2 -3  1  1 -6 -1 -2  6  3 -6 -5 -2 -5 -6 -4 -1 -4 -4 -5 -6    3   1   6   6   0   3   3  62   7   0   1   2   0   0   1   3   1   0   0   0  1.29 0.63
  532 E   -2 -2  5  3 -3  0  0 -2 -1 -5 -5 -1 -3 -4 -3  4  0 -6 -4 -4    2   2  26  13   0   4   5   3   1   0   1   3   1   1   1  32   4   0   0   1  0.80 0.50
  533 I   -1 -3  1 -1 -4  4 -2 -3  0  2  0 -2  3 -1  0  0  0 -2  3 -1    4   1   6   3   0  19   2   1   2  13   7   1   9   2   4   7   7   0   9   3  0.28 0.29
  534 R   -4  8  1 -4 -6  0 -3 -6 -1 -5 -6 -1 -6 -7 -5 -1 -3  3 -3 -5    1  70   6   1   0   4   1   0   1   1   0   3   0   0   0   4   1   4   1   1  1.83 0.86
  535 P    1 -3  0 -2 -4 -2 -3 -2 -1  1  1 -2  2  0  1 -1 -1  4  4  0   11   1   5   2   0   2   1   3   1   9  13   2   6   3   6   3   4   6  16   5  0.25 0.23
  536 A    4 -6 -5 -4 -2 -5 -5  5 -6 -6 -6 -5 -5 -7  1  2 -3 -7 -6 -3   36   0   0   0   1   0   0  37   0   0   0   0   0   0   7  15   1   0   0   2  1.16 0.65
  537 F   -2 -6 -7 -6 -3 -6 -6 -6 -6  4  1 -6  4  6 -6 -5 -3  1  0  2    3   0   0   0   1   0   0   0   0  26  10   0  10  30   0   0   1   2   3  13  1.10 0.55
  538 F    1 -5 -5 -6 -2 -4 -5 -1 -5  1  3 -4 -1  2  0 -1 -2  5  1  1   13   0   0   0   1   0   0   5   0   9  31   0   1   9   4   4   2   9   4   7  0.52 0.35
  539 F    0 -5 -4 -5 -1 -5 -4 -2 -3 -2 -1 -5 -1  5  0  3  0  0  1  1    8   0   0   0   1   0   0   3   0   2   4   0   1  28   5  25   5   1   4  11  0.63 0.45
  540 L   -3 -6 -4 -7  1 -5 -6 -6 -6  3  5 -6  1 -2 -1 -5 -1 -4 -4  3    2   0   1   0   2   0   0   0   0  17  50   0   3   1   3   0   4   0   0  16  1.00 0.53
  541 A    1 -5 -5 -5 -2 -4 -5 -1 -5  2  3 -5  1  3 -4  0 -1 -3 -3  2   14   0   0   0   1   0   0   6   0  13  28   0   2  12   0   6   4   0   0  13  0.47 0.33
  542 I    2 -4 -5 -5 -2 -5 -5  0 -5  3  2 -5 -1  2  0 -2 -1 -5 -3  3   16   1   0   0   1   0   0   8   0  15  16   0   1   8   5   1   3   0   0  25  0.48 0.34
  543 L   -3 -6 -6 -7 -3 -3 -6 -6 -4 -1  4 -6  4  6 -4 -4 -3 -2  0  0    2   0   0   0   0   1   0   0   0   2  34   0  10  37   1   1   2   0   2   5  1.22 0.61
  544 I   -4 -6 -6 -7  0 -5 -7 -1 -4  2  2 -6  2  7 -7 -2 -2 -1 -1 -2    1   0   0   0   2   0   0   5   0  10  16   0   5  51   0   3   3   1   0   3  1.32 0.64
  545 L    1 -5 -5 -6 -2 -5 -5 -2 -5  3  2 -5  0  1 -5 -2 -1  0 -3  4   12   0   0   0   1   0   0   4   0  19  22   0   2   5   0   2   4   1   0  27  0.61 0.38
  546 L    1 -5 -5 -6 -2 -5 -5 -1 -5  4  3 -5 -1 -1 -3 -2 -1 -4 -4  3   15   0   0   0   1   0   0   5   0  23  26   0   1   3   1   2   3   0   0  21  0.63 0.39
  547 P    1 -6 -5 -5 -2 -6 -6  6 -6 -7 -6 -5 -4 -5  3  1 -4 -7 -7 -6   10   0   0   0   1   0   0  63   0   0   0   0   0   1  12  11   0   0   0   0  1.54 0.74
  548 L    1 -4 -4 -5 -1 -4 -5  1 -5  2  3 -4  2  3 -5 -2 -1  1 -1  0   13   0   0   0   1   0   0  10   0  12  32   0   5  12   0   2   4   2   2   6  0.45 0.32
  549 P    1 -5 -5 -5 -1 -4 -5 -1 -5  3  2 -5 -1  2  2 -3 -2  3 -1  3   11   0   0   0   1   0   0   5   0  19  18   0   1   7  10   1   1   4   2  19  0.48 0.33
  550 L   -2 -6 -6 -6 -1 -5 -6 -3 -6  4  4 -5  2  3 -5 -4 -3 -1 -3  2    3   0   0   0   1   0   0   2   0  22  42   0   4  10   0   1   1   1   0  11  0.87 0.46
  551 M   -4 -6 -4 -7 -4 -4 -6 -6 -5  2  5 -6  4  2 -6 -5 -3  0 -3 -1    1   0   1   0   0   1   0   0   0   9  64   0   8   8   0   0   1   1   1   4  1.26 0.63
  552 L    0  0 -2 -5  1  0 -4 -2 -2  0  2 -3  1  3 -3  0 -1  6  1 -1    9   6   2   0   3   4   0   3   1   4  20   1   3  12   1   7   4  13   5   3  0.37 0.28
  553 L   -2  3 -4 -5 -2 -2 -4 -1 -2 -3  0  1  2  5 -1  0  1  4  0 -3    2  19   0   0   1   1   0   5   1   1   7   8   6  25   3   6   8   5   2   0  0.51 0.38
  554 V   -3 -7 -7 -7 -2 -6 -7 -7 -7  2  1 -6 -3 -2 -7 -4 -1 -7 -5  7    1   0   0   0   1   0   0   0   0  10  10   0   0   1   0   1   3   0   0  72  1.65 0.77
  555 D   -4  2  4  6 -5 -3 -1 -4 -2 -7 -6  2 -4 -7  1 -2 -4 -7 -5 -6    1  10  16  46   0   0   2   0   1   0   0  14   0   0   6   2   1   0   0   0  1.20 0.62
  556 A   -1 -3 -3  0 -4 -2  3 -3 -1  1  0 -2  2 -2  0 -2  0 -4 -2  4    4   1   0   4   0   1  23   1   1   6   8   1   6   1   5   2   5   0   1  29  0.38 0.33
  557 D   -1  1  0  3 -5  1  4 -2 -2 -4 -4  2 -4 -5  1 -1 -1 -6 -4 -2    4   9   5  15   0   5  27   2   1   1   1  14   0   0   7   3   4   0   0   3  0.50 0.35
  558 R    0  5 -3 -3 -6  2  2 -5  0 -5 -5  5 -5 -6 -3 -3 -3 -6 -4 -4    7  28   1   1   0   8  10   0   2   1   1  38   0   0   1   1   1   0   0   1  1.05 0.57
  559 G    2 -4 -3 -4 -4 -4 -4  6 -5 -4 -5 -4 -5 -6 -4  1 -3 -4 -4 -5   19   0   1   1   0   0   1  61   0   1   1   1   0   0   1  11   1   0   1   0  1.33 0.63
  560 K   -1  5 -3 -3 -5  0  1 -4 -1  2 -2  3  1 -4 -4 -1 -3 -5 -3 -1    4  34   0   0   0   4   7   0   1  12   2  21   4   0   1   3   0   0   1   4  0.68 0.42
  561 R    1  3 -1  1 -4  1  2 -3  0 -1 -2  2 -1 -4 -3 -1 -2 -5 -4  0   13  21   2   7   0   7  15   1   2   5   4  12   1   0   0   2   2   0   0   6  0.32 0.26
  562 D    1 -1 -2  4 -5  3  5 -4 -3 -4 -3 -1 -1 -6 -3 -1 -3 -6 -5 -3   13   3   1  24   0  11  34   1   0   1   2   2   2   0   0   3   1   0   0   2  0.78 0.46
  563 A    6 -2 -3 -5  4  0 -3  1 -3 -4 -4 -3 -3 -5 -4 -1 -3 -6 -5 -2   64   2   1   0  10   5   1   8   0   0   1   1   0   0   0   3   0   0   0   3  1.12 0.60
  564 L    0  3 -1 -1 -4  1  2 -1  0 -1  0  1  0 -3 -2 -1 -1 -4 -2  0    9  22   2   3   0   6  14   4   2   4  12  10   2   0   1   2   2   0   1   6  0.21 0.19
  565 A    2  2  0  0 -4  2  3 -2 -1 -2 -3  1 -1 -4 -3  0 -1 -4 -2 -1   21  14   4   5   0   8  19   1   1   3   2   9   1   0   0   5   2   0   2   3  0.31 0.24
  566 L   -1 -4 -3 -4 -3 -3 -2 -5  0 -2  2 -4  1  6 -5 -3 -2  4  5 -2    6   1   1   1   0   0   3   0   2   0  17   1   4  30   0   1   3   6  22   2  0.85 0.42
  567 A    2 -2 -1  0 -1 -1  2 -1 -2  0  1 -1 -1 -2 -2  1  0 -4 -1  1   24   1   2   6   1   2  15   3   0   4  15   2   0   1   1  10   4   0   2   9  0.16 0.18
  568 E    1  2 -1  1 -4  2  4 -3 -1 -2 -3  2 -2 -4 -3 -1 -1 -4 -4 -1   11  13   2   7   0   7  28   1   1   2   2  16   0   0   1   2   3   0   0   4  0.43 0.27
  569 V    1  1  0  1 -3  1  2 -1  0 -1 -2  1  0 -3 -2  0 -1 -2 -3  0   12  10   3   7   0   5  19   5   2   4   3  10   2   1   0   6   3   0   0   8  0.16 0.14
  570 L   -1  1 -1  0 -4  2  4 -3  1  0  1  1 -1 -4 -1 -1 -1 -4 -3 -2    3   8   3   2   0   7  33   2   3   6  14   8   1   0   2   3   2   0   0   1  0.33 0.25
  571 E    1  3 -1  1 -2  2  4 -2 -2 -4 -2  1 -2 -3 -3 -1 -1 -4 -4 -2   15  15   1   9   1   8  28   1   0   0   4   8   1   1   0   3   2   0   0   2  0.42 0.27
  572 A    2  2 -1 -1 -3  2  2  0  1 -2 -2  2 -2 -4 -3  0 -1 -4 -2 -1   19  10   1   3   0   9  18   7   3   1   2  12   1   0   0   4   3   0   1   5  0.25 0.19
  573 R   -1  4 -1 -1 -4  0  2 -1  1 -2 -1  1  0 -2 -2  0 -1 -4 -1 -2    5  29   2   2   0   1  15   3   4   2   6   9   3   1   1   9   3   0   2   2  0.29 0.20
  574 S    0  0  2  1 -4  2  2 -1  3 -3 -3  2  1 -2 -2  0  0 -4 -1 -2    6   1  11   7   0  11  13   4   8   0   1  15   5   1   1   7   4   0   2   2  0.24 0.17
  575 S    2  1  1  0 -3  0  2  0 -2 -2 -2  0 -2 -3 -1  1  0 -4 -1  0   18  10   6   5   0   3  16   7   0   1   2   3   0   0   2  12   5   0   2   7  0.17 0.14
  576 L    0  0  0 -1 -2  0  1 -1  0  0  1  0  0  0 -2 -1  1  0 -1  0   10   5   4   3   0   4   9   4   3   7  17   5   2   5   0   1   9   1   1   8  0.03 0.05
  577 E   -2  3  0  3 -4  0  3 -1  0 -3 -3  1 -1 -4 -1 -1 -1 -4 -2 -1    2  18   2  17   0   3  26   4   2   1   1   7   1   0   2   3   3   0   1   5  0.39 0.22
  578 Q    1  2 -1  0 -1  3  0 -1  0 -1 -2  1  1 -3 -1  0  0 -3 -2 -1   16  13   1   6   2  19   4   3   2   5   3   7   4   0   2   4   6   0   1   2  0.19 0.15
  579 R    0  4  0 -1 -4  0  2 -1  2 -4 -3  1 -2 -4 -1  1 -1 -4 -1 -3    8  29   4   2   0   2  14   4   5   0   1   7   1   0   3  15   3   0   2   1  0.35 0.21
  580 D    0  0  1  5 -4  0  2  0  0 -3 -4  1 -3 -4  0 -1 -1 -5 -3 -3    8   4   4  36   0   4  14   6   3   2   0  10   0   0   4   2   4   0   0   1  0.47 0.21
  581 Y   -2  3  0 -1 -3  2  1 -1  3 -1 -2  0 -2  1 -3  0  1 -2  1 -1    1  21   5   2   0  10   9   3   9   4   2   1   0   8   0   8   9   0   6   3  0.20 0.14
  582 G    1  0 -1  1 -3  1  0  4 -2 -3 -3  0 -3 -4 -3  0  1 -4 -3 -2   15   4   0   7   0   8   5  39   0   0   2   3   0   0   0   2  12   0   0   2  0.42 0.18
  583 T    1  0 -1  0 -2  0  0 -1 -2 -1 -1  0  0 -3  2  1  2 -3 -2  1    9   4   0   6   0   2   8   3   0   2   2   4   4   0   9  14  20   0   0  12  0.17 0.10
  584 F    0 -1 -1 -2 -3 -1  0  1  3 -2 -1 -1 -1  1  2  2  0  1  0 -2    6   2   1   0   0   0   4  11  12   1   6   3   1   7  10  23   4   3   3   1  0.17 0.10
  585 S    2 -1 -1  2 -2  1  1 -1 -2 -3 -3  1 -2 -4 -2  3  1 -4 -3 -2   22   0   0  14   0   6   8   3   0   0   0  12   0   0   0  26  10   0   0   0  0.33 0.15
  586 Q   -1  2  0  0 -3  1  3 -1  1 -3 -3  2 -1 -3 -2  1  1 -3  0 -3    0  12   3   3   0   3  34   3   4   0   0  11   3   0   0   9  12   0   4   0  0.35 0.13
  587 Q   -2  3  0  4 -4  2  3 -3 -1 -4 -4  2 -3 -4 -2  0 -2 -4 -3 -4    0  19   0  32   0  10  20   0   0   0   0  11   0   0   0   7   0   0   0   0  0.60 0.16
  588 Q   -2  0  0  4 -4  3  4 -3 -1 -4 -4  0 -3 -4 -2 -1 -2 -4 -3 -3    0   4   0  33   0  17  46   0   0   0   0   0   0   0   0   0   0   0   0   0  0.77 0.13

                      K         Lambda
Standard Ungapped    0.1394     0.3245
Standard Gapped      0.0410     0.2670
PSI Ungapped         0.1341     0.3178
PSI Gapped           0.0410     0.2670
