
Last position-specific scoring matrix computed, weighted observed percentages rounded down, information per position, and relative weight of gapless real matches to pseudocounts
           A  R  N  D  C  Q  E  G  H  I  L  K  M  F  P  S  T  W  Y  V   A   R   N   D   C   Q   E   G   H   I   L   K   M   F   P   S   T   W   Y   V
    1 M   -4 -4 -5 -6 -5 -3 -5 -6 -5 -2 -1 -4 10 -3 -6 -5 -4 -5 -4 -2    0   0   0   0   0   0   0   0   0   0   0   0 100   0   0   0   0   0   0   0  2.93 0.71
    2 S    1 -3 -2 -3 -3 -1 -3  4 -3 -4 -5 -3 -4 -5  1  4  0 -5 -4 -3    9   0   0   0   0   2   0  36   0   0   0   0   0   0   8  41   3   0   0   1  0.80 0.31
    3 T   -2  0 -3 -3  4 -2 -3 -4 -4 -1 -2  2 -2 -4 -3  0  4 -4 -3  3    0   5   0   0   9   0   0   0   0   0   2  19   0   0   0   4  28   0   0  31  0.56 0.29
    4 C   -2 -5 -5 -5 10 -5 -5 -1 -5 -4 -4 -5 -4 -5  2 -1  0 -5 -5 -2    2   0   0   0  70   0   0   6   0   0   0   0   0   0   9   5   5   0   0   3  2.18 0.55
    5 L   -3 -4 -5 -5 -3 -4 -5 -5 -5  4  4 -4 -1 -2 -3 -2 -3 -4 -3  2    0   0   0   0   0   0   0   0   0  31  47   0   0   0   1   4   0   0   0  16  0.92 0.36
    6 T    3 -1 -1 -1 -3 -1 -2  1 -3 -1 -2 -1 -2 -1 -3  2  4 -4 -3  0   25   3   1   3   0   1   0   9   0   3   2   2   0   3   0  12  32   0   0   4  0.40 0.25
    7 V   -1 -4 -3 -2  1 -4 -4 -5 -4  4  1 -4 -1  0 -4 -2  1 -4 -3  4    4   0   1   2   3   0   0   0   0  33   8   0   0   4   0   2  10   0   0  33  0.62 0.29
    8 T   -1 -4 -3 -4  0 -3 -4 -4 -4  3  0 -3 -2 -2 -4  1  5 -4 -1  1    3   0   0   0   2   0   0   0   0  20  10   0   0   1   0  11  39   0   2  11  0.63 0.34
    9 K   -4 -1 -1 -4 -7 -2 -3 -5 -4 -6 -6  8 -5 -7 -5 -4 -3 -7 -5 -6    0   0   3   0   0   0   0   0   0   0   0  96   0   0   0   0   1   0   0   0  2.28 0.75
   10 G   -2 -4 -4 -4  0 -4 -4  0 -4  1  1 -4 -1  4 -4 -1  2 -3  0  2    2   0   0   0   2   0   0  10   0   7  13   0   0  26   0   4  14   0   1  20  0.44 0.26
   11 I   -2 -5 -6 -6 -4 -5 -5 -6 -6  5  1 -5 -1 -3 -5 -3 -2 -5 -4  5    1   0   0   0   0   0   0   0   0  41   9   0   0   0   0   1   1   0   0  46  1.25 0.47
   12 A    3 -5 -4 -4 -5 -5 -5  6 -5 -6 -6 -4 -5 -6 -5 -3 -4 -6 -6 -5   29   0   0   0   0   0   0  71   0   0   0   0   0   0   0   0   0   0   0   0  1.73 0.59
   13 I    0 -4 -4 -4 -3 -4 -4 -5 -5  2 -2 -4 -2 -2 -4 -1  5  0 -4  4    7   0   0   0   0   0   0   0   0  13   2   0   0   1   0   2  43   1   0  30  0.90 0.44
   14 S    0 -4 -3 -4 -3 -3 -3  2 -4  1 -3 -3 -3 -3 -4  3  3 -5 -4  3    6   0   0   0   0   0   0  14   0   6   0   0   0   1   0  27  18   0   0  28  0.56 0.34
   15 S   -1 -4 -3 -4 -4 -4 -4 -1 -4 -5 -6 -4 -5 -6 -4  7  1 -6 -5 -3    3   0   0   0   0   0   0   4   0   0   0   0   0   0   0  87   5   0   0   1  1.72 0.69
   16 L   -3 -5 -6 -7 -4 -5 -6 -7 -6  1  6 -5 -1 -3 -6 -5 -4 -5 -4  0    2   0   0   0   0   0   0   0   0   5  90   0   0   0   0   0   0   0   0   4  1.64 0.58
   17 G   -3 -6 -4 -5 -6 -5 -6  7 -6 -7 -7 -5 -6 -7 -6 -2 -5 -6 -7 -7    0   0   0   0   0   0   0  98   0   0   0   0   0   0   0   2   0   0   0   0  2.47 0.73
   18 L   -1 -5 -6 -6 -4 -5 -5 -6 -5  4  5 -5  1 -1 -5 -5 -3 -4 -1  0    5   0   0   0   0   0   0   0   0  24  62   0   3   2   0   0   0   0   2   2  1.11 0.44
   19 Y    0 -4 -1 -5 -1 -4 -4 -5 -3 -1  4 -4  0  1 -5  0 -3 -2  6 -2    7   0   3   0   1   0   0   0   0   1  43   0   2   5   0   8   0   0  32   0  0.89 0.42
   20 A    3 -4 -3 -4  0 -3 -4 -2 -4 -4 -3 -3 -4 -5 -4  2  6 -5 -4 -3   28   0   0   0   2   0   0   2   0   0   2   0   0   0   0  13  53   0   0   0  1.12 0.52
   21 G   -1 -5 -3 -4 -5 -5 -5  7 -5 -6 -6 -4 -5 -6 -5  0 -1 -6 -6 -3    4   0   0   0   0   0   0  83   0   0   0   0   0   0   0   7   4   0   0   3  1.81 0.60
   22 I   -1 -3 -1 -3 -2 -3 -3 -1 -3  2  3 -2  2 -2 -3  1  1 -3 -1  2    4   0   2   0   0   0   0   4   0  11  30   2   6   0   0  14   8   0   1  15  0.29 0.20
   23 V   -1 -4 -4 -4 -3 -3 -4 -4 -4  0  4 -4  0  0 -4  2 -2 -3  1  2    3   0   0   0   0   0   0   0   0   4  46   0   1   4   0  21   0   0   4  14  0.60 0.35
   24 S    2 -3 -3 -3  0 -3 -3  0 -3 -3 -1 -3 -3  0 -3  2  4 -3  4 -1   20   0   0   0   2   0   0   7   0   0   4   0   0   3   0  15  28   0  15   4  0.49 0.33
   25 A    0 -3 -2 -3 -3 -3 -3 -2 -3  0 -1 -3 -3  1 -3  4  3 -3  3 -1    6   0   1   0   0   0   0   1   0   5   7   0   0   7   0  36  20   0  12   4  0.53 0.36
   26 G    1 -1  0 -2 -3  2 -2  0 -2 -2  0 -1 -1 -3  0  2  2 -4 -2 -1   14   3   5   0   0  12   0   7   0   1  12   1   1   0   5  22  12   0   1   3  0.22 0.21
   27 T    1 -1  1 -3 -1 -3 -3 -1 -3 -2 -3 -3 -2 -2 -2  4  4 -4 -1 -2   10   3   6   0   1   0   0   3   0   1   1   0   1   1   1  38  29   0   3   1  0.65 0.40
   28 L    0 -3 -1 -4 -3 -3 -3 -4 -3  3  3 -3  0  1 -1 -1  1  2  2  1    9   0   3   0   0   0   0   0   0  17  30   0   1   5   2   5  11   3   7   7  0.31 0.22
   29 L   -1  0 -3 -2 -1 -1 -2 -3  0  3  1  0  0 -1 -1  0  0  1 -2  2    4   4   0   3   1   2   2   0   3  22  14   7   1   1   2   8   6   2   0  18  0.18 0.16
   30 V    1 -3 -1 -1 -3  1 -2 -1 -3  1  0 -1 -1 -3 -3  3  3 -4 -2  0   12   0   1   2   0   6   0   4   0   7   8   4   1   0   0  22  25   0   1   7  0.31 0.25
   31 V   -2 -3 -2 -4 -3 -3 -3 -4 -4  3  2 -1  0  0  0  0  0 -3  0  2    2   0   2   0   0   0   0   0   0  23  26   4   2   4   4   9   5   0   3  15  0.36 0.24
   32 N   -1 -1  1 -2 -4 -1 -1 -3 -3  0 -1  1 -1 -3  6  0  0 -5 -4 -3    5   4   6   2   0   1   3   0   0   5   6  11   1   1  40   7   6   0   0   0  0.73 0.33
   33 D    1 -1  2  1 -3  0  0 -1 -2 -2  0  0 -2 -3 -3  2  2  1 -2 -2   14   3   9   8   0   3   3   3   0   1  11   4   0   0   0  17  16   2   1   1  0.19 0.18
   34 R    0 -2 -3 -1 -3  0 -1 -4 -4  1  2 -3 -1 -3  5 -1 -1 -4 -4 -1    8   1   0   4   0   5   3   0   0   7  27   0   1   0  30   5   4   0   0   3  0.56 0.30
   35 V    0 -3 -2 -3  1 -1 -2 -3 -3  2  2 -2 -1  0 -1  0  2 -3 -1  2    7   0   1   0   3   2   2   1   0  15  26   1   0   3   2   8  14   0   1  13  0.23 0.19
   36 T    1 -1  2  2 -1 -2 -1 -3 -3 -2  0 -1 -2 -4  0  3  2 -4 -3 -2    9   3   9  10   1   0   3   0   0   1  11   2   0   0   3  27  17   0   0   2  0.32 0.25
   37 P    0 -2  0 -1 -3  0 -1 -2 -3 -1  1  1 -2 -3  3  1  0 -4 -3  1    9   0   5   3   0   4   4   2   0   2  14  10   0   0  13  14   5   0   0  16  0.19 0.17
   38 T    1 -2  0 -3 -1 -2 -2 -3 -2  1  2 -1 -1 -3  2  1  2 -1 -3  1   10   1   4   0   1   0   2   0   1  11  20   3   1   0   9  15  14   1   0   8  0.21 0.19
   39 N    1 -1  2  0 -3  0  0 -1 -1  0 -1  1 -2 -1 -1  2  2 -4 -3 -1   14   2  10   5   0   3   3   2   1   6   6  11   0   3   1  16  13   0   0   3  0.15 0.15
   40 D    2 -1  2 -1 -3  0  0  0 -1 -1 -2  1 -2 -3  0  2  0 -4 -1 -2   26   1  10   3   0   3   7   6   1   4   2   9   0   0   3  14   5   0   3   2  0.21 0.18
   41 S    0  1  1 -1 -3  0 -1 -2  1 -2 -1  2 -1  1 -2  3  0 -4 -3 -2    8   7   6   2   0   3   1   2   3   2   6  12   1   6   1  33   4   0   0   1  0.27 0.23
   42 K    1  0 -1 -1 -1  1  0 -3 -2 -1  2  1 -1 -1 -1  1  0 -3 -3 -1   15   4   2   2   1   9   5   0   0   2  23  11   1   3   2  12   7   0   0   2  0.15 0.16
   43 H    2 -2  1  1  0  0  0  0  0 -1  0  1 -2 -1 -2  1  1 -1  0 -1   20   0   8   8   2   4   5   4   2   3   9   8   0   3   0   7   9   1   4   2  0.09 0.11
   44 D    0  1  2  0 -3  1  0 -1  3  0 -2  1 -2 -3  0  1  0 -3 -1 -1    7   6  11   6   0   6   6   4  11   6   1   9   0   0   3  13   5   0   2   4  0.17 0.14
   45 L    0  0  1 -1  0 -1  0 -1  1  1  1 -1 -1 -1 -1  0  0 -3  0  2    7   6   9   2   2   2   5   4   5   6  13   1   0   1   2   5   6   0   4  19  0.05 0.09
   46 V    0 -3 -3 -3 -3 -3 -3 -2 -3  2  3 -3  1  2 -4 -1 -1  2  1  2    8   0   1   1   0   0   1   3   0   9  30   1   2  11   0   5   4   3   5  16  0.29 0.19
   47 R   -1  2 -1 -2  4  1 -2 -1 -2  0  0  2 -2  0 -2 -1  1 -3  1 -1    3  14   3   2  12   6   0   4   0   8   8  14   0   5   1   3   9   0   6   3  0.17 0.15
   48 T    0  3  0 -2  1  1 -1  0 -1 -1 -2  1 -1 -3 -2  2  2 -4 -1 -2    5  19   3   1   4   5   1   8   1   3   3   8   1   0   1  16  17   0   2   2  0.23 0.17
   49 L   -1  0  0 -2 -1 -2 -2 -3 -1  1  2  0  1  1 -2  0  2 -3 -2  0    5   6   4   1   1   0   0   1   1  11  24   8   3   6   1   6  16   0   0   6  0.15 0.14
   50 L    1 -2 -1 -3 -1 -3 -3  1 -3  2  2 -2  0 -1 -3  0  1 -3  0  0   11   1   2   0   1   0   0  11   0  13  30   2   1   2   0   9  10   0   3   5  0.20 0.16
   51 C    0  3  0 -2  3  1 -1  0 -1  0 -2  0 -1 -3 -2  2  0 -4 -1  0    6  22   4   0   7   5   2   6   1   6   2   6   1   0   1  19   4   0   2   6  0.22 0.18
   52 K   -1  2  1 -1  0  0 -1  1 -1 -1 -2  3 -2 -1 -1  0  2 -4 -3 -2    3  12   6   2   3   1   3  11   1   4   2  25   0   3   2   5  14   0   0   2  0.23 0.17
   53 V    0 -1 -1 -3 -1  0 -2 -1  2  2  1 -1  0 -1 -1  0  1  3  0  2    5   4   2   0   1   6   0   4   6  12  11   1   1   1   2   8   8   4   4  19  0.10 0.11
   54 G    2  0 -1 -3  0 -1 -2  2  1 -1 -1 -1 -2 -2 -3  1  0 -3 -1  0   20   6   1   0   1   3   0  20   4   4   7   1   0   1   0  15   7   0   1   8  0.20 0.16
   55 T    0  1 -1 -3 -2 -2 -2 -2 -2  1  1 -1 -1 -1  0  1  3 -1 -1  0    6  11   2   0   0   0   1   2   0  11  18   1   0   2   5   9  25   1   2   5  0.17 0.15
   56 G    2  1 -2 -3 -2  0 -2  1 -2  1 -1 -1 -1 -1 -1  1  0  0 -2  2   18  12   0   0   0   3   0  11   1   7   2   0   0   2   3  14   5   1   0  19  0.15 0.13
   57 L   -2 -4 -5 -5  3 -4 -5 -2 -4  0  5 -4  0  2 -5 -4 -3 -3 -2  0    2   0   0   0   8   0   0   3   0   2  73   0   0   9   0   0   0   0   0   3  0.93 0.34
   58 N    2 -2  0 -2 -2 -2 -2  3 -3 -2  0 -1  0 -3 -3  2  1 -4 -3 -2   25   1   4   0   0   1   0  22   0   2   9   1   3   0   0  22  11   0   0   1  0.34 0.19
   59 V    1 -2  1 -2 -2 -2 -2  2 -3 -1 -1 -2 -2 -1 -1  2  3 -1 -2 -1    9   1   6   0   0   0   0  19   0   4   4   0   0   2   1  23  26   1   1   3  0.33 0.19
   60 V   -2 -3 -4 -4 -2 -3 -4 -4 -4  3  4 -3  0  0 -4 -2 -1 -3 -1  3    2   0   0   0   0   0   0   0   0  16  46   0   0   4   0   2   3   0   2  22  0.55 0.22
   61 A    3 -3 -2 -3  0 -2 -2 -1 -3 -3 -1 -2 -3 -4 -3  5  1 -4 -3 -1   28   0   0   0   2   0   0   3   0   0   5   0   0   0   0  52   7   0   0   3  0.69 0.33
   62 T    1 -3  1 -2  1 -2 -2 -1 -3 -1 -2 -2 -2 -1 -3  3  4 -4 -3 -1    8   0   5   0   3   0   0   4   0   4   1   0   0   2   0  26  39   0   0   4  0.48 0.27
   63 V    2 -2 -2 -3 -2 -2 -3  1 -2  1  0 -2 -1 -1 -3  0  1 -1  1  1   28   1   0   0   0   0   0  12   0  10   8   0   0   1   0   6   7   1   8  14  0.18 0.15
   64 V    2 -3 -2 -3  4 -2 -3 -1 -3 -2  1 -2  0  2  1  2  0 -3 -2 -1   20   0   0   0  12   0   0   4   0   0  14   0   1  13   6  19   5   0   0   1  0.26 0.19
   65 F   -4 -4 -5 -5 -4 -4 -5 -5 -3 -1  3 -4  0  7 -5 -3 -3 -2  1 -2    0   0   0   0   0   0   0   0   0   2  28   0   1  60   0   2   0   0   1   1  1.19 0.38
   66 G    0 -3 -1 -3  1 -2 -3  3 -2  0  1 -2 -1  1 -1  0  0 -2  1  0    9   0   2   0   4   1   0  26   0   4  17   0   0   5   2   9   3   0   5   9  0.15 0.12
   67 L   -1 -3 -3 -3 -2 -2 -1 -4 -3  1  3 -3  1  2 -3 -1  1 -3 -2  2    5   0   0   0   0   1   4   0   0   6  39   0   3   9   0   5   9   0   0  16  0.29 0.17
   68 V    4 -3 -2 -3 -1 -2 -2 -1 -3 -3 -4 -2 -3 -4 -3  4  1 -4 -4 -2   50   0   0   0   1   0   0   3   0   1   0   0   0   0   0  34   5   0   0   1  0.75 0.35
   69 Y   -4 -5 -5 -6 -5 -4 -5 -6 -2 -3 -2 -5 -3  6 -6 -4 -4  3  8 -3    0   0   0   0   0   0   0   0   0   0   2   0   0  38   0   0   0   3  57   0  1.93 0.52
   70 F    0  0 -2 -3  1 -2 -2 -3 -1  0  0 -1 -1  4 -3 -1  1  3  3  0    7   7   1   0   3   0   1   0   1   4  11   4   0  25   0   5  10   4  14   4  0.29 0.16
   71 S    0  0 -2 -2  1 -1 -2  1  0  0  2 -1  0  1 -3 -1 -2  0  2  0    7   7   1   2   4   1   0  14   2   4  32   3   0   6   0   3   0   1  10   4  0.13 0.12
   72 S    3 -3 -2 -3 -3 -2 -2 -1 -3 -3 -3 -2 -3 -4 -3  5 -1 -5 -4 -1   27   0   0   0   0   0   0   3   0   0   2   0   0   0   0  63   0   0   0   5  0.90 0.39
   73 P    0 -4 -1 -3 -4 -3 -1  0 -4 -4 -4 -2  0 -5  7  0 -2 -5 -5 -4    6   0   3   0   0   0   3   7   0   0   1   2   3   0  66   8   2   0   0   0  1.53 0.41
   74 G    0  3 -2 -1 -3 -1  0 -2 -2  0 -1  2 -2 -3  3  0  0 -4 -3  0    7  21   0   3   0   1   4   2   0   5   7  14   0   0  16   7   3   0   0   9  0.25 0.14
   75 Y    1  3  0  0  1  0 -1 -1  2 -2 -3  0 -2 -1  0  2  0 -3  1 -2   10  21   4   6   4   2   0   4   6   2   0   2   0   2   5  19   3   0   6   1  0.19 0.13
   76 A    1  0 -1  0 -2  0  0  2  0 -2 -1  0 -2  0 -2  0 -1  5  0 -2   16   7   1   4   0   5   8  20   3   1   7   4   0   5   0   4   1  10   2   2  0.20 0.10
   77 R   -3  6 -2 -3 -5  1 -1 -3 -2 -4 -4  5 -3 -4 -3 -2 -3  2 -3 -4    0  48   0   0   0   4   0   0   0   0   1  40   0   0   0   0   0   3   0   0  1.16 0.37
   78 H   -4 -3 -2  0 -5  1 -2 -4 10 -5 -3 -3 -4 -4 -2 -1 -4 -5 -1 -5    0   0   0   6   0   6   0   0  77   0   3   0   0   0   2   4   0   0   0   0  2.03 0.53
   79 P   -1 -4  0 -3 -5 -3 -3 -4 -4 -4 -3 -1 -4 -5  8 -3 -3 -5 -5 -4    6   0   5   0   0   0   0   0   0   0   3   3   0   0  80   0   0   0   0   0  2.08 0.49
   80 Y   -4 -4 -4 -5 -4 -1 -4 -5 -1 -4 -3 -4 -3  2 -5 -2 -1  0  9 -3    0   0   0   0   0   2   0   0   0   0   0   0   0   5   0   3   4   0  82   0  2.01 0.54
   81 L   -3 -1 -4 -5 -3 -3 -4 -5 -4  0  5 -4  1 -2 -4 -2 -1 -3 -3 -1    0   4   0   0   0   0   0   0   0   3  83   0   2   0   0   3   3   0   0   0  1.02 0.35
   82 V   -3 -4 -4 -5 -3 -4 -4 -5 -4  3  4 -4  0 -1 -4 -4 -2 -3 -2  3    0   0   0   0   0   0   0   0   0  21  56   0   0   1   0   0   0   0   0  19  0.79 0.27
   83 Y   -2 -4 -4 -5  0 -4 -4 -5 -1 -2 -2 -4 -3  1 -5 -4 -4  7  8 -3    4   0   0   0   2   0   0   0   0   1   3   0   0   3   0   0   0  15  68   0  1.84 0.49
   84 A    2 -2 -1 -2  2 -2 -2  3 -3 -2 -3 -2 -1 -3 -2  2  2 -3 -3 -1   20   0   0   0   5   0   0  24   0   0   1   0   2   0   0  22  18   0   0   4  0.42 0.20
   85 A    3 -2 -2 -3  0 -2 -2 -1 -3 -1  1 -2  3  0 -2  2  0 -3 -2 -1   36   0   0   0   1   0   0   2   0   2  12   0  12   4   0  24   3   0   0   2  0.36 0.21
   86 L    0 -3 -3 -4  2 -3 -3 -2 -3  2  4 -3  1 -1 -3 -2 -1 -3 -2  2    9   0   0   0   5   0   1   2   0  12  47   0   3   0   0   1   1   0   0  16  0.43 0.18
   87 T    0 -2 -2 -2 -2 -2 -2  2 -3  1  1 -2 -1  0 -1  0  0 -3 -2  3    8   1   0   1   0   0   1  20   0   9  11   1   0   3   2   9   5   0   0  29  0.19 0.12
   88 G    3 -2 -2 -2  1 -2 -2  2 -3  0 -1 -2 -1 -1  0  1  1 -3 -2  1   32   0   0   0   3   0   0  15   0   4   4   0   0   3   4  10  10   0   0  11  0.23 0.14
   89 P    0 -3 -2 -2 -3 -1 -2 -1 -3 -2 -1 -2 -2 -3  6  0  0 -4 -3 -1    7   1   1   1   0   3   1   6   0   2   6   1   0   0  53   9   5   0   0   5  0.99 0.26
   90 A    0 -3 -3 -3 -2 -3 -3 -3 -3  3  4 -3  0  0 -3 -2  0 -3 -2  2    6   1   1   1   0   0   1   1   0  22  47   1   0   2   1   2   5   0   0  11  0.44 0.18
   91 T    2 -2 -1 -2  0 -1 -1  1 -2 -1 -1 -1  0 -1 -2  2  3 -3 -2 -1   16   1   1   1   2   1   2  12   0   4   5   1   2   3   1  25  23   0   0   2  0.25 0.14
   92 S    1 -1 -2 -2  0 -2 -2  2 -2  0  0 -2 -1 -1 -2  1  0  1  2 -1   12   2   0   2   2   0   1  23   0   6  11   1   0   1   0  15   7   2  12   2  0.17 0.12
   93 L    1 -2 -2 -2  0 -1 -2  2 -2  1  2 -2  0  0 -2  0  0  0 -2  1   18   1   1   1   1   2   1  16   0   7  28   1   0   3   1   5   5   2   0   8  0.14 0.10
   94 Y   -1 -3 -2 -3 -3 -3 -3 -1 -1  1  0 -3  0  2 -3  0 -2 -1  6  2    4   1   2   1   0   1   1   6   0   7   7   1   3   7   1   6   1   0  37  14  0.58 0.26
   95 M   -1 -2  0 -1 -2 -2 -1  1 -2  0  2 -2  1 -1 -2 -1 -1  3  3 -1    4   1   5   4   0   1   3  14   0   3  29   1   3   1   2   5   3   4  14   3  0.19 0.15
   96 F   -1 -3 -3 -3  1 -1 -2  1  2 -2  1 -3  0  2 -3 -1 -2  4  5 -1    5   1   1   1   3   2   3  12   4   1  14   1   3   7   1   4   1   5  29   4  0.47 0.24
   97 L    0 -2 -2 -1  1  0 -2  1 -1  1  1 -2  1  3 -3 -1 -1  0  3 -1   11   0   2   4   4   4   1  10   1   9  17   2   3  15   1   2   2   1  11   2  0.16 0.13
   98 S    0 -1  0 -2 -2 -1 -1  0 -2  0  0  0  0  1  0  1  1  0  1  1    6   2   4   1   0   2   2   9   0   3   8   7   1   7   5  14   9   1   6  13  0.05 0.07
   99 K    0  0  0  0 -1  0 -1  0 -2 -2 -1  0 -1  0  0  2  1  3 -1  0    7   6   3   5   1   3   2   5   0   1   6   7   1   6   5  20   9   5   1   6  0.10 0.09
  100 R    0  2  0  0 -2 -1 -1 -1  0 -1  0  0 -1  3  0  0 -1  0  2 -1    6  15   6   4   0   2   3   5   2   2   7   4   0  17   5  10   3   1   6   2  0.12 0.10
  101 Y    0 -1  0 -1  2 -1  0  0  0 -1 -1  0 -1  1  2  1 -1  2  1 -1    9   2   5   2   6   1   4   8   3   2   7   6   0   7  11  13   3   3   6   3  0.10 0.08
  102 W    1  0  0  0 -2  0  0 -2  1 -1  0 -1 -1  1 -1  0 -1  5  1  0   14   7   5   5   0   3   5   1   3   2  13   3   0   6   3   6   3   9   5   6  0.11 0.09
  103 L    0  0  0  0 -1  1  1 -1  2  0  0  0  0  0 -2  0  1 -2  1  0    5   4   4   4   1   5  13   4   6   5  11   5   2   4   1   5  10   0   6   6  0.05 0.05
  104 K    0  2  1 -1 -3  1  0 -1 -1 -2 -1  3 -2 -3 -1  1 -1 -3 -2 -1   10  15   9   2   0   5   4   3   1   2   7  20   0   1   2  10   2   0   0   6  0.21 0.14
  105 Q    0  0  0  0  1  1 -1  2  1 -1 -1  1 -1 -1 -2  0 -1  1  0 -1    5   4   3   4   3  10   2  16   3   5   6  14   0   2   1   8   3   2   4   4  0.08 0.08
  106 L   -1 -1 -2 -1  3 -1 -2 -1 -2  1  3 -2  2  1  0 -1  0 -2 -1  0    4   3   1   4   8   3   1   4   0   7  35   2   5   5   5   5   4   0   2   2  0.17 0.13
  107 R    1  0 -1 -1  0  0  0  0 -2 -1  0  0 -1  0  2  1  0 -2 -1 -1   11   6   1   4   3   4   5   5   0   2  13   7   0   4  11  11   7   0   1   5  0.08 0.06
  108 N    1  0  0  0 -1  0  1  1 -1 -1 -1  2 -2 -2 -1  2  0 -3 -1 -1   14   6   5   4   1   3   8   9   1   3   5  14   0   1   2  18   2   0   2   3  0.13 0.10
  109 L    1  1 -1  0  3  0 -1 -1 -1  0  0  0 -1 -1 -1  0  0  2 -1  0   13   8   1   7   8   6   2   2   1   9   8   7   0   2   2   7   8   4   1   7  0.06 0.07
  110 K    1  1 -1  1  2  0  0 -1 -1 -1 -1  2 -1 -1  0  0  0 -2  1 -1   11   6   1   8   5   2   7   4   0   2   7  19   0   3   4   6   5   0   6   4  0.09 0.09
  111 E    0  0  0  0  0  1  2  0 -1 -1 -2  1 -1 -1  0  1  1  1 -1 -1    7   4   4   3   2   7  14   5   1   4   3  10   0   3   3  11  11   3   1   3  0.10 0.08
  112 T    0  0  0  0 -1  0  1  0 -1 -1 -1  1  0 -1  1  1  1 -1 -1 -1    8   5   6   3   1   4   8   6   0   2   4  12   2   4   7  12  10   1   1   5  0.09 0.07
  113 K    0  1 -1  0  1  0  0  0 -2 -1  0  2 -1 -2  1  0  0 -3 -2  0    7   8   0   6   4   2   6   7   0   4   8  15   0   2   7   8   6   0   1   8  0.07 0.07
  114 I    0  0  0 -1 -2 -1 -1  0 -1  1  0  0  0  0  1  0  0 -1 -1  1    9   5   4   2   0   2   4   6   1   7  13   8   1   4   6  10   6   1   1  12  0.03 0.04
  115 T    1 -1  0 -2  1 -1  0 -1  0 -1  0  0  0 -1  2  1  0 -3 -2  1   14   2   3   1   4   2   5   3   2   3   9   8   2   2  11  15   4   0   0  11  0.11 0.10
  116 D    0  1  1  3 -3 -1  1 -1 -1 -2 -3  1 -2 -2  3  1 -1 -3  0 -1    6   7   6  19   0   2   8   3   1   1   1   8   1   1  13  13   2   0   4   4  0.27 0.17
  117 E    2  2 -2  0 -3  1  1 -1 -2 -1 -1  1 -2 -2  0  1 -1 -3 -3  0   17  11   0   3   0   9  11   4   0   3   4   9   0   1   4  11   3   0   0   8  0.16 0.14
  118 K    1  1  0  0 -3  0  1  1 -2 -3 -2  2 -2 -3  1  0  1 -4 -3 -2   11   6   3   5   0   3  10  11   0   0   3  18   0   1   7   8  11   0   0   2  0.22 0.16
  119 H    1  0  1  0 -1  0  1 -1  2  0 -1  1 -1 -2 -1  0  1 -3  0  0   11   3   8   3   1   2  12   3   7   4   5  10   1   0   3   5   8   0   3  10  0.08 0.08
  120 S    0  0  1 -1 -3  0 -1 -1 -1 -1 -1  1 -2 -1  0  2  2 -3 -1 -1    8   5   6   3   0   3   3   4   1   2   5   8   0   2   5  24  12   0   2   5  0.16 0.15
  121 P    0  0 -1 -1 -1  0  0  0  1 -1 -2  2 -2  0  3  1  1 -1 -2 -1    7   5   1   1   2   3   7   8   4   4   2  13   0   5  15   9   8   1   0   5  0.17 0.13
  122 P    1 -1 -1 -1 -1  0  0 -2  1 -2 -1  1 -2 -3  4  2  0 -4 -2 -2   12   2   2   4   1   3   6   2   3   2   8   8   0   0  23  15   4   0   1   2  0.33 0.19
  123 P    1  0  0  0 -3  1  1 -1 -2 -3 -2  0 -1 -3  4  1  1 -4 -2 -2   10   4   4   4   0   8   8   4   0   0   2   7   2   0  21  11   8   0   2   3  0.33 0.19
  124 V    0  1 -1 -1 -1  0  0 -1 -2  0  1  1  1 -1  0  0 -1 -3 -2  1    8   8   1   3   1   5   3   5   0   3  13  13   3   3   4   9   1   0   0  13  0.06 0.08
  125 G    0  1  0  1 -1  2  1  0  1 -2 -2  2 -1 -2 -1  0  0 -3 -2 -2    9   6   4   7   1   9  12   9   4   3   2  15   1   1   2   6   6   0   0   3  0.16 0.11
  126 Q    0  0  0  0 -1  1  1  0  2 -2 -1  1 -1 -3  1  0  1 -3 -1 -1    9   4   3   5   1   9  10   8   5   2   4   7   1   0   6   8   8   0   1   6  0.11 0.08
  127 D    0  1  0  1 -3  0  1 -2 -1 -1 -1  2 -1 -2  0  0  0 -3 -2  0    8   6   3   9   0   3   9   1   1   4   7  19   2   2   5   7   7   0   1   7  0.13 0.11
  128 A    1  1  0  1 -3 -1 -1  0  0 -2 -2  1 -1 -3  1  2  1 -3 -2  0   15   7   4   7   0   2   3   5   2   1   3  10   1   0   6  15   8   0   1   8  0.14 0.13
  129 A    1  1 -2  1 -1  1  0  0 -2 -2 -2 -1 -2 -2 -1  2  1 -3 -3  1   15   7   0   7   1   8   7   7   0   1   2   2   0   1   2  19   7   0   0  12  0.19 0.18
  130 Q    1  1 -1  0 -3  1  1 -2 -1 -2 -1  3 -2 -3 -1  1 -1 -3 -1 -1   14   6   2   6   0   6  11   2   1   1   5  20   0   0   2  14   1   0   3   5  0.20 0.16
  131 T    0  0 -1  1 -2  0  2  0 -2  1  0  0 -1 -2  0  0  1 -3 -2 -1    8   6   2   6   0   4  14   7   0  10   7   5   1   1   5   8  12   0   1   4  0.09 0.09
  132 S   -1  1  1  0 -2  1  1  0 -1 -1 -2  0 -1 -3  2  1  0 -3 -2  0    3   8   5   6   0   5   8   6   2   4   3   5   2   1  10  16   6   0   1   8  0.13 0.10
  133 D    1 -1 -1  1 -1  0  2  0 -2 -1 -2 -1 -1 -3  1  1  0 -3 -3  0   12   3   1   9   1   4  20   7   0   3   4   1   2   1   6  14   4   0   1   8  0.18 0.15
  134 K    1  2  0  1  0  0  0 -1 -1 -2  0  2 -1 -3 -1  1 -1 -3 -2 -1   11  14   3   7   2   2   3   4   1   1  10  17   1   0   2  13   2   0   1   3  0.16 0.14
  135 A    0  0  1  1 -1  0  0 -1  0 -1 -1  1  0 -3  1  1  0 -1 -2 -1    9   5   9  10   1   4   5   3   2   2   8   7   2   0   8  15   3   1   0   3  0.12 0.10
  136 E    0  0  0  2  0  0  3  1  0 -2 -3 -1 -3 -1  2  0 -2 -3 -2 -3   10   5   4  13   2   3  20  10   2   2   1   3   0   3  11   7   1   0   1   1  0.27 0.18
  137 I    0  0 -1 -1 -2 -1  0  0  0  0  1  0  1  0  0  1  0 -2 -1  0    8   4   1   4   0   2   6   6   2   6  16   5   4   3   4  15   4   0   1   8  0.04 0.06
  138 S    0  1 -1  2 -2  0  0 -1 -1 -2 -1  0  0 -1  0  2  0 -3 -1 -1    5   9   2  11   0   4   5   5   1   1   7   5   2   3   4  22   6   0   2   5  0.12 0.13
  139 Y   -1  0  0  2  0 -1  0  1 -1 -2 -2  0  1 -2 -2  1  0 -2  2 -1    4   4   5  15   3   2   5  12   1   2   2   4   6   1   1  12   7   0  11   5  0.14 0.14
  140 A    0 -1  0  0 -3 -1  1  0  1 -2 -2  2 -1 -3  1  3 -1 -3 -1 -1    9   2   4   5   0   1   9   7   3   2   4  12   1   0   8  26   1   0   2   4  0.22 0.18
  141 A    1  0  0  2 -2 -1  1  0 -2  0 -1 -1  0 -2 -2  1  0 -3 -1  1   14   4   3  11   0   1  12   6   0   5   5   1   3   1   1  11   4   0   3  16  0.12 0.13
  142 A    0 -1  0 -1 -3  0  1 -1 -2 -1  0 -1 -2 -1  1  1  1 -2  3 -1    7   1   5   2   0   3  12   5   0   2  12   3   0   2   6  14   8   0  12   5  0.12 0.13
  143 A    0 -1  2  1 -3 -1  2  1 -1 -1 -2  0 -2 -3  0  1  0 -3  0  0    7   2  10   6   0   1  17  13   1   2   2   5   0   0   4  11   4   0   4  10  0.16 0.14
  144 A    0  0 -1  3 -3  0  2 -2 -1 -1 -2  0 -1 -3 -1  2  0  0 -1 -1    8   5   2  17   0   3  17   2   1   4   4   6   1   0   2  15   4   1   2   5  0.21 0.17
  145 V    0 -1  0 -1 -2 -1  0  0 -2  1  0  0 -1 -1  1  1 -1 -3 -2  1    9   3   3   3   0   1   5   6   0   8  10   8   1   3   8  15   2   0   0  13  0.08 0.10
  146 G    0 -1 -1  1 -3 -1  2  2  1 -2 -1  0  0 -2 -1  1  0 -3  0 -1    8   2   1   8   0   1  14  16   3   2   7   5   3   2   2  13   5   0   3   5  0.12 0.12
  147 A    1 -2  0  0 -2  0  2  0 -1  0 -1  0 -1 -3 -1  1  1 -3 -2  1   13   1   3   5   0   4  16   7   1   4   4   6   1   1   2  13   7   0   0  11  0.13 0.12
  148 E    1 -1  0  2  0  0  1 -1  1 -2 -2  0 -1 -3  2  2  1 -3 -2 -2   12   3   4  10   2   2   9   4   3   2   2   5   2   1  12  15   9   0   1   2  0.20 0.14
  149 N    1 -1  1  2 -3 -2  0  0 -1 -2 -3 -1  0 -3  2  3  0 -4 -3 -2   12   2   5  11   0   1   6   6   1   2   2   3   3   1  11  25   6   0   0   3  0.28 0.20
  150 G    0 -1  0  1 -2  0  1  0  0 -1 -1  0 -1 -1  1  1  1 -2  1 -1    7   1   4  10   0   2  10   8   3   2   4   5   1   3   6  13   8   0   6   5  0.09 0.09
  151 G   -1  0  0  0 -3 -1  3  0 -1 -1 -1  0 -1 -2  2  2  0 -4 -2 -1    1   4   3   5   0   2  21   6   1   5   6   4   2   2   9  20   4   0   1   5  0.21 0.19
  152 E    0 -1  1  3 -3  0  3  0  0 -2 -3  0 -2 -1  1  1 -1 -4 -2 -1    6   2   6  16   0   3  19   6   2   3   1   4   1   3   5  14   3   0   1   5  0.23 0.17
  153 L   -1 -1  0  0 -2 -1  1 -1  1  0  1 -1  0 -1  1  1  1 -3 -2 -1    4   2   3   4   0   1   9   5   4   6  22   3   3   2   6  12  10   0   0   3  0.08 0.11
  154 S    0 -2 -1  2 -3  0  3  1  3 -2 -3  0 -3 -3 -2  2 -2  0 -1 -1    8   0   1  14   0   3  19  12   8   2   2   4   0   0   1  15   0   1   2   5  0.29 0.22
  155 E    0 -2  0  4  0  0  3  0  2 -4 -3 -1 -3 -4  0  1  0 -4 -3 -2    7   1   2  26   2   4  19   6   5   0   2   1   0   0   5  11   5   0   0   2  0.43 0.27
  156 S    0 -3  0  2 -3  1  1 -1 -3 -3 -4 -2 -3 -2  3  4  0 -4 -3 -1    5   1   4  10   0   5   8   5   0   1   1   1   0   2  13  33   6   0   0   5  0.43 0.29
  157 V    2 -2 -1 -1 -2 -1  1 -1  1  1  0 -1 -1 -1  1  0  0 -3  0  1   19   2   2   2   0   2  13   3   3  10   7   2   0   2   7   7   4   0   4  14  0.11 0.13
  158 V    0 -1 -1 -1 -1 -2  0 -1 -3  1 -2 -1  0 -2  0  1  2 -3  0  3    5   2   2   3   1   1   8   4   0   7   1   4   2   1   4  12  13   0   3  27  0.19 0.18
  159 D   -2 -1  0  5 -3 -1  1 -3  1 -2 -2  1 -3 -3  3  0 -1 -4 -3 -2    3   2   3  32   0   2  10   1   4   2   4  11   0   1  13   6   3   0   1   3  0.48 0.25
  160 L    0 -1  0  0 -2  0  1 -1 -2  0  1 -1  1 -1 -1  0  0  1 -1  1    6   2   6   5   0   3  10   3   1   5  21   1   3   2   2   7   7   2   1  12  0.06 0.07
  161 G    1 -2  1  0 -3 -2  0  4  0 -3 -2 -1 -3 -3  0  1 -1 -3 -3 -2   15   1   7   6   0   1   5  31   3   1   3   3   0   1   4  13   3   0   1   3  0.36 0.20
  162 I    1 -1  0  1 -2  0  2  1  0  0 -2  0 -2 -3 -1  1  0 -3 -2 -1   13   2   4   9   0   2  16  11   2   9   2   5   0   1   3  10   7   0   1   3  0.15 0.12
  163 E   -1 -1  0  2 -1  2  3 -2  1 -2 -2  1 -1 -2  0  0  0 -3 -2 -1    3   2   4  14   1   9  22   1   3   2   4   9   1   2   5   7   4   0   1   6  0.26 0.17
  164 K    1  0  0  1  0  0  2  0 -1 -3 -2  1 -2 -3  0  1  0 -3 -3 -2   10   4   4   9   3   4  19   8   1   1   4   8   0   1   5  11   4   0   0   3  0.18 0.13
  165 T    0  0  1  1 -3 -1  3  0 -2 -2 -1 -1 -2 -3  1  1  1 -3 -3  0    6   4   7   7   0   2  21   6   0   1   6   2   0   1   6   9  10   0   1  10  0.17 0.15
  166 I    1  0 -1  1 -1  0  0  0  2 -1 -1  0 -1 -1  0  1  2 -3 -2  0   12   4   1   8   1   3   7   5   5   2   4   6   1   2   5  12  15   0   1   6  0.11 0.10
  167 A    2 -2  0 -1  0  0  1  0  0 -1 -1 -1 -2 -2  0  1  0 -3 -1  0   21   1   5   2   2   3  12   6   2   4   5   1   0   1   4  14   5   0   2   9  0.13 0.13
  168 Q    1 -1  1  0 -3  2  3 -1  1 -3 -3  1 -1 -2 -1  2  0 -3  0 -3   14   1   8   4   0   8  19   3   4   1   1   8   1   2   2  15   4   0   3   1  0.26 0.19
  169 A    1 -1 -1 -1  2 -1  0 -1 -2  2 -1  0 -1 -2  0  1 -1 -3 -2  1   17   4   2   2   6   2   8   4   0  15   3   5   1   1   5  10   2   0   0  12  0.12 0.13
  170 E    1 -2 -1  1 -4  0  4 -1 -2 -3 -3 -1 -3 -2  2  0 -1 -4 -3  0   11   1   3   9   0   4  34   4   0   1   1   3   0   2  10   6   4   0   0   7  0.44 0.28
  171 K    0 -1  0  0 -3  1  2 -2  1 -1 -1  1 -2  0 -1  0  1 -3 -1  1    6   1   3   4   0   8  14   2   4   2   4  10   0   5   3   7  10   0   2  15  0.12 0.13
  172 D    0 -1  0  2 -4 -1  5 -3  1 -2 -1  0 -3 -3  0 -1  1 -4 -3 -1    6   2   5   9   0   1  39   1   3   2   6   4   0   1   4   3   8   0   0   6  0.45 0.29
  173 F    0 -1 -1 -2 -2 -1  1 -1 -1  1 -1  0  2 -1  0  1  0 -3 -2  2    5   2   3   1   0   2  13   5   1   8   3   4   8   3   4  11   7   0   0  20  0.12 0.15
  174 E    0  0  0  1 -4  0  4 -1 -1 -1 -3  1 -3 -4  0 -1 -1 -4 -3 -2    8   5   5   7   0   3  38   5   1   5   1   7   0   1   5   4   3   0   0   2  0.44 0.27
  175 K   -1  0  2  2 -3  1  2  0  1 -1 -1  0  0 -2 -1  0  0 -3 -2  0    3   5  10  12   0   5  14   6   4   4   6   5   3   1   2   5   5   0   0  10  0.12 0.11
  176 Q    2  0 -1  1  1  0  1 -1  0 -1 -2 -1 -1 -2  0  1  1 -3  0 -1   20   4   2   8   3   5  11   2   3   3   2   3   2   2   4  10   9   0   3   5  0.12 0.12
  177 K   -1  0  0 -2 -2 -2 -1 -2  0  1  3  0  0  0 -2  0 -1 -3 -2  2    3   7   5   2   0   1   4   2   2   7  31   6   2   3   2   7   2   0   0  14  0.15 0.15
  178 A    2 -1  5 -1 -3 -1 -1 -2 -2 -1 -2  0 -2 -2 -1  1  0 -3 -1 -1   18   3  30   2   0   3   2   2   0   3   5   5   0   2   2  11   6   0   2   4  0.36 0.26
  179 D   -1  0 -1  2 -4  0  1  3 -3 -4 -3  4 -3 -4 -3 -2 -1  1 -3 -3    4   3   3  12   0   3  11  25   0   1   2  27   0   0   1   1   3   2   0   2  0.50 0.30
  180 E   -1 -1 -1  0 -4  1  4 -3  1 -2  0  3 -1 -2 -2 -1  0 -3 -1 -2    6   2   2   5   0   4  27   1   3   2   9  20   2   2   1   3   8   0   3   2  0.33 0.25
  181 V    0 -2 -2  1 -3  1  4 -1 -1 -1 -2 -1 -3 -4 -1  1  0 -4 -2  0    8   1   0   6   0   6  33   4   1   3   4   1   0   0   3  10   7   0   1   9  0.34 0.26
  182 V    0  0 -1 -2  1 -2 -2 -2 -2  1  1 -2  1  0 -1 -1  0 -3  1  3    8   6   4   2   4   1   2   2   0   8  10   2   3   4   2   3   4   0   5  29  0.15 0.15
  183 R   -1  4 -1 -1 -1  1  0 -2 -2  0 -1  2 -2 -2  0 -1  0 -3 -3  0    6  27   2   2   1   6   7   3   0   6   6  12   0   2   4   4   4   0   0   8  0.24 0.19
  184 R    1  1  1  0 -3  1  0  0  2 -2 -1  2 -1 -3 -1  1  0 -3 -2 -1   11  10   9   5   0   6   6   5   5   2   6  12   1   0   2   9   7   0   0   3  0.13 0.12
  185 E   -1 -1  0  2  0  0  2  0  0  1 -1 -1 -1 -3  0  0  0 -3 -3 -1    4   3   4  15   3   4  19   7   2  10   4   3   1   0   5   6   7   0   0   4  0.16 0.14
  186 T   -1 -2 -2 -4  1 -2 -3 -4 -1  0  4 -3  2 -2 -2  0  0 -3 -3  2    5   2   1   0   2   2   1   1   2   4  39   1   7   0   2   8   7   0   0  16  0.39 0.27
  187 Q   -1  0 -1  0 -4  2  4 -1 -2 -2 -3  3 -3 -4 -1  1 -1 -4 -1 -1    4   5   2   5   0  10  27   3   0   2   1  17   0   0   2   9   3   0   3   5  0.38 0.27
  188 S   -1  1  0 -2 -1 -1 -1  1  1 -1 -1  2 -1 -2 -3  2  2 -4 -3  0    4   8   4   1   1   1   3   9   4   2   4  14   1   1   0  20  12   0   0   8  0.18 0.19
  189 I   -2 -4 -4 -4 -3 -1  0 -3 -4  3  3 -3  2  3 -4 -3 -1  1 -2  2    2   0   0   0   0   2   6   1   0  16  28   1   6  16   0   0   3   2   0  14  0.46 0.28
  190 K    0  3  1 -2 -4  1 -1 -1  0 -3 -2  3 -1 -4 -3  1  0 -4 -3 -1    8  21   8   1   0   6   2   5   2   0   4  18   1   0   0  12   6   0   0   4  0.33 0.24
  191 V    0  2  0 -1 -1  0 -1 -3 -2 -1  0  2 -2  1  1  0  0  1  0 -1    8  11   3   2   1   4   1   0   0   3   9  19   0   8   6   8   6   2   3   4  0.14 0.15
  192 R    0  0  0 -2 -3  0 -2  2  5  0 -1 -1 -2 -1 -3  1  0 -4  0 -1    6   6   4   1   0   3   1  20  17   5   7   3   0   3   0  11   5   0   3   3  0.26 0.22
  193 A   -2 -1 -1 -3 -4  4  0 -2 -1 -1  1 -3 -2  1 -3 -1 -2 -2  6 -3    3   4   3   1   0  19   5   3   1   3  18   0   0   4   1   3   2   0  30   0  0.61 0.40
  194 V    0 -1 -1 -3  0 -2 -3 -1 -3  2  1  0  0  1 -3 -1  1  4  1  1    6   3   3   0   2   1   0   4   0  13  17   8   2   5   0   2  10   6   6  10  0.15 0.15
  195 A    1 -4 -4 -4 -3 -2 -4 -4 -4  3  0 -2  0  0 -4 -2 -1  0  2  4   14   0   0   0   0   1   0   0   0  20   7   3   2   4   0   1   4   1   8  33  0.52 0.32
  196 T    2  3 -1 -3 -3  1 -2  2 -3 -1 -1 -1 -1 -2 -3  1  1 -4 -3  0   17  17   1   0   0   7   1  15   0   2   5   3   1   1   0  12  10   0   0   7  0.25 0.22
  197 A    2 -4 -3 -3 -3 -3 -3  1 -4 -3 -2 -3 -3  0 -4  4  4 -5 -4 -1   15   0   0   0   0   0   0   9   0   0   4   0   0   5   0  32  28   0   0   5  0.67 0.44
  198 V    2 -3 -1 -3 -3 -3 -3  2 -3  0  0 -3 -2 -2 -3  1  0  4  0  1   23   0   2   0   0   0   0  18   0   6  12   0   0   0   0  11   5   6   4  10  0.30 0.24
  199 I   -1 -5 -5 -5 -3 -4 -5 -2 -5  4  2 -4 -1  1 -3 -2 -1 -4 -3  4    6   0   0   0   0   0   0   3   0  30  16   0   0   6   1   3   2   0   0  32  0.71 0.38
  200 A    4 -4 -2 -4 -4 -3 -3 -1 -4 -2 -2 -3 -4 -1 -4  4  2  2 -4 -1   31   0   1   0   0   0   0   3   0   2   3   0   0   2   0  40  11   3   0   4  0.78 0.49
  201 T    1 -4 -3 -4 -4 -2 -4  5 -4  2 -1 -4 -3 -1 -4  1 -1 -5 -4  1   13   0   0   0   0   1   0  43   0  12   5   0   0   2   0  10   3   0   0   9  0.65 0.37
  202 V    2 -4 -5 -5 -1 -4 -4 -4 -5  3  3 -4 -1  1 -2 -2 -2 -4 -3  4   18   0   0   0   1   0   0   0   0  14  28   0   0   5   2   2   1   0   0  29  0.63 0.37
  203 G    3 -5 -4 -4  0 -4 -5  6 -5 -5 -4 -4 -5 -6 -5  1  0 -6 -5 -2   23   0   0   0   2   0   0  54   0   0   1   0   0   0   0  12   5   0   0   3  1.16 0.56
  204 F   -6 -7 -7 -8 -6 -7 -7 -7 -6 -2  2 -7 -3  9 -8 -6 -6 -3 -1 -4    0   0   0   0   0   0   0   0   0   1  19   0   0  80   0   0   0   0   0   0  2.50 0.89
  205 I    2 -4 -4 -4  0 -4 -4 -2 -4  1  2 -4  0  0 -4  0  0 -4 -3  2   24   0   0   0   1   0   0   3   0   9  26   0   1   4   0   8   5   0   0  19  0.42 0.30
  206 Q   -2 -4 -5 -5 -4  3 -4 -4 -4  4  2 -1  6 -2 -5 -4 -2 -5 -4  1    3   0   0   0   0  14   0   1   0  22  17   4  26   1   0   0   2   0   0  10  0.84 0.47
  207 S    4 -4 -1 -4  1 -4 -4  2 -4 -5 -5 -4 -1 -5 -4  4  0 -6 -5 -2   32   0   3   0   3   0   0  15   0   0   0   0   2   0   0  39   4   0   0   2  0.89 0.52
  208 V   -1 -5 -5 -5 -4 -5 -5 -5 -5  2  0 -5 -2 -2 -5  0  2 -6 -4  6    4   0   0   0   0   0   0   0   0  12   6   0   0   1   0   8  14   0   0  54  0.98 0.51
  209 I   -4 -6 -6 -6 -4 -6 -6 -7 -6  5  0 -6 -1  2 -6 -4 -4 -5 -4  6    0   0   0   0   0   0   0   0   0  29   6   0   1   8   0   1   0   0   0  55  1.38 0.59
  210 G   -4 -6 -4 -5 -7 -6 -6  8 -6 -8 -8 -6 -7 -7 -6 -4 -6 -7 -7 -7    0   0   0   0   0   0   0 100   0   0   0   0   0   0   0   0   0   0   0   0  2.73 0.92
  211 V   -4 -5 -6 -6  1 -5 -6 -6 -5  5  3 -5  2  0 -5 -5 -3 -5  0  3    0   0   0   0   3   0   0   0   0  34  34   0   4   2   0   0   0   0   3  20  1.01 0.45
  212 S   -2 -6 -6 -7 -5 -5 -6 -6  0  3 -1 -6 -1  1 -6 -3 -5 10  6 -1    3   0   0   0   0   0   0   0   2  15   6   0   1   5   0   2   0  36  24   5  1.74 0.65
  213 G   -4 -6 -4 -5 -7 -6 -6  8 -6 -8 -8 -6 -7 -7 -6 -4 -6 -7 -7 -7    0   0   0   0   0   0   0 100   0   0   0   0   0   0   0   0   0   0   0   0  2.72 0.91
  214 E   -5 -5 -3  7 -7 -3  5 -5 -5 -7 -7 -4 -7 -7 -5 -4 -5 -8 -7 -7    0   0   0  68   0   0  32   0   0   0   0   0   0   0   0   0   0   0   0   0  2.16 0.81
  215 H   -3 -2  0 -4 -5 -2 -4  6  1 -5 -5 -4 -1 -4  0 -3  0 -4  2 -3    0   2   5   0   0   1   0  66   3   0   0   0   2   0   4   0   6   0   9   2  1.18 0.48
  216 L   -3 -4 -5 -5 -3 -4 -4 -5 -4  1  4 -4  0  4 -4 -4 -3 -2 -1  1    0   0   0   0   0   0   0   0   0   5  64   0   0  23   0   0   0   0   0   8  0.82 0.26

                      K         Lambda
Standard Ungapped    0.1306     0.3153
Standard Gapped      0.0410     0.2670
PSI Ungapped         0.1230     0.3172
PSI Gapped           0.0377     0.2670
