
Last position-specific scoring matrix computed, weighted observed percentages rounded down, information per position, and relative weight of gapless real matches to pseudocounts
           A  R  N  D  C  Q  E  G  H  I  L  K  M  F  P  S  T  W  Y  V   A   R   N   D   C   Q   E   G   H   I   L   K   M   F   P   S   T   W   Y   V
    1 M   -3 -4 -5 -5 -4 -3 -4 -5 -4  2  0 -4 10 -2 -5 -4 -3 -4 -3 -1    0   0   0   0   0   0   0   0   0   9   0   0  91   0   0   0   0   0   0   0  2.06 0.52
    2 N    2 -2  4  2 -3 -2  0 -2 -2 -3 -4  0 -3 -4 -1  1  3 -5 -3 -3   22   0  31  10   0   0   4   0   0   0   0   4   0   0   1   8  21   0   0   0  0.53 0.26
    3 S    2 -2  3  0 -3 -2 -1  2 -2 -4 -4 -2 -3 -4 -3  3  1 -4 -4 -3   15   2  18   4   0   0   3  15   0   0   0   0   0   0   0  33  10   0   0   0  0.53 0.27
    4 V   -1 -2 -1 -4 -3 -3 -3 -2  2  1  0 -3  1 -1 -2 -1  0  0  1  5    4   2   3   0   0   0   0   3   6   5   4   0   4   1   2   5   5   1   4  50  0.40 0.26
    5 D    2 -3  0  5 -4 -2 -1 -2  1 -4 -3  1 -3 -4 -2  1 -1 -5 -4 -2   18   0   4  43   0   0   1   1   5   0   2   7   0   0   1  10   3   0   0   3  0.62 0.30
    6 I   -2 -2 -3 -4 -1 -2 -3 -2 -3  1  3 -3  3  2 -4  1 -1  0  3 -1    2   2   0   0   1   1   0   2   0   8  34   0  10  11   0  12   2   1  11   1  0.38 0.23
    7 G    0 -1  0 -1 -4  0  1  5 -3 -5 -4 -1 -4 -5 -2  1 -2 -5 -3 -5    7   4   4   2   0   3  10  52   0   0   1   2   0   0   1  11   1   0   1   0  0.80 0.37
    8 R    0  4  0 -3 -4  1 -1 -1  4 -3 -2  2 -3 -3 -2  2  1 -4 -3 -3    7  22   3   0   0   5   2   5  14   1   3  13   0   1   2  15   7   0   0   0  0.42 0.27
    9 Y   -4 -5 -3 -6  3 -5 -5 -6 -4  3  3 -5  1  4 -5 -3 -4  3  4 -1    0   0   1   0   5   0   0   0   0  15  35   0   4  16   0   2   0   4  14   2  0.81 0.41
   10 K   -4  4  0  4 -6  2  1 -1  0 -5 -5  2 -3 -3 -4 -1 -3 -1 -1 -5    0  24   3  24   0  11   9   5   2   0   0  15   1   1   0   3   0   1   2   0  0.70 0.40
   11 R   -4  6 -1 -3 -7 -2 -1 -4  4 -6 -6  5 -5 -6 -3 -2 -3 -6 -5 -6    1  47   2   1   0   0   4   1  10   0   0  30   0   0   1   3   1   0   0   0  1.40 0.65
   12 I    2 -2  1 -4 -3 -1 -2 -4 -4  3  1 -1  1  1 -4 -2 -2 -4 -3  2   25   2   9   0   0   3   2   0   0  20  11   5   3   6   0   1   1   0   0  12  0.31 0.27
   13 I   -3 -5 -6 -5 -5  0 -6 -7 -1  2  0 -5  7  0 -3 -4 -3  1 -4  5    1   0   0   1   0   4   0   0   2  10   8   0  28   4   1   1   1   2   0  39  1.21 0.63
   14 N   -5  5 -1  0 -7  4  1 -4 -4 -4 -5  4 -5 -7 -5 -3 -3 -7 -4 -6    0  35   3   4   0  17   7   1   0   1   1  27   0   0   0   1   1   0   1   0  1.20 0.64
   15 Y   -3  0 -2 -5 -7 -2 -6 -4  1 -1 -3 -5  1  3 -7 -4 -3 -2  9 -3    2   4   2   0   0   2   0   1   3   3   2   0   3  11   0   1   2   0  60   2  1.80 0.83
   16 L   -4 -1 -5 -4 -5 -5 -4  4 -5  1  3 -3  0  4 -6 -2 -4 -4 -2 -1    0   3   0   1   0   0   1  29   0   7  27   1   2  21   0   3   0   0   0   4  0.74 0.44
   17 W   -5 -4 -4 -7 -6 -6 -3 -6 -6 -5  3 -7 -1  2 -7 -3 -2 11  2 -6    1   1   1   0   0   0   2   1   0   0  25   0   2   6   0   2   3  50   5   0  2.35 0.96
   18 D   -2 -2  1  6 -5 -1 -1  0 -4 -2 -5  0 -3 -6 -5  1  2 -4 -2 -1    3   2   6  39   0   2   3   6   0   2   1   5   0   0   0  10  15   0   2   5  0.74 0.45
   19 P   -1 -2 -2 -1 -1 -4 -3 -2 -3 -1  1 -3  0 -1  4  3 -1 -5  0  2    3   2   1   3   1   0   1   2   0   2  12   1   2   3  20  23   3   0   3  16  0.45 0.35
   20 E   -2  1  1  3 -6  0  3 -3 -2 -5 -3  4 -4 -5  0 -1 -2 -6 -3 -5    2   8   7  19   0   4  21   2   0   1   3  22   0   0   4   5   2   0   1   0  0.61 0.39
   21 P    2 -2 -3 -3 -1 -3 -1 -3 -4 -1  0 -2  1 -2  4  2  1  0 -2 -2   15   2   1   1   1   1   3   2   0   4   8   2   3   2  24  16  10   1   1   2  0.44 0.33
   22 R   -1  3  0 -2 -2  1 -1 -4  1 -1 -2  4 -1 -3 -2 -1  2 -1 -4 -1    5  16   4   1   1   7   3   0   3   4   3  23   2   1   2   4  16   1   0   4  0.40 0.31
   23 N   -1 -1  5 -2 -6 -2 -3 -3 -3 -3 -4 -3 -5 -3  4  1  4 -6 -3 -3    4   3  24   2   0   1   1   2   1   1   1   1   0   1  24   8  22   0   1   2  0.85 0.53
   24 D   -1 -1  2  5 -3  0  0 -2  2 -3 -3 -2 -5 -1 -2  1  0 -6 -2 -4    4   3  10  36   1   4   6   3   5   1   2   2   0   3   2  11   5   0   2   1  0.61 0.40
   25 L   -3  0 -1  1 -5 -2 -1 -3 -3 -1  0  1  0  6 -3  0 -1 -4  1 -1    1   6   2  10   0   2   3   2   0   4   8   9   2  31   1   8   5   0   3   3  0.45 0.32
   26 P   -2 -3  1 -3  5 -3 -3 -4  0 -2 -3  0 -2 -2  3  4  0 -6 -3 -2    1   1   6   1  11   1   1   1   2   2   3   6   1   2  15  37   5   0   1   3  0.70 0.48
   27 D   -1  0  2  4 -3 -1  3 -2  0 -3 -5  0 -4 -6 -2  0  2 -6 -5 -3    5   6   8  25   0   3  17   2   2   1   1   5   0   0   2   7  15   0   0   1  0.56 0.38
   28 E    0 -3  1  3 -4  1  2 -3  0 -4 -2 -2 -5 -6 -3  4 -1 -6 -5 -2    6   1   6  14   0   6  15   1   2   1   4   2   0   0   1  34   3   0   0   3  0.61 0.45
   29 P   -2 -7 -5  1 -7 -3 -1 -4 -1 -6 -5 -4 -7 -8  8  0 -1 -8 -7 -5    4   0   0   7   0   1   5   2   1   0   1   1   0   0  65   7   4   0   0   1  1.86 0.89
   30 I   -3 -7 -5 -8 -6 -7 -8 -8 -8  6  1 -7 -1 -5 -3 -4 -2 -7 -3  4    3   0   1   0   0   0   0   0   0  48  11   0   1   0   2   1   3   0   1  30  1.52 0.71
   31 W   -4 -3 -7 -9  1 -5 -8 -8  1 -2 -3 -8 -7  2 -4 -3 -3 11  3 -1    2   2   0   0   3   1   0   0   3   3   3   0   0   8   1   3   2  58   7   5  2.70 1.11
   32 C   -5 -5 -5 -7  4 -6 -7 -7 -4  3  5 -4  1  1 -3 -5 -4 -6 -4  1    1   1   1   0   9   0   0   0   0  16  51   1   3   4   1   0   1   0   0   9  1.17 0.58
   33 L   -3 -5 -8 -4 -3 -2 -7 -6 -7 -3  6 -7  4 -1 -8 -6 -5 -7 -3 -4    3   1   0   2   1   2   0   1   0   1  76   0  10   2   0   1   1   0   1   1  1.76 0.83
   34 G   -4 -8 -4 -4 -8 -4 -4  7 -8 -9 -9 -4 -8 -9 -6 -1 -3 -8 -9 -9    1   0   1   1   0   1   1  87   0   0   0   1   0   0   1   5   2   0   0   0  2.43 1.06
   35 I   -2  4 -1 -4  0  1 -1 -5  1 -1 -2  3 -2 -4 -5 -1  0 -3 -3  3    2  19   3   1   2   7   4   0   3   3   4  21   1   1   0   3   5   0   1  20  0.52 0.37
   36 R   -1  3 -1 -3  7  1  1 -3  0 -1 -2  1 -1 -2 -3  0  0 -1 -2 -2    4  14   3   1  21   7   9   2   2   3   3   7   1   2   1   8   5   1   2   3  0.51 0.34
   37 Y   -7 -5 -3 -8 -8 -5 -7 -6  5 -5 -6 -3 -1  0 -4 -1 -7 -5  9 -4    0   1   2   0   0   1   0   1  14   1   1   2   1   3   1   6   0   0  67   1  2.54 1.11
   38 P   -1 -1  0  1 -1 -1 -1 -2  5 -3 -2  1 -3 -2  3  1  0 -2 -2 -3    4   4   5   7   2   3   4   3  17   2   4   7   1   2  17  12   5   1   1   2  0.42 0.30
   39 P   -1  0 -1 -2 -1 -1 -2  1 -1  0  0  0  0 -1  4  0  0 -2 -2  0    5   6   3   2   2   2   2  10   1   7   8   5   2   3  19   8   6   1   1   9  0.18 0.14
   40 N    0  0  1 -1 -1  0  0 -1  0 -1 -1  2 -1 -2  1  2  0  0  1 -1    6   6   7   3   1   3   5   4   2   3   5  12   1   1   7  18   6   1   5   4  0.12 0.13
   41 H   -1  0  0  0 -2  0  1  0  2  0 -1 -1 -1 -1  3  0  1  0  0 -1    5   4   5   6   1   4  10   6   7   5   5   4   1   2  13   7   9   1   3   3  0.13 0.11
   42 R    0  0  0  1 -3  0  2 -2  1 -3 -2  1 -2 -2  2  1 -1 -3  0 -2    7   6   4   7   0   4  17   3   3   1   5   9   1   1  11  10   4   0   3   4  0.20 0.15
   43 G    1  0 -1  1 -1  0  0  1 -1 -2 -2  0 -2 -2  2  1 -1 -3 -2 -1   11   6   2   9   1   5   6  13   2   2   4   5   1   2   9  11   4   0   2   5  0.12 0.10
   44 W    0  0 -1  0 -2  0  0  0 -1 -2 -1 -1  0  1  2  2  0  3  1 -2    7   5   3   4   1   4   6   8   1   3   5   3   2   7   9  17   6   4   4   3  0.12 0.12
   45 K    0  0 -1  1 -1  0  1 -1  0 -1 -1  2 -2 -1  1  1  1 -3 -1 -1    5   5   2   7   1   4   9   4   2   3   5  13   1   3   6  13   9   0   2   4  0.11 0.11
   46 T    1  0  0  1 -1  0  1 -1 -1 -1 -1 -1 -1 -1  1  1  1 -3 -1  0   10   5   3   8   1   4   8   4   1   3   5   4   2   3   7  13  11   0   2   6  0.09 0.09
   47 Q    0  0  1  1 -2  2  1  0  0 -2 -1  0 -1 -2  1  1  1 -3 -1 -1    6   4   5   7   1  10   8   6   3   3   5   5   2   1   6  14  10   0   2   3  0.12 0.11
   48 D    0  0  1  2 -3  0  1  0 -1 -2 -1  0 -2 -1  2  1  0 -3 -2 -2    7   4   6  12   0   4   7   6   1   3   6   5   0   3  11  14   6   0   1   2  0.15 0.12
   49 Q   -1 -1  0  1 -1  1  2 -1  0  0 -1  0 -1 -1  1  2  0 -3  0 -2    5   3   4   7   1   6  12   4   2   5   5   5   1   2   7  16   7   0   3   2  0.12 0.11
   50 D    0  0  1  3 -2  0  1 -1  0 -3 -2 -1 -2 -3  2  2  0 -2 -2 -2    6   6   7  17   1   3   9   4   2   1   5   3   1   1  10  15   4   1   2   3  0.23 0.17
   51 G    0 -1  0  1 -2 -1  0  2  0 -1 -1 -1 -1 -1  1  1  0 -2 -1 -1    9   3   5   8   1   3   5  14   2   3   6   4   2   2   8  13   6   1   2   4  0.10 0.08
   52 S    0 -1  0  0 -2  1  1  0  0 -2 -1 -1 -2  0  2  2  1 -1 -1 -1    7   2   4   5   0   5   8   6   2   2   7   3   1   4   9  18  10   1   2   3  0.13 0.12
   53 A    1 -1  1  0 -2 -1  0  0 -1 -1  0 -1  0 -1  1  1  0 -2 -1  0   16   2   6   5   1   2   7   6   2   4   9   3   3   2   7  13   4   0   2   5  0.08 0.08
   54 Q   -1  0  1  0 -1  1  1  0  0 -1 -1  0 -1 -1  2  1  0 -2 -1 -1    5   6   6   5   1   7   9   7   3   3   6   5   1   2  12  11   5   1   2   5  0.11 0.08
   55 G    1  0  0  1 -2  0  0  1  0 -1 -1 -1  0 -1  2  1  0 -1 -2 -1   10   4   5   9   0   3   5  13   2   3   5   3   2   3   9  12   4   1   1   4  0.11 0.08
   56 Q    0  0  1  0  0  2  0 -1  0 -2 -1  1 -1 -2  1  1  1 -3 -1 -1    6   5   5   5   2   9   6   5   2   2   6   7   2   2   8  13   8   0   2   4  0.10 0.09
   57 Y    0  0  0  0 -1  0  0 -1  1  0  0 -1  0  1  0  1  1  0  0 -1    5   5   4   4   1   4   7   5   3   5   9   3   3   6   3  13  10   1   3   4  0.04 0.05
   58 E    0 -1  1  1 -2  1  1 -1  0 -1 -1  0 -1 -1  1  1  0 -1  0 -1    7   3   6  10   1   6  10   5   2   4   7   4   1   2   7  13   4   1   4   3  0.09 0.08
   59 Q    0  0  1  1 -1  0  1 -1  1 -1 -1  0 -1 -1  2  1  0 -1 -1 -1    6   6   6   7   1   5   7   5   5   5   5   5   1   2  11  10   6   1   1   4  0.10 0.07
   60 K    0  1  0  0  0  1  0  0  0 -1 -1  1 -1 -1  1  1  0 -2 -1 -1    5   7   5   6   2   8   6   6   2   4   5   7   1   3   8  12   5   1   1   6  0.07 0.06
   61 T    0  0  0  0 -1  0  0  0 -1 -1 -1 -1 -1 -2  0  2  2 -1  0  0    7   5   4   5   1   4   6   7   2   3   6   2   1   1   4  14  16   1   3   7  0.09 0.10
   62 I    0  0  0 -1 -1  0  0 -1  0  0  0 -1  0  0  1  0  0 -1  0  0    6   6   6   3   1   5   5   4   2   8  12   2   3   4   7   9   4   1   3   9  0.03 0.03
   63 P   -1 -1 -1 -1 -3  0 -1 -1  1 -1  0 -1 -2 -1  4  1  1 -1 -1 -1    5   3   3   4   1   3   4   5   3   3   9   4   1   3  22  13   8   1   2   4  0.25 0.15
   64 T    0 -1  1  0  1  0 -1  1 -1  0 -1 -1  0 -2  0  1  2 -2  0 -1    7   4   6   4   3   4   3  11   1   6   5   3   3   2   4  12  16   0   3   4  0.09 0.09
   65 E   -1 -1  0  2 -2  1  2 -1  0 -2 -1  1 -1 -2  0  0  1 -2  0 -1    4   3   4  13   1   5  14   5   2   2   7   8   1   2   4   7   9   0   3   6  0.12 0.09
   66 K   -1  1  0  2 -2  1  1 -1 -1 -1  0  1 -1 -1  0  1  0 -1 -2 -1    5   9   3  11   1   5   8   4   1   4  11  10   1   2   5  10   4   1   1   3  0.09 0.08
   67 A    0  0  0  0 -1  0  0  0  0  0 -1  0  0 -1  1  1  1 -1  0 -1    9   6   3   6   1   4   5   7   3   5   7   4   2   3   6  10  10   1   4   4  0.04 0.03
   68 N    0  0  2  1 -1  1  0 -1  0 -2 -1  0 -1 -1  1  1  0 -1 -1 -1    8   4  11   8   1   5   7   4   2   2   5   5   1   3   6  15   6   1   2   4  0.10 0.09
   69 E    1  0  1  2 -2  0  1  0  0 -1 -1  0 -1 -2 -1  1  1 -3 -1 -1   10   4   9  13   0   3   9   6   2   3   5   6   1   2   3  14   8   0   2   3  0.12 0.10
   70 H    0  1  1  0 -2  1  0 -1  2 -1 -1  0 -1 -1  0  1  0 -2  0  0    9   7   8   5   0   8   7   4   5   4   6   3   1   2   5  13   3   0   4   6  0.08 0.08
   71 Q    0  0  0  1 -2  2  1  1  1 -2 -1  0 -1 -2  0  1  0 -2 -1 -1    6   5   5   6   1  13  11  10   4   2   6   5   1   1   4   9   6   0   2   4  0.12 0.09
   72 W   -1 -2  0  1  0  0  0 -1  1 -1 -1 -1 -1  0 -2  0  0  7  2 -1    4   2   5   9   2   3   7   5   4   3   4   4   1   3   2   6   6  18   7   5  0.35 0.17
   73 P   -1  0 -1 -1  0  0 -1 -2 -1  0  1 -1  1  0  4 -1  1 -1 -1 -1    4   5   4   3   2   4   3   2   2   6  13   3   4   4  23   4   8   1   2   4  0.24 0.13
   74 E    0  0  0  2 -3  2  4 -2  2 -3 -2  0 -2 -3  1  0 -2 -3 -3 -2    8   4   3  12   0   7  28   2   4   2   3   6   1   1   8   6   2   0   1   3  0.36 0.21
   75 E    1  1 -1  2 -2  1  3 -2  1 -3 -2  0 -1 -3 -2  0 -1 -1 -3 -2   16   9   2  13   1   6  22   3   4   1   4   5   1   1   1   5   2   1   0   3  0.28 0.19
   76 F   -3 -4 -5 -5 -4 -4 -4 -5 -2  1  1 -5 -1  8 -5 -2 -4  0  0 -1    2   1   0   1   0   0   1   1   1   9  11   1   1  60   1   4   1   1   2   3  1.41 0.53
   77 L   -1  2 -2 -2 -1  0 -1 -3  0  0  2  1  1  1 -3 -2  0 -2  2  0    4  13   1   2   2   4   3   1   2   5  26   9   3   5   1   1   5   0   9   4  0.18 0.16
   78 D    0  2  0  1 -1  1  1 -2  2 -2 -1  1  0 -3 -2  1 -1 -3  0 -2    9  11   3   9   1   6  11   2   7   2   8   9   4   0   1  10   2   0   3   1  0.14 0.12
   79 D    0 -2 -1  7 -2 -2  0 -3  2 -3 -3 -2 -3 -1 -3  0 -2 -4 -1 -3    7   2   1  58   1   1   3   1   5   2   2   1   1   3   1   6   1   0   2   2  1.03 0.44
   80 V   -1 -4 -4 -4 -2 -4 -3 -3 -2  1  0 -3  1  7 -4 -3 -3  1  2  2    5   1   0   1   1   0   2   2   1   8   6   1   3  45   1   2   1   1   6  12  0.87 0.37
   81 E    0  2 -1 -1 -1  2  1 -1  1 -1 -2  1 -1 -1 -2  1  1 -1  1 -1    9  10   1   2   1  11   7   4   3   3   3   8   2   2   1  15   9   1   7   3  0.14 0.13
   82 S    0 -1  0 -1 -3 -1 -2 -2 -1 -4 -4 -1 -3 -4 -3  6  1 -4 -3 -3    7   3   4   3   0   2   2   2   1   1   1   2   0   1   1  61   7   0   0   1  0.90 0.43
   83 R   -3  6 -2 -3  0 -1 -2 -4 -2  0  1  1  0 -1 -3 -2 -1 -4 -3 -1    1  45   1   1   2   2   1   1   1   6  16   7   2   2   1   3   3   0   0   3  0.65 0.31
   84 I   -2 -4 -4 -4 -1 -3 -3 -4 -4  4  2 -3  1  3 -1 -2 -2 -1 -1  2    2   1   1   1   1   1   1   1   0  31  21   1   3  11   3   2   2   1   1  15  0.53 0.25
   85 W   -3 -3 -3 -5 -2 -3 -4 -3 -2 -3 -2 -4 -4  0 -5 -4 -3 11  3 -3    2   2   2   1   1   1   1   2   1   1   4   1   0   3   1   2   1  64  10   2  2.61 0.73
   86 I   -2 -4 -4 -4  4 -2 -4 -4 -3  1  2 -4  3  6 -4 -3 -3  0  0 -1    2   1   1   1   9   1   1   1   0   8  24   1   8  35   1   1   1   1   1   3  0.79 0.32
   87 T   -2  0 -3 -4  0 -2 -4 -4 -1 -4 -4 -3 -4 -5 -4  1  7 -5 -4 -2    2   5   0   0   2   2   0   1   2   0   1   0   0   0   0  10  73   0   0   2  1.48 0.61
   88 Y   -5 -5  0 -5  2 -5 -5 -6 -2 -5 -4 -5 -4 -1 -6 -5 -5 -2  9 -5    1   0   5   0   4   0   0   1   0   0   1   0   0   0   0   1   0   0  84   0  2.69 0.84
   89 R   -4  8 -4 -4 -1 -1 -2 -3 -1 -5 -5 -1 -4 -5 -5 -4 -4 -5 -4  0    1  80   0   0   1   2   2   2   1   0   1   2   0   0   0   1   0   0   0   6  1.88 0.66
   90 S   -2  4  2 -2 -1  0 -1 -3  1 -3 -5  4 -2 -3 -5  2  1 -1 -1 -3    2  19   9   1   2   3   4   1   3   2   0  23   1   1   0  16   8   1   3   2  0.54 0.36
   91 N   -2 -1  4  3 -1  0  0  4  3 -5 -4 -1 -5 -5 -5  0 -3 -6 -2 -3    2   3  19  14   1   4   6  27   6   0   2   3   0   0   0   8   1   0   2   2  0.62 0.37
   92 F   -6 -6 -6 -7  0 -6 -3 -7 -5 -1 -1 -6  1  8 -2 -6 -6  3  2 -3    0   0   0   0   2   0   2   0   0   3   5   0   4  66   3   0   0   4   7   2  2.08 0.81
   93 T    1 -1 -3  0 -2 -1  0 -3 -1 -3 -4 -1 -2 -3  6  1  0 -6 -1 -2   10   3   1   4   1   2   7   2   1   1   2   3   1   1  38  11   5   0   3   3  0.75 0.44
   94 P    1 -1 -1 -2  1 -1 -2 -3  0 -2  0 -2  0 -1  5  0 -1  2 -1  0    9   4   3   3   3   3   3   3   3   3   8   3   3   3  24   8   3   3   3   7  0.34 0.22
   95 I    0 -2 -2 -2 -2  1 -1 -2 -1  1  1 -1  2  2 -2  0  1 -1  2  1   10   0   0   0   0   9   1   1   0  10  10   1   9   9   0  10  10   0   9  10  0.11 0.10
   96 P   -1  0  0  0  0 -1  0  0 -1 -1 -1  0 -3  0  4 -1  0 -4 -1 -1    4   6   5   5   2   3   5   9   2   5   7   5   0   4  23   5   7   0   2   3  0.25 0.19
   97 K   -1  1  0  0  1  0  0  1  0 -1 -2  1 -1 -3  0  1 -1  2  1 -2    4  10   4   6   3   3   4  14   2   3   4  11   2   1   5  12   4   3   5   3  0.12 0.13
   98 P    0 -1  1  1  0  0  0 -1  0  0 -1 -1  0 -1  2  2  1 -3 -1 -1    7   4   7   8   2   3   4   3   2   7   4   4   3   2  10  16  10   0   2   3  0.12 0.12
   99 P    0 -2  0  0  0  1  1 -1 -1 -2 -2  0 -1 -3  4  1  2  2 -1 -2    6   2   5   4   2   7   9   5   1   2   4   5   1   1  18   8  12   3   2   2  0.24 0.23
  100 N    0 -1  2  3 -1 -1  0  1  2 -2  0 -1 -2 -2  0  0  0 -4 -2 -1    8   3  11  17   1   2   6   9   5   2   9   3   0   2   4   8   6   0   1   4  0.16 0.16
  101 Q   -1 -1  0  0 -3  1 -1  2  1 -1 -2 -1 -1 -2  3  0  0 -1  0 -2    4   4   3   5   0   8   4  19   3   4   4   4   1   2  14   8   5   1   3   3  0.21 0.18
  102 E    0 -1  1  0  0  1  1  0  1 -1 -1 -1 -1 -2  3  0  0 -1 -1 -1    7   2   6   4   2   7   9   7   3   5   6   4   1   1  15   8   6   1   2   4  0.15 0.13
  103 A    2 -1 -1  1 -3 -1  0  0 -1 -2  0  0  0  0  0  2  0 -3 -1 -2   17   2   2   7   0   3   5   7   1   2  12   5   2   3   5  17   5   0   2   2  0.12 0.15
  104 N    0 -1 -1  0 -3 -1  0  0 -1  0  0 -1  1  0  4  1  0 -1 -2 -1    9   4   2   5   0   2   5   7   1   5   8   3   3   5  20   9   7   1   1   3  0.20 0.16
  105 P    0  0 -1 -1 -1 -1 -2 -1  1  0  1  0  0 -2  3  1  0 -3 -2 -1    6   4   3   3   1   2   2   5   4   5  17   5   2   2  15  12   7   0   1   3  0.15 0.15
  106 A    1 -1  1  0  0 -1  0  0  0 -2 -2  0 -1 -3  2  2  1 -3 -1 -1   14   4   7   6   2   2   4   7   2   2   3   4   2   1   9  18   7   0   2   4  0.17 0.16
  107 M   -1 -1 -3 -2  0  0  0 -1 -3  1  1 -2  3  2  1  2  0  0 -2  0    4   3   1   2   2   5   5   4   0   7  15   2   9   8   6  15   4   1   0   6  0.14 0.18
  108 T    0 -2  0 -1 -3 -1 -1  0  0 -1  0  0  0 -1  1  2  1  0 -1 -1    9   2   5   2   0   3   3   8   2   3   8   5   2   3   6  20   9   1   2   5  0.11 0.15
  109 L    1  0 -1 -1 -3  0 -1 -1  0  0  1 -1  0  1  2  1 -1  3  0  0   10   4   2   3   0   5   2   5   2   5  14   4   2   6  10  11   2   4   3   5  0.08 0.11
  110 T    0  0 -1 -1 -3 -1 -2  0 -3 -1  0 -1  0  1  1  3  1  2  0 -1    6   4   3   3   0   2   2   7   0   4   9   4   3   5   6  21  10   3   3   4  0.14 0.17
  111 V    0 -1  0 -1 -2  0 -1  0  0  0  0  0  1  0  1  0  0  1  0  0    8   3   4   3   0   4   2   8   2   7  10   6   6   4   8   9   4   2   4   6  0.04 0.05
  112 H    0  3  0 -2 -3 -1 -1  0  1 -1 -1  0  0 -1  0  1  1  0 -1 -1    6  21   4   2   0   2   3   7   4   4   6   6   2   2   4  11   7   1   2   5  0.17 0.17
  113 L    0  0  0  0 -2  0 -1  1 -2  0  1 -1  0  0  1  0  0  2 -1 -1    6   5   5   4   0   3   4  10   0   6  18   4   3   5   6   7   4   3   2   4  0.04 0.07
  114 R   -1  4  1 -1 -4  0 -1 -1  1 -3 -1  2 -1  0 -1  1  0  1 -3 -2    5  20   8   3   0   3   4   4   4   1   7  10   1   4   3  11   5   2   0   3  0.24 0.22
  115 S    0  0  1 -1  1 -1 -1  0  1 -1 -1 -1  1  0 -1  1  0  4  1 -1    7   5   8   4   3   3   4   8   4   4   7   3   3   5   3  11   6   6   4   3  0.11 0.09
  116 Q   -1  0  1 -1 -4  2 -1 -1  2 -1 -1  0  1  0  0  1 -1  3  1 -1    6   4   7   4   0  10   5   6   4   4   5   5   3   3   5   9   4   4   5   6  0.11 0.11
  117 L   -1  0  0  0  2  0  0 -1  2  0 -1  0  2  1  0 -1  0  4  1 -1    5   5   5   5   5   5   5   5   5   5   5   5   5   5   5   5   5   5   5   5  0.09 0.08
  118 M   -1  0  0  0  2  0  0 -1  2  0 -1  0  2  1  0 -1  0  4  1 -1    5   5   5   5   5   5   5   5   5   5   5   5   5   5   5   5   5   5   5   5  0.09 0.08
  119 D   -1 -1  2  3 -4  0  1  3 -1 -2 -2 -1 -1 -2 -1 -1 -1  0 -1 -2    6   3  10  15   0   5   9  19   2   3   4   4   2   2   3   4   4   2   2   3  0.22 0.20
  120 S    0  0  1  1 -3  0  1  1  0 -1 -2  0  0 -1  2  1  0 -3  0 -1    6   5   6   7   0   4   9  13   3   3   4   3   3   3  12   9   4   0   3   3  0.13 0.13
  121 Q   -1  0  2  0  1  1  1  0  1 -1 -2  0  0 -3 -1  2  1 -3  0 -1    4   6  11   5   3   5   7   5   3   3   3   6   3   0   3  15  11   0   3   3  0.13 0.17
  122 G   -1 -1  1 -1  0 -1 -1  4  0 -2 -2  1 -1  0 -2  0  1 -3  1 -2    4   2   6   3   2   2   3  31   2   2   3   9   1   4   2   8   9   0   5   2  0.28 0.19
  123 F   -2 -1 -3 -3 -1 -2 -3 -4  1  1  1 -2  0  3  2  0 -1  4  3 -1    3   3   0   2   1   1   0   1   3   8  16   2   2  16  11   9   3   5  11   2  0.32 0.20
  124 T   -2 -2  0 -2  1 -1 -2 -1 -1 -2 -3 -1 -1 -2 -3  1  6 -4 -2 -1    2   2   3   2   2   2   2   4   1   2   2   3   1   1   0   9  56   0   1   3  0.72 0.38
  125 S    0  0  0 -1  1  0 -2 -1  1 -3 -3 -1 -3 -4 -2  4  3 -4 -3 -3    6   5   3   3   3   3   1   3   5   0   1   3   0   0   0  42  21   0   0   1  0.52 0.28
  126 D   -3 -3 -1  7 -4 -2 -1 -3 -3 -4 -4 -2 -4 -4 -3  1 -2 -4 -4 -4    1   1   1  75   0   1   1   1   0   1   1   1   0   1   1  12   1   0   0   1  1.51 0.44
  127 T    0 -1  0 -1  3  0 -2  0  0  0 -1  0  0 -1 -3  1  2 -3  0  1    8   3   3   3   7   3   0   7   3   3   5   5   3   3   0   9  15   0   3  14  0.09 0.13
  128 G   -1  0  1  0  2 -3 -3  5  2 -5 -5 -3 -4  0 -4 -1 -1 -4  1 -4    5   5   5   5   4   0   0  50   4   0   1   0   0   5   0   5   5   0   4   0  0.78 0.40
  129 W    1 -2 -5 -5 -4 -4 -4 -4 -4 -4 -2 -4 -3  0 -4 -4 -4 12 -1 -4   13   2   0   1   0   0   1   1   0   1   3   1   0   2   1   1   1  72   0   1  2.70 0.56
  130 G   -1  0 -2 -2 -4 -2 -2  6 -3 -4 -4  2 -3 -4  0 -2 -3 -4 -4 -4    1   5   1   1   0   0   1  68   0   1   1  13   0   0   5   1   1   0   0   1  1.04 0.30
  131 C   -1  0 -3 -3  9 -3 -1 -3 -3  0 -2 -3 -2 -2 -3 -1 -2 -3  2 -2    5   8   1   1  55   1   5   1   0   8   1   1   0   0   1   4   1   0   8   1  1.11 0.31
  132 M    0 -2 -2 -3  1 -2 -2 -3 -2 -1  1 -2  6 -1 -3  0  1  4  0  0    5   1   1   1   4   1   1   1   0   1  15   1  36   1   1  10   8   7   4   3  0.42 0.21
  133 I   -1  0 -3 -3 -2 -2 -3 -3  0  3  3 -2  2  0 -3 -2 -2 -2  1  2    3   6   0   0   0   0   1   1   3  25  30   0   5   3   0   3   0   0   5  12  0.29 0.15
  134 R   -1  7 -2 -3 -4 -1 -2 -3 -2 -4 -3  1 -3 -4  1 -2  0 -4 -3 -3    5  68   0   1   0   0   1   1   0   1   1   6   0   0   8   1   5   0   0   1  1.07 0.34
  135 S    1 -2 -1 -2  5 -2 -2  1 -2 -2 -2 -2 -2 -3  1  3  2 -3 -3  0   10   1   1   1  14   0   1  10   0   1   1   1   0   0   6  29  18   0   0   7  0.39 0.19
  136 G    0 -2 -1 -2  1 -1  0  3 -2  0  0 -2  0 -1 -2  0  0 -2  1  0    7   0   2   0   4   2   6  27   0   9  11   1   2   2   0   7   6   0   8   4  0.13 0.09
  137 Q    0 -1 -1  0 -4  6  1  0 -1 -4 -3  0 -2 -3  0 -1 -2 -3  1 -3    6   0   0   3   0  55   7   7   0   0   1   4   0   0   4   3   1   0   6   1  0.69 0.29
  138 S    1 -2  1 -2  3 -1 -2  1 -2  1  0 -1  2 -2 -2  1  1 -2 -2  0   11   1  10   1  10   0   1  11   0  11  11   1  10   0   1  11  11   0   0   1  0.11 0.09
  139 L    0 -4 -4 -4 -3 -3 -4  0 -4  2  4 -4  5  0 -4 -1 -3 -3 -3  0    7   0   0   0   0   0   0   7   0  11  38   0  20   3   0   5   0   0   0   6  0.59 0.35
  140 L   -2 -2 -2 -5  0 -3 -4 -5 -4  2  4 -4  3  1 -4 -3 -1  2  1  0    2   3   2   0   2   0   0   0   0  10  50   0   9   4   0   0   3   2   5   5  0.62 0.34
  141 A    5 -3 -3 -3  1 -1 -1  1 -3 -2 -2 -3  0 -2 -1  0 -1 -4 -2 -1   55   0   0   0   4   2   5  10   0   2   3   0   2   2   3   5   2   0   2   2  0.61 0.38
  142 N   -2  0  2 -1  1  5  1 -2  2 -4 -2 -1  0 -1 -1 -1 -1 -4  0 -2    3   5   9   3   3  28   9   3   5   0   4   3   3   3   3   5   4   0   3   3  0.38 0.34
  143 A    3 -3 -3 -1  3 -1 -3  1 -3 -1 -1 -1  1  0 -1  0  0 -4  0  0   29   0   0   3   8   3   0  11   0   3   5   3   3   5   3   5   6   0   4   6  0.25 0.25
  144 M   -8 -3 -8 -8 -8 -2 -4 -4 -1  1  6 -8  2  3 -8 -4 -8  2  0 -3    0   2   0   0   0   3   2   2   2   8  56   0   5  11   0   2   0   2   3   2  1.35 0.66
  145 L   -1  0 -6 -7  1  2 -3 -3 -1  3  2 -2  2 -2 -7 -2 -1  1 -1  3    5   6   0   0   3   9   2   2   2  13  21   3   5   2   0   4   4   2   2  16  0.44 0.28
  146 I   -3  4 -1 -1  4  0 -2 -3  2  1 -1 -2  1  1 -2 -2  0  1 -1  1    2  21   3   3   7   4   2   2   5   8   7   3   3   5   3   4   6   2   3   8  0.33 0.24
  147 L   -1  0  0 -1  1  0 -2 -2  6  0  1 -1  1  0 -1 -2 -2  2  0  0    6   5   4   4   3   4   3   3  15   6  14   3   3   3   4   4   3   3   3   7  0.27 0.19
  148 L   -1  0  0  0  2  0  0 -1  2  0 -1  0  2  1  0 -1  0  4  1 -1    5   5   5   5   5   5   5   5   5   5   5   5   5   5   5   5   5   5   5   5  0.09 0.08
  149 L    0  0  0  0  2  0  0 -1  1  0 -1  0  1  0  0  0  0 -2  1  0    5   5   5   5   5   5   5   5   5   5   5   5   5   5   5   5   5   0   5   5  0.03 0.05
  150 G   -1  0  0 -1  0  0  0  4  0 -1 -2  0 -1 -4  1  0 -1  2 -4 -2    5   6   4   3   2   4   7  29   2   4   3   5   2   0   7   7   4   3   0   2  0.28 0.25
  151 R   -1  0  0  0 -3  0  0 -1  2  0 -1  0  1  0  0  0  0  3  1  0    5   5   5   5   0   5   5   5   5   5   5   5   5   5   5   5   5   5   5   5  0.06 0.08
  152 D   -1  0  0  1  1  1  0  0  2 -1 -2  0  0  0  1  0 -1  3  0 -1    6   5   5   9   3   5   5   9   5   4   4   5   3   5   6   6   4   5   4   4  0.09 0.09
  153 W   -1  0  0  0  2  0  0 -1  2  0 -1  0  2  1  0 -1  0  4  1 -1    5   5   5   5   5   5   5   5   5   5   5   5   5   5   5   5   5   5   5   5  0.09 0.08
  154 R   -1  4  0 -1  1  0 -1 -2  2 -1 -1 -1  1  0  0 -1 -1  2  0 -1    5  23   5   4   3   5   4   4   4   4   6   4   3   3   4   6   4   3   3   4  0.26 0.21
  155 R   -1  0  0  0  2  0  0 -1  2  0 -1  0  2  1  0 -1  0  4  1 -1    5   5   5   5   5   5   5   5   5   5   5   5   5   5   5   5   5   5   5   5  0.09 0.08
  156 G   -1  0  1  1  1  1 -1  0  2 -1 -2  0  1  0  2  0  0  3  0 -2    4   5   7   7   3   5   5   6   5   3   4   5   3   5   9   8   5   4   4   3  0.11 0.11
  157 T   -1  0  0  0  2  0  0 -1  2  0 -1  0  2  1  0 -1  0  4  1 -1    5   5   5   5   5   5   5   5   5   5   5   5   5   5   5   5   5   5   5   5  0.09 0.08
  158 E   -2  0  1  2  0  2  3 -2  2 -2 -3  0  0 -1  0  1  0 -6  0 -2    4   4   6   9   2   8  16   3   4   2   3   5   3   3   5  10   6   0   3   3  0.21 0.20
  159 A   -1  0  1  1  2  0  0 -2  2 -1 -2  0  1  0  1  1  0  3  1 -2    5   4   6   8   4   5   6   4   4   3   4   5   3   3   7   9   7   3   5   3  0.10 0.12
  160 G   -1  0  0  0  2  0  0 -1  2  0 -1  0  2  1  0 -1  0  4  1 -1    5   5   5   5   5   5   5   5   5   5   5   5   5   5   5   5   5   5   5   5  0.09 0.08
  161 K   -1  0  0  0  2  0  0 -1  2  0 -1  0  2  1  0 -1  0  4  1 -1    5   5   5   5   5   5   5   5   5   5   5   5   5   5   5   5   5   5   5   5  0.09 0.08
  162 E   -1 -1 -2  0 -2  1  1 -5  5 -1 -1 -3 -3 -2 -3 -2 -2 -5  7 -3    5   4   2   5   1   6  10   1  11   4   6   1   1   1   1   3   3   0  32   2  0.86 0.50
  163 A    1  3 -2 -1  0  0  0 -2  0  0  0  1  0 -1 -2 -1  0  0  0  0   14  16   2   4   2   4   7   3   3   5  10   7   2   2   2   4   4   1   3   6  0.11 0.12
  164 Q   -1  3  1  1  1  3  1 -3  1 -2 -1  2 -1 -2 -2  0 -2 -2 -3 -3    5  16   6   6   3  13  10   2   4   2   6  10   1   2   2   7   2   1   1   2  0.30 0.24
  165 L   -2 -3 -2 -3 -6 -6 -6 -3  0  6  2 -4  0 -2 -3 -6 -2 -6 -2  2    4   2   2   2   0   0   0   2   3  46  16   1   2   2   2   0   3   0   2  12  1.05 0.50
  166 L   -3 -3 -6 -4  1 -1 -4 -2 -6  4  4 -3  2 -1 -6 -3 -3 -6 -5  2    3   2   0   1   2   3   1   3   0  20  39   2   4   2   0   2   2   0   0  12  0.80 0.42
  167 H   -1  3  1 -2 -2  2  0 -2  2 -3 -3  2 -2  0 -3  2  0 -1 -2 -3    6  15   6   2   1   9   6   3   5   2   2  13   1   3   1  16   6   1   1   2  0.32 0.26
  168 Q   -3  0  0 -3  0  1 -3 -4  1 -1  2 -2  3 -1 -3 -2 -2  8 -1 -3    3   5   5   2   2   7   2   2   3   4  22   3   7   3   1   4   3  23   2   1  0.84 0.46
  169 F   -3 -6 -1 -6  2 -1 -3 -6 -6 -2  0 -6  1  8 -7 -3 -3 -5 -1 -2    3   0   4   0   3   3   2   1   0   2   8   0   3  61   0   2   2   0   2   3  1.78 0.77
  170 A    2 -2 -1 -1  2  1  1  2  0 -1  1 -2  0 -1 -2  0 -1  0 -1 -1   15   2   3   2   4   6  11  14   2   4  13   2   2   2   1   7   2   1   2   4  0.12 0.14
  171 D   -3 -2  0  8 -7  0 -1 -6 -6 -2 -7 -3 -7 -7 -3 -3 -3 -8 -1 -7    3   2   4  68   0   4   4   0   0   2   0   2   0   0   2   2   2   0   3   0  1.90 0.89
  172 H   -2  1  2  1  0  1  1 -1  3 -2 -1  1 -1 -2 -2  2  0 -5  0 -2    2   8   8   9   2   6   8   4   8   2   5   8   1   2   2  13   5   0   3   3  0.20 0.18
  173 P   -2  0 -2  0 -6  0  0 -4 -1 -3 -3  1 -1 -3  6 -1 -2 -1 -1 -3    3   6   2   5   0   4   6   1   2   2   3   8   1   1  42   6   3   1   2   2  0.87 0.55
  174 E    0  0  1  1  0  1  1  0  1 -1 -2  0  0 -1  0  1  0 -3  0 -1    5   4   6  10   3   9  11   6   3   3   3   6   3   3   3   9   5   0   3   3  0.09 0.12
  175 A    3 -1  0 -1  4  0 -1 -1  1 -1 -4 -1  0  0  0  2 -1 -4  0 -1   23   4   4   3   9   3   3   4   4   3   0   3   3   4   4  16   4   0   3   3  0.27 0.29
  176 P   -1 -2 -2 -1  0  0  0 -2  1 -2 -1 -2 -1  0  6 -1 -1  1  1 -2    5   3   2   3   2   4   5   3   4   2   5   3   2   4  37   4   4   2   5   3  0.65 0.48
  177 F   -2 -5 -2 -6  1 -2 -2 -6 -4 -1  0 -5  0  7 -6 -1 -3 -3  5 -1    3   0   2   0   3   2   3   0   0   3   9   0   3  37   0   6   2   0  22   4  1.12 0.57
  178 S   -1 -5 -4 -1  2  0 -2  1 -1 -1 -6 -4 -5 -6 -2  6 -1  1 -5 -3    5   0   0   4   4   4   2  11   2   3   0   0   0   0   2  54   4   2   0   2  0.98 0.63
  179 I    0  0  1  0 -2 -1 -1  0 -1  0  0  0  1  1  1 -1  0 -2  1  0    7   7   7   7   0   0   0   7   0   7   7   7   7   7   7   0   7   0   7   7  0.04 0.09
  180 H   -1 -1  0 -3  1  1 -1 -2  6 -1 -1 -1  0 -3  1  0  0 -3  1  0    5   3   3   0   3   7   3   3  22   3   7   3   3   0   9   7   5   0   5   9  0.29 0.25
  181 R   -1  2  2  0  0  1 -1 -2  3 -2 -1  0  1 -3 -1  2 -1  1 -3 -2    5  13  10   4   2   6   3   3   9   3   5   6   5   0   3  16   3   2   0   2  0.20 0.22
  182 F    0  0 -2 -2 -2  1  0  0 -1  0  0 -1  1  1  1  0  0 -2  1  0    7   7   0   0   0   7   7   7   0   7   7   0   7   7   7   7   7   0   7   7  0.06 0.10
  183 V    1 -2 -2  0  2  0 -1 -1  1  1  0 -2  1 -2  1  0  0 -3  0  1   14   0   0   5   6   4   4   5   4   6   6   0   6   0   8   5   5   0   4  16  0.09 0.14
  184 Q   -1  2 -1 -1 -1  2  1  0  1 -1  0  1  0 -2 -3 -1 -1  0  0 -1    5  12   3   3   1  10  10   8   4   3  10  10   2   1   0   4   3   1   3   3  0.13 0.15
  185 H    1  0 -1  0  0  1  0 -1  1  1  1  0  2 -1 -3  0  0  1  0  0   11   5   2   4   3   8   6   5   4   9  12   4   7   3   0   5   4   2   3   5  0.05 0.09
  186 G    2 -3 -3 -3  0 -5 -4  6 -2 -3 -3 -3 -1 -1 -2 -2 -2 -6 -6 -3   15   2   1   2   2   0   1  54   1   2   3   1   2   2   2   3   2   0   0   3  1.09 0.61
  187 A    1  1 -1 -1  0  1  0 -1  1  0  0  1  0 -1 -2  0 -1  0 -1  0   12   6   3   3   2   8   6   5   3   6   7  12   2   3   1   6   3   1   2   8  0.06 0.09
  188 E    0  1  0  1 -1  1  2 -1 -1  0 -2  2  0 -3 -2  1  0 -4 -2 -1    9   7   4   6   1   7  12   4   2   5   3  13   2   1   2  12   5   0   1   4  0.15 0.17
  189 F   -1 -2 -1 -2 -1 -1  1 -3  2  0  1  0  0  2 -1  0 -2  0  2  0    6   2   3   2   2   2   9   2   6   6  18   6   3   8   2   8   2   1   8   5  0.12 0.15
  190 C   -2 -3 -1 -1  3 -2 -1  4  1 -2 -1 -2 -1  1 -1  1 -2 -1  0 -1    2   2   2   3   6   2   5  34   3   2   7   2   2   5   3  10   2   1   4   4  0.42 0.30
  191 N    0  0  1  1  0  1  0  1  0 -1 -1  0  0 -1  1  0  0 -3 -2 -1    6   3   7   7   3   7   6  12   3   3   7   6   3   4   7   5   5   0   0   5  0.06 0.07
  192 K    0  0  0  0  2  1  0  0 -1  0 -1  0  1 -2  1  0  0 -2  1  0    6   6   6   6   6   6   6   6   0   6   6   6   6   0   6   6   6   0   6   6  0.04 0.08
  193 Y    1  1  0  0  1  1 -1 -2  1 -1 -1  0  0  0  1  0  0  2  0  0   11   8   5   5   3   6   4   3   3   3   6   5   3   4   6   5   5   3   3   8  0.05 0.06
  194 P    0 -1 -2 -1  1 -1 -2 -1  0  1 -2 -1  0 -2  5 -1 -2  1 -5  2    7   3   2   3   3   3   3   6   2   9   3   3   2   2  27   4   2   2   0  15  0.45 0.36
  195 G    0 -2  0 -3  1 -2 -1  5 -5 -3 -2 -2 -4 -3  0  0 -1 -5 -5 -2    6   2   4   1   3   1   4  49   0   1   5   2   0   1   6   7   3   0   0   3  0.73 0.47
  196 E   -2  1  0  2  1  2  3 -1 -1 -3 -1  0 -1 -3 -1  1  0 -4 -3 -1    3   7   5  12   3  10  18   4   1   1   7   4   2   1   2  10   6   0   0   5  0.22 0.22
  197 W   -4 -2 -3 -7 -1 -2 -6  0  0 -2 -2 -6 -2  0 -4 -6 -4 11  3 -6    1   3   2   0   1   2   0   7   2   3   5   0   1   3   1   0   1  58   7   0  2.51 1.11
  198 F   -1  0 -4 -2  1  1 -2 -2  0 -2 -1 -3  0  5  0 -1 -2  3  4  0    4   5   0   2   4   7   2   3   2   2   5   0   2  25   5   6   2   3  15   8  0.44 0.34
  199 G   -1 -1 -1 -1  2  0  0  4  0 -4 -2  0 -1 -4  1  0  0 -4 -1 -2    5   3   3   2   6   3   6  33   3   0   5   5   2   0   6   7   6   0   2   2  0.33 0.27
  200 P   -1 -4 -1  0  1 -1 -1 -2 -4 -4 -2 -4  2 -5  7 -1 -3  2 -4 -1    4   0   3   5   3   3   4   3   0   0   4   0   5   0  49   5   0   3   0   6  1.06 0.58
  201 S    0 -1  1  1  1 -1 -2  1  1 -1 -1 -1 -1 -1 -3  2  1  3 -1 -2    9   2   6   7   3   2   0   9   3   3   7   2   2   2   0  21  10   4   2   2  0.14 0.20
  202 A    0  0 -1 -1  2  1  0 -2  0  1 -1 -1  0 -2  1  0  2 -3 -1  0   10   6   2   2   5   7   6   2   2   8   6   3   2   2   7   8  14   0   2   5  0.08 0.14
  203 T    2 -3 -3 -1  1 -2 -3 -1 -4  2  0 -2  2 -1 -1  0  0 -4 -3  2   22   0   0   3   3   2   0   4   0  14   6   2   6   3   2   6   7   0   0  15  0.22 0.26
  204 A    0  0  0  0  2 -1  0  0 -2  0  0 -1  1  1 -2  0  0 -2  1  0    6   6   6   6   6   0   6   6   0   6   6   0   6   6   0   6   6   0   6   6 -0.00 0.10
  205 R   -1  2  0 -1  0  1  0  0  3 -1 -1  0  0  0 -1  0 -1  0  0 -1    4  15   4   3   2   8   4   8   9   4   5   4   2   4   2   5   3   2   3   3  0.06 0.15
  206 C    0  0 -1  0  2  0 -1  0 -2  0  0  0  1  0  1  0  0 -2 -2  0    6   6   0   6   6   6   0   6   0   6   6   6   6   6   6   6   6   0   0   6  0.01 0.10
  207 I   -1 -1 -1 -3  0 -1 -1 -1  0  2  1 -1  1  0  1 -1 -1  5  0 -1    5   3   3   0   3   3   4   5   3  12  13   5   4   4   8   4   3   9   3   3  0.13 0.18
  208 Q   -1  2  0  2  0  2  1 -2  0 -2 -2  2 -1 -4 -1  0 -1 -4 -1 -1    4  13   3  10   2  10   8   3   2   3   3  14   2   0   3   6   3   0   3   4  0.17 0.24
  209 A    1  2  0 -1 -1  0 -1 -2  0 -1 -2  1  0 -2  1  1  0  0 -1 -2   15  10   3   4   1   4   4   2   2   5   4  10   2   1   6   8   5   1   2   2  0.06 0.15
  210 L    0 -2  0  0  2  0  0  0  1  0 -1  0  1  0  1  0  0 -2  1  0    6   0   5   6   5   5   6   6   5   6   6   6   5   5   6   6   6   0   5   6  0.04 0.08
  211 V   -1  0  0  0  2  0  0 -1  2  0 -1  0  2  1  0 -1  0  4  1 -1    5   5   5   5   5   5   5   5   5   5   5   5   5   5   5   5   5   5   5   5  0.09 0.08
  212 A    0  0  0  0  2  0  0 -1  1  0 -1  0  1  0  0  0  0 -2  1  0    5   5   5   5   5   5   5   5   5   5   5   5   5   5   5   5   5   0   5   5  0.03 0.05
  213 Q    0  0  1  0  2  0  0 -1  1 -1 -2  1  1  2 -1 -1 -1  2  2 -1    6   6   6   6   4   5   7   4   3   3   4   7   4   9   3   5   4   3   7   4  0.10 0.09
  214 Q   -1  0  0  0  2  0  0 -1  2  0 -1  0  2  1  0 -1  0  4  1 -1    5   5   5   5   5   5   5   5   5   5   5   5   5   5   5   5   5   5   5   5  0.09 0.08
  215 G   -1  1  0  0  2  1  1 -1  1 -1 -2  0  0  0  2  0 -1  2  0 -1    5   8   4   4   4   6   8   5   4   4   4   7   3   4   9   7   5   2   3   5  0.08 0.09
  216 S   -1  0  0  0  2  0  0 -1  2  0 -1  0  2  1  0 -1  0  4  1 -1    5   5   5   5   5   5   5   5   5   5   5   5   5   5   5   5   5   5   5   5  0.09 0.08
  217 S    0  0  0  0  3  1  0  0  1 -1 -1  0  1  0  1  0  0 -4  0 -1    7   4   5   5   6   6   7   6   4   4   6   5   3   4   7   8   5   0   3   4  0.07 0.07
  218 E   -1  0  1  1  1  1 -1  1  1 -1 -1 -1  0 -1  1  0 -1  1 -1 -1    4   5   7   9   3   7   4  11   4   3   5   4   2   3   9   7   3   2   2   4  0.09 0.11
  219 L   -2 -2  1 -2  2 -2 -3 -1  0  2  3 -2  3  1  1 -1 -1  1  0  0    4   3   6   2   4   2   2   5   2   9  23   2   6   5   6   4   4   2   3   5  0.20 0.15
  220 R    0  0  0  0  2  0  0 -1  1  0 -1  0  1  0  0  0  0 -2  1  0    5   5   5   5   5   5   5   5   5   5   5   5   5   5   5   5   5   0   5   5 -0.00 0.06
  221 V    0  0  0  0  2  0  0 -1  1  0 -1  0  1  0  0  0  0 -2  1  0    5   5   5   5   5   5   5   5   5   5   5   5   5   5   5   5   5   0   5   5 -0.00 0.06
  222 Y    0  0  0  0  2  0  0 -1  1  0 -1  0  1  0  0  0  0 -2  1  0    5   5   5   5   5   5   5   5   5   5   5   5   5   5   5   5   5   0   5   5 -0.00 0.06
  223 I   -1  0  0 -1  1  0 -1 -1  1  1 -1  0  1  0 -1 -1  0  2  1  1    5   5   4   4   4   3   4   4   3   8   6   7   3   4   3   5   5   3   5  12 -0.00 0.04
  224 T    0  0  0  0  2  0  0  0 -1  0 -1  0  1  0  0  0  0 -2  1  0    5   5   5   5   5   5   5   5   0   5   5   5   5   5   5   5   5   0   5   5 -0.00 0.06
  225 D    0  0  0  0  2  0  0 -1  1  0 -1  0  1  0  0  0  0 -2  1  0    5   5   5   5   5   5   5   5   5   5   5   5   5   5   5   5   5   0   5   5 -0.00 0.06
  226 D   -1 -1  0  3  2  0 -1 -1  1  1 -1 -1  1 -1 -1 -1 -1  2  0  1    5   3   5  15   4   5   5   4   3   7   5   3   3   3   3   5   3   2   3   9  0.08 0.13
  227 T   -1 -1  0  2  3  0  0  0  1 -1 -1 -1  0  0 -1  0  0 -5  1  0    5   4   5  11   5   4   6   7   3   3   6   3   3   3   3   6   6   0   6   6  0.03 0.09
  228 A    0 -1  0  0  2  0  0 -1  0  0 -1 -1  0  0  0  0  1 -3  0  0    8   4   4   7   6   3   6   5   2   5   5   2   3   4   3   9   9   0   3   8  0.01 0.07
  229 D   -1 -2  0  3  0 -1  0 -1  0  1  0 -1 -1 -1 -1 -1  0 -4 -1  1    4   2   5  17   2   3   4   4   2   7   9   3   2   3   3   4   6   0   2  14  0.07 0.16
  230 I   -1  0 -1  0  3 -1  0  0  0  0  0 -1  0  0  0  0 -1 -3  2  1    5   5   2   4   8   2   5   7   2   7   7   3   3   3   4   6   3   0   8  12  0.03 0.11
  231 Y   -1  0  0  0  2  0 -1 -1  2  0 -1  0  2  0  0 -1  0  3  1 -1    5   5   5   5   5   5   5   5   5   5   5   5   5   5   5   5   5   5   5   5  0.03 0.09
  232 E   -1  0  0  1  1  0  0 -1  1  0 -1  0  0  0  0  0  0  1  0  0    4   4   5   9   4   5   7   5   3   5   7   5   3   3   4   6   6   2   4   7  0.01 0.03
  233 D    0  0  0  0  2  0  0 -1  1  0 -1  0  1  0  0  0  0 -2  1  0    5   5   5   5   5   5   5   5   5   5   5   5   5   5   5   5   5   0   5   5  0.03 0.05
  234 K   -1  0 -1  2  1  0  0 -2  0  0 -1  0  0  0  0 -1 -1  2  0  1    5   6   3  11   4   5   6   4   3   6   5   6   3   4   5   4   4   3   4  10  0.06 0.06
  235 F   -1  1  0  0  1  0  0 -2  1  0  0  0  1  1  0 -1 -1  2  1  0    4   9   4   4   3   4   6   3   4   7   8   5   4   6   4   5   4   3   5   8  0.04 0.04
  236 A    0  0  0  1  2  1  1 -1  1 -1 -1  0  1 -1  0  0  0  2  0 -1    7   6   4   7   5   6   8   5   3   4   5   6   4   3   5   7   5   2   3   5  0.05 0.06
  237 R    0  1  0  0  1  1  0 -1  1 -1  0  1  1 -1  0  0  0 -4  0 -1    7   8   4   5   3   7   7   4   4   4   9   7   4   3   4   6   5   0   4   4  0.05 0.06
  238 I   -1  0  0  0  2  0  0 -1  2  0 -1  0  2  1  0 -1  0  4  1 -1    5   5   5   5   5   5   5   5   5   5   5   5   5   5   5   5   5   5   5   5  0.09 0.08
  239 A    0  0  0  0  2  1  0 -1  2 -1 -1  0  1  0  0  0  0  2  0 -1    9   5   4   4   5   6   6   5   5   4   5   5   3   4   5   6   7   3   4   5  0.06 0.07
  240 Q   -1  0  0  0  2  0  0 -1  2  0 -1  0  2  1  0 -1  0  4  1 -1    5   5   5   5   5   5   5   5   5   5   5   5   5   5   5   5   5   5   5   5  0.09 0.08
  241 A    0  0  1  1  1  0  0  0  1 -2 -1  1 -1 -1  0  1  0  1 -1 -2    9   6   5   7   3   4   6   8   3   3   5   7   2   3   5  11   5   2   2   3  0.04 0.07
  242 E   -2  0  1  1  2  0  1 -1  1 -1 -2  0  0 -1  1  1  0  2  0 -2    3   4   5   7   4   4  10   6   3   4   5   5   3   3   8  12   6   3   3   3  0.10 0.12
  243 H   -1  0  0  0  2  0  0 -1  2  0 -1  0  2  1  0 -1  0  4  1 -1    5   5   5   5   5   5   5   5   5   5   5   5   5   5   5   5   5   5   5   5  0.09 0.08
  244 G   -1 -1  0  1  2  0  0  1  1 -2 -2  0 -1 -1  0  0  0  5 -1 -2    6   3   5   7   4   5   7  10   3   3   4   5   2   3   5   6   6   7   2   3  0.11 0.15
  245 D   -2  0 -1  0  1  0 -1  1  1 -2 -2  0  1  0  0 -1  0  6  0 -1    4   5   4   6   3   4   5  10   3   3   4   5   3   4   6   5   6  12   3   6  0.25 0.21
  246 F   -1  0  0  0  2  0 -1 -1  2  0 -1  0  2  0  0 -1  0  3  1 -1    5   5   5   5   5   5   5   5   5   5   5   5   5   5   5   5   5   5   5   5  0.03 0.09
  247 I    0  3  0 -1  1  0 -1  0  0 -1 -2  3 -1 -1  0  0  1  1 -1 -2    7  13   4   3   3   4   4   6   3   3   3  16   2   3   5   7   8   2   2   3  0.20 0.18
  248 P    1 -2 -1 -1  0 -1 -2 -1  1 -3 -3 -2 -7 -1  5  2 -2  2 -8 -2   12   3   3   4   2   3   3   5   3   2   3   3   0   3  29  13   3   2   0   3  0.58 0.46
  249 T   -1 -1 -3 -1  1 -1 -2 -2 -1  1  1 -1  0 -1 -2  0  1 -6 -2  3    5   4   2   4   3   3   3   4   2   9  15   4   2   2   3   8   7   0   1  21  0.23 0.17
  250 L   -1 -1  0  0  2  0 -1 -1  1  1  2  0  0 -1 -1  0 -1  2  0  0    4   3   4   5   5   4   3   6   3   7  19   5   3   3   4   6   4   3   3   7  0.07 0.07
  251 I    0  0  0  0  2  0  0 -1  1  0 -1  0  1  0  0  0  0 -2  1  0    5   5   5   5   5   5   5   5   5   5   5   5   5   5   5   5   5   0   5   5  0.03 0.05
  252 L    0 -2  0  0  2  0  0  0 -2  0 -1  0  1  1  0  0  0  3  1  0    6   0   5   6   5   5   6   6   0   6   6   6   5   5   6   6   6   5   5   6  0.06 0.11
  253 V   -1  0 -1  0  1 -1 -1 -2 -4  3  1 -1  1  0  1 -1  0 -4 -3  2    3   6   3   5   3   3   3   3   0  19  10   3   3   5   6   4   4   0   0  17  0.17 0.18
  254 G   -1 -2 -1 -2  2 -2  0  1  0 -2 -1 -1 -4 -1  5  0 -2  4 -1 -1    6   2   3   2   5   2   5   9   2   2   5   3   0   2  28   7   3   6   2   5  0.45 0.35
  255 T   -1 -1 -1 -1  1 -1  0 -2  1  1  1  0  1 -1 -1  1  1  2 -2  1    4   3   3   2   3   3   7   2   4   8  13   5   3   3   2  10   9   3   0  14  0.07 0.13
  256 R   -1  3  0 -1  0  0  0 -2  0 -1  0  1  1 -3 -1  1  0  2  0 -1    4  19   4   3   3   4   6   3   2   4   8   7   4   0   3  10   6   4   3   4  0.14 0.17
  257 L   -1  0 -2 -1  2  0  0  1  1  0  1  0  1  0  0 -1 -2  2  0  0    4   4   0   3   6   4   8  11   4   6  16   5   4   5   6   4   0   3   3   5  0.06 0.11
  258 G    0  0  1  0  2  1  0  0  2 -2 -1  0  1 -3  1  0  0 -3 -2  0    6   6   6   6   6   6   6   6   6   0   6   6   6   0   6   6   6   0   0   6  0.08 0.11
  259 I    0  0  0 -2  1  0 -1  1  0  0  0  0  1  0 -1  0  0 -2  0  0    8   4   4   0   4   3   3  13   3   6  12   8   4   4   3   7   6   0   3   4  0.03 0.06
  260 D   -2  0  1  4  2  0  3 -2  0 -3 -4 -1 -2 -3 -2  1  0  1 -5 -3    3   5   7  24   4   4  16   3   3   2   1   4   1   2   2  11   5   2   0   2  0.45 0.36
  261 H   -1  1  1 -1  2  0  0 -1  1 -2 -2  2 -2  1 -1  1  0 -1 -1 -1    3   9   7   4   4   4   6   5   3   2   5  13   1   6   3   9   7   1   2   4  0.10 0.14
  262 V   -2 -2 -1 -1  0 -1 -1 -3 -1  3  1 -2  1  2  1 -2 -1 -4 -3  2    2   2   3   4   2   2   3   2   2  19  15   2   3   8   6   3   4   0   0  15  0.22 0.21
  263 T   -3 -2  6  0 -1  0  1 -2  2  0 -3 -2 -1 -2  0  0  0 -6 -1 -2    2   2  35   5   1   4   7   3   5   5   2   2   1   2   5   8   5   0   3   2  0.58 0.42
  264 P   -1 -1 -1  1 -5  1  1 -2  0 -1 -1  0  0 -5  5 -1 -1 -6 -2 -2    6   3   2   7   0   7  10   3   2   5   5   5   3   0  27   5   4   0   2   3  0.42 0.34
  265 A   -1  1  0 -1  1  0  1  0  0  0 -2  1  0  1  0 -1 -1  2  1  0    4   8   5   4   3   4  11   7   3   5   4   8   3   5   4   5   4   3   4   6  0.06 0.06
  266 Y    0  0  0  0  2  1  0 -3  2  0 -1  0  1  1  1  0  0 -2  1 -2    6   6   6   6   6   6   6   0   6   6   6   6   6   6   6   6   6   0   6   0  0.07 0.12
  267 W   -2 -1  0 -1  1 -1 -2 -2  2  2 -1  0  0  2 -1 -1  0  3  3 -1    4   4   5   4   3   3   3   3   5  11   6   6   3   8   3   6   6   3  10   5  0.16 0.12
  268 D   -1 -1  0  3  0 -1  2 -3  1 -1 -3 -1  0 -1  4  0 -2  1 -1 -2    5   4   5  16   2   3  11   3   3   3   4   4   2   3  17   7   3   2   2   3  0.32 0.27
  269 A   -1  0  0  0  2  0  0 -1  2  0 -1  0  2  1  0 -1  0  4  1 -1    5   5   5   5   5   5   5   5   5   5   5   5   5   5   5   5   5   5   5   5  0.09 0.08
  270 L    0 -1 -2 -2 -2  1 -1  0 -2  1  0  0  1  1  1  0 -1 -2 -1  0    8   0   0   0   0   8   0   8   0   8   8   8   8   8   8   8   0   0   0   8  0.03 0.10
  271 K   -1  1 -1 -2  1  1  0 -2  1  0 -1  5 -1 -2 -2  0 -2  1 -1 -2    4   6   3   2   3   6   4   3   3   5   6  35   1   2   2   6   2   2   3   2  0.39 0.34
  272 E    1  0  0  0  0  0  1  0  1  0 -1  0  0 -1 -2  1  0 -3 -1  1   10   5   3   4   2   4  11   5   3   5   4   5   3   2   0  11   6   0   2  12  0.05 0.10
  273 A   -1  1 -2  0  3  0 -2 -1  2  0  0 -1  2  0 -3  0  0  2  0  0    5   8   0   6   8   5   0   3   6   7  10   4   6   3   0   9   7   4   3   7  0.11 0.16
  274 L   -1  0  1 -1 -3 -1 -1 -1  1  0  1 -1  1  3 -3 -1 -1  2  1 -1    4   5   8   3   0   3   3   6   3   3  18   3   5  16   0   4   4   3   4   4  0.12 0.16
  275 Q    0  0  0  0  2  0  0 -1  1  0 -1  0  1  0  0  0  0 -2  1  0    5   5   5   5   5   5   5   5   5   5   5   5   5   5   5   5   5   0   5   5  0.03 0.05
  276 L   -1 -1 -1 -1  1  0 -1 -4  1  0  2 -1  3  2 -1 -1 -1  3  1 -1    4   3   3   4   4   4   4   0   4   5  18   3   8  10   3   6   4   4   4   4  0.14 0.17
  277 P   -2  1 -1  0 -5 -1  1 -3  0 -2 -2  1 -1 -1  5  0 -1 -5 -1 -3    3   7   3   4   0   3   9   2   2   2   4   8   2   3  34   6   3   0   2   2  0.58 0.44
  278 Q   -2 -2  1 -2  3  5 -1 -1  2 -2 -1 -2 -1  0 -3  1 -2  1  1 -3    3   2   6   2   5  31   4   5   4   3   6   2   2   4   2  11   2   2   5   2  0.50 0.42
  279 S   -2 -6  0 -6  8 -2 -3 -3 -6 -3 -3 -5 -1  2 -2  4  1 -6 -5 -5    3   0   4   0  29   2   2   2   0   2   3   0   2  10   2  31   7   0   0   0  1.21 0.70
  280 V   -2 -2 -5 -3  2 -2 -5 -3 -2  3  2 -3  2 -2 -5 -2 -2 -5 -4  4    4   2   0   1   4   2   0   3   1  17  21   2   4   2   0   3   3   0   0  30  0.63 0.38
  281 G   -1 -6 -2 -2  0 -6 -6  7 -6 -7 -7 -6 -6 -7  0  0 -5  1 -6 -6    4   0   2   3   2   0   0  72   0   0   0   0   0   0   5   7   0   2   0   0  1.77 0.79
  282 I   -1 -5 -2 -6  1 -2 -5 -4 -1  6  1 -5  3  1 -5 -2 -2  1 -4  2    5   0   2   0   3   2   0   2   2  43  10   0   7   5   0   3   3   2   0  11  0.86 0.45
  283 A    2 -1 -3 -3 -4 -4 -4 -1 -4  5  0 -4  1 -3  0  0 -2 -5 -4  2   18   3   1   1   0   0   0   5   0  32   9   0   4   0   5   8   2   0   0  11  0.47 0.33
  284 G    0  1  1 -1  3 -1  0  1 -2 -1  0 -1 -1 -2 -2  1  1 -3 -2  0   10  10   9   0   9   0  10  10   0   0  10   1   0   0   0  10  10   0   0  10  0.09 0.09
  285 G   -1 -2  0 -1 -4 -4 -4  6 -4 -2 -5 -4 -4 -5 -4  0 -4 -5 -5 -5    4   3   3   3   0   0   1  70   0   3   1   1   0   0   1   7   1   0   0   1  1.40 0.59
  286 R   -2  4 -1 -1 -1  0  0 -3  0 -2 -1  4 -1 -2 -3 -1 -2 -4 -1 -1    2  28   3   3   1   3   6   1   3   2   5  28   1   1   0   3   2   0   2   4  0.54 0.36
  287 P   -1 -1 -2 -2 -5 -2 -2  1  0 -5 -4  1 -4 -5  7 -1  0 -5 -5 -3    4   4   2   2   0   2   2  10   3   0   2   8   0   0  50   5   5   0   0   2  1.12 0.57
  288 S    0  2  2  0 -1  1  0  1  1 -3 -3  1 -3 -1 -1  1  0 -4 -2 -3    6  10  13   4   1   6   3  13   4   1   2  11   0   3   3  12   5   0   1   0  0.20 0.19
  289 A    0  2  0 -2 -4  0 -2 -1  5 -2 -3  2 -1 -2 -3  3 -1 -4 -1 -3    7  12   4   1   0   3   2   5  18   2   2  11   2   2   0  26   2   0   1   1  0.47 0.36
  290 S    4 -2  0 -4  0 -1 -3 -1 -4 -4 -3 -3 -4 -5  0  4 -1 -5 -4 -4   37   2   4   0   2   2   0   5   0   0   3   0   0   0   5  36   3   0   0   0  0.79 0.54
  291 H   -2  1 -3 -4 -1 -2 -2 -4  3  0  3 -3  1  2 -2 -2 -1  2  4  0    2   9   0   0   1   1   2   0   9   4  28   0   3   7   2   2   4   3  14   7  0.36 0.29
  292 Y   -4 -2 -1 -5  1 -4 -5 -3 -1 -1 -2 -4 -4  4 -5 -1 -3  4  8 -4    1   3   3   0   3   0   0   2   1   4   4   0   0  13   0   5   1   4  51   0  1.35 0.66
  293 F    0 -2 -2 -2  2 -2 -2  0  2  0  0 -2  1  1  1  0  0 -2  1  0    7   0   0   0   7   0   0   7   7   7   7   0   7   7   7   7   7   0   7   7  0.06 0.14
  294 I    0 -2 -2  0  1 -2  0 -1  0  1  0 -2  0  1  1 -1  0 -2  0  1    7   0   0   8   4   0   7   3   3  12   7   0   3   6   7   5   4   0   3  13  0.03 0.11
  295 G    0 -3  0  1 -3  0 -2  4 -3 -3 -1 -1 -2 -3  0  0  0 -3 -3 -2    8   0   3  10   0   4   0  39   0   0   9   3   0   0   3   4   6   0   0   3  0.33 0.27
  296 V   -1 -1 -1 -3  1 -1 -2 -2  2  0  0 -2  2  3 -1  1 -1  2  2  0    5   3   3   0   4   2   2   2   5   5   5   2   7  16   3  12   3   2   9   9  0.17 0.19
  297 H   -1  0  0  0  2  0  0 -1  2  0 -1  0  1  0 -3  0  0  3  1  0    5   5   5   5   5   5   5   5   5   5   5   5   5   5   0   5   5   5   5   5  0.06 0.10
  298 G    0 -1  1  3 -4 -1  1  3  0 -1 -3 -1 -3 -1 -1  0 -1  1 -2 -1    6   3   5  18   0   3   8  25   2   4   2   2   0   3   3   5   3   2   1   5  0.29 0.24
  299 Q   -1 -1  2  5 -1  0  1 -1  0 -5 -3  0 -4 -5 -2  0  0  1 -2 -3    4   3  10  36   2   4  10   4   2   0   2   4   0   0   2   6   5   2   1   2  0.57 0.40
  300 Y   -1  1  1  1  0  1  1 -1  3 -3 -2  1 -2  0 -3  0 -1  2  1 -2    4   7   6   7   3   8   8   4  10   0   4  11   0   5   0   7   4   3   6   3  0.16 0.16
  301 L    0  0 -2 -3  3 -2 -2  0 -2  0  0 -2  1  1  1  0  0 -2  1  0    8   8   0   0   7   0   0   8   0   8   8   0   7   7   8   8   8   0   7   8  0.09 0.11
  302 F   -1 -3 -3 -1  1 -1 -2 -2  1  2  1 -1  1  3  0 -1  0 -2  2  0    4   0   0   4   3   3   0   3   3  18  11   4   3  18   5   3   5   0   6   4  0.16 0.17
  303 Y   -2 -1 -1 -2  3 -3 -2 -1  1  0 -1 -3  1  2 -4 -2 -1  2  6  0    2   4   3   2   6   0   3   5   3   5   4   0   4   7   0   2   4   3  36   5  0.59 0.39
  304 L   -2 -4 -4 -5 -4 -4 -4 -1  0  1  5 -4  2  1 -4 -1 -3 -4  0 -1    3   0   0   0   0   0   0   5   2   6  60   0   4   5   0   6   0   0   3   3  0.76 0.42
  305 D   -4 -4 -1  7 -5 -3 -2 -1  1 -2 -3 -4 -5 -5 -4  1 -4 -6 -5 -3    0   0   2  70   0   0   0   4   3   3   3   0   0   0   0  10   0   0   0   2  1.54 0.63
  306 P   -4 -4  0 -4 -5 -4 -1 -5 -5 -5 -3  0 -5 -6  8  1 -4 -6 -5 -5    1   0   4   0   0   0   4   0   0   0   4   5   0   0  69  10   0   0   0   0  1.90 0.71
  307 H   -1  0 -3 -4  0 -3 -1 -4 10 -1 -3 -1 -4 -4 -3 -3 -1 -5 -1 -4    5   4   0   1   2   0   4   1  63   5   2   3   0   0   2   2   4   0   1   1  1.80 0.66
  308 H   -1 -1  0 -1 -1 -1 -1 -1  2  0 -1 -1 -1  1 -3  0  1  0  3  1    4   4   4   3   1   3   4   6   5   4   4   2   1   7   1   9  11   1  15  12  0.11 0.13
  309 T    1 -1 -1 -1  5 -2 -1 -3 -3  0 -1 -2 -1 -3  1  1  1 -1 -2  2   13   3   2   4  14   1   3   1   0   4   5   1   1   0   6  10  12   1   1  18  0.25 0.19
  310 R   -3  3 -2 -2 -1  5 -1 -1  2 -4 -2  2 -2 -3 -1 -1 -1  2 -3 -1    1  14   1   2   1  34   1   4   6   1   5  10   1   1   4   3   4   3   0   4  0.56 0.35
  311 P    0 -2  0  0 -2  2  1 -2 -3 -3 -1  0  0  0  5 -1 -1 -3 -2 -2    6   2   5   5   1  11  10   2   0   1   5   5   3   5  29   3   2   0   1   2  0.47 0.26
  312 A    3 -1 -2 -1  0 -1 -2 -2  2 -2 -1 -1 -1  1  0  1  0 -3  1  0   33   2   1   3   2   2   1   1   5   1   6   3   1   6   5   9   7   0   4   6  0.24 0.22
  313 S    0  0  0  0  2  0  0 -1  1  0 -1  0  1  0  0  0  0 -2  1  0    5   5   5   5   5   5   5   5   5   5   5   5   5   5   5   5   5   0   5   5  0.03 0.05
  314 L    0  0  1  0  0  0  0 -1  0  0  0  0  0  0  1  0  1 -2  0  0    5   4   7   5   3   4   6   3   3   4   7   6   3   6   9   7   8   0   3   7  0.04 0.05
  315 H   -1  0  0  0  0  0  0 -1  1  0  0  0  0  0  1  0  0  1  0  0    4   6   4   6   2   3   6   5   4   5  12   4   2   5   5   8   6   2   3   8  0.01 0.02
  316 Q    0  1  0  1  0  1  2  0  0 -1 -3  0 -1 -2  0  1  0  1 -1 -1    6   8   5   6   2   5  13   7   2   3   3   7   2   2   5  11   5   2   2   4  0.11 0.12
  317 D   -1 -1  1  3 -1  0  2 -1  1 -1 -3 -1 -1 -2  1  1  0  1 -2 -3    6   3   6  15   1   4  12   6   4   4   3   4   2   2   6  10   5   2   2   2  0.19 0.18
  318 V   -1 -1  0  0  1 -1  0 -1  0  0  0  1  1 -1  0  0  1  2  2  0    5   3   4   5   3   3   5   4   3   7   8   8   3   3   5   6   9   3   6   7  0.04 0.05
  319 N   -1 -1  1  2  2  0  0  0  1  0 -1 -1  0  0  0  0 -1  2  0  0    5   4   7  11   4   4   6   6   3   6   5   4   3   4   5   8   4   3   3   6  0.07 0.07
  320 D    0  0  0  0  2  0  0 -1  1  0 -1  0  1  0  0  0  0 -2  1  0    5   5   5   5   5   5   5   5   5   5   5   5   5   5   5   5   5   0   5   5  0.03 0.05
  321 T    0 -1  0  2  1  0  1 -2  0 -2 -1 -1  0 -1 -1  2  2  2 -1 -2    7   4   4  10   3   5  10   3   2   3   6   3   2   3   4  13  10   3   2   4  0.12 0.14
  322 L   -1  0  0  1  2  1  0 -2  1 -1  0 -1  0  0  1  0  0  1  3 -1    5   5   5   7   4   7   5   4   3   3   9   4   2   4   6   7   5   2   9   4  0.09 0.10
  323 T   -2 -1  0  1  1  0  1  0  1 -2 -2  0 -1 -1  1  2  2  1 -1 -1    4   4   4   7   3   4  10   6   3   2   5   5   2   3   7  13  11   2   2   5  0.12 0.15
  324 H   -1  0  2  3  0  1  2 -2  2 -1 -2  0 -1 -1  0 -1 -1  0 -1 -1    4   5   9  13   2   6  13   3   5   4   4   6   2   3   5   5   5   1   2   4  0.19 0.17
  325 E    1 -3 -1  1  1 -1  2 -3  0 -1 -3 -1 -1  5 -1  0 -2  1 -2 -1   10   2   3   7   3   3  13   2   2   4   3   4   2  22   3   6   3   2   1   4  0.40 0.28
  326 E   -1 -2  0  4 -1  0  1 -3 -1 -2 -2 -2 -1  0  4  0 -1  1  0 -3    6   3   4  19   2   4   8   3   2   3   4   3   2   4  19   6   3   2   3   2  0.39 0.31
  327 V   -1 -2 -2  3 -1 -3 -2 -3 -1  1  3 -3 -1  0 -1 -1  1  3 -1  0    5   3   2  15   1   2   3   2   1   7  25   2   1   4   3   4   7   4   2   8  0.31 0.21
  328 N    1  0  0  1  0  2  2 -2  1 -3 -3  0 -6 -7 -1  3 -1 -1 -6 -4   11   5   5   8   2   7  15   4   3   2   3   5   0   0   4  20   5   1   0   1  0.37 0.32
  329 T    0  0  1  0  2  1  0  0  2  0 -1  0 -1 -2  1  0  0 -3 -2  0    6   6   6   6   6   6   6   6   6   6   6   6   0   0   6   6   6   0   0   6  0.07 0.08
  330 Y   -1 -3 -3 -1  1  0 -3 -4  2  0  0 -3  2  4 -1 -3 -1  4  5  0    4   0   0   4   4   4   1   1   5   5   9   0   5  16   4   1   4   6  20   7  0.43 0.30
  331 H   -2  1 -1 -1  2 -1 -1 -1  8 -2 -4 -1 -4  1 -4 -1 -2 -4  1 -3    2   9   3   4   4   2   2   4  43   2   1   4   0   5   0   5   3   0   4   2  0.99 0.55
  332 T   -2  0 -1 -2  7  0 -1 -2 -4 -2 -3 -2 -1 -4  2  1  2  0 -2 -1    2   6   3   2  30   5   3   3   0   2   2   2   2   0   9   9  12   1   2   5  0.64 0.42
  333 R    0  1  0  1  1  1  0 -2  1 -2 -1  1 -1 -1  2  1  1 -1 -2 -2    7   8   3   8   4   5   7   2   3   1   5   8   2   2   9  10  11   1   1   2  0.15 0.16
  334 R   -1  2  1  0  1  0  0 -1  1  0 -2  1 -1 -1 -1  1  0 -1  0  0    4  11   6   6   4   3   5   4   4   7   2  10   1   3   2   9   7   1   4   7  0.07 0.10
  335 L    0 -3 -4 -6  0 -2 -4 -6 -2  2  1 -4 -1  0  6 -3 -3 -2  0  2    7   1   1   0   2   2   1   0   1  10  13   1   1   3  34   2   2   1   3  15  0.78 0.50
  336 R   -3  5  0 -3  1  2 -1 -2  0 -3  0  2 -1 -1 -2  0 -2 -1 -2 -4    1  34   4   1   3   8   3   3   3   1   8   9   2   3   2   8   2   1   1   1  0.56 0.41
  337 R   -2  4 -3 -3  1 -1 -2 -4  2 -4 -2  4 -1 -2 -4  1  2 -1 -2 -2    3  19   1   1   3   2   2   1   5   1   4  26   1   2   1  11  11   1   2   3  0.55 0.42
  338 I   -1 -1 -1 -4  2  0 -1 -4 -4  2  1 -1  6  0 -4 -1  0 -4  0  1    4   3   3   0   4   3   4   0   0  13  14   3  23   3   0   4   5   0   3   8  0.41 0.32
  339 H   -1  0  2  1  1  0  0 -2  4 -4 -2  0  0 -1  4  0 -1  2  0 -4    5   5  10   6   3   3   4   3  10   0   3   5   3   3  20   7   3   3   3   0  0.33 0.27
  340 I   -1 -3 -3 -3 -1 -2 -3 -3 -4  4  2 -3  2  3 -1 -2 -1  2  0  0    4   1   1   1   2   1   1   3   0  26  17   1   6  14   4   3   3   3   2   6  0.42 0.32
  341 K    0  0  0  2  0  0  0  0  1 -1 -2  1 -1 -2 -1  3  0 -4 -2 -2    8   5   3  11   2   4   6   6   3   3   3   9   1   1   2  23   6   0   1   2  0.18 0.22
  342 D   -1  1  1  2 -1  2  3 -2  0 -5 -3  2 -1 -5 -4  1 -1 -5 -2 -3    5   8   6  12   1   8  17   3   2   0   2  13   2   0   0  12   4   0   2   1  0.35 0.33
  343 M   -3 -5 -6 -6  1 -3 -3 -6 -6  3  4 -5  6  0 -6 -3 -3 -5 -2  1    2   0   0   0   2   1   2   0   0  17  38   0  21   3   0   2   2   0   2   8  1.04 0.57
  344 D   -6 -6  1  8  0 -1  0 -3 -6 -8 -8 -5 -7 -2 -6 -1 -5 -8 -7 -8    0   0   6  74   2   3   6   2   0   0   0   0   0   2   0   4   0   0   0   0  2.02 0.88
  345 P   -3 -3 -3 -3 -1 -3 -6 -3 -7 -7 -5 -6 -7 -8  8  1  1 -8 -7 -7    1   1   1   1   1   1   0   2   0   0   1   0   0   0  70  11   8   0   0   0  2.12 0.93
  346 S   -3 -3 -2 -3  3 -4 -2 -3 -5 -6 -3 -4 -5 -2 -5  7 -1  1 -5 -5    0   1   2   1   6   0   2   1   0   0   3   0   0   2   0  76   3   2   0   0  1.56 0.81
  347 M   -2 -5 -6 -6  6 -5 -5 -6 -5  3  3 -3  7  1 -6 -5 -4 -5 -4  1    2   0   0   0  17   0   0   0   0  13  25   2  26   5   0   0   0   0   0   9  1.11 0.51
  348 L    3 -2 -2 -3  2 -1 -2 -1 -1 -1  1 -3  0 -1 -3  1  2 -4 -3  0   29   1   1   0   5   3   2   4   2   1  18   0   3   2   0   9  14   0   0   6  0.28 0.26
  349 I   -1 -4 -3 -2 -2 -4 -4 -5 -4  3  4 -4  1  2 -4 -4 -2 -4 -2  2    4   0   1   2   1   0   0   0   0  19  41   0   3  10   0   0   1   0   0  14  0.66 0.34
  350 G    0 -3 -3 -4  4 -4 -4  6 -4 -4 -4 -4 -1 -1 -1 -1 -3 -4 -4 -2    8   1   0   0   8   0   0  64   0   0   1   0   2   4   3   3   1   0   0   3  1.17 0.51
  351 F   -5 -3 -5 -6 -2 -5 -5 -6 -4  0 -1 -5  0  8 -6 -5 -5 -2  2 -2    0   1   0   0   1   0   0   0   0   5   5   0   2  75   0   0   0   0   6   2  1.98 0.69
  352 I   -3 -3 -4 -5 -1 -3 -5 -5 -2 -1  3 -4  0  3 -5 -4 -2 -2  7 -1    2   1   1   0   1   1   0   1   1   3  25   0   2  12   0   1   2   0  42   4  1.06 0.51
  353 I   -1 -4 -5 -6  8 -5 -5 -5 -5  3  1 -5 -1  2 -5 -3 -3 -2 -2  2    4   1   0   0  33   0   0   0   0  21  12   0   1  10   0   1   1   1   1  13  1.05 0.47
  354 R    0  4  0 -1  0  1  1 -1  1 -3 -3  3 -2 -4  0  0 -1 -4 -3 -4    7  24   4   2   2   7   7   4   4   1   2  20   1   0   4   7   3   0   1   0  0.39 0.27
  355 S   -2 -3  4  3 -3 -2  0 -1 -2 -5 -5 -3 -4 -5 -3  3  3 -6 -5 -2    1   1  21  19   1   0   4   4   1   0   0   1   0   0   1  23  21   0   0   2  0.75 0.46
  356 R   -1  2 -1 -2 -2  1  3 -2 -1 -2  1  2 -1 -1 -1 -1 -2  0 -1 -1    4  12   2   1   1   6  25   3   1   2  14  14   1   3   3   2   1   1   2   4  0.24 0.22
  357 E    1  0  1  2 -3  1  3 -1  0 -2 -3  1 -2 -4 -2  1 -1 -5 -2 -3   15   5   6  14   0   7  21   3   2   2   2   8   1   0   2   8   2   0   1   1  0.31 0.24
  358 D   -1 -3 -1  6 -5  0  4 -3 -2 -4 -4 -3 -2 -5 -2  0 -3 -6 -5 -4    4   1   2  43   0   3  29   1   1   1   1   0   1   0   2   8   1   0   0   1  1.07 0.53
  359 W   -3 -5 -5 -6 -2 -5 -4 -4 -4  0  2 -5 -1  6 -5 -4 -3  6  3 -2    2   0   0   0   1   0   1   1   0   5  22   0   1  40   0   1   1  13  10   1  1.20 0.52
  360 T   -1 -1  2  4 -1  1  3 -3  0 -1 -1  0 -1 -1 -3 -1 -1 -2 -2 -1    4   3   8  22   1   6  21   1   2   3   6   6   2   3   0   4   3   1   1   4  0.31 0.23
  361 D   -1  0  1  5 -3  1  2 -2  0 -4 -2 -1 -1 -5 -4  1  0 -5 -3 -3    4   4   6  34   0   7  11   2   2   1   3   3   2   0   0  12   5   0   1   1  0.54 0.34
  362 W   -3 -4 -6 -6 -5 -5 -3 -5 -5 -2  4 -4  1  6 -6 -5 -4  7 -2 -1    2   1   0   0   0   0   2   1   0   1  39   1   3  32   0   0   1  14   0   3  1.23 0.56
  363 K   -2  1 -3 -4  7  0 -1 -4 -3  0  0  2  0 -1 -4 -1 -1  2 -1  0    2   7   0   0  28   5   5   0   0   6   8  12   3   2   1   5   4   3   2   7  0.58 0.35
  364 T    0  1  0  1 -1  2  2 -1  0 -2 -1  2 -1 -3 -2  1  0 -4 -2 -2    9   9   3   8   1   8  13   3   2   2   5  13   2   1   1  11   6   0   1   2  0.17 0.16
  365 R   -2  4  1  1 -2  2  1 -2  1 -4 -2  1 -2 -1 -4  0  0 -1 -2 -3    3  27   7   6   1  10   9   3   3   0   5   6   1   3   0   8   5   1   1   2  0.35 0.27
  366 I   -1 -4 -4 -5  1 -3 -3 -5 -3  4  3 -3  2 -1 -5 -2 -1 -5 -3  3    4   0   0   0   3   1   2   0   1  20  31   1   6   3   0   3   3   0   0  23  0.65 0.36
  367 L   -1  1  0  0 -2  1  1 -2 -1  0  1  2  1 -1 -2  0  0 -3 -2 -1    4   7   3   5   1   6  12   2   1   5  13  14   3   3   1   9   7   0   0   3  0.11 0.13
  368 S    0  0  2  0 -1  1  2  0  0 -4 -3  2 -2 -4  0  2  0 -4 -3 -2    7   4   8   5   1   7  15   6   2   0   2  14   1   0   4  14   5   0   1   2  0.24 0.20
  369 G    1 -2 -1 -2 -1 -1  0  0 -2  0  1 -1  1 -1  0  1  0 -2 -2  1   10   1   3   2   1   3   6   6   1   5  19   4   4   3   5  13   4   0   0  10  0.07 0.11
  370 R   -1  1  2 -1 -1  1  1 -1 -2 -3 -2  2  0 -2  1  1 -1 -1 -3 -2    3   8  12   2   1   7   8   4   1   1   5  17   2   1   8  13   3   1   1   2  0.23 0.21
  371 G   -1 -1  1 -1 -2  1  0  3  1 -3 -3  2 -3 -3  1  2  0 -2 -3 -3    4   3   5   3   1   5   7  21   4   1   2  14   0   1   7  14   4   1   0   2  0.27 0.22
  372 N   -1  0  2  0 -2  2  0 -2  1 -2 -1  2 -1 -2  2  1 -1 -3  2 -3    6   3  12   5   1   8   4   2   3   3   5  12   1   2  11  11   3   0   7   1  0.21 0.20
  373 S   -1 -1 -1 -2 -1  0 -1 -2 -2 -4 -2  1 -2 -3  6  2  0 -3  0 -4    6   4   3   2   2   3   3   3   1   1   5   8   1   1  34  14   5   0   3   1  0.63 0.40
  374 I   -2 -2 -4 -5 -3 -3 -4 -4 -2  4  3 -3  3  1  2 -2 -2 -5 -3  0    2   2   0   0   0   1   1   1   1  24  30   2   6   5  12   4   2   0   0   4  0.61 0.37
  375 V   -4 -5 -6 -5 -1 -6 -5 -5 -2  3  1 -5  3  7 -1 -3 -3 -4 -2  1    1   0   0   1   1   0   0   1   1  15  10   1   6  45   3   2   1   0   0  10  1.22 0.57
  376 H   -2 -2 -1 -1 -1 -2  3 -3  4 -3 -3 -3 -1  3  0  2  2 -2  0 -4    3   2   2   2   1   2  19   1  12   1   2   1   1  15   4  15  15   1   2   0  0.49 0.37
  377 I   -2 -3 -3 -3 -4 -1 -1 -5 -4  4  1 -4  1  2 -2 -3  0 -3 -3  3    2   1   1   2   0   3   5   0   0  27  12   0   3  10   2   2   6   0   0  23  0.56 0.34
  378 L    0 -2 -3 -4  1  0 -3 -3  1  2  2 -2  1  1 -2 -1  0 -3 -1  2    8   1   1   0   3   5   1   1   5  13  21   2   4   6   2   5   6   0   1  16  0.23 0.19
  379 S   -1 -2  1  3 -3  1  3 -3 -2 -4 -4  0 -1 -3 -1  2  0 -3 -2 -1    6   2   5  19   1   7  20   1   1   1   1   5   1   1   3  15   5   0   2   5  0.41 0.32
  380 E   -2 -1  0  1 -3  2  4 -1  1 -3 -4  2 -3 -3 -3  0  1 -6 -4 -1    2   3   5   8   0   7  30   5   3   1   2  11   1   1   1   7   9   0   0   4  0.45 0.34
  381 D   -1  4  1  2 -1  0  1  0  2 -2 -3  1 -1 -4  0  0  0 -5 -1 -1    4  22   6  10   2   3   8   6   5   2   2   8   1   1   5   5   6   0   2   4  0.26 0.21
  382 T   -1 -1 -2 -2  0  1 -2 -3  1 -4 -4 -2 -3 -3  6  1  2 -6 -1 -2    5   4   2   2   2   6   3   2   4   1   1   2   1   1  40   9  11   0   2   3  0.85 0.50
  383 A    1 -1 -1  1 -2 -1 -1 -1 -3 -1 -3  0 -2 -3  4  1 -1 -5 -2  0   14   3   3   8   1   3   4   4   0   4   2   6   1   1  23  13   4   0   1   6  0.35 0.27
  384 N   -1 -1  1  2 -1  0  1 -1  2 -2 -3 -1 -1 -2  1  1  0  3  3 -1    4   3   6  14   1   4   7   5   6   2   2   4   2   1   6  12   5   4  10   4  0.20 0.20
  385 H   -1 -1 -2  1 -5 -1  0  0  4 -1 -2 -2 -1  1 -2  0 -1  7  3 -4    6   3   2   9   0   2   7   7  10   3   3   2   1   5   2   7   4  15  10   1  0.50 0.33
  386 Q   -1  1  1  1 -5  2  1 -2  1 -3 -1 -1 -1  0  3  0  0 -5  0 -2    3   8   8   9   0  11   9   2   3   1   6   2   2   4  14   8   5   0   3   3  0.24 0.22
  387 A    1 -1  0  1  0  0  1  0 -1 -1 -2  0  0 -2  2  1  0  0 -2 -1   11   3   3   9   2   4  10   8   1   4   2   4   2   2  10  13   5   2   1   5  0.13 0.13
  388 R   -1  2  0  1  0  0  0 -1 -1 -1  0  0 -1  1 -1  1  0 -2  0 -1    4  13   5   9   3   5   7   4   1   3  11   3   1   7   3  11   4   0   3   4  0.07 0.10
  389 K   -1  0  0  2 -2  1  2 -1 -1 -2 -3  0 -1 -2  2  1  0  0 -2 -1    5   5   3  10   1   5  16   4   1   2   2   4   1   2  11  13   5   1   1   6  0.21 0.19
  390 E   -2  0 -1  5 -6 -2  4  0 -3 -4 -4 -2 -3 -3  0  1 -1 -3 -4 -2    3   5   2  27   0   1  24   8   0   1   2   2   1   1   4  12   3   0   1   3  0.64 0.42
  391 A    1 -1 -1  0 -3  0  0 -1 -2  1 -1 -1 -2 -2  0  2  0 -4  1  1   14   3   3   4   0   4   7   5   0   7   7   4   1   1   4  17   4   0   5  10  0.11 0.14
  392 I   -1 -2 -2  0 -4 -1  0 -3 -1  2  2 -2  2  0 -1  0  0 -2 -1  2    3   2   2   5   0   2   5   2   2  14  21   2   5   4   2   8   4   0   1  14  0.19 0.17
  393 D   -1 -4  2  6 -7  1  2 -2  1 -4 -5 -3 -2 -6 -1  1  0 -4 -4 -6    4   0   9  41   0   5  12   3   3   1   1   1   1   0   3   8   5   0   1   0  0.88 0.49
  394 E   -4 -3 -1  4 -7 -1  6 -2 -1 -2 -3 -2 -4 -5 -4  0 -4 -7 -6 -4    1   1   2  22   0   3  49   4   1   3   3   2   0   0   1   6   1   0   0   1  1.13 0.61
  395 V   -1 -3 -1 -1  0 -1  0 -1 -2  1 -1 -2  2  2 -2  0  0 -4 -1  3    4   1   3   3   2   3   5   5   1   6   4   2   5   9   1   9   6   0   1  30  0.21 0.21
  396 E   -2 -1 -1  1 -5  1  5 -2  0 -1  0  1 -3 -5  0 -2 -1 -2 -2 -2    2   3   3   8   0   5  38   3   2   4  11   7   0   0   5   2   4   1   1   3  0.48 0.34
  397 A    2 -2 -2  2 -4 -2  0  0  0 -1 -2 -1 -1  0 -1  2  0 -4 -3  0   16   1   0  14   0   1   6   8   2   3   4   3   1   5   2  20   6   0   0   8  0.21 0.22
  398 L   -2 -3 -3  0 -1 -3  1 -3 -4  3  2 -2  0  2 -2  0 -3  1 -1  2    2   1   1   5   1   0  10   2   0  19  21   1   2  10   2   8   0   2   1  13  0.28 0.23
  399 D   -4 -1 -3  7 -7 -4  1 -4 -3 -7 -7 -2 -7 -7 -5  3 -3 -8 -7 -4    0   3   0  58   0   0   9   1   0   0   0   2   0   0   0  26   1   0   0   1  1.61 0.74
  400 D   -6 -5 -1  8 -8 -4  3 -6 -5 -8 -8 -5 -7 -8 -6 -4 -5 -8 -7 -7    0   0   1  80   0   0  18   0   0   0   0   0   0   0   0   0   0   0   0   0  2.41 0.86

                      K         Lambda
Standard Ungapped    0.1362     0.3194
Standard Gapped      0.0410     0.2670
PSI Ungapped         0.1076     0.3175
PSI Gapped           0.0329     0.2670
