
Last position-specific scoring matrix computed, weighted observed percentages rounded down, information per position, and relative weight of gapless real matches to pseudocounts
           A  R  N  D  C  Q  E  G  H  I  L  K  M  F  P  S  T  W  Y  V   A   R   N   D   C   Q   E   G   H   I   L   K   M   F   P   S   T   W   Y   V
    1 M   -4 -5 -5 -5 -4 -5 -5 -5 -3  1 -1 -5  0  8 -5 -4 -4 -1  3 -2    0   0   0   0   0   0   0   0   0  10   0   0   1  82   0   0   0   0   6   0  1.75 0.40
    2 P    0 -2  2 -2 -4 -1 -2 -3 -3 -3 -4 -1 -4 -5  7 -1 -1 -5 -4 -2    7   2  13   1   0   1   1   1   0   1   0   4   0   0  61   4   1   0   0   2  1.36 0.32
    3 R   -4  7 -3 -4 -6 -1  0 -5 -2 -5 -4  0 -4 -5 -4 -3 -3 -5 -4 -5    0  95   0   0   0   0   5   0   0   0   0   0   0   0   0   0   0   0   0   0  1.99 0.49
    4 G   -1 -1  5  0 -4 -2 -3  5 -2 -5 -5 -2 -4 -5 -2 -1 -2 -4 -4 -4    4   2  34   3   0   0   0  53   0   0   0   1   0   0   1   1   0   0   0   0  1.06 0.30
    5 D    0 -3  2  5 -4 -2  0  4 -1 -5 -5 -2 -4 -5 -3  0 -2 -5 -4 -4    5   0   8  43   0   0   2  34   2   0   0   1   0   0   0   4   0   0   0   0  0.91 0.29
    6 F   -4 -5 -5 -5 -5 -5 -2 -5 -4 -1 -1 -5 -2  8 -6 -5 -4 -2  1 -3    0   0   0   0   0   0   3   0   0   2   2   0   0  93   0   0   0   0   0   0  2.17 0.53
    7 V   -1 -3 -4 -3 -3  0  1 -4 -4  2 -1 -3 -1 -3  0 -2 -1 -4 -3  5    2   1   0   0   0   4  10   1   0  13   1   0   0   0   5   2   2   0   0  59  0.62 0.28
    8 D   -4 -4 -1  7 -6 -2  2 -4 -3 -5 -6 -3 -5 -6 -4 -3 -3 -6 -5 -5    0   0   0  87   0   0  13   0   0   0   0   0   0   0   0   0   0   0   0   0  2.00 0.52
    9 P   -4 -5 -5 -4 -6 -4 -4 -5 -5 -6 -6 -4 -5 -6  8 -4 -4 -6 -6 -5    0   0   0   0   0   0   0   0   0   0   0   0   0   0 100   0   0   0   0   0  3.09 0.67
   10 P   -1 -4 -4 -3 -5  0 -2 -3 -1 -3 -4 -3 -4 -6  8 -2 -2 -6 -5 -4    4   0   0   1   0   4   2   1   1   2   1   0   0   0  82   1   1   0   0   0  2.19 0.53
   11 P    0  0 -1  0 -4  3 -1 -2  0 -2 -2 -1 -2 -3  5  0 -1 -4 -3 -2    7   6   2   4   0  20   1   2   2   3   4   0   1   1  38   8   2   0   0   1  0.72 0.27
   12 V    0 -4 -4 -4 -1 -3 -4 -4 -4  3 -1 -3 -1 -2 -2 -1  0 -4 -1  5    7   0   0   0   1   0   0   0   0  17   0   0   0   1   1   3   3   0   1  63  0.78 0.31
   13 N   -1 -1  3  4 -3  0  2 -2  1 -1 -2 -1 -2 -3 -2  1 -1 -4 -3 -1    2   1  17  26   0   4  19   0   5   6   2   1   0   0   0  10   2   0   0   5  0.42 0.18
   14 W   -5 -5 -6 -6 -5 -4 -5 -5 -5 -5 -4 -5 -4 -2 -5 -5 -5 12 -1 -5    0   0   0   0   0   0   0   0   0   0   1   0   0   0   0   0   0  94   0   0  4.11 0.77
   15 D   -2 -2  3  5 -3 -2 -1 -2 -2 -4 -4 -2 -3 -4 -2  2  2 -4 -3 -3    0   0  20  43   0   0   0   2   0   0   1   0   0   0   1  16  15   0   0   0  0.82 0.29
   16 L    3 -1 -2  1 -2  0  1 -1 -1 -2 -2 -1 -2 -3  1  1  1 -3 -3 -1   42   2   0   9   0   5   9   2   1   1   2   1   0   0   7   8   8   0   0   3  0.32 0.18
   17 V    2 -1 -1  2 -2  0  2  0 -2 -2 -3 -1 -2 -3 -2  1  1 -4 -3  0   20   3   2  11   0   1  22   7   0   1   0   0   0   0   0  15  12   0   0   7  0.27 0.16
   18 K   -3  1 -1 -3 -5 -1 -1 -4 -3 -4 -4  7  2 -5 -3 -2 -3 -5 -4 -4    0   6   1   0   0   0   0   0   0   0   0  84   7   0   0   0   0   0   0   0  1.46 0.47
   19 D   -1 -3 -1  6 -5  0  4 -3 -2 -4 -3 -2 -4 -5 -3  0 -3 -5 -4 -4    4   0   0  50   0   2  37   0   0   0   2   0   0   0   0   4   0   0   0   0  1.15 0.38
   20 E    0  4  0  2 -4  2  2 -3  1 -3 -3  2 -2 -4 -2 -1 -2 -4 -3 -2    6  30   3  12   0  11  12   0   4   0   1  15   0   0   0   2   0   0   0   2  0.47 0.20
   21 A    3  1 -2 -2 -2  2  1 -1 -1  0 -1  0  0 -2 -2  0 -1 -3  1 -1   33   7   0   0   0  13  10   2   1   9   2   6   2   0   0   4   2   0   6   3  0.21 0.15
   22 L   -3 -4 -5 -5 -3 -4 -4 -5 -4  0  6 -4  1 -1 -4 -4 -3 -3 -3  0    0   0   0   0   0   0   0   0   0   2  90   0   2   0   0   0   0   0   0   3  1.25 0.40
   23 W   -5 -2 -5 -6 -5 -2 -5 -5 -4 -5 -4 -2 -4  0 -5 -3 -5 12 -1 -5    0   3   0   0   0   2   0   0   0   0   0   3   0   2   0   2   0  86   0   0  3.53 0.72
   24 K   -1  2  0  2 -4  2  1 -2 -2 -4 -3  4 -3 -4 -2  0 -1 -4 -3 -3    4  11   4  15   0   7   9   1   0   0   0  39   0   0   0   5   3   0   0   0  0.53 0.22
   25 I   -1 -3 -4 -4 -2 -2 -2 -4 -1  4  1 -3  1 -1 -3 -3  0 -3  2  3    3   0   0   0   0   2   2   0   2  40  13   0   2   0   0   0   4   0   9  21  0.51 0.22
   26 L   -3 -4 -4 -4 -3 -4 -4 -5 -4  4  4 -4  2  0 -4 -3 -1 -3 -2  1    0   0   0   0   0   0   0   0   0  39  44   0   5   3   0   0   4   0   0   3  0.79 0.29
   27 S    1 -2 -1 -2 -3 -2  0 -2 -3 -4 -3 -1  0 -4  0  6  0 -4 -3 -3    8   2   1   0   0   0   4   0   0   0   1   2   3   0   3  73   3   0   0   0  0.94 0.40
   28 G   -1  3  0 -1  0  2 -1  1  0 -4 -3  3 -2 -4 -2  0  0 -4 -3 -3    3  24   3   2   2  12   0  12   2   0   0  25   0   0   1   5   6   0   0   1  0.44 0.21
   29 A    2 -1 -1 -2 -2 -1 -1  0  0 -2 -2  0 -1 -1  2  2  1 -3  0  0   21   3   2   0   0   2   1   6   2   0   1   4   1   2  10  22   9   0   3   9  0.21 0.13
   30 A    1  2  0 -1 -2  0  0  0  0 -3 -3  0  0 -3  1  3  1 -3 -2 -2   13  14   4   1   0   2   3   6   3   0   1   4   3   0   6  34   6   0   0   0  0.31 0.17
   31 E    0  2  1 -2 -3  1 -1 -1  1 -2 -3  4 -2 -4  0  0  0 -4 -3 -3    8  14   8   0   0   7   1   4   3   2   0  36   0   0   4   7   6   0   0   0  0.41 0.20
   32 R    0  0  3  1 -3  0  0 -1  1 -3 -3  1 -2 -3  0  2  2 -4 -2 -2    6   4  19   5   0   3   6   4   3   0   0  10   0   0   4  14  20   0   0   2  0.29 0.15
   33 Q    0 -1  1  3 -3  0  2 -1 -2  0 -1  0 -2 -3 -1  1  1 -4 -3 -1    7   1   4  22   0   4  18   3   0   7   4   3   0   0   2  13   8   0   0   3  0.26 0.14
   34 I   -2 -2  2  3 -3 -1  1 -3 -2  3  0 -2 -1 -2 -3  0  0 -4 -3  0    1   0  14  23   0   1   7   0   0  23  11   1   0   0   0   7   3   0   0   6  0.28 0.17
   35 D   -4 -2 -2  4 -4 -3 -2 -2 -4 -1 -4 -4 -4 -2 -4 -3 -3 10 -1 -2    0   2   1  31   0   0   2   3   0   3   0   0   0   0   0   0   1  52   0   3  2.01 0.51
   36 C   -1 -2  2  1  0 -1  0 -2 -1 -1 -3  1 -2 -2  1 -1  0  8 -1 -2    4   1  15   9   2   1   6   1   1   4   1   9   0   0   8   3   4  25   0   3  0.58 0.20
   37 K    0  0  1  1  0  1  2  1  0 -3 -2  1 -2 -3 -2  1  0 -3  0 -2    9   2  10   9   3   5  17  11   2   0   2   9   0   0   0   9   7   0   3   1  0.19 0.09
   38 N    0  0 -2 -1 -2 -1  0 -2 -1  2  3 -2  1 -1 -3 -1 -1 -3 -2  0    8   6   1   3   0   1   7   3   2  12  49   0   1   0   0   2   2   0   0   2  0.25 0.14
   39 A    5 -3 -3 -2 -2 -2 -2 -1 -3 -3 -2 -2 -2 -4 -2  2 -1 -4 -3 -2   81   0   0   1   0   0   0   0   0   0   2   0   0   0   0  12   0   0   0   0  0.98 0.33
   40 D    2  0  0  1 -2  1  2 -1 -1 -2 -2  0 -1 -3 -2  1  1 -3 -2 -1   25   5   2   8   0   4  19   3   1   1   1   3   1   0   0  12  13   0   1   3  0.24 0.12
   41 R   -2  4  0  0 -4  3  1 -3  4 -4 -2  2 -2 -3 -3  0 -1 -3 -1 -3    1  27   2   5   0  20   5   0  16   0   2  15   0   0   0   4   2   0   1   0  0.55 0.20
   42 F   -4 -4 -5 -5 -4 -4 -5 -5 -3 -1  3 -5 -1  7 -5 -4 -3 -1  1 -2    0   0   0   0   0   0   0   0   0   0  32   0   0  66   0   0   0   0   2   0  1.38 0.37
   43 E   -2 -1  2  4 -4  3  3  1 -1 -4 -4 -1 -3 -4 -3 -1 -2 -4 -3 -4    0   1  13  29   0  19  23  13   1   0   0   1   0   0   0   0   0   0   0   0  0.69 0.23
   44 V    0 -4 -4 -5 -3 -4 -4 -4 -5  1 -1 -4 -1 -3 -4 -3  0 -5 -3  6    8   0   0   0   0   0   0   0   0   0   0   0   0   0   0   0   4   0   0  88  1.19 0.38
   45 S   -2 -3 -2 -1 -3 -2 -1 -1 -3 -4 -4 -2 -3 -4  6  2  3 -5 -4 -3    0   0   1   3   0   1   4   3   0   0   0   0   0   0  49  15  25   0   0   0  1.14 0.31
   46 V   -1  0 -3 -3 -2  0 -2 -4 -2  1  3 -1  0  0  0 -2  1 -3 -2  2    2   6   0   0   0   5   1   0   1   5  36   3   0   2   6   1  10   0   0  24  0.25 0.14
   47 D    1 -2 -1  2 -3  0  1 -2  0 -3 -3 -1 -3 -4  5  1  1 -4 -3 -2   13   1   0  14   0   3   9   1   2   0   0   3   0   0  30  15   8   0   0   2  0.58 0.18
   48 F   -4 -4 -5 -5 -4 -5 -5 -5 -2 -1 -2 -5 -2  8 -5 -4 -4  1  5 -3    0   0   0   0   0   0   0   0   0   2   0   0   0  78   0   0   0   1  19   0  1.84 0.43
   49 L   -3 -4 -5 -5 -3 -4 -4 -5 -4  2  5 -4  1 -1 -4 -4 -3 -3 -3  0    0   0   0   0   0   0   0   0   0   9  86   0   1   0   0   0   0   0   0   4  1.10 0.32
   50 L   -3 -3 -4 -5 -3 -1 -4 -5 -4  1  5 -3  2  0 -4 -3 -1 -3 -2  0    0   0   0   0   0   4   0   0   0   6  75   0   5   2   0   1   2   0   0   5  0.81 0.27
   51 Q   -3  2 -1 -3 -4  6 -1 -4 -1 -2 -3  0  1 -2 -3 -2 -2 -3  3 -2    0  11   1   0   0  63   0   0   0   2   0   3   5   1   0   0   0   0  12   2  1.04 0.37
   52 Q   -2  3 -2 -2 -4  6  1 -3  3 -4 -3  1  2 -4 -3 -2 -2 -4 -3 -4    0  19   0   0   0  61   4   0   7   0   0   4   6   0   0   0   0   0   0   0  1.05 0.35
   53 V    4 -3 -3 -3 -2 -2 -2 -2 -3  0 -2 -2 -2 -3 -2  0  0 -4 -3  3   63   0   0   0   0   0   0   0   0   4   0   0   0   0   0   3   4   0   0  26  0.65 0.27
   54 A    4 -2 -1 -2 -2  1 -1 -1  0 -2 -3  0 -2 -3 -2  0  0 -3  0 -1   65   0   3   0   0   9   0   0   2   0   0   6   0   0   0   4   4   0   3   1  0.54 0.23
   55 W    0 -3 -4 -4  2 -3 -3 -3  0 -2 -2 -3 -2  2 -4 -3 -1 10  4 -1    9   0   0   0   4   0   0   0   2   2   2   0   0   8   0   0   4  48  14   5  1.48 0.33
   56 L   -2  1 -4 -4 -3  0 -3 -4 -3  1  5 -1  0 -1 -3 -3 -2 -3 -2 -1    0   8   0   0   0   4   0   0   0   6  76   3   0   0   0   0   0   0   0   0  0.72 0.27
   57 T   -1 -3  1 -4 -4 -3 -3 -4  2 -3 -1 -3 -2  1 -4 -1  1  0  7 -3    5   0   7   0   0   0   0   0   3   0   7   0   0   3   0   3   9   0  63   0  1.14 0.40
   58 E   -1 -2  0  2 -5  2  6 -2  1 -5 -4  0 -3 -5 -3 -2 -2 -4 -3 -4    5   0   4   9   0   6  68   3   3   0   0   2   0   0   0   0   0   0   0   0  1.01 0.36
   59 R   -1  6  0 -2 -4  1  0 -3  2 -4 -1  1 -2 -4 -3 -1  0 -4 -3 -3    3  61   4   0   0   5   4   0   5   0   6   5   0   0   0   1   6   0   0   0  0.83 0.31
   60 H   -2  0  0  1 -4  3  2 -3  7 -4 -2  0 -2 -1 -3 -2  0 -4 -1 -3    0   3   3   8   0  20  13   0  36   0   4   3   0   4   0   0   7   0   0   0  0.70 0.29
   61 A   -1 -3 -1 -1 -2  0 -2 -3 -3  0  3 -2  2  2  0 -2  0 -2 -1  0    6   0   4   3   0   6   0   0   0   3  48   0   7  10   4   0   4   0   0   4  0.30 0.18
   62 S    0  1  1  1 -3  1  2 -2 -1 -2 -2  1 -2 -3 -2  3  1 -4 -3 -2    7  11   6   5   0   5  21   0   0   1   2   5   0   0   0  29   6   0   0   1  0.34 0.18
   63 Q   -1  0 -1 -2 -4  5  0  2  4 -4 -4  0 -3 -4 -3  0 -1 -4 -2 -4    1   4   2   0   0  46   4  22  13   0   0   2   0   0   0   4   2   0   0   0  0.77 0.32
   64 V   -1 -3 -4 -4 -2 -3 -3 -4 -4  3  2 -3  4 -2 -1 -1 -1 -3 -2  4    2   0   0   0   0   0   0   0   0  16  19   0  14   0   3   4   0   0   0  42  0.55 0.24
   65 R   -2  6 -2 -3 -5  3  0 -4  0 -4 -4  3  0 -4  0 -2 -2 -4 -3 -4    2  58   0   0   0  14   2   0   2   0   0  15   2   0   4   0   0   0   0   0  0.99 0.35
   66 A    3  0  0  0 -2  1  1  2  0 -3 -3  0 -2 -3 -2  0 -1 -1 -3 -2   41   4   3   4   0   6   7  20   2   0   1   7   0   0   0   2   2   1   0   0  0.34 0.18
   67 Q   -2  0  0 -2 -3  5  1 -3  2  0  0 -1 -1 -3 -3 -2  0 -3 -2  0    0   5   4   0   0  44   9   0   6   8  10   0   0   0   0   0   8   0   0   6  0.49 0.27
   68 V   -2  1 -3 -4 -3 -2 -3 -4 -3  2  1  1  5  1  1 -3  0 -3 -2  2    0   8   0   0   0   0   0   0   0  10  10   9  27   6   7   0   7   0   0  17  0.47 0.30
   69 R    0  1  1  1 -2  1  1  0 -1 -1 -1  1  1 -2  1  0  0 -3 -2  0    7   7   7   7   0   7   7   7   0   0   7   7   7   0   7   7   7   0   0   7  0.09 0.10
   70 K   -1  4 -3 -4 -5  0 -2 -2  0 -2 -2  5  2 -2 -2 -1 -2 -5 -4 -4    4  25   0   0   0   4   0   3   2   2   3  42   6   2   2   4   2   0   0   0  0.81 0.52
   71 A    1 -2 -3 -2 -3 -2 -2  0 -1  0  1 -2  1 -1 -1 -1 -1 -4 -3  3   14   2   0   2   0   2   2   8   1   3  17   2   4   2   3   4   1   0   0  33  0.25 0.27
   72 T    1  1  0 -2 -3 -1 -1  3  0 -3 -2 -1 -3 -2  0  2  1 -4 -3 -2   14   9   5   0   0   2   4  25   2   0   3   3   0   2   4  15   9   0   0   2  0.29 0.25
   73 A    1 -1  0  0 -3 -1 -1  2  0 -2 -2  0  0 -3  0  1  1 -4 -3  0   15   2   4   5   0   2   2  20   2   2   3   5   4   0   4  12  10   0   0   7  0.18 0.19
   74 A    1 -1  0 -1 -3  1  0  1  1 -1 -1 -2 -1 -3  3  2  1 -4 -3 -1   15   3   5   2   0   7   4   9   4   2   6   0   2   0  14  16   9   0   0   3  0.23 0.22
   75 V    1  1  1 -1 -1  0 -1  0  0 -1 -1  1 -2 -1  0  1  2 -3 -2 -1   12   7   6   2   1   4   0   8   3   2   4  11   0   3   3  12  17   0   0   4  0.14 0.17
   76 R    1  1 -1 -1 -1  1  0  1  1 -1 -2  0  0 -2  3  1  0 -3 -2 -1   10   9   1   3   1   6   4  13   4   3   3   4   3   1  14  11   5   0   0   4  0.19 0.17
   77 N    0 -2  0  0 -3  0 -1  0 -3 -2 -2 -1 -3 -4  3  3  1 -4 -1 -1    7   2   3   6   0   3   3   7   0   1   5   2   0   0  16  32   7   0   3   4  0.37 0.33
   78 S    2 -1  1  1 -3 -1  0 -1 -1 -1 -1 -2 -1 -3  0  2  2 -4 -3 -1   19   2   7   7   0   2   7   4   1   3   6   0   1   0   4  20  14   0   0   4  0.22 0.23
   79 G    2 -3 -1  0 -1 -1 -2  2 -3 -1 -2 -1 -1 -3  1  2  1 -4 -3 -1   19   0   2   4   1   2   0  20   0   3   3   4   1   0   6  23   8   0   0   5  0.32 0.28
   80 P    1 -1  0 -1 -3 -1 -1  1 -3 -3 -2 -1 -1 -3  4  2  1 -4 -3 -2   10   3   4   2   0   2   4  13   0   0   5   2   2   0  23  17  10   0   0   2  0.41 0.28
   81 S    1 -1  0 -1 -3  0 -2 -1 -3 -2 -2 -2 -3 -2  1  4  1 -4 -1 -1   12   2   4   2   0   5   0   4   0   2   3   0   0   2   8  38  10   0   2   5  0.37 0.34
   82 P   -1 -3  0 -2 -4  0 -1 -1 -1 -1 -3 -2 -3 -4  6  1  0 -4 -2 -1    4   0   4   2   0   4   3   4   1   3   2   2   0   0  44  12   6   0   1   5  0.84 0.44
   83 V    1  0 -1 -1 -2 -1 -2  1 -2  0  0 -1  2 -2  0  1  1  0 -2  1   12   7   2   3   0   2   1  15   0   6   6   3   8   0   4  10  10   1   0  10  0.10 0.13
   84 P    0  0 -1 -1 -3  0  0  0 -3 -2 -2 -1 -1 -4  6  1 -1 -4 -4 -2    6   5   3   2   0   3   6   8   0   2   4   2   1   0  40  11   3   0   0   2  0.70 0.38
   85 S    1  0 -1 -1 -3  0 -1  2 -1 -3 -2  0 -1 -3  3  1  1 -4 -3 -1   13   6   2   3   0   4   2  18   2   0   3   5   1   0  14  14   8   0   0   3  0.27 0.22
   86 G    0  1 -1 -1 -3  0 -2  2  1 -1 -2 -1  1 -2  1  2  2 -3 -2 -1    6   7   2   2   0   3   0  17   4   3   3   2   5   2   8  16  15   0   0   3  0.20 0.21
   87 E    1  1  0  1  0  1  1  1 -1 -2 -2  0 -1 -3  2  0  0 -3 -1 -1   16   9   3   7   2   6   8  10   1   1   3   4   2   0  11   6   6   0   2   2  0.15 0.14
   88 P    0  1 -2 -1 -1 -2 -1  1 -2 -1  0  0 -2 -1  2  2  1 -3  0 -1    6   8   0   2   1   0   3  10   0   3   9   4   0   2  12  22   9   0   4   5  0.18 0.20
   89 A    1 -1 -2 -1 -3 -1 -1  3 -3 -3 -1  0  0 -2  0  2  1 -4 -3 -1   11   3   0   3   0   1   2  21   0   0   5   6   2   1   5  23   9   0   0   5  0.27 0.25
   90 G    0  0 -1 -1 -3  0 -2  4 -1 -3 -2 -1  0 -2  1  1  0 -4 -3  0    8   5   2   3   0   4   2  37   1   0   2   2   2   2   7   9   5   0   0   7  0.38 0.28
   91 S    1 -1  0 -2 -3 -1 -1  1  0 -1 -2 -1  0 -3  2  3  1  0 -3 -1   12   2   3   0   0   2   2  10   3   3   2   3   3   0  11  29   8   1   0   5  0.29 0.28
   92 G    2 -2 -1 -1 -3 -1 -1  4 -3 -2 -2 -1 -2 -3  0  1 -1 -4 -3 -1   24   2   2   3   0   2   2  33   0   2   3   3   1   1   3  11   2   0   0   4  0.44 0.32
   93 H    0 -1  0  2 -3  0  0  1  2 -1 -1 -1  1 -1  0  0  0 -3 -1  0    9   3   2  12   0   5   6  10   8   3   5   3   4   3   3   5   7   0   2   8  0.07 0.11
   94 Q    1  0  0 -1 -3  1  0  0  1  0 -1  1 -2 -3  3  1  0 -4 -3 -1   11   4   5   2   0   7   6   7   5   6   5   8   0   0  16  11   3   0   0   3  0.20 0.18
   95 R    0  5 -1 -1  0  0 -2  0  0  0 -2 -1  1 -3  1  0  1 -4 -1 -1    6  36   3   3   2   4   0   6   2   5   3   0   4   0   6   6   8   0   2   5  0.38 0.33
   96 A    2 -1 -1 -1 -2  0  0  1 -2 -1 -1  0  0 -3  2  1  1 -3 -1  0   18   3   2   3   0   4   5   9   0   3   5   5   3   0  11  11  10   0   2   7  0.15 0.16
   97 H    0  1 -1 -1 -3  0 -1  1 -1 -1 -1 -1 -2 -3  4  1 -1 -4 -1 -1    9   9   2   2   0   5   4  12   1   3   6   2   0   0  23  10   4   0   3   4  0.31 0.24
   98 S    1  0  0 -1 -3 -1 -2  1  1 -3 -2 -2 -1 -4  1  4  1 -4 -3 -2    8   5   5   2   0   2   2   9   3   0   4   0   1   0   7  41   7   0   0   3  0.44 0.38
   99 A    3  0 -1 -3 -3  0 -2  1 -1 -1 -2 -1  0 -1 -1  2  1 -4 -3 -2   26   5   3   0   0   3   0  13   1   3   2   3   3   3   2  21   9   0   0   2  0.30 0.28
  100 L    0  0  0  0 -2  0  0 -1 -1  0  2 -1  1 -1 -1  0  0 -3 -2 -1    5   7   6   5   0   4   6   4   1   4  27   3   4   2   3  10   7   0   0   3  0.08 0.13
  101 S    0  1  1  1 -2  1  1  0 -1  0 -1 -1  1 -2  1  0  0 -3 -2  0    8   8   7   8   0   7   8   8   0   8   1   0   7   0   8   8   8   0   0   8  0.10 0.11
  102 F    0  1  0 -1 -2  0 -1  1 -2  0 -1 -1  1 -1  1  1  1 -3 -1  0    6   9   5   2   0   5   2  12   0   6   3   2   5   2   8  10  12   0   2   9  0.09 0.12
  103 R   -1  4 -2 -3 -3  1 -1  0  0 -1  0  0 -2  0  0  1 -1 -3 -2  0    4  29   0   0   0   6   4   7   2   4   8   3   0   4   4  12   4   0   0   9  0.26 0.25
  104 R    0  3  0 -1 -3  1  0  0  1 -1 -3  1  1 -1  1  1  0 -3 -2 -2    5  22   4   2   0   5   4   8   3   3   1  10   4   3   7   9   7   0   0   2  0.21 0.20
  105 D   -1  1  1  2 -3  1  0  1 -2  0 -1  0  0 -2  1  1  0 -3 -3 -2    4  11   6  15   0   6   4  10   0   6   4   5   2   2   6  11   7   0   0   0  0.15 0.16
  106 S    0  0  0  0  2  1  0  0  1  0 -1  0  1 -2  1  0  0 -3 -2  0    6   6   6   6   6   6   6   6   6   6   6   6   6   0   6   6   6   0   0   6  0.06 0.09
  107 P    0  0 -1 -1 -3  1  0 -1 -3 -1 -2 -1  0 -4  4  2  0 -4 -3  0    7   5   2   3   0   7   4   5   0   3   3   3   3   0  26  16   6   0   0   7  0.40 0.31
  108 R   -1  1  0  0  1  0 -1  0  1 -1  0  0  0 -2  2  1  0 -3 -1  0    3  10   3   5   3   5   3   9   3   3   9   5   3   1  10  12   5   0   2   6  0.08 0.10
  109 N    0  0  0  0 -3  1 -1  0  1 -1 -1 -2 -2 -3  4  1  1 -4 -1 -1    8   6   4   4   0   6   3   6   4   3   5   0   0   0  21  12   8   0   2   5  0.28 0.24
  110 E    0  3  0 -1 -3  0  0  0  0 -1 -1  0 -2 -1  1  1  0 -3 -2  0    8  19   3   3   0   5   4   7   3   3   5   3   0   3   6  14   7   0   0   6  0.15 0.18
  111 A    1  0  1 -2 -3  0 -1  1  2 -2  0 -2 -2 -1  1  0  0 -3 -1  0   17   7   6   0   0   3   4  10   6   0  14   0   0   2   7   6   6   0   2   8  0.11 0.16
  112 G   -1  1  1  2 -3 -2 -1  3 -3 -1 -2  0  0 -1  1  0  0  0 -3 -1    5   8   7  13   0   0   3  22   0   3   3   7   2   2   6   7   4   1   0   6  0.20 0.19
  113 S    0  0  0  0 -3  0  0  1  1 -2 -2 -1 -3 -2  1  2  0  1 -3 -1    7   4   5   4   0   5   7   9   5   2   3   3   0   2   9  23   6   3   0   4  0.19 0.21
  114 G    0  1  0  0 -1  1  0  1 -1 -1 -2 -1 -1 -3  1  2 -1 -3 -1  0    8   7   5   3   2   8   5  11   1   4   2   1   2   0   8  19   3   0   3   6  0.15 0.18
  115 T    1  0 -1 -1 -3 -1 -2 -1 -3 -1  0 -1 -3 -4  3  2  1 -4 -4  0   12   5   2   3   0   2   2   4   0   3   9   4   0   0  17  22   9   0   0   6  0.31 0.29
  116 G   -1  0  0  0 -1  0 -1  2 -1 -1 -2 -2 -1 -2  2  1  0 -3  1 -1    3   6   4   7   1   5   2  19   1   5   3   0   2   2  12  13   7   0   5   5  0.18 0.20
  117 T    0  0  1  0 -2  1  0  0 -1  0  0  0  1 -2  1  0  0 -3 -2  0    7   7   7   7   0   7   7   7   0   7   7   7   6   0   7   7   7   0   0   7  0.07 0.08
  118 P    0  0 -3 -2 -4 -1 -1 -2 -4 -3 -3 -1 -4 -2  5  2  1 -5 -4 -1    6   6   0   2   0   3   4   3   0   1   2   3   0   1  37  17  10   0   0   4  0.75 0.49
  119 L    0  1  0  0 -2  0 -1  0  0  0  0 -1  0 -1  1  1  1 -3 -1  0    8   9   5   4   0   3   3   6   2   4   9   2   2   3   7  13  13   0   1   7  0.07 0.11
  120 H    0  1  1 -1 -3  0 -2 -1 -1 -1 -1  0  0  0  3  0  1 -3 -2  0    8  10   9   3   0   4   0   5   1   4   5   6   2   4  16   6   9   0   0   6  0.18 0.18
  121 S    1  0  1 -1 -3 -1 -1  1 -3 -1 -1  0 -1 -4  2  2  1 -4 -3 -1   11   6   5   2   0   2   3  11   0   4   5   5   2   0  13  19   9   0   0   3  0.23 0.22
  122 S    1  0 -2  0 -3  0 -1  0 -1 -1 -1  0  0 -2  1  2  2 -3 -1 -1   10   6   0   5   0   5   2   5   1   3   5   5   2   2   6  23  12   0   3   3  0.17 0.21
  123 M    0  0  0  0 -2  0 -1  1  0  0 -1  0  0  0  1  0  1 -3  0  0    6   7   6   4   0   3   3  13   3   7   4   3   4   3   6   8   8   0   3   8  0.05 0.08
  124 R    0  0  0  0  2  0  0  0  2  0 -1  0 -2 -2  0  0  0  3  1  0    6   6   5   6   5   5   6   6   5   6   6   6   0   0   6   6   6   5   5   6  0.07 0.11
  125 P   -1 -1 -1  0 -5  0 -2 -2  0 -4 -2 -2  0 -5  6  1  0  1 -4  0    3   4   3   5   0   5   2   2   2   0   4   2   2   0  40  12   5   3   0   6  0.78 0.51
  126 L    0  0  0 -1 -3  0  1 -1 -1 -1  0  0  0  0  3  2  0 -3 -1  0    7   4   3   2   0   4   9   4   1   3   8   4   3   3  14  17   6   0   2   6  0.15 0.16
  127 V    0  0  0 -2 -2  0  0 -1  1  1  0  0  1  1  2  0  0 -2  1  0    5   7   4   0   0   3   5   3   4  11  10   4   4   6  11   8   4   0   5   6  0.07 0.09
  128 A    0  1  0  0 -3 -2  0  0 -3 -3 -1 -2  2  0  1  2  1 -4 -3 -1    7  10   5   6   0   0   5   7   0   0   4   0   6   4   6  23  11   0   0   4  0.20 0.23
  129 R    0  0  1  0 -2  1 -1  0  2 -2 -1  0 -1  1  1  0  0 -2  1  0    7   7   7   7   0   7   0   7   6   0   7   7   0   6   7   7   7   0   6   7  0.07 0.10
  130 N    0  1  1  0 -2  0  0 -1  1  0 -1  0  0 -3  2  1  1 -3 -2  0    9  12   6   5   0   5   3   3   5   5   5   4   2   0   9  10  11   0   0   5  0.12 0.14
  131 T    0  0  0 -1 -3  0  0  0  0  0 -2 -2  1 -3  3  2  1  1 -2 -1    6   4   3   3   0   5   5   7   3   6   3   0   5   0  16  17  10   3   0   3  0.21 0.21
  132 S    0 -1 -3  0 -4 -1 -3 -2 -4  0 -2 -1 -2 -3  1  5  1 -5 -4 -2    7   4   0   4   0   3   0   3   0   5   4   4   1   1   7  49   7   0   0   2  0.61 0.50
  133 T    1  0  1 -1 -3  0 -2  0  0 -3 -2 -2  0 -2  1  3  3 -4 -1 -1    9   4   8   2   0   3   0   8   2   0   2   0   3   1   8  23  20   0   2   3  0.32 0.33
  134 N    0  1  3  0 -3  0 -1  1 -2 -4 -3 -2 -3 -2  1  1  2 -4 -3 -2    8  10  19   3   0   3   3  12   0   0   2   0   0   1   7  13  14   0   0   2  0.34 0.31
  135 T    0 -2  0 -1 -1  0 -2 -2  1 -2 -1 -2 -1 -3  0  1  5 -4 -3  0    6   1   4   4   1   4   2   2   3   2   5   1   1   1   5  12  39   0   0   5  0.45 0.39
  136 T    1  0  0 -2 -2 -1 -1 -1 -2  0 -1 -1  0 -1  2  1  2 -3 -3  1   15   5   5   0   0   2   4   3   1   7   5   2   2   2   9  12  14   0   0  10  0.15 0.18
  137 V    1  0  0 -2 -2 -1 -2 -1 -1  0  0 -1  0 -1 -1  1  3 -3 -1  1   10   4   5   2   0   3   2   5   1   6   8   1   2   2   3  10  21   0   2  13  0.14 0.18
  138 L    0  0  0 -3 -3  4  0 -1 -3 -2  0 -2  0 -2  2  1  1 -4 -3 -1    8   4   3   0   0  22   4   4   0   2   9   0   3   1  10  14  11   0   0   3  0.31 0.32
  139 R   -1  2  0 -1 -3  2 -1  0 -1 -2 -2 -1 -1 -1  1  3  1 -4 -3 -2    3  13   3   2   0  11   3   6   1   2   4   3   1   2   7  26   8   0   0   3  0.26 0.28
  140 D    0  2  1  1 -3  0  0  0  1 -2 -2  0 -2 -3  1  1  0  0 -1 -1    5  15   6   9   0   4   7   6   3   2   4   6   0   0   7  12   6   1   1   3  0.15 0.15
  141 M    1  2  0 -2 -3  0 -1  0  0 -1 -1  1 -1 -3  2  2  2  0 -3 -1   11  13   3   1   0   3   2   5   2   3   6   7   1   1   9  15  13   1   0   3  0.18 0.20
  142 T    0  0 -1 -1 -3  0 -1  0  0 -2  0  0 -1  0  3  1  2 -3 -2 -1    6   6   3   3   0   5   1   7   2   2   9   5   1   5  14  11  16   0   0   2  0.18 0.20
  143 G    2  0  0  0 -3  1  0  2 -1 -2 -1 -1 -2  0  0  0 -1 -3 -2  0   19   6   6   4   0   7   5  18   1   2   4   3   0   5   5   5   3   0   0   6  0.15 0.17
  144 A    0  1  0 -1  0  1  0  1 -2 -1 -2 -1 -2 -2  2  1  0 -4 -3  0    7  10   5   3   2   6   5  10   0   3   4   2   0   1  13  15   7   0   0   8  0.18 0.18
  145 P    0 -1  0  0  0  0 -1  0  1 -1 -1 -2 -2 -1  4  1  0 -3 -1 -2    9   3   5   5   2   5   3   7   4   5   6   0   0   3  22  11   6   0   2   2  0.25 0.22
  146 A    1  1  0  0 -3  0  0  0  0 -1 -2 -1  0 -3  1  1  2 -3  0 -1   16   7   3   5   0   4   4   6   2   2   3   2   3   0   6  13  13   0   4   4  0.13 0.18
  147 S    0  0  0  0 -3  1 -1  0 -2 -3 -2  0  0 -1  2  3  2  1 -1 -2    8   4   4   4   0   6   2   6   0   0   2   5   2   2  11  25  13   2   2   2  0.26 0.28
  148 P    0 -1 -1 -1 -3  0 -2 -1  0 -1 -1 -1  0 -2  5  1  1 -4 -3 -1    6   4   2   4   0   5   0   4   3   4   5   2   2   2  29  14   9   0   0   4  0.44 0.34
  149 R    0  4 -1  0  0  1 -1 -1  0 -2 -2 -1 -3 -4 -1  2  1 -4 -3 -1    7  30   3   5   2   7   2   5   2   2   4   2   0   0   2  14   9   0   0   4  0.37 0.34
  150 P   -1 -1  0  0 -1  2 -1 -1  1 -1 -2 -2  1 -1  5  0  1 -4 -3 -1    5   3   5   4   2   9   3   5   4   3   4   1   4   2  30   5   8   0   0   4  0.44 0.33
  151 G    1  1 -1 -1 -3  0 -1  1  0 -1 -1  0  0 -1  0  1  1  0 -1  0   11  11   2   3   0   4   2  12   3   4   5   3   2   2   5  12  10   1   2   5  0.09 0.12
  152 V    0  2 -1 -1 -3  0  0  0  1  0 -1 -1 -1 -1  1  1  1 -3 -2  0    6  13   1   2   0   5   5   6   4   5   6   3   1   2   7  14  11   0   1   8  0.12 0.16
  153 G    1  1 -1 -2 -3  1  0  0  0 -3 -1 -1 -3 -1  3  1  0 -4 -3 -1   13   8   2   1   0   8   5   8   3   0   6   3   0   3  15  14   7   0   0   4  0.24 0.25
  154 L    0  1 -1 -1 -3  0 -1 -1  1 -1  1 -1 -1  0  2  1  1  0 -1 -1    6   9   1   4   0   4   4   4   3   3  15   3   1   4  11  11  11   1   2   3  0.10 0.14
  155 A    1  0 -1 -1 -3  0 -2 -2  0 -1 -1  1 -3 -1  3  2  1 -4 -3 -2   15   6   2   3   0   5   1   1   3   3   6  11   0   3  14  16  10   0   0   2  0.26 0.28
  156 S   -1  2 -1  0 -3  0  0  0  0 -2 -1 -1 -3 -1  1  2  2 -4 -3 -1    4  13   2   5   0   5   5   9   2   2   6   1   0   3   6  21  12   0   0   3  0.20 0.25
  157 R    0  2 -1 -1 -3  2  0  0  0 -2 -2  0  0 -2  3  1 -1  0 -1 -1    6  13   3   4   0   9   5   6   2   2   3   5   2   1  17  10   4   1   2   4  0.22 0.21
  158 A    1  1  0  0 -3  1 -1  0 -2 -1  0  0 -1 -2  1  2  0 -3 -1 -1   10  10   4   6   0   7   2   8   0   3   9   5   1   1   5  17   5   0   2   4  0.11 0.16
  159 G    1 -1 -1  0 -3  0 -1  2  0 -2 -3 -1 -2 -2  2  2  0 -1 -3 -2   14   3   2   5   0   4   4  15   2   3   2   2   1   1  13  21   6   1   0   1  0.29 0.28
  160 D    0  0  1  1 -3  2  0  0  0  0 -2 -1 -2  0  1  1  0 -3  0 -1    5   6   8   8   0  10   7   7   3   6   2   1   0   5   7  13   6   0   3   3  0.12 0.15
  161 R   -1  5 -1 -1 -4  1 -1  0 -1 -3 -1  0 -3 -2  0  2 -1 -4 -2 -2    6  33   2   2   0   7   2   6   1   1   6   3   0   1   5  16   4   0   1   2  0.44 0.37
  162 R   -1  4 -1  0 -4  0  0 -1  3 -4 -3  0 -2 -4  2  1 -1 -4 -2 -2    3  27   3   5   0   4   4   5   9   0   2   6   1   0  12  12   3   0   1   2  0.47 0.36
  163 R   -1  5  0 -1 -4  1 -1 -2 -1 -2 -3  0 -2 -4  1  0  1 -1 -2 -1    6  39   3   3   0   6   2   2   2   2   2   5   1   0   6   7   8   1   1   5  0.55 0.40
  164 L    0  1 -2 -3 -3  0 -1 -1  1  0  1 -1  0  0  3  0  1 -1 -1 -1    7   9   1   1   0   4   4   4   4   5  15   2   3   5  18   6   9   1   2   2  0.19 0.19
  165 S   -1  0  1  0 -3  0 -1 -1 -1 -2 -2 -1 -3 -3  0  4  1 -4 -1 -1    4   5   6   5   0   5   3   4   1   2   4   3   0   0   5  36  10   0   2   4  0.35 0.33
  166 S    1  1 -2 -1 -3  0 -1 -1 -2 -1 -1  0 -1 -2  2  3  1 -3  0 -2   10  10   0   3   0   3   2   5   1   3   6   4   1   2  11  23  10   0   3   1  0.24 0.25
  167 L    0  1 -1 -1 -2  0 -1 -1 -1 -1  2  0  0  1 -1  0  1 -2 -1  0    8  10   1   3   0   4   4   4   2   2  25   4   2   7   2   7   8   0   2   5  0.09 0.13
  168 P    0  0 -1  1 -4 -1  0 -1 -1 -1 -4 -1 -3 -1  5  0  0 -4 -3 -2    7   4   3   9   0   3   6   5   2   4   1   3   0   3  33   8   6   0   0   2  0.56 0.37
  169 I   -1  2 -1  0 -3  0 -1 -1 -1  1  0 -1  0 -2  2  1  1 -3 -1  0    5  13   2   5   0   3   4   3   1   9  12   3   2   1   9  13   8   0   1   6  0.11 0.14
  170 T    1  1  0  0 -3  1  1 -1  0 -1 -1 -1 -1 -3  1  1  1 -3 -3  0   12   8   5   4   0   8   9   5   2   2   6   2   2   0   6  14   8   0   0   6  0.13 0.15
  171 S   -1  1  0  0 -3  2  1 -1  0 -1 -2  0  0 -3  1  1  2 -4 -2 -1    4  10   4   6   0   9   8   3   2   4   4   5   3   0   8  11  14   0   1   3  0.17 0.19
  172 V    0  1 -1 -1 -3 -1 -1  0 -1 -1  0 -1 -1 -2  3  1  2 -3  0 -1    9   9   3   4   0   3   2   7   1   4   8   2   1   1  14  11  13   0   4   4  0.15 0.17
  173 P    1  1 -3  0 -4  0  0 -2 -1 -1 -2 -1 -3 -2  4  1  1 -4 -4 -1   11   7   0   4   0   5   5   3   1   3   3   3   0   2  25  13   9   0   0   4  0.41 0.33
  174 D    1  1 -1  1 -3  1 -2  1 -1 -3 -2 -1 -1 -4  2  2  1 -4 -3 -1   14  10   2  10   0   8   1  10   2   1   3   3   1   0   9  16   8   0   0   4  0.24 0.26
  175 K    1  1  0  0 -3  1  1 -3  0 -2 -3  0  0 -4  1  2  2 -4 -3 -1   14   8   4   4   0   6   7   0   3   2   2   5   3   0   7  17  12   0   0   4  0.24 0.26
  176 S    1  0 -1  0 -3  0  0  0 -1 -2 -3  0 -3 -2  3  2  1 -4 -3 -1   12   6   2   4   0   5   6   7   1   2   2   5   0   1  14  19  11   0   0   3  0.26 0.26
  177 L    1  0  0  0 -3  1 -1  0  1  0 -1 -1 -1 -2  3  1  0 -3 -1  0   14   4   3   7   0   6   3   7   5   6   4   2   1   1  13  10   5   0   3   6  0.14 0.16
  178 E    0  1  0  2 -3  1  1 -2  0 -3 -1  0 -1 -1  2  1 -1 -4 -1 -1    9   8   4  12   0   8   9   2   3   0   5   4   2   3  11  12   2   0   2   4  0.18 0.19
  179 Q    0  2  0  1 -3  2  0 -2  2 -2 -2  0 -2 -2  1  1  1 -4 -1 -1    8  13   4   7   0  12   5   1   5   1   4   5   0   1   6   9  11   0   3   4  0.20 0.22
  180 T    0  0  1  2 -3  0  1 -2  1 -2 -2 -1 -2 -2  3  1  1 -4 -2 -1   10   5   8  12   0   3   9   3   3   1   3   1   1   1  15  11   9   0   1   3  0.25 0.24
  181 A    1 -1  0  1 -1  1  0 -1  0 -2  0 -2 -1 -1  3  1  0 -3 -2 -1   13   3   3  10   1   6   6   4   3   2   8   0   2   3  14  13   5   0   1   4  0.16 0.18
  182 Q    0  1  0  0 -3  2  0 -1  2 -1 -1  0 -1 -1  1  1  0 -3 -1 -1    7  11   5   6   0  10   5   3   6   4   4   4   2   2   7  11   7   0   2   3  0.13 0.15
  183 P    1  2 -1  1 -4  0  0 -1  0 -1 -1 -1 -3 -4  4  0  0 -4 -1 -2   13  12   2   7   0   5   7   4   2   4   5   3   0   0  21   7   5   0   2   2  0.30 0.26
  184 E    1  1 -2  0 -3  1  2 -1  2 -2 -1 -1 -3 -4  2  1  1 -4 -3 -1   11   9   0   4   0   7  16   4   5   3   6   1   0   0   9  12   8   0   0   4  0.22 0.25
  185 L    0  1 -1  1 -3 -1  1  0  0 -1 -1  0  0 -2  2  1  0 -3 -1 -2    7  11   2  10   0   2   9   6   3   4   7   3   3   1  11  14   4   0   2   2  0.14 0.16
  186 S    1  0  0  0 -3  1  0  0  1 -1 -2 -1 -1 -2  1  2  0 -4 -3 -2    9   5   5   4   0   6   7   8   3   3   4   3   2   1   9  23   6   0   0   2  0.20 0.22
  187 P    0  1 -1  1 -3  0  0 -2  1 -2 -1 -1 -3 -2  3  2 -1 -4 -1 -1    9   7   2   8   0   4   7   3   4   1   7   3   0   1  16  18   2   0   2   4  0.25 0.24
  188 E    0  0  0  1 -3  1  1  1  0 -1 -2  0 -1 -2  1  2  0 -4 -2 -2    6   5   3   9   0   7  11   9   3   4   4   3   1   1   6  17   7   0   1   2  0.15 0.18
  189 E    0 -1  1  2 -1  0  1 -1  2 -2 -2 -1 -3 -3  2  2  0 -4  0 -1    7   3   6  14   1   4  10   3   6   2   3   3   0   0  11  15   5   0   3   3  0.23 0.22
  190 R   -1  2  1  1 -4 -1  0 -1 -1 -2 -1 -1 -1 -3  3  1 -1 -1 -1 -2    5  14   8   9   0   2   6   4   1   2   6   1   1   1  19  13   3   1   2   2  0.29 0.26
  191 S    0  0  1  1 -3 -1  0  0 -1 -2 -1 -1  0  0  3  2  0 -4 -3 -1    7   6   6   9   0   2   5   5   1   2   5   2   2   4  14  21   5   0   0   3  0.23 0.23
  192 P    0  0 -1  3 -4  0  0  0 -2 -4 -2 -2 -2 -4  3  2 -1 -4 -2 -1    9   6   1  18   0   5   5   6   1   0   4   1   1   0  18  17   4   0   1   3  0.38 0.32
  193 S    0  1 -1  0 -4 -1  1 -1  0 -2 -3 -2 -4 -5  3  4  0 -5 -4 -2    5   8   2   6   0   2   8   3   2   2   2   1   0   0  16  34   5   0   0   2  0.50 0.42
  194 P    0 -2 -2  2 -4  2  1 -2 -1 -2 -1 -2 -3 -2  4  2  0 -4 -4 -2    8   1   1  11   0   9   9   2   1   2   8   0   0   1  21  17   5   0   0   2  0.40 0.34
  195 G   -1 -1 -1  1 -3  1  1  0 -3 -2 -2 -1 -1 -1  2  3  1 -4 -3 -3    4   2   2   9   0   6   8   9   0   2   3   4   2   3  11  27   8   0   0   1  0.30 0.30
  196 P    0 -2 -1  1 -1 -1  1 -2  2 -2 -1 -2 -3 -4  3  3  0 -4 -2 -1    7   1   1   8   1   2   7   2   5   2   7   2   0   0  13  30   6   0   1   3  0.35 0.34
  197 A    2  0 -1  2 -1  1  1 -1 -3 -1 -2 -1 -3 -2 -1  3  0 -4 -3 -1   16   6   1  11   1   7  11   4   0   3   4   1   0   1   3  23   3   0   0   4  0.25 0.27
  198 E   -1  0  0  2 -4  0  3 -1 -3 -1 -2 -2 -2 -4  1  3  0 -5 -4 -3    5   4   4  12   0   4  20   4   0   4   4   1   1   0   7  23   6   0   0   1  0.37 0.34
  199 D    0  0  0  2 -4 -1  0 -2 -1 -4 -2 -1 -3 -2  1  4  1 -4 -2 -3    6   6   4  14   0   2   7   2   1   0   5   2   0   1   6  34   7   0   1   0  0.41 0.37
  200 S    0 -1  0  2 -4 -2  0 -3 -1 -4 -2 -1 -1 -4  1  5  0 -4 -1 -4    7   3   3  11   0   0   6   1   1   0   3   3   2   0   6  46   4   0   3   0  0.61 0.47
  201 S    0 -2  1  1 -4 -1  0 -1 -3 -2 -3 -1 -1 -4  1  4  1 -5 -2 -3    5   2   5   7   0   2   5   3   0   2   2   3   2   0   8  44   7   0   1   1  0.54 0.44
  202 P    0 -2 -1  2 -3 -1  2 -2 -3  0 -2  0 -3 -4  2  3  1 -1 -3 -2    9   1   2  11   0   2  13   2   0   6   4   4   0   0  10  25   8   1   0   2  0.31 0.30
  203 T    0  0  0  1 -3  1  1 -1  1 -3 -2  0  0 -3  0  2  1 -3  0 -2    5   5   4   8   0   9  12   4   3   0   3   4   3   0   5  21   9   0   4   0  0.20 0.19
  204 S    0  0  1  1 -2  1  1 -1  1 -1 -1  0 -2 -3 -2  2  1 -3 -2 -1    8   4   7  10   0   7   9   3   4   4   6   5   0   0   0  21   7   0   0   3  0.16 0.16
  205 S    0  0  0  2 -3  0  1  0 -2 -3 -2  0  0 -3  0  3  1 -3 -3 -1    7   7   4  12   0   4   7   6   0   0   4   3   3   0   4  30   7   0   0   3  0.24 0.23
  206 D    0  0  0  3 -3  1  1  1  0 -1 -2 -1 -2 -3 -1  2 -1 -4 -3 -1    5   6   4  24   0   6   7  11   2   4   4   3   0   0   2  16   3   0   0   3  0.25 0.21
  207 D    0  1 -1  3 -3  0  2 -1 -1 -1 -2  0 -1 -3  0  0  1 -4 -3  0    7   8   2  22   0   3  15   3   1   2   3   5   1   0   3   8   8   0   0   7  0.23 0.20
  208 E   -2  2  0  2 -3  1  2 -2  1 -1 -1  0  0 -3  1  1  0 -4 -3 -2    0  11   2  14   0   4  19   2   3   3   5   5   3   0   9  12   4   0   0   2  0.28 0.24
  209 S    1  1  1  1 -3  1  1 -1  0 -3 -1  0  0 -3  1  2 -1 -4 -3 -2   13   7   8   8   0   8   9   4   2   0   6   3   3   0   6  20   2   0   0   1  0.20 0.20
  210 I    0 -1 -1 -1 -2  0 -1 -1 -1 -1  1 -1  0  0  3  1  0 -3 -2  0    7   2   2   3   0   3   4   5   2   1  17   2   2   4  16  15   5   0   0   8  0.16 0.16
  211 P    1 -1 -2  0 -3  1  0 -1  0 -1 -1 -1  1 -2  4  0  0 -4 -3  0   14   3   0   6   0   9   5   4   2   2   6   2   4   1  24   7   5   0   0   6  0.33 0.25
  212 A    1  2 -1  0 -3  1  0  0  1 -2 -1 -1 -1 -1  0  1  1 -3 -1 -1   15  13   0   4   0   5   6   8   5   2   5   1   1   3   3  13  10   0   2   4  0.12 0.16
  213 Q   -3  4 -1  0 -4  3  1 -2  1 -3 -1  1 -1 -1  1 -1 -1  0 -1 -2    0  27   1   6   0  15  10   2   3   0   7   5   1   3   8   3   3   2   2   2  0.38 0.31
  214 S    0  1 -1  1 -3  1  0  0 -2 -2 -2  0  0  0  0  3 -1 -3 -1 -3    9   7   2   8   0   7   4   7   0   2   2   6   3   5   4  30   2   0   2   0  0.22 0.24
  215 R   -1  3  0  1 -3  2  0 -2  1 -2 -1  1 -2 -2  2  0 -1 -4 -2 -1    5  19   3   8   0  12   4   2   4   2   5   7   0   2  11   5   4   0   0   5  0.24 0.21
  216 I    0  0  0  0 -2  0  0  0 -1  0  0  0  1  0  1  0  0 -2 -1  0    6   6   4   3   0   5   6   7   0   8  12   8   5   4   6   9   2   0   2   5  0.03 0.05
  217 I   -1  0 -2 -1 -3 -2 -1  0  1  0  1  0 -1  3  3 -1  0 -2  1  0    4   7   0   3   0   0   4   7   3   5  13   5   0  17  14   2   5   0   4   5  0.18 0.18
  218 R    0  5 -2 -3 -4  1 -1  0  1 -4 -4  2  0 -2  1  1  0 -4 -3 -4    6  35   0   0   0   5   2   6   3   0   0  12   3   2   8  10   7   0   0   0  0.56 0.39
  219 R   -1  5 -1 -1 -4  0  1 -2  1 -4 -2  1 -3 -4 -4  0  0 -4  0 -4    6  45   3   3   0   2   8   3   3   0   4   8   0   0   0   7   4   0   4   0  0.69 0.43
  220 P   -1  1 -3 -1 -4  0 -1 -3 -3 -3  0 -2 -2  3  4  0 -1 -3  1 -2    5  10   0   3   0   5   4   0   0   0  10   0   0  15  27   9   3   0   4   2  0.49 0.33
  221 P    0 -1 -1 -2 -3  1 -1  2  2 -3 -2 -1 -1 -1  4  1  1 -4 -3 -3    7   3   2   0   0   8   4  15   5   0   3   2   2   4  26  10   8   0   0   0  0.44 0.29
  222 R    0  4  0 -1 -3  2  0 -1  1 -1 -1  2  0 -1 -1  0  0 -3 -1 -3    6  28   5   2   0   8   3   5   3   4   6  11   2   2   2   6   4   0   2   0  0.26 0.23
  223 Y    0  1 -3 -2 -3  0 -1 -1  0 -2 -1 -1  0  5 -1  0  0 -2  3 -2    8   8   0   1   0   5   3   4   2   0   5   3   2  29   2   9   5   0  10   2  0.35 0.29
  224 Q    0  0 -1 -1 -3  3 -2 -1 -2 -1 -1  1  0 -2 -1  3  1 -4 -3 -2    8   4   2   2   0  16   0   2   1   4   5  11   3   2   3  24   9   0   0   2  0.27 0.29
  225 P    0  1 -1 -1 -3  1 -1 -1  1 -1 -1  2  0 -3  2  1  1 -4 -3 -1    6   7   1   3   0   7   3   3   3   4   7  14   3   0  11  13   9   0   0   4  0.17 0.18
  226 P    0  1 -1 -1 -3  2 -1  0  3 -2 -2  1 -3 -4  3  1  0 -4 -3 -3    9   6   2   3   0  10   3   7  11   2   5  10   0   0  15  14   4   0   0   0  0.30 0.26
  227 D    0  2  0  2 -3  2  1  0  0 -2 -2  1 -2 -2  0  0 -1 -3 -2 -2    7  13   4  14   0   9   9   7   3   2   3  12   0   2   5   8   3   0   0   2  0.21 0.18
  228 G    0  0  0  1 -3  1  0  1  0 -1 -1  1 -1 -3  0  1  0 -3 -1 -2    9   5   2   8   0   6   7  14   2   3   7   9   2   0   4  13   5   0   3   1  0.11 0.12
  229 G    0  0  0  1 -3  2  0  0  1 -2 -1  0 -2 -1  1  1  0 -3  0 -2    8   6   2  10   0  13   3   8   3   0   7   3   0   3   7  14   5   0   4   3  0.14 0.17
  230 Q    0  0  1  2 -3  1  1  1  2 -1 -2  1 -2 -3  0  0  0 -3 -1 -2    8   6   5  13   0   5  11  10   6   3   4   7   0   0   5   7   6   0   2   1  0.15 0.13
  231 Y    0 -1  0  2 -3  1  0  0  0 -2  0  0  0  0  1  1  0 -3  0 -1   10   3   5  14   0   7   3   5   3   1   8   4   4   5   6  12   5   0   4   2  0.09 0.12
  232 E    0 -1  0  3 -3  0  2 -1  0 -1 -1  0 -1 -2  1  1 -1 -4 -1 -2    9   2   3  22   0   4  16   5   2   3   7   5   2   1   6  10   1   0   2   2  0.23 0.21
  233 D   -1  0  0  4 -4  1  1  1 -3 -1 -2 -2 -3 -4  0  1  1 -4 -4 -3    5   4   2  32   0   6  11   9   0   4   3   0   0   0   4   8   8   0   0   1  0.43 0.32
  234 D   -1 -2  0  5 -4 -2  3 -1 -1 -2 -3 -1 -4 -4  2  0 -3 -4 -4 -3    5   2   4  37   0   0  19   5   1   3   2   3   0   0   9   7   0   0   0   2  0.64 0.39
  235 D   -2  1  0  5 -4  0  2 -1 -3 -4 -4  0  0 -3 -2  0  0 -4 -3 -4    2   8   3  41   0   3  13   5   0   0   1   5   3   1   2   7   4   0   1   1  0.67 0.39
  236 D   -1 -2  1  4 -4  0  2 -1 -3 -1 -3 -2  0 -1 -1  1  0 -4 -3 -3    6   1   5  33   0   3  17   3   0   5   1   0   3   3   3  10   4   0   0   1  0.49 0.33
  237 D   -2 -2  0  4 -4  0  3  0 -1 -4 -3 -1 -1 -4 -1  0  0 -4 -1 -3    2   0   4  30   0   4  23   8   1   0   3   3   2   0   2   8   5   0   2   1  0.53 0.34
  238 E   -1  0 -1  4 -4  1  3  1  0 -4 -2 -2 -3 -4 -1  1 -2 -4 -2 -4    3   4   2  26   0   7  25  10   2   0   4   0   0   0   2  11   0   0   1   1  0.52 0.35
  239 S    1  0  0  2 -3  0  1  0  0 -3 -2  0  0 -3  0  2  0 -3 -2 -2   10   4   4  15   0   4   8   6   3   1   4   6   3   0   3  22   4   0   0   2  0.20 0.18
  240 E    0  1  0  0 -3  0  2  0  1 -1 -2 -1 -2 -1  0  2  1 -3 -2 -1    5   7   5   5   0   3  21   6   4   4   4   0   0   2   4  18   7   0   0   4  0.18 0.18
  241 P    0  0  2 -1 -4 -2  0 -1 -1 -4 -2 -1 -3 -4  6  1 -1 -5 -4 -4    6   4  10   3   0   0   6   5   2   0   5   4   0   0  40  12   2   0   0   0  0.78 0.41
  242 A    3 -1 -2 -1 -3  0  0  1 -3 -1 -2 -2 -2 -1 -1  2  2 -4 -3 -1   32   3   0   3   0   3   6  11   0   4   1   0   0   3   2  14  12   0   0   4  0.28 0.26
  243 F    0 -1 -1  0 -3 -3 -1 -2 -3 -2 -1 -1  1  5 -2  0  1 -2  1 -2    6   3   2   7   0   0   3   3   0   0   6   4   4  38   2   8   8   0   4   2  0.44 0.32
  244 Q    0 -1 -1 -1 -3  1 -1 -1  2  0  3 -2  1 -2  0 -1  0 -3 -1 -1    7   4   3   3   0   6   3   4   5   4  41   0   3   0   5   4   4   0   2   0  0.23 0.24
  245 P   -1  0  0 -1 -4 -1  0 -2 -3 -4 -4  0 -4 -5  6  0 -1 -5 -4 -4    5   5   5   3   0   2   7   3   0   0   0   6   0   0  49   8   4   0   0   0  1.07 0.50
  246 Y    0 -2 -1 -1 -3  1 -2 -3  0 -1  1 -2  0  5 -2 -1 -1  0  2 -1   10   1   3   5   0   9   1   0   2   1  14   2   1  29   2   4   3   1   8   2  0.34 0.27
  247 T    3  0  0 -1 -3  1  0  0 -2 -3 -3  0 -2 -1  1  1  1 -3 -1 -1   27   6   3   2   0   8   3   5   0   0   0   5   0   3   5  13  11   0   3   5  0.22 0.22
  248 S    1  2  2 -2 -3  1  0 -1 -1 -3 -2  0  1 -2  1  2  1 -4 -3 -1   11  11  11   0   0   8   4   2   1   0   1   3   5   1   6  21   9   0   0   3  0.25 0.24
  249 P    1 -1 -1  0 -3  0  0  0  0 -1 -1  0 -2 -3  3  0  1 -3 -3  0   14   3   2   6   0   5   6   6   2   4   5   5   0   0  17   4  12   0   0   7  0.21 0.16
  250 S    1  0 -1 -1 -1 -1  1  0  0 -2 -2 -1  0 -3  2  2  1 -4 -3 -2   13   5   2   2   1   0   9   6   3   2   3   3   3   0  13  23  10   0   0   2  0.25 0.23
  251 S    0  1  0  1 -3  2  1  0 -2 -3 -3  1  0 -2  0  1  1 -4 -3 -2    8   7   4   8   0  13  11   8   0   0   0   6   3   1   5  14   9   0   0   2  0.23 0.20
  252 K    0  1 -1  0 -3  2  1  1  2 -3 -2  0 -1 -1  2  1  0 -3 -2 -2    7   7   1   6   0  11   8  12   6   0   2   4   1   2  12  11   5   0   0   3  0.22 0.18
  253 T    1  0  0 -1 -3  2 -2 -1 -3 -2 -2 -2 -2 -1  1  3  3 -4 -3 -1   11   4   3   3   0  10   0   4   0   1   4   0   0   3   8  23  21   0   0   3  0.31 0.29
  254 S    1  2 -1 -2 -3  1 -1  0  2 -3 -3 -1 -3 -4  1  2  2 -4 -1 -2   13  11   2   1   0   8   2   8   7   1   1   1   0   0   8  20  12   0   1   1  0.32 0.29
  255 A    2  0  0 -1 -2  1 -1  1  2 -2 -1  0 -1 -2  0  2  1 -3  0 -1   18   5   3   2   0   8   3  10   6   2   5   4   1   1   4  15   8   0   3   4  0.14 0.16
  256 Q   -1  1  0  1 -3  3  1 -1  3 -1 -2  0  0  0  0  1  0 -3 -1 -3    3   6   4   7   0  20   6   5  10   4   2   5   2   4   5   9   5   0   1   0  0.25 0.24
  257 D   -3  1  0  6 -5 -3  1 -2  1 -3 -3 -3 -4 -5 -2 -1  0 -5 -2 -3    2   8   4  55   0   0   7   3   3   2   3   0   0   0   2   3   5   0   1   1  0.99 0.54
  258 L   -1 -2 -3 -1 -4  0 -2 -3 -3 -1  2 -1  3 -3  5  0 -1 -4 -2 -2    3   2   0   4   0   4   2   2   0   3  23   3   8   0  32   8   3   0   1   2  0.61 0.39
  259 G    1  0  1  0 -1 -1 -2  2 -3 -2 -3 -1 -2 -4 -3  3  1 -4 -1 -2   12   4   8   4   1   3   0  19   0   1   2   3   1   0   0  28   7   0   3   3  0.36 0.31
  260 S    4 -3  2 -1 -3 -1 -3 -1 -1 -2 -3 -1  1 -1 -3  2  0 -4 -3 -2   42   0   9   4   0   3   0   4   1   1   1   3   4   3   0  18   5   0   0   1  0.52 0.42
  261 T   -2 -2 -1  0 -4 -3 -1 -2 -4 -2 -2 -2 -2 -4  1 -1  6 -5 -4 -2    3   2   3   5   0   0   3   3   0   1   4   2   1   0   6   4  60   0   0   2  0.98 0.60
  262 L   -1  1 -2  0 -3 -1 -2 -1  1  1  3 -1  0 -1 -1 -1 -1 -3 -2  0    3   7   2   5   0   2   2   4   3   7  41   2   2   2   3   4   2   0   0   6  0.25 0.23
  263 R   -1  6  0  0 -5  0 -2 -3 -1 -4 -3  1 -4 -5 -2  1  0 -5 -4 -4    4  54   3   5   0   4   0   2   1   0   3   7   0   0   2   9   5   0   0   0  0.98 0.55
  264 G    0 -1  1  1 -3  0  0  3  1 -2 -1 -2 -2 -3 -1  1 -1 -3 -3 -1    6   4   6   7   0   3   8  32   5   2   7   1   1   0   3   9   3   0   0   4  0.29 0.22
  265 D    0  1  2  3 -4  1  1  0  0 -2 -3 -1 -1 -4  1  0  0 -4 -3 -3    6   7  13  21   0   5  11   6   2   2   2   3   2   0   8   6   6   0   0   1  0.31 0.24
  266 K    1  1 -1  0 -3  1  0  0 -2 -2 -1 -1 -1 -1  3  1  0 -3 -2 -2   10  11   2   6   0   8   7   6   0   1   8   2   1   3  15  12   4   0   1   2  0.20 0.19
  267 P   -1  2  0  1 -4  1  1 -1  1 -3 -2  1 -3 -4  3  1 -1 -4 -3 -2    5  14   5   6   0   5   8   5   4   0   5  11   0   0  16  10   3   0   0   2  0.30 0.23
  268 V    1  1  1  2 -3  1  1  0  0 -2 -1  0 -2 -3  1  2  0 -4 -3 -1   11   7   5  11   0   9   7   5   2   2   6   3   0   0   6  16   4   0   0   5  0.16 0.17
  269 S    1  1  0 -1 -3  1  0  0  0 -1 -2  0  0 -1  2  2  1 -4 -3 -1   13   9   3   3   0   6   5   7   2   3   1   3   2   2   9  20   7   0   0   3  0.18 0.19
  270 G    0  1  0  0 -3  0  0  1  1 -1 -2  0 -1  0  1  2  1 -3 -2 -1    8  10   3   4   0   3   5  12   3   3   3   4   1   5   7  17   8   0   0   3  0.13 0.16
  271 K    1  3  1  1 -3  2  0 -1  1 -2 -2  1 -3 -4  1  1 -1  0 -3 -2   11  19   6   8   0   8   4   4   4   2   4   9   0   0   6   9   3   1   0   2  0.24 0.23
  272 R   -1  4 -1  0 -4  2 -1  0  0 -2 -2  0  0 -4  1  0  0 -4 -4 -2    5  31   3   4   0  12   2   8   2   2   4   4   2   0   7   6   6   0   0   2  0.40 0.34
  273 P    0  1 -1 -1 -4  1 -1  1  0 -2 -3 -1 -1 -1  4  1  1  0 -3 -2    9   8   3   2   0   7   3   9   2   1   2   3   2   2  23  11   9   1   0   3  0.34 0.29
  274 H    0  1  0  0 -3  0  0  0  4 -1 -1  0 -1 -3  1  0  0 -4 -1 -1    9   9   3   4   0   3   6   6  14   4   5   4   2   0   8   9   7   0   2   6  0.16 0.18
  275 K    0  2  0 -1  0  1 -1 -1  2  0 -1  1  0 -2  1  0  1 -4 -2 -1    8  12   4   2   2   6   3   4   7   5   4  10   2   2   9   7   8   0   0   4  0.13 0.15
  276 S    0  0  0 -1 -3  1  1  0  0 -1 -2  1  0 -1  0  1  1 -3 -1 -1    8   6   3   2   0   7  10   8   3   3   3   9   3   2   5  14   8   0   2   4  0.10 0.13
  277 H    0  0  1  0 -3  1  0  0  2 -2 -1  0 -1 -1  1  2  0 -3  0 -2    8   6   6   4   0   5   4   8   6   2   7   6   1   3   7  17   5   0   3   2  0.11 0.13
  278 G    0  1  0  0 -3  0  0  1  1 -1 -1  1  0 -3  2  1  0 -4 -3 -1    6   8   3   4   0   4   4  14   3   4   4   8   3   0   9  15   7   0   0   4  0.16 0.18
  279 K    0  2 -1 -1 -4  1  0 -2 -1 -2 -2  1  0 -1  2  1  0 -4 -3  0    8  14   3   3   0   7   6   2   1   1   2  11   2   2  12  13   6   0   0   6  0.24 0.25
  280 P    1  0 -1  0 -4  0  1  0 -3 -2 -1  0 -3 -2  4  1  0 -4 -4 -1   10   6   3   5   0   5   9   6   0   3   5   6   0   2  22  10   7   0   0   4  0.31 0.27
  281 A    1  1 -2  0 -3  1  0  0  2 -1 -3 -1 -3 -1  3  2  1 -4 -2 -2   11   8   0   4   0   7   5   6   5   3   0   2   0   3  15  15  11   0   1   2  0.28 0.27
  282 I    0  1 -2  0 -3  0  0 -1  0  1  1  0  0 -1  1  0  1 -3 -2  0    6   9   0   4   0   4   7   5   2   9  13   4   2   2   8   7   9   0   0   8  0.07 0.11
  283 H    0  1  1 -1 -4  2  1 -2  4 -2 -2  0 -3 -2  3  0 -1 -4 -3 -1   10   8   6   2   0  12   9   2  12   1   3   6   0   1  13   6   3   0   0   5  0.31 0.28
  284 K    0  2  0  0 -3  2  0 -1  1 -2 -1  1 -1 -2  1  2  1 -4 -2 -1    6  12   4   4   0  11   5   3   3   2   5   9   1   2   6  16   8   0   1   3  0.17 0.19
  285 S    1  1 -1 -2 -3  0  0 -2 -1 -2 -2  0  0 -2  2  3  1 -4 -3  0   12   7   2   1   0   4   6   1   2   1   4   5   2   2   9  27   7   0   0   7  0.26 0.28
  286 N   -1  0  0  0 -1  2  0  1  1 -1 -2 -1 -1  0  1  1  1 -3 -2 -1    4   5   3   4   1  11   6  10   5   3   2   3   1   4   8  11  13   0   0   5  0.14 0.18
  287 T    0  1  0 -1 -3  0 -2 -3  2 -2 -2  0  0 -4  0  2  3 -4 -3 -1    8   8   4   3   0   4   1   1   5   1   4   4   2   0   5  20  24   0   0   3  0.34 0.34
  288 S    1 -1 -2  1 -3  0  0 -1 -1 -1 -2 -1 -2 -3  1  2  1 -4  0  0   13   3   0   9   0   5   5   4   1   4   4   2   0   0   8  21  11   0   3   6  0.20 0.24
  289 D    1  1  0  2 -3  1  1 -1  0 -3 -2 -1 -1 -3  0  2  1 -4 -3 -2   11   7   3  15   0   7   8   3   2   1   4   3   1   1   4  22   7   0   0   1  0.26 0.26
  290 S    1 -1 -1  0 -3  0  0 -2 -1 -2 -2  0  1 -4  1  4  2 -4 -4 -2    9   3   3   4   0   4   4   3   1   1   3   4   4   0   6  36  13   0   0   2  0.40 0.37
  291 S   -1  0 -1  1 -1  1  0 -2 -3 -1 -1  0  0 -3 -1  4  1 -4 -4 -3    4   4   2   7   1   7   6   1   0   3   8   5   2   1   3  37   9   0   0   0  0.37 0.37
  292 A    2  0 -1 -2 -3  0  0 -1 -1 -2 -2 -1 -1 -4  1  3  1 -4 -3 -1   19   5   2   1   0   4   6   3   2   2   2   3   1   0   6  29   9   0   0   4  0.34 0.33
  293 S    1  0 -1 -2 -4  0 -3  1  0 -2 -4 -1 -3 -2  0  4  2 -5 -2 -2    9   4   2   1   0   5   0  12   2   3   0   3   0   2   4  34  16   0   1   3  0.44 0.41
  294 S    0 -1 -1 -3 -4  1 -1 -1 -4 -2 -3 -2  0 -5  2  4  2 -5 -4 -1    6   3   2   0   0   7   4   5   0   1   1   1   2   0   9  40  14   0   0   4  0.56 0.48
  295 A    2 -1 -1 -1 -3  1 -1  0  0 -3 -2 -2 -3 -2  1  3  1 -4 -3 -1   19   3   2   3   0   6   4   8   3   0   4   1   0   2   7  27   8   0   0   4  0.30 0.31
  296 A    1 -1  1  0 -3  1 -2 -1 -1 -3 -2 -1 -1 -1  2  3  1 -4 -3 -1   14   2   5   6   0   8   1   4   1   0   4   1   2   2   9  26   7   0   0   6  0.26 0.29
  297 I    1 -3 -2 -1 -3  1 -1  0 -1  1 -1 -2  0 -2  2  3  1 -4 -2 -1   10   0   0   2   0   7   2   9   1   8   7   1   3   1   9  24  11   0   1   4  0.22 0.26
  298 I    2 -2  0 -2 -3 -2 -2  1 -3 -1 -1 -1  1 -2  1  2  0 -4 -3  0   20   2   5   1   0   1   0  11   0   3   6   2   4   2   7  23   5   0   0   8  0.24 0.27
  299 Q    1  0  0 -1 -3  2 -1  0  1 -2 -3 -1 -1 -4  3  2  1 -4 -1 -2   14   6   4   2   0  11   1   5   4   1   2   3   1   0  14  20   9   0   2   1  0.32 0.30
  300 K    1  2 -1 -1 -3  2 -1  0  0 -2 -2  0 -1 -2  0  2  0 -4 -3 -2   13  14   2   2   0  13   3   7   2   1   3   4   1   2   4  20   6   0   0   2  0.25 0.27
  301 P    1  1 -2 -1 -4 -1  0 -1  1 -2 -2 -1 -1 -4  4  2  1 -4 -4 -2    9   9   1   2   0   1   5   4   3   3   5   2   2   0  24  20   7   0   0   1  0.44 0.35
  302 D    1  0 -1  0 -3  1  0  0  2 -1 -1  0 -1 -1  1  1  0 -3  0 -1   10   6   1   4   0   6   5   7   7   4   4   4   2   3   8  16   4   0   3   5  0.10 0.13
  303 K    0  0  0  0 -3  0 -1  0 -1 -1 -1  0 -1 -2  3  2  1 -4 -3 -1    9   6   4   4   0   4   1   6   1   3   6   4   2   2  14  20   9   0   0   5  0.20 0.21
  304 T    1  1  0  0 -3  1  0  1  0 -1 -2 -1 -2 -3  0  2  1 -4 -3 -2   10   8   5   6   0   7   5  10   2   3   5   2   0   0   5  22   8   0   0   2  0.19 0.20
  305 D    1  0  1  0 -3  0 -1  2 -2 -2 -2 -2 -2 -3  3  1  1 -4 -1 -1   12   5   6   6   0   5   3  15   0   1   3   0   1   0  14  12   9   0   2   4  0.25 0.23
  306 R    0  1  0 -1 -3  1  0  0 -1 -2 -1  0 -1 -3  3  2  0 -4 -2 -2    6   9   3   2   0   7   4   9   1   1   5   6   2   0  15  19   7   0   1   2  0.24 0.22
  307 S    0  0  1 -1 -3  1  0  1  0 -2 -1  0 -2 -2  2  2  1 -4 -2 -2    5   5   6   3   0   6   4  14   2   2   6   4   0   2  13  16   8   0   1   3  0.19 0.19
  308 T    1  1 -1 -1 -3  1 -1  1  0 -1 -1  0  0 -2  2  1  1 -4 -3 -2   13   7   2   2   0   8   1  12   2   3   5   6   2   2  12  13   8   0   0   1  0.19 0.20
  309 E    0  1  1  1 -3  2  1  1  0 -3 -3  0 -1 -4  2  1  1 -4 -2 -2    8   8   6   7   0  11   8  10   3   0   0   4   2   0   9  14   7   0   1   2  0.24 0.22
  310 Q    1  3  1  0 -3  2 -2 -1  1 -2 -2 -1 -3 -3  1  2  1 -4 -3 -2   11  19   7   4   0  11   0   4   3   2   3   1   0   1   8  16   8   0   0   2  0.29 0.29
  311 R    0  4  0 -2 -4  2 -2 -1  1 -1 -2  0 -3 -4  0  1  0 -4 -3  0    7  29   4   2   0  12   0   5   3   3   2   4   0   0   4   9   6   0   0   7  0.36 0.31
  312 T    0  1 -1 -3 -4  1 -2  2  2 -2 -1 -1 -3 -2  4  1  0 -4 -3 -3    7   8   2   0   0   7   0  15   7   2   7   2   0   1  23  11   6   0   0   0  0.42 0.33
  313 P    1 -2 -2 -4 -4  0 -3 -1  0 -1 -2 -2 -3 -2  6  1 -1 -5 -2 -2   15   2   1   0   0   4   0   6   2   3   4   2   0   1  41   9   4   0   2   2  0.79 0.47
  314 G    1 -3 -1 -2 -4  0 -1  5 -4 -3 -3 -2  0 -2 -2  2 -1 -4 -4 -3    9   1   2   2   0   5   3  45   0   2   1   1   3   1   1  18   3   0   0   2  0.69 0.45
  315 P    1 -2 -4 -2 -4 -1 -3 -1 -1 -3 -2 -3  0 -5  6  0  2 -5 -4 -2   13   2   0   2   0   2   0   5   2   1   3   0   3   0  45   7  13   0   0   2  1.00 0.57
  316 L   -1  0 -4 -4 -3 -1 -3 -2 -2  1  4 -1  1 -1  1  0 -1 -4 -3  0    5   5   0   0   0   3   0   3   1   8  44   3   3   1   9   8   4   0   0   4  0.39 0.33
  317 S   -1 -1 -2 -4 -4 -1 -3 -2  0 -3 -5 -3 -1 -5 -2  6  1 -5 -2 -3    2   3   1   0   0   3   0   2   2   1   0   0   1   0   2  72   7   0   1   2  1.30 0.79
  318 P   -2  1 -3 -2 -5  0 -1 -3  1 -2 -4 -4 -5 -5  7 -1 -4 -6 -3 -3    3   7   1   2   0   5   3   2   3   3   1   0   0   0  64   4   0   0   1   1  1.62 0.77
  319 H    0  3  0  0 -3  1  0 -1  3 -3 -2  1 -2 -3  1  1  0 -3 -2 -3    8  21   4   5   0   8   4   5   9   0   4   8   0   0   7   9   6   0   0   0  0.26 0.19
  320 R    0  3 -2 -2 -3  1 -1 -1  3 -1 -1  0  0 -2  0  0  0  2  1 -2    6  20   0   0   0   8   0   5  12   5   8   4   4   0   5   8   5   4   4   0  0.21 0.20
  321 P    0  4  0 -2 -3  1 -1 -3  0 -3 -1  0 -2 -3  2  0  2 -4 -3 -1    8  27   5   0   0   8   0   0   2   0   6   3   0   0  13   5  18   0   0   3  0.39 0.28
  322 A    3 -1 -2  0 -2  0  0  0  4 -2 -2 -2 -1 -3  0  1  1 -3 -2 -1   32   2   0   5   0   3   4   5  13   0   3   0   2   0   4  13   8   0   0   4  0.28 0.25
  323 E    0 -1  1  1 -3  2  2 -1  2 -2 -2  0  0 -3  0  1  0 -3 -2 -1    9   0   5   5   0  14  18   3   6   0   3   5   3   0   5  12   7   0   0   4  0.22 0.18
  324 L    0 -3  0 -2 -2 -1 -2 -1 -3 -1  3 -2  0  0  0  1  1 -3 -2 -1    7   0   4   1   0   3   0   4   0   1  44   0   1   3   6  12   9   0   0   2  0.29 0.27
  325 T    3 -1 -1 -1 -2  0 -1  0 -1 -2 -2  0  0 -3  1  2  1 -3 -3 -1   30   2   2   2   0   3   2   7   1   0   2   6   2   0   6  20  10   0   0   4  0.28 0.24
  326 G    0  2  1 -2 -3  1  0  2  1 -3 -2  1 -2 -3 -1  1  1 -3 -2 -2    4  13   7   0   0   7   4  16   4   0   2   9   0   0   3  14  13   0   0   2  0.24 0.19
  327 R    1  3 -1 -1 -2  1 -1  0 -2 -1  1  0  0 -1 -1  0  0 -3 -2 -2   16  19   2   2   0   9   1   6   0   1  21   3   3   2   3   6   4   0   0   1  0.16 0.19
  328 S    1  1  0 -2 -2  0 -1 -1 -2 -2 -1  0 -2 -1  0  4  0 -3 -1 -1    9   9   4   0   0   5   1   4   0   0   6   5   0   2   4  38   5   0   2   5  0.28 0.26
  329 P    0 -1  0 -1 -3  0 -2 -1  1 -2  0 -1  0 -3  5  1  0 -4 -3 -2    6   3   5   2   0   3   1   5   5   2   9   3   3   0  34  11   6   0   0   1  0.52 0.29
  330 G    0  3  0  0 -3 -1 -1  1  2 -3 -3  0 -2 -3  2  1  0 -3 -2 -1    6  22   3   6   0   2   1  11   6   1   1   5   1   0  10  15   5   0   0   4  0.27 0.21
  331 G    0  3  0 -1 -2  0 -1  1  0 -2 -2  0  0 -2  2  2  1 -3 -2 -1    9  20   3   3   0   4   1   9   3   1   3   2   3   1   9  18   8   0   0   3  0.22 0.19
  332 K   -1  3  0 -1 -3  0 -1  0  1 -2 -1  2 -2 -1  1  0  0 -3 -2 -1    5  23   5   3   0   3   2   8   4   1   5  14   0   2   7   6   4   0   1   6  0.19 0.15
  333 D    0  0  0  0 -2  0 -1  2  2 -1 -1  0  0 -2  1  1  0 -2 -2 -1    6   6   4   7   0   5   1  20   6   3   6   3   3   1   7  12   6   0   1   3  0.13 0.10
  334 K    0  2  0  0 -2  0 -1  0  0 -2 -1  2 -1 -2  1  1  1 -3 -2 -1    8  13   3   3   0   3   1   6   3   2   6  19   0   1   7  11   9   0   1   5  0.16 0.14
  335 G    1  2 -1 -1 -2 -1 -1  3 -2 -1 -2  0 -1 -3  0  0  0 -3 -2 -1   11  13   2   3   0   2   2  31   0   3   3   6   1   1   5   5   6   0   1   4  0.27 0.17
  336 Y    1  1  0 -1 -2  0 -1  0  0 -1 -1  1 -1 -1  1  1  0 -2  1 -1   14  10   4   2   0   1   3   6   2   2   6   9   2   1   7  12   5   0   8   5  0.09 0.09
  337 S    1  2  1 -1 -2 -1  0  1  0 -3 -3  0 -2 -3  0  2  1 -3 -2 -1   10  15   5   3   0   1   3  12   3   1   1   5   1   1   3  23  10   0   0   3  0.24 0.19
  338 R   -1  4  0  0 -3  1  1  0  0 -3 -3  2 -1 -3  0  1 -1 -3 -2 -2    2  28   5   3   0   6  11   6   2   0   1  11   2   0   4  13   3   0   1   3  0.34 0.24
  339 E    0  1  0  2 -3  0  4 -2  1 -3 -2  1 -3 -2  0  1 -1 -4 -3 -2    7   7   2  10   0   2  33   2   4   0   4   7   0   1   4  12   1   0   0   2  0.37 0.27
  340 G    0  0 -1  0 -3  0 -1  4 -1 -3 -3 -1 -3 -4  0  1  1 -4 -3 -1    8   5   1   5   0   3   4  41   2   0   2   2   0   0   4   9   9   0   0   4  0.45 0.28
  341 S    0 -3  1 -1 -3 -3 -2  1 -3 -3 -4 -3 -4 -4 -1  5  1 -5 -1 -2    4   0   6   3   0   0   2  10   0   1   0   0   0   0   2  62   6   0   2   2  0.86 0.55
  342 E   -1 -2  0  3 -4  0  4 -2  0 -4 -4 -2 -1 -4  1  2  0 -4 -3 -2    4   0   3  20   0   3  30   2   2   0   0   0   2   0   7  18   6   0   0   3  0.54 0.36
  343 G    0 -3  0 -2 -4 -3 -1  5  1 -5 -5 -1 -4 -4 -2  1  0 -4 -2 -4    8   0   3   1   0   0   4  52   5   0   0   3   0   0   1  14   7   0   2   0  0.82 0.44
  344 T    0 -2 -2 -3 -3  0 -1  1 -3 -2 -2 -2 -1 -4 -1  3  5 -4 -4 -2    5   2   0   0   0   4   4   9   0   2   2   0   2   0   2  25  43   0   0   1  0.64 0.42
  345 P   -3 -2 -1 -3 -4 -3 -2  0 -4 -4 -4 -3  0 -5  7  1  0 -5 -5 -3    0   1   3   0   0   0   3   6   0   0   1   0   2   0  62  12   7   0   0   2  1.49 0.59
  346 S   -2 -3 -2  2 -4 -1 -1 -1  0 -5 -5 -3 -4 -5 -1  6  0 -5 -4 -4    0   0   0  10   0   2   2   3   2   0   0   0   0   0   2  74   2   0   0   0  1.20 0.62
  347 M    0 -4 -4 -4 -4 -3  0 -4 -4  1 -1 -3  8  0 -4  0 -1 -4 -3  1    6   0   0   0   0   0   7   0   0   6   0   0  55   3   0   8   4   0   0   9  1.16 0.59
  348 G    1 -4 -2 -3  0 -3 -2  6 -1 -5 -5 -1 -4 -5 -1  2 -3 -4 -4 -4    8   0   0   0   2   0   1  65   2   0   0   3   0   0   2  14   0   0   0   0  1.17 0.50
  349 S   -2 -3 -2 -3 -4  0  0 -1 -4 -5 -5 -3 -4 -1 -4  6 -2 -5 -4 -4    0   0   0   0   0   3   4   5   0   0   0   0   0   2   0  84   0   0   0   0  1.51 0.74
  350 S    0 -3 -2 -3 -3 -2 -1 -3 -3 -4 -4 -3 -3  0 -3  6 -1 -4 -3 -1    4   0   0   0   0   0   4   0   0   0   1   0   0   4   0  81   0   0   0   4  1.31 0.59
  351 Y   -3 -4 -4 -4 -4 -4 -4 -4 -3 -3 -2 -4 -2  8 -1  0  0  3  1 -3    1   0   0   0   0   0   1   1   0   0   1   0   0  70   3   7   7   4   3   1  1.53 0.54
  352 S   -1 -3 -2  1 -3 -2 -2 -1 -3 -4 -4 -2 -3 -4 -3  6  0 -4 -4 -4    1   0   0   7   0   0   1   3   0   0   1   0   0   0   0  79   4   0   0   1  1.29 0.56
  353 D   -4 -4 -2  7 -5 -3 -1 -4 -4 -5 -2 -3 -4 -1 -4 -3 -1 -5 -4 -5    0   0   0  85   0   0   0   0   0   0   4   0   0   3   0   0   3   0   0   0  1.88 0.64
  354 L   -3 -4 -4 -4 -3 -3 -4 -4 -4  2  4 -4  0  0  1 -1 -2  4 -2  0    0   0   0   0   0   0   0   0   0  10  61   0   0   2   6   7   0   6   0   3  0.76 0.36
  355 D   -3 -3  1  6 -4 -2  2 -3 -3 -5 -5 -2 -4 -5 -3  3 -2 -5 -4 -4    0   0   4  51   0   0  15   0   0   0   0   0   0   0   0  26   0   0   0   0  1.17 0.48
  356 D   -3 -4 -1  7 -6 -3  0  0 -4 -2 -6 -3 -5 -6 -4  0 -3 -6 -5 -4    1   0   1  78   0   0   2   7   0   3   0   0   0   0   0   7   0   0   0   1  1.68 0.60
  357 A    4 -3 -3 -2 -3 -2  0 -2 -2 -2 -1 -2 -2 -3  0  2  1 -4  1 -1   51   0   0   2   0   0   5   0   1   1   5   0   0   0   5  13  10   0   5   2  0.55 0.34
  358 S   -1 -3 -2  0 -3 -3 -1 -1 -3 -2 -4 -3 -4 -2 -3  6 -1 -5 -4 -4    1   0   0   5   0   0   4   5   0   2   1   0   0   2   1  78   0   0   0   0  1.19 0.56
  359 V   -2 -3 -4 -2 -3 -4 -4 -5 -5  3  1 -4  3  0 -4 -3  0 -4 -3  5    0   1   0   2   0   0   0   0   0  15  10   0   9   3   0   0   5   0   0  56  0.86 0.39
  360 T   -2 -3 -1 -3 -3 -3 -1 -4 -4 -4 -3 -3 -3 -5  0  3  6 -5 -4 -3    0   0   1   0   0   0   4   0   0   0   1   0   0   0   5  26  63   0   0   0  1.22 0.54
  361 Q    0  1 -1 -3 -5  7 -1  1  0 -5 -5 -2 -3 -5 -4 -1  0 -5 -4 -4    9   6   3   0   0  63   0  10   1   0   0   0   0   0   0   2   6   0   0   0  1.20 0.52
  362 S   -2 -4 -2 -3 -4 -3 -3 -3 -4 -5 -5 -3 -4 -5 -4  7  0 -6 -5 -4    0   0   0   0   0   0   0   0   0   0   0   0   0   0   0  97   3   0   0   0  1.90 0.71
  363 A    6 -4 -4 -4 -3 -3 -3 -2 -4 -3 -3 -3 -3 -5 -3  1 -2 -5 -4 -1   85   0   0   0   0   0   0   0   0   0   2   0   0   0   0   9   0   0   0   4  1.38 0.54
  364 L   -3 -4 -5 -6 -3 -4 -5 -6 -5  0  6 -4  2 -2 -5 -2 -1 -4 -3 -1    0   0   0   0   0   0   0   0   0   1  86   0   6   0   0   4   3   0   0   0  1.32 0.47
  365 E   -1 -3 -2  2 -6 -1  6 -2 -3 -5 -5 -2  1 -5 -4 -2 -1 -5 -4 -4    3   0   0  10   0   0  78   2   0   0   0   0   4   0   0   0   4   0   0   0  1.43 0.50
  366 E   -2 -3 -2  4 -5 -1  5 -4 -3 -5 -3 -2 -4 -5 -3  2 -2 -5 -4 -4    1   0   0  22   0   0  57   0   0   0   3   0   0   0   0  18   0   0   0   0  1.14 0.43
  367 A    6 -4 -4 -4 -3 -1 -2 -2 -4 -3 -4 -3 -3 -4 -3 -1 -2 -5 -3 -1   93   0   0   0   0   2   1   0   0   0   0   0   0   0   0   0   0   0   1   3  1.47 0.50
  368 L   -3 -4 -5 -5 -3 -3 -2 -5 -3  1  4 -4  2  2 -4 -4 -3 -2  2  0    0   0   0   0   0   0   3   0   0   5  63   0   6  10   0   0   0   0   8   5  0.81 0.30
  369 A    3  0 -4 -4 -3 -3 -3 -3 -4 -1  3 -3  6 -2 -4 -2 -1 -4 -3 -1   34   6   0   0   0   0   0   0   0   0  29   0  28   0   0   0   2   0   0   1  0.73 0.34
  370 S   -1 -1 -2  0 -3 -2 -1 -1 -3 -5 -5 -3 -4 -5 -3  6 -1 -5 -4 -4    1   2   0   4   0   0   2   3   0   0   0   0   0   0   0  87   0   0   0   0  1.41 0.52
  371 H   -3  0  5  0 -4 -1  0  0  3 -4 -2  2 -3 -4 -3 -1  0 -5 -3 -1    0   4  43   3   0   0   4   6   9   0   3  18   0   0   0   0   6   0   0   4  0.65 0.28
  372 M   -3 -3  0 -4 -3 -1 -4 -2 -3  3  1 -3  7  3 -4 -3 -3 -3 -2  0    0   0   5   0   0   2   0   2   0  16  13   0  43  13   0   0   0   0   0   5  0.85 0.34
  373 N   -3  3  3 -2 -4  5  0 -1  2 -4 -3  0 -2  0 -3 -2 -2 -3 -2 -4    1  20  14   0   0  44   2   3   6   0   1   2   0   5   0   0   1   0   0   0  0.80 0.32
  374 S    2 -1  1  1 -2  0  0  1  4 -3 -2  0 -2 -2 -2  1  0 -3  0 -2   20   2   8   9   0   4   3  13  17   1   2   6   0   0   1   8   5   0   2   1  0.25 0.13
  375 R   -1  0 -1 -3 -4 -1 -3  6  0 -4 -4 -2 -1 -4 -3  0 -1 -4 -4 -4    2   7   2   0   0   3   0  69   3   0   0   1   2   0   0   7   3   0   0   0  1.09 0.34
  376 G    0 -1 -1 -2 -3 -2 -1  5 -3 -3 -2 -1 -2 -3 -1  1  1 -3 -3 -2    7   4   2   0   0   0   4  48   0   0   5   2   1   0   2  15   8   0   0   3  0.56 0.22
  377 A    1 -2  1  0 -2 -1 -2  1 -2  1 -1  0  3 -1 -2  0  0 -3 -2  1   17   0   8   5   0   0   0  11   0  10   1   5  17   1   0   8   6   0   0   9  0.15 0.13
  378 G    3  0 -2 -2 -2 -2 -2  2 -2 -1 -1 -2  2 -3  0  2  0 -3 -3 -2   29   5   0   0   0   0   0  19   0   2   6   0  10   0   4  17   6   0   0   0  0.31 0.18
  379 S   -1  1 -1 -2 -3 -2 -2 -1 -2  0 -3 -2 -1  1 -3  5  1 -3 -2 -2    0   8   0   0   0   0   0   3   0   7   0   0   1   7   0  65   6   0   1   0  0.70 0.33
  380 R   -2  6 -2 -3 -4  0 -2  0 -2 -3 -1  0  0  0 -3  0 -1 -4 -2 -3    2  60   0   0   0   2   0   7   0   1   4   3   3   4   0   9   3   0   1   0  0.79 0.30
  381 F   -2 -3 -3 -3 -3 -2 -1  1 -3  0  2 -2  6  1 -3  1 -2 -3 -1  0    0   0   0   0   0   0   4  11   0   3  16   0  36   7   0  15   0   0   2   5  0.46 0.25
  382 S    0 -1 -1 -2 -2 -2 -2 -1 -2 -3 -2 -2 -2  0 -2  4  3 -3  0 -1    4   3   1   0   0   0   0   2   0   0   2   0   0   5   0  51  23   0   4   3  0.56 0.27
  383 I   -2 -2 -4 -4 -2 -3 -4 -2 -4  4  2 -3  2  2 -2 -3  1 -3 -2  2    0   1   0   0   0   0   0   3   0  38  22   0   6  10   2   0  10   0   0   9  0.45 0.20
  384 S    0 -2 -1 -2 -3 -1 -2  2  1 -2 -1 -2 -1 -3 -3  5 -1 -4 -3 -1    6   1   0   0   0   2   0  15   4   1   5   0   1   0   0  61   0   0   0   4  0.62 0.30
  385 Q   -1  2  2  0 -3  4  0  0  1 -2 -3  1 -2 -2 -3  1 -1 -3 -2 -3    1  10  11   5   0  34   0   8   4   3   0   6   0   2   0  14   3   0   0   0  0.42 0.21
  386 A    4 -1 -1 -2 -2  0 -2  0  0 -2 -2  0 -2 -1 -2  1  1 -3 -2  1   51   2   2   0   0   5   0   3   2   0   0   6   0   3   0   8   7   0   0  11  0.37 0.21
  387 F   -2  0 -3 -4 -3 -3 -3 -4 -2  0  3 -3  1  4 -4  0 -2  0  3  0    0   5   0   0   0   0   0   0   0   4  37   0   2  23   0  10   0   1  12   5  0.46 0.20
  388 R    0  6 -2 -3 -4 -1 -2 -1 -2 -1 -3  1 -3 -4 -3 -1 -2 -4 -3 -3    8  74   0   0   0   0   0   4   0   6   0   4   0   0   0   4   0   0   0   0  1.10 0.33
  389 S   -1 -1  1 -2 -3  0 -2 -2 -2 -4 -4 -2 -3 -4 -3  6  0 -4 -3 -3    0   2   7   0   0   3   0   0   0   0   0   0   0   0   0  86   2   0   0   0  1.10 0.36
  390 R   -2  6  0 -3 -5  0 -1  1 -1 -4 -4  2 -3 -4 -3 -1 -2 -4 -3 -4    0  70   4   0   0   2   0  10   1   0   0  11   0   0   0   3   0   0   0   0  1.07 0.29
  391 Y   -2 -3 -4 -5 -4 -3 -4 -5  2 -2 -2 -4 -2  3 -5 -3 -3  0  8 -1    2   0   0   0   0   0   0   0   5   0   1   0   0  11   0   0   0   0  77   4  1.62 0.37
  392 T   -2 -1 -2 -4 -2 -2 -3 -4 -3  0  4 -3  1  3 -3 -2  0 -2  0  1    1   2   1   0   0   1   0   0   0   0  56   0   3  17   0   3   6   0   1   8  0.44 0.15
  393 S   -1 -2  2 -1 -3 -2 -2 -1 -2 -3 -3 -1 -3 -4  6  2  1 -4 -3 -3    0   0  12   0   0   0   0   3   0   0   0   0   0   0  55  18  11   0   0   0  1.12 0.16
  394 S   -1  4 -1 -2  1  1  0 -2 -1 -3 -3  3 -2 -3 -2  1  0 -3 -2 -3    0  40   0   0   5   3   0   0   0   0   0  35   0   0   0  12   5   0   0   0  0.53 0.10
  395 S    0  1  0 -1 -2  1 -1  3 -1 -3 -3  0 -2 -3  1  2  0 -3 -2 -3    0  12   0   0   0   6   0  37   0   0   0   4   0   0   6  35   0   0   0   0  0.42 0.06
  396 N   -1  0  5  0 -3  1  0  2  0 -4 -4  1 -2 -3 -2  0 -1 -4 -2 -3    0   0  67   0   0   8   0  16   0   0   0   9   0   0   0   0   0   0   0   0  0.61 0.06
  397 Q   -1  3  2  0 -3  4  1 -2  0 -3 -3  1 -1 -3 -2  0 -1 -3 -2 -3    0  31  19   0   0  50   0   0   0   0   0   0   0   0   0   0   0   0   0   0  0.55 0.04

                      K         Lambda
Standard Ungapped    0.1243     0.3068
Standard Gapped      0.0410     0.2670
PSI Ungapped         0.1107     0.3176
PSI Gapped           0.0339     0.2670
