
Last position-specific scoring matrix computed, weighted observed percentages rounded down, information per position, and relative weight of gapless real matches to pseudocounts
           A  R  N  D  C  Q  E  G  H  I  L  K  M  F  P  S  T  W  Y  V   A   R   N   D   C   Q   E   G   H   I   L   K   M   F   P   S   T   W   Y   V
    1 M   -1 -2 -2 -3 -2 -1 -2 -3 -2  1  2 -2  6  0 -3 -2 -1 -2 -1  1    0   0   0   0   0   0   0   0   0   0   0   0 100   0   0   0   0   0   0   0  0.44 0.03
    2 G    0 -1  3  0 -2 -1 -1  4 -1 -3 -3 -1 -2 -3 -2  2  0 -3 -3 -3    0   0  26   0   0   0   0  48   0   0   0   0   0   0   0  26   0   0   0   0  0.54 0.02
    3 N    0 -1  4  0 -2 -1 -1 -1 -1  0 -2 -1 -1 -2 -2  2  2 -3 -2 -1    0   0  34   0   0   0   0   0   0  16   0   0   0   0   0  32  18   0   0   0  0.29 0.05
    4 P   -2 -3 -3 -3 -4 -3 -2 -3 -3 -4 -4 -2 -3  1  8 -2 -2 -4 -3 -3    0   0   0   0   0   0   0   0   0   0   0   0   0   9  91   0   0   0   0   0  2.20 0.27
    5 T    1 -2  2 -1 -2 -1 -1  0 -2  0 -3 -1 -2 -3 -2  4  1 -4 -3 -2    9   0  14   0   0   0   0   6   0   7   0   0   0   0   0  60   5   0   0   0  0.51 0.19
    6 L   -1 -1  0 -2 -2  0 -2 -1  2  3  1 -2  1  0 -3 -1  0 -3 -1  1    6   4   5   0   0   7   0   5   9  29  14   0   4   5   0   0   7   0   0   5  0.12 0.10
    7 M   -1  1 -2 -3 -2 -1 -2 -1  2  1  1  1  3  0 -3 -1  0 -2  0  0    4  11   0   0   0   0   0   4   7   7  20  12  13   4   0   0   9   0   4   5  0.12 0.10
    8 R   -2  5 -2 -3 -4  1 -2 -4 -2 -2  3  2 -1 -2 -3 -2 -2 -3 -3 -2    0  37   0   0   0   7   0   0   0   0  36  16   0   0   0   0   0   0   0   0  0.62 0.25
    9 W    0  0 -1 -4 -3 -3 -3 -4 -3 -1 -1 -3 -2  5  1 -1 -3  8  0 -1    9   6   4   0   0   0   0   0   0   3   3   0   0  33   6   3   0  27   0   3  0.97 0.31
   10 P    2  0 -2 -1  2 -2 -2  0 -3 -1  0  0  0 -3  2  0  1 -4 -3  1   23   5   0   3   6   0   0   9   0   0   8   6   3   0  11   3  10   0   0  12  0.18 0.13
   11 V    0 -3 -2 -3  1 -2 -3 -2  0  2  1 -3  2  0 -1  1  1 -3 -2  2    6   0   2   0   3   0   0   2   3  15  17   0   8   4   2  12   8   0   0  18  0.20 0.16
   12 T   -1 -2 -2 -3 -3 -1 -1  1  0  1  2  0  1 -2 -3  1  2  1 -2 -1    3   0   0   0   0   3   4  11   3   8  24   5   5   0   0  16  15   3   0   0  0.18 0.20
   13 R   -1  2 -2 -2  0  0 -2 -2 -2  1  0  1  0  1 -1  1  1 -3 -1  0    2  17   0   2   2   3   0   3   0  13  10   9   2   7   2  13   8   0   2   7  0.10 0.13
   14 I   -3 -1 -4 -3 -3 -2 -4 -3 -4  4  3 -3 -1  0  0 -1  0 -3 -1  1    0   4   0   1   0   2   0   2   0  28  36   0   0   4   4   5   5   0   2   6  0.43 0.28
   15 L   -1 -4 -2 -4 -3 -2 -4 -3 -3  1  3 -3  3  4 -4  0  1  1  0  0    4   0   2   0   0   2   0   2   0   8  28   0   7  21   0   6  12   2   2   6  0.40 0.27
   16 V    1 -3 -4 -3 -3 -1 -2 -4 -4  3  2 -2  0  0 -4 -1 -1 -4 -3  3   15   0   0   1   0   3   1   0   0  19  20   2   1   3   0   5   3   0   0  26  0.38 0.26
   17 L    0 -4 -4 -4 -3 -3 -4 -4 -2  2  4 -4  1  2 -1  0 -1 -3 -1  1   10   0   0   0   0   1   0   0   1  10  42   0   2  10   3   8   3   0   2   9  0.45 0.29
   18 G    3 -1 -2 -3  2 -3 -3  1 -3  0  0 -2 -2  2 -3  1 -1  0 -2  0   29   3   1   0   5   0   0  10   0   7  10   1   0  13   0  12   3   1   0   5  0.27 0.25
   19 L    0 -4 -4 -4 -3 -2 -4  0 -4  1  4 -3 -1  2 -2 -1 -1  1 -1  1    6   0   0   0   0   1   0   9   0   6  42   1   0  11   2   4   3   2   1  11  0.42 0.29
   20 V    0 -4 -4 -5  3 -4 -3 -3 -4  2  4 -4 -1  1 -4  0 -1 -4 -3  1    6   0   0   0   7   0   1   1   0  15  45   0   0   5   0   7   4   0   0   8  0.59 0.35
   21 V    0 -4 -4 -4 -3 -2 -4 -4 -4  2  3 -3  0  0 -1 -1  1 -3  0  3   10   0   0   0   0   2   0   0   0  12  28   0   1   4   3   5  10   0   4  21  0.37 0.27
   22 T    1 -2 -1 -2  2 -2 -3  0 -3  0  0 -2 -1  2  1  1  1  0  1  1   15   1   2   2   5   1   0   6   0   4  11   0   0   9   8   9  11   1   5   9  0.14 0.16
   23 V    0 -3  0 -2  1 -1 -2  0 -1  1  1 -3 -1  2 -3  1  0 -2  2  1    7   0   4   2   4   2   1   7   1   9  12   0   0  13   0  12   6   0   7  12  0.13 0.16
   24 L    1 -2 -2 -2  0 -2 -3 -4 -3  2  3 -3  0  1 -2  0  0 -3  0  1   13   1   1   1   2   1   0   0   0  10  33   0   1   6   1  10   5   0   3  10  0.28 0.23
   25 Y   -3 -1 -1 -4 -4 -2 -2 -3 -1  1  1 -2 -2  5 -3  0 -1  3  4  0    0   3   2   0   0   2   2   2   1   7  13   3   0  27   1   8   4   3  17   5  0.51 0.32
   26 K    0  0 -1 -2 -3  0  0 -1  1 -1  1  0 -1  0  1  2  0  2 -1 -1    9   6   3   0   0   3   6   3   3   1  16   4   0   5   9  19   5   3   2   4  0.12 0.16
   27 A    1  0 -2 -1  3  0 -2 -1 -1 -1  1 -2 -1 -2  1  1  2  3 -1 -2   10   5   0   3   7   4   0   4   1   3  17   0   1   1   8  15  13   5   2   1  0.19 0.21
   28 M    0 -3 -2 -1  3 -1 -2 -2  2  0  0 -2  0  0  1 -1  1  4  2  1    7   0   1   4   7   3   0   3   7   6   9   1   2   4   7   3  11   6   8   9  0.16 0.16
   29 A    2 -1  0 -1 -3 -1 -2  0 -3  0  1 -2 -1  0 -2  2  0 -4 -1  1   25   4   5   2   0   2   1   5   0   4  14   0   1   4   1  16   4   0   2  10  0.17 0.21
   30 I    0 -1 -3 -2  1  1 -2 -1 -1  1  1 -2 -1  3  1 -1  0  1  1  0    9   4   0   1   4   8   0   4   1   7  14   1   0  16   8   4   4   1   5   6  0.15 0.17
   31 Y   -1  0 -2 -2 -3 -1  0  1  1  0  0 -1 -2  2  3  0  0 -2  3 -2    3   6   1   1   0   1   7  10   3   7   9   2   0   9  14   6   6   0  14   2  0.20 0.19
   32 S    1 -1  2  1 -3  1  0  0  0 -2 -2 -1 -2 -2  2  2  0 -1 -2 -2   14   2  10   6   0   6   6   6   3   2   4   1   0   1  10  18   6   1   1   2  0.20 0.18
   33 S    1  0  1  0 -3 -2 -2  0  0 -1 -1 -2 -3 -2  2  3  1 -4 -2 -2   11   5   7   4   0   1   0   7   3   3   8   0   0   1  12  29   7   0   1   2  0.29 0.26
   34 R    0  2  1 -1 -3  1  0 -1  1 -1  0  0 -2  0  2 -1  0 -1 -1 -2    9  14   8   2   0   7   5   5   4   4  10   4   0   4  12   3   5   1   2   1  0.14 0.14
   35 R   -1  1  1  1 -3  3  0 -1  1 -2 -1  0 -2 -1  0  1 -1  3 -2 -1    2  10   6   7   0  17   4   5   4   3   6   3   0   2   5  12   2   5   1   4  0.18 0.19
   36 A    1 -1  0 -1 -2  0 -1 -1 -2  0  0 -1 -1  0  1  1  0  3  0  1   15   3   4   3   0   3   2   5   0   6  10   3   0   3   7  12   4   4   2  12  0.08 0.11
   37 P   -2  0 -3  0 -1 -1 -1 -2 -1 -1 -1 -3 -2 -3  6 -1  0 -5 -3 -2    3   5   1   5   1   3   3   3   2   3   7   0   1   1  49   5   5   0   1   2  0.97 0.48
   38 V   -1  0  0  1 -2  1 -1 -1 -1  0  0 -2 -1  2  1  1  1 -2  1  0    5   5   4   7   1   7   3   3   1   4  11   0   0  11   6  10  11   0   5   5  0.07 0.11
   39 Q    0  1  1 -1 -4  4  0 -2  0 -3 -1 -1 -3 -4  2  2  0 -4 -4 -3    9   7   5   2   0  24   6   2   2   1   8   2   0   0  12  14   5   0   0   0  0.40 0.32
   40 V    0  0  0 -1 -3  2 -1 -3  1  1  0 -2  0 -3  1  0 -1 -4 -2  3    9   4   5   4   0  10   3   1   3   7  11   0   1   0   8   8   2   0   1  23  0.17 0.20
   41 C    2 -3  1  0 -2 -1 -1  0  2 -3 -1  0 -3 -2  5 -1 -1 -4 -3 -1   20   0   6   5   1   3   3   5   5   0   6   5   0   1  27   3   4   0   0   4  0.46 0.30
   42 F    0 -1 -1 -1 -3  1 -1 -2  0 -1  0 -2  0  2  2  2  1 -3 -1 -1    7   2   1   4   0   9   3   2   3   3  10   1   2  11   9  17  10   0   1   4  0.15 0.18
   43 T    1 -1  0  1 -3 -1  1  0 -1 -2 -1 -1 -1 -1  1  2  2 -3 -2  0   10   3   3   8   0   2   8   7   1   1   7   2   1   3   7  16  14   0   1   6  0.13 0.15
   44 S   -1  0  2 -1 -4  0  0 -1 -3 -3 -4 -1 -4 -4  2  3  2 -2 -1 -4    4   6  11   2   0   5   6   5   0   1   1   3   0   0  12  27  15   1   2   0  0.44 0.34
   45 P    0  0  0  1 -4  1  0  0  0 -3 -3  2 -4 -5  5  0  0 -5 -4 -3    7   4   4   8   0   8   6   6   3   1   1  12   0   0  26   7   5   0   0   1  0.50 0.32
   46 S    0 -1 -1  1 -4  1  2 -1  0 -2 -3  0 -3 -4  3  1  2 -4 -1 -3    7   2   1   8   0   7  16   5   2   2   2   4   0   0  15  13  12   0   3   1  0.32 0.26
   47 S   -2  1  0  1 -4  3  0 -2  4 -1  1  0 -1 -4 -1  1  0 -4 -3 -3    2   8   5   7   0  14   4   3  14   3  14   4   1   0   3  12   6   0   0   1  0.28 0.26
   48 A    1  1 -1 -2 -3  0  0  1 -1 -3 -2 -2 -3 -4 -3  2  3 -4  0  0   11   9   2   1   0   4   7   9   2   1   4   0   0   0   1  13  24   0   3   8  0.28 0.28
   49 F   -6 -6 -7 -7 -6 -6 -7 -7 -2 -3  3 -5 -1  8 -7 -6 -6 -4 -1 -1    0   0   0   0   0   0   0   0   1   1  22   1   1  68   0   0   0   0   1   4  2.12 0.86
   50 K   -1  2 -2 -3 -4  2  1 -3  2 -3 -4  1 -2 -5 -4  2  4 -5 -4 -2    4  11   1   0   0   8   8   2   5   1   0  10   1   0   0  14  32   0   0   3  0.63 0.44
   51 I   -5 -6 -7 -7 -5 -6 -7 -7 -7  0  6 -6 -2 -1 -7 -6 -5 -6 -5 -1    0   0   0   0   0   0   0   0   0   3  89   0   0   2   0   0   0   0   0   3  1.99 0.85
   52 K   -2  6 -4  0 -6  2 -2 -5 -1 -6 -6  4 -5 -6 -5 -1 -3 -6 -5 -4    3  50   0   5   0   9   1   0   2   0   0  23   0   0   0   4   1   0   0   1  1.35 0.67
   53 H   -6 -2 -4 -1 -7  2 -3 -4 10 -7 -7 -5 -6 -6 -3  0 -1 -6 -1 -7    0   2   0   3   0   7   1   1  71   0   0   0   0   0   2   6   4   0   1   0  2.60 1.03
   54 I    1 -5 -5 -5 -4 -2 -5 -5 -5  6  0 -5 -1 -2 -5 -4 -3 -5 -4  3   11   0   0   0   0   2   0   1   0  49   8   0   1   2   0   1   0   0   0  23  1.16 0.55
   55 F   -4 -4 -4 -5 -4 -4 -4 -5  5  0  2 -2 -3  5 -5 -4 -4  2  6  0    1   0   0   0   0   0   1   1  12   6  18   2   0  20   0   1   0   2  27   7  1.05 0.51
   56 H    0  0 -2 -1 -5 -1 -2 -5 10 -3 -5 -3 -5 -3 -2 -3 -3 -5  0 -4    7   5   1   3   0   2   3   1  64   2   1   1   0   1   2   1   1   0   3   2  2.08 0.83
   57 N   -1  3 -2 -4 -5 -1 -2 -4  9 -4 -3 -2 -4  1 -4 -4 -2 -4 -1 -3    5  14   2   1   0   3   2   1  53   1   3   2   0   5   1   1   3   0   2   2  1.67 0.69
   58 A   -1 -4  0 -2 -2 -4 -4  6  0 -3 -3 -3 -4 -4 -2  0 -1 -4 -4 -2    6   1   5   2   1   1   1  60   2   1   3   1   0   1   2   7   4   0   0   3  1.08 0.50
   59 A    2 -3 -2 -2 -3 -3 -1  0 -3 -1 -3 -3 -2 -3  2  2  4 -4 -1 -1   19   1   1   2   0   1   4   7   0   3   2   1   1   1  12  13  26   0   2   4  0.45 0.33
   60 D   -2 -2  1  2 -2 -1  0  0  5 -1 -2 -2 -3 -3  2  1  1 -3  2 -3    3   1   6  11   1   2   5   6  15   4   3   1   0   0  10  12   8   0   9   1  0.36 0.28
   61 G   -1  0  0 -2 -4  0 -1  1 -1 -4 -4  0 -4 -2  6  1 -2 -4 -1 -3    3   4   4   2   0   4   5  12   1   1   2   6   0   2  38   9   2   0   3   1  0.73 0.41
   62 R    0  1  2  2 -3  1  0  1  1 -3 -2  0 -2 -2  1  0  0 -3  1 -1    8   9  11  11   0   6   6   9   3   1   4   6   0   1   6   4   6   0   5   4  0.14 0.13
   63 T   -1  1  0 -2 -3  0 -2 -2 -1 -1  3 -2  1 -2  0  0  0 -3 -3  0    5   8   5   2   0   5   1   3   2   3  35   2   3   1   4   9   7   0   0   5  0.22 0.21
   64 H   -1 -2 -2 -3 -4 -3 -3 -2  8 -1 -1 -3 -3  5 -3 -2 -1 -3  1 -2    5   2   1   2   0   1   2   4  36   3   5   1   0  23   1   3   4   0   5   3  1.11 0.51
   65 K   -2  6 -1 -1 -4  0 -2 -1 -1 -2 -1  2 -3 -4 -2 -1 -1 -1 -2 -2    3  45   2   3   0   3   2   5   2   2   8  11   0   1   2   4   3   1   1   3  0.71 0.39
   66 R   -3  6 -2 -3 -2  0 -2 -4  1  0 -2  1 -3  0 -3 -1 -2  1  1 -2    2  48   1   1   1   4   2   1   4   5   3   8   0   4   1   4   2   2   4   3  0.86 0.44
   67 L    0 -2 -3 -4 -3 -1 -3 -4  0  0  4 -2  2  1 -2 -3 -2 -1  0 -1    7   2   1   1   0   2   1   1   2   5  52   3   4   6   2   2   3   1   3   2  0.59 0.33
   68 D   -2 -2 -1  7 -2  0  1 -3 -2 -4 -3 -2 -4 -4 -3 -1 -2  1 -3 -3    4   2   3  55   1   4   9   1   1   1   3   1   0   1   1   3   3   2   1   2  1.12 0.52
   69 I    0 -4 -3 -3 -3 -1 -3 -4 -4  4  1 -3  0  1 -4 -2 -1 -1 -2  4    8   1   1   2   0   3   2   1   0  26  12   1   2   5   1   3   2   1   1  28  0.54 0.31
   70 D   -1  0  0  2 -3  0 -1 -1  2 -2 -2  0 -3 -3  2  2  3 -4 -1 -2    4   6   4  11   0   3   3   4   5   2   3   5   0   1   9  15  20   0   2   2  0.26 0.23
   71 D    0 -1  1  1 -4 -1  0 -1  2 -2 -2  0 -2 -1  5 -1 -2 -4 -1 -3    7   3   7   9   0   2   6   5   6   2   5   5   1   3  30   5   2   0   2   1  0.50 0.31
   72 E    0 -1  0  3 -3  2  3 -1  0 -2 -2  0 -3 -2  0  1 -1 -4 -3 -1    7   3   5  16   0   9  18   5   2   3   4   4   0   1   3  10   3   0   0   4  0.25 0.20
   73 F   -1  0  0 -1 -2  1  0 -1  2 -1  0  0  0  2  0  0  1  2  1 -1    4   4   4   3   0   7   6   4   6   4   8   4   2   9   5   8  10   3   6   4  0.07 0.08
   74 L   -1  1 -1  0 -2  0 -1 -2  0  1  2 -1  0  0  0  0  0 -1 -2  0    5   9   3   5   0   5   2   3   2  10  22   3   2   3   4   8   4   1   1   7  0.07 0.09
   75 S    1  0  1 -1 -1  1 -1 -1  0 -1  0  0  0  0 -1  1  0  1 -1  0   13   6   7   2   1   7   3   3   3   3  12   5   3   4   3  11   3   2   2   7  0.04 0.07
   76 I    0  0 -1  0 -2  0  0 -1  0  0  1  0  0 -1 -2  1  1 -1  0  1   10   5   2   5   0   4   8   3   2   4  13   4   3   2   1  10   8   1   3  11  0.04 0.07
   77 Y    1 -1 -2  0 -2  0 -1  0  1 -1  0 -2 -1  0 -2  2  0  0  2  0   16   4   1   4   0   5   3   5   4   4   8   1   1   4   1  16   6   1  10   5  0.12 0.14
   78 N    0 -1  2  0 -1  1  0  0  1 -1 -1 -1 -1 -1  1  1  1 -3  0 -1    9   1  12   4   1   6   4   8   3   4   7   3   1   2   6  12   7   0   3   4  0.09 0.10
   79 S    0 -1  0  2 -3  1  1 -1  0 -2 -1  0 -1 -2  0  2  2 -3 -1 -1    7   2   5  12   0   7   8   4   3   2   7   4   1   2   4  14  13   0   2   4  0.14 0.14
   80 A    1 -1 -1  0 -2  1  1  1 -2 -2 -1  0 -2 -1  1  1  1 -3 -1 -1   15   2   2   4   0   6   8   9   0   2   7   5   0   3   7  12  12   0   2   4  0.12 0.13
   81 R    0  1 -1  0 -2  2  1  0  1 -1 -1  1 -1 -1  0  0  0 -2  0 -1    9  10   2   6   0   9  11   7   3   3   5   7   2   2   5   5   5   0   3   6  0.09 0.08
   82 S    0 -2 -1  0 -2  0 -1  0  0 -1  0 -1 -1 -2 -1  3  1 -1  0  1    7   1   2   4   0   5   4   7   2   2   8   2   1   2   3  28   7   1   3   9  0.17 0.18
   83 Q    0  0  0  0 -1  1  0  0  0  0  0  0  0  0 -1  0  0  1  0  0    7   6   3   7   1   9   6   5   3   4  11   4   3   4   1   8   6   2   3   6  0.03 0.04
   84 M    0  0  0  0 -1  0 -1 -1 -1 -1  0  0  1  1  1  0  1  1  0  0    8   5   4   4   1   5   3   5   1   3  10   5   4   8   7   9   9   2   2   5  0.04 0.05
   85 A    2 -1 -1 -1 -2  0  0 -1  1  0  0 -1 -1  0  0  1  1  1  1 -1   18   3   3   2   0   5   5   4   3   5  10   2   1   4   4  13   9   2   5   2  0.09 0.11
   86 H    0  1  0  2 -3  1  0 -1  4 -2 -1 -1 -1 -1 -1  1 -1 -1  0 -2    8   9   4  13   0   7   4   5  11   2   6   3   1   2   3  12   4   1   3   3  0.17 0.14
   87 I    0 -2 -1 -2 -2 -1 -1 -1 -1  2  1 -1  0  1 -1  0  0 -2  0  2    7   1   2   2   0   2   5   4   1  10  17   4   1   6   2   7   5   0   3  20  0.11 0.11
   88 E   -1  1  1  2 -3  0  2 -1  1 -2 -1  0 -2 -2  1  0  1  0 -1 -1    4   8   6  12   0   4  15   3   3   1   6   6   0   1   6   8   8   1   2   5  0.15 0.13
   89 D   -1 -1  1  2 -3 -1  0  1  0 -2 -2  0 -1  0  0  1  1  1 -1  0    4   3   7  15   0   2   7   9   2   2   3   5   1   6   4   9  11   2   2   7  0.11 0.11
   90 M    0  0  0  0 -2  1  0  0  1  0  0  0  0 -1  0  1  0 -1  1 -1    5   5   3   7   0   8   6   7   4   8  10   5   1   2   3  11   5   1   5   4  0.03 0.05
   91 D   -1  0  2  2 -3  1  1 -1  1 -2 -2  0 -2 -2  2  1  0 -2  0 -1    4   5   9  13   0   6   7   3   4   1   3   5   1   2  10  11   7   1   3   5  0.17 0.14
   92 L    0  0 -1  0 -2  0  0  1 -1  0  1 -1  0  1  0  0  1 -2  0  0    8   5   3   5   0   4   5  10   1   4  16   2   1   6   5   7  11   0   3   5  0.04 0.06
   93 F    1  0 -1 -1 -2  1  1 -1  1 -1  0 -1 -1  1  0  0  1  0  0 -1   11   5   2   3   0   6  10   5   5   2  10   3   1   7   4   5  12   1   3   4  0.06 0.09
   94 T    0  0 -1  1 -3  0  0 -1  0  0 -1  0 -2 -2 -1  2  3 -3 -2  0    9   5   1   8   0   4   5   4   3   5   6   5   0   1   3  16  20   0   1   5  0.17 0.17
   95 V    0 -1 -1 -1 -1  0  0  0 -1  0  1  0  1  0 -1  0 -1 -2  2  1    9   3   2   2   1   4   6   8   1   4  16   4   3   4   2   9   2   0   8  11  0.04 0.07
   96 S    0  1  1  1 -3  0  1  0  0 -2 -2  0 -1 -2  0  2  0  2 -1 -2    5   9   6   8   0   4  10   9   2   3   3   6   1   2   4  18   4   3   2   1  0.15 0.14
   97 P    0 -2 -2  0 -2 -2  0 -2  0 -2 -1 -3 -3 -3  6  1  1 -4 -2 -2    7   2   1   4   1   2   8   3   2   2   7   1   0   1  38   9   7   0   1   3  0.69 0.37
   98 F    0  0 -1  1 -2  0 -1 -1  2 -1  0 -1  1  1 -1  1  0  2  1  0    7   4   2   9   0   4   3   4   7   4   7   3   4   9   3  10   5   3   4   6  0.05 0.07
   99 E   -1 -1  0  1 -3  0  1 -1 -1 -1 -2  0 -1 -1  3  1  1  2 -1 -1    5   3   3  10   0   3   8   4   1   4   4   5   1   2  15  13  10   3   2   4  0.20 0.15
  100 Q    0  1  1 -1 -2  0  0  1  2 -1 -1  0 -1 -1  0  0  0 -2  1 -1    8   8   8   2   0   5   7  11   6   5   4   4   1   3   5   9   6   0   5   4  0.07 0.08
  101 E    0  1 -1  0 -3  2  0 -3  1 -1 -3 -1 -3 -2  3  1  0 -3 -1 -2    8   7   3   6   0   8   7   1   4   4   2   3   0   1  18  13   7   0   3   3  0.28 0.21
  102 L   -2 -2 -3 -3 -3 -3 -3 -2  1  0  3 -3 -1  4 -1  0 -1  0  3 -1    3   2   1   1   0   1   1   2   3   5  27   1   1  20   4   8   4   1  10   4  0.39 0.25
  103 V    1  1  0  0 -2  0  0 -1 -1 -1  0  1 -1 -2  1  0  1 -3 -1  0   12   9   3   5   0   4   4   3   2   3   8  10   2   1   7   7  13   0   2   7  0.09 0.11
  104 I    1 -2 -2 -3  1 -1 -3 -4 -1  3  2 -3  0  1 -1 -1 -1 -1  0  2   14   2   1   1   2   2   0   0   2  20  18   1   2   6   3   5   2   1   2  15  0.28 0.21
  105 R    0  4 -1 -1 -4  1 -1 -2  1 -4 -2  3 -2 -1 -1  1 -2  2 -1 -2    8  24   3   3   0   6   4   2   3   0   3  17   1   3   3  12   1   3   2   3  0.39 0.29
  106 H    1  1 -1 -1 -3 -1 -2 -1  2 -3 -3  1  1 -3  0  3  3 -4 -1 -2   10   9   2   2   0   3   2   4   6   1   1   8   4   1   4  22  17   0   2   2  0.32 0.28
  107 T    0  2  0 -1 -3  0 -1 -2  1  0 -2  2 -2 -2 -2  1  2 -3  0  0    6  14   4   2   0   5   3   3   3   6   2  12   1   1   2   9  15   0   4   8  0.17 0.17
  108 E    0  1 -1 -1 -3  2  0 -1  0 -2 -1  1 -1 -1  3  1  1 -2 -2 -1    7   6   3   3   0   9   6   3   3   2   4   7   1   4  17  10   9   1   1   4  0.21 0.18
  109 G    0  0  0 -2 -2  1 -1  0  0  1  0  0  2 -1 -1  0  1 -3  0  1    6   6   4   1   0   6   2   9   2   8  10   4   8   1   3   7   9   0   3   9  0.05 0.09
  110 Q   -2  1  1  1 -4  2  1 -2  0 -2 -2  2 -1 -2 -1  0  2 -1  0 -2    2   8   8   7   0   8   8   3   2   1   4  14   2   2   3   4  17   1   3   2  0.21 0.19
  111 T    0 -1 -1 -3 -3 -1 -2 -4 -4  5 -1 -1 -1  0 -2 -1  2 -4 -1  2    7   3   3   1   0   3   2   1   0  35   5   3   1   4   2   5  13   0   2  11  0.42 0.28
  112 V    0  1 -1 -1 -3  2  2 -3  2 -2 -1  0 -1  1  0  0  1  1  0 -1    6  10   2   3   0  13  13   1   5   0   7   3   1   7   5   5   8   2   4   5  0.16 0.16
  113 R   -3  7 -3 -4 -5 -3 -3 -3  1 -3 -4  2 -2 -1 -2 -1 -2 -4 -1 -3    2  59   1   1   0   1   1   2   3   1   2  10   1   3   2   4   3   0   2   2  1.24 0.57
  114 L   -1 -2 -4 -2 -3 -2 -3 -3  0  1  4 -2  1 -1  4 -3 -3  0 -1  0    6   3   1   2   0   2   1   2   2   7  38   2   3   2  19   1   1   1   2   5  0.51 0.30
  115 A    1  1  0  0 -2  0 -1 -1  0 -1 -1  1  0 -1  0  1  0  1 -1  0   15   9   5   4   0   3   2   3   2   3   6  11   2   2   5  10   7   2   1   7  0.08 0.09
  116 D   -1 -1  1  4 -3  1  1  0 -1 -3 -3  1 -3 -3 -1  0  0 -3 -1 -1    4   3   7  28   0   5   8   8   1   1   3   7   0   1   3   8   6   0   2   4  0.34 0.22
  117 R   -1  6 -2 -3 -4  2  0 -1  2 -2 -2 -1 -1 -2 -1 -2 -3  1 -1 -3    4  45   2   1   0  10   5   5   4   3   4   3   1   2   3   2   1   2   2   1  0.75 0.38
  118 S    0  3  0  1 -3  0 -1 -1  1 -2 -3  0 -3 -3 -2  3  0 -2 -2 -2    6  20   4   8   0   5   2   5   4   3   3   5   0   1   2  25   4   1   1   2  0.34 0.24
  119 P   -2  1 -3 -2 -4  1 -1 -3  1 -2  1  0 -1 -3  6 -2 -2 -4 -1 -2    3   7   1   2   0   7   4   2   4   2  14   6   1   1  37   2   2   0   2   3  0.69 0.37
  120 D   -1  1  1  2 -3  1  1 -1  1 -3 -1  1 -2 -3  0  2 -1 -3 -1 -2    4   9   5  12   0   6   9   5   4   1   6   7   1   1   4  19   2   0   2   3  0.20 0.17
  121 F    0 -2  0  1 -3 -1 -1 -1 -1 -1 -1 -2 -1  3 -3  2  0 -1  1  0    9   2   4  10   0   2   2   4   1   4   6   2   1  14   1  19   7   1   4   8  0.16 0.16
  122 V   -1 -2 -2 -2 -3 -1 -2 -1 -1  3  1 -3  1  1  0 -2 -2  1  1  2    3   2   2   3   0   4   2   4   2  22  13   1   4   6   4   3   1   2   5  18  0.25 0.17
  123 E   -1  0  0  3 -4  2  3 -2  1 -4 -2  0 -2 -2 -2  0  0 -4 -3 -2    5   4   4  19   0   8  23   3   3   1   4   5   1   2   2   6   7   0   1   2  0.37 0.25
  124 S    1 -1  0  1 -3 -1  1  0  0 -3 -2  1 -1  0  1  2  0 -3 -1 -2   14   3   4   8   0   2   9   7   3   1   3   8   2   4   8  16   4   0   2   2  0.16 0.14
  125 Y   -1 -2 -1 -1 -4 -3 -3 -1  2  0  2 -2  2  3 -3 -2 -1 -1  4 -1    4   2   3   3   0   0   2   6   5   5  19   3   6  13   1   3   3   1  19   4  0.38 0.23
  126 L   -1  1 -1 -2 -3  1 -1 -3  1  1  3 -1  0  0 -2 -1 -1 -2 -1  0    5   9   2   2   0   7   4   1   3   7  34   4   2   3   2   5   3   0   2   5  0.22 0.18
  127 D    1  0  0  1 -2  0  2 -1  2 -2 -1 -1 -1 -1 -1  0  0 -3  0 -1   13   6   5   9   1   5  14   5   6   1   6   2   1   3   2   8   6   0   3   5  0.11 0.11
  128 Y    3  0 -1 -1 -3  1  0 -2  3 -2 -2 -2 -1  1 -1 -1  0  0  2  0   25   5   3   4   0   5   7   3   7   2   4   2   2   5   2   4   4   1   9   6  0.19 0.17
  129 A    2  3 -2  1 -2  0 -2  0 -2 -3 -3 -1 -3 -2  0  2 -1 -4 -2 -1   22  15   1   9   1   3   2   6   1   1   2   2   0   2   4  18   4   0   1   4  0.30 0.24
  130 L    0  3 -1 -1 -3  1  0 -2  3  0  1  0  1 -1 -2 -1  0 -3  0 -1    8  18   2   2   0   8   5   2   7   5  15   4   3   3   1   2   6   0   3   4  0.17 0.16
  131 E   -1  3  0  0 -4  1  1  0  2 -2 -2 -1  1 -1 -1  1  1 -2  1 -3    4  21   3   4   0   5   8   6   4   2   4   3   3   2   2  13   9   0   5   1  0.22 0.19
  132 N   -1  0  2  0 -2  0 -2 -1  2 -2 -1 -1  1  0 -2  2  0  1  2 -2    4   5  12   5   1   4   1   4   5   2   7   4   4   4   1  22   5   2   7   2  0.17 0.17
  133 G    0  0  1 -1 -3  0  0  3 -2  1 -1 -1  2 -2  1 -1 -1 -3 -2 -2    7   7   6   2   0   5   6  25   1   9   6   2   6   2   7   4   2   0   1   2  0.19 0.15
  134 P   -1  1  0  0 -3  1  1 -1  0 -2 -2  0 -1  1  3  0 -1  1  1 -2    5   9   3   6   0   7  11   4   2   2   3   4   1   7  15   8   2   2   4   2  0.19 0.14
  135 A    1  0 -1  0  0  0  0 -1  2 -1  0 -1  1  0  0  0  0  0  1 -1   14   4   2   5   2   3   6   5   8   3   8   2   5   5   5   9   4   1   5   5  0.05 0.07
  136 S    1 -1  0 -1 -3  2  0  0 -2 -2 -1  0 -1 -1 -1  2 -1  1 -1  0   14   2   5   3   0  12   6   6   0   2   6   4   1   2   3  22   2   2   3   6  0.16 0.16
  137 R    0  1  0  0 -2  1  1 -1 -1  0 -1  0  1 -1 -1  1  1 -3 -2  0    9  11   3   4   0   9  10   4   1   5   6   5   4   2   3   9   8   0   1   6  0.08 0.08
  138 M    0 -1  0 -1 -2  0 -1 -1  0  0  1  0  0  0  0  2  0 -3 -1  0    7   1   5   2   0   3   4   2   3   6  16   5   2   4   4  22   4   0   2   7  0.09 0.11
  139 I    0 -1  0  1  0  1  1 -1  1  0 -1 -1  2 -1  0  1  0 -1 -2 -1    7   2   3   7   3   8   7   4   4   8   5   2   8   2   5  11   7   1   1   3  0.06 0.09
  140 E    2 -1  1  1 -3  1  1  0  1 -2 -3  0 -2 -2  2  1  0 -1 -2 -2   18   3   6   7   0   9   9   6   4   2   1   5   0   1  11  11   6   1   1   1  0.21 0.14
  141 F    0 -2  0  1 -2 -1 -1 -1 -2  1  2 -2  0  1 -1  1  0  1  0  0    6   1   5   9   0   1   3   3   1   8  23   1   2   5   3  13   4   2   4   7  0.07 0.09
  142 D    1  0  0  4 -2  0  3 -2  0 -2 -2 -1 -1 -3  0  0  0 -4 -1 -1   14   4   3  25   1   2  19   2   2   2   4   3   1   0   4   5   5   0   2   3  0.30 0.19
  143 W   -3 -2 -3 -5 -5 -4 -5 -5 -2 -5 -1 -3 -4 -1 -5 -5 -3 11  2 -4    3   3   1   0   0   0   1   1   1   0   6   2   0   2   0   1   1  69   6   1  2.91 0.80
  144 Q   -1  0  0  2 -3  0  2 -2  2  1 -2  1 -1 -3 -2  0  2 -3 -2  1    2   4   4  11   0   4  14   3   6   8   1  10   1   0   0   5  14   0   1  11  0.17 0.15
  145 Q   -1  0  0  1 -2  0  1 -2  0  0  0  0  0 -1  1  0  1 -3 -1  0    5   6   4   9   0   3  13   1   2   6  11   3   2   3   8   5   8   0   1  10  0.08 0.07
  146 E    0  0 -1  4 -3  0  2 -2  1 -1 -2  0 -1 -2 -2 -1  0 -4 -2  1    7   5   1  26   0   3  15   2   3   4   2   5   2   1   1   3   5   0   1  12  0.27 0.18
  147 S   -1 -1  1  3 -4  1  4 -1  0 -2 -2 -1 -3 -4  1  0  0 -2 -2 -2    2   3   6  17   0   5  31   5   2   2   3   2   0   0   6   5   4   1   1   3  0.38 0.21
  148 L    0 -1 -1 -3 -2 -2 -2 -2 -2  3  1 -2  1 -1 -3 -2  0 -3 -1  3    6   4   3   1   0   1   1   4   1  19  12   2   4   1   0   1   4   0   2  33  0.31 0.19
  149 L   -1 -1 -1  1 -1  0  0 -2  1  0  1 -1  0  0  3  0  0 -2  0  0    3   3   3  11   1   2   7   1   4   5  20   3   2   3  14   7   5   0   2   4  0.12 0.09
  150 I    1 -3 -2 -1 -2 -1 -2  3 -2  2  0 -1  0 -2 -3 -1 -1 -1 -2  1   13   0   0   4   0   2   0  32   1  14   7   3   3   1   0   1   1   1   0  15  0.27 0.16
  151 P   -1 -4 -4 -1 -4 -3 -3 -4 -4 -1 -4 -3 -4 -5  8 -3 -3 -5 -4 -4    4   0   0   3   0   0   1   1   0   4   1   1   0   0  82   1   1   0   0   1  2.19 0.55
  152 N   -1 -1  5  6 -4 -1 -1 -3  0 -4 -4 -2 -4 -1 -3 -2 -2 -4 -2 -4    5   3  29  49   0   1   0   1   2   0   2   1   0   3   0   0   0   0   1   0  1.02 0.39
  153 M   -1 -3 -3 -4 -3 -3 -3 -4 -1  4  0 -3  0  0  1 -1  0 -4 -1  4    3   0   0   0   0   0   1   1   2  24   3   0   2   3   7   3   7   0   1  41  0.53 0.27
  154 S   -1  0  0  0 -3  0  1 -2 -1 -3 -2  1 -1 -3 -2  2  4 -4 -3 -2    4   5   4   4   0   2  11   2   1   0   4   7   1   1   0  18  35   0   0   1  0.38 0.25
  155 D   -3 -2  2  7 -5 -1  0 -2  2 -5 -5 -1 -5 -5 -4  0 -3 -5 -1 -5    0   1   8  64   0   1   2   2   5   0   0   4   0   0   0   8   0   0   2   0  1.25 0.47
  156 K   -3  4  0 -3  0  0 -2 -3  0 -3 -3  5 -3 -1  0 -2 -2  0 -1 -3    1  27   3   0   2   2   0   1   2   1   2  44   0   3   4   1   1   1   2   2  0.77 0.37
  157 E   -1  0  0  2 -4  1  4 -2  2 -1 -2  0 -2 -3 -1  0 -1 -4 -1 -2    5   3   3  12   0   6  35   2   5   4   2   6   1   0   3   4   3   0   2   3  0.37 0.21
  158 T   -1 -3  0 -3 -3 -2 -1 -3  0 -3 -3 -3 -1  0 -3  1  6 -4 -1 -1    4   0   3   0   0   0   2   0   3   0   1   0   2   4   0   8  66   0   2   3  0.96 0.44
  159 I   -2 -2 -2 -2 -3 -3 -2 -4 -3  3  3 -3  1 -2 -3 -1 -1 -3  0  4    2   2   1   2   0   0   2   0   0  17  27   0   3   0   0   4   2   0   4  33  0.46 0.24
  160 V   -1 -1 -2 -2 -2 -1 -2 -3 -3  2  3 -1  1  0 -3 -2 -1 -3  0  1    3   3   2   3   0   3   1   2   0  15  40   3   3   2   0   3   1   0   4  12  0.27 0.17
  161 S    1 -1  2  0 -3  2  1 -1  0 -3 -2  0 -1 -3  0  2  2 -3 -3 -2   13   0  14   5   0  12  10   3   2   0   2   2   1   0   3  16  14   0   0   1  0.27 0.18
  162 L   -1 -3 -4 -4 -2 -3 -3 -4 -3  1  4 -3  2  4 -3 -3 -2 -1  2  0    4   0   0   0   0   0   0   0   0   4  49   0   7  22   0   0   0   0   6   4  0.55 0.22
  163 A    5 -2 -2 -3 -2 -2 -2  0  0 -1 -1 -2 -2 -1 -2  1  0 -3 -2  0   60   1   1   1   0   1   1   5   3   3   5   1   0   3   1   7   3   0   0   4  0.53 0.26
  164 L   -1  2  0 -1 -3  1  0 -1  1 -1  0  3  0 -1 -2  0  0 -2  0 -1    3  11   4   3   0   5   4   3   4   3   8  28   4   2   1   4   4   0   4   5  0.14 0.11
  165 M    0 -2 -3 -3 -2 -2 -2 -3 -2  2  2 -2  6  1 -3 -2 -1 -2 -1  1    8   1   1   1   0   0   1   1   0  10  11   1  47   8   1   1   1   0   0   8  0.42 0.17
  166 S    1 -2  1 -1  3 -1 -1 -2 -2  0  1 -1  2 -1 -2  1  1 -2 -2  1   12   1  12   1  11   0   1   1   0   1  12   1  11   0   1  12  12   0   0  12  0.13 0.09
  167 S    2  0  3 -1 -1  1  0  1 -1 -3 -3 -1  0 -1 -3  2 -2  2  2 -3   18   4  14   2   1   6   7   9   1   1   2   2   3   2   0  17   1   3   7   0  0.29 0.27
  168 D   -1 -2  7  3 -2 -2 -2 -2 -1 -2 -2 -3 -5 -2 -5 -1 -2 -1 -3 -3    4   2  52  15   1   1   2   3   1   3   4   1   0   2   0   4   1   1   1   2  1.12 0.58
  169 A    6 -5 -5 -2  0 -4 -4 -2 -5 -5 -5 -4 -5 -6 -5  2 -1 -6 -5 -1   68   0   0   2   2   0   0   2   0   0   0   0   0   0   0  16   4   0   0   4  1.42 0.73
  170 Y   -7 -6 -7 -7 -7 -2 -7 -8 -4 -6 -6 -7 -6  0 -7 -6 -6  1 10 -3    0   0   0   0   0   2   0   0   0   0   0   0   0   3   0   0   0   1  90   2  3.36 1.27
  171 V    0  0  0 -1 -3  1  0 -2  1  1  0  0 -1  1 -3  0  1 -2  1  1    6   4   4   3   0   8   5   2   4   7   6   5   1   6   0   4  12   0   6  14  0.08 0.11
  172 G    0  1  1  2 -3  0  3 -1 -1 -3 -2  1 -2 -2  1  1 -1  1 -2 -2    6   7   7  12   0   2  19   4   1   2   4   7   1   1   8  12   3   2   1   2  0.25 0.19
  173 L    0 -1 -1  1 -2  0  0  0 -1  1  0  0  0 -1  1  0  1 -2  0  1    5   2   3   9   0   3   7   6   1   8  11   6   1   2   7   4   9   0   3  11  0.04 0.05
  174 P   -2  1  0  1 -4 -1  0 -1 -1 -2 -3 -1  0 -4  6  0 -2 -4 -4 -2    3   9   4   7   0   2   5   5   1   2   2   3   3   0  40   7   1   0   0   3  0.78 0.40
  175 T    0 -1  1  2 -3  1  0  2  0 -2 -2  1 -1 -2  0  1  0  0 -1 -2    6   2   8  11   0   6   4  16   2   2   4   8   2   1   5  11   5   1   3   2  0.14 0.15
  176 D   -1  0  1  3 -3  0  1  0  0 -1 -1  0 -1 -2  1  1  1 -4 -1 -2    3   4   5  18   0   4  11   6   2   3   5   7   2   2   7   9   8   0   2   3  0.17 0.17
  177 A    1  0 -1  1 -3  0  0  2 -2  0 -2  1  0 -3  2  0  0 -4 -1 -1   12   3   2   8   0   3   5  14   0   6   2  13   2   0  11   6   6   0   2   4  0.16 0.17
  178 D   -1  0  3  2 -3  0  0  0 -2 -1 -1  0 -2  1  0  0  0 -3  0 -1    3   4  22  14   0   3   6   6   0   3   5   4   0   7   5   4   6   0   3   4  0.19 0.19
  179 W   -2 -1 -1 -4 -4  0 -1 -2 -3 -1 -1  0 -3  0 -4 -1  0  9  2  0    4   4   3   0   0   3   4   4   0   4   6   5   0   3   0   4   5  37   6   6  1.04 0.53
  180 N   -1  0  0  0 -3  0  1 -3  0  1  0  0  0  1 -3 -1 -2  2  4  0    3   5   4   4   0   4  12   1   2   8   9   5   2   4   0   5   2   3  22   5  0.24 0.23
  181 D   -2  0  2  5 -4 -1  2 -1 -1 -1 -2 -1 -3 -4  2 -1 -1 -4 -1 -3    2   5   8  32   0   1  12   4   1   4   4   4   0   0  11   3   4   0   2   0  0.47 0.34
  182 V   -1 -4 -2 -2  0 -3 -2 -1 -4  3  3 -2  0 -1 -1 -2 -1  1 -3  3    4   0   2   2   2   0   2   5   0  16  28   2   2   2   3   2   2   2   0  24  0.36 0.30
  183 G   -1 -1  0  2 -3 -2  0  3  0 -2 -2  0  0 -1  1  0  2 -4 -3 -2    3   3   4  14   0   0   5  24   2   3   3   4   2   3   8   7  13   0   0   2  0.27 0.24
  184 D   -1 -1  0  3 -4  1  1  2  1 -1 -3  0 -3 -3  2  0  0 -4 -1 -2    3   3   3  18   0   5  10  14   4   4   2   6   0   0   9   7   6   0   3   2  0.24 0.21
  185 K   -1  1  1  0 -3  1  0  1  1 -2 -2  0  0 -3  2  0 -1  3  0 -1    4   7   8   3   0   6   7  13   3   2   3   6   3   0  12   9   2   4   4   4  0.17 0.17
  186 Y   -4 -1  0  0 -5 -3 -1 -1  1 -1 -1 -1 -3  2 -1 -4 -1  9  2 -1    0   4   4   6   0   0   4   4   4   4   7   3   0   9   4   0   4  33   6   4  1.00 0.53
  187 N    0  0  1  0 -3  1  0  0  2 -2 -1  0  1  0  1  0  0 -2  1 -1    6   6   6   6   0   6   6   6   6   0   6   6   6   6   6   6   6   0   6   6  0.05 0.09
  188 E   -1  0  0  0  1 -1  2 -2  1 -1 -1 -1 -1 -2 -1  0  1  1  1  2    2   5   5   5   3   3  13   3   4   2   7   2   1   1   3   5   9   2   6  18  0.11 0.17
  189 S   -1 -1  1  1 -1 -1 -1 -2 -1  0  0 -1 -1  1 -1  2  2 -3 -1  0    4   3   7   8   1   1   4   2   1   6  10   2   2   6   2  17  14   0   2   7  0.12 0.17
  190 E   -1  0  1  1 -3  0  1 -1  1 -1  0  0 -1 -1  0  1  0 -3  0 -1    4   3   8   9   0   5  12   3   4   4   9   4   1   3   4  12   6   0   3   5  0.09 0.12
  191 R   -1  0  0  2 -4  0 -1 -1  1 -1 -1  1 -3  0  3  1  0 -4 -1 -2    3   4   3  11   0   4   3   5   4   4   5   9   0   4  18  12   5   0   2   2  0.24 0.23
  192 F   -1 -2 -1 -1 -1 -1  0 -3  0  1  0 -1  1  4 -4 -2 -1  2  3  0    4   2   2   4   1   2   6   2   2   8   8   4   3  24   0   2   3   3  10   8  0.29 0.25
  193 G   -1  0 -1  0 -4 -1 -1  4  2 -2 -4  1 -4 -1 -1  0 -1  0 -3 -1    3   4   3   6   0   2   3  38   5   2   1   9   0   3   3   8   3   1   0   4  0.45 0.34
  194 W    0  0  0  0 -3 -1  0  0  2  0 -1  0 -1  1  1  0  0  3  1  0    6   6   6   6   0   0   6   6   6   6   6   6   0   6   6   6   6   6   6   6  0.06 0.09
  195 E    0  0  0  0 -2  1  0  0 -1  0  0  0  1  0  1  0  0 -2 -1  0    6   6   6   6   0   6   6   6   0   6   6   6   6   6   6   6   6   0   0   6  0.04 0.06
  196 N    0  0  2  2 -2  0  2  1 -2 -3 -3  1 -3 -3 -1  1  1 -4 -2 -2    6   4  10  13   0   4  15   9   0   0   1  11   0   1   2  13   8   0   1   1  0.26 0.18
  197 G   -2 -2  2  5 -4 -1  0 -1 -1 -3 -3 -1 -3 -4 -2  2  1 -4 -3 -2    3   1  11  40   0   2   4   3   1   1   2   2   0   0   2  15   7   0   0   3  0.65 0.33
  198 G    0 -3 -2 -2 -4 -4 -4  6 -4 -5 -5 -3 -4 -3 -2 -1 -1  0 -4 -4    6   1   1   1   0   0   1  71   0   1   1   1   0   1   2   5   4   1   0   1  1.36 0.53
  199 V   -3 -4 -4 -4 -3 -1 -4 -4 -4  3  2 -4  2  5 -4 -2 -2 -3  0  1    1   0   0   0   0   3   1   1   0  17  24   0   4  32   0   2   2   0   1  10  0.75 0.36
  200 R   -2  6  0  0 -5  0  1 -4  2  0 -3  1 -2 -2 -4 -2 -2 -1 -1 -2    3  47   3   6   0   4   8   1   5   5   1   6   1   1   0   2   1   1   2   2  0.75 0.40
  201 G    3 -4 -1 -3  1 -3 -3  5 -4 -4 -4 -3 -2 -1 -4 -1  0 -4  0 -2   23   0   3   0   2   0   1  49   0   0   1   0   1   2   0   3   6   0   3   3  0.87 0.43
  202 H   -1 -1  0  0 -3  1 -1 -3  7  0 -1  0 -2  0 -4 -2 -2 -3  3  0    4   3   5   5   1   6   3   2  33   5   5   5   1   3   0   3   2   0  11   7  0.61 0.36
  203 V    0 -4 -4 -2  1 -4 -3 -3  0  3  0 -4  0  0  0 -2 -1 -4 -1  5    6   0   0   2   3   0   2   2   3  15   8   0   1   4   5   2   3   0   2  43  0.52 0.33
  204 F   -1 -5 -5 -6 -5 -5 -4 -3 -4 -4 -2 -5 -2  8 -6 -4 -5  0  5 -4    5   0   0   0   0   0   1   2   0   0   3   0   1  65   0   1   0   1  19   0  1.92 0.72
  205 T    1  0 -2 -2 -2  0 -1  0  0  0  0  0 -1 -2 -2  1  2  0  1  1   14   5   1   1   0   3   3   7   3   5   6   5   1   1   0   9  16   1   7  12  0.10 0.14
  206 D   -1 -1  5  3 -4 -1 -1 -2 -1 -4 -3  0 -4 -2 -3  3  0 -5 -2 -2    3   3  28  18   0   2   2   1   1   0   2   5   0   2   0  23   6   0   1   3  0.62 0.37
  207 P   -1 -1  0  2 -4  0  2 -1  0 -3 -3  1 -2 -3  3  1  0 -4  0 -2    5   3   4  16   0   3  14   5   2   1   2  10   1   1  15   9   5   0   4   3  0.30 0.20
  208 E   -1  0  2  4 -2  0  1 -2 -1 -3 -3  0 -3 -3 -1  2  1 -3 -4 -3    5   4  10  29   1   3   9   1   1   1   1   6   1   1   2  15   8   0   0   1  0.45 0.28
  209 E   -2  1  5  1 -4 -1  1 -2  0 -1 -2  1 -3  0  0 -1  1 -4 -3 -3    2   7  32   7   0   1  11   2   2   3   4   7   0   5   4   2   8   0   0   1  0.37 0.26
  210 T   -1  1  4  0 -3 -1  1  0  0 -2 -3  1 -2 -3 -2  2  0 -4 -1 -3    3   6  23   3   0   1   9   6   2   3   1  12   1   1   1  21   6   0   2   0  0.34 0.23
  211 I   -1 -2 -2 -2 -3  0  0 -3 -2  1  1 -1  0 -2  0 -1  3 -4 -3  2    5   1   1   1   0   4   7   1   1   6  12   2   1   1   3   2  29   0   0  22  0.29 0.23
  212 V    0 -3 -3 -3 -3 -3 -4 -3 -2  4  0 -3  1 -1 -4  0 -1 -4 -1  4    8   1   1   1   0   0   0   2   1  25   8   0   3   2   0   7   2   0   1  38  0.52 0.30
  213 I   -1 -3 -3  0 -2 -3 -3 -4  0  3  1 -3  0 -2 -3 -1 -1 -4 -1  5    2   0   0   7   0   0   0   0   3  15  11   0   1   0   0   5   2   0   1  50  0.53 0.30
  214 I   -1 -3 -4 -4 -3  0 -3 -2 -4  5  1 -3  2  1 -4 -3 -1 -3 -2  2    4   0   0   0   0   7   0   4   0  47   8   0   5   6   0   0   3   0   0  15  0.53 0.29
  215 S    2 -1 -1 -1 -2 -2 -2  2 -2  0 -2 -2 -2 -3  1  3  0 -3 -1  0   26   4   0   2   0   0   1  14   0   7   1   1   0   0   5  27   6   0   2   5  0.29 0.21
  216 I   -2 -1  0  0 -3 -2 -1 -3 -2  3  0 -2  0  3  0 -2 -1 -2  3  1    1   4   7   5   0   0   4   0   0  26   7   0   1  18   4   2   3   0  11   6  0.24 0.19
  217 K   -1  3 -1  0 -3  0  1 -2 -2 -3 -1  4 -2  0  0 -1  0 -3  0 -3    5  19   0   7   0   1   7   1   0   0   5  32   0   4   4   3   6   0   4   0  0.33 0.21
  218 G    0 -3 -2 -3 -3 -3 -3  6 -3 -1 -2  0 -3 -4 -3 -1 -3 -4 -4 -1    8   0   0   0   0   0   0  65   0   4   4   7   0   0   0   4   0   0   0   4  0.96 0.38
  219 T   -1 -3  0 -2 -3 -2 -2  0 -3 -2 -1 -2 -2  1  2  1  5 -3  0 -2    2   0   3   0   0   0   1   6   0   0   4   0   0   6  10  12  48   0   4   2  0.55 0.33
  220 S   -1  1  1  0 -3  0  1 -1 -2 -3 -2  2 -1 -3 -2  3  1 -3 -2 -2    2   8   9   5   0   2  10   2   0   0   2  15   1   0   0  30  10   0   1   3  0.29 0.20
  221 A    2 -2  0  0 -2 -1 -1 -1 -2  0  0 -1  1  1  3  0  0 -2 -1  0   21   1   5   6   0   0   2   3   0   4  11   1   7   8  14   5   5   0   1   5  0.14 0.12
  222 A    1 -1  0 -1  1  0  0  0 -1  0 -1 -1  0  1  1  1  0 -1 -1 -1   16   1   4   3   4   4   6   8   1   5   6   3   2   9   7  12   3   1   1   2  0.07 0.07
  223 G   -1  0  0  0 -2  0 -1  1 -1  0  1 -1  0  1  1  0 -1  1  0  0    4   6   4   4   0   5   2  16   0   6  14   2   2   6   6   5   3   3   3   8  0.04 0.05
  224 L   -1 -1  0 -1 -2 -2 -2 -1 -2  0  2  0  0  3  0 -1 -1  2  0  1    3   2   6   3   0   1   2   4   0   4  22   5   2  19   5   3   3   3   2  10  0.15 0.12
  225 N   -1 -1  1  3 -3  0  0  2 -1 -2 -2 -1 -2 -1  0 -1 -1  4  0 -2    4   2   6  20   0   4   6  19   1   3   5   2   1   3   5   5   2   7   4   3  0.26 0.16
  226 T   -1  0  0  0 -2  0 -1  1  0  0  0  0  0 -1  0  0  1 -2  0  0    3   6   3   7   1   4   3  12   3   8   8   8   4   2   4   4  11   0   4   7  0.03 0.04
  227 G   -1 -1  1  0 -1 -1  0  3 -1 -1 -2  0 -1 -1  2  1  0  0 -1 -2    4   2   6   6   1   2   4  28   1   4   4   5   1   2   9  11   4   1   2   2  0.23 0.14
  228 G   -1 -1  0  1 -3 -2 -2  5 -2 -3 -2 -2 -1 -3 -1  0 -1 -1 -2  0    3   3   4   7   0   2   2  43   1   1   4   2   1   1   3   8   3   1   1   8  0.52 0.24
  229 D   -1  0  0  2 -2 -1  0  2 -2 -1 -1 -1  0  0 -1  0  0 -1  0 -1    3   6   4  17   1   2   5  18   1   3   7   3   2   6   2   8   5   1   4   3  0.13 0.10
  230 G    1 -1  0  2 -2 -1  0  2 -1 -1 -2  0 -2 -1 -1  1 -1  0 -1 -1   10   3   3  15   0   2   4  21   2   5   3   5   1   2   3  13   3   1   2   3  0.19 0.13
  231 Q    1  0 -1  1 -3  0  1 -1  1 -1 -1  1 -2 -3  3  0  0 -3 -2  0   13   4   3   7   0   3  10   3   4   3   5   9   0   1  19   5   4   0   1   6  0.24 0.15
  232 T   -2 -3 -1 -1 -3 -2 -2 -4 -3  0 -2 -3 -2 -3 -3  0  6  3  0 -1    3   1   3   4   0   1   2   1   0   6   4   1   1   1   1   6  54   4   3   4  0.91 0.47
  233 V    1 -1 -1 -1 -2 -1 -2  0 -1  1 -1 -1 -1 -1 -2  3  1 -1  1  1    9   3   1   3   0   2   2   7   1   7   6   3   1   2   1  23  11   1   5  12  0.16 0.17
  234 E    0  1  1  1 -2  0  1  0  1 -1 -2  1 -1  0  0  0  1 -1 -1 -1    8   8   6   7   0   3   9   7   4   3   3  12   1   5   5   4   8   1   2   4  0.08 0.08
  235 Q    0  1  4 -1 -2  0 -2 -2  0 -3 -2  4 -1 -2 -3  0 -1 -4 -2 -3    7   7  25   2   1   3   2   2   2   2   4  26   1   2   1   7   3   0   1   1  0.51 0.31
  236 D   -2 -3 -2  8 -5 -4 -2 -5 -4 -1 -3 -4 -5 -5 -5 -3 -4 -1 -5 -5    3   1   1  78   0   0   2   1   0   3   3   1   0   0   1   2   1   1   0   1  2.04 0.81
  237 K   -3  2 -3 -1 -4  1 -2 -2 -1  0 -2  6 -2 -1 -3 -2 -2 -2 -2  0    2  12   1   3   0   5   1   3   2   6   3  48   1   2   1   2   2   1   1   6  0.78 0.41
  238 T   -1 -3 -3 -1  1 -2 -1 -1 -3  2  3 -2  0  2 -2 -2 -1 -2  1  0    3   1   1   4   3   2   6   6   0  15  29   2   2   9   2   2   3   0   6   6  0.23 0.18
  239 N    0  0  0  0 -2  1  0  0 -1  0  0  0  1  1 -2  0  0  3  1  0    6   6   6   6   0   6   6   6   0   6   6   6   6   6   0   6   6   6   6   6  0.06 0.10
  240 D    0 -1  1  6 -5 -1  0 -1 -4 -2 -3 -3  1 -4 -1 -2  0  2  0 -1    7   3   5  42   0   2   5   5   0   2   3   0   4   0   4   2   6   3   3   4  0.66 0.46
  241 N    0 -1  4  1  0  0  1 -1  0 -1 -2 -1  1 -1 -1  0  0 -4  2 -1    7   2  25   6   2   4   8   4   2   3   4   3   4   2   2   4   6   0   7   5  0.24 0.25
  242 L    0  0  0  0 -2  1  0  0  1  0 -1  0  1  0  1  0  0 -2  1  0    6   6   5   6   0   5   6   6   5   6   6   6   5   5   6   6   6   0   5   6  0.03 0.06
  243 L   -1 -1 -1 -3 -3  0 -1 -1  0  1  2 -2  3  1 -1 -1  0  2  1  0    5   4   4   0   0   4   4   4   3   8  22   0   9   6   4   4   5   3   5   6  0.13 0.17
  244 F    0 -3 -3 -4  0 -3 -1  0  0 -1 -1 -1  2  6 -1 -1 -1  4  1 -1    7   0   0   0   2   0   4   8   3   3   4   4   7  35   3   5   3   5   3   3  0.54 0.38
  245 S   -1 -1  0  2 -3  0  0 -1  0 -1 -1  0  0 -2 -1  3 -1 -4  0 -1    4   2   4  14   0   3   4   4   2   3   7   5   3   1   3  31   3   0   3   4  0.27 0.28
  246 C   -1 -1 -2 -3  7 -2 -2 -1 -4  1  0 -1  0 -3 -2 -1 -1 -4 -1  2    5   4   2   2  29   2   2   4   0   9   8   4   2   0   2   4   4   0   2  14  0.63 0.38
  247 C    1 -2 -1 -2  8  0 -1 -3 -1 -1 -2  0 -3  0 -2  0 -1 -4  0  1   10   2   3   2  30   4   4   2   2   3   3   6   0   4   2   6   3   0   3  10  0.65 0.40
  248 C    0  0  0 -3  7 -2 -2 -1 -3  0  0 -2  0  0 -2 -3 -1 -4  1  1    7   5   6   1  24   1   2   6   0   6  11   2   2   4   2   1   4   0   5  11  0.44 0.31
  249 A    2 -2  0  1 -3 -1  0  2 -1 -2 -1 -2  1  0 -1  0  0  0 -1 -2   19   1   3   8   0   3   6  20   1   2   7   2   4   6   3   6   5   1   2   1  0.16 0.18
  250 R   -1  3  1 -2 -4  4 -1 -2  0 -2 -2  3 -2 -1  1 -1  0 -2  1 -2    5  16   6   2   0  18   2   2   2   3   3  16   1   2   7   3   5   1   4   2  0.37 0.32
  251 V   -1 -2  0 -2 -3  1 -2  0 -1  2  0 -1  1  0 -1 -1  0  0  0  2    5   2   5   2   0   6   2   9   1  12  10   2   3   3   3   2   6   1   4  21  0.13 0.15
  252 S    0  0  1  2 -3  0  0  0 -1 -1 -1  1 -2  0  0  1 -1 -3 -1 -1    6   5   5  16   0   3   3   9   2   3   6   8   0   5   5  15   2   0   1   6  0.12 0.15
  253 S   -1  1  1 -1 -3  0  0  0  0 -1 -2  0  1  2  1  0 -1  5  1 -2    3   9   6   3   0   3   6   8   2   4   3   6   5   8   7   7   3   9   5   2  0.18 0.17
  254 L   -1 -1 -1 -1  1 -1 -1 -1 -2  1  1  0  1  0  0  0  1  0  0  0    4   2   3   4   3   2   3   5   0   9  19   5   4   5   5   9  11   1   2   4  0.06 0.09
  255 W   -1 -1 -3 -1 -4 -1  0 -1  0  0 -1 -2  0  1 -4 -2 -2  9  3  0    6   3   1   3   0   3   6   4   2   4   6   2   2   6   1   3   2  28  10   7  0.85 0.44
  256 K   -1  1  1  0 -3  1  0  1  1 -2 -1  2 -2 -1  1  1  0  0 -1 -2    2   9   6   6   0   5   5  10   3   3   5  13   0   2   7  10   6   1   2   2  0.13 0.13
  257 T    0 -2 -2 -1 -1  1  0  0 -1 -2 -1  0  1 -2  4 -1  2 -4 -3 -2    7   2   2   3   2   7   5   8   1   2   5   5   4   2  23   4  14   0   0   2  0.35 0.28
  258 V   -1 -2 -1 -2 -1 -2 -2 -1 -1  2  0 -2 -1  0  1  0 -1 -3  0  4    4   2   3   3   1   2   2   4   2  10   7   2   1   4   6   8   4   0   3  33  0.27 0.23
  259 C    2 -1 -2 -2  8 -1  0 -1 -3  0 -1 -1 -3 -2 -1  0 -1 -3 -3 -2   15   3   2   3  31   2   5   4   0   4   7   4   0   2   3   6   4   0   1   3  0.67 0.37
  260 D   -1 -1  1  4 -3  0  0  1  0 -2 -3  0 -3 -1  0  0  0 -1  0 -2    3   3   5  31   0   5   6   9   2   3   2   4   0   2   4   8   5   1   4   2  0.36 0.26
  261 C   -1 -3  0 -2  9 -4 -4 -3 -2  1 -1 -3 -2  1 -1 -1 -1  0 -2 -2    4   2   4   3  42   1   1   2   1   8   7   2   1   6   3   4   3   1   1   3  1.16 0.54
  262 Y    1 -1  0 -2 -2  1 -1 -2  1 -1 -1  0  0  1  1  0 -1  3  4 -1   13   3   5   1   1   7   2   3   3   4   5   7   2   5   6   6   4   5  16   4  0.20 0.20
  263 E   -1  1  0  1 -3  0  0  0  0 -1 -1  0  1 -2  2  1  2 -3 -3 -1    5   7   4   7   0   4   7   6   2   4   4   7   6   2   9  10  13   0   0   4  0.12 0.15
  264 E    0  0  0  1 -4 -2  0  3  0 -1 -2  0 -1 -1 -1  1 -1  0 -2 -2    7   5   4   8   0   0   5  28   2   5   3   4   2   2   2  13   4   1   1   3  0.25 0.23
  265 S    1  0  1  0 -1  0  0  1  0 -2 -1  0 -2 -1  0  1  1 -1 -1 -1   10   4   9   5   1   3   5  14   2   1   7   5   0   2   4  11  11   1   1   3  0.10 0.13
  266 Y   -1 -2  2 -1 -1 -2 -3  0  2 -2 -1 -2  0  2 -3  0 -1  5  5 -1    4   1  11   3   1   2   0   6   5   1   6   3   3   7   1   7   3   9  21   4  0.45 0.34
  267 T    0  0  0  0 -3  1  1 -2  0  0 -1  2  1 -3 -1  0  2 -4 -3  1    6   5   5   4   0   5   7   2   2   7   4  13   4   0   2   6  19   0   0   9  0.16 0.20
  268 C    1 -1 -2  0  8 -1 -4 -2 -1 -1 -2 -2 -1 -2 -2  0 -1 -4 -1 -2   10   4   2   6  41   2   0   2   2   3   4   2   1   2   2   7   3   0   2   3  1.00 0.55
  269 N   -1 -1  4  3 -1 -1  1 -2  2 -4 -2 -1 -1 -1 -2  1  0 -4 -3 -2    5   3  21  19   1   2  10   3   5   0   3   3   2   3   2  10   5   0   0   3  0.37 0.31
  270 Q    0  0  1 -1 -3  3  1 -1  2 -1 -1  1  0 -2  0  1 -1  1  0 -1    8   3   7   3   0  15   8   5   6   3   7   8   3   0   3   9   3   2   4   5  0.12 0.16
  271 N    0  0  1  0 -3  2  0 -1  1 -1 -1  1  0 -1 -1  1  1 -3 -2  0    5   4   8   6   0  12   5   4   3   2   4   8   3   3   3   9  11   0   0   6  0.11 0.14
  272 C    0 -2 -1  0  2 -1  0  0  2  0  0  0  1  1 -2  0  0 -2  1  0    7   0   0   7   6   0   7   7   6   7   7   7   6   6   0   7   7   0   6   7  0.04 0.11
  273 L   -1 -4 -2 -5 -4 -4 -3 -2 -2  2  4 -3  0  0 -2 -4 -2  2  0  2    4   1   2   1   0   0   2   3   1  12  39   2   2   3   3   1   2   3   3  16  0.57 0.36
  274 E   -1  1  0  1 -1  1  3 -1  1 -2 -2  2  0 -2 -1  0  0 -4 -1 -1    4   6   4   9   1   6  20   3   3   3   3  12   3   2   3   6   5   0   2   6  0.20 0.20
  275 Q   -1  1  1  2 -4  2  2 -2  0 -2 -2  3 -1 -2 -2 -1 -1  1  1 -2    5   7   7  11   0   9  11   3   2   3   4  17   2   2   2   4   4   2   4   2  0.23 0.22
  276 E    2 -1  0 -1  0  0  2 -1  0 -2 -2  1 -1 -2 -3  2  0  1 -1 -2   19   2   4   3   2   3  14   5   2   2   4   7   2   2   0  18   5   2   3   2  0.23 0.25
  277 L   -1 -1 -1 -2  0 -1 -1 -4 -4  1  3 -2  2  1 -2 -1 -1 -4  0  1    6   3   3   2   2   2   4   1   0   9  32   3   5   6   2   5   4   0   3   8  0.28 0.23
  278 R   -1  1  2  1  0  1 -1  1  1  0 -1  0  0  0 -1  0  0  1  0 -1    3   8  10   8   2   6   3   9   3   5   6   5   3   3   2   6   6   2   3   5  0.05 0.07
  279 R   -1  1  0  0 -3  1  1 -1  1 -1 -1  1  0  0  0  0  0  1  1  0    5   6   6   6   0   6   9   5   3   4   5   9   3   5   4   7   4   3   5   6  0.05 0.07
  280 P    0  0  0  0 -2  1  0  0  1  0 -1  0 -1  0  1  0  0 -2  1  0    6   6   6   6   0   6   6   6   6   6   6   6   0   6   6   6   6   0   6   6  0.04 0.06
  281 D   -1  1  1  3 -3  0  1 -1  0 -1 -2  0 -3 -4  0  2  0 -4 -3 -2    4   9   8  16   0   3   9   3   2   4   4   6   0   0   5  20   3   0   0   3  0.24 0.23
  282 R   -1  2  2  0 -3  1  0 -2  2 -1  0  0 -1 -1 -3  1 -1 -3 -1 -1    5  16  10   5   0   8   4   2   5   2  12   5   1   3   0  14   2   0   2   3  0.16 0.19
  283 Y   -3 -3 -4 -2 -5  3 -1 -5 -1 -2 -3 -2 -4  3 -5 -3 -2  2  7 -2    2   1   0   3   0  15   3   0   1   2   2   2   0   9   0   2   2   2  48   3  1.29 0.69
  284 Y   -2 -4 -5 -3 -5 -1 -4 -5  1  1 -1 -3 -1  4 -5 -1 -2  2  7 -2    3   0   0   2   0   3   0   0   3   9   6   2   2  15   0   4   3   3  42   2  1.10 0.59
  285 K    0  1  1  1 -3  1  1 -1  1 -2 -2  0 -1 -1  1  1  0  2  1 -1    5   7   6   8   0   5  10   2   4   2   4   6   1   3   8  11   7   4   5   3  0.12 0.13
  286 A    2 -1  0  0 -3  1  0 -2  1  1 -1 -1 -1 -1 -1  0  0 -3  1  0   20   3   3   6   0   9   7   2   3   9   4   3   1   2   3   4   7   0   6   7  0.10 0.15
  287 V    3  0 -2 -3 -2  0 -1  1 -2  0 -1  0  1  0 -3  1  0 -3  1  0   30   4   0   0   0   4   4  11   0   4   6   4   4   4   0   8   5   0   5   6  0.17 0.20
  288 L    0  0  0 -1 -2  0  0 -2  2  1  1  0  1  0 -2  0  0 -2  0  0    6   4   3   4   0   4   7   0   7   9  18   6   5   3   0   9   6   0   3   5  0.06 0.10
  289 E    0  0  2  2 -4  2  2 -2  1 -2 -2  2 -1 -4 -1 -1  0 -4 -2 -2    8   5  12  14   0  10  13   1   3   1   3  12   2   0   2   4   4   0   1   3  0.28 0.22
  290 I   -3 -4 -3 -2 -4 -2 -4 -5  1  4  3 -4  1  2 -5 -3 -2 -3  3  2    0   0   1   2   0   2   0   0   3  25  29   0   3   8   0   2   2   0   9  12  0.62 0.35
  291 Y   -2 -5 -5 -6 -5 -5 -5 -3 -3  1  0 -5  1  3 -5 -4 -2  2  7  3    3   0   0   0   0   0   0   2   0   6   8   0   3  12   0   0   3   2  37  21  1.10 0.55
  292 R   -1  1  2  1 -2  1  1 -2  1 -1 -1  2  0 -1 -3  0  0  2 -1 -1    4   6  10   7   1   7  10   2   4   3   6  16   3   3   0   4   5   3   2   3  0.14 0.14
  293 N    0  0  4  2 -4  1  2 -2  1 -4 -3  0 -3 -2 -2  0  0 -1  0 -3   10   4  22  12   0   5  14   1   4   0   3   5   0   1   1   5   5   1   3   2  0.37 0.29
  294 V   -1 -2 -5 -5 -4 -4 -5 -5 -5  3  1 -2  1  0 -5 -4  0 -5  0  5    5   2   0   0   0   0   0   0   0  16  13   2   3   3   0   0   5   0   3  45  0.83 0.45
  295 T    0  1 -1 -3 -3  2 -1 -3  0  0 -1  2  1 -1 -2  0  2  0  0  0    6   6   2   0   0  13   2   0   2   5   7  13   4   2   1   8  16   1   4   7  0.20 0.22
  296 H    0  0  0  0 -2  1  0  0  1  0 -1  0  1  0  1  0  0 -2  1  0    6   6   5   6   0   5   6   6   5   6   6   6   5   5   6   6   6   0   5   6  0.03 0.06
  297 M    0  1  0 -1 -3  1  0 -2 -1  1  0  1  3 -2 -2  1  0  1 -2 -1    7   7   4   2   0   6   6   2   1  12  11  12  10   1   1  12   3   2   0   2  0.11 0.12
  298 Y   -4 -3  1 -4 -5 -4 -3 -5  2 -2 -3 -2 -4  2 -5 -4  1  0  8 -4    1   1   7   1   0   0   1   0   4   2   2   2   0   7   0   0   9   1  61   0  1.61 0.57
  299 P   -3 -3 -3 -2 -5 -3 -2 -2  2 -6 -6 -1 -5 -6  8 -2 -3 -6 -5 -5    1   1   1   2   0   1   1   4   6   0   0   4   0   0  75   2   1   0   0   0  2.06 0.58
  300 E   -2 -1  3  4 -4 -1  1  1  2 -4 -3  0 -2 -3 -2  1  1 -4 -2 -3    1   1  14  25   0   1   7  10   5   0   1   5   1   1   1  13  12   0   1   0  0.43 0.21
  301 S    4  0 -1 -1 -3  2 -1 -1 -1 -2 -3  0 -1 -1 -3  2  0  0 -1 -2   40   6   2   3   0  10   1   2   2   2   1   3   1   2   0  19   3   1   2   1  0.39 0.25
  302 E   -2 -1  4  2 -4  2  1 -2  0 -2 -4  0 -2 -3  2  1  1 -4 -1 -2    1   2  23  11   0   9   8   1   2   2   0   6   1   1  12   9   8   0   2   3  0.39 0.20
  303 I   -3 -5 -5 -5 -4 -4 -5 -5 -5  6  0 -4 -1  0  0  0 -3  0 -1  2    0   0   0   0   0   0   0   0   0  59   5   0   0   4   5   9   0   2   1  15  0.97 0.39
  304 W   -2 -4 -3 -4 -4 -4 -4  0  0  2 -1 -4 -1  0 -5 -1 -1 10  1  0    2   0   1   1   0   0   1   9   2  12   6   1   1   2   0   6   4  41   5   5  1.26 0.41
  305 V    0 -3 -3 -3 -2 -2 -3 -3 -3  2  3 -3  2  1 -1 -2  0 -2  0  2    9   0   0   0   0   2   0   0   0  13  42   0   4   7   3   2   4   0   2  12  0.28 0.10
  306 T   -1 -3 -2 -3  0 -2 -2 -3 -3  2  0 -2  2 -2  3  0  4 -3 -3  1    3   0   0   0   2   0   0   0   0  14   3   0   7   0  13   3  47   0   0   7  0.46 0.17
  307 G   -1 -3 -1 -2 -3 -2 -3  6 -3 -4 -4 -2 -3 -3 -3 -1 -2 -3 -3 -3    1   1   1   1   0   1   1  88   0   1   1   1   0   1   1   1   1   0   0   1  1.32 0.22
  308 H   -1  2  0  1 -3  1  0 -2  7 -3 -3  1 -2 -2 -2 -1 -2 -2  2 -3    5  12   0  12   0   5   1   1  44   1   1   9   0   0   1   1   1   0   7   1  0.54 0.15
  309 S    0 -1 -1 -1 -2 -1 -1  1 -2 -2 -1  1 -2 -3  2  4  2 -3 -3 -2    0   0   0   0   0   0   0  11   0   0   8   8   0   0   8  49  15   0   0   0  0.37 0.14
  310 L   -1 -2 -2 -2  4 -1  0 -3 -2  2  1 -2  2  2 -3 -1  1 -2 -1  1    0   0   0   0  13   0  13   0   0  13  12   0  13  13   0   0  13   0   0  13  0.20 0.11
  311 G    0 -3  2 -2 -4 -2 -3  6  3 -5 -5 -3 -4 -4 -3 -1 -3  3 -3 -4    5   0  12   0   0   0   0  68  10   0   0   0   0   0   0   0   0   5   0   0  1.08 0.25
  312 G    1 -3 -2 -3  1 -3 -3  5 -3 -3 -4 -3 -3 -4  2 -1 -2  4 -3 -1   10   0   0   0   4   0   0  64   0   0   0   0   0   0  10   0   0   6   0   7  0.91 0.23
  313 S    0 -2  1 -2 -2  1  0  0 -1  0  0 -1 -1  1 -2  0  1 -2  2  0    8   0   8   0   0   8   8   8   0   8   8   0   0   8   0   8   8   0   8   8  0.07 0.11
  314 L   -4 -5 -2 -4 -4 -3 -1 -2 -5  3  5 -5  1 -3 -5 -4 -2 -5 -2  2    0   0   2   1   0   1   5   3   0  13  55   0   3   0   0   0   2   0   1  13  0.88 0.43
  315 S    6 -5 -5 -2 -5 -5 -5 -2 -6 -5 -6 -5 -5 -6 -3  2 -1 -7 -6 -3   75   0   0   3   0   0   0   2   0   0   0   0   0   0   1  14   3   0   0   1  1.60 0.73
  316 S    1 -2 -2 -3 -4  3  0  0 -2 -4 -4  0 -2 -1 -4  4  0 -5 -4 -3   12   1   1   0   0  15   5   7   1   1   1   5   1   3   0  41   5   0   0   1  0.65 0.43
  317 L   -2 -6 -6 -7  1 -6 -6 -7 -5  2  5 -6  2  0 -2 -3 -2 -4  3 -1    3   0   0   0   3   0   0   0   0  10  54   0   5   3   3   2   2   0  12   4  1.02 0.51
  318 L    1 -2 -5 -6 -4 -5 -5 -6 -6  3  2 -5  4 -1 -5  0  0 -5 -4  4   10   2   0   0   0   0   0   0   0  15  20   0  11   2   0   6   5   0   0  29  0.74 0.41
  319 G    4 -6 -5  0 -6 -5 -5  5 -6 -6 -3 -5  0 -7 -6  1 -2 -7 -6 -5   30   0   0   5   0   0   0  47   0   0   3   0   2   0   0  11   2   0   0   0  1.23 0.61
  320 R    3 -1 -1 -4 -4 -1 -2 -2  1  0  2 -3  0 -2 -1 -1 -1 -2 -1  2   25   3   4   0   0   3   2   2   4   4  24   1   2   1   3   4   2   1   2  16  0.30 0.26
  321 T   -1  1  0 -1 -1  0 -1 -1  0  0 -3  2  0  1 -4  0  4  1 -1 -1    5   8   3   3   1   4   3   4   2   5   2  12   2   7   0   6  27   2   2   3  0.27 0.25
  322 F   -3  0  1 -3 -2 -1 -2 -5  3 -4 -1 -1 -1  5 -3 -2  1  0  4 -2    2   5   8   2   1   2   3   0   7   0   6   3   1  28   1   3   8   1  17   2  0.68 0.39
  323 G   -1 -2  4  2 -3  0 -2  5 -1 -3 -3 -1 -2 -3 -2 -1 -3 -6 -3 -5    5   2  18  11   1   4   1  39   1   2   3   3   1   1   2   4   1   0   1   0  0.71 0.39
  324 L    0 -1 -1 -2 -3 -2 -1 -2 -1  2  2  0  2 -1 -2 -1 -1 -1 -1  2    9   4   3   2   0   1   4   2   2  13  20   6   6   2   1   3   2   1   2  17  0.16 0.15
  325 P    0 -2 -1 -1 -6 -1  1 -3 -1 -2 -6 -1 -5 -6  6 -1 -1 -6  0 -3    7   2   3   3   0   3   9   2   2   2   0   3   0   0  49   5   4   0   4   2  1.12 0.56
  326 A    5 -4  0 -4  2 -4 -4 -1 -4 -2 -3 -4 -3 -3 -4  1  2 -5 -4  2   48   0   4   0   4   0   0   3   0   1   1   0   0   1   0   9  12   0   0  15  0.76 0.45
  327 V   -3 -3 -1 -5 -3 -3 -4 -5 -4  3  0 -4  1  0 -4 -2  1 -4 -1  5    0   1   3   0   0   1   0   0   0  15   6   0   3   4   0   2   7   0   2  52  0.85 0.42
  328 S    2 -4 -2 -4  0 -4 -4 -1 -4 -2 -3 -4 -4 -4 -1  1  6 -5  0  0   16   0   2   0   2   0   0   3   0   1   1   0   0   0   3   8  53   0   4   5  0.95 0.51
  329 F   -5 -2 -6 -6 -6 -6 -6 -6 -1  0 -3 -6 -4  8 -2 -5 -2  0  3 -4    0   3   0   0   0   0   0   0   2   4   1   0   0  75   2   0   2   1   8   0  2.13 0.75
  330 E    0 -3  3  1 -4  1  3  1 -1 -4 -3 -1 -1 -4 -3  2 -2 -5 -4 -2    6   0  15   7   0   7  24   9   1   0   3   3   1   0   0  20   0   0   0   3  0.47 0.31
  331 A    5 -4 -2 -4 -3 -1 -2 -2 -4 -2 -2 -3 -1 -2 -1  3  0 -5 -4 -1   50   0   1   0   0   2   2   2   0   2   3   0   2   2   3  23   4   0   0   3  0.72 0.43
  332 V   -1 -5 -3 -5 -5 -4 -4 -3 -5 -1 -3 -4 -5 -2  7 -3  0 -6  0 -1    5   0   1   0   0   0   0   1   0   4   2   0   0   2  69   1   5   0   3   4  1.82 0.69
  333 G   -1 -4 -3  0 -2 -3 -4  6 -4 -5 -5 -3 -4  0  2 -2 -3 -4 -4 -4    4   0   0   5   1   1   0  65   0   0   1   0   0   5  12   2   0   0   0   0  1.22 0.48
  334 E    0  0  0  0 -2  1  0  0  2  0  0 -1  1  1  1  0  0 -2  1  0    6   6   6   6   0   6   6   6   6   6   6   0   6   6   6   6   6   0   6   6  0.04 0.08
  335 L    1  2 -1 -2 -3  0 -1 -1  0 -1  0  2  0  0 -1  0 -1 -3 -1  0   17  12   3   2   0   4   3   3   3   3   8  15   2   6   3   4   3   0   2   8  0.11 0.16
  336 L   -1  0 -1 -2 -3  1 -1 -2  2  0  3 -1  1  0 -1 -1  0 -3  1 -1    3   6   2   2   0   7   2   3   5   4  34   3   4   3   3   4   6   0   5   3  0.20 0.24
  337 A    3 -2  1 -3  0 -1 -1 -2 -3  0 -1 -2  0  1  1  0 -1  0  2 -1   28   2   6   0   2   2   3   2   0   5   5   2   2   8   8   8   4   1   8   3  0.22 0.26
  338 T    4 -1 -2 -3 -3 -1 -3 -1  1  0  0 -2  0  0 -3  1  0 -4 -1  0   39   4   2   0   0   3   0   4   3   5   8   2   2   4   0  10   5   0   2   6  0.35 0.33
  339 R   -1  3  1 -1 -3  1  0 -1 -1 -2 -1  2  0 -2 -3  1  1  0 -2 -2    5  15   7   2   0   7   5   4   1   2   8  14   3   1   0  14   8   1   1   2  0.20 0.22
  340 R   -2  5  1 -2 -5  1 -1 -3  0  0 -1  1 -1 -1 -2 -1 -1  0 -3 -2    3  40   6   2   0   5   4   2   2   6   5   8   1   3   2   4   3   1   0   2  0.56 0.41
  341 L   -2 -3 -2 -2  0 -1 -2 -3 -4  0  4 -2  0  2  0 -1 -2 -4 -1  0    3   1   2   3   2   3   2   2   0   4  49   2   2   8   4   5   2   0   2   5  0.47 0.36
  342 H   -1 -1  1 -1 -4 -1  0  4  6 -5 -4 -2 -2 -2 -4  0  0 -4 -2 -3    4   2   7   4   0   2   6  29  24   0   1   2   1   2   0   6   6   0   1   2  0.67 0.45
  343 L   -1 -2 -2 -2 -3 -1 -2 -4 -4  2  4 -4  1  2 -2 -2 -2 -3  1 -1    5   2   2   3   0   3   2   0   0  12  47   0   4   9   1   2   2   0   5   2  0.52 0.37
  344 P   -2 -1  0  0 -4  0 -1  0 -2  0 -1  0 -3  0  5 -1  0 -4 -3 -1    2   3   4   5   0   4   4   7   1   5   8   5   0   5  34   4   6   0   0   3  0.48 0.32
  345 M    0  0  0 -2 -2  1  0 -1  0  0  1  0  1  0  2  0  1 -3 -1  0    5   4   5   0   0   6   5   3   3   5  14   6   4   3   9  10   8   0   2   8  0.07 0.10
  346 P   -1 -1  0  1 -3  0  0 -1  0 -1 -1  1  1 -3  4  0  0 -2  0 -1    5   2   4   9   0   3   5   4   3   3   5  12   5   0  20   6   6   1   3   4  0.24 0.19
  347 P    0 -1  1 -1 -3  0 -1 -1  0 -1 -1  0 -3 -1  5  0  0 -3  1 -1    9   4   9   3   0   3   3   4   2   4   5   5   0   3  27   5   4   0   5   4  0.36 0.26
  348 G    0 -1  1  2 -3  0  1  2  1 -3 -2  1 -1 -1  1  0 -1 -1 -2 -2    6   2   8  13   0   3  10  18   3   1   4   7   1   2   7   8   3   1   1   1  0.20 0.17
  349 L    0  0  1  0 -2  0  0 -1 -1  0  0  0  1  0  1  0  0 -1  1  0    8   3   9   6   0   2   4   5   1   4  10   7   6   3   6   7   3   1   7   6  0.04 0.07
  350 P   -1  0  0  1 -3 -1 -1  1  1  0 -2  0 -1 -1  3  0  0  0  1 -1    4   5   5   8   0   2   3  11   4   7   2   7   2   3  18   5   5   1   5   3  0.20 0.17
  351 E   -1  1  0  2 -3  1  0 -1  0 -2 -1  0  0 -1  2  1  0  0  1 -1    4   7   3  12   0   8   6   3   2   1   5   4   2   3  11  10   4   1   5   6  0.13 0.14
  352 E    0  0  1  2 -1  0  1 -1  1 -2 -1 -1 -1  1 -1  2  0  1  0 -1    6   4   7  10   1   4   9   3   4   1   5   3   1   6   2  18   6   2   3   3  0.12 0.15
  353 M    0  1  1  2 -3 -1  0 -2 -1  0  0  0  0 -1 -1  0  1  0  1 -1    6  10   8  13   0   1   5   2   1   5   8   6   2   2   2   7   8   1   7   5  0.08 0.11
  354 E   -1  0  0  0 -3  1  0 -1  1 -1  0  1  1 -1  0  1  1  0 -1 -1    3   4   4   6   0   6   4   3   5   2  13   9   4   3   5  11  11   1   2   4  0.07 0.11
  355 N   -2  0  4 -1 -5  1 -2  1  3 -5 -3  0 -3 -4  4 -1 -2 -5  0 -3    2   4  19   3   0   7   2  10   8   0   3   5   1   0  24   5   2   0   3   2  0.59 0.42
  356 I   -2 -6 -4 -6 -5 -5 -6 -5 -6  6  0 -5 -1 -4 -6 -3  2 -6 -5  3    3   0   1   0   0   0   0   1   0  52   9   0   1   0   0   1  12   0   0  19  1.27 0.66
  357 W   -4 -2 -5 -3 -5 -3 -5 -6  0  0 -1 -5 -4  4 -6 -4  3  7  5  0    1   2   0   1   0   1   0   0   2   6   6   0   0  14   0   1  19  16  23   6  1.11 0.62
  358 H   -4 -1  4 -4 -6 -1 -4 -5 10 -6 -6 -4 -5 -5 -5 -2 -5 -6 -2 -6    1   3  18   0   0   3   1   1  65   0   1   0   0   0   0   3   0   0   1   1  2.53 1.01
  359 V   -4 -4 -5 -5 -4 -4 -5 -5 -4  3 -1 -3 -1  6 -3 -4 -4 -3  4  3    1   1   0   1   0   0   1   1   0  17   4   2   1  36   2   1   1   0  12  21  1.11 0.52
  360 G   -2 -2 -4 -4 -4 -4 -4  5 -4  0 -3 -4 -2  0 -4 -1 -4  1  4  0    2   2   0   0   0   0   1  51   0   6   2   1   1   3   0   5   1   2  15   8  0.98 0.51
  361 N   -3 -1  4 -1 -5 -3 -3 -4  9 -2 -2 -2  0 -4 -1 -2 -2 -5 -3 -4    2   3  19   3   0   0   1   1  49   2   5   3   2   0   3   3   2   0   0   1  1.54 0.69
  362 T   -2 -3  3 -1  3 -4 -2 -2 -4 -2 -4 -3 -4 -2  1 -1  5 -1 -1 -1    2   1  12   4   7   0   2   2   0   2   1   1   0   2   7   3  46   1   2   3  0.81 0.52
  363 A    5 -1  1 -3 -4 -3 -3  2 -4 -3 -4 -1 -4 -5 -4  1  0 -5 -1 -3   46   3   8   1   0   1   1  15   0   2   0   3   0   0   0  11   5   0   2   1  0.69 0.44
  364 D   -3 -6 -3  8 -7 -1 -3 -6 -6 -7 -8 -5 -7 -7 -6 -5 -5 -8 -7 -7    2   0   0  93   0   2   0   0   0   0   0   0   0   0   0   0   0   0   0   0  2.86 1.11
  365 P   -2 -6 -6 -5 -6 -5 -2 -4 -6 -2 -4 -5 -6 -3  8 -1  0 -7 -6 -1    3   0   0   0   0   0   2   1   0   3   2   0   0   2  72   4   7   0   0   4  2.07 0.89
  366 I   -3 -7 -7 -7 -5 -6 -7 -7 -7  7 -1 -6 -2 -4 -6 -6 -4 -6 -5  4    2   0   0   0   0   0   0   0   0  67   4   0   1   0   0   0   0   0   0  25  1.92 0.78
  367 F    1 -2 -5 -5 -5 -5 -3 -5 -3 -4 -4 -5 -4  5  3 -2 -3 -3  6 -3   13   2   0   0   0   0   1   0   0   0   0   0   0  29  17   2   1   0  30   2  1.27 0.61
  368 M    0  0  0  0 -2  1  0  0  2  0  0  0  1  0 -2  0  0 -2  1  0    6   6   6   6   0   6   6   6   6   6   6   6   6   6   0   6   6   0   6   6  0.04 0.07
  369 G    0 -4 -3 -1 -5 -4  0  6 -4 -5 -2 -4  2 -4 -4 -1 -1 -4  0 -4    6   0   0   4   0   0   7  58   0   0   4   0   5   0   0   5   4   0   4   0  1.02 0.51
  370 V    0  0 -1  0 -3  0 -1 -2  0 -1 -1  0  1 -1  1  0  2  4 -2  1    7   5   3   6   0   4   3   2   2   2   5   6   4   2   6   7  16   7   0  11  0.14 0.15
  371 C   -2  0 -4 -5  9  1 -4 -4 -4 -4  0  0 -3  3 -1 -2 -3 -4 -3 -4    4   5   0   1  48   6   1   1   0   1   9   6   0  11   4   3   1   0   0   1  1.45 0.54
  372 N   -1  1  3 -1  2 -1 -2  0  1 -1 -2  1 -1 -3 -3  1  2  0  0  0    2   6  14   2   4   2   1   6   3   4   2   9   2   0   1  14  14   1   4   7  0.17 0.17
  373 G   -1 -1  0 -3 -4  1 -2  5 -3 -4 -4  0 -4 -5 -4  1  1 -4 -4 -3    3   3   5   0   0   5   2  51   0   0   1   5   0   0   0   9  10   0   0   2  0.86 0.40
  374 A    1 -2  1 -1  1  1 -2 -1 -3  0  0 -1 -1  0  3  0 -1 -1 -1  1   12   2   7   3   3   6   1   3   0   7  10   2   1   4  18   6   2   1   1  10  0.18 0.15
  375 S    0 -1  1  0 -2  0 -2  0  1  0  0 -1 -1  0 -1  1  2  0  2 -1    9   3   9   4   0   5   0   5   4   6   9   4   1   4   3  10  13   1   8   2  0.07 0.11
  376 S    0  1  0  0 -2  1 -1  0 -2 -1 -1  0 -2 -3  1  3  0 -3 -3 -2    6   8   4   5   0   6   0   6   0   5   5   4   0   0   5  40   4   0   0   0  0.26 0.22
  377 T    0 -2 -2 -2 -2 -2 -2  0  2  1  0 -2  1  0  0  1  1  4 -1  0    5   0   0   0   0   0   0   6   8   9  11   0   5   4   5  19   8   8   0   8  0.15 0.15
  378 C   -1 -2 -2 -3  4 -2 -2 -2 -1  1  0 -2  2  3 -2 -1 -1  0  3  0    1   1   1   1  17   1   1   1   0  18   2   1  17  17   1   1   1   0  17   1  0.23 0.05
  379 S    0  2  0  0  4  0 -1  1  1 -3 -3  0 -2  0 -2  1  0  3  1 -2    6  12   4   4  12   4   1  13   4   1   1   4   0   4   1  15   5   5   5   1  0.21 0.13
  380 L    0 -1 -1 -2 -2  0 -1 -1  0  1  1  1  0  0 -2  0  0  2  1  0    9   2   2   1   0   5   1   4   2  14  16  11   2   4   1   8   3   4   7   4  0.06 0.08
  381 A    2 -2 -2 -1 -2 -2 -1  2 -2 -2 -1 -2  0  1 -2  1  1  2  1 -1   24   1   1   3   0   1   3  20   0   1   4   1   2   6   1  12   9   3   6   4  0.22 0.16
  382 G   -1 -2  0 -1 -4 -3 -3  6  1 -4 -3 -1 -3 -1 -3  0 -3 -4 -3 -4    3   2   3   4   0   0   1  65   4   0   3   2   0   3   0   8   1   0   0   1  0.99 0.37
  383 Y   -3 -4 -4 -4  3 -3 -4 -4 -2  1  0 -4 -2  3 -4  0  0 -2  6  0    1   0   0   0   6   0   1   1   0  10   7   0   0  11   0   9   7   0  38   6  0.83 0.38
  384 A    2 -1  0 -1  3  0 -1 -1  1 -1 -2 -1 -2 -3  2  0  0 -4 -3 -1   27   3   5   3   9   3   3   4   5   4   4   3   0   0  11   6   5   0   0   4  0.23 0.17
  385 L    0 -2 -2 -2 -2 -1  0 -2 -2  1  1 -2  2  2 -2 -1  1  5  0  1   11   1   0   1   0   0  11   1   0  11  11   1  10  10   1   1  11  10   0  11  0.17 0.10
  386 E   -1 -1 -1  2 -3  2  3 -2  2 -3 -2  1  0 -2  1 -1  0 -2  1 -2    1   1   0  12   0   7  34   1   6   1   1  11   5   0   7   1   6   0   6   1  0.34 0.15
  387 T    0 -2  2  0 -2 -1 -1  0 -2 -1 -1 -1 -1 -2  1  1  3 -3  0 -1    4   1  11   4   0   0   1   5   0   5   5   3   0   0   7  14  35   0   4   1  0.24 0.16
  388 Q    0  1 -1 -1  0  1  0 -1  0 -1 -2  2 -1 -2  3  0 -1 -3  0  0    6  10   0   3   2   9   3   3   2   3   3  19   2   0  15   5   2   0   5   7  0.21 0.14
  389 C    1  0 -1 -1  9 -3 -3 -2 -3 -3 -3 -3 -3  0 -3 -1 -2 -3 -1 -2   11   6   4   4  57   0   1   3   0   1   1   1   0   5   1   3   1   0   2   1  1.31 0.43
  390 H   -3  0 -2 -3 -3  1 -2 -3  8 -3 -1 -2  1 -1 -3 -2  0 -3 -1  0    1   6   1   1   0   6   1   1  55   1   5   1   4   3   1   1   7   0   0   7  1.06 0.39
  391 S    0 -2  0 -2  0 -1 -2  0  0  1  1 -2  1 -2 -1  1  2 -3 -1  1    5   0   3   0   2   2   1   7   3   7  14   1   5   0   2  10  22   0   2  14  0.12 0.12
  392 G   -1 -4 -2 -3 -4 -3 -2  6 -4 -5 -5 -3 -4 -5 -1 -1 -3 -4 -4 -4    3   0   0   0   0   0   3  82   0   0   1   0   0   0   4   5   0   0   0   0  1.54 0.49
  393 K   -1  3  2 -2 -1  2 -1 -2  1 -2  0  2  0 -1 -2  0  0 -1  0 -2    3  17  12   0   1  11   2   0   3   0   9  19   4   2   0   5   4   1   4   2  0.24 0.17
  394 K   -1  1 -1  0 -3  1  2 -3  1 -1 -1  1  1 -3  0  1  2 -1 -2  1    2   7   2   3   0   8  18   0   3   1   5   7   5   0   5   9  13   1   1  12  0.18 0.16
  395 C    0 -2  1 -2  3  1 -1  0 -1  1  0 -1 -1  1 -2  0 -1 -2  2  0    9   0   9   0   8   9   1   9   0   9   9   0   0   9   0   9   0   0   9   9  0.07 0.10
  396 V   -1  0  1 -3  3 -1 -1 -1 -2  1  0 -1  1  1 -1 -1  0  2  0  2    3   5   7   0   9   3   3   4   0   7  10   4   5   7   3   3   5   3   4  15  0.10 0.12
  397 Y   -3 -3 -1 -4 -4  0 -3 -4 -2  0  0 -3 -2  4 -4 -3  0  4  7  0    1   0   4   0   0   4   0   1   0   5   8   0   0  15   0   0   7   5  43   5  0.92 0.43
  398 D    0 -1  0  6 -4 -2  0  1  1 -4 -4 -1 -4 -4 -1 -1  0 -4 -1 -4    8   2   3  48   0   0   5   9   4   0   1   4   0   0   3   4   5   0   3   0  0.70 0.35
  399 V   -1 -2 -1 -2  1 -2  0 -3  1  0 -1  0  0 -1  0  0  4 -3 -2  2    4   0   3   0   3   0   5   1   4   4   4   5   2   2   5   6  37   0   0  15  0.33 0.27
  400 V   -1 -1  0 -1 -3 -1 -1 -1  0  1  0 -1  2 -2  1  0  0 -4 -2  3    3   3   4   2   0   3   3   6   3   6   6   2   6   0   6   9   5   0   0  33  0.18 0.20
  401 N   -1  0  1  1 -3  1  0  2  0 -3 -2  2 -1 -2  0  1  1 -3 -3 -2    3   4   7   8   0   8   4  16   2   0   4  13   1   2   4  12   8   0   0   3  0.18 0.15
  402 D   -1  1  2  3 -4  1  1 -1  1 -3 -1  1 -2 -3  0 -1 -2 -4 -1 -2    4   7  10  22   0   6  10   4   4   1   6  11   0   0   4   2   1   0   2   2  0.28 0.21
  403 L    0  0  0  0 -3  1  0  0  2  0 -1  0  1  1  0  0 -2  3  1  0    6   6   5   6   0   5   6   6   5   6   6   6   5   5   6   6   0   5   5   6  0.07 0.11
  404 G   -1  0  2  0  2 -3 -3  4  3 -5 -5  1 -4 -5  0  1 -3 -5 -4 -4    5   5  10   6   4   0   0  32   8   0   1   8   0   0   5   9   0   0   0   0  0.54 0.36
  405 W   -2 -5 -5 -5 -5 -5 -5 -1 -5 -1 -1 -5 -4  1 -5 -2 -1 11  1 -4    4   0   0   0   0   0   1   5   0   4   7   1   0   6   0   3   5  59   3   1  2.41 0.82
  406 H   -1  3  0  1 -3  0  0 -1  1 -3 -1  0 -2  0  0  2 -1  2  1 -2    4  20   3   7   0   2   4   5   4   0   5   4   0   5   4  18   2   4   4   3  0.19 0.21
  407 V   -1 -1 -1 -1 -3  1  0 -3 -2  0  0 -2  2  0  1  0  0  1 -1  2    4   2   3   3   0   8   6   1   0   3  10   0   6   4   8   8   5   2   2  24  0.15 0.19
  408 N   -1 -3  3  3  1 -2  0  1  1 -4 -4 -1 -4 -1 -3  3 -1  2 -3 -4    4   0  15  18   4   0   4  11   3   0   0   4   0   3   0  26   3   3   0   0  0.49 0.36
  409 L   -2 -4 -4 -5 -3 -4 -4 -5 -4  5  2 -4  2  0 -4 -1  0 -4 -3  3    3   0   0   0   0   0   0   0   0  38  20   0   6   4   0   6   4   0   0  18  0.72 0.38
  410 L   -1  3  0 -3 -3  1 -2  0  1 -1  0  0  0  1  0 -1 -1  2  0 -1    6  22   6   0   0   8   0   6   3   4   9   3   3   7   5   4   3   3   3   4  0.15 0.18
  411 N    0  0  3 -2 -3 -2 -1 -1  4 -3 -1  0  1  0 -3  0  2  2  2 -3    6   4  18   0   0   0   4   4  11   0   7   7   4   4   0   5  13   3   8   0  0.29 0.27
  412 H   -4 -3 -2 -3 -5 -2  1 -4 10 -5 -4 -3 -4 -4 -4 -3  1 -4 -2 -4    1   1   1   1   0   0   9   1  72   1   1   1   0   0   1   1   9   0   0   1  2.26 0.66
  413 R    0  4 -2  1 -3  1 -1  0 -2 -2 -2  1  0 -1  0  0  0 -3 -3 -1    6  33   0   9   0   5   1   6   0   3   4   6   2   3   4   7   7   0   0   3  0.31 0.21
  414 I   -2 -4 -4 -4  1 -4 -4 -4 -4  6  2 -4  2 -2 -4 -4 -3  5 -3  1    3   1   0   1   4   0   1   1   0  50  18   1   5   0   1   1   1   8   0   6  0.95 0.38
  415 R   -1  1  0  2 -3  1  0 -1  1 -1 -1  1 -1  0 -1  0  0 -3  0  0    4   9   5  12   0   8   3   5   4   2   5  12   0   4   2   6   5   0   3  11  0.09 0.10
  416 T   -1  0  1  1 -3  0  0 -1 -1 -2 -2  0 -1  0  2  0  2  0  1  0    4   4  10   8   0   3   7   5   1   1   2   4   2   5  11   5  15   1   6   7  0.14 0.13
  417 I   -1 -3 -4 -4 -3 -3 -3 -4  0  3  0 -3  3  1 -3 -2 -1 -3  0  4    5   1   1   1   0   0   1   1   3  14   7   1  10   7   1   3   3   0   3  39  0.55 0.28
  418 I   -1 -2 -4 -4 -3 -3 -4 -4 -4  6  1 -2  0 -2 -1 -1 -2 -4 -1  1    4   3   1   1   0   1   1   1   0  55  11   2   2   1   3   5   2   0   2   6  0.77 0.35
  419 S   -1  0  2  3 -1  0  3 -2  0 -2 -2  1 -2 -3 -1  0 -1 -3 -1 -3    5   4  10  19   1   3  20   2   2   2   5   8   1   1   2   8   4   0   2   1  0.29 0.18
  420 D   -1  0  2  3 -3  1  1  0  0 -2 -1  2  0 -1 -2  0  0 -3  0 -1    2   3   9  18   0   5   8   9   2   2   5  15   2   2   1   5   5   0   4   4  0.19 0.14
  421 V   -2 -2 -4 -4 -3 -3 -4 -4  0  3  2 -2  1  0 -4 -1 -1 -3  0  4    1   2   0   0   0   0   1   1   3  16  19   2   3   4   0   4   2   0   3  38  0.56 0.30
  422 L   -3 -3 -4 -2 -3 -2 -2 -2 -3  2  4 -2  2  1 -4 -1 -2 -3  2 -1    1   0   0   2   0   1   3   3   0  15  48   2   4   5   0   4   2   0   7   1  0.54 0.31
  423 M   -1  1  1  1 -4 -1  3 -2 -2 -2 -1  1  2 -2 -3  1  0 -4 -3 -1    4   7   5   8   0   1  26   2   0   2   6  10   8   2   0   9   6   0   0   4  0.28 0.23
  424 V    0  0  0  0 -3  1  1 -2 -1 -2 -1  3 -1 -1  1  0 -1  3 -1  0    9   4   5   5   0   4  11   1   1   2   5  21   2   2   6   7   1   4   2   7  0.16 0.16
  425 Y   -2 -2  0  1  1 -3  1  0 -1 -4 -2  0 -2 -2  0 -1 -1  7  5 -3    2   2   4   9   4   0   8   7   1   0   3   6   1   0   5   5   3  16  22   1  0.61 0.36
  426 N   -3 -1  3  4 -5 -2  2  1 -2 -3 -4  0  1 -2 -2 -2  0  6 -3 -3    0   3  14  22   0   1  15   9   1   1   1   6   4   2   1   1   6  10   1   1  0.56 0.35
  427 D   -1 -2  1  3 -4 -1  3 -2  0 -1 -4  0 -4 -5  1  1  2 -5 -2 -2    3   1   6  17   0   1  23   3   2   5   0   5   0   0   8  10  13   0   2   2  0.40 0.30
  428 T   -1 -4 -4 -2  0 -1 -3 -5 -5  1  1 -3  2 -2  0 -3  1  3 -1  5    3   0   0   3   2   2   1   0   0   5  10   1   4   1   5   1  11   4   2  44  0.60 0.39
  429 A    1 -5 -5 -4 -6 -3 -2 -3 -5 -2 -3 -3 -2 -6  7 -2 -4 -6  1 -5   13   0   0   1   0   1   2   2   0   3   3   1   1   0  65   3   0   0   5   0  1.75 0.76
  430 E   -1 -1  0  0 -5  0  3 -2 -2 -2 -3  2 -2 -5  3 -1  1 -5 -4 -1    3   2   4   5   0   4  25   3   1   2   2  16   1   0  13   4  11   0   0   5  0.42 0.31
  431 C    1  0 -2 -6  9 -5 -2  0 -5 -1 -3 -5 -5 -2  0 -3 -2 -6 -3 -3   13   5   2   0  52   0   3   7   0   4   2   0   0   2   4   1   2   0   1   2  1.59 0.68
  432 V    0  1 -2 -1  0  1  2 -2 -2  1 -1  2  0  0 -1 -1  0  0  0  1    6   9   1   1   2   6  15   3   0   9   3  14   2   4   2   4   4   1   3  11  0.12 0.15
  433 K   -1  0  0  0 -2  1  2 -2  0  0 -3 -1 -2 -1  4  0  0 -4 -1  0    5   5   5   6   1   6  13   1   2   5   1   3   1   3  20   6   4   0   3   9  0.26 0.21
  434 P   -2 -2  0  3 -6  3  5 -5 -3 -5 -5 -2 -1 -3  2 -2 -2 -6 -1 -3    3   2   5  15   0  14  40   0   0   0   0   1   2   1   9   2   2   0   2   2  0.85 0.51
  435 P   -2  0  0  1 -4  0  2 -1 -1 -1 -2  1 -2 -2  3  0  1 -4 -2 -1    2   4   3   9   0   3  18   6   2   4   2  10   1   1  13   5  11   0   1   6  0.23 0.20
  436 P   -2 -2  2  5 -6 -1  3  0 -2 -4 -6 -1 -1 -6  2 -1 -1 -6 -5 -5    2   2  11  38   0   1  17   7   1   1   0   3   1   0   9   3   3   0   0   0  0.84 0.47
  437 C   -6 -9 -4 -9 11 -8 -9 -8 -8 -6 -7 -8 -7 -2 -8 -3 -6 -8 -7 -6    0   0   1   0  95   0   0   0   0   0   0   0   0   2   0   2   0   0   0   0  4.29 1.35
  438 Y   -1 -1 -2 -1 -4  2  1 -3 -1  1 -1  1  0  0 -1 -1 -1 -4 -1  3    3   3   1   3   0   9  10   1   1   7   3  10   3   4   2   5   3   0   1  31  0.25 0.24
  439 D   -5 -5 -2  7 -7 -4  3 -5 -5 -6 -3 -4 -6 -2 -5 -4 -5 -7 -6 -3    0   0   1  73   0   0  18   0   0   0   3   0   0   2   0   0   0   0   0   2  2.00 0.80
  440 C   -5 -7 -3 -7 11 -6 -7 -6 -6 -3 -5 -6 -5 -6 -1 -5 -5  0 -6 -5    0   0   1   0  89   0   0   0   0   1   0   0   0   0   3   0   0   1   0   0  3.76 1.12
  441 Y   -1 -3 -2  0 -4 -1  1  2  0 -3 -1 -1 -3  4 -2  0  0 -2  4 -2    4   0   1   5   0   3  10  15   2   0   4   4   0  20   1   5   7   0  16   2  0.35 0.25
  442 N   -1 -2  4  1 -4  0  1  0 -1 -2  1  1  0 -3  0  0 -1 -4 -3 -3    4   0  24   7   0   4   7   8   1   1  17  10   2   0   4   7   3   0   0   0  0.27 0.22
  443 W   -4 -6 -7 -7 -6 -6 -6 -6 -6 -6 -2 -6 -5 -4 -7 -6 -6 12 -1 -6    2   0   0   0   0   0   0   0   0   0   4   0   0   0   0   0   0  89   1   0  4.36 1.18
  444 R   -1  1  2  1 -4  2  3 -3 -1 -4 -4  3 -3 -4 -3  0  1 -4 -4 -3    3   7  10   7   0   7  23   0   1   0   1  24   0   0   0   5   9   0   0   1  0.54 0.30
  445 F   -5 -5 -5 -6 -5 -5 -5 -1 -3 -3 -3 -5  2  8 -6 -5 -5  2  5 -4    0   0   0   0   0   0   0   5   0   1   1   0   5  63   0   0   0   3  19   0  1.90 0.63
  446 V   -1 -2 -2 -2 -3 -2 -2  2 -1  2  0 -2 -1  2 -1 -1  0 -3  1  3    2   2   1   2   0   1   2  17   2  10   9   1   0   8   2   4   7   0   5  25  0.18 0.16
  447 D   -3  0  1  6 -5 -2  3 -3 -1 -2 -4  0 -3 -4 -2 -1 -2 -5 -3 -4    1   5   6  47   0   0  21   1   1   2   1   6   1   0   1   4   1   0   1   1  0.89 0.36
  448 H   -1  0  1  1 -3 -1  0  1  2 -3 -3  1 -2  1  0  1  0  0  3 -3    2   6   8   9   0   0   5  10   5   0   1   8   0   7   4  15   6   1  12   0  0.19 0.14
  449 S   -1  3  3  2 -4  0  0 -2  2 -3 -3  2 -1 -4 -1  1 -1 -4 -3 -3    5  18  17  11   0   1   5   2   6   1   1  18   2   0   2  10   1   0   0   0  0.41 0.22
  450 G   -2 -2  2  4 -4  0 -1  2  0 -3 -3  0 -3 -3  1  0  1 -4  0 -2    0   1  10  26   0   3   2  18   2   0   1   5   0   0   7   8   8   0   4   3  0.38 0.21
  451 D   -1 -2  1  3  0 -1  2 -1  0 -2 -3  0 -3 -4  0  2  2 -1 -3 -1    3   0   6  17   2   1  12   4   2   3   0   4   0   0   5  17  19   1   0   4  0.29 0.19
  452 R    0  0  0  1 -3  2  2 -3 -2 -3 -2  1 -1 -4  0  1  2 -4 -3 -2    8   3   2   9   0   9  17   0   0   0   4   8   1   0   5  13  20   0   0   1  0.30 0.19
  453 Y   -1  0 -1  0 -3  0  0 -2  1 -2 -2  1 -1 -2  1  1  4 -3  1 -2    2   6   2   4   0   3   5   2   4   1   1   8   1   1   6  11  34   0   6   1  0.28 0.19
  454 R    0  2  0 -1 -3  1  1 -2  2 -2 -2  0 -2 -3  0  1  3 -4 -2 -1    5  11   3   2   0   5  12   1   6   2   4   2   0   0   3  12  27   0   0   4  0.27 0.18
  455 T    0  0 -1  1 -3 -1  1 -1 -3  1 -3  1 -2 -3  0  2  4 -4 -3 -1    4   5   0   7   0   0   9   3   0  11   0   9   0   0   5  15  31   0   0   1  0.31 0.21
  456 T   -1 -1 -1 -1  2  1  1 -3  0 -2 -2  0 -1 -3  1  2  4 -4 -2  0    1   3   0   3   4   6   9   0   2   0   2   4   1   0   5  19  31   0   1   9  0.32 0.21
  457 A    1 -1 -2 -1 -3  0 -2 -1 -3  0 -2 -1 -2 -4  3  3  3 -4 -3 -2   13   3   0   2   0   5   0   4   0   6   1   3   0   0  15  25  23   0   0   0  0.40 0.23
  458 S    1 -1 -2 -2 -2 -2  0 -1 -3 -1 -2 -2 -1 -3 -2  3  4 -4 -3 -1   12   2   0   0   0   0   6   4   0   5   2   0   1   0   1  33  30   0   0   4  0.43 0.23
  459 S    1 -2 -1  0 -2 -1 -2 -2 -3 -1 -1 -1 -2 -3  1  3  2 -4 -3  2   13   1   0   5   0   2   0   0   0   0   4   1   0   0   6  35  15   0   0  18  0.35 0.20
  460 P    1 -2  1 -2 -3 -2 -1 -2  0 -2 -2 -1 -2 -4  4  2  3 -1 -3 -2   12   0   7   0   0   0   3   0   3   2   3   2   0   0  26  22  20   1   0   0  0.56 0.22
  461 S   -1 -1 -1 -2 -3 -2 -1 -3  0  0 -3 -1 -2 -2 -1  4  4 -4 -3 -2    0   2   1   0   0   0   1   0   2   8   0   3   0   1   2  40  38   0   0   0  0.64 0.29
  462 P    1 -2 -1 -2 -3 -2 -2 -2 -2 -3 -2 -1 -2 -4  4  3  4 -4 -3 -2   14   1   1   0   0   0   0   0   1   0   3   2   0   0  24  23  31   0   0   0  0.66 0.25
  463 I    0 -2 -1 -2 -3  1 -2 -3 -2 -2 -2  1 -2 -3 -2  3  4 -4  0 -1    5   0   0   0   0   7   0   0   0   2   2   8   0   0   0  31  40   0   3   3  0.55 0.26
  464 P   -1  0 -2 -2 -1 -1 -2 -2  1 -3 -3  2 -1 -1  4  2  3 -4 -2 -2    3   3   0   1   2   0   0   1   5   0   0  15   1   4  26  16  22   0   0   2  0.51 0.20
  465 S    0  0 -1 -2 -3  1 -2 -3  0 -1 -3 -2 -2  0  1  3  4 -4 -2 -1    7   5   0   0   0   7   0   0   2   2   0   0   0   5   6  25  41   0   0   2  0.48 0.23
  466 D    0  2 -1  2 -2  0  1  0 -1 -2 -2  0 -1 -3  0  1  2 -3 -1 -1    4  16   0  14   0   2   6   7   1   0   2   3   1   0   5  15  18   0   3   2  0.20 0.10
  467 P   -1 -3 -2 -1  3 -2  0 -3 -3 -2 -2 -2 -3 -3  4  0  5 -4  0 -2    2   0   0   2   6   0   6   0   0   2   2   0   0   0  27   4  44   0   5   0  0.76 0.28
  468 P   -1  4 -2 -1 -4  0  1 -1 -2 -3 -2  0 -3 -4  4  1  1 -4 -3 -3    1  31   0   2   0   3   7   5   0   0   3   3   0   0  22   9  13   0   0   0  0.53 0.20
  469 G   -1 -2 -1 -1 -3  0  1 -1 -2 -1 -1  0 -2 -3  2  1  5  1 -3 -2    2   0   0   2   0   4   8   3   0   2   5   6   0   0   9   6  48   2   0   0  0.45 0.21
  470 R    0  1 -1  0 -3  2  2  0 -2 -3 -1  0 -2 -3  1  1  2 -3 -3 -2    9   8   0   4   0   9  15   5   0   0   6   5   0   0   5  15  19   0   0   0  0.23 0.12
  471 R   -1  0 -1  0  0 -2 -2 -3  1  0 -2  0 -2 -3 -2  2  5 -4 -3 -1    0   6   0   4   2   0   0   0   5   6   0   5   0   0   0  14  56   0   0   2  0.54 0.20
  472 C   -2 -1 -4 -5 11 -4 -5 -4 -5 -3 -3 -4 -3 -4 -5 -3 -3 -4 -4 -3    0   4   0   0  93   0   0   0   0   0   0   0   0   0   0   0   0   0   0   0  2.68 0.41
  473 L   -1  0 -1 -2 -3  1  0 -3  0  0  1  3 -1 -2 -2 -1  0 -3 -2  1    3   0   0   0   0   6   6   0   3   7  16  38   0   0   0   2   4   0   0  13  0.21 0.10
  474 K   -1  1 -1 -2 -2  1  0  0 -2 -2 -3  1 -2 -3 -2  1  5 -3 -3 -2    0   6   0   0   0   5   4   8   0   0   0  13   0   0   0  10  51   0   0   0  0.47 0.16
  475 R   -2  3 -2 -3 -4 -1 -2 -3 -2 -3 -3  1 -3 -3  6 -2 -2  0  0 -1    0  26   0   0   0   0   0   0   0   0   0   8   0   0  53   0   0   1   4   5  1.16 0.21
  476 T    0 -1  3 -2 -3 -2 -2  5 -2 -4 -4 -2 -3 -4 -3  0  1 -4 -4 -3    3   3  16   0   0   0   0  59   0   0   0   0   0   0   0   6  13   0   0   0  0.82 0.19
  477 W   -5 -5 -6 -7 -5 -4 -5 -5 -5 -5 -4 -5 -4  1 -6 -5 -5 12  0 -5    0   0   0   0   0   0   0   0   0   0   0   0   0   3   0   0   0  97   0   0  3.85 0.49
  478 Y   -4 -4 -5 -5 -4 -4 -4 -4 -2 -3 -1 -4 -2  4 -5 -4 -4 10  5 -2    0   0   0   0   0   0   0   0   0   0   3   0   0  20   0   0   0  53  21   3  2.01 0.31
  479 G   -1 -3 -2 -3 -4 -3 -3  7 -3 -5 -5 -3 -4 -4 -3 -2 -3 -4 -4 -4    0   0   0   0   0   0   0  95   0   0   0   0   0   0   0   0   0   0   0   0  1.61 0.25
  480 R   -1  3  0 -1 -2  0 -1 -1  1 -1 -1  1 -1  0 -1  0 -1  6  1 -1    3  23   4   2   1   2   3   3   3   4   4   6   1   4   2   7   3  18   3   3  0.30 0.05
  481 C   -2 -5 -5 -5 11 -5 -5 -4 -5 -3 -3 -5 -3 -4 -5 -3 -3 -4 -4 -3    0   0   0   0 100   0   0   0   0   0   0   0   0   0   0   0   0   0   0   0  2.81 0.36
  482 Y   -2  0 -3 -3 -2 -2 -3 -4 -2  1  4  0  2  0 -3 -1  1 -2  1  0    0   5   0   0   0   0   0   0   0   6  56   6   5   0   0   2  12   0   8   0  0.34 0.11
  483 E   -2 -1  0  6 -4 -1  2 -2 -2 -4 -4  1 -3 -4 -2  0 -2 -5 -4 -4    0   2   0  64   0   0  13   0   0   0   0  12   0   0   0   8   0   0   0   0  0.93 0.17
  484 W   -2  0 -2 -2 -3  0  1  0 -1 -3 -2  0 -2  0 -1 -1 -1  8  4 -2    1   4   1   1   0   2  12  10   0   1   1   6   0   1   4   1   5  30  20   1  0.68 0.11
  485 A    0 -2  0  1 -2  0 -1  2 -2 -1 -2 -1 -1  0 -1  1  3 -2 -2 -1    6   1   1  11   0   3   1  20   0   4   1   1   0   5   1  12  32   0   0   1  0.23 0.06
  486 D   -1 -2  0  3 -2 -1  0  0  0 -2 -2 -1 -2 -3  3  1  2 -3 -2 -2    1   1   1  29   0   1   1   6   4   1   5   1   0   0  15  15  19   0   0   1  0.33 0.06
  487 D    0 -1  2  4  2 -1  1  0 -1 -2 -3 -1 -2 -3 -1  0  1 -3 -2 -2    5   1  11  38   6   1   8   6   0   1   1   1   0   0   1   5  14   0   0   1  0.36 0.06
  488 P    0 -1  0  1 -2 -1  0 -1 -1  0 -1  0 -1 -2  3  2  1  3 -1  0    2   1   4  13   0   1   1   1   0   7   2   4   0   1  15  24   9   6   1   8  0.21 0.03
  489 S    1 -1  0  2 -1 -1  0 -1 -1 -1 -1 -1 -1  0 -1  2  2 -2 -1 -1   17   1   1  19   0   1   1   1   0   6   2   1   0   6   1  22  17   0   1   1  0.17 0.04
  490 A    1 -1  0  1 -1  0  0  2 -1 -1 -2 -1 -1 -2 -1  1  1 -2 -2  0   14   1   1  13   0   4   1  20   0   1   2   1   0   1   1  10  18   0   1  10  0.16 0.03
  491 V   -1 -2 -1  0  2 -1  0  1 -2  1 -1 -1 -1  0 -1  0  3 -2 -1  0    1   1   1   5   7   1   6  11   0  11   1   1   0   6   1   1  40   0   0   5  0.14 0.04
  492 K    0 -1  0  0 -2  0 -1  1 -1 -2 -1  1 -1 -2  1  1  2  3 -1 -1    1   1   1   5   0   1   1  13   0   1   6  17   0   1   5  12  29   5   0   1  0.18 0.04
  493 T   -1 -1  0  1 -2  0 -1 -2 -2  0 -1 -1 -1 -2  2  1  4 -3 -2 -1    1   0   0  11   0   6   1   1   0   6   6   0   0   0  10  11  45   0   0   1  0.29 0.06
  494 T    1 -1  0  0 -2  0 -1  0 -2 -1 -2  0 -1 -2  2  1  2 -3 -2  0   15   0   5   5   0   6   1   5   0   0   1   6   0   0  11   5  27   0   0  11  0.19 0.03
  495 F   -1 -1 -1  0 -2 -1  1 -2 -1  0  0 -1  3  1 -2  1  3 -1  2  0    1   0   0   4   0   0  10   1   0   5   1   0  20   5   0  11  29   0  11   1  0.16 0.06
  496 A    2 -1 -1 -1 -1 -1  0  0 -2  0 -1 -1 -1 -2  2  1  1 -3 -2  0   25   0   0   0   0   0   9   6   0   6   1   1   0   0  13  12  13   0   0  11  0.19 0.03
  497 T    1 -2 -1  0 -1 -1  0 -2 -2  0  0 -1 -1 -2 -2  1  3 -3 -2  0    9   0   0   6   0   0   5   0   0   6  11   0   0   0   0  11  45   0   0   5  0.23 0.06
  498 S    2  0  0 -1 -1  0 -1 -1  2 -2 -2 -1 -2 -2  1  3  1 -3 -1 -1   23   6   0   1   0   0   1   1   9   0   1   1   0   0   7  42   7   0   0   1  0.30 0.06
  499 T    1 -1 -1  1 -2  1 -1  0 -2 -1 -1 -1 -1 -2  1  1  3 -3 -2 -1   14   0   0   8   0   8   0   6   0   0   6   0   0   0   6   7  44   0   0   0  0.25 0.05
  500 I   -1 -2 -1 -2 -2 -1 -1 -2 -1  1  0 -1  0 -1  5  0  0 -1  1  0    2   1   1   1   0   1   1   2   0  15  10   1   1   1  32   7   7   0  10   7  0.37 0.03
  501 Y    0 -1 -1 -1  2 -1 -1 -1 -1 -1 -1  0 -1  0 -1  0  2  5  3 -1    9   2   1   2   7   1   2   2   1   2   3   8   1   1   2   2  26  10  16   2  0.19 0.03
  502 R    0  3  0 -1 -1  1  0 -1 -1 -1 -1  1 -1 -2 -1  1  1 -2 -1  0    3  29   1   2   1   8   2   2   1   2   3   2   1   1   2  18  16   0   1   7  0.17 0.02
  503 K    1  0 -1 -1 -1  0  1 -1 -1 -1 -1  1 -1 -2  2  0  2 -2 -1  0   19   2   1   2   1   1   9   2   1   2   3  10   1   1  10   2  24   0   1   8  0.14 0.02
  504 T    0 -1 -1 -1 -1 -1 -1 -1 -1 -1  0 -1 -1 -2  4  2  2 -2 -1  0    2   1   1   1   1   1   2   2   1   1   9   2   1   1  21  21  23   0   1   8  0.28 0.03
  505 S    1 -1  0 -1 -1 -1 -1  2 -1 -1 -1 -1 -1 -2 -1  2  2 -2 -1  0    9   1   1   1   1   1   2  17   1   1   2   2   1   1   1  23  22   0   1  12  0.16 0.02
  506 D   -1  0 -1  0 -1 -1 -1 -2 -1  2  1 -1  2 -1 -1  0  0 -2 -1  1    2   8   1   9   1   1   2   2   1  22  18   2  11   1   1   7   8   0   1   2  0.05 0.02
  507 I    2 -2 -1 -1 -1 -1 -1  0 -2  1 -1 -1 -1 -2  4  0  1 -2 -2  0   25   1   1   1   0   1   1   8   0  14   2   1   0   1  21   1  16   0   1   1  0.27 0.03
  508 S    0 -1  0  1 -1  0  0 -1 -1 -2 -2  0 -1 -2  1  2  3 -2 -2 -1    1   1   1   7   0   1   1   1   0   1   1   7   0   1   6  30  39   0   0   1  0.31 0.05
  509 T    0  1  1 -1 -2  1  0 -1 -1 -1 -2  0 -1 -2  2  2  2 -2 -2 -1    1   8   7   1   0  11   1   1   0   1   1   1   0   1  12  22  24   0   0   6  0.24 0.03
  510 S    0 -1  1 -1 -1  0  1 -1 -1 -1 -2 -1 -1 -2  1  2  3 -2 -2 -1    1   1   7   1   0   1  10   1   0   6   1   1   0   1   7  22  39   0   0   1  0.26 0.04
  511 T    1 -1  0 -1  2 -1 -1 -1 -2 -2 -2 -1 -1 -2  2  3  3 -2 -2 -1    7   1   1   1   8   1   1   1   0   1   1   1   0   1  10  34  32   0   0   1  0.32 0.05
  512 H    0  1 -1 -1 -2  0 -1 -1  3 -2 -1  0  0  0  3  1  1 -2 -1 -1   12   8   1   1   0   1   1   1  15   1   1   7   7   5  16   9  13   0   0   1  0.20 0.03
  513 T   -1 -1 -1 -1 -2 -1 -1  0  2  0 -1 -1  1 -2  3  0  3 -2 -1  0    1   1   1   1   0   1   1  10   8   9   1   1  10   1  15   1  37   0   1   1  0.22 0.04
  514 G   -1 -1  1  1 -2  0  0  1  2 -1 -1  0 -1 -1 -1  1  1 -2  1 -1    1   1  10   9   0   1   1  10   8   6   9   8   0   1   1   8  19   0   7   1  0.08 0.01
  515 G    1 -1  1  0 -1  0  1  1 -1 -2 -2  0 -1 -2  1  2  1 -2 -2 -1   17   1   8   1   0   1   9  10   0   1   1   1   0   1   8  24  14   0   1   1  0.22 0.02
  516 N   -1 -1  2  1 -2 -1 -1 -1 -1  0 -2 -1 -1 -2 -1  2  4 -3 -2 -1    1   0  17   9   0   0   1   1   0   8   1   0   0   0   0  13  48   0   0   1  0.31 0.05
  517 T   -1 -2 -1  1 -2 -1  1 -2 -2  1 -1 -1 -1 -2 -2  1  4 -3 -2  0    0   0   0   8   0   0   8   0   0  15   0   0   0   0   0   8  61   0   0   0  0.37 0.07
  518 T    0 -1  0 -1 -1  1 -1 -2 -2 -2 -2 -1 -1 -3 -2  2  5 -3 -2 -1    0   0   0   0   0   9   0   0   0   0   0   0   0   0   0  15  75   0   0   0  0.56 0.08
  519 C   -1 -4 -3 -4 10 -4 -4 -3 -4 -2 -2 -4 -2 -3 -4 -2 -2 -3 -3 -2    0   0   0   0 100   0   0   0   0   0   0   0   0   0   0   0   0   0   0   0  1.89 0.14
  520 I   -1  1 -1 -2 -2  0 -1 -2  2  1  0  2  0 -2 -2  0  1 -3 -1  0    0   9   0   0   0   0   0   0   8  24   9  24   0   0   0   9  17   0   0   0  0.12 0.03
  521 R   -1  2  0  0 -2  0 -1 -2  5 -2 -1  0 -1 -2 -2  1  2 -3 -1 -2    0  19   0   6   0   0   0   0  26   0   7   0   0   0   0  16  26   0   0   0  0.28 0.05
  522 R   -2  3 -2 -2 -3 -1 -1 -3 -1 -2 -2  0 -2  2  5 -1 -2 -1  4 -2    0  28   0   0   0   0   0   0   0   0   0   0   0  10  39   0   0   0  24   0  0.75 0.06
  523 S    0 -2 -1 -2 -3 -2 -2  6 -2 -4 -4 -2 -3 -3 -2  1  0 -3 -3 -3    0   0   0   0   0   0   0  81   0   0   0   0   0   0   0  10   9   0   0   0  0.93 0.07
  524 W   -3  0 -4 -5 -3 -2 -3 -3 -3 -3 -2 -3 -2  0 -4 -3 -3 11  1 -4    0   7   0   0   0   0   0   0   0   0   0   0   0   0   0   0   0  93   0   0  2.67 0.15
  525 L   -2 -3 -4 -4 -3 -4 -4 -4 -2  0  1 -3  0  7 -4 -3 -2  0  2  0    0   0   0   0   0   0   0   0   0   0  10   0   0  81   0   0   0   0   0   9  0.83 0.09
  526 G    0 -3 -1 -2 -3 -2 -3  6 -3 -4 -4 -2 -3 -3 -3 -1 -2  4 -3 -4    0   0   0   0   0   0   0  92   0   0   0   0   0   0   0   0   0   8   0   0  1.15 0.08
  527 Y   -1  1  3 -1 -2 -1 -1  3  0 -2 -2  0 -2 -1 -2  0 -1 -1  2 -2    2  12  23   1   0   1   1  33   0   1   2   1   0   1   1   1   1   0  15   1  0.27 0.02
  528 C   -1 -4 -3 -4 10 -4 -4 -3 -4 -2 -2 -4 -2 -3 -3 -1 -1 -3 -3 -1    0   0   0   0 100   0   0   0   0   0   0   0   0   0   0   0   0   0   0   0  1.71 0.10
  529 L   -2  2 -2 -3 -2 -1 -2 -3 -2  1  3  1  1  0 -3 -2 -1 -2 -2  0    0  20   0   0   0   0   0   0   0   0  69  11   0   0   0   0   0   0   0   0  0.31 0.04
  530 E   -2 -2  1  6 -4  0  3 -2 -1 -4 -4 -1 -3 -4 -2 -1 -1 -4 -3 -3    0   0   0  76   0   0  24   0   0   0   0   0   0   0   0   0   0   0   0   0  0.92 0.06
  531 Y   -1 -2 -2 -2 -3 -2 -2 -3 -1 -3 -3 -1 -2 -1  7 -1 -1 -2  3 -2    0   0   0   0   0   0   0   0   0   0   0   0   0   0  81   0   0   0  19   0  1.60 0.05
  532 G    1 -1  0 -1 -1 -1 -1  3 -1 -3 -3 -1 -2 -3 -1  4  1 -3 -2 -2    0   0   0   0   0   0   0  27   0   0   0   0   0   0   0  73   0   0   0   0  0.45 0.01
  533 P   -1 -2 -2 -2 -3 -1 -1 -2 -2 -3 -3 -1 -3 -4  8 -1 -1 -4 -3 -3    0   0   0   0   0   0   0   0   0   0   0   0   0   0 100   0   0   0   0   0  2.06 0.01
  534 E   -1  0  0  1 -3  2  5 -2  0 -3 -3  1 -2 -3 -1  0 -1 -3 -2 -2    0   0   0   0   0   0   0   0   0   0   0   0   0   0   0   0   0   0   0   0  0.00    0.00
  535 L   -1 -2 -3 -3 -1 -2 -3 -3 -3  1  4 -2  2  0 -3 -2 -1 -2 -1  1    0   0   0   0   0   0   0   0   0   0   0   0   0   0   0   0   0   0   0   0  0.00    0.00
  536 R   -1  5  0 -2 -3  1  0 -2  0 -3 -2  2 -1 -3 -2 -1 -1 -3 -2 -2    0   0   0   0   0   0   0   0   0   0   0   0   0   0   0   0   0   0   0   0  0.00    0.00

                      K         Lambda
Standard Ungapped    0.1349     0.3194
Standard Gapped      0.0410     0.2670
PSI Ungapped         0.1124     0.3174
PSI Gapped           0.0344     0.2670
