
Last position-specific scoring matrix computed, weighted observed percentages rounded down, information per position, and relative weight of gapless real matches to pseudocounts
           A  R  N  D  C  Q  E  G  H  I  L  K  M  F  P  S  T  W  Y  V   A   R   N   D   C   Q   E   G   H   I   L   K   M   F   P   S   T   W   Y   V
    1 M   -2 -3 -4 -4 -2 -2 -3 -4 -3  1  3 -3  7 -1 -4 -3 -2 -3 -2  1    0   0   0   0   0   0   0   0   0   0  26   0  64   0   0   0   0   0   0  10  0.85 0.20
    2 L    0 -2 -1 -3 -3  0 -2 -3 -3  1  0 -1 -1  1  5 -2 -1 -3 -2  1    8   0   4   0   0   6   0   0   0   8   7   4   0   9  37   0   0   0   0  17  0.53 0.12
    3 I   -1 -1 -2 -4  0 -2 -2 -4 -3  3  2 -3  3  1 -3 -2 -1 -3  1  3    2   4   2   0   2   0   4   0   0  19  16   0  10   4   0   1   0   0   4  32  0.33 0.15
    4 D   -2 -2  2  5 -5  1  3 -3  0 -4 -4  0 -2 -1 -2  0 -1 -5 -3 -3    1   0  10  38   0   7  25   0   2   0   0   4   1   3   1   5   2   0   0   1  0.73 0.30
    5 Y    2 -1  2 -1 -1 -1 -2  0  0 -1 -1 -1 -1  1 -1  1  0  3  2 -2   23   3  14   2   1   2   0   6   3   2   4   4   1   7   2  10   6   4   7   1  0.15 0.14
    6 P    2 -4  0  0 -5 -2 -2 -3  2 -4 -5 -2 -5 -6  7  0 -2 -6 -5 -5   19   0   4   5   0   1   2   1   6   1   0   2   0   0  52   6   2   0   0   0  1.28 0.53
    7 P   -2 -3 -1  0 -2 -3  1 -3  3 -5 -3 -1 -4 -5  6  2  0 -5  0 -3    1   0   2   5   1   0  11   1   7   0   3   4   0   0  35  19   4   0   4   1  0.79 0.42
    8 T    0 -1  2  0 -3  1  2  0 -1 -2 -3  0 -3 -3  2  1  1 -4 -3 -1    6   2   9   5   0   7  15   6   1   2   1   4   0   0  11  13  11   0   0   6  0.24 0.20
    9 I   -3 -5 -6 -6 -2 -3 -6 -6 -6  5  3 -5  2 -2 -4 -4 -3 -5 -4  3    2   0   0   0   1   1   0   0   0  36  30   0   5   1   1   1   1   0   0  20  1.01 0.49
   10 N   -3 -1  3 -4 -2 -2 -4 -5  1  1  4 -2  0 -1 -5 -1 -1 -4  0 -1    1   3  17   0   1   2   0   0   4   7  48   2   1   2   0   4   2   0   3   3  0.61 0.40
   11 F   -2 -4  1 -1  6 -3 -4 -2  4 -4 -4 -4 -4  4 -5  2 -1 -1  5 -4    2   0   7   3  15   1   0   3  11   0   0   0   0  18   0  15   4   1  18   0  0.83 0.48
   12 I    2 -5 -5 -6  0 -5 -5 -4 -5  3  3 -5  2 -1 -5 -3 -3 -5 -2  4   16   0   0   0   2   0   0   1   0  15  24   0   4   2   0   1   1   0   1  33  0.72 0.42
   13 N    1  1  3 -1 -1 -2 -2  1 -2 -5 -5 -1 -4 -4 -4  4  1 -6 -5 -4    9   9  16   3   1   1   1  11   1   0   1   2   0   1   0  38   7   0   0   0  0.65 0.45
   14 F   -7 -7 -7 -8 -3 -7 -8 -8 -2 -1 -2 -7 -3  9 -8 -7 -4  2  0 -3    0   0   0   0   1   0   0   0   1   3   3   0   1  85   0   0   1   3   2   2  2.69 1.01
   15 N   -5 -3  9 -1 -1 -4 -4 -4 -4 -8 -8 -5 -7 -5 -7 -1 -2 -9 -7 -8    1   1  86   2   1   1   1   1   0   0   0   0   0   0   0   4   2   0   0   0  2.62 1.08
   16 Q   -2 -3 -1 -2 -7  8 -2 -4  0 -7 -5 -3 -5 -4  0 -1 -3 -7 -4 -7    3   1   3   2   0  75   1   1   2   0   1   1   0   1   4   4   1   0   0   0  2.03 1.00
   17 T   -5 -5  0  8 -4 -3 -1 -3 -6 -5 -4 -4 -7 -5 -6 -3  0 -8 -7 -5    1   0   4  78   0   1   3   2   0   1   2   1   0   1   0   2   5   0   0   1  2.07 0.92
   18 G    1 -2  2 -3  3  1 -2  1  3 -3 -3 -1 -2  2 -3  1 -2 -1  3 -3   12   2  10   1   6   7   1  11   7   1   1   2   1  10   1  12   1   1  12   1  0.32 0.28
   19 S   -1 -2 -1  0 -3 -2 -2  2 -5 -5 -5 -1 -3 -6 -4  4  5 -6 -5 -5    3   2   2   4   0   2   2  14   0   0   0   3   1   0   0  35  31   0   0   0  0.89 0.56
   20 C   -3 -1 -3 -6 10 -4 -5 -3  1 -2 -1 -5  0 -2 -6  3 -2 -3 -1 -3    2   4   1   0  50   1   1   3   3   2   6   0   2   2   0  18   2   0   2   1  1.68 0.74
   21 I   -5 -4 -6 -6 -1 -6 -6 -5 -5  3  3 -6  0  7 -6 -5 -5 -1 -2  1    0   1   0   0   1   0   0   1   0  13  30   0   2  40   0   0   0   1   0  10  1.25 0.57
   22 S    4 -2 -2 -4  3 -3 -4 -2 -4 -1 -2 -4 -1 -5 -3  2  1 -5 -3  1   41   2   2   0   6   1   0   3   0   4   4   0   1   0   1  17   8   0   1   8  0.62 0.42
   23 I    0 -5 -6 -6  5 -5 -3 -4 -6  3  0 -5  0 -1 -5 -3 -2 -5 -1  5    8   0   0   0  13   0   2   1   0  15   6   0   2   3   0   1   3   0   2  42  0.94 0.50
   24 A    2 -5 -4 -4  2 -3 -4  6 -5 -4 -5 -5 -3 -6 -5  1 -2 -6 -6 -3   19   0   0   1   5   1   1  57   0   1   1   0   1   0   0   8   2   0   0   2  1.31 0.65
   25 T   -2 -2 -3 -2 -1 -3 -3 -3  3 -3  0 -3  2 -3 -4  0  6 -3 -1 -4    2   3   1   2   2   1   1   2   7   1   9   1   5   1   1   7  50   0   2   1  0.92 0.58
   26 D   -1  1  2  3 -3  0  2 -1 -1 -3 -3  2 -1 -3 -1  1  1 -4 -3 -3    4   7   9  15   1   3  14   4   1   1   2  13   1   1   3  11   8   0   1   1  0.29 0.24
   27 D    0  1  3  2 -1  0  0 -1  1 -3 -3  1 -3 -4 -3  2  2 -4 -2 -2    7   7  13  11   1   4   5   3   4   1   1  10   0   0   0  14  12   0   1   2  0.27 0.23
   28 G   -3 -3 -3 -2 -2 -3 -3  7 -3 -5 -6 -3 -6 -4 -5 -2 -2 -6 -4 -6    1   2   1   2   1   1   2  78   1   1   0   1   0   1   0   3   2   0   1   0  1.77 0.77
   29 F   -3 -6 -4 -6 -1 -6 -6 -6 -2  1 -1 -6 -1  7 -6 -4 -5  1  6  0    2   0   1   0   1   0   0   0   1   7   4   0   1  43   0   1   0   2  27   7  1.55 0.68
   30 S    0  5 -1 -3  1  0 -2 -3  1 -2 -2  3  1 -2 -4  1 -1 -5 -2 -2    8  31   2   1   3   4   2   2   4   3   3  16   3   2   0   9   3   0   1   2  0.52 0.36
   31 I   -3 -3 -6 -6 -5 -5 -6 -6 -6  6  2 -6  0  0 -6 -4 -3 -1 -4  4    2   1   0   0   0   0   0   0   0  41  19   0   2   3   0   1   1   1   0  27  1.18 0.56
   32 Y   -6 -4 -3 -7  0 -6 -6 -7  1 -2 -2 -6 -1  6 -7 -3 -3  1  8 -3    0   1   1   0   2   0   0   0   3   2   4   0   1  30   0   2   2   2  45   2  1.81 0.83
   33 N   -2  0  6  2 -5 -1 -2 -1  0 -4 -3 -1 -5 -6 -5  3  0 -6 -5 -3    3   4  34   9   0   3   1   5   2   1   3   4   0   0   0  22   5   0   0   2  0.79 0.51
   34 C   -1 -3 -5 -5  7 -5 -5 -4 -5  1  2 -5 -1 -2 -3  0  3 -5 -5  1    5   1   0   0  20   0   0   1   0   9  18   0   1   1   1   8  22   0   0   9  0.76 0.46
   35 D   -2 -1  2  5 -1 -1  3 -5  2 -6 -4 -1 -6 -3 -3  0 -2  0 -2 -2    4   3  11  35   1   3  18   0   4   0   2   4   0   1   1   6   2   1   1   3  0.81 0.54
   36 P   -3 -3 -1 -1 -2  0 -2 -3 -1 -6 -3  1 -1 -7  7  0  1 -7 -6 -4    2   2   3   3   1   4   2   2   2   0   3   7   2   0  49   6   8   0   0   2  1.19 0.73
   37 F   -2 -2 -3 -2  2 -5 -3 -2  1  0  3 -3  0  5 -2 -3 -2  0  1  1    4   2   2   3   4   0   2   4   3   5  23   2   2  25   2   2   2   1   4   9  0.48 0.34
   38 G   -1  2 -1  1  0  1  1  0  2 -1 -2  2  0 -2 -1 -1  0 -4 -1 -1    5  10   3   9   2   5   9   8   6   3   4  15   3   2   3   4   6   0   2   4  0.14 0.16
   39 K   -2  2 -1  0  1  1  3 -2  1 -1  0  2  0 -1 -1  0 -1 -6  0 -1    3   9   3   5   3   5  16   3   3   3   9  11   3   3   4   6   4   0   3   4  0.18 0.16
   40 F   -1  0  0 -1  4 -1 -1 -2  1  2  0  0  1  0 -1  0  0  2  0  1    6   5   4   3   8   3   4   3   3  10  10   5   3   3   3   7   5   3   3   9  0.10 0.08
   41 Y   -2  0 -1 -2  2 -2  0 -3  3 -1 -1 -2 -2  5 -3 -1 -3  0  5 -1    4   6   3   3   4   2   5   2   6   3   5   2   1  21   2   5   1   1  22   4  0.57 0.40
   42 S   -2  3  0  0 -1  1  2 -2  0 -3 -2  1 -2 -1 -2  1  1 -4 -2 -2    2  15   4   5   1   6  16   2   2   1   5   6   1   3   2  13  11   0   1   3  0.24 0.26
   43 Q   -1  3  1  1 -2  1  1 -1  1 -1 -2  1 -1 -2 -1  0 -1 -4 -1 -1    3  18   7  10   1   5  10   3   4   3   3   9   2   1   2   7   3   0   3   5  0.19 0.20
   44 K   -1 -1  0  3 -5 -1  2  3 -1 -2 -3 -1 -4 -3 -1  0 -1 -1 -2 -3    4   4   4  17   0   2  15  26   1   2   2   4   0   1   3   7   3   1   1   1  0.40 0.32
   45 N   -1 -1  1  1  0 -1  0  4 -1 -3 -3 -1 -1 -1  0  1  0 -4 -4 -3    5   4   6   9   2   2   7  29   1   1   2   4   2   3   4  12   5   0   0   1  0.31 0.28
   46 Y   -1 -2 -2 -3  1 -3 -1 -2 -1  3  1 -3  0  0  0 -1  0 -4  0  3    6   2   1   1   3   0   3   3   1  21  11   1   2   5   5   3   6   0   4  22  0.26 0.23
   47 S    1  1  0 -1  2 -1 -1  3 -1 -1 -3  1 -1 -2 -1  1  0 -4 -1 -2   10   9   3   3   5   2   3  23   2   3   2   7   1   2   2  13   5   0   3   2  0.20 0.20
   48 I   -1 -2 -2 -3  0 -1 -2 -3  0  4  1 -1  1  1 -1 -1 -1 -3  1  1    4   2   2   0   2   3   2   2   3  28  15   3   4   6   3   6   4   0   4   8  0.22 0.21
   49 V    1 -2 -1 -4  4 -3 -3 -2 -3  2  0 -1  1 -1 -4 -1 -1 -4  0  4   12   3   2   0   9   0   0   3   0  14   4   4   3   3   0   3   3   0   3  31  0.35 0.29
   50 E    0  0  0  0  1  2  3 -1  1 -1 -2  0  0 -3 -3  0 -1 -4  0 -1    8   4   4   4   3   8  28   4   3   3   4   5   3   0   0   8   4   0   3   4  0.23 0.24
   51 M    0  0  0 -2  2  1 -1  0  2  0  0  0  1  0  1  0  0 -3 -1  0    6   6   6   0   6   6   0   6   6   6   6   6   6   6   6   6   6   0   0   6  0.05 0.11
   52 L   -3 -1 -3 -3  1 -3 -3 -3 -1  1  5 -3  2  0 -5 -3 -3  0  1  0    2   3   1   2   3   1   2   2   2   5  56   2   5   3   0   1   1   1   4   4  0.70 0.45
   53 F   -3 -1 -2 -1 -3 -3 -1 -1  2 -2 -1 -3 -2  6 -2 -2 -2 -1  5 -3    2   3   2   4   1   1   4   6   6   2   7   1   1  32   2   2   2   1  20   1  0.73 0.46
   54 S   -1  4  1  0  2 -1 -1  0  0 -4 -2  1 -3 -4 -2  2  0 -1 -4 -3    4  23   7   5   5   2   2   7   2   0   4   9   0   0   1  20   5   1   0   1  0.37 0.33
   55 T   -1 -2 -1 -1  4 -1 -1 -2 -1 -1 -3  0  0 -2 -2  3  4 -4 -1 -3    2   2   2   4   8   2   3   2   1   4   2   5   3   2   1  28  26   0   3   0  0.44 0.39
   56 S    0  1  5  0  1  0 -1 -1  0 -4 -4  0 -1 -1  0  2 -1 -5 -2 -4    7   6  31   4   3   4   3   3   2   0   0   4   1   3   5  20   3   0   1   0  0.48 0.38
   57 L   -1 -1 -2 -4 -3 -3 -3 -3  0  3  3 -2  1  1 -2 -1 -1  0  2  0    4   3   2   0   0   0   0   2   2  16  36   2   3   7   2   4   2   1   7   5  0.33 0.26
   58 L   -1 -2 -2 -1  0 -2 -3 -1 -3  3  2 -3  1  2 -3 -2 -1  0 -1  2    5   2   2   3   2   1   0   4   0  16  23   0   3  10   0   3   3   1   2  19  0.25 0.21
   59 A    4 -3 -2 -4  0 -3 -3  0 -4  0  0 -3  0 -1 -2 -1  0  0 -3  1   46   0   2   0   2   0   0   5   0   6   7   0   3   3   2   3   5   2   0  12  0.46 0.37
   60 V   -1 -1 -2 -3  1 -2 -1 -3  0  1  1  0  2  2 -3 -1  0 -2  1  1    4   4   0   0   5   0   4   0   3   8  17   8   7  14   0   4   6   0   5   9  0.12 0.12
   61 V    0 -2 -3 -3  2  0 -3 -3 -3  1  0  0  1  0 -3 -1  0 -3 -2  4    6   0   0   0   5   5   0   1   0   7   5   8   4   5   0   5   6   0   0  41  0.32 0.25
   62 G   -1 -2 -2 -2 -1 -3 -3  6 -3 -5 -3 -3 -3 -4 -1  2 -1 -2 -5 -3    4   2   2   3   2   1   1  52   1   1   2   2   1   1   4  16   3   1   0   2  0.94 0.52
   63 L    1 -1 -1 -1 -2 -1 -2  4 -1 -1  0 -1 -1 -3 -2  0  0 -4 -3  0   14   3   3   2   1   3   2  30   2   3  10   3   1   1   2   7   6   0   0   6  0.26 0.21
   64 G   -1 -2 -1  0 -2 -2 -1  6 -2 -3 -3 -1 -4 -3 -2  0 -2 -1 -4 -2    5   2   3   5   1   2   4  52   1   2   3   3   0   1   2   6   2   1   1   3  0.83 0.45
   65 D   -1  0  1  3  0  1  2 -2  1 -2 -2  1 -2 -2  1  1  0 -4 -1 -1    5   5   5  14   2   5  15   2   3   2   4   8   1   2   7   9   5   0   2   4  0.20 0.17
   66 Q   -1  1  3  1 -1  2  1 -1  1 -2 -2  1 -1 -1  0  0  0 -3 -1  0    5   6  14   7   2   9   7   5   3   2   3   7   2   3   4   8   5   0   2   7  0.13 0.13
   67 P    0 -1 -1 -2 -1 -2 -2 -2 -2 -2 -3 -1 -2 -3  6  0  1 -5 -2 -1    7   3   3   2   1   2   3   3   1   2   3   4   1   2  42   8   8   0   2   4  0.83 0.48
   68 A    0  2  0 -1  0  2  0  0  1 -2 -1  2 -1 -2 -1  1  0 -3 -1 -2    9  11   4   3   2   8   4   6   4   2   5  15   2   2   3  10   6   0   1   2  0.15 0.15
   69 L   -1 -2 -2 -2  0  0 -2 -2  1 -1  0 -1  0  5 -3  1 -1  1  4 -2    4   2   2   2   2   4   3   4   3   3  10   3   2  23   1  10   4   2  14   3  0.36 0.27
   70 S    1  0  0 -1  0  0 -1 -1 -3 -2 -2 -1 -1 -1  3  3  0  0 -3 -1   11   6   4   4   2   4   3   3   0   3   2   4   2   2  17  23   5   2   0   5  0.26 0.23
   71 Q   -1  0  0  0  0  0  0 -2 -3 -1 -2  0  1 -4  6 -1  0  1 -4 -2    3   5   4   6   2   4   7   3   0   3   4   5   4   0  36   5   5   2   0   2  0.58 0.36
   72 R   -2  4  3  0  1  0  0 -1  2 -1 -2  1 -2 -1 -1  0  0 -4 -3 -1    0  23  18   4   3   4   4   3   5   4   4   6   0   3   3   5   6   0   0   3  0.27 0.24
   73 R    0  1  1 -2  2  1  0 -2  2  0  0  0  1 -2 -2  0  0 -3 -2  0    7   7   7   0   7   7   7   0   7   7   7   7   7   0   0   7   7   0   0   7  0.09 0.12
   74 L   -2 -2 -6 -6 -1 -5 -4 -6 -5  1  4 -5  2  0 -1 -5 -3 -5 -2  4    4   2   0   0   1   0   1   0   0   5  38   0   4   3   3   0   1   0   1  31  0.89 0.50
   75 T   -2  1  0 -2  2  1 -2 -2  1  1  0  1  2  0  0 -1 -1 -4 -1  1    1   9   6   1   4   7   1   2   4   9  10   8   7   4   5   4   4   0   2  10  0.11 0.15
   76 M   -3 -5 -2 -5 -1 -2 -3 -4  0  5  2 -2  2  1 -5 -3 -3  0  0  3    2   0   2   0   1   2   2   1   3  31  19   3   5   5   0   1   1   1   3  17  0.66 0.40
   77 I   -2 -3 -3 -6  2 -1 -3 -3 -1 -1 -1 -4  0  2 -2 -2 -2  9  5 -1    3   2   1   0   5   3   2   2   1   4   5   1   3   9   2   3   2  31  16   4  1.30 0.69
   78 N   -3 -2  5  5  0 -2 -1 -4  5 -3 -6 -2 -6 -6 -2 -1 -2 -6 -3 -6    2   2  25  32   2   2   3   1  14   2   1   2   0   0   2   5   2   0   1   0  1.11 0.64
   79 T   -2 -1 -1  4  0 -2 -1 -3 -1 -1  0 -2 -1  2 -4  0  3 -4  1 -2    2   4   2  23   2   1   4   2   1   4   8   2   2   9   0   8  16   0   6   3  0.34 0.31
   80 K   -1  1 -1  0  1  0  0 -2  4 -1 -1  2  1  0 -2  1 -1  2  0 -1    4   8   3   5   3   4   6   3   9   3   6  12   3   3   3  10   4   2   3   5  0.16 0.14
   81 T   -1  0  0  0  2  0  0 -1  2  0 -1  0  1  0 -3  0  0  3  1  0    5   5   5   5   5   5   5   5   5   5   5   5   5   5   0   5   5   5   5   5  0.06 0.10
   82 Y   -2  3  3  0 -2  2  0  2  1 -4 -4  3 -2 -3 -3  0 -2 -5 -3 -4    3  13  12   5   1   8   5  16   4   1   2  15   1   1   1   7   2   0   1   1  0.40 0.32
   83 S    0  3  0 -3 -1  1  0 -3 -2 -3 -3  4 -3 -4 -5  1  1 -6 -2 -2    6  15   5   1   2   5   5   1   1   2   2  26   1   1   0  12  10   0   1   3  0.49 0.38
   84 I    0 -2 -1 -2  4 -2  2 -3 -1  0  0 -1  0  1  1 -1  0 -2  0  1    8   2   2   2   9   1  14   1   1   6   7   4   3   7   6   4   7   1   3  13  0.15 0.17
   85 I   -1 -4 -6 -4 -1 -5 -4 -5 -3  6  0 -4  0 -2 -2 -1 -1 -6 -1  3    5   1   0   1   1   0   1   1   1  46   7   1   2   2   2   4   3   0   2  18  0.98 0.53
   86 C    1 -1 -2 -4  7 -2 -3  2  1  0  0 -1  1  0 -5 -2 -1 -2 -3 -1   10   4   2   1  24   2   1  15   3   6   9   3   4   4   0   3   3   1   1   5  0.54 0.35
   87 E   -3 -1  1  2 -2 -1  6 -4 -1 -3 -5  0 -2 -4 -5  0  0 -2 -5 -3    2   3   7   9   1   3  46   2   2   2   1   4   1   1   0   7   7   1   0   2  0.87 0.55
   88 V   -4 -3 -3 -6  0 -2 -4 -4  0  3  4 -4  1  2 -4 -4 -3 -4  3 -1    1   2   1   0   2   2   1   1   2  16  44   1   3   7   1   1   1   0   9   4  0.76 0.43
   89 T   -1  0  1 -1  0 -1  1 -2 -1 -2 -2  1 -1 -1 -2  3  2 -2 -1 -2    5   4   7   3   2   3  11   2   2   3   3   7   1   2   2  23  13   1   2   3  0.24 0.24
   90 F   -4 -6 -4 -7  1 -2 -6 -5 -1 -3 -2 -6  1  8 -7 -3 -4 -4  5 -1    2   0   1   0   3   2   0   1   2   1   3   0   3  56   0   2   1   0  17   4  1.82 0.82
   91 P    0  3  1 -1 -2 -1 -1 -2 -1 -2 -2  0 -1 -5  4  2  0 -5 -3 -3    6  18   5   4   1   2   3   3   2   2   4   6   2   0  21  13   5   0   1   2  0.44 0.33
   92 S   -1 -2  2 -1 -2  0  0 -2  1 -4 -3 -1 -2 -3 -3  4  3 -6 -3 -3    5   2  10   2   1   4   6   3   3   1   2   4   1   1   1  36  16   0   1   1  0.56 0.44
   93 A   -1 -1  2  0 -1  0  1 -2 -1 -2 -3  0  1 -2  2  2  2 -5 -1 -2    6   3   8   4   2   5  11   2   2   2   2   5   4   2  11  16  13   0   2   2  0.25 0.22
   94 I   -2 -6 -6 -6 -5 -6 -6 -2 -6  6 -1 -6 -4  0 -1 -6 -5 -6 -5  5    4   0   0   0   0   0   0   4   0  38   5   0   0   4   4   1   0   0   0  38  1.36 0.60
   95 L   -2  2 -1 -6  2  0 -2 -6  1  1  3  0  1  1  0 -1 -1 -6  0  0    4   9   3   0   3   4   3   0   3   7  23   6   3   6   4   6   4   0   3   7  0.26 0.18
   96 S   -1  0  0  0  2  0  0 -1  2  0 -1  0  2  1  0 -1  0  4  1 -1    5   5   5   5   5   5   5   5   5   5   5   5   5   5   5   5   5   5   5   5  0.09 0.08
   97 V   -1 -5 -5 -5  3 -4 -5 -5 -5  2  0 -4  3  1 -4 -1  0 -4 -3  5    6   0   0   0   5   0   0   1   0  12   8   0   6   5   0   4   5   0   0  45  0.79 0.43
   98 K   -1  4  0 -3  2  0 -1 -1  1 -1 -1  3 -3 -1 -3 -1 -1 -4  0 -1    4  22   3   0   4   4   3   5   4   4   7  21   0   2   0   4   3   0   3   5  0.30 0.24
   99 M   -1 -5 -5 -6  2 -2 -3 -6  1  1  4 -3  5  1 -6 -2 -2  1 -1  1    5   0   0   0   5   2   2   0   3   8  38   2  12   5   0   3   2   2   2   8  0.68 0.43
  100 N   -2  2  5 -2 -1 -1 -4 -2  0 -2 -3  0 -1 -2 -2  2  1  0 -2 -3    3  12  29   2   1   2   0   3   2   2   3   4   2   2   2  17   8   1   1   2  0.59 0.45
  101 K   -3  6 -1 -2  1  0 -1 -1  1 -2 -3  1  1 -1 -1 -2 -2  2  0 -2    3  35   3   3   3   4   5   4   3   3   3   8   3   3   4   3   3   3   3   3  0.64 0.42
  102 S   -1  0  0  0  2  0  0 -1  2  0 -1  0  1  0 -3  0  0  3  1  0    5   5   5   5   5   5   5   5   5   5   5   5   5   5   0   5   5   5   5   5  0.06 0.10
  103 R   -1  0  0  0  2  0  0 -1  2  0 -1  0  2  1  0 -1  0  4  1 -1    5   5   5   5   5   5   5   5   5   5   5   5   5   5   5   5   5   5   5   5  0.09 0.08
  104 L   -2 -7 -1 -7  2 -7 -1 -7 -7  5  3 -7  2  1 -1 -7 -1  3  1  1    4   0   4   0   4   0   4   0   0  26  21   0   5   6   4   0   4   4   4   9  0.78 0.36
  105 V    0 -4 -4 -4  2 -3 -4 -4  2  3  1 -4  1  1  0 -3 -1  2 -2  4   10   0   0   0   4   0   0   0   5  15  10   0   3   5   5   0   4   3   0  33  0.44 0.31
  106 V    0 -4 -4 -4  1 -4 -4 -2 -4  3  0 -4  1  1 -4 -2 -1 -4 -3  5    7   0   0   0   3   0   0   3   0  16   6   0   3   7   0   3   4   0   0  45  0.61 0.34
  107 L    1 -1 -3 -3  4 -1 -3  0 -3  0  0 -1  1  1 -1 -1  0  2 -2  2   12   4   0   0  11   4   0   6   0   5   7   3   3   6   3   4   4   3   0  21  0.20 0.22
  108 L   -1 -1 -1 -1  1  0  0 -2  0  0  3 -2  1  1 -1 -1  1 -3 -2  0    4   3   3   4   3   4   6   3   3   4  31   0   3   5   3   3  10   0   0   6  0.12 0.17
  109 R    0  0  0  1  0  0  3 -2  0 -2 -1  1  0 -2  0  0 -1 -4 -1 -1    8   5   3   9   2   4  23   2   3   2   7   9   3   2   4   6   2   0   2   4  0.17 0.18
  110 D   -1  1  3  2 -1  0  0 -1  1 -3 -3  0 -1 -2 -4  1  1  0  0 -3    3   9  15  11   2   4   7   5   4   2   2   6   1   2   0  11  10   1   3   2  0.25 0.23
  111 Q   -1  3 -1 -2 -2  2  0 -1  2 -3 -2  3  0 -3 -4  1 -1 -4 -2 -2    4  15   3   1   1  10   6   5   5   1   3  23   3   1   0  13   3   0   1   3  0.37 0.30
  112 I   -2 -5 -5 -6  0 -5 -5 -6 -5  6  1 -5  0 -1 -5 -2  0 -5 -1  4    3   0   0   0   2   0   0   0   0  42  11   0   2   2   0   3   5   0   2  26  0.99 0.52
  113 Y   -3 -1 -1 -4  1 -1 -2 -4  5 -1 -2  0 -1  3 -5 -1 -1  1  6 -1    2   3   2   1   3   3   2   1  16   3   4   5   1  12   0   4   4   1  28   5  0.72 0.44
  114 I   -1 -5 -5 -6  1 -3 -5 -3 -5  5  0 -5 -1 -1 -5 -2 -3 -5 -2  5    4   0   0   0   3   1   0   2   0  33   8   0   1   2   0   3   1   0   1  38  1.01 0.53
  115 Y   -5 -5 -4 -6 -1 -2 -5 -4  5 -4 -3 -3 -2  5 -6 -5 -3  1  8 -4    0   0   1   0   1   2   0   1  11   1   2   2   1  20   0   0   2   2  52   1  1.87 0.84
  116 D   -1  0  3  3  1  0  0 -1  1 -1 -2  0 -2 -3  1  0  0 -4 -1 -1    4   5  15  18   3   4   4   3   3   4   4   6   0   0   6   5   6   0   3   6  0.19 0.20
  117 I    0 -2  0 -3  2  0 -2  0  2  0  0  0  1  1  1  0  0  4  1  0    6   0   6   0   6   6   0   6   6   6   6   6   6   6   6   6   6   6   6   6  0.10 0.15
  118 N    0  1  0  1  0  1  0 -1  0 -2 -2  1  0 -2  0  2  1  0 -1 -2    9   9   4   7   2   8   5   4   2   2   3   7   2   2   5  16   8   2   2   3  0.12 0.16
  119 N   -2 -2  3  4  1  0  0 -1  0 -2 -3  0 -4 -2  0  1  2 -5 -1 -2    2   2  12  23   3   4   4   5   2   2   2   6   0   2   4   9  13   0   2   2  0.34 0.31
  120 M   -2 -1 -7 -7  1 -1 -7 -2  1  1  3 -2  5  1  2 -2 -1  2  0 -1    4   3   0   0   3   3   0   4   3   7  24   3  12   5  10   3   4   3   3   4  0.50 0.31
  121 R    0  2 -1 -1  1  2  0 -1  1 -2 -3  2  0 -1 -1  0  0  2 -1  0    7  12   3   3   3   8   6   4   3   3   3  13   3   3   3   7   6   2   3   6  0.15 0.14
  122 L   -2  1 -1 -2  0  0 -1 -3  1  2  2  0  1 -1 -1 -2 -1 -4 -1  1    3   7   2   2   2   4   3   2   4  10  25   7   3   2   4   2   3   0   2  11  0.17 0.17
  123 L   -3 -1 -1 -3  0  0 -1 -6 -5  2  4 -2  2 -1 -2 -3 -2 -5 -1  0    2   4   3   2   2   5   4   0   0  10  46   3   4   2   2   2   3   0   2   5  0.59 0.40
  124 H   -2  1  0  2  0  1 -1 -1  6 -3 -2  0 -1  1 -3 -2 -2  0  1 -2    4   9   5  10   2   7   4   4  22   2   4   6   2   5   1   3   3   1   5   4  0.45 0.33
  125 T   -1  0 -1 -3  0  1  1 -3  1 -1 -3  0 -2 -5 -3  2  4 -5 -2  1    4   4   2   1   2   7  10   1   4   3   2   6   1   0   1  13  26   0   2  10  0.37 0.36
  126 I   -3 -3 -6 -3 -2 -2 -3 -6 -2  5  1 -3  0  3 -3 -3 -3  2  2  1    2   2   0   1   1   2   2   0   1  37  13   2   2  12   2   1   2   3   6   8  0.74 0.45
  127 E   -2  0  0  4 -6  0  5 -3  1 -4 -3 -1 -2 -3  0 -1 -2 -6 -2 -2    3   4   3  23   0   3  33   2   3   1   2   3   1   1   4   3   2   0   1   3  0.70 0.50
  128 T   -3 -3 -2 -4 -2 -6 -4 -5 -3  0 -3 -4  0 -6 -4 -2  7 -7 -2 -2    2   2   2   1   1   0   1   1   1   5   3   1   2   0   1   3  69   0   1   3  1.67 0.95
  129 T    1  0  0 -3  3 -2 -2 -1  0  0 -1 -2 -1 -2  3  0  0 -1  1  1   14   6   4   1   6   2   2   5   2   4   4   2   1   1  14   8   7   1   6   9  0.17 0.19
  130 S    0 -2  0  3 -2 -2  1 -2  0 -3 -3 -1 -1 -2  5  1 -1 -1 -1 -2    7   2   4  14   1   2   8   3   2   1   3   4   2   1  26  11   3   1   2   3  0.48 0.38
  131 N   -3 -4  9 -2 -7 -4 -4 -2 -2 -5 -5 -3 -7 -5 -5 -3 -4 -7 -7 -5    2   1  76   2   0   1   1   4   1   1   2   1   0   1   1   2   1   0   0   1  2.30 1.13
  132 K   -1  0 -2 -2  0 -1  0 -4 -1 -3 -3 -2 -3 -3  7 -1 -1 -6 -3 -2    6   4   3   2   2   3   6   2   1   2   4   3   1   1  49   4   4   0   1   3  1.07 0.66
  133 L   -2  3  1 -1 -3  1 -1 -3  2 -3  0  3 -2 -1 -1  0 -1 -2 -1 -3    4  17   8   3   1   5   3   2   5   1  10  20   1   3   3   6   4   1   2   2  0.33 0.28
  134 G   -1 -3 -4 -4  0 -6 -4  7 -4 -4 -5 -3 -4 -7 -2 -4 -4 -7 -3 -4    6   1   1   1   2   0   1  74   1   1   1   2   1   0   3   1   1   0   1   1  1.81 0.92
  135 I    0  0  0  0  2  1  0 -2 -2  0  0  0  1  0  1  0  0 -3 -2  0    6   6   6   6   6   6   6   0   0   6   6   6   6   6   6   6   6   0   0   6  0.06 0.10
  136 I    0 -3 -3 -1  6  0 -1 -1  0  1  0 -1  1  1 -1 -1 -1 -3  0  0    6   0   0   3  21   4   5   4   3  10   7   3   4   7   4   4   3   0   3   6  0.25 0.25
  137 S    3 -1 -1  1  1  0 -1 -1  1 -2 -1 -1 -2 -3  0  2  0 -4 -1 -1   26   3   2  10   3   3   3   4   3   2   5   4   0   0   4  16   3   0   2   5  0.19 0.23
  138 I    0 -2  0  0  2 -1  0  0 -2  0  0  0  1  1  1  0  0 -2  1  0    6   0   6   6   6   0   6   6   0   6   6   6   6   6   6   6   6   0   6   6  0.04 0.09
  139 S    0 -1  0 -1  3  0  0 -1  1  1 -2 -2  0 -1 -1  3  0 -4  0 -1    6   3   4   3   7   4   6   4   4   9   3   0   3   3   3  26   4   0   3   3  0.17 0.23
  140 S    1 -1 -1 -1  2  1 -1  1  0 -1 -2  0  1 -1  2  0  0  2  0 -1   10   3   2   2   5   7   4  10   2   4   3   5   4   2  12   8   6   3   3   3  0.13 0.14
  141 S    0 -2  1  1  3 -1  0  0  2 -2 -1 -1 -1 -2 -2  2  0  0  1 -2    8   2   7   7   5   3   7   7   5   3   6   3   2   2   2  17   5   2   4   3  0.17 0.15
  142 P   -1 -2 -2  0  0 -1  0 -1  2 -2  1 -1  0 -1  3  1  1  0 -2 -1    6   3   2   5   2   3   5   6   4   2  12   4   2   2  16   9   9   1   2   4  0.17 0.15
  143 S    0 -1  2  2  1 -1  0  0  1 -1 -1 -1  1 -2  0  2  0  1 -1 -2    7   3   8  11   3   2   6   8   3   4   6   3   3   2   4  15   5   2   2   3  0.13 0.11
  144 P    1  0  0 -1 -3  0 -1 -1  1 -1 -1  0  1 -2  2  2  1  0 -1  0   11   5   4   3   1   4   4   5   3   4   6   5   3   2  10  13   9   1   2   6  0.11 0.10
  145 D    1 -2  1  1  0  0  1  0  0 -2 -1 -1 -1  0  0  2  0  0 -3 -1   12   3   6   7   2   4   9   8   2   2   5   3   1   4   4  15   7   1   1   5  0.11 0.10
  146 H    0 -1  1  3 -1  1  1  1  2 -2 -2 -1 -1 -1 -1  0  0 -3 -1 -1    6   3   5  15   2   5  11  10   5   2   5   4   1   2   3   6   5   0   2   6  0.13 0.10
  147 N   -2  0  4  0  0 -1 -1  0  1 -2  0 -1 -1 -1  0  1  0 -1 -2  0    3   6  19   6   2   2   3   7   4   2   9   4   1   2   4  12   5   1   1   6  0.19 0.16
  148 M    0 -1  0 -2  6  1 -3  0 -1 -1 -1 -2  0 -2  0  2  0 -1 -4  0    8   3   5   2  14   7   2   6   1   4   5   3   3   2   4  18   5   1   1   7  0.31 0.24
  149 Y   -3 -3 -6 -6 -2 -5 -3 -5  1  2  2 -6 -1  3 -2 -3 -2  3  5  3    2   1   0   0   1   0   2   1   3  10  19   0   1   9   2   2   3   4  18  20  0.74 0.43
  150 L   -3 -4 -5 -8 -1 -7 -7 -5 -7  2  6 -5  2 -1 -4 -7 -4 -7 -6  1    2   1   1   0   1   0   0   1   0   8  67   1   4   2   1   0   1   0   0   8  1.47 0.75
  151 A    6 -6 -4 -3  2 -4 -3 -1 -6 -2 -3 -6 -6 -6 -4 -3 -2 -2 -2  2   58   0   1   2   4   1   2   5   0   2   3   0   0   0   1   2   3   1   2  14  1.23 0.71
  152 Y   -3 -4 -4 -2  6 -5 -6 -3 -1 -1  1 -6  0  5 -3 -4 -3 -2  6 -1    3   1   1   2  14   0   1   2   1   4  13   0   2  21   1   1   2   1  25   4  1.10 0.57
  153 P   -2 -3 -2 -3 -6 -3 -4 -4 -6 -4 -4 -3 -1 -6  8  0 -3 -6 -6 -2    4   2   3   2   0   2   1   2   0   1   2   2   1   0  65   8   2   0   0   3  1.81 0.91
  154 S    2 -1 -1 -1  2 -1 -2  4 -2 -4 -3 -3 -2 -2 -4  3 -1 -2 -1 -2   13   3   2   3   4   3   3  27   1   1   3   2   1   2   1  22   4   1   2   3  0.48 0.35
  155 P   -1  1  1 -2 -4 -1 -2 -1  0 -2 -1  1  0 -1  3  2  0  1 -1 -1    4   7   6   2   0   3   2   5   2   3   7   9   2   3  15  18   4   2   2   3  0.22 0.20
  156 P    0  0  0 -1 -2  3  0  1  1 -2 -2  0  0 -1  2  1  1 -4 -2 -1    7   4   4   3   1  13   5  10   3   3   4   5   2   3  10   9   9   0   1   5  0.14 0.15
  157 K    0  1  0 -1 -2  0 -1  1 -1 -2 -1  3 -2 -2  2  0  0 -4 -1 -2    8   8   4   3   1   4   4  10   1   3   7  20   1   2   9   5   6   0   3   3  0.18 0.17
  158 F    0  0  0 -1 -1  1 -1  1  0  0  0  0 -1 -2  0  0  1  0  0  1    5   4   5   3   1   7   4  12   2   5   7   6   1   1   5   8   8   2   3  10  0.05 0.08
  159 I   -1 -1 -2 -3 -3  0 -1  3  1  1 -1 -1 -2 -3 -1 -1  0 -4 -2  2    5   4   1   1   1   5   3  26   3   9   5   4   1   1   3   5   5   0   1  16  0.28 0.22
  160 N    0  1  2  0 -1  0  1  0  1  0 -1 -1 -2 -3 -2  1  1 -2 -2  1    6   8  10   5   2   3   9   9   4   5   5   4   0   0   2  10   8   1   1  10  0.10 0.12
  161 S    0  0 -1 -3 -2  2 -2  0  0  1  0 -1  0 -2 -2  1 -1 -1  0  3    6   4   3   2   1  10   2   6   2   8   7   3   2   2   2  11   3   1   4  22  0.19 0.19
  162 D   -1  0  0  1 -3  2  1  1  2  0  0 -1 -2 -1 -1 -1 -1 -2 -1  1    3   4   5   9   0  10   9  10   5   6   9   3   1   2   2   4   4   1   2  11  0.10 0.13
  163 I   -1  1 -2 -3 -2 -1 -2 -3  1  4  2 -3  0 -1 -2 -2 -2 -5 -2  3    5   7   2   1   1   3   3   2   4  22  17   1   2   3   2   4   2   0   1  18  0.37 0.26
  164 K   -1 -1  1  0 -1  0 -1 -2  1  1 -2  0 -1  2 -2 -1 -2 -2  4  1    5   4   7   5   1   4   3   3   3   7   4   7   2  10   2   5   2   0  14  12  0.18 0.17
  165 S    0 -1  1  4 -1  0  0  0 -1 -2 -1 -1 -1 -2 -3  1 -1 -1 -2  0    8   3   6  22   2   4   6   6   2   2   6   4   1   2   1  10   4   1   2   8  0.21 0.19
  166 N    0 -2  1  0 -1 -1 -1 -1  4  0  1 -1  0 -2 -1  0  0 -1 -1  0    8   2   7   7   2   2   3   6  10   5  15   3   2   1   4   8   6   1   1   8  0.11 0.12
  167 L    0  0  0  0 -1  0  0 -1  0  0  1  0  0  1 -1  0  0 -2  1  0    6   5   5   5   1   3   5   4   2   7  13   7   3   9   2   7   4   0   4   9  0.02 0.04
  168 T    0  0  0  0  2  0  0  0  1  0 -1  0  1  0  1  0  0 -3 -1  0    6   6   5   6   5   5   6   6   5   6   6   6   5   5   6   6   6   0   0   6  0.03 0.07
  169 T   -1  0  0  0  2  0  0 -1  2  0 -1  0  2  1  0 -1  0  4  1 -1    5   5   5   5   5   5   5   5   5   5   5   5   5   5   5   5   5   5   5   5  0.09 0.08
  170 N   -1  0  3  1  0  1  0 -1  1 -1 -2  2  0 -1 -1  0  0  1  0 -2    5   5  14   7   2   7   5   6   3   3   3  11   2   3   3   6   6   2   3   3  0.17 0.15
  171 N    1 -1  3  1  0 -1 -1 -1  1  0 -2 -1  0  0  0  1  1 -5 -1 -1   11   3  11   8   2   3   5   5   3   5   4   4   2   4   4  10   8   0   3   5  0.11 0.12
  172 I   -2 -2 -1 -3 -1 -2 -3 -1  0  4  1 -1  2 -1 -2 -1  1 -6 -2  2    4   3   3   2   1   2   2   6   2  19  15   4   5   3   3   5   7   0   2  13  0.28 0.18
  173 S    0  1  2 -2  2  0 -1 -2  0  0 -1  0  1 -2  1  1  1  0 -2 -1    7   7  10   3   5   4   5   4   2   5   6   6   3   2   6  12   8   1   2   4  0.11 0.12
  174 I    2 -2 -2 -3  0  0 -1 -3  1  2  1 -2  2  0 -1  1  0 -1 -1  1   14   2   2   1   2   5   4   2   4  12  12   2   4   3   4   9   6   1   2   9  0.16 0.14
  175 A    1 -2 -1 -3  2 -3 -2 -2  5  4  0 -1 -1 -1 -2  1 -2 -1  0  0   10   2   3   2   3   2   2   4  11  22   8   4   2   2   3   9   3   1   3   6  0.38 0.24
  176 S    0 -1  1  1  0  0  1 -1  1 -1 -2  0  0 -6  2  2  0 -6 -1 -1    9   3   7   9   2   4  10   4   3   4   4   5   2   0   9  12   5   0   2   4  0.16 0.17
  177 S    3 -1  0 -1  0 -3 -2  0  0 -1 -2 -2  0  0  1  2  1 -2 -1 -2   25   3   5   3   2   1   3   6   2   3   4   3   2   4   7  13   8   1   2   3  0.27 0.24
  178 S   -1  0 -1  0 -2 -3 -2 -1  7  1 -1 -1 -3  1 -1  1  0 -2 -1 -1    6   5   3   6   1   1   3   4  21   8   6   4   1   6   4   9   5   1   2   4  0.45 0.29
  179 S   -1  0  0  1 -1  1  0 -1  0  1  1  0  0 -1  1  1  0  0 -3 -1    5   5   4   9   1   6   6   5   2   8  12   4   2   2   6  11   5   2   1   4  0.06 0.08
  180 S    3 -2  0 -2 -1  0 -3 -3  0  2 -2 -2 -2 -2 -2  4  0 -7 -7 -1   19   2   4   2   1   4   2   3   2   9   4   2   1   2   3  28   6   0   0   4  0.47 0.37
  181 Q    0  0  1 -1  2  1 -2 -2  6 -2 -2 -1 -1 -2  2  1 -1 -2 -3 -1    8   4   7   3   4   6   3   4  15   3   4   4   2   2  11   9   4   1   1   4  0.33 0.26
  182 V    2 -2 -1 -1  0 -1 -3 -2  0  2  2 -1  0 -1 -2  0  0 -6 -2  0   15   2   3   4   2   3   2   3   3  12  19   4   3   2   2   7   6   0   1   7  0.19 0.15
  183 E    3 -3 -2 -2 -1 -1 -3 -1  5 -2 -2 -2  0 -3 -2  3 -1 -3 -3 -1   23   2   2   2   1   3   2   5  14   3   5   2   2   1   2  18   5   1   1   4  0.52 0.38
  184 P    2 -3 -1  0  2  0 -2 -2 -1  0  1 -1 -1 -3  3 -1  0 -6 -1 -1   17   2   3   6   4   4   2   3   1   5  11   4   1   1  15   5   7   0   2   5  0.24 0.21
  185 P    0 -3  1 -3 -1 -2 -3 -2  0  1  0 -1  0  0  4  1  1 -5 -5  0    7   1   7   1   2   2   2   3   2   9   8   4   2   4  18  12   9   0   0   7  0.31 0.24
  186 L    1 -1 -1 -1 -2  1  0 -1  0  0  1 -1  0 -2  1  1  0 -4 -1  0   13   4   3   3   1   7   5   5   3   4  13   4   2   2   8  10   5   0   2   7  0.09 0.10
  187 N    1 -2  1  0 -1 -1 -2 -1  0  1  2 -1 -1  0 -1  0  0 -4 -2  0   10   2   7   5   1   3   3   4   2   7  20   5   1   4   3   8   6   0   1   6  0.10 0.09
  188 P    3 -1  0 -2 -1  0 -3  1 -2 -1 -1 -2 -2  0  1  2  0 -2 -1  0   19   4   4   2   1   4   2   9   1   4   6   3   1   3   8  14   6   1   2   6  0.18 0.17
  189 Q    1 -1  0 -1  4  2 -1 -1 -1  0 -1  0 -1  0 -1  1  1 -2 -2 -1   12   3   4   3   9   8   3   5   2   6   6   7   1   3   3  10   7   1   1   5  0.15 0.13
  190 Q   -1 -1  0 -1 -1  1 -2 -1  0  0  2 -1  4 -1 -2 -1  0 -1 -2 -1    6   4   5   4   1   6   3   5   3   5  21   4  10   3   2   5   6   1   1   5  0.20 0.15
  191 R    2  0 -2 -2 -1 -1 -2  1 -2  1  0 -1 -1  0 -2  1  1  0 -3  0   16   5   2   2   1   3   3  10   1   8  10   3   1   4   2  10   9   2   1   6  0.13 0.12
  192 S    1 -1  0  0 -1 -1 -2 -3 -2 -1  1 -1  1  3  0  0  1 -1 -2 -2   12   3   5   5   2   3   2   2   1   3  14   3   4  12   5   8   9   1   1   3  0.17 0.14
  193 N    0 -1  6  1 -3 -3 -3 -4  0 -2 -2 -1 -1 -2  1  0  2 -7 -3 -2    7   3  30   8   1   1   2   1   2   2   5   5   1   2   6   8  11   0   1   3  0.60 0.41
  194 F    1 -1  2  0 -2  0 -3 -1  1  0 -1 -1  0  0  0  2  0 -1  1 -1   10   4   8   4   1   5   1   4   4   6   7   4   3   3   5  15   5   1   4   5  0.11 0.12
  195 S    1 -2  0  3 -2  0  1  0 -2 -2 -2 -2 -2 -3 -1  3  1 -7 -4 -2   11   2   5  15   1   4   8   7   1   3   5   2   1   1   3  19   8   0   1   3  0.30 0.27
  196 G    1 -2 -1  0 -4 -2 -1  5 -3 -2 -2  0 -2 -4 -1 -2 -1 -7 -4 -3   10   3   4   5   1   2   5  40   1   2   5   6   1   1   3   4   4   0   1   3  0.64 0.41
  197 N   -4 -2  3  0 -6 -1 -2  1  0 -1  0 -1 -2 -3 -2  2  4 -7 -3 -1    2   3  12   5   0   3   3  10   2   4   8   3   1   1   2  15  20   0   1   4  0.37 0.30
  198 T   -1  0  0  0  2  0  0 -1  2  0 -1  0  2  1  0 -1  0  4  1 -1    5   5   5   5   5   5   5   5   5   5   5   5   5   5   5   5   5   5   5   5  0.09 0.08
  199 L    1 -1 -1  0 -1  0 -2 -1  1  1  2 -1  0  0 -2  0 -2  0 -1  0   10   4   3   6   1   4   3   4   4   9  22   5   2   3   2   7   2   2   2   5  0.12 0.10
  200 E    2 -1  0 -1 -1 -1  0  1  1  0 -1  0 -1 -1 -2  1  1  0 -1  0   16   3   5   4   2   3   6   9   3   6   7   6   2   3   2   9   7   2   2   6  0.07 0.08
  201 T    1  0 -1 -2  0 -1  0 -1  0  1 -2 -2 -1 -2 -3  1  4 -7 -1 -1   10   4   3   3   2   3   7   5   2   8   5   2   2   2   2   9  25   0   2   5  0.30 0.26
  202 I    2 -2 -1 -1 -1  0 -2 -3  0  2  1 -1  2  0 -2  1 -1 -6 -1  0   16   2   3   3   1   4   3   2   3  12  12   3   4   4   2  12   4   0   2   6  0.18 0.15
  203 Q    1 -1  2 -1 -1  1 -1 -2 -1  0 -1 -1 -1  1 -2  3  0  0  1 -1    9   3   8   3   1   5   3   4   1   5   6   5   1   5   2  19   6   1   4   5  0.15 0.16
  204 D    1  1  1  1 -2 -1  1 -3  1 -1 -2  0  0 -1 -1  1  0 -5  0 -1   12   8   7   8   1   3   8   2   4   3   5   6   2   3   3  12   6   0   3   4  0.13 0.13
  205 G   -1  0 -1  0 -6  0  0  2 -1 -1 -3  2 -2 -2 -1  1  2 -6 -6 -1    5   5   2   6   0   4   5  17   2   4   3  12   1   2   3  11  12   0   0   5  0.24 0.21
  206 K    0 -2  0 -2 -2  1 -1  3  0 -2 -1  1 -1 -1 -1  1  1 -4 -2 -1    7   2   5   2   1   6   4  22   2   3   6   8   2   3   3   8  10   0   1   5  0.18 0.18
  207 S    0 -1  1  0 -1  0 -2 -1 -1  0 -1 -1 -1 -2 -1  2  3 -5 -1 -1    8   3   6   4   1   5   2   4   2   6   6   4   1   1   4  18  18   0   2   4  0.20 0.23
  208 Y   -1  0 -1 -1  1  0 -1  0  1  1  0 -1  1  0  0  0  0  2  0  1    4   5   3   4   3   3   4   9   4   9   9   3   3   3   5   6   6   3   4  10  0.03 0.03
  209 D    0  0  0  0  1  0 -1 -1  0  1  0  0  0 -1  0  0  0  1  0  0    8   6   6   5   3   3   4   4   3  11  11   6   3   3   4   6   5   2   3   4  0.02 0.03
  210 G    1  2 -1 -2  0 -1 -2  1 -1 -1  0  0  0 -2 -2  1  1 -6 -1  0   12  12   3   3   2   2   2  12   2   4  10   6   2   2   2   9   7   0   2   7  0.13 0.13
  211 S   -1  0  0  0  2  0  0 -1  2  0 -1  0  2  1  0 -1  0  4  1 -1    5   5   5   5   5   5   5   5   5   5   5   5   5   5   5   5   5   5   5   5  0.09 0.08
  212 N    0 -1  0  1  0  0 -1 -1  1  1 -1 -1  0  2 -1  0 -1  1  0  1    6   4   5   8   2   4   4   4   4   8   4   4   3  10   4   9   4   2   3   9  0.07 0.07
  213 N   -1 -2  2  0  0 -1  0 -1  0  0  0 -2  1  0 -1  1  0  1  1  0    5   2  10   4   2   3   7   5   2   5  10   3   3   4   3  13   6   2   5   6  0.07 0.09
  214 S    0 -2 -1 -1  0 -2 -3 -3 -6  0  0 -2  0 -1  2  3  2 -7 -1  1    7   2   3   3   2   2   2   2   0   5  10   3   2   3  11  20  11   0   3  10  0.28 0.26
  215 N   -2  2  1  1 -5  0  0 -1  0  0  0 -1  0 -1  1  0  1  0 -1  0    4  10   6   7   0   4   5   4   3   6   8   4   3   3   6   8  10   1   2   6  0.08 0.09
  216 N    0  1  2  3  0 -1  0  0  1 -3 -2  1 -1 -1 -2 -1  0 -5 -2 -1    9   8  11  17   2   2   5   7   3   1   4  10   1   2   2   5   6   0   2   4  0.20 0.19
  217 G    0  0  0  0 -3  0  0  0  2  0 -1  0 -1  0  1  0  0  3  1  0    6   6   5   6   0   5   6   6   5   6   6   6   0   5   6   6   6   5   5   6  0.06 0.08
  218 N    0  0  1  0  1  0  0  0  1  0  0  0  0  0  0  0  0 -2  0  0    4   6   7   5   4   4   5   7   4   5   9   6   3   3   4   7   8   0   3   5  0.02 0.03
  219 N    0  0  1  0 -3  1  1 -1  1 -1  0  1  0 -3  1  0  0 -3 -1  0    7   5   6   4   0   5   8   4   5   3  11   9   2   0   8   8   5   0   2   6  0.08 0.10
  220 N   -1 -1  0 -1  0 -1 -2 -1  3 -1  1 -2  0  0  0  0  0  0  3  0    6   3   5   4   2   2   2   5   9   4  13   2   2   4   5   9   6   1  10   6  0.10 0.13
  221 N    1  0  0  0 -1  0  0 -1  0  0 -1  0 -1  0 -1  1  0  0  0  0   15   4   5   5   1   4   6   3   2   6   6   5   1   3   3   9   6   1   3   9  0.04 0.07
  222 N   -1 -1  2 -1  0  1  1 -1  0 -1 -1  0  0  2 -2  1  1 -1 -1 -1    5   3  11   2   2   7  10   5   3   3   6   4   2  11   1  11   8   1   1   5  0.12 0.16
  223 N    0  1  1  0  0 -1  0 -1  1  1 -1 -1 -2  2 -2  0  0  0  0 -1    6  10   8   4   2   2   6   5   4  10   5   3   0   9   2   9   6   2   3   4  0.06 0.11
  224 N    0  3  0  0 -1 -1 -1 -2  0  0  1  0 -2 -1 -2  1  0 -1  0 -1    7  19   5   5   2   3   3   2   2   7  14   5   0   2   2  11   5   1   3   4  0.14 0.18
  225 N    0  2  1  0  0 -1 -1  1 -1  0 -2  0  0 -2  0  1  0 -1 -3  0    7  14   6   4   2   3   2  10   2   6   3   4   3   2   4  14   7   1   0   7  0.10 0.14
  226 N    0  0  0  0  0  0  0  0  1  0  0  0  0  0  0  0  0 -2  0  0    7   6   4   4   3   4   5   9   4   8   7   5   3   4   4   7   5   0   5   6  0.01 0.00
  227 N    0  0  0  0  2  0  0 -1  1  0 -1  0  1  0  0  0  0 -2  1  0    5   5   5   5   5   5   5   5   5   5   5   5   5   5   5   5   5   0   5   5  0.03 0.05
  228 N   -1  0  0  0  2  0  0 -1  2  0 -1  0  2  1  0 -1  0  3  1 -1    5   5   5   5   5   5   5   5   5   5   5   5   5   5   5   5   5   5   5   5  0.08 0.08
  229 N    0  2  1  0  1  0 -1 -1  1 -1 -1  0  0  0  0  1  0 -5  0 -1    7  10   7   6   3   4   3   4   4   4   5   5   3   3   5  12   4   0   3   5  0.08 0.10
  230 N    0  0  0  0  2  0  0 -1  1  0 -1  0  1  0  0  0  0 -2  1  0    5   5   5   5   5   5   5   5   5   5   5   5   5   5   5   5   5   0   5   5 -0.00 0.06
  231 N    0 -1  0  0  0  0 -1  0  1  0  0 -1  1  1  0  0  0  1  0 -1    7   4   4   4   2   4   4   7   4   7   8   3   4   7   5   8   5   2   3   3 -0.01 0.04
  232 N    0  0  0 -1  1  0 -1 -1  0  1 -1 -1  1 -1  0  1  1 -4  1  0    6   4   5   4   3   4   3   4   3   9   5   3   3   3   4  11  10   0   5   6  0.02 0.10
  233 N   -1 -1  1 -1  1  0  0 -2  1  2 -1 -1  2  0  1  0 -1  2  0  0    6   3   7   4   3   4   7   3   3  11   6   4   5   3   6   9   3   3   3   5  0.05 0.09
  234 N   -1  0  0  0  2  0  0 -1  2  0 -1  0  2  1  0 -1  0  4  1 -1    5   5   5   5   5   5   5   5   5   5   5   5   5   5   5   5   5   5   5   5  0.08 0.08
  235 N    0  0  0  0  2  0  0 -1  1  0 -1  0  1  0  0  0  0 -2  1  0    5   5   5   5   5   5   5   5   5   5   5   5   5   5   5   5   5   0   5   5  0.03 0.05
  236 N    1 -1  0 -1  2  0 -1 -1  1  0 -1 -1  0  1 -1  1  0  2  2 -1   12   3   4   3   4   3   4   5   4   5   7   3   3   5   3  10   6   3   8   5  0.09 0.09
  237 N   -1  0  0  0  2  0  0 -1  2  0 -1  0  2  1  0 -1  0  4  1 -1    5   5   5   5   5   5   5   5   5   5   5   5   5   5   5   5   5   5   5   5  0.08 0.08
  238 N    0 -1  3  0 -1 -1 -2 -1  0 -2 -1 -1  0  3 -1  2  1  0 -2 -3    7   3  12   5   1   3   3   6   2   3   7   4   2  10   3  14  10   1   2   2  0.20 0.19
  239 N   -1  0  2  0  1  0 -1  0  1 -1 -1 -1  0  0  0  1  0  0 -1 -1    6   4  10   5   3   4   4   7   3   3   7   3   2   4   6  12   6   1   2   4  0.07 0.09
  240 N   -1  2  3  1  0  0  0  0  1 -1 -2 -1  0 -2 -1  1  0 -5  0 -2    5  10  12   7   2   4   5   9   3   5   5   4   2   2   3   9   7   0   4   3  0.12 0.13
  241 N    0  0  0  0  1  1  0 -1  0  0  0  0  1  0 -1  0  1  2  0  0    7   5   4   5   3   6   5   4   3   5   9   4   3   3   3   8  10   3   3   6  0.03 0.04
  242 N   -1  0  0  0  2  0  0 -1  2  0 -1  0  2  1  0 -1  0  4  1 -1    5   5   5   5   5   5   5   5   5   5   5   5   5   5   5   5   5   5   5   5  0.08 0.08
  243 N    0 -1  1 -1  2  0  0 -1  1  0  0 -1  0 -1  0  0  1  1  1 -1    7   3   9   3   4   4   4   5   4   4   9   4   3   3   4   8   8   2   5   5  0.03 0.06
  244 S    0  1  0 -1  1  0  0 -1  1  0  0  0  0  0  1  0  0 -2  0  0    7   8   6   3   3   4   3   4   4   6  12   5   3   5   7   7   5   0   4   5  0.02 0.03
  245 N    0  0  0  0  2  0  0 -1  1  0 -1  0  1  0  0  0  0 -2  1  0    5   5   5   5   5   5   5   5   5   5   5   5   5   5   5   5   5   0   5   5  0.03 0.05
  246 N    0  0  1 -1  0  0 -1  0  3 -1 -1 -1 -1 -1  1  1  0  0 -1 -1    8   5   6   4   2   4   3   7   7   4   7   4   2   3   8  11   7   1   2   5  0.09 0.10
  247 E    0  0  0  1  1  1  1  0  1 -1 -2  0 -1 -1  0  1  1 -3  0  0    6   4   4   7   4   7   8   8   4   4   4   5   2   3   4  11   8   0   3   6  0.06 0.09
  248 E    0 -1  0 -1  1  0  0 -1  2  1  0  0  0  0  1  0  0  2  0  0    6   3   4   4   3   5   5   4   5   8  10   4   3   4   8   7   6   2   4   5  0.04 0.05
  249 N    0  0  0  0  2  0  0 -1  1  0 -1  0  1  0  0  0  0 -2  1  0    5   5   5   5   5   5   5   5   5   5   5   5   5   5   5   5   5   0   5   5  0.03 0.05
  250 S   -1  0  0  0  2  0  0 -1  2  0 -1  0  2  1  0 -1  0  4  1 -1    5   5   5   5   5   5   5   5   5   5   5   5   5   5   5   5   5   5   5   5  0.09 0.08
  251 N   -1 -1  2  1  2 -1 -1  1  1 -1 -1 -1  0 -2  0  2  0  1 -1 -1    5   4  10   7   4   3   4  10   3   4   6   3   2   2   5  14   7   2   2   4  0.11 0.13
  252 S    0 -1  0 -1  1  0  0 -1  1  0 -1 -1  1 -1  0  1  1  2  0  0    7   4   5   4   3   4   7   6   3   5   6   4   3   3   5  12   9   3   3   6  0.05 0.07
  253 K   -1  0  0  0  2  0  0 -1  2  0 -1  0  2  1  0 -1  0  4  1 -1    5   5   5   5   5   5   5   5   5   5   5   5   5   5   5   5   5   5   5   5  0.09 0.08
  254 S    0  0  0  0  0 -1 -1  1  2  0 -1 -2 -2 -1  2  2 -1 -6 -1  0    8   4   4   5   2   2   4   9   5   5   5   2   1   2  10  16   4   0   2   7  0.14 0.15
  255 F    0  0  0 -1  1 -1 -1 -2  3  2  0  0 -1  2  0  0 -1  0  0  0    8   5   4   3   3   3   3   3   7  10  10   5   2   9   4   6   4   1   3   7  0.08 0.07
  256 Q    0  0 -1 -1  1  1 -1  2  0  0 -2 -1 -1  1  2  1  1 -1 -1 -2    6   5   3   3   3   6   4  15   2   5   5   4   2   5   9  10   7   1   2   3  0.11 0.12
  257 Q   -1  0  1 -2  0  2 -1 -1  1  0  1 -2  1  0  1  0  0 -5  0  0    6   5   8   3   2   9   4   4   3   4  15   2   3   3   7   7   5   0   3   8  0.10 0.11
  258 T   -1 -1  0 -2  5  0 -1 -1  0  1  1 -1  0  1 -2  1  0  0  0 -1    5   4   4   2  10   5   4   5   2   7  12   3   2   6   2  12   6   1   3   5  0.16 0.13
  259 G    1  0  1  0  1 -1 -1  1  3 -2 -1 -1 -1 -1 -2  2 -1  0  0 -1   13   4   7   5   2   3   5  11   6   2   7   4   2   2   2  13   3   1   3   4  0.13 0.13
  260 I    0  0  0 -1  1  0 -1 -1  0  0  0  0  1  0  1  0  0  2  0  1    8   4   4   4   3   4   4   4   3   5  11   5   3   3   8   7   5   3   3   9  0.04 0.04
  261 T   -1  0  0  0  2  0  0 -1  2  0 -1  0  2  1  0 -1  0  4  1 -1    5   5   5   5   5   5   5   5   5   5   5   5   5   5   5   5   5   5   5   5  0.09 0.08
  262 G   -1  0  0  0  2  0  0 -1  2  0 -1  0  2  1  0 -1  0  4  1 -1    5   5   5   5   5   5   5   5   5   5   5   5   5   5   5   5   5   5   5   5  0.09 0.08
  263 S    0 -1  0 -1  2  0 -1  0  1 -1 -2  1  0 -2  1  2  0  1 -1 -1    7   4   4   4   4   4   5   9   3   4   4   7   2   2   8  15   6   2   3   5  0.11 0.13
  264 S   -1  0  0  0  2  0  0 -1  2  0 -1  0  2  1  0 -1  0  4  1 -1    5   5   5   5   5   5   5   5   5   5   5   5   5   5   5   5   5   5   5   5  0.09 0.08
  265 N   -1 -1  3  1 -5  0  0 -2  1 -1 -1  0  0  0 -1  0  1  2  0 -1    6   3  12   9   0   5   7   4   3   4   6   5   3   4   3   8   9   3   3   5  0.12 0.13
  266 S   -1  0  0  0  2  0  0 -1  2  0 -1  0  2  1  0 -1  0  4  1 -1    5   5   5   5   5   5   5   5   5   5   5   5   5   5   5   5   5   5   5   5  0.09 0.08
  267 T   -1  0  0  0  2  0  0 -1  2  0 -1  0  2  1  0 -1  0  4  1 -1    5   5   5   5   5   5   5   5   5   5   5   5   5   5   5   5   5   5   5   5  0.09 0.08
  268 I    1 -2 -1 -1  0 -1 -2 -1 -1  0  0 -2  0 -1  1  3 -1  0 -1  2   11   2   3   3   2   3   2   5   2   6   9   2   2   3   7  18   4   1   2  12  0.15 0.15
  269 M    0 -1  0 -1  0 -1  0  0  1  0  1 -1  1  0  0  0  0 -3  0  0   10   2   4   3   2   2   5   7   4   4  17   3   3   5   4   9   6   0   3   6  0.03 0.06
  270 K    0  1  0 -1 -6  2  0 -1  1 -1 -2  2  1 -1 -1  1  1  2 -5 -1    8   8   5   4   0   8   7   4   3   3   4  11   3   3   4  11   8   3   0   4  0.16 0.16
  271 N   -1  0  0  0  2  0  0 -1  2  0 -1  0  2  1  0 -1  0  4  1 -1    5   5   5   5   5   5   5   5   5   5   5   5   5   5   5   5   5   5   5   5  0.09 0.08
  272 G    0  0  1  0 -2  1  0  0 -1 -2 -1  0 -1  1  1  0  0 -2  1 -1    7   7   7   7   0   7   7   7   0   0   7   7   0   6   7   7   7   0   6   7  0.06 0.08
  273 D   -2 -2  3  2  1  1  1 -2  3 -2 -1 -2  0 -1 -1  0  0  2 -1 -1    4   3  15  11   2   5   8   3   7   3   7   3   3   3   3   6   5   3   3   4  0.23 0.16
  274 V    0 -2 -2 -2  3 -2 -2 -2 -2  1  0  0  2  1  1  0  1 -2  2  1    8   0   0   0   8   0   0   1   0   8   8   8   8   8   8   8   8   0   8   8  0.12 0.12
  275 I   -1  0  0  0  2  0  0 -1  2  0 -1  0  2  1  0 -1  0  4  1 -1    5   5   5   5   5   5   5   5   5   5   5   5   5   5   5   5   5   5   5   5  0.09 0.08
  276 L   -1 -1 -1 -5  1 -4 -2 -5 -4  3  1 -4  1  0 -1 -1 -1  2  0  3    3   4   4   0   3   0   4   0   0  19  15   0   3   4   3   4   4   3   3  22  0.38 0.28
  277 F   -1  0  0  0  2  0  0 -1  2  0 -1  0  1  0 -3  0  0  3  1  0    5   5   5   5   5   5   5   5   5   5   5   5   5   5   0   5   5   5   5   5  0.06 0.10
  278 D   -1  0  1  4  1 -3  2 -1  1 -4 -2  0 -4 -4  0  0 -1 -5  0 -2    4   6   7  28   3   0  13   4   4   0   4   4   0   0   4   7   4   0   3   4  0.42 0.32
  279 L    0  0  0  0  2  0  0 -1  1  0 -1  0  1  0  0  0  0 -2  1  0    5   5   5   5   5   5   5   5   5   5   5   5   5   5   5   5   5   0   5   5  0.03 0.05
  280 Q   -1  0  0  0  2  0  0 -1  2  0 -1  0  2  1  0 -1  0  4  1 -1    5   5   5   5   5   5   5   5   5   5   5   5   5   5   5   5   5   5   5   5  0.09 0.08
  281 T    0  0  1  0  2  1  0  0  1  0 -1  0  1 -2  1  0  0 -3 -2  0    6   6   6   6   6   6   6   6   6   6   6   6   6   0   6   6   6   0   0   6  0.06 0.09
  282 L    0 -1 -2 -1  0  0 -1 -1 -1  0  3 -1  2 -1 -2 -1  0 -2 -2 -1    7   3   1   3   2   4   3   5   1   4  37   3   5   2   2   4   6   1   1   4  0.23 0.20
  283 Q   -1  3  1  0  0  3  1 -2  2 -3 -3  3 -3 -4 -2  0  0 -4 -3 -3    5  13   6   6   2  12   9   2   5   2   2  17   1   1   2   7   6   0   1   2  0.33 0.25
  284 P    1  0  0 -2 -1  0 -1 -2 -1 -2 -2  1  0 -3  4  0  0 -2 -3  1   12   5   4   2   1   5   3   2   2   1   4   8   3   1  22   8   7   0   0  11  0.30 0.24
  285 T    0 -1 -2 -2 -3 -1 -2 -2  0  1  1 -1  1  0  0  0  1 -1 -1  2    6   3   1   1   0   2   3   3   2   7  15   4   3   4   5   5  12   1   2  21  0.13 0.14
  286 M    0  1  3 -2  3 -1 -2 -1  1  0 -1  1 -1 -2 -2  1  1  0 -2  0    5   8  14   1   7   2   1   3   3   6   4   8   2   1   1  13  10   1   1   8  0.17 0.17
  287 V   -1 -2 -1 -1 -1  0  0 -3 -2  2  0 -1  1  1 -2  1  1 -1 -1  2    4   2   2   2   1   5   7   1   1  15   7   3   4   5   1  12  11   1   1  15  0.13 0.15
  288 I   -3 -4 -3 -5 -1 -4 -4 -5 -4  6  0 -3 -1  3  0 -3 -1 -4 -1  2    2   1   2   1   1   0   1   1   0  47   9   2   1  11   5   1   3   0   2  11  0.84 0.44
  289 E    0  2  1  1 -2  2  1 -2  1 -2 -2  1 -1 -3  2  1 -1 -4 -2 -2    8  11   8   6   1  10   8   2   3   2   2  10   2   1  11   9   3   0   1   3  0.24 0.19
  290 A    6 -2 -4 -4  2 -4 -4 -2 -5 -3 -3 -4  0 -5 -3 -1 -1 -5 -5 -1   73   2   0   1   3   0   1   2   0   1   2   0   2   0   1   3   4   0   0   4  1.31 0.68
  291 H   -4 -2 -4 -2 -3 -2 -3 -2 11 -6 -6 -2 -6 -3 -4 -2 -4 -6 -1 -6    1   2   0   2   1   1   2   3  76   0   1   2   0   1   1   3   1   0   2   0  2.78 1.08
  292 K   -1  2  1  3 -3  2  2 -3  0 -3 -3  3 -4 -5 -1  0 -1 -5 -3 -3    4  11   7  16   1   9  14   2   2   1   2  17   0   0   3   5   4   0   1   2  0.41 0.30
  293 G    1 -2  1 -2 -2 -2 -3  1  2 -2 -4 -2 -3 -5 -3  5  2 -2 -4 -3   10   1   7   2   1   1   1  11   4   2   1   1   1   0   1  44  11   1   0   1  0.70 0.47
  294 P    1  1  0  0 -4 -1  0 -3  1 -3 -3 -1 -2 -5  6  0 -1 -5 -3 -3   14   7   4   4   0   3   7   2   3   1   2   4   1   0  36   6   4   0   1   2  0.69 0.41
  295 I   -3 -3 -2 -5 -2 -4 -5 -4 -5  5  4 -4  0 -2 -2 -3 -2 -4 -4  2    2   1   3   0   1   0   1   2   0  29  38   0   1   1   2   2   2   0   0  14  0.78 0.41
  296 A    4  0 -1 -2  0  0 -2 -1 -1 -3 -2 -2  0 -2 -3  2  0 -4 -1 -1   36   6   2   2   2   4   2   4   1   1   4   2   2   2   1  18   6   0   2   4  0.37 0.31
  297 A    3 -1  0 -4  6 -1 -3 -2 -1 -1 -2 -1 -1 -2 -4  1  0 -4 -1 -1   28   4   4   0  20   3   1   2   1   4   4   3   1   2   0  11   5   0   2   4  0.52 0.35
  298 L   -2 -4 -5 -5  1 -2 -2 -5 -5  4  4 -4  4  2 -5 -2 -2 -4 -3  1    2   0   0   0   2   2   2   0   0  22  35   0  11   7   0   3   1   0   0   9  0.71 0.39
  299 T    4 -1 -1 -2  2 -1 -1 -1 -1 -1 -4 -1 -3 -4 -3  2  1 -4  0  0   35   3   2   2   5   3   3   4   1   3   1   4   0   0   0  15   9   0   4   6  0.39 0.32
  300 L   -2 -4 -2 -5 -1 -1 -5 -3 -4  2  3 -4  2  5 -5 -3 -2  2 -2  0    4   0   2   0   2   3   0   2   0  10  29   0   6  30   0   2   2   3   0   5  0.69 0.41
  301 S   -1 -2  5  1 -1 -3 -3  0  0 -5 -2 -3 -1 -1 -2  3  0 -5 -4 -4    4   2  33   8   2   0   0   7   2   0   4   0   2   3   2  26   5   0   0   0  0.70 0.48
  302 F    0  0  0 -1  0  1  0  0  2 -2 -2  0  0  0  3  1 -1  1  0 -2    7   5   5   3   2   6   4   7   5   3   4   6   3   4  13  12   4   2   3   2  0.13 0.14
  303 D   -1  0  1  3  0  1  0  0  0 -1 -2  0  0 -1 -1  1  0 -4 -1 -1    5   4   8  18   3   6   5   8   3   3   3   4   3   3   3  12   4   0   3   3  0.15 0.15
  304 G   -1 -1  0 -1  1 -4 -1  5  1 -5 -2 -1 -5 -5 -1  0 -1 -5 -5 -2    6   4   4   4   3   0   4  44   3   0   4   4   0   0   4   7   4   0   0   4  0.66 0.41
  305 S   -1  0  2  0 -3  0 -1 -2 -1 -2 -2  0 -1 -3 -2  3  4 -4 -1 -2    4   4   9   4   0   3   3   2   2   2   3   5   2   0   1  25  28   0   2   2  0.36 0.26
  306 L   -1  1 -1 -2 -1 -1 -1 -3 -1  0  2  0  2  0 -2  0 -1  1  0  0    4   7   3   1   1   2   2   1   1   5  30   8   8   4   1  11   3   2   4   3  0.12 0.11
  307 L   -1 -2 -1 -3  0 -2 -2 -3  0  1  3 -2  1  0  0 -1 -1 -2 -1  1    4   1   4   1   2   0   1   1   2   7  48   1   3   2   4   7   1   0   0  10  0.24 0.14
  308 A    4 -2  0 -2  2 -2 -2 -1 -2 -1 -1 -2 -1 -1  1  0  0 -3 -2  0   53   1   4   1   5   1   1   3   0   3   5   1   0   3   6   5   2   0   0   6  0.32 0.18
  309 T    0 -2 -1 -2  2 -1 -2 -2 -2  1  1 -1  0 -2 -2  1  4 -2 -2  1    7   1   1   1   5   1   1   1   0   6  12   1   0   1   1   9  41   0   1  12  0.24 0.13
  310 A    3 -2 -1 -2  1 -1 -2  1 -2  0 -1 -1 -1 -2 -2  2  1 -3 -2  0   35   1   0   1   4   0   1  13   0   8   5   1   0   0   1  16   7   0   0   7  0.20 0.11
  311 S    0 -2 -1  0 -2 -1 -1  0 -2 -2 -1 -1 -2  0  0  4  1 -3  0 -1    4   0   0   4   0   0   1   4   0   0   6   1   0   4   4  58   6   0   3   4  0.35 0.19
  312 E    0 -1  0  1 -1  0  3 -1  0 -1 -1  0  1 -2 -2  1  0 -3 -1  0    5   2   4   9   1   4  22   4   2   3   4   6   4   1   0  10   7   0   1  10  0.14 0.13
  313 K    0  0  0  0  2  1  0  0  2  0 -1  0  1 -2  1  0  0 -3  1  0    6   6   5   6   5   5   6   6   5   6   6   6   5   0   6   6   6   0   5   6  0.04 0.08
  314 G    0  1  1  1 -3 -1  0  4 -1 -3 -3  1 -2 -3 -2  0 -1 -3 -3 -3    6   7   6   6   0   0   6  43   0   1   1  14   0   0   1   6   1   0   0   1  0.40 0.11
  315 T   -1  1  1 -1  3 -1 -1 -2  2 -1 -2 -1 -1 -2 -2  1  4 -2  1  0    1   9   6   1   8   0   1   1   6   1   1   1   0   0   1   8  44   0   6   6  0.28 0.15
  316 I   -1 -1  0 -2  0 -1 -1 -2  0  1  1 -1  1  0  0 -1  0  4 -1  2    4   3   7   1   2   1   5   1   2  11  17   3   2   3   5   3   4   7   0  18  0.10 0.08
  317 I   -1 -3 -3 -3  1 -3 -3 -3 -3  4  1 -3  1  0  0 -2 -1 -3  0  3    4   1   1   1   3   1   1   1   0  41   6   1   3   4   6   1   1   0   3  24  0.42 0.21
  318 R   -1  5  0 -2  0  0 -1 -3  1 -3 -3  2 -2 -3  0 -1 -2  1 -2 -2    5  51   3   1   2   3   1   1   3   1   1  12   0   0   5   4   1   2   0   4  0.61 0.27
  319 V    0 -3  1  0  2 -2 -2 -1 -2  3  0 -2 -1 -1 -3 -2  0 -3  0  3    5   0   9   5   5   0   1   5   0  22   6   0   0   0   0   1   5   0   5  29  0.20 0.17
  320 F   -1 -3  0 -3 -3 -2 -3 -3  3  0  0 -3  1  5 -3 -1 -1  5  3  0    5   0   4   0   0   0   1   1  10   4   5   0   4  33   0   4   4   7  10   7  0.45 0.23
  321 N    0  0  3  3  0  0  0  0  0 -2 -2  0 -1 -4 -1  2  0 -4 -1 -2    5   4  15  18   2   4   3   5   2   2   3   4   1   0   3  21   5   0   2   2  0.29 0.23
  322 V    0 -2 -3 -4  0 -3 -3 -4 -4  1  0 -3  0 -1 -1  0  4 -4 -1  3    6   2   0   0   2   0   0   0   0   9  10   0   2   2   3   7  29   0   2  24  0.44 0.32
  323 E    0  1 -1 -1 -1  1  0 -2  0 -2 -2  0  0 -1  4  1  0 -1 -1 -2    6   8   3   3   1   7   5   2   2   2   4   5   3   3  24  14   4   1   1   3  0.31 0.22
  324 T   -2 -1  2  4 -5  1  0 -2  0 -4 -4 -1 -4 -5 -2  2  3  1 -3 -3    3   3  10  20   0   6   5   3   2   1   1   4   0   0   1  18  18   2   1   1  0.49 0.36
  325 G    1 -1 -3 -3  2 -1 -1  5 -2 -3 -2 -1 -2 -3 -3  1 -2 -5 -3 -4   10   4   1   1   5   2   4  46   1   1   4   4   1   1   1   9   2   0   1   1  0.70 0.41
  326 A    0  0  0  1  0  2  1 -1  1 -1 -1  0  0 -1 -1  0  1 -3  0 -1    9   5   4   7   3   9  11   3   4   4   4   6   3   3   3   7  10   0   3   5  0.08 0.11
  327 K   -1  2 -1 -1  1  0 -1 -4  1 -1  2  3  1 -1  0 -1 -1 -4  0 -1    4   9   3   3   4   5   3   0   3   3  19  20   4   3   5   3   3   0   3   3  0.20 0.22
  328 I   -2 -1 -4 -4  1 -1 -1 -5 -4  2  4 -1  1 -1 -4 -1 -1 -4 -1  1    4   3   0   0   3   3   4   1   0  10  44   3   4   3   0   4   3   0   3   9  0.50 0.34
  329 Y    0  0  0  0  2  0 -2  0  2  0 -1  0  1  1 -3  0  0  3  1  0    6   6   5   6   5   5   0   6   5   6   6   6   5   5   0   6   6   5   5   6  0.07 0.12
  330 Q   -1  0  0  0 -4  2  5 -1 -3 -1 -2  0 -3 -4 -4  1  0 -4  0 -1    4   4   5   4   0   7  37   4   0   4   4   4   0   0   0  10   5   0   4   4  0.45 0.36
  331 F   -3 -4 -4 -5  2 -4 -4 -2 -3  0  3 -4  1  6 -4 -1 -3  3  1  0    1   0   0   0   4   0   0   4   0   3  26   0   3  36   0   6   0   4   4   6  0.74 0.39
  332 R   -3  7 -4 -4  0  0 -2 -5  0 -3 -3  0 -1 -2 -1 -2 -2  0 -1 -2    2  62   0   0   2   3   2   0   2   2   3   3   2   2   3   2   2   2   2   3  1.22 0.60
  333 R   -4  7 -3  0  1 -2 -3 -4 -3 -4 -2  0 -4 -5 -4 -1 -3 -5 -4 -1    1  69   0   5   3   0   1   1   0   0   4   3   0   0   0   5   1   0   0   5  1.41 0.58
  334 G   -1 -4 -3 -2 -5 -4 -4  7  1 -5 -5 -4 -5 -5 -4 -1  0 -5 -5 -2    3   0   0   2   0   0   1  72   4   0   1   0   0   0   0   4   6   0   0   3  1.46 0.55
  335 T    0 -1 -1 -2 -1  0 -1 -1  0  0  0  1  1 -1  1  1  1 -3  0  1    9   3   1   0   1   3   2   3   2   3   8  10   5   3   6  14  12   0   3  13  0.09 0.12
  336 Y    0  0  0  0  2  0  0 -1  1  0 -1  0  1  0  0  0  0 -2  1  0    5   5   5   5   5   5   5   5   5   5   5   5   5   5   5   5   5   0   5   5  0.03 0.05
  337 P    0  1  1 -1  2  0  0 -1  1 -1 -2  0 -3  0  3  1  0 -4  0 -1    6   8   6   4   5   4   4   4   4   3   3   4   0   4  16  11   5   0   3   4  0.18 0.19
  338 T    4 -4 -1  0  3 -3 -2 -1 -4 -1 -2 -1 -3 -4 -4  1  1 -5  0  1   41   0   3   4   6   0   3   3   0   3   4   3   0   0   0   9   8   0   3   8  0.49 0.39
  339 E    0  1  1  0  0  1  0 -2  0 -1 -2  0  0 -1 -1  1  2 -4 -1 -1    8  10   6   5   2   5   6   2   2   3   4   6   3   3   2  12  15   0   2   3  0.12 0.16
  340 V   -5 -5 -6 -6 -5 -2 -5 -6 -6  7 -1 -5  1  0 -2 -5 -2 -5 -5  1    1   0   0   0   0   2   1   1   0  67   5   1   3   3   2   1   3   0   0   9  1.62 0.70
  341 Y   -2 -1  0 -3  3  0 -2 -3  4 -3 -1 -2 -1  2 -4  1 -1  0  6 -2    2   3   5   1   7   4   2   2   9   1   6   2   1   8   1  12   4   1  25   3  0.55 0.35
  342 S    0  0  1  1  2  1  0  0  2 -2 -1 -1 -1 -2 -2  0  0 -2  1  0    7   7   7   7   7   7   7   7   7   0   7   0   0   0   0   7   7   0   7   7  0.08 0.12
  343 L   -1 -2  1 -2  3  1 -2 -2 -2  1  0 -2  2 -1 -2  0  1  5 -1  1    1   0   9   0   9   9   1   1   0  10  10   1   9   0   0  10  10   9   0  10  0.18 0.14
  344 A    2 -1  2 -1  2  0 -1 -1  0 -2 -2 -1  2 -3 -1  1  0  2  0  0   20   4  10   3   4   3   3   4   3   0   3   4   7   0   3  11   4   3   3   8  0.14 0.16
  345 F   -1 -4 -4 -4 -4 -4 -4 -4 -3  0  1 -4  3  7 -4 -1 -3  3  0 -1    4   0   0   0   0   0   1   1   0   5   9   0   8  55   0   4   0   4   0   4  1.03 0.43
  346 S   -1  0  3  1  1 -3 -1 -1  1 -4 -4 -3 -4 -2 -3  5  0 -5 -4 -4    3   5  14   7   3   0   2   3   3   0   1   0   0   2   0  50   5   0   0   0  0.75 0.44
  347 K    1  1  0 -1 -1  0 -1 -1  1 -2 -1  0 -1 -2  4  0 -1  0  0 -2   10  10   4   3   1   5   3   4   4   2   5   5   2   2  24   8   2   2   4   2  0.29 0.18
  348 D   -2 -1  2  6  2 -1 -1 -2 -1 -3 -4 -2 -2 -5 -2  0  1 -6 -3 -2    3   3  10  42   4   2   3   2   1   1   1   2   1   0   2   8   8   0   1   4  0.75 0.43
  349 N    1 -1  2  0  1 -3  0  1 -2 -2 -3 -1 -1 -1  0  4  0 -4 -2 -2    9   3  11   5   3   0   5  11   1   2   2   2   1   2   4  30   4   0   1   3  0.32 0.27
  350 Q    0  1  1  0 -1  3  1 -2  0 -3 -2  1 -1 -3 -2  2  2 -4 -2 -3    8   7   7   4   1  16   7   2   2   1   4   8   1   1   2  14  13   0   1   1  0.27 0.24
  351 F   -2 -2 -3 -4 -2 -3 -3 -4  2  0  2 -1  1  4 -5 -4 -4  7  3 -1    3   3   1   1   1   1   2   1   5   5  21   4   3  18   0   1   0  15  11   4  0.73 0.39
  352 L   -4 -5 -5 -6 -4 -5 -5 -3 -5  2  6 -5  1  0 -5 -5 -4 -5 -4  1    1   0   0   0   0   0   1   3   0  10  67   1   3   4   0   1   1   0   0   8  1.28 0.54
  353 A    4 -5 -3 -5  7 -4 -3 -1 -5 -1 -1 -4 -1 -3 -4 -1 -2 -5 -5  1   38   0   1   0  25   0   2   5   0   3   5   0   1   1   0   5   2   0   0   8  1.00 0.48
  354 A    3 -5 -2 -5  5 -3 -4 -2 -5  0 -1 -4 -1 -3 -4 -1  0 -5 -3  4   24   0   2   0  12   1   0   3   0   3   6   0   1   1   0   5   5   0   1  34  0.72 0.41
  355 T    1 -2 -2 -4  2 -3 -3 -1 -4 -2 -3 -3 -4 -2 -1  5  3  2 -3 -1   11   2   1   0   4   0   0   4   0   2   3   0   0   2   3  42  15   2   1   5  0.62 0.43
  356 S   -1 -4 -2 -4 -1 -4 -4  0 -5 -6 -5 -4 -5 -6 -1  7 -1 -6 -5 -5    3   0   2   0   1   0   0   6   0   0   1   0   0   0   3  79   3   0   0   0  1.63 0.78
  357 S    0 -3  4  5 -5 -3  0 -2 -2 -4 -3 -2 -4 -5 -4  2 -1 -5 -3 -4    8   1  20  35   0   0   5   2   1   1   3   2   0   0   0  17   2   0   1   1  0.82 0.44
  358 S   -1  1  0 -3 -4 -1 -2 -3  3 -4 -3  4 -2 -4 -4  2  3 -5 -4 -3    4   8   4   0   0   2   1   1   7   1   2  28   1   1   0  18  22   0   0   1  0.61 0.39
  359 K    0 -3  1  1 -3 -1  3  5 -2 -5 -4 -2 -3 -4 -2 -1 -3 -5 -3 -4    7   1   8   7   1   2  18  45   1   0   1   2   0   1   2   3   1   0   1   1  0.78 0.40
  360 T   -3 -4 -3 -1 -4 -4 -2 -5 -3 -4 -5 -4 -1 -3 -4  0  7 -5 -2 -2    1   0   1   3   0   0   3   0   1   0   1   0   2   1   0   4  78   0   1   3  1.73 0.76
  361 V   -1 -2 -3 -2 -2 -4 -4 -4 -5  4  1 -4 -1 -3 -4 -2 -2 -5 -4  5    4   2   1   2   1   0   0   1   0  24  10   0   1   0   0   2   2   0   0  46  0.85 0.41
  362 H   -3 -4 -4 -4 -6 -2 -4 -6 11 -6 -3 -5 -5 -5 -6 -3 -2 -6  1 -6    3   0   0   1   0   1   0   0  81   0   4   0   0   0   0   1   2   0   3   0  2.92 0.98
  363 I   -1 -4 -5 -5 -2 -4 -4 -5 -5  5  1 -4  0 -1 -4 -2 -2 -4 -3  4    4   0   0   0   1   0   1   1   0  38  12   1   2   2   0   3   1   0   0  33  0.89 0.39
  364 F   -5 -2 -5 -6 -5 -5 -5 -6 -4 -2 -3 -5 -3  8 -6 -4 -5  2  4 -3    1   3   0   0   0   0   0   1   0   2   1   0   0  73   0   1   0   2  12   1  2.12 0.73
  365 K    1  3  1  1  0  0 -1 -1  0 -3 -4  3 -2 -3 -2  1 -1 -4 -2 -3   11  18   6   7   2   4   2   5   2   1   1  24   0   1   1  12   2   0   1   1  0.36 0.25
  366 L   -2 -1 -5 -5 -1 -4 -4 -5 -5  2  5 -3  1 -1 -4 -3 -2 -4 -3  2    4   3   0   0   2   0   0   1   0  12  58   1   2   1   0   2   1   0   0  11  0.85 0.40
  367 G    1  0  1  2 -2  0  1  1 -1 -2 -3  1 -2 -2  1  1  0 -2 -1 -2   12   5   5  13   1   4  10  12   1   1   1   8   1   2   6   9   4   0   2   2  0.16 0.12
  368 K    0  1  1  2 -2  1  1  0  0 -2 -2  1 -1 -1  1  0  0 -2 -2 -1    5   6   5  11   1   6  10   7   2   1   3  10   2   2   8   8   5   0   1   4  0.14 0.10
  369 I    0  1  1  0 -2  1  1  0 -1 -2 -1  0  0 -1  2  1  0 -3 -1 -1    7   7   7   6   1   9   7   6   1   1   5   6   2   2  11  10   7   0   2   3  0.13 0.10
  370 M    1  0  0  0 -3  0  1  1 -1 -1 -2  1 -1 -1  0  1  0 -3 -1 -1   11   6   5   4   0   3  11  13   1   3   3   9   1   3   4  10   6   0   1   6  0.10 0.09
  371 E    0  0  1  0 -2  0  1  1  0 -2 -1  0 -2 -2  0  1  1 -3 -2 -1    9   4   6   5   1   4  11  12   2   2   7   6   0   1   5  11   7   0   1   5  0.10 0.10
  372 T    1  1  1  0 -2  0  1  0  0 -1 -1  1 -1 -3  1  2  0 -2 -2 -1   10   7   7   5   1   4   8   6   3   3   6   7   2   0   6  16   6   0   1   3  0.11 0.11
  373 S    1  1  1  0 -2  1  0  0 -1 -1 -2  0  0 -2  1  1  1 -2 -2 -1   10   7   6   5   1   5   4   8   2   4   3   6   3   1   6  14   8   1   1   4  0.09 0.10
  374 S    0  1  1  0 -1  0  1  1 -1 -2 -2  0 -1 -3  1  2  1 -2 -2 -1    8   9   5   4   1   4   8   9   1   3   3   4   1   0   7  15  11   0   1   3  0.14 0.14
  375 D    1  0  0  0 -2  1  1  0 -1 -1 -1  0 -1 -1  1  1  0 -2 -2 -1   11   5   5   5   0   6   9   8   1   4   6   5   1   3   6  14   5   1   1   3  0.09 0.10
  376 D    0  0  1  1 -3  1  2  0  0 -3 -3  0 -1 -3  0  2  1 -2 -3 -2    8   6   5   7   0   5  15   6   3   1   2   4   1   1   5  16   9   1   1   3  0.18 0.17
  377 N    0  0  1  0  0  1  0  0  1 -2 -2  0 -1 -1  0  2  1 -2  0 -1    7   5   6   4   2   6   5   6   3   2   3   6   2   2   5  17   9   0   3   4  0.09 0.11
  378 N    1  0  1  0 -2  1  0  0  1 -1 -1  0 -2 -1  2  1  0 -1 -2 -1   11   5   6   5   0   6   7   8   4   3   5   4   0   3   8  12   5   1   1   3  0.09 0.09
  379 N   -1  0  0  0  2  0 -1 -1  2  0 -1  0  2  0  0 -1  0  3  1 -1    5   5   5   5   5   5   5   5   5   5   5   5   5   5   5   5   5   5   5   5  0.03 0.09
  380 N    0  1  1 -1  1  0  0 -1  1 -1 -1 -1  0  0  0  1 -1  2  0 -1    8   6   7   4   2   4   6   6   3   4   5   4   3   4   5  10   4   3   3   4  0.01 0.08
  381 T    1  0  0 -1  0  0  0  0  1  0 -1 -1  0 -1  0  1  1  2 -1 -1   11   5   5   3   2   4   5   7   3   5   5   4   2   2   5  10   8   2   2   4  0.00 0.07
  382 D    0 -1  1  1 -6  0  0  1  1 -2 -2 -1  0 -1  1  2 -1  0 -1 -2    8   4   6   7   0   4   7   9   3   2   4   4   2   3   7  15   3   1   2   3  0.08 0.17
  383 D    0 -1  1  2 -5  0  0 -1  0 -1 -1 -1 -1 -2  0  2  0  0 -2 -2    8   4   7   9   0   5   7   6   2   4   7   3   1   2   6  15   5   1   1   4  0.06 0.15
  384 D    0  0  0  1 -5  0  0  0  1 -1 -2 -1 -1 -1  1  1  0  0  0 -1    8   5   5   8   0   4   5   7   3   3   4   4   2   3   8  10   6   1   3   4  0.03 0.11
  385 S    1  0  0 -1  0  0 -1  0  1  0 -2  0 -1 -2  0  3  1  1 -2 -2    9   5   5   3   2   4   4   7   3   5   4   5   2   2   4  18   7   2   2   3  0.08 0.16
  386 L    0 -1 -1 -1 -1 -1 -1  0  0  0  0 -1  0  0  0  2  0  0  1  0    6   4   2   3   1   2   4   7   2   5  10   3   2   5   5  14   6   2   5   7  0.01 0.08
  387 N    0  0  2  0 -2  0  0  0  1 -2 -2  0 -1  0  1  2  1 -2 -2 -1    6   4   8   4   1   4   5   7   3   2   4   6   1   4   6  15   8   1   1   4  0.07 0.15
  388 A    2  0  0 -2 -2 -1 -1  0  1 -1 -2 -1 -2 -2  1  3  0 -1 -5 -2   14   5   4   2   1   3   5   6   4   3   5   4   1   2   8  18   6   1   0   4  0.14 0.22
  389 G    0 -1  0 -1 -6 -1 -3  3  0 -3 -2 -2 -2 -3  0  2 -1  2  1 -1    9   4   4   4   0   3   2  19   2   2   5   3   1   1   6  14   4   2   4   4  0.18 0.23
  390 N    0  0  2  1 -2  1 -1 -1  0 -3 -2 -1 -5 -2 -1  3  0  2 -2 -3    6   5   8   7   1   5   4   5   2   1   5   4   0   2   4  23   5   3   1   3  0.21 0.28
  391 I    0 -1 -1  0 -3 -1 -1  0 -1 -1 -1 -1 -1  0  1  2  0  1  1  0    8   3   3   6   0   3   4   7   2   3   6   3   2   4   7  14   6   2   6   6  0.03 0.12
  392 D    0  0 -1  3 -2 -2  0  0  0 -4 -1 -2 -2  0  1  2  0 -1 -2 -1    7   5   3  14   1   2   5   7   2   1   5   2   1   4   7  15   5   1   2   4  0.13 0.20
  393 S    0 -2  1  0  0 -1 -2  0  1 -3 -2 -2 -3  0  1  3  0 -2  0 -3    9   3   7   5   2   3   3   8   3   2   5   3   1   3   6  20   6   1   4   2  0.14 0.22
  394 E    0  0 -2  0 -1  1  1  0  1 -4 -3 -1 -2 -2  2  3 -1 -2  1 -3    7   5   2   5   1   6   8   7   4   1   3   4   1   2   9  18   4   1   4   2  0.17 0.24
  395 I    0  0  0 -1 -3  0  0  0  0  0  0 -1  0  1  0  1  0 -1 -1  0    6   5   4   3   0   4   5   7   2   6  11   3   2   6   4  12   7   1   2   8 -0.00 0.06
  396 V    0 -1  0  0 -1  0  0 -1  1  0  0 -1 -1  0  0  1  0  2 -1  0    8   2   4   6   2   4   6   5   3   6   8   4   2   5   5  10   5   3   2   5 -0.01 0.04
  397 T    0 -1  0  1  1  0 -2  0  0 -2 -2  0 -2 -1  1  3  1 -4 -1 -1    6   4   4   7   2   4   2   6   2   3   4   5   1   2   8  20   9   0   3   4  0.13 0.21
  398 N    0  0  2  0 -2  0 -1  0  1 -3 -1 -1 -1 -2  1  2  0 -2 -1 -1    6   5   9   5   1   3   4   8   3   2   6   4   1   2   7  17   5   1   2   5  0.08 0.16
  399 L    1  0  0  0  0 -1 -1 -1 -1 -1  1 -1 -1  0  1  1  0  0 -1 -1   11   6   5   4   2   3   4   5   1   4  13   3   1   5   7   9   5   1   2   4 -0.00 0.06
  400 S    0  0  0  0  2  0  0  0  1  0 -1  0 -1  0  0  0  0 -2  1  0    5   5   5   5   5   5   5   5   5   5   5   5   0   5   5   5   5   0   5   5  0.00 0.06
  401 S    0  0 -1 -1  1  0 -1  0  0 -1 -1 -1  0 -1  0  2  0  2  0 -2    7   5   3   4   3   4   4   8   3   3   5   4   2   3   6  17   5   2   3   3  0.04 0.13
  402 E    1  0  0  0  0  2  1  0  0 -2 -2  0  0 -1  1  0  0  1 -3 -2   11   5   5   4   2   8  12   8   2   3   4   5   3   3   7   7   5   2   0   3  0.10 0.14
  403 S    1  0  0 -1  1  1 -1  0  1 -3 -3  0 -1 -2  0  2  1  1 -1 -1   10   6   5   4   3   5   5   9   3   2   3   5   2   2   5  15   9   2   3   4  0.12 0.14
  404 L    0 -2  0  1  1  0 -1  0 -1  0  0 -2  0  0  2  0  1  0  0  0    6   2   4   7   3   4   4   6   2   5  10   2   2   4  11   8   7   1   4   7  0.07 0.08
  405 T    1 -1  0  0 -1  0  1  0  2  0 -1 -2  0 -2  0  1  1  0 -2  0   10   4   5   4   1   3   9   8   5   5   7   2   2   1   5  12   8   1   1   6  0.08 0.09
  406 E   -1 -2  1  2  1  0  3 -1 -1 -1 -3 -1 -1 -2  2  1  0 -6 -5  0    6   3   6   9   3   4  16   5   2   3   3   4   2   2   9  11   7   0   0   6  0.21 0.20
  407 S    0  0  1  0 -1  0  0  0 -1 -1 -1 -1 -1  1 -1  2  1 -5 -3  0    9   4   6   5   1   4   7   8   2   4   5   4   2   5   3  16   8   0   1   7  0.10 0.12
  408 Q    1  1  1 -2 -2  2  0  1  1 -2 -1 -1  0  0 -1  1  0  1 -1 -3   11   9   6   2   1   9   5  12   3   2   5   4   2   3   4   9   7   2   2   2  0.13 0.14
  409 S   -1 -1  1 -2 -1  1 -2  2  1 -3 -2 -1 -2 -2  2  3  1 -1 -1 -2    5   3   7   3   1   5   3  14   3   2   4   3   1   2  10  20   7   1   2   3  0.28 0.25
  410 K   -1  0  0  0 -3  0  0 -1  2  0 -1  0  1  0  0  0  0  3  1  0    5   5   5   5   0   5   5   5   5   5   5   5   5   5   5   5   5   5   5   5  0.06 0.08
  411 D    0 -1  0  1  0  0  1  0  1 -1 -1  0  1 -1  0  1  0  1  0 -1   10   3   5   7   2   4  10   5   3   4   4   6   4   3   5  10   3   2   3   4  0.05 0.08
  412 P    1  0  0 -1  0  1 -1  0  1 -1 -2 -1  0 -1  4  0 -1 -5 -1 -2   13   5   4   3   2   6   4   6   3   3   4   4   2   3  22   7   3   0   2   3  0.26 0.25
  413 H    0 -1  1 -1  0 -1  0  0  3 -1 -2 -1 -1  1 -1  1  0  2  1 -1    8   4   7   3   2   3   5   9   6   3   5   4   1   6   4  11   6   2   5   5  0.08 0.09
  414 V    0  1 -1 -1  0  0 -1  0 -1  0  0 -1  0  0  0  1  0  1  1  1    6   7   3   4   2   5   3   8   1   6   7   4   3   4   4  10   7   2   4   9  0.03 0.04
  415 D    0  2  2  2  0 -1 -1  0  0 -3 -1  0 -1  0  1  0 -1 -6 -2 -2    8  11   8  13   2   3   4   8   2   1   7   6   1   4   6   8   4   0   1   3  0.15 0.14
  416 T    0  0  1 -2 -1  1 -2  0 -1 -2 -2  1 -2 -6  1  3  2 -7 -3 -2    9   6   7   3   1   5   3   7   2   3   4   9   1   0   7  18  12   0   1   3  0.26 0.25
  417 S   -1  0  0 -2 -2  1 -1  0  1 -3 -1  1  0 -2 -1  2  0  5 -3  0    6   5   5   3   1   5   3   6   4   1   8   7   2   2   4  17   5   8   1   6  0.22 0.21
  418 R   -1  1  1 -1  0  0 -2  0  2 -1 -2  0  2 -1  0  2  0  2 -1  0    5   7   7   4   2   4   2   7   4   3   4   5   5   3   6  15   5   3   2   7  0.12 0.13
  419 S   -1 -2  1 -1 -3 -1 -2  3  0 -2 -3  0 -2 -3  0  3 -1  2 -1 -2    6   3   6   4   1   3   3  22   2   3   3   5   1   1   5  19   4   3   2   4  0.33 0.27
  420 T    0  0  0  0 -3  0  0  0 -2  0 -1  0  1  1  0  0  0  3  1  0    6   6   5   6   0   5   6   6   0   6   6   6   5   5   6   6   6   5   5   6  0.06 0.08
  421 V    0  0  0 -1 -2  0 -1 -1  0  0  0  0  1  1  0  0  0 -2  0  0    8   3   4   3   0   3   4   5   3   6   9   6   6   9   4   7   6   0   3  10  0.02 0.05
  422 G    1 -1  0  0 -3  0  0  3  1 -1 -2  0  1 -1  0  1  0  1 -1 -1   10   4   5   4   0   3   5  21   3   3   4   5   4   2   5   9   5   2   2   4  0.13 0.14
  423 R   -1  1  0  0  0  0 -1  1  0 -2 -2  1 -3  1 -1  2  0  0  0 -2    4  10   4   5   2   3   3  14   3   2   4   8   0   6   3  16   5   1   4   3  0.11 0.15
  424 M    1 -1 -1 -2  0  0 -1 -1  0  0  0 -1  3  0 -1  1  0  2  0  0   11   3   2   2   2   5   4   4   2   4   8   3  11   4   2  11   6   3   4   7  0.08 0.13
  425 I   -1 -1  0 -1 -1 -2 -2 -2 -3  2  2 -1  1  2  0  0  1 -3 -1  0    5   3   4   4   2   2   2   3   0  15  19   3   3   8   5   6   8   0   2   5  0.12 0.14
  426 R   -1  4  0 -1 -4  0 -1  0 -3 -1 -1  2  1 -2  1  0  0  0 -1 -2    5  22   5   4   0   4   3   6   0   3   6  11   4   1   7   5   5   1   2   2  0.22 0.22
  427 K    1  3  0 -1 -1  1 -1  0 -1 -3 -2  1 -3 -2  1  1  0  1  0 -2   12  15   5   3   1   6   3   8   1   1   3   9   0   1   6  12   7   2   4   2  0.19 0.20
  428 S    1 -1 -1 -2 -3  1 -1 -1 -3 -2  0  0 -1 -2  0  3  1  3 -2 -1   11   3   3   2   0   7   3   5   0   2   9   4   1   2   4  27   8   4   1   4  0.24 0.27
  429 S    0 -2 -1 -2  0 -1 -2 -1 -1 -2 -2  0 -3 -1 -1  5  2  2 -1 -1    8   2   2   2   2   3   2   4   2   2   3   5   0   3   3  39  10   3   2   4  0.44 0.39
  430 Q    0  0  0  0 -3  2  0  0  0 -2  0  1  1 -2  0  1  0  2 -1 -2    7   5   3   5   0  13   4   6   2   2   9   8   3   1   5  14   4   3   2   2  0.12 0.15
  431 Q    0  0  0 -1 -2  0 -1  0  2 -1 -1  0 -1  0  1  2  0 -1  1 -1    8   4   4   3   1   5   2   8   6   3   5   7   1   4   7  15   7   1   6   3  0.10 0.13
  432 L    0  0  0  0  2  0  0  0 -2  0 -1  0  1  1 -3  0  0  3  1  0    6   6   5   6   5   5   6   6   0   6   6   6   5   5   0   6   6   5   5   6  0.06 0.10
  433 S   -1  1  0 -1  0  0 -1  1  0 -2 -1  0  0  0  1  1  1  1 -1 -2    4   7   5   3   2   4   2  13   2   2   6   7   3   4   6  13  10   2   2   2  0.09 0.13
  434 R    0  3  1  0  0  0 -1  0  0 -2 -2  1 -3  0 -1  2  0 -4  0 -3    6  15   6   6   3   4   3   7   3   2   4   8   0   4   2  18   4   0   3   0  0.19 0.22
  435 Q    0 -1  1 -1 -1 -1 -1  0  1 -1 -2  0 -1  1  1  2  0  3 -1 -3    8   3   7   3   1   3   3   8   4   3   4   6   2   6   7  17   6   4   2   2  0.17 0.16
  436 A    2  0 -1 -2 -3 -1 -1 -1  0  0  0 -2  1  1 -1  0 -1  1  0  2   17   4   2   2   0   2   3   6   3   6   9   2   4   7   3   6   3   2   4  15  0.10 0.13
  437 A    2 -1 -1 -4 -3  0 -2  0  0 -1 -1  0  0  1 -1  0  1  3 -2  1   21   3   2   1   0   4   2   8   2   3   6   5   3   5   4   7  10   4   1   9  0.16 0.18
  438 K    1 -1  1 -1  0  0  0  1  1 -3 -2  2 -3 -1  0  2 -1  1 -3 -2   11   2   5   3   2   5   7  12   4   1   4  14   0   3   5  14   4   2   0   2  0.16 0.19
  439 K    1  0 -1 -2 -1  1 -1 -1 -1 -1 -1  1 -1  2 -1  1  1 -3  1  0   13   5   2   2   1   6   3   4   1   4   6   8   1   8   3  14  10   0   4   6  0.10 0.14
  440 L    1 -2 -2 -2 -3 -3 -3 -2  0  1  2 -1  2  0 -2  0 -1 -4  0  2   11   1   2   2   0   0   1   3   3   9  21   4   7   4   2   9   3   0   3  15  0.20 0.20
  441 G    1  0  0 -1 -4  1 -1  3 -1 -2 -2  1 -1 -2 -2  2  1 -4 -2 -1   13   4   5   3   0   6   3  20   1   2   3   9   1   2   2  14   9   0   1   4  0.23 0.23
  442 Q    0 -1  2 -1 -1  1  0  2  0 -2 -3  0 -1 -4  1  2  0 -4 -2 -2    7   2   9   2   1   5   5  17   2   3   2   6   1   0   6  20   6   0   2   2  0.24 0.25
  443 I   -3 -2 -3 -3 -1 -3 -3 -2 -2  0  1 -2  1  2 -3 -2 -2 -1  7  0    2   3   2   2   1   1   2   3   1   6  14   3   3   8   1   3   3   1  36   5  0.79 0.50
  444 F   -3 -2 -3 -3 -5 -5 -4 -6 -5  2  5 -5  2  1 -4 -3 -2  0  0  0    2   2   2   2   0   0   1   0   0  10  54   0   5   6   1   2   3   1   3   5  0.88 0.53
  445 P   -3 -3 -1 -3 -6 -5 -3 -4 -3 -2 -4 -2 -6 -6  8  0 -1  0 -4 -6    2   2   3   2   0   0   2   1   1   3   2   3   0   0  67   6   4   2   1   0  1.86 0.96
  446 L    0  0  1 -1 -2  1 -1  0  0 -2 -2  2 -2 -1  0  2  1 -3  0 -2    8   4   7   3   1   6   3   7   2   2   4  13   1   3   5  14  10   0   4   2  0.13 0.16
  447 K    1  0  0 -2 -2  3 -1 -1  1 -1 -2  1 -1 -3 -1  2  0 -3  2 -1   10   5   4   2   1  15   2   5   3   3   4   8   1   0   3  17   5   0   8   4  0.21 0.24
  448 V   -2 -2 -2 -3  0 -3 -2 -4 -4  2  2 -4  2  4 -4 -2 -1 -3 -1  3    3   2   3   2   2   1   3   1   0  10  16   1   4  18   1   3   4   0   2  25  0.47 0.30
  449 A    2 -1  2 -3 -2 -1 -2 -1 -4 -4 -2 -2 -4 -4 -1  4  3 -5 -2 -2   16   4  10   1   1   3   2   3   0   1   4   2   0   0   3  28  20   0   1   2  0.53 0.41
  450 S   -2 -1  1  4 -4 -1  3  0 -3 -4 -3  0 -4 -5 -2  3 -1 -5 -2 -3    2   3   6  21   0   3  19   6   0   1   3   4   0   0   2  21   4   0   1   2  0.50 0.38
  451 I   -2 -1 -3 -3 -1 -2  0 -3 -3  3  0 -2  5 -1 -2 -2 -1  1  4  1    3   3   1   1   1   1   6   2   0  17   9   2  18   2   3   2   3   2  13  11  0.47 0.33
  452 L   -2 -5 -5 -4 -4 -2 -5 -4 -4  0  3 -5  2  4 -2 -3 -3  8  1  0    4   1   1   1   0   2   1   1   0   5  23   1   4  17   2   2   1  24   3   7  1.05 0.52
  453 E   -1 -1  1  1 -4  1  4 -1  1 -3 -3  1 -2 -3 -1  1  0 -4 -3 -3    4   2   8   7   0   5  30   5   4   2   3   7   1   1   2  11   7   0   1   1  0.40 0.30
  454 S   -1 -1 -2 -3 -2  3 -2 -1 -4 -2 -3 -3 -3 -4  6  2  0 -4 -3 -3    6   3   1   1   1  13   2   4   0   3   3   1   1   1  35  17   6   0   1   1  0.80 0.49
  455 S    0  1 -1  1  1  2  3  0  0 -3 -3 -1 -2 -4 -1  1  1 -2 -3 -2    6   6   3   9   4   8  20   6   2   1   2   3   1   0   3  11  11   1   0   3  0.26 0.23
  456 R   -4  8 -4 -3 -6 -3 -4 -3 -2 -5 -4  0 -5 -3 -5 -3 -4  5 -5 -5    2  72   0   2   0   0   1   2   1   1   2   4   0   1   1   2   1   8   0   1  2.00 0.90
  457 H    1 -4  1  4 -1 -4 -1 -4  3 -5 -6 -4 -5 -5 -3  5  0 -6 -3 -5   13   0   6  19   1   0   3   1   6   0   1   0   0   0   1  41   6   0   1   0  0.91 0.59
  458 F   -4 -6 -4 -6 -3 -6 -6 -6 -2  0 -2 -6 -2  8 -6 -3 -4  0  3  0    1   0   1   0   1   0   0   0   1   4   4   0   1  67   0   2   1   1   8   5  1.95 0.85
  459 A    7 -5 -5 -5 -2 -3 -5 -2 -5 -5 -4 -4 -5 -5 -5  0 -2 -6 -3 -3   79   0   0   0   1   1   0   3   0   0   1   0   0   0   0   6   3   0   1   2  1.69 0.83
  460 S   -2 -3 -3 -4 -1  5 -3 -5  2 -2 -4 -3 -3  2 -5  2  3  5  3 -2    2   1   1   0   1  23   0   0   4   2   1   1   0   8   0  13  17   9  11   3  0.75 0.51
  461 F    2 -5 -5 -5  2 -4 -4 -3 -4  3  1 -4 -2  4 -4 -2 -2 -1  0  3   20   0   0   0   4   0   0   2   0  18  10   0   0  18   0   2   2   1   2  19  0.59 0.37
  462 K   -3  5 -2 -3 -5 -1 -1 -4  5 -5 -4  4 -3 -5 -4 -1 -1 -3 -2 -4    1  34   2   1   0   2   3   1  15   0   1  27   1   0   0   4   4   0   1   1  1.04 0.55
  463 L   -1 -3 -5 -5 -2 -4 -3 -3 -5  2  5 -4  0  1 -5 -3 -3 -4 -3  2    4   1   0   0   1   0   2   2   0  12  55   1   2   4   0   2   1   0   0  11  0.83 0.44
  464 P   -3 -1 -2 -4 -2 -1 -3 -3 -1 -5 -4 -2 -1 -5  8 -1 -3 -5 -3 -4    2   3   2   1   1   2   2   2   1   1   2   2   1   1  69   5   1   0   1   1  1.83 0.76
  465 T    0  0  1  0 -1  0  1 -1 -1 -1 -1  0 -1  1 -1  2  1 -2  0 -1    7   4   7   3   1   3   9   4   1   5   4   5   2   7   3  16  12   0   2   4  0.08 0.09
  466 T    1 -1  0  0  0  1  1  0 -1 -2 -2 -1 -1 -2  2  2  0 -2 -1 -1   11   3   3   4   3   7   9   8   1   2   4   2   1   2  11  18   5   0   2   4  0.15 0.13
  467 G    0 -2  0  0  0  0 -1  3  1 -1 -1  0 -1 -2 -2  1  0 -2 -2 -1    6   2   5   5   2   4   4  28   3   3   5   5   1   1   2  13   5   0   2   4  0.21 0.14
  468 S    0  1  0  0  0  1  0  0  2 -1 -1  1  0 -1  1  0  0 -2 -1 -1    8   6   5   4   2   6   6   7   6   4   5   8   3   3   6   8   4   0   2   5  0.06 0.04
  469 G    0  0  0  1  0  0  0  1  0 -1 -1  0 -1 -1  0  1  0 -2 -1 -1    8   6   5   8   2   4   5  12   2   4   7   5   2   2   5  10   6   0   2   4  0.05 0.02
  470 G    0  0  1  0  0  0  0  1  0  0 -1  0  0 -1  0  1  0 -1  0  0    6   4   8   5   3   4   5  10   3   6   7   4   2   3   5  12   5   1   3   6  0.03 0.02
  471 G    0  0  0  0  0  0  0  0  0  0 -1  0  0 -1  1  0  0 -1 -1  0   11   5   6   4   3   3   6   8   3   6   7   4   3   3   8   9   3   1   2   7  0.04 0.02
  472 N    1 -1  1  0  1 -1 -1  0 -1  0 -1  0 -1  0  1  0  0  0  0  0   11   2   6   5   4   2   4   9   2   7   6   5   1   6   6   8   6   2   3   6  0.03 0.03
  473 S    0  0  0  0 -1  0  0  0  0  0  0  0  0  0  0  1  0  1 -1  0   10   4   5   3   1   3   6   7   3   7   8   4   3   5   4  12   4   2   1   6  0.02 0.02
  474 T    0  0  0  0  1  0  0 -1  0  0  0 -1  0  0  1  0  0 -2 -1  0    7   5   3   6   3   2   5   5   2   7  11   2   2   4   8   9   6   0   1   9  0.03 0.03
  475 G    0  1  0  0 -1  0  0  1  1 -1 -1  0 -1 -1  2  0  0 -2 -1  0    9   8   5   6   1   4   5  13   3   3   5   5   1   2   9   7   6   0   2   7  0.08 0.05
  476 A    0  0  1  0  0  0  0  0  0 -1 -1  0  0  0  0  1  1 -2 -1  0    8   5   7   3   2   5   7   7   3   3   5   6   2   4   5  11   8   0   1   7  0.04 0.04
  477 G    0  0  2  0 -1  0 -1  1  1  0 -1 -1 -1 -2  0  2  0  0 -1 -1    6   6  11   3   1   4   3  10   3   6   6   3   1   2   5  17   5   2   2   4  0.10 0.09
  478 G    0  1  1  1  1  0  0  1  0 -2 -2  1 -1 -2  1  1  0 -2 -1 -1    7   7   6   6   4   2   7  12   2   3   3  12   2   2   6   9   4   0   2   4  0.10 0.08
  479 Q   -1 -1  1  2 -1  1  0  0  1 -1 -1  0 -1 -1  1  1  0 -1  0 -1    5   3   6  11   1   8   4   8   3   4   5   5   2   2   6  13   6   1   4   3  0.09 0.09
  480 I    0 -1 -1 -1 -1 -1 -1 -1  0  0  1 -1  0 -1  1  0  1  0 -1  2    5   3   2   4   1   3   3   4   2   5  12   3   2   2   8   8   9   2   2  18  0.07 0.08
  481 K    0  2  0 -1 -3  1  0 -1 -1 -1 -2  2 -2 -3  2  0 -1 -3 -1 -1    9  14   4   2   0   8   7   5   2   4   4  12   1   1   8   8   3   0   2   6  0.17 0.14
  482 S    1 -2  0 -2  2  0 -1 -1  0  0 -1 -2  0 -1  0  2  2  0  1 -1   12   2   5   2   4   3   4   3   2   5   5   2   2   3   5  19  12   1   4   3  0.14 0.15
  483 I   -1 -2 -2 -2 -2 -1 -2 -2 -2  3  1 -2  1 -1 -2 -1  0 -2 -1  3    6   2   2   2   1   3   2   3   1  21  13   3   3   2   2   5   5   1   2  20  0.25 0.17
  484 S    1 -1 -1 -1  5 -1 -2  1 -2  0 -1 -1 -1 -2  0  0  1 -3 -2  2   14   4   3   3  12   3   2  10   1   4   5   3   1   1   4   7   8   0   1  15  0.19 0.15
  485 C    3 -1 -2 -1  1 -1 -1  0  0 -1 -1 -1  0  0  1  1  1 -2  0  0   25   4   1   3   3   2   2   8   2   3   5   3   3   4   6   8   7   0   3   6  0.13 0.13
  486 F    0 -1  0  0 -1 -1 -1 -1  0  1  0 -1  2  3 -1  0  0 -2  1  0    7   2   6   5   1   2   3   4   3  11   8   3   5  18   3   6   4   0   3   5  0.11 0.11
  487 G    0 -1  1 -1 -3 -1 -1  4  0 -2 -2 -2 -1  0  0  1 -1 -1 -2 -1    7   3   6   4   1   3   3  31   3   2   4   2   1   4   5  10   3   1   1   5  0.27 0.17
  488 E    0  0  1  1 -2  1  1  1  0 -2 -2  0 -1 -1  1  1  0 -2 -1 -1    7   5   9   8   1   7   7  11   2   2   4   5   2   3   7   9   4   0   1   3  0.10 0.08
  489 E    0  0  0  0 -1  1  1  0  0 -1 -1  0 -1  0  1  0  0  1  0 -1    6   6   4   5   1   6   8   8   3   2   7   3   1   6   8   8   5   2   4   6  0.05 0.04
  490 I    0  0  0 -1 -1  0  0  0 -1  0  0  0  0  0  1  0  0  1  0  0    8   5   6   3   1   4   3   6   1   6  10   7   2   4   7   7   5   2   4   9  0.02 0.02
  491 E    0  1  1  0 -1  1  1  0  1 -1 -1  1 -1  0 -1  0 -1 -1  0 -1    6   8   6   4   1   6   9   7   4   4   6   8   1   6   3   9   3   1   3   4  0.05 0.03
  492 L    0 -1  0  0  0  0  0  0  0  1  0  0  0  0  0  0  0 -1  0  0    6   3   6   4   2   5   4   6   2  11  13   4   2   4   4   8   6   1   3   7  0.01 0.01
  493 D    0  0  1  1 -1 -1  0  0  0 -1 -1  0 -1 -1  0  1  0 -2 -1 -1   10   5   9  10   1   2   6   9   2   4   5   5   2   2   4  11   7   1   2   5  0.07 0.04
  494 S    0  0  0 -1 -1  0  0  0 -1  0  0  0 -1  0  0  1  1  1  0  0    9   4   5   3   1   4   6   8   1   6   7   4   1   5   5  11   9   2   2   6  0.03 0.02
  495 S    0  0  0  0 -1  0  0  0 -1 -1  0  0 -1 -1  1  1  0  0  0  0    9   5   6   6   1   2   6   8   1   3   8   6   1   2   7  10   6   1   4   7  0.04 0.02
  496 E    0  0  0  0 -1  1  1  1  2 -1 -1  0  0 -1  0  0  0 -1  0 -1    7   4   5   5   1   6   8  11   6   3   8   4   2   3   4   9   5   1   4   5  0.05 0.03
  497 Y    0 -1  0  0  0  0  0  0  0 -1  0  0 -1  1  0  0  0  2  2  0    9   2   5   5   2   4   5   7   2   3   8   5   1   5   4   8   7   3   8   8  0.03 0.03
  498 P    0  0  0 -1 -2  1  0  0 -1 -1 -1 -1 -1 -1  3  0  0 -2  0 -1    9   5   3   3   1   6   5   9   1   5   6   3   1   2  16   8   7   1   3   5  0.14 0.07
  499 E    0  0  0  1 -1  1  1  0  0 -1 -1  0 -1 -1  1  1  0 -1 -1 -1    5   3   5   7   1   5  11   8   2   4   7   6   1   3   6  10   5   1   2   6  0.06 0.03
  500 L    0  0  0  0 -1  0  0  0  1  0  0  0  0 -1  0  0  0 -1 -1  0    9   6   4   5   1   3   4   8   4   4  14   5   2   2   5   9   7   1   2   5  0.02 0.02
  501 F    0  0  0 -1 -1  0  0  0  0  0  0  0  0  1  0  0  0 -1  1  0    7   5   5   3   2   4   4   9   3   6   8   4   1   8   5   7   6   1   4   7  0.01 0.01
  502 N    0 -1  1  1 -1  0  0  0  1 -1 -1  0 -1 -2  2  1  0  0 -1 -1    9   3   6   7   2   3   7   8   4   4   5   5   1   2  11   9   6   2   2   4  0.09 0.05
  503 Q    0  0  1  0 -1  0  0  0  0  0 -1  0 -1 -1  1  0  1 -1  0  0    9   4   7   5   1   5   5   8   2   6   5   5   1   3   8   8   8   1   3   6  0.05 0.03
  504 G    0 -1 -1  0  0  0  0  2 -1 -1 -1  0 -1  0  1  1  0 -1 -1 -1    8   3   3   4   2   5   5  15   1   4   6   6   1   5   8  12   5   1   2   4  0.07 0.05
  505 Q    0  1  0 -1 -1  0  0  0  0 -1 -1  1  0 -1  1  1  0  0 -1 -1    5   8   5   3   1   3   6   7   2   4   7  12   3   2   6  14   4   2   2   5  0.06 0.05
  506 D    0  0  2  1 -2  0  0  0 -1 -1 -1  0 -1  0  0  1  1 -2 -1 -1    6   4  11   6   1   4   4   6   1   3   8   6   1   4   3  15  10   1   2   5  0.08 0.07
  507 T    1  0  0  0 -1  0  0  0 -1  0 -1  0  0 -1  0  1  1 -2  0  0   12   5   5   4   1   2   6   7   1   5   6   4   2   3   4  10  11   1   3   8  0.04 0.04
  508 T    0 -1  0  0  2  0  0  0  0  0 -1  0  0 -1  0  1  1 -2 -1  0    9   3   3   6   5   5   4   7   2   7   4   6   2   3   4  10  10   1   2   6  0.04 0.04
  509 S    1  0  0 -1  1 -1 -1  0  1 -1 -1 -1 -1  0  0  1  1 -2 -1  0   12   5   5   3   3   2   4   6   4   3   6   2   2   3   5  11  11   1   2   9  0.05 0.05
  510 N    0  0  1  0  0  0  0  0 -1  0  0  0  0 -1 -1  1  0 -2 -1  0    8   4   8   5   2   3   4   7   1   5  12   3   2   1   2  12   6   0   2   9  0.03 0.04
  511 I    1  0  0 -1  1  0 -1  0 -1  0  0  0 -1  0  2  0  0 -1  0  0   11   4   3   2   3   3   3   9   2   6  10   6   1   5   9   9   5   0   3   6  0.04 0.03
  512 S    1  0  1 -1  0 -1 -1  0  0  0  0 -1  0  0  0  1  1 -2  0  0   10   5   6   3   3   2   4   7   2   4   7   3   3   4   4  14  11   0   3   6  0.05 0.05
  513 Q    0  0  1  0 -1  0  0  0  1  1 -1  0 -1 -1  0  1  0  0 -1  0    7   5   6   6   1   4   5   6   4  10   5   4   1   3   4  12   6   1   2   8  0.02 0.03
  514 S    0  0  0  0  1  1 -1  1 -1 -1 -1  0 -1 -1  0  2  0 -2  0 -1    5   6   4   5   4   8   3  10   1   4   5   5   1   2   4  22   4   0   4   4  0.13 0.12
  515 K    0  1  1  0 -2  0  0  0  0 -2 -1  2 -1 -2 -1  1  1  0 -1 -1    7   8   6   5   1   3   4   8   2   2   5  14   1   1   3  12  10   1   2   4  0.11 0.09
  516 N    0  0  1  1  0  0  0  0 -1  0 -1 -1  0 -1 -1  1  0 -2 -1  0    8   4   8   7   3   4   7   6   2   8   6   3   3   3   3  10   6   0   1   8  0.03 0.03
  517 P    0 -2  0  0 -3 -2  0  0 -1 -2 -2 -1 -2 -2  5  0  1 -3 -1 -1    7   2   4   5   1   1   5   6   1   2   3   4   1   2  31   8   8   0   3   4  0.47 0.25
  518 K    0  2  1 -1  0  2  0 -1  1  0 -1  1  0  0  0  0 -1 -1 -1  0    6  14   6   3   2  10   4   5   3   7   4   8   2   4   3   6   4   1   2   6  0.07 0.07
  519 L    0 -1 -1 -1 -2 -1  0 -1  0  1  1 -1  0  0 -1 -1  0 -2 -1  2    8   2   4   4   1   1   7   4   2  11  14   3   2   4   3   5   6   0   2  17  0.06 0.06
  520 M    0 -1  0 -1  0  1 -1 -1 -1  0  1 -1  3  0 -1  0 -1 -2 -1  1    6   2   4   3   2   6   5   4   1   5  15   2  11   4   3   8   2   0   2  14  0.09 0.10
  521 K    0  1  1  0  1  0  0  0  0 -1 -1  1 -1 -2  1  0  0 -2 -1 -1    8   7   8   6   3   4   3   9   2   2   8  13   1   2   6   5   6   1   2   3  0.07 0.05
  522 M    0  0  0  0 -1  1  0  0  0  0  0  0  0 -1  0  0  0 -1  0  0    5   5   5   3   1   6   8   7   1   7   8   7   4   2   5   7   5   1   3   8  0.02 0.01
  523 Q    0  0  0 -1 -1  1  0 -1 -1  0  1  0  0 -1  1  0  0 -2 -1  0    8   4   5   3   1   6   6   4   2   3  20   4   2   2   7   5   7   1   3   7  0.05 0.05
  524 P    0  2 -1 -1 -1  0 -1 -1  4 -2 -1  0  0 -2  2  0  2 -2  1 -2    6  12   2   3   1   5   4   4  10   2   5   5   2   1  10   8  12   0   4   3  0.18 0.13
  525 I   -2 -2 -3 -2 -3 -3 -1 -2 -3  4  3 -3 -1 -1 -2 -2 -2 -3 -1  3    2   2   1   2   0   1   4   3   1  24  25   1   1   2   2   3   2   0   2  20  0.46 0.25
  526 R   -1  0 -2 -1 -2 -2 -2 -1 -1  1  2  0  2  1 -1 -1 -1 -2  2  1    5   5   2   3   1   1   2   4   2  10  21   6   7   6   2   5   3   0   9   8  0.12 0.11
  527 I   -2 -3 -6 -6 -5 -5 -5 -6 -6  3 -1 -5  0 -4 -5 -5 -3 -6 -5  7    3   2   0   0   0   0   1   1   0  12   5   1   2   1   0   1   2   0   0  69  1.61 0.76
  528 V    4 -5 -5 -5 -1 -5 -5 -2 -5  2  1 -5 -1 -2 -5 -3 -2 -5 -4  5   30   0   0   0   1   0   0   3   0  11  11   0   1   2   0   2   3   0   0  34  0.80 0.49
  529 S   -1 -3 -2 -3  4 -3 -3  2  0 -5 -5 -4 -5 -6 -5  4  5 -6 -5 -4    5   1   2   1   7   1   1  15   3   1   1   0   0   0   0  26  36   0   0   1  0.97 0.63
  530 S    2 -2  0 -2 -4 -1  0 -2 -2 -2  0 -3  1 -2 -2  4  1 -4  2 -3   15   2   3   2   0   2   6   3   1   2   9   1   4   1   2  30   7   0   8   1  0.35 0.34
  531 D   -3 -1  3  6 -3 -2  3 -4 -3 -6 -4 -2 -6 -6 -5  0 -3 -6 -6 -6    2   3  13  46   1   1  20   1   0   0   2   3   0   0   0   6   1   0   0   0  1.23 0.67
  532 G   -2 -5 -5 -3 -7 -6 -6  8 -6 -8 -8 -5 -7 -7 -7 -4 -5 -4 -7 -7    3   1   0   1   0   0   0  91   0   0   0   1   0   0   0   1   0   0   0   0  2.53 1.09
  533 N   -2 -2  1 -3  2 -1 -2 -1  1 -1  0 -2  0  3 -4  1 -1  0  5 -1    2   2   7   1   4   2   2   5   3   4  11   3   2  12   0  12   3   1  19   4  0.30 0.26
  534 Y   -3 -3 -6 -7 -2 -6 -6 -6 -5 -1  4 -5  0  6 -6 -6 -5  2  3  0    3   1   0   0   1   0   0   0   0   2  35   1   2  37   0   0   0   2   9   6  1.26 0.63
  535 Y   -5 -4 -4 -5  1 -1 -6 -7  3 -5 -3 -5 -4  2 -7 -3 -5  0  9 -6    1   1   1   1   3   2   0   0   7   1   3   1   0   6   0   2   1   1  69   0  2.28 1.02
  536 N   -2  2  0 -3  0  1  1 -4 -3  2 -1  2  0 -3 -4 -1  0 -3 -2  2    2  11   5   1   2   8  11   1   0  14   3  12   2   1   0   3   5   0   1  19  0.29 0.27
  537 Y   -4 -6 -7 -7  4 -6 -7 -6 -3 -4  0 -6 -5  5 -7 -5 -6 -1  8 -3    1   0   0   0   8   0   0   1   0   1   8   0   0  23   0   1   0   1  53   1  2.08 0.94
  538 I    0  1  3  0 -2  1  1  0 -1 -3 -2  0 -2 -3 -3  2  0 -5 -3 -1    8   7  15   4   1   5  10   6   2   1   4   4   1   1   1  20   6   0   0   4  0.25 0.25
  539 L   -4 -6 -6 -6 -3 -6 -6 -6 -1  3  3 -6  0  5 -6 -5 -4  3  0  2    1   0   0   0   1   0   0   0   2  18  28   0   2  26   0   0   0   3   3  14  1.02 0.53
  540 D   -4 -3  3  7 -6 -2  0 -4 -4 -6 -6 -3 -6 -6  2 -1 -4 -6 -6 -6    1   2  11  62   0   1   4   1   0   0   1   1   0   0   9   4   0   0   0   0  1.60 0.75
  541 P   -1 -3 -5 -1 -3 -4 -2 -5 -4 -2  1 -2  2 -2  6 -1 -1 -6 -2  0    6   1   0   3   1   1   2   1   0   2  14   3   5   2  43   6   5   0   1   6  0.90 0.53
  542 E    0  0  1  2 -4  1  3 -4 -2  0 -2  0 -3 -4 -3  0 -1 -5 -4  2    9   4   6  10   0   7  25   0   1   4   3   6   0   0   1   6   3   0   0  16  0.35 0.30
  543 R   -1  3  3  0 -5  0  2 -3  2 -3 -2  3 -3 -5 -2 -2  0 -5 -3 -2    4  18  15   4   0   4  12   2   5   1   3  18   0   0   2   2   5   0   1   4  0.43 0.32
  544 G   -4 -3 -3 -6 -7 -6 -6  7 -6 -7 -7 -4 -7 -4 -4 -3 -3 -7 -7 -5    1   2   1   0   0   0   0  88   0   0   0   1   0   1   1   2   2   0   0   1  2.27 0.98
  545 G   -4 -6 -5 -2 -7 -2 -3  7 -6 -7 -7 -3 -7 -7 -6 -4 -3 -7 -7 -4    1   0   0   2   0   2   2  87   0   0   0   2   0   0   0   1   1   0   0   2  2.22 0.96
  546 D   -3 -5 -2  4 -8 -1  7 -6 -5 -7 -7 -2 -6 -5 -1 -3 -3 -7 -6 -3    2   0   1  19   0   1  68   0   0   0   0   2   0   1   3   1   1   0   0   2  1.74 0.87
  547 C    0 -7 -7 -7 11 -7 -7  1 -7 -6 -3 -7  0 -7 -7 -4 -4 -7 -7 -5    6   0   0   0  75   0   0   9   0   0   3   0   2   0   0   1   1   0   0   0  3.05 1.12
  548 L    0  1 -2 -2 -3  0  0 -3 -2  1 -1  1  0 -3 -2  0  3 -4 -1  2    6   8   1   1   0   4   5   2   1  10   5   8   2   0   2   6  20   0   2  19  0.20 0.22
  549 L   -5 -1 -7 -7 -5 -1 -5 -7 -6 -1  6 -3  0 -1 -6 -6 -4 -5 -4 -3    1   3   0   0   0   3   0   0   0   2  83   2   2   2   0   0   0   0   0   0  1.63 0.77
  550 L   -1 -1 -5 -4 -4  0 -2 -5 -5  3  3 -4  2 -2 -4 -3 -1 -3 -2  3    4   5   0   1   0   4   2   0   0  15  34   0   5   1   0   1   4   0   1  22  0.55 0.36
  551 S   -1  2  1 -2 -5  1  0 -4 -1 -5 -5  5 -1 -4 -4  2 -2 -2 -5 -3    5  10   7   1   0   5   6   0   2   0   0  41   2   1   0  17   2   1   0   1  0.77 0.49
  552 Q   -3  0 -2 -4 -4  7  3 -5  0 -6 -4  0 -2 -2 -5  1  1 -5  0 -3    1   4   1   0   0  46  16   0   2   0   1   4   1   2   0   9   7   0   3   2  1.02 0.62
  553 Y   -5  0 -5 -5 -3  1 -3 -5  8 -4 -3 -2 -3  3 -6 -4 -5 -2  7 -6    0   5   0   0   1   6   1   1  32   1   2   2   1  10   0   1   0   0  37   0  1.67 0.76
  554 S   -2  4  1 -1  0 -2 -3 -3 -2 -5 -4  2 -4 -2 -1  4  0 -2 -1 -4    1  23   6   3   2   1   0   0   1   0   2  12   0   1   3  37   4   1   3   1  0.64 0.46
  555 I   -4 -6 -5 -7 -1 -5 -6 -7 -6  3  5 -6  0  2 -6 -5 -4 -5 -2  1    0   0   0   0   1   0   0   0   0  16  63   0   1   9   0   0   0   0   1   9  1.21 0.56
  556 L   -4 -3 -3 -6 -4 -4 -5 -5 -5  3  5 -5  2  2 -5 -5 -3 -4 -1  1    0   1   1   0   0   0   0   1   0  19  53   0   5   8   0   0   0   0   1   9  0.89 0.42
  557 T    0 -3  0  4 -4  0  3 -3  0 -4 -4 -2  1 -4 -3  3  0 -5 -2 -4    6   0   3  28   0   3  17   0   2   0   1   0   5   0   0  29   4   0   1   0  0.61 0.35
  558 N   -2 -1  3  4 -4 -1  3 -3 -2 -5 -5 -2 -4 -5 -3  4 -2 -5 -4 -4    0   2  15  29   0   0  18   0   0   0   0   0   0   0   0  36   0   0   0   0  0.85 0.37

                      K         Lambda
Standard Ungapped    0.1270     0.3098
Standard Gapped      0.0410     0.2670
PSI Ungapped         0.1064     0.3175
PSI Gapped           0.0326     0.2670
