
Last position-specific scoring matrix computed, weighted observed percentages rounded down, information per position, and relative weight of gapless real matches to pseudocounts
           A  R  N  D  C  Q  E  G  H  I  L  K  M  F  P  S  T  W  Y  V   A   R   N   D   C   Q   E   G   H   I   L   K   M   F   P   S   T   W   Y   V
    1 M   -3 -4 -5 -6 -4 -3 -5 -5 -4  2  1 -4  9 -2 -5 -4 -3 -4 -3  0    0   0   0   0   0   0   0   0   0  12   9   0  75   0   0   0   0   0   0   3  1.84 0.61
    2 K    1  1  2 -1 -2  0 -1 -1  0  1 -1  1 -1 -2 -1  1  0 -3 -1  0   12   8  11   2   0   2   0   2   3  15   5  12   0   0   2  13   4   0   2   6  0.10 0.13
    3 V   -2 -4 -5 -5 -3 -4 -4 -5 -4  3  3 -3  2  3 -5 -2 -2  6  1  1    1   0   0   0   0   0   0   0   0  15  37   2   4  13   0   3   2  12   4   7  0.71 0.34
    4 L   -2 -3 -3 -5 -3 -1 -4 -3 -4  2  5 -3  1 -2 -2 -4 -1 -4 -1  2    2   1   1   0   0   4   0   2   0   8  58   1   3   0   2   0   3   0   2  13  0.71 0.39
    5 L    0 -1 -4 -4 -3  1 -2 -3 -3  2  3 -3  0  1 -3  0 -1 -3  1  0    8   3   0   0   0   7   1   1   0  11  37   0   1   6   1   6   4   0   7   6  0.32 0.26
    6 A    1 -3 -3 -4 -1 -2 -3 -3 -4  2  2 -3 -1  2  0  1  0  0 -1  0   12   1   1   0   1   1   0   1   0  15  24   0   0  11   5  16   5   1   1   6  0.28 0.26
    7 T    2 -3 -3 -3 -3 -3 -3  1 -4  0  2 -3 -1  1  0  1  2  0 -1  0   17   0   0   1   0   0   0   9   0   5  26   0   0   6   4  13  14   1   1   4  0.26 0.26
    8 A    2 -4 -4 -3  0 -2 -2 -2 -4  1  3 -3 -1  2 -2  0  0 -4 -2  1   21   0   0   1   2   1   1   2   0   8  32   1   0   9   2   6   7   0   0   7  0.31 0.27
    9 L    0 -4 -5 -5  1 -3 -5 -2 -4  2  4 -4 -1  3 -5 -1 -1 -3 -1  0    7   0   0   0   3   1   0   3   0  14  44   0   0  16   0   6   3   0   1   4  0.60 0.37
   10 V    1 -4 -4 -4  3 -3 -4 -2 -2  2  2 -4  0  3 -3 -1  0  0 -1  2   15   0   0   0   7   1   0   3   1  10  24   0   1  14   1   3   5   2   1  13  0.35 0.26
   11 S    2 -3 -2 -3 -1 -2 -3 -3 -1 -2  1 -3 -2 -3  0  3  2 -1 -1  1   20   0   1   1   1   1   0   0   2   1  17   0   0   0   4  27  12   1   2   9  0.38 0.35
   12 L    1 -2 -4 -4  0 -1 -3 -2 -4  1  3 -2  0  1  0 -1  1 -1 -2  0   13   2   0   0   2   2   0   2   0   8  34   1   1   8   4   4  11   1   1   5  0.29 0.25
   13 L    2 -3 -3 -4  1 -2 -3 -2 -4  2  2 -3 -1  1 -1  0  0 -4 -2  2   17   1   1   0   3   2   1   2   0  11  26   0   0   7   4   6   6   0   0  14  0.27 0.24
   14 P    2  0 -2 -1 -3  0  0 -2 -2 -1 -1 -1 -2 -1  2  2  1 -1  0  0   21   5   0   2   0   5   4   1   0   3   4   3   0   3  11  17   7   1   3   9  0.20 0.22
   15 F    1 -2 -1 -1 -3  0 -2 -2  0  0  2 -2 -1  1 -3  1  1  0  0  1   14   1   2   2   0   5   1   1   2   3  21   1   1   6   0  14  10   1   3  11  0.16 0.20
   16 S    3 -4 -2 -2  1 -1 -3 -2 -3  0 -1 -3 -3 -4 -2  2  1 -5 -4  3   30   0   1   2   2   2   1   1   1   4   4   0   0   0   1  18  10   0   0  20  0.45 0.37
   17 S    2 -1  0  1 -2  0 -1 -1 -2 -1  0 -2 -1 -2  0  2  0 -4  0 -1   23   3   4   7   0   5   2   3   1   4   9   0   1   1   4  21   6   0   4   4  0.19 0.22
   18 A    5 -4 -2 -1  3 -3 -3  2 -4 -3 -3 -2  0 -5  0  1  0 -2 -5 -2   48   0   1   4   5   0   0  13   0   1   2   2   3   0   4  10   5   1   0   1  0.66 0.45
   19 V   -2 -5 -5 -3 -4 -2 -3 -5 -5  3  3 -2 -1  6 -3 -4 -2  3 -1  0    3   0   0   2   0   2   1   1   0  14  25   2   1  36   1   1   2   4   1   5  0.83 0.46
   20 E   -3 -1  3  6 -1  2  0 -4  2 -4 -6  1 -5 -6 -3  0 -2 -6 -5 -6    2   3  15  44   1   8   4   1   6   1   0   7   0   0   1   6   1   0   0   0  0.99 0.54
   21 C   -2 -8 -7 -3 11 -7 -8 -5 -7 -1 -2 -3 -6 -3 -7 -4 -5 -1 -2 -4    3   0   0   2  79   0   0   1   0   4   4   2   0   1   0   1   0   1   1   0  3.09 1.13
   22 S    1 -1  0  2 -2 -1  0 -1  1 -3 -4  3 -3 -4 -2  3  0 -4 -2 -3   11   2   3  11   0   2   6   3   3   1   1  21   0   0   1  26   5   0   1   1  0.39 0.32
   23 K   -1 -1  2  2  2  0 -1 -2  1 -1 -1  2 -1  1  0  0 -1 -3 -2  0    2   1  13  11   5   4   1   2   3   4   5  18   1   6   4   7   3   0   1   8  0.16 0.18
   24 N   -1 -1  3  1  0 -1  0 -3  3  1 -2  0 -2 -3  1  0  1 -4 -3  0    3   2  15   9   2   2   5   0  10  12   2   7   0   1   7   6   9   0   0   7  0.23 0.22
   25 E    0  0  0  1 -3  1  1 -1  1  0 -1  0 -1  0  1  0  0 -3 -1  1    5   7   3  10   0   5  11   4   4   5   6   5   0   6   6   6   3   0   1  13  0.06 0.09
   26 I   -1 -1 -1  1 -1 -1 -1  0  0  2  1 -1 -1  0 -2 -1  0 -3 -2  3    2   4   2  10   1   2   2   9   2  12  13   5   0   4   1   3   4   0   0  24  0.13 0.16
   27 L    0 -2  0  0 -3 -1 -2  3 -3  0  2 -1 -1 -1 -2  1 -2 -4 -3 -1    5   1   5   5   0   2   1  22   0   4  28   4   1   3   1  11   1   0   0   4  0.23 0.23
   28 N   -1  1  2  3 -2  1 -1  0  1 -2 -2  3 -3 -3 -2  1 -1 -5 -3 -2    5   7  11  16   1   5   2   7   4   2   3  21   0   1   1   9   3   0   0   3  0.30 0.25
   29 K   -1  1  2 -1 -4  0 -1  0  0 -4 -1  4 -3 -3  0  1 -1 -4  0 -3    3   5  11   3   0   4   3   9   2   0   6  31   0   1   5  11   3   0   3   1  0.37 0.30
   30 Y   -4 -4 -3 -6 -2 -4 -4 -6  2 -1 -2 -4 -1  5 -1 -2  0  0  7 -2    0   1   1   0   1   0   1   0   5   3   3   1   1  20   3   3   7   1  46   3  1.35 0.67
   31 R   -2  1  3  5 -5  0  0 -4  0 -4 -5  1 -2 -5 -3  0 -1 -6 -3 -3    2   8  12  39   0   5   6   0   2   1   1  10   1   0   1   8   3   0   1   2  0.75 0.45
   32 V   -4 -5 -6 -6 -2 -5 -6 -4 -5  2  5 -5  1  4 -6 -4 -4  0  0  1    0   0   0   0   1   0   0   2   0  10  51   0   2  18   0   1   0   1   3  10  1.02 0.52
   33 N   -1 -2  2  4  0 -2 -1 -1  0 -3 -5 -1 -4 -5 -2  4  1 -5 -1 -4    3   2  11  25   2   1   4   5   2   1   0   3   0   0   1  29   9   0   2   0  0.62 0.43
   34 E   -1  0  1 -1 -4  1  0 -2 -1 -2  1  3 -2 -1  2  1 -2 -4 -3 -3    3   4   6   2   0   6   6   3   2   1  18  22   0   2  12  10   2   0   0   0  0.28 0.27
   35 F   -2 -2 -1 -1  0 -1  0 -1  1  0  3 -1  1 -1 -2  0  0 -2 -3  0    2   1   3   2   2   2   7   6   4   6  35   4   3   1   2  10   7   0   0   5  0.18 0.21
   36 S    1 -2 -1  1 -4 -1 -1  0  1 -1 -3  1 -1  0  3  2 -2 -4 -2 -1   15   0   2   9   0   2   3   8   4   3   1  11   1   4  13  16   1   0   1   5  0.23 0.23
   37 I   -1 -3 -1 -2 -2 -2 -2  3 -1  2  2 -2  0  0 -4 -1 -1 -4 -2  1    4   1   3   1   1   1   1  24   1  16  22   1   2   3   0   5   4   0   1   7  0.28 0.23
   38 G   -1  0  2  0 -3  1  2  0  0 -2 -1  1 -2 -2 -1  0  1 -4 -2  0    3   3  10   5   0   5  14   9   3   1   8  10   0   2   3   8   9   0   0   8  0.12 0.15
   39 G    0 -1 -1 -2 -3 -1 -1  1  4  1 -1  1 -2 -1 -2  1  0  2  0  0    8   2   2   2   0   2   3  12  14  10   5  11   0   2   1  10   4   3   3   5  0.17 0.19
   40 V   -1 -1 -1 -2 -3  0  1 -2  2  0 -1  0 -1 -2 -1  2  2 -1 -2  2    3   2   2   1   0   3   9   2   7   6   3   4   1   1   2  18  17   1   1  16  0.23 0.25
   41 S   -1 -1  0 -2 -3  0 -2 -3  3  1 -1  0 -2  0 -3  2  1  2  0  1    3   3   6   1   0   4   1   0   7  10   6   7   0   4   0  19  10   3   4  13  0.18 0.22
   42 V   -1 -2 -1  1 -4 -1  3 -3 -1  0 -2 -2 -2 -2 -2  1  3 -2  0  2    4   1   1   9   0   2  19   1   1   6   2   1   1   1   1   9  21   1   3  15  0.30 0.29
   43 Q   -3  3  0  0 -4  2  3 -3  1  0 -2  1 -3 -4 -3 -1  1  1 -2 -1    1  17   4   5   0   9  20   1   3   7   4   8   0   0   0   4  10   2   1   5  0.33 0.28
   44 D   -1 -1  2  4 -5  1  3 -3 -1 -5 -4  0 -4 -3 -2  2 -1 -2 -1 -3    5   2   8  25   0   5  20   1   1   0   1   6   0   1   2  16   2   0   3   2  0.52 0.36
   45 T   -1 -3 -4 -3 -5 -2 -2 -4 -5 -1 -2 -3 -2 -5 -5  0  7 -3 -5 -2    4   1   0   1   0   1   3   1   0   4   3   1   1   0   0   5  72   0   0   2  1.52 0.79
   46 P   -3 -4 -5 -1 -6 -2 -4 -4 -2 -3 -4 -2 -2 -3  8 -3 -3 -2 -3 -5    2   1   0   3   0   2   1   1   1   2   1   3   1   1  75   1   1   1   1   1  2.11 0.89
   47 P   -4 -5 -5 -2 -6 -5 -3 -4  0 -6 -6 -5 -6 -5  8 -4 -3 -6 -6 -6    1   0   0   3   0   0   1   2   2   0   1   0   0   1  85   1   1   0   0   0  2.66 1.05
   48 S   -1 -4 -3 -4 -4 -3 -3 -4 -3 -3 -4 -3 -4 -5 -3  5  6 -6 -3 -3    5   1   1   0   0   1   1   1   1   1   1   1   0   0   1  39  44   0   1   2  1.26 0.72
   49 E   -2  0 -2 -3 -3  0  0 -2  2  2 -1  2 -1 -1 -3 -1  3 -2  0  1    1   6   1   0   0   3   7   2   5  14   5  14   1   2   0   4  19   0   3  13  0.23 0.25
   50 T   -2 -1  1 -4 -4 -2 -1 -5 -1  0 -4  1  2 -4 -4  1  5 -5  1 -1    2   3   6   0   0   1   3   0   2   5   1   7   6   0   0  11  45   0   5   3  0.75 0.52
   51 K   -3  1  4  0 -4  0  0 -3 -1  1 -2  2  0 -3 -4  0  2 -5 -4  0    0   9  23   4   0   3   4   1   2  10   2  15   2   1   0   6  13   0   0   6  0.39 0.33
   52 E   -1 -1 -2  1 -4  0  1 -3 -1  1 -2 -1  1  0 -4  0  4 -2  2 -1    3   2   1   9   0   4  10   2   1   8   2   2   4   4   0   7  29   0   9   4  0.33 0.31
   53 S   -2  0  0 -2 -4  0  1 -4  1  0 -2  0 -2 -4 -4  2  4 -5 -4  0    1   6   3   2   0   4  10   0   3   5   3   6   1   0   0  14  33   0   0   8  0.48 0.40
   54 W   -6 -5 -7 -7 -6 -6 -6 -7 -4  1 -1 -6 -4  2 -7 -5 -1  9  7  1    0   1   0   0   0   0   0   0   0   7   6   0   0   7   0   0   5  25  40   9  1.90 0.85
   55 W    0  2 -1 -1 -4  0 -1 -4  1 -2 -1  1 -1  0 -4  1  3  3  3 -2    6  12   2   4   0   4   2   0   4   2   5   8   1   4   0   9  19   4  12   3  0.27 0.26
   56 L   -4 -6 -6 -6 -4 -5 -6 -4 -5  5  3 -5  1  4 -6 -5 -3 -2 -1  2    0   0   0   0   0   0   0   1   0  37  22   0   2  18   0   0   1   0   2  14  1.08 0.53
   57 N   -1 -5  7  4 -6 -3 -3  0 -4 -5 -5 -4 -3 -7 -6  2 -4 -7 -6 -6    5   0  48  22   0   0   1   6   0   1   1   0   1   0   0  16   0   0   0   0  1.42 0.75
   58 I   -3 -4 -6 -6 -5 -5 -4 -5 -6  4  4 -5  1 -1  3 -5 -4 -5 -4  1    2   1   0   0   0   0   1   1   0  24  41   0   3   2  17   0   0   0   0   7  0.99 0.55
   59 C   -4 -3 -2 -3 11 -6 -6 -3 -7 -5 -4 -3 -6 -7 -6 -3 -2 -7 -1 -5    1   2   2   2  78   0   0   2   0   1   1   2   0   0   0   2   2   0   2   0  3.11 1.19
   60 D    1  0  1  1 -4  2  0  3  0 -3 -4  2 -4 -5 -4  0 -2 -5 -4 -4   14   4   7  10   0   9   6  23   2   1   1  15   0   0   0   7   2   0   0   0  0.41 0.31
   61 E    1 -2 -1  1 -5 -2  1  0 -4 -5 -5 -1 -4 -6  6  0 -1 -6 -4 -3   11   2   3   9   0   1   8   7   0   0   1   4   0   0  41   7   4   0   0   2  0.91 0.52
   62 H   -3 -4 -2 -2 -4 -2 -2 -5  0  1  5 -2 -1 -1 -3 -3 -3  0 -3 -1    1   1   2   3   0   2   3   1   2   7  64   3   1   2   1   1   1   1   1   3  0.90 0.51
   63 D   -1 -1  2  2 -5  1  2 -1 -3 -2 -4  4 -4 -4  2  0  1 -5 -4 -3    4   2   9  10   0   5  13   4   0   2   0  26   0   1   9   7   8   0   0   1  0.45 0.33
   64 S   -2  2  0  2 -4  1  1 -2 -1 -1 -2  3 -2 -2  1  0 -1  1 -1 -1    2   9   3  11   0   4   9   3   1   4   2  21   0   2   6   9   4   3   2   6  0.22 0.21
   65 K   -1  0  2  3 -1  0  1  0 -2 -1 -3  3 -2 -4  0  1 -1 -4 -4 -2    5   3  10  19   1   4   8   7   0   3   2  18   1   0   4   9   2   0   0   2  0.30 0.24
   66 S    0  0 -1  3 -4 -1  1  1 -2 -2 -2  2 -2 -4  0  1  1 -4 -4 -2    5   3   2  18   0   2   8  12   1   2   4  16   1   1   4  13   7   0   0   3  0.28 0.24
   67 S    0 -3  1  3  0 -1  1  0 -1 -3 -4  1 -3 -3  1  1  2 -3 -4 -3    7   0   5  19   2   2  10   8   1   2   1   8   0   1   7  12  13   0   0   1  0.32 0.27
   68 I    0 -1 -1 -1 -2 -1  0 -1 -1  1  1  0  0  0 -1  0 -1 -3 -1  2   10   3   4   3   0   1   5   4   1   8  18   5   1   4   3   5   3   0   1  20  0.09 0.12
   69 P   -1 -2  0  2 -5 -1  2 -1 -3 -5 -4  2 -4 -4  5  0 -3 -5 -1 -3    6   1   4  10   0   3  11   4   0   0   2  12   0   1  33   7   0   0   2   1  0.72 0.42
   70 D   -1 -3  0  6 -5 -1  3 -3 -4 -5 -3  1 -3 -4 -1  0 -1 -6 -4 -4    4   1   4  41   0   2  20   2   0   0   2   7   0   1   3   7   3   0   1   1  0.84 0.49
   71 Q   -3  1 -1  0 -6  6  3  0  2 -3 -4  0 -4 -3 -4 -2 -1 -5 -2 -4    1   8   3   4   0  40  18   6   4   1   1   4   0   1   0   3   3   0   2   1  0.87 0.55
   72 C   -6 -8 -8 -8 11 -8 -4 -5 -8 -6 -5 -5 -7 -7 -8 -6 -6 -7 -3 -6    0   0   0   0  93   0   1   1   0   0   1   1   0   0   0   0   0   0   1   0  4.22 1.47
   73 N   -1 -5  1  0 -2 -2 -1 -1 -1 -6 -6  1 -6 -5  7  0 -4 -6 -4 -4    4   0   6   6   1   2   3   5   2   0   0   9   0   0  53   7   1   0   0   1  1.31 0.67
   74 V    0 -1  1  2 -4  1  2 -1 -1 -3 -2  3 -3 -3  1  1 -1 -5 -3 -1    9   1   6  11   0   5  12   3   1   0   3  19   0   1   8  13   3   0   1   4  0.28 0.25
   75 K   -4 -4  4  3 -6 -4 -2  6 -4 -7 -7 -1 -6 -5 -3 -1 -3 -6 -4 -4    0   0  18  16   0   0   2  52   0   0   0   3   0   0   1   4   1   0   1   1  1.28 0.66
   76 D    1 -4 -4  0 -5 -4 -4 -4 -5 -3 -5 -3 -5 -6 -3  3  6 -6 -6 -2    9   1   0   6   0   0   0   1   0   1   0   1   0   0   1  20  56   0   0   3  1.32 0.76
   77 I   -2  4  1 -3 -3  2 -3 -4 -2 -2 -1 -2  1  0 -5 -3 -1  7  3 -2    3  24   7   2   1   8   1   1   1   2   6   1   3   3   0   1   5  18  11   3  0.77 0.48
   78 F    2 -5 -6 -6 -3 -5 -5 -3 -6  5  0 -5 -1  1 -5 -4 -4 -5 -4  5   15   0   0   0   0   0   0   2   0  28   6   0   1   6   0   0   0   0   0  41  1.07 0.57
   79 C   -6 -8 -7 -8 12 -7 -8 -7 -7 -4 -6 -7 -6 -7 -7 -6 -6 -7 -3 -6    0   0   0   0  95   0   0   0   0   1   0   0   0   0   0   0   0   0   1   0  4.34 1.49
   80 G    1 -1 -2 -2 -1  1  0  3 -2 -1  1 -1  3 -1 -2  0 -1 -1 -1 -2   13   4   1   1   1   7   5  25   1   2  13   4   8   2   1   5   3   1   2   1  0.22 0.17
   81 V   -2  2 -2 -2 -3 -1 -3 -4 -3  3  1 -1  1  0 -4 -2  2 -1 -1  2    3  12   2   2   0   2   0   1   0  19  16   2   3   3   0   1  13   1   2  17  0.35 0.27
   82 T   -2  1 -2 -3 -4  2  1 -2 -3  0 -3  2 -2 -4 -4 -1  4 -3 -4  1    2   6   1   1   0   9  10   2   0   5   2  14   0   0   0   3  32   0   0  10  0.51 0.39
   83 S   -2  2 -1 -2 -4  1  0 -4  2  0 -2  0 -1 -1 -3  1  2  1  1  1    1  13   2   2   0   6   7   0   5   7   3   6   1   2   0  12  15   2   4  11  0.21 0.23
   84 V   -1 -3  2 -3 -1 -3 -3 -4  0  3  0 -2 -1  0 -1  0  0 -1  0  3    3   1  12   1   1   1   1   1   2  20   7   2   1   4   3   9   5   1   3  24  0.33 0.27
   85 A   -1  0  4 -1 -4  1  0 -2  0 -1 -2  2 -2 -1 -2  1  2  1  1 -2    4   6  21   2   0   5   4   2   3   4   4  11   0   2   1   8  12   2   4   2  0.25 0.24
   86 L   -2  2  1  0 -3 -1 -1 -2  2  0  1  2 -1  0 -3  0  0 -3 -1  0    2  14   9   4   0   1   2   2   5   5  18  12   1   4   0   5   6   0   2   6  0.14 0.17
   87 P   -1 -1  0  3 -5  0  1 -2 -2 -1 -5  3 -4 -5  5 -1 -3  1 -3 -3    4   3   3  18   0   3   8   3   1   4   1  17   0   0  26   4   1   2   1   1  0.64 0.41
   88 G   -1 -4  2  4 -5  0  0  4 -2 -6 -6  1 -5 -6 -4  2 -2 -1 -4 -4    4   0  10  23   0   4   5  28   1   0   0   8   0   0   1  13   1   1   1   1  0.71 0.46
   89 K   -1 -1  2  2 -5  1  3  0  1 -3 -4  2 -4 -5 -2  0  0 -5 -3 -3    3   3  11  11   0   5  24   7   3   2   1  15   0   0   2   8   4   0   1   2  0.41 0.31
   90 E   -1 -2 -1  4 -5  0  3 -2 -3 -2 -3  1 -4 -5  2  0  1 -5 -4 -2    4   1   2  25   0   3  17   3   0   2   2  10   0   0  11   8   9   0   0   2  0.49 0.35
   91 S   -1 -2  0  2 -4  0  2 -1  1 -4 -2  0 -4 -3  4  1  0 -2 -2 -3    4   1   5  13   0   3  12   4   3   0   3   6   0   1  24  11   6   1   1   1  0.46 0.33
   92 I   -2  5 -1 -3 -4 -1  0 -4  0  2  0 -1  0  0 -3 -1  0 -1  0  0    2  35   2   1   0   2   6   1   2  12  10   2   2   5   1   4   6   1   3   6  0.46 0.34
   93 V   -2 -2 -4 -3 -4 -3 -3 -4 -3  4  2 -3 -1 -2 -1 -4  0 -4 -2  4    3   3   0   1   0   1   2   1   1  24  18   2   1   1   4   0   7   0   1  32  0.62 0.39
   94 T    0 -2 -1 -1 -3 -1  1 -2 -2  2  0 -2 -1 -2 -2  1  3 -1 -2  1    7   1   2   3   0   3   8   3   1  11  11   1   1   2   1   9  26   1   1   9  0.23 0.25
   95 K    0  1  0 -1 -5  5  3 -2 -1 -4 -4  1 -2 -5 -3  1 -2 -1 -1 -2    6   8   4   3   0  25  22   3   1   1   1   8   1   0   1   8   2   1   2   2  0.55 0.41
   96 V    0 -4 -5 -6 -4 -5 -5 -6 -2  3  0 -3 -1 -1 -3 -4 -2 -5 -2  6    6   1   0   0   0   0   0   0   1  18   7   1   1   3   1   1   2   0   1  54  1.07 0.57
   97 M   -4 -2 -5 -5 -4  0 -3 -2 -1  6 -1 -1  0  2 -3 -4 -2 -2 -2  3    0   2   0   0   0   5   1   3   1  43   4   5   2   9   1   0   3   1   1  18  0.78 0.46
   98 D   -1 -2  1  2 -5 -2  1 -3  0 -5 -4 -2 -5 -6  6  1 -2 -6 -5 -4    5   2   7  10   0   1   8   1   2   0   2   1   0   0  44  12   3   0   0   1  1.05 0.59
   99 F   -1 -5 -2 -4 -4 -5 -5 -5 -3  4  1 -5  0  4 -5 -3 -3  1 -1  4    4   0   2   1   0   0   0   1   0  26  10   0   2  17   0   1   1   2   1  30  0.81 0.45
  100 T    4 -3 -2  0 -1 -3 -2  0 -1 -4 -4 -1 -1 -5  0  2  1 -5 -3 -1   40   1   2   6   1   1   1   8   1   0   0   4   1   0   5  15   8   0   1   3  0.54 0.41
  101 S    0  0  2  0 -4  1 -1  3 -2 -2 -3  1 -1 -2 -1  1 -1 -4 -2 -2    7   4  10   5   0   5   4  29   1   2   2   8   1   2   3   9   4   0   2   3  0.29 0.23
  102 S    0 -2  2  3 -4 -1  1  1 -2 -2 -3  1 -3 -4 -1  3  0 -5 -3 -4    6   1   9  19   0   2   7  10   1   2   2   9   1   1   2  23   6   0   1   0  0.40 0.33
  103 V    1 -2 -1 -2 -3 -1 -1 -1 -2  1  1 -2 -1  1  2  0  1 -2  1  0   13   2   3   2   0   3   2   3   1   7  18   2   1   5  11   6   9   0   5   7  0.13 0.15
  104 A    1 -1  1  2 -3  0  1  0 -1 -1 -2  1 -2 -2  0  2  1 -4 -2 -1   12   2   7  10   0   4  11   5   1   3   3  11   1   2   3  15   7   0   1   3  0.16 0.17
  105 L   -1 -2 -1  0 -3  0  0 -1 -1  0  0  0 -2  1  3  0  1 -1  1 -1    5   1   2   5   0   5   7   5   2   6   8   6   0   9  17   6   8   1   5   3  0.17 0.16
  106 E    0 -1  1  3 -4  1  2 -1 -1 -2 -2  0 -2 -3 -3  2  1 -5 -3 -1    7   3   7  15   0   5  13   5   1   1   3   6   0   1   1  18   8   0   1   4  0.26 0.24
  107 V    1 -2 -1 -1 -3 -2 -1 -1 -2  1  0  1 -1  0 -2  0  1 -1  1  2   11   1   3   2   0   1   3   4   0   8   8  10   1   3   1   7   9   1   6  21  0.11 0.16
  108 K   -1  0  1  3 -4  0  3 -2 -2 -1 -2  0 -2 -3  0  1  1  0 -2 -3    3   4   5  21   0   4  18   3   1   4   5   6   1   1   4  10   9   1   1   1  0.30 0.26
  109 E   -1 -2  1  2 -4  1  2 -2  1 -4 -3  1 -3 -2  0  2  0  0 -1 -1    5   1   6  14   0   5  17   3   3   0   2  10   0   2   4  15   5   2   2   5  0.27 0.24
  110 T   -1 -1  3  1 -4  0  0  0 -1 -1 -1  1 -1 -4 -2  2  2 -2 -1 -2    3   1  14   6   0   3   7   8   1   3   5   9   1   0   1  18  12   1   3   3  0.21 0.22
  111 A    0 -1  1  2 -4  1  1  1  0 -5 -5  1 -3 -4  3  1  0 -5 -4 -4    6   3   8   9   0   6   9  13   2   0   0  10   1   0  13  12   7   0   0   0  0.35 0.28
  112 E   -2 -1  1  2 -5  0  3  1 -1 -5 -3  2 -4 -4  0  2  0  0 -1 -4    2   3   6   9   0   3  19   9   1   0   2  15   0   0   5  14   7   1   2   0  0.35 0.30
  113 A    0 -3  0 -1 -4  0  0  5 -1 -1 -3 -1 -4 -1  1  0 -2 -4  0 -3    7   1   5   3   0   4   7  40   2   4   3   3   0   2   8   5   1   0   3   2  0.49 0.34
  114 L   -4 -5 -6 -6 -2 -5 -6 -4 -2  2  5 -6 -1  3 -4 -5 -3  1  0  2    0   0   0   0   1   0   0   1   1   9  54   0   1  12   1   0   1   2   3  12  1.03 0.54
  115 S   -2  2  0 -2 -4  3  0 -2  1  0 -2  0 -2 -2 -4  2  1  0 -1  0    2  14   3   1   0  14   7   2   3   7   4   4   1   1   0  17  10   1   3   7  0.25 0.26
  116 I   -2 -5 -6 -6 -4 -5 -3 -3 -5  4  4 -5  1  0 -5 -5 -3  2 -1  3    3   0   0   0   0   0   2   2   0  22  40   0   2   3   0   0   1   3   2  19  0.87 0.47
  117 R   -1  1 -1 -2 -3  1  2 -3  0  1 -1  1 -2 -2 -3  0  3 -4 -1  0    4   7   3   1   0   6  13   0   3   8   5  10   0   1   0   8  20   0   2   8  0.23 0.23
  118 L   -3 -4 -4 -5 -1 -4 -5 -4 -4  0  4 -5  4  4 -5 -3 -3  1  3 -1    2   0   1   0   1   0   0   1   0   4  42   0  10  19   0   2   1   2   8   4  0.86 0.46
  119 S   -1 -1  2  0 -4  1 -1 -1  7 -4 -4  1 -4 -4  1  1  1 -4  0 -3    5   3  10   4   0   5   4   5  26   0   1   9   0   0   6   9   7   0   3   2  0.56 0.36
  120 G   -2 -4  1 -1 -6 -4 -2  7 -5 -6 -4 -3 -5 -6 -5 -2 -2 -6 -6 -6    3   1   7   4   0   1   3  72   0   0   2   1   0   0   0   2   2   0   0   0  1.60 0.73
  121 A    1 -2  0 -1 -4 -1 -2  4 -3  0 -3 -2 -3 -4  1  0 -1 -4 -2  0   11   2   4   3   0   3   3  37   0   5   2   2   0   0   8   6   4   0   1   6  0.44 0.29
  122 A    0  0  0 -1 -3  0  1 -2  0 -2 -2  2  0 -2 -1  2  1 -2  1 -2    7   5   4   3   0   4  10   1   2   1   3  18   3   1   3  16  11   1   4   3  0.21 0.20
  123 W   -4 -4 -4 -2 -2 -2 -3 -4 -2 -2 -3 -4 -4  0 -4 -3 -3  9  7  0    1   1   1   3   1   2   2   2   1   3   2   1   0   3   1   2   1  25  43   6  1.72 0.75
  124 G    1 -2  2 -1 -4 -1 -1  4 -2 -3 -3 -1  1 -4  1  0  0 -4 -4 -1   10   2   9   3   0   2   4  37   1   1   3   3   3   0   6   5   5   0   0   4  0.45 0.31
  125 S   -1 -1  2  3  0  0  1  2 -1 -4 -4  1 -2 -4  0  1 -1 -5 -2 -3    4   2  12  17   2   4  10  16   1   0   1   9   1   0   5  11   2   0   1   1  0.35 0.26
  126 H   -2  3  2  0 -4  2  0 -1  1 -1 -2  2 -2 -3 -2  0  0 -4 -1  0    3  15  12   5   0  11   4   4   3   4   3  16   1   1   1   5   6   0   2   6  0.25 0.22
  127 I    0  0  0  0 -3  1  0 -2 -1 -2 -2  2 -1 -2  3  1  1 -4 -2 -1    9   6   4   5   0   6   6   1   1   2   3  14   2   2  14  11   9   0   1   3  0.23 0.19
  128 L   -3  0 -2 -2 -2  6 -2 -4  0  1  0 -1  0 -1 -2 -2 -2  0 -1  1    2   4   1   2   1  41   1   1   2   8  11   2   2   3   2   3   2   1   2   9  0.66 0.44
  129 N   -1  1  1  2 -4  0 -1 -2  0 -3 -3  3 -1 -2 -2  3  0 -4 -1 -3    4   8   7  10   0   4   3   2   2   1   2  20   2   1   2  23   4   0   2   1  0.35 0.27
  130 A    4 -2 -4 -4  0 -2 -3 -2 -4 -2  0 -2  0  0 -2  0  3 -4 -4  1   41   1   0   0   1   2   0   2   0   2   8   1   2   4   2   5  16   0   0  12  0.55 0.38
  131 D   -1  0  2  1 -3  0  1 -3  0  1  0  0 -1 -2 -3  1  0 -3 -1  1    5   4  14   7   0   5   8   0   2   7   8   7   1   1   0  11   5   0   2  12  0.12 0.14
  132 I   -1 -4 -4 -4 -3 -4 -4 -4  0  5  2 -4  1  3 -4 -3 -1 -3 -2  2    4   0   0   0   0   0   1   1   3  33  20   0   3  15   0   1   3   0   0  12  0.68 0.30
  133 Y   -1  1  1  0 -3  1  2 -3  1 -1 -2  0  0 -1 -2  1  2  1  1 -1    4   8   7   5   0   6  13   1   4   3   3   6   2   2   0   9  17   2   5   4  0.16 0.14
  134 L   -4 -4 -5 -5 -4 -4 -5 -5 -4  0  2 -5  3  7 -5 -4 -4  3  2  0    1   0   0   0   0   0   1   1   0   5  23   0   6  45   0   1   1   4   6   6  1.16 0.43
  135 Q   -1  0 -1 -2 -3  1  1 -2  2  2  1  0  1  0 -3 -1  0  1  1  1    3   3   3   0   0   8   9   2   5  15  12   6   5   3   0   4   6   2   4   9  0.09 0.10
  136 C   -4 -5 -5 -1 11 -5 -5 -5 -5 -1 -1 -5 -4 -4 -5 -4 -4 -5  0 -4    1   0   0   4  78   0   1   1   0   3   5   0   0   0   0   1   1   0   3   1  2.77 0.73
  137 Q    0 -2  1  5 -3  0  0  0  0 -2 -4  0 -3 -4  0  0 -1 -4 -3 -1    9   1   5  42   0   3   4   6   2   2   1   5   0   0   4   8   2   0   0   4  0.54 0.25
  138 E   -1  1  0  2 -4  1  2 -2  1 -3 -3  2 -3 -2  2  0  1 -4 -1 -2    3   6   3  11   0   4  16   2   4   0   2  15   0   2  10   8  12   0   2   2  0.29 0.25
  139 K   -1 -1  3  2 -4  0  2 -2  0 -3 -4  1 -3 -4  0  1  1 -4 -1 -2    5   2  15  12   0   2  18   2   2   1   0  10   0   0   5  14   8   0   2   3  0.34 0.28
  140 G    1  1  0  1  0  0  1  1  0 -1 -1  1  0 -3  0  0  0 -3 -2 -1   12   7   3   9   3   4  10  11   2   3   4   8   3   0   3   7   5   0   1   4  0.09 0.09
  141 S    0 -1  2  3 -4  0  2  0  0 -2 -4  0 -3 -2 -1  1  1 -4 -3 -1    6   2   8  21   0   4  13   6   2   2   0   7   0   1   2  11  12   0   0   4  0.30 0.25
  142 G    0  0  1  2 -3  0  1  2 -2 -2 -1  0 -2 -3  1  0  0 -3 -1 -1    7   3   8  12   0   3  12  16   0   3   6   6   0   0   7   6   4   0   2   4  0.16 0.16
  143 S    0 -2  1  2 -4  0  2 -1 -1 -2 -2  0 -3 -4  3  2  0 -4 -1 -1    6   1   6  15   0   2  13   4   1   2   3   4   0   0  16  15   5   0   2   4  0.31 0.26
  144 L   -1  0 -1 -1 -3  0  3  0 -2  0  0  1  0 -2 -1  0  1 -4 -3  0    4   3   3   3   0   2  20   6   1   5  12   9   2   2   3   8   9   0   0   7  0.13 0.17
  145 T   -1 -1 -1 -1 -3  0  0  0 -2  0  1  0 -1  0  3 -1  1 -3 -1  0    3   3   2   4   0   4   8   9   1   5  14   6   1   5  15   4   9   0   2   6  0.14 0.15
  146 E   -1  0  0  0 -4 -1  3 -1 -3 -2 -1  1 -3  0  2  0  1 -1 -1  0    5   5   5   3   0   1  21   4   0   1   6   8   0   4   9   8  11   1   1   7  0.19 0.23
  147 S   -1 -1  0  1 -3 -1 -1  0 -1  0  0  0 -1  2 -1  0  0  0  1  0    3   4   3   8   0   2   3   8   1   6  12   5   0  12   3   9   6   1   7   6  0.05 0.10
  148 S    0 -1 -1  0 -3 -1  2 -1 -1  0  0  0 -1 -1 -2  1  1 -3  0  0    6   3   1   6   0   2  13   5   1   4  10   7   1   3   1  14   9   0   3   9  0.08 0.14
  149 W   -2  0  0  1 -4 -1  0  0 -2 -2 -3  0 -3 -1  2  1  0  7 -1 -3    3   5   4   7   0   2   7   9   1   3   3   7   1   3   9  12   5  18   1   1  0.46 0.34
  150 T   -1  0  0  0 -4  0  2 -1 -1 -2 -1 -1 -2  1 -1  0  0  4  4 -1    5   6   4   4   0   3  13   5   1   2   5   4   1   5   3   9   7   6  15   4  0.20 0.21
  151 D   -1 -2  1  5 -5 -1  2  0  0 -3 -5  0 -3  0 -2  1 -2  2  0 -4    4   2   6  33   0   3  11   7   2   1   1   5   0   4   1  10   2   3   3   1  0.55 0.41
  152 D   -1  0  3  4 -5  1  2  1 -2 -5 -4  0 -4 -3 -1  0  0 -5  0 -4    4   5  15  22   0   5  11  10   1   0   2   5   0   1   2   6   6   0   4   1  0.42 0.34
  153 Q   -1 -1  2  0  0  0  1  3  1 -5 -4  1 -2 -5 -3  1  1 -5  0 -4    4   3  11   5   2   3  10  24   3   0   1  10   1   0   1  11   7   0   3   0  0.38 0.32
  154 N   -1  0  1  2 -4  1  1 -2  0 -1 -1  1 -2 -3 -1  0  2 -2 -1  1    5   3   5  14   0   8   8   2   2   2   4   7   1   0   2   4  16   0   3  11  0.19 0.22
  155 V   -1 -1 -2 -1 -2  0 -1 -3  2  1  2  1  0 -1 -2 -2 -1  0  2  2    4   3   1   3   1   3   2   2   7   6  25   9   2   2   1   2   4   1   7  14  0.18 0.19
  156 K    0  1  0  1 -4  2  2 -2  0 -2 -2  2 -1 -2 -1  0  0  0  1 -2    9   7   4   7   0   8  13   2   2   2   3  15   1   2   3   8   6   1   5   2  0.19 0.20
  157 L   -1 -2 -2 -1 -3 -1  0 -2 -1  2  2  0  0  2 -2 -1 -1 -3 -2  1    4   1   2   4   0   3   6   4   1  11  26   6   2  11   2   5   4   0   0   9  0.16 0.17
  158 V   -1  1  1  2 -4  1  3 -2 -1 -1 -2  2 -1 -2 -2  1  1 -4 -2 -2    3   9   5  10   0   5  18   3   1   4   2  13   2   1   1   9   9   0   1   2  0.24 0.22
  159 F   -3 -1 -5  0 -5 -2 -2 -2 -1 -1  1 -1  0  0 -5 -3 -2 10  0 -1    2   4   0   6   0   2   3   3   2   4  12   3   2   3   0   2   3  40   3   4  1.35 0.68
  160 S   -1  3  0 -1  0 -1  1 -2 -1 -3 -3  4 -4 -2 -2  2  0 -1 -1 -3    4  15   3   4   2   2   8   3   1   1   3  26   0   1   2  14   5   1   3   1  0.38 0.33
  161 G    0 -1  1  0 -4 -1 -1  1  0 -3 -4  0 -4 -5  0  2  4 -5 -4 -2    6   4   8   4   0   2   4  12   3   1   1   4   0   0   4  16  30   0   0   2  0.45 0.39
  162 P   -1  1 -2  2 -5  0  0 -5 -4 -2 -4  4 -4 -4  5  0 -1 -6 -3 -2    4   7   2  10   0   3   6   0   0   3   1  24   0   1  28   6   3   0   1   2  0.71 0.49
  163 F    1 -1 -1  1 -2 -1  1  0  4 -3 -2 -1 -2  0 -4  2 -2 -4  2 -2   14   2   3   9   1   2   9   6  10   1   3   3   1   4   0  20   1   0   7   3  0.29 0.29
  164 G    4 -4 -2 -1 -1 -2 -1  3 -1 -2 -2  0 -4  0 -2 -1 -1 -5 -4 -2   40   0   1   3   1   1   4  20   2   2   4   5   0   5   2   3   3   0   0   2  0.53 0.42
  165 C   -2 -2 -1  0 10 -3 -1 -3 -1 -3 -2  0 -5 -5 -5 -2 -3 -6 -5 -2    4   2   4   6  55   1   4   2   2   2   4   6   0   0   0   3   2   0   0   2  1.80 0.82
  166 L    1 -1 -1 -1 -3  0  2  0  0 -1  0  1 -1 -1  3  0  0  1 -2 -1   10   2   2   4   0   2  14   7   2   4  10   8   1   3  13   6   4   3   0   4  0.14 0.14
  167 K   -1  1  0  0 -3  0  0  1  1 -1 -1  2 -1  0 -1  1  1  1 -1 -1    3   6   4   6   0   4   4  10   3   3   5  17   1   4   2   9   9   2   2   4  0.10 0.12
  168 K    1  1  0  2 -3  0  1  0 -1 -2 -3  2 -2 -2 -2  1  0  1 -2 -2   11   7   4  13   0   4   7   8   1   2   2  15   1   1   2   9   5   2   1   3  0.19 0.17
  169 G    0  0  0  1 -3  0  2  1  0 -1 -1  0 -1 -1 -1  1  0 -3 -1 -1    8   5   4   8   0   2  15  12   2   4   6   5   1   3   3  10   5   0   2   4  0.09 0.10
  170 N    0 -1  0  2 -3  0  1  1  0 -3 -2  2 -2 -3  1  1  0 -1  0 -2    6   3   5  13   0   3   7   9   3   1   4  12   1   0   8  13   5   1   4   2  0.18 0.18
  171 D   -1 -2  0  3 -3 -1  1  1 -2 -2 -3  1 -2 -1  2  1  0 -3  0 -1    4   1   5  17   0   2  10  11   1   1   2   7   1   3  10  11   5   0   3   5  0.22 0.20
  172 N   -1 -2  2  3 -4 -1  1  0 -1 -3 -2  1 -3 -2  3  1 -1 -4 -1 -2    4   1   9  15   0   2   7   8   1   1   5  10   0   2  15  10   4   0   2   4  0.28 0.23
  173 K   -1 -1  1  2 -3  0  1  1 -1 -3 -3  2 -3 -2  3  1  0 -4 -1 -1    3   3   5  11   0   3   8  12   2   1   3  13   0   1  13  10   5   0   2   4  0.24 0.21
  174 D   -1 -1 -1  3 -4  0  2  0  0 -1 -3  0 -2 -1  2  0 -1  0  0 -2    4   2   2  20   0   3  14   9   2   4   2   6   1   3  10   7   4   1   3   2  0.27 0.22
  175 G    0 -1  0  2 -1  0  1  2  0 -2 -3  2 -2 -4  2  0  0  0 -3 -1    6   2   4  12   1   3   8  16   2   2   2  13   1   0   9   6   6   1   0   4  0.23 0.20
  176 N   -1 -1  1  1 -4 -1  1  3 -1 -3 -2  1 -3 -4  3  2 -1 -4 -4 -2    3   3   6   9   0   2   8  20   1   1   4   8   0   0  13  15   3   0   0   2  0.32 0.26
  177 G    0  0  1  2 -3 -1  1  1  0 -1 -3  1 -1 -3  2  0 -1 -3 -1 -2    8   4   6  15   0   2   8  13   3   3   2   8   1   1   9   8   3   0   3   3  0.19 0.16
  178 D   -1 -1  2  2 -2  0  1  1 -1 -2 -2  0  0 -2  2  0  0 -1 -2 -2    5   3  10  12   1   3  11  10   1   2   3   7   3   1  11   6   6   1   2   3  0.18 0.16
  179 D   -1 -1  0  3 -4 -1  1  2 -1 -1 -3  0 -2 -4  3 -1 -1 -4 -3 -1    3   2   5  17   0   2  10  17   2   4   3   6   1   1  15   4   4   0   0   4  0.33 0.25
  180 D   -1  0  1  3 -3 -1  0  1  1 -2 -1  2 -2 -2  1  1 -1 -3 -1 -1    2   4   6  16   0   2   6  10   3   2   5  14   0   2   6  12   4   0   2   4  0.18 0.17
  181 N   -2  0  0  2 -3 -1  1  1  0 -2 -2  1 -3 -2  2  0  0  2 -1 -1    2   4   5  13   0   2  10  12   2   1   4  11   0   1  11   5   5   4   3   4  0.20 0.18
  182 N    0  0  2  2 -3  0  0  1  1 -3 -2  1 -1 -2  1  0  1  0 -1 -2    6   4   9  11   0   4   5  11   3   1   4  12   1   2   6   5  10   2   1   3  0.14 0.14
  183 D   -1 -1  0  2 -1  0  1  0  0 -1 -1  0 -2 -3  3  0 -1 -3 -1 -1    4   3   4  13   1   3  10   7   2   4   5   7   0   1  17   9   2   0   2   5  0.22 0.18
  184 K   -1 -1  0  2 -3  0  1  1 -1 -2 -1  1 -2  0  2 -1  0  2 -1 -1    4   2   4  14   0   3   7  11   1   1   6  11   0   4  10   4   6   3   2   4  0.15 0.14
  185 D    0  0  1  2 -3  0  1  1  0 -1 -2  1 -1 -2  1  0  1  1 -2 -1    6   6   7  12   0   3   8   9   3   3   4   9   1   1   7   5   8   2   1   5  0.12 0.11
  186 G   -1 -1  0  1  1 -1  0  1 -1 -1  0  0 -2 -2  3  0 -1  0 -1 -1    4   3   3   8   4   2   7  14   2   3  11   6   0   1  13   7   3   1   2   6  0.12 0.12
  187 D    0  1  1  3 -2 -1  1  0  1 -3 -1  1 -2 -2  0  0 -1 -3 -3 -2    8   8   7  19   1   1   9   7   4   1   5   9   0   1   5   8   4   0   1   2  0.21 0.18
  188 D   -1 -1  1  2  0  0  1  0  0 -2  1  0  0 -1  1 -1 -1  2 -2 -2    3   2   7  15   3   3  11   8   2   1  14   7   2   3   7   4   4   3   1   2  0.13 0.14
  189 S    0  0  0  0  1  0  0  1 -2 -1 -1  1  0 -1  2  1  0  2  0 -1    9   4   4   6   3   3   5  12   0   3   4   8   3   3  10   9   4   3   3   3  0.09 0.11
  190 D    0 -1  1  2  1  0  1 -1  2 -1 -2  1 -3  0  1  0  0  4  0 -1    7   3   6  12   3   4   8   4   5   3   4   8   0   4   6   6   5   7   3   3  0.14 0.16
  191 K   -1  0  0  1  2  0  1  0  0 -3 -2  1 -1  0  1  0  1  1  0 -2    4   5   5   8   4   4  11   6   2   0   3  12   2   5   6   6   9   2   3   3  0.12 0.15
  192 K    0  0  0  0  2  0  0 -1  1  0 -1  0 -2  0  0  0  0  3  1 -1    5   5   5   5   5   5   5   5   5   5   5   5   0   5   5   5   5   5   5   5  0.06 0.08
  193 P    0 -1  0  1  1  0  0  0  0 -1 -1  0  0  1  3  0 -1 -3  0 -1    6   4   4   9   4   3   7   7   3   3   4   5   3   6  16   6   3   0   3   4  0.14 0.15
  194 H    0  0  0  1  1  0  0  0  1 -2 -1  1 -1  0  1  1  0 -3  0 -1    7   3   3   9   4   3   7   8   4   2   5   9   2   5   7   9   6   0   4   3  0.07 0.10
  195 D    0 -1  0  2  1  0  1  1 -2 -3 -2  1 -3  0  1  0 -1  0  0 -1    7   3   5  14   3   3   9  13   0   0   4   9   0   4   6   7   4   1   4   4  0.14 0.16
  196 G   -1 -1  0  2  3  0  1  2  0 -2 -2  0 -3 -1  1  0 -1  1 -1 -1    4   3   4  11   7   3   8  16   3   2   4   5   0   2   7   7   3   2   2   5  0.14 0.15
  197 D   -1 -1 -1  3 -4  0  2  2  0 -2 -1  0 -3  0  2 -1 -1  1 -2 -2    4   2   3  16   0   3  14  14   2   3   7   5   0   4  12   2   3   2   1   2  0.23 0.22
  198 K   -1  0  0  3 -3 -1  0  1  0 -2 -1  1 -2  0  0  1 -1 -3 -1 -1    5   4   4  17   0   1   6  12   2   2   6   9   0   6   5  10   4   0   2   4  0.15 0.16
  199 N   -1 -1  1  3 -3  0  1  1 -1 -2 -1  0 -1  0  0  0 -1 -3  0  0    4   2   6  16   0   5   9  10   2   1   8   6   1   5   5   7   3   0   4   6  0.12 0.15
  200 G    0 -1  0  3 -3 -1  0  1 -1 -2 -1  0 -1  0  2  0 -1  2 -1 -2    7   2   4  16   0   2   7  13   2   2   7   4   1   4  10   8   3   3   2   2  0.17 0.17
  201 S   -1 -1  1  2 -3  0  1  1  0 -2  0  0 -2  0  1  1 -1  0 -2 -2    5   2   6  15   0   3   8  11   2   2   9   5   0   6   6  10   4   1   0   3  0.13 0.15
  202 K   -1  0 -1  2 -3 -1  1  1 -1 -2 -1  0 -1  1  1  0  0 -3 -2 -1    3   6   2  12   0   2  10  11   2   2   8   7   1   8   8   8   6   0   0   4  0.12 0.15
  203 P   -1 -1 -1  1 -3 -1  0  1 -1 -1  0  0 -1  0  3  0  0 -3 -1 -1    5   2   2   8   0   1   5  13   2   3   8   8   1   6  15   9   4   0   2   5  0.15 0.15
  204 K    0 -1  0  1 -3  0  0  2 -2 -2 -1  0 -2 -1  2  1  0  0 -1 -1    7   3   3   8   0   4   5  15   0   2   7   7   0   3   9  15   4   1   2   5  0.13 0.15
  205 G    0  0  0  0 -3  1  0  0  1  0 -1  0  1  0  0  0  0  3 -1  0    6   6   5   6   0   5   6   6   5   6   6   6   5   5   6   6   6   5   0   6  0.06 0.09
  206 G    0  0  0 -1 -3 -1  0  1  1 -1  0  1  0  1  0  1  0  1 -2 -1    7   6   5   3   0   0   6  12   3   3   8   8   3   6   5  13   4   2   0   5  0.06 0.11
  207 A    0  0  0 -1 -3  0  0  1  1 -1 -1  0 -1  1  0  2  0  1  0 -2    7   4   4   3   0   4   4   9   3   3   6   6   2   7   4  22   6   2   2   2  0.11 0.17
  208 G    0  0 -1 -1 -4  0 -1  4 -3 -2 -1  0 -3  0 -1  2  0  1 -1 -2    5   5   3   3   0   3   3  29   0   2   7   6   0   4   3  15   5   2   2   3  0.27 0.26
  209 L   -1  0 -1 -1 -3 -1 -1  2  3  0  0 -2  0  1 -2  2 -1  1 -2 -1    3   5   2   2   0   2   3  18  10   7   7   2   3   8   2  16   2   2   0   5  0.18 0.22
  210 G   -1 -1 -1 -3 -4 -3 -2  2  0  0  0 -2  0  1 -2  0  0  8 -1 -2    4   3   2   2   0   0   2  15   2   5   9   2   3   6   2   7   6  23   2   3  0.61 0.40
  211 S    0  0 -2 -1 -1 -3 -2  4  0  0 -2 -2 -1  0 -2  2  1 -4 -1 -2    7   4   1   3   1   1   2  33   2   7   3   2   1   4   2  15   7   0   2   2  0.38 0.29
  212 W   -2 -1 -3 -4  0 -3 -3 -1  0 -1  0 -3 -1  5 -4 -2 -1  8  0 -2    4   4   1   1   2   1   1   6   3   3   7   1   2  27   1   4   4  23   2   3  0.95 0.45
  213 L   -3  0 -4 -4 -4 -4 -4 -2 -3  2  0 -4  1  7 -2 -2 -3  0 -1  0    2   5   1   1   0   1   1   4   0  10   8   1   3  50   2   3   1   1   0   5  1.04 0.49
  214 V   -1 -3 -2 -3  0 -2 -3  0 -3  0  0 -2  0  2 -1  1  4 -3 -1  0    5   1   1   1   2   2   1   9   0   5   7   2   3   9   2   8  34   0   1   6  0.34 0.28
  215 W   -1 -2 -4 -2 -2 -3 -4 -4 -4  1 -2 -1  0  1 -1 -1  0 10  0  0    4   2   1   2   1   1   1   1   0   9   3   5   2   4   3   5   7  38   3   8  1.22 0.55
  216 L   -2 -4 -4 -4 -3 -4 -4 -3 -4  2  3 -4  2  5 -3 -2 -2  0  1  1    2   1   0   1   0   0   1   2   0  14  34   1   5  23   1   2   2   1   3   7  0.64 0.35
  217 F   -2 -4 -4 -4  0 -4 -4 -4 -4  3  1 -4  0  6 -4 -2 -1 -3  0  1    3   1   1   1   2   1   1   1   0  17  14   1   2  36   1   3   3   0   2  11  0.76 0.39
  218 M   -2 -4 -4 -4  0 -3 -4 -3 -4  4  1 -2  2  1 -4 -1  0  2 -2  2    3   0   0   0   2   0   1   2   0  33  15   2   5   5   0   5   6   3   1  16  0.52 0.31
  219 Y   -2 -4 -4 -4  0 -3 -4 -3 -3  4  3 -3  2  2 -4 -1 -1 -3  2  1    2   1   0   1   2   0   1   2   0  25  28   1   5   9   1   5   3   0   9   7  0.50 0.29
  220 A    2 -3 -3 -4  0 -3 -3  0 -3  1  2 -3  0  2 -3  0 -1 -3 -1  1   24   0   0   1   2   0   1   6   0   8  25   1   2   8   0   6   2   0   1  12  0.31 0.24
  221 T   -1 -3 -3 -4 -1 -3 -3  0 -3  2  1 -3  0  4 -3 -1 -2 -3 -1  3    5   1   1   1   1   0   1   7   0  14  14   1   2  23   1   5   2   0   0  23  0.43 0.27
  222 I    0 -2 -2 -2  3 -2 -2  0 -2  1  0 -2  2  1 -2  0  1 -1  2  1    9   0   0   0   8   0   1   9   0   9   9   0   9   9   0   9   9   0   9   9  0.11 0.11
  223 F    0 -1 -2 -3  2 -2 -2  1 -2  1  1 -2  1  2 -3 -1  0  2  1  1    8   4   0   0   6   0   0  13   0   7  16   0   5  10   0   5   5   4   4  12  0.11 0.10
  224 A    0  0 -2 -3  0 -2 -2 -1 -2  1  1 -2  1  3 -1  0  0 -2  0  1    9   6   0   0   2   0   0   5   0  11  12   0   3  22   3   7   8   0   2   7  0.14 0.14
  225 L    2 -2 -2 -3  1 -1 -2  0 -3  1  1 -2  0  1  1  0  0 -3 -2  1   28   0   0   0   4   3   0   7   0   6  15   0   3   6   6   6   3   0   0  12  0.16 0.16
  226 I    2 -2 -2 -3  0 -1 -2 -1  0  2  0 -2  0  0 -2  0  0 -3 -1  1   25   0   0   0   2   3   0   4   3  21   9   0   2   3   0   5   7   0   2  12  0.17 0.17
  227 Y   -4 -4 -4 -5 -4 -4 -4 -2  1 -1 -1 -4 -3  3 -5 -4 -4  2  8 -1    0   0   0   0   0   0   0   4   3   2   4   0   0   9   0   0   0   2  71   5  1.64 0.61
  228 L   -2 -3 -4 -4  0 -3 -4 -3 -3  2  3 -3  1  4 -1 -3 -2 -2  0  1    2   0   0   0   2   0   0   2   0  14  37   0   3  24   4   0   0   0   2   8  0.48 0.25
  229 V    0 -3 -3 -3 -1 -3 -3  1 -3  3  1 -3  1 -1 -1 -1  0 -3 -2  2    8   0   0   0   1   0   0  16   0  31  11   0   5   2   2   2   5   0   0  16  0.27 0.19
  230 V    0 -3 -3 -3  0 -3 -3  2 -3  2  1 -3  1  3 -1 -2 -2 -2  1  1    8   0   0   0   2   0   0  17   0  12  19   0   3  16   3   2   0   0   4  14  0.20 0.15
  231 T   -1  0  0 -2 -3  0 -2  5  1 -2 -1 -2 -1 -3 -3  0  1 -3 -2 -1    2   5   4   0   0   3   0  52   4   1   7   1   1   0   0   5   9   0   1   4  0.56 0.27
  232 S    3  0 -2 -2  0 -2 -2 -1 -2  0 -1 -2  1 -1 -2  3  0 -3  0  0   35   5   0   0   2   0   0   1   0   7   5   0   4   2   0  27   4   0   3   5  0.28 0.23
  233 Y   -1 -3 -4 -4 -1 -3 -4 -3 -2  0  0 -4  0  2 -4 -2 -3  9  6 -1    5   0   0   0   1   0   0   1   0   6   8   0   2   6   0   2   0  32  30   3  1.21 0.42
  234 M   -1  0 -2 -3 -3 -2 -3 -1  2  1  2 -2  1  1 -3 -2 -1 -1  5  0    3   5   2   0   0   1   0   5   6   7  20   2   3   4   0   0   4   0  29   8  0.33 0.22
  235 N   -2  1  7 -1 -4  1 -1 -2 -1 -4 -3  0 -3 -4 -3  0 -1 -4  0 -4    3   8  63   0   0   7   1   1   0   0   2   3   0   0   0   4   1   0   4   0  1.02 0.44
  236 T    0  1 -3 -4 -3 -2 -3 -4  3 -2 -2 -1 -1  2 -4 -2  1  0  7 -1    7   8   0   0   0   0   0   0   6   1   3   3   2   6   0   2   9   1  48   4  0.81 0.39
  237 R   -1  3  3 -1 -3  1  0 -1  1 -3 -1  1 -1 -3 -2  1  0 -3 -1 -3    2  25  20   1   0   7   3   5   4   0   5   7   1   0   0  12   4   0   2   1  0.33 0.21
  238 N   -1  3  0 -2 -2  0 -1  1  2 -1 -2  1 -1 -1 -1  0  0 -2  0  1    2  27   3   1   0   2   3  11   5   3   2   7   1   2   2   4   8   0   5  13  0.17 0.13
  239 G    0 -1  0 -1 -2 -1 -1  3  0 -1 -1 -1 -1  0 -1  0  0 -1  2 -1    5   2   6   3   1   1   4  24   2   4   7   4   1   5   2   8   7   0  10   4  0.12 0.07
  240 S    0  1  1 -1 -2  1  0  1 -1 -1 -2  0 -2 -1 -2  2  2 -2 -1 -1    3  10   8   2   0   8   3  12   0   3   2   3   0   2   1  21  15   0   2   4  0.17 0.13
  241 F    1 -3 -3 -4 -3 -3 -3 -1  0 -1  1 -3  0  3 -4  0 -1 -1  6 -1   11   0   0   0   0   0   0   5   2   2  12   0   2  13   0   8   2   0  38   4  0.64 0.35
  242 N   -1  0  2  0 -3  2  0  3  2 -2 -3 -1 -2 -3  1  0  0 -3 -2 -2    2   3  13   3   0  11   4  31   6   2   1   2   1   0   6   4   7   0   1   2  0.36 0.22
  243 D    3  1  0  2 -2  0  1  1 -2 -2 -2 -1 -2 -3  0  0 -1 -3 -3 -1   30   9   2  17   0   2   7   9   0   2   2   3   0   0   4   3   2   0   0   5  0.23 0.18
  244 F    0  3 -2 -3 -3 -1 -2 -2 -2 -1  0 -1  0  4 -3  0  1  3  1 -1   11  20   1   1   0   2   1   3   0   2   7   2   2  23   1   6   8   5   4   2  0.29 0.21
  245 R   -2  2  0 -1 -2 -1 -1  5 -3 -2 -1 -1 -3 -2  1 -1 -2 -3 -3 -2    1  15   3   2   1   2   3  47   0   3   6   2   0   2   6   4   1   0   0   3  0.52 0.27
  246 E    0 -2  1 -1 -1 -2  0 -1  1  0  1 -1  0 -1 -2 -1  0  7 -1  0    6   1   9   2   1   0   8   4   5   6  13   4   3   1   2   3   5  17   1   9  0.27 0.18
  247 E   -3 -2 -1  6 -4 -1  4 -3 -3 -3 -3 -2 -4 -4 -3 -2 -2 -4 -2 -2    1   1   0  53   0   0  29   1   0   1   3   1   0   0   1   1   2   0   1   2  1.11 0.47
  248 F   -1 -3 -2 -3 -3 -1 -1 -2 -3  0  4 -3  2  3 -2 -2 -2 -2 -1  0    4   0   2   0   0   2   5   3   0   4  46   0   5  18   2   3   0   0   0   5  0.43 0.27
  249 V   -2 -2 -4 -2 -3 -3 -3 -4 -4  4  2 -2  0 -1 -3 -3  0 -3 -2  3    1   2   0   3   0   0   0   1   0  36  23   2   0   2   0   1   4   0   0  23  0.56 0.29
  250 D   -2 -3 -3  2 -4 -2  1 -2 -1 -3 -3 -3 -4 -4  7 -3 -2 -5 -1 -2    2   0   0  10   0   1  10   4   1   2   2   0   0   0  60   1   1   0   2   2  1.37 0.50
  251 R   -1  2  2 -3 -4 -1 -2 -3  8 -3 -3 -1 -3 -3  0  0  0 -4 -2 -3    3  12  12   0   0   1   0   0  42   2   2   3   0   0   4   6   8   0   0   2  0.90 0.43
  252 S    0  3  0 -2 -3 -1 -2  0  2 -1  0 -1 -1  1 -2  1 -1  0  0 -1    8  22   3   2   0   0   1   7   8   4  13   1   1   9   1  12   1   1   3   2  0.14 0.16
  253 T    0  0 -1 -1 -1  0  0 -1 -1  0  0  1  0 -1 -1  0  1  1 -1  1    7   4   2   2   1   3   5   4   1   6   6  16   2   2   2   7  12   3   1  16  0.06 0.06
  254 T   -2 -3  0  6 -4  2  3 -1  0 -4 -5 -2 -4 -5 -3  0 -1 -5 -3 -4    2   0   4  47   0  11  18   3   2   0   0   0   0   0   0   7   4   0   1   0  0.88 0.41
  255 F   -1 -4 -4 -5 -4 -4 -4 -5 -4  0  2 -4  1  6 -5 -1  2 -2  0  0    5   0   0   0   0   0   0   0   0   4  21   0   3  44   0   4  15   0   1   4  0.81 0.41
  256 A    0 -5 -6 -6 -1 -5 -5 -4 -5  3  1 -5 -1  0 -6 -5 -4 10 -2  1    7   0   0   0   1   0   0   1   0  18  13   0   1   4   0   0   0  46   0   9  1.68 0.60
  257 T   -1  5 -2 -3 -4  1 -1 -2 -1 -2 -2  1 -1 -1 -3  0  1 -4 -3  0    5  45   0   0   0   6   2   2   1   2   3   8   1   2   0   7   9   0   0   8  0.57 0.34
  258 N   -1  0  1  4 -4 -1  3 -1 -2 -5 -4  1 -4 -5 -3  1 -1 -5 -4 -4    5   4   5  32   0   1  26   5   0   0   1   7   0   0   0  14   2   0   0   0  0.64 0.33
  259 L   -1 -4 -4 -5 -1 -4 -4 -2 -4  3  3 -4  1  2 -4 -3 -2 -3 -2  3    3   0   0   0   1   0   0   3   0  15  40   0   3   9   0   2   0   0   0  24  0.59 0.31
  260 P   -3 -5 -3 -5 -6 -4 -4 -2 -5 -6 -4 -3 -5 -3  8 -2 -4 -7 -6 -5    1   0   1   0   0   0   0   2   0   0   2   1   0   1  88   3   0   0   0   0  2.57 0.81
  261 Q   -1 -1 -2 -1 -4  0  1  1  1 -3 -3 -3 -1  2 -4  0 -2  1  6 -3    5   2   1   3   0   5  10  11   2   1   1   0   2   6   0   7   2   1  41   1  0.65 0.37
  262 F   -3 -2 -5 -5 -3 -4 -4 -5 -4  1  4 -3  4  5 -5 -2 -2 -3  0  0    0   2   0   0   0   0   0   0   0   6  43   1  11  25   0   3   2   0   2   5  0.74 0.36
  263 A    0 -4 -4 -4  2 -3 -4 -3 -4  3  2 -4  1  1 -4 -2 -1 -3 -2  3   10   0   0   0   4   0   0   1   0  24  22   0   3   8   0   2   4   0   0  23  0.44 0.25
  264 K   -1  4 -1 -3 -4  2 -1 -1 -2 -1 -3  5  0 -3 -3  0 -2 -4 -3 -2    4  23   1   0   0   8   0   4   0   4   1  40   3   1   0   8   0   0   0   3  0.62 0.35
  265 E   -4 -2 -2  6 -6  0  4 -3 -3 -6 -6 -2 -5 -6 -4 -1 -2 -6 -5 -5    0   2   0  56   0   3  33   1   0   0   0   0   0   0   0   3   2   0   0   0  1.42 0.56
  266 V   -2 -4 -4 -5  0 -4 -4 -1 -4  2  2 -4  1  4 -4 -3 -2  5 -1  2    2   0   0   0   2   0   0   5   0  14  22   0   3  22   0   0   1   9   0  20  0.57 0.29
  267 A    1 -3 -3 -4 -2 -3 -3  0 -3  2  0 -3  1  3 -3 -1  0  2  0  2   12   0   0   0   0   0   0   9   0  16   5   1   4  16   0   2   6   4   2  22  0.29 0.21
  268 G    0  3  2 -1 -3  0  0  1  0 -3 -3  1 -3 -2 -3  2  0 -4 -1 -2    4  21   9   1   0   3   5  11   2   0   1   6   0   1   0  25   3   0   3   3  0.31 0.22
  269 K   -2  3 -1 -3 -5  1 -2 -3  6 -4 -4  4 -3 -1 -3  0 -2 -4  1 -4    2  18   2   0   0   5   0   0  21   0   0  35   0   2   0   8   1   0   4   1  0.77 0.39
  270 I    0 -3 -4 -4 -2 -4 -4 -2 -4  4  2 -4  1  1 -4 -2 -2 -3 -2  4    6   1   0   0   0   0   0   2   0  25  24   0   2   5   0   2   1   0   1  31  0.53 0.28
  271 V   -1  0 -3 -4  2 -2 -3 -2 -2  1  1 -1  2  3 -3 -2  1  1  2  2    5   7   0   0   5   0   0   2   0   5  12   3   6  15   0   1  10   2   7  19  0.20 0.17
  272 N   -1  1  3  1 -4  0  0  4  1 -4 -3 -1 -3 -4 -2  2 -1 -4 -3 -3    3   8  15   9   0   3   4  32   4   0   2   2   0   0   1  15   2   0   0   1  0.44 0.24
  273 S   -1  3  1 -2 -1 -1 -2  0 -2 -3 -2  0 -1 -3 -2  2  3  0 -2 -2    2  20   7   0   1   0   0   7   0   0   4   5   2   0   1  20  26   1   1   1  0.37 0.26
  274 G   -1  0  0 -2  2  1 -2  2 -2  1  0 -1  0  2 -2  0 -1 -2 -1  1    4   7   6   1   5   8   1  17   0   8   7   2   1  12   1   6   2   0   0  12  0.08 0.11
  275 S   -1  2  0 -2 -1 -1 -2  3 -1 -3 -2 -1  0 -3 -1  3  0 -3 -2 -2    2  12   3   1   1   2   1  27   1   1   3   1   3   0   2  31   6   0   1   2  0.41 0.25
  276 S    0  0  2 -2 -3 -1 -2  4 -2 -4 -4 -1 -3 -4  1  3  0 -4 -3 -3    5   6  10   0   0   2   1  30   0   0   1   1   0   0   7  29   5   0   0   1  0.51 0.28
  277 S    0  2  1 -2 -3 -2 -2  3  0 -3 -3 -1 -3 -4 -2  3  1 -4 -3 -2    5  14   6   0   0   0   0  24   3   2   1   2   0   0   1  32   7   0   0   2  0.44 0.27
  278 Q   -1  1  2  0 -3  1 -1  1  0 -3 -3 -1 -2 -1 -1  3  1 -3 -1 -3    2   9  11   6   0   7   2  12   2   1   1   0   0   4   2  31   7   0   1   0  0.30 0.22
  279 R   -4  8  0 -2 -5  0 -3 -4 -2 -5 -5 -1 -4 -5 -4 -1 -2 -5 -4 -5    0  83   3   2   0   3   0   0   1   0   0   0   0   0   0   4   2   0   0   0  1.75 0.64
  280 G    0 -3 -1 -2 -4 -1 -2  6 -1 -4 -4 -3 -4 -4 -2  0  0 -4 -3 -4    6   0   1   1   0   2   1  67   1   0   1   0   0   0   1   8   6   0   1   0  1.08 0.40
  281 G   -2 -2 -3 -4 -5 -4 -2  7 -4 -6 -6 -4 -5 -5 -2 -1 -4 -5 -5 -5    1   2   0   0   0   0   3  88   0   0   0   0   0   0   2   3   0   0   0   0  1.81 0.60
  282 Y   -5 -5 -5 -2 -6 -5 -5 -6 -1 -5 -4 -5 -4  1 -6 -5 -5 -1 10 -4    0   0   0   3   0   0   0   0   0   0   0   0   0   2   0   0   0   0  96   0  2.88 0.88
  283 S    1 -3 -1 -2 -3  0  1 -3 -1  0 -3 -2 -3 -4 -3  5  2 -5 -3  0    7   0   1   0   0   4   8   0   1   5   0   0   0   0   0  55  11   0   0   6  0.65 0.39
  284 A    5  0 -1 -3 -3  1 -2 -1 -1 -3 -3 -2 -3 -4  1  2 -2 -4 -4 -1   61   5   2   0   0   6   0   2   1   0   2   0   0   0   7  13   0   0   0   2  0.69 0.37
  285 V   -3 -5 -5 -6 -3 -5 -5 -6 -6  1  0 -5 -2 -3 -5 -4 -3 -5 -4  7    0   0   0   0   0   0   0   0   0   3   4   0   0   0   0   0   0   0   0  93  1.63 0.58

                      K         Lambda
Standard Ungapped    0.1308     0.3128
Standard Gapped      0.0410     0.2670
PSI Ungapped         0.1264     0.3175
PSI Gapped           0.0387     0.2670
