
Last position-specific scoring matrix computed, weighted observed percentages rounded down, information per position, and relative weight of gapless real matches to pseudocounts
           A  R  N  D  C  Q  E  G  H  I  L  K  M  F  P  S  T  W  Y  V   A   R   N   D   C   Q   E   G   H   I   L   K   M   F   P   S   T   W   Y   V
    1 M   -1 -1 -2 -3 -1  0 -2 -3 -1  1  2 -1  5  0 -2 -1 -1 -1 -1  1    0   0   0   0   0   0   0   0   0   0   0   0   0   0   0   0   0   0   0   0  0.00    0.00
    2 S    1 -1  1  0 -1  0  0  0 -1 -2 -2  0 -1 -2 -1  4  1 -3 -2 -2    0   0   0   0   0   0   0   0   0   0   0   0   0   0   0   0   0   0   0   0  0.00    0.00
    3 G    0 -2  0 -1 -2 -2 -2  5 -2 -4 -3 -1 -3 -3 -2  0 -1 -2 -3 -3    0   0   0   0   0   0   0   0   0   0   0   0   0   0   0   0   0   0   0   0  0.00    0.00
    4 S    1 -1  1  0 -1  0  0  0 -1 -2 -2  0 -1 -2 -1  4  1 -3 -2 -2    0   0   0   0   0   0   0   0   0   0   0   0   0   0   0   0   0   0   0   0  0.00    0.00
    5 K   -1  2  0 -1 -3  1  1 -1 -1 -3 -2  4 -1 -3 -1  0 -1 -3 -2 -2    0   0   0   0   0   0   0   0   0   0   0   0   0   0   0   0   0   0   0   0  0.00    0.00
    6 G    0 -2  0 -1 -2 -2 -2  5 -2 -4 -3 -1 -3 -3 -2  0 -1 -2 -3 -3    0   0   0   0   0   0   0   0   0   0   0   0   0   0   0   0   0   0   0   0  0.00    0.00
    7 V    0 -2 -3 -3 -1 -2 -2 -3 -3  2  1 -2  1 -1 -2 -2  0 -3 -1  4    0   0   0   0   0   0   0   0   0   0   0   0   0   0   0   0   0   0   0   0  0.00    0.00
    8 W   -2 -3 -4 -4 -2 -2 -3 -2 -2 -2 -2 -3 -1  1 -3 -3 -2 10  2 -3    0   0   0   0   0   0   0   0   0   0   0   0   0   0   0   0   0   0   0   0  0.00    0.00
    9 G    0 -2  0 -1 -2 -2 -2  5 -2 -4 -3 -1 -3 -3 -2  0 -1 -2 -3 -3    0   0   0   0   0   0   0   0   0   0   0   0   0   0   0   0   0   0   0   0  0.00    0.00
   10 A    4 -1 -1 -2  0 -1 -1  0 -2 -1 -1 -1 -1 -2 -1  1  0 -2 -2  0    0   0   0   0   0   0   0   0   0   0   0   0   0   0   0   0   0   0   0   0  0.00    0.00
   11 P   -1 -2 -2 -1 -3 -1 -1 -2 -2 -3 -3 -1 -2 -3  7 -1 -1 -3 -3 -2    0   0   0   0   0   0   0   0   0   0   0   0   0   0   0   0   0   0   0   0  0.00    0.00
   12 P   -1 -2 -2 -2 -3 -1 -1 -2 -2 -3 -3 -1 -3 -4  8 -1 -1 -4 -3 -3    0   0   0   0   0   0   0   0   0   0   0   0   0   0 100   0   0   0   0   0  2.11 0.04
   13 G    0  3  0 -1 -3  0 -1  4 -1 -3 -3  2 -2 -3 -2  0 -1 -3 -2 -3    0  24   0   0   0   0   0  50   0   0   0  25   0   0   0   0   0   0   0   0  0.51 0.02
   14 N    2  0  3  0 -2  2  0 -1  0 -2 -2  0 -1 -3 -1  2  0 -3 -2 -2   25   0  26   0   0  24   0   0   0   0   0   0   0   0   0  25   0   0   0   0  0.31 0.01
   15 N   -1  4  2 -1 -3  3  0 -2  0 -3 -3  3 -1 -3 -2  0 -1 -3 -2 -3    0  41  20   0   0  19   0   0   0   0   0  20   0   0   0   0   0   0   0   0  0.48 0.03
   16 N   -1 -1  3  0 -2 -1 -1 -1  0 -2 -2 -1 -1  2 -2  1  2 -1  3 -2    0   0  33   0   0   0   0   0   0   0   0   0   0  18   0  16  18   0  15   0  0.28 0.04
   17 R   -1  4 -1  0 -4  3  3 -2  0 -3 -3  2 -2 -3 -2 -1 -1 -3 -2 -3    0  41   0   0   0  17  30   0   0   0   0  13   0   0   0   0   0   0   0   0  0.56 0.05
   18 Q    1  2 -1 -1 -3  5  1 -2  0 -3 -2  1 -1 -3 -2  0 -1 -3 -2 -2   14  17   0   0   0  69   0   0   0   0   0   0   0   0   0   0   0   0   0   0  0.60 0.08
   19 L   -1 -2 -1 -3 -2 -1 -2  1  4  1  2 -2  1 -1 -3 -2 -2 -2  0  0    0   0   0   0   0   0   0  17  27  13  44   0   0   0   0   0   0   0   0   0  0.24 0.05
   20 Y   -1  1  0  2 -2 -1 -1 -2 -1  0 -1  0 -1  0 -1  0  2 -1  2  0    1  14   1  16   0   1   1   1   0  14   1   1   0   1   1   1  30   0  15   1  0.13 0.03
   21 S    1  3 -1 -1 -1  0 -1  1 -1 -1 -1  0 -1 -2 -1  2  0 -2 -2  0   14  26   1   1   0   1   1  11   0   1   1   1   0   0   1  25   1   0   0  15  0.16 0.03
   22 L    0  0  4  0 -2  0 -1 -1 -1 -1  0  1 -1 -2 -1  0  1 -3 -2 -1   11   1  36   1   0   1   1   1   0   1  14  15   0   0   1   1  15   0   0   1  0.19 0.04
   23 D    1 -1  2  2 -2  1  3 -1 -1 -3 -3  0 -2 -3 -1  1  0 -3 -2 -2   24   0  11  13   0   0  41   0   0   0   0   0   0   0   0  11   0   0   0   0  0.39 0.05
   24 A    2 -2 -1 -2  3 -1 -1  1 -2 -1  0 -1 -1 -2  2  1  1 -3 -2 -1   24   0   0   0  12   0   0  14   0   0  11   0   0   0  11  15  13   0   0   0  0.24 0.03
   25 G    0 -1  2 -1 -3  3  0  4 -1 -4 -3 -1 -2 -3 -2  2 -1 -3 -3 -3    0   0  12   0   0  23   0  42   0   0   0   0   0   0   0  22   0   0   0   0  0.50 0.07
   26 S    0  2  0  1 -2  3  0  1 -1 -3 -3  2 -2 -3 -2  2  0 -3 -2 -3    0  14   0   9   0  22   0  10   0   0   0  12   0   0   0  33   0   0   0   0  0.33 0.06
   27 S    2 -1  0  2 -2  2  0 -1 -1 -2 -1  0 -1 -3 -2  2  0 -3 -2 -2   20   0   0  18   0  20   0   0   0   0   9   0   0   0   0  32   0   0   0   0  0.27 0.07
   28 G   -1 -1  2  0 -3  0  2  2 -1 -3 -3  1 -2  0  3 -1 -1 -3 -2 -3    0   0  21   0   0   0  20  18   0   0   0  12   0   8  21   0   0   0   0   0  0.40 0.06
   29 S    0  0  0 -1 -2  1  0 -2 -1 -2  0  2 -1 -2  2  3  1 -3 -2 -2    0   0   0   0   0  10   0   0   0   0  12  24   0   0   8  38   8   0   0   0  0.26 0.07
   30 G    1  0  0  1 -2  0  0  2  2 -3 -3  2 -2 -3 -2  2  0 -3 -2 -2   12   0   0  10   0   0   0  18   8   0   0  21   0   0   0  30   0   0   0   0  0.28 0.06
   31 V    0 -1  2 -1  3  1 -1 -2 -1 -1 -2 -1 -1  1 -2  2  2 -2 -1  0    0   0  12   0   8   8   0   0   0   0   0   0   0   8   0  32  21   0   0  10  0.21 0.07
   32 S    1 -1 -1 -1 -2  0  1  1 -1 -2 -2 -1  1 -2 -2  3  1 -2  1 -2    7   0   0   0   0   0  14   8   0   0   0   0  10   0   0  44   9   0   7   0  0.27 0.10
   33 A    1  2  2 -1 -2 -1 -1 -1 -1 -2 -2  0  1 -2  1  1  1 -2  1 -1   14  15  14   0   0   0   0   0   0   0   0   0  11   0   8  17  14   0   7   0  0.20 0.07
   34 S   -1  2  1 -1 -3  4  1 -2  2 -3 -2  0  1 -3 -2  2  0 -3 -2 -2    0  16   6   0   0  29   8   0   6   0   0   0   7   0   0  22   5   0   0   0  0.38 0.13
   35 S    0 -2  1  1 -2 -1 -1  1 -2 -2 -3 -1 -2 -3  1  3  2 -4 -3 -1    0   0   7  11   0   0   0  11   0   0   0   0   0   0   6  43  18   0   0   5  0.37 0.13
   36 A    1  0 -1 -2 -2  0  1  1 -1  1 -1 -1 -1 -2 -2  0  1 -2  0  0   14   7   0   0   0   6  10  16   0  18   0   0   0   0   0   6  13   0   6   5  0.10 0.07
   37 Q   -1 -1  1  2  1  3  2  0  2 -4 -3  0 -2 -4  2  1 -1 -3 -2 -3    0   0   5  13   5  28  15   7   5   0   0   0   0   0  10  12   0   0   0   0  0.41 0.13
   38 R    0  4  1  0 -3  0  1 -2  1 -3 -3  2 -2 -3 -2  2 -1 -4 -2 -1    5  40   7   4   0   0   6   0   4   0   0   9   0   0   0  19   0   0   0   5  0.41 0.14
   39 H   -1  2  3  1 -3  0  0 -2  3 -3 -3  3 -2 -3 -2  0  2 -3 -2 -3    0   9  20   7   0   0   0   0  12   0   0  27   0   0   0   6  16   0   0   0  0.38 0.14
   40 S    0  0  1 -1 -2 -1 -1  2 -2 -3 -3 -1 -3 -3 -2  5  0 -3 -3 -3    0   6   5   0   0   0   0  19   0   0   0   0   0   0   0  66   0   0   0   0  0.64 0.22
   41 I   -2 -3 -4 -4 -2 -3 -4 -4 -4  4  2 -3  0  2 -3 -1 -1 -3 -1  2    0   0   0   0   0   0   0   0   0  43  24   0   0   9   0   5   0   0   0  18  0.50 0.16
   42 L   -3 -3 -5 -5 -3 -3 -4 -5 -4  0  5 -4  1  1 -4 -4 -3 -3 -2  0    0   0   0   0   0   0   0   0   0   0  94   0   0   6   0   0   0   0   0   0  1.04 0.29
   43 D   -1 -3  0  6 -4 -2  0 -2 -2 -4 -4 -2 -4 -4 -3  2 -1 -5 -4 -4    5   0   0  70   0   0   0   0   0   0   0   0   0   0   0  25   0   0   0   0  1.13 0.30
   44 P   -2 -4 -3 -3 -4 -3 -3 -3 -4 -4 -4 -3 -4 -5  8  1 -2 -5 -4 -4    0   0   0   0   0   0   0   0   0   0   0   0   0   0  89  11   0   0   0   0  2.31 0.40
   45 H   -4 -2 -1 -3 -5 -1 -2 -4 10 -5 -5 -3 -3 -3 -4 -3 -4 -4  0 -5    0   0   0   0   0   0   0   0 100   0   0   0   0   0   0   0   0   0   0   0  2.54 0.50
   46 D   -2 -2  1  0 -3 -2 -2 -3  5  0  3 -2  2  1 -3 -1 -2 -3 -1 -1    0   0   7   5   0   0   0   0  20   0  51   0   5   5   0   7   0   0   0   0  0.41 0.18
   47 S    0 -2 -1 -2 -2 -2 -2 -2 -2 -4 -4 -2 -3 -4 -2  6  0 -4 -3 -3    0   0   0   0   0   0   0   0   0   0   0   0   0   0   0 100   0   0   0   0  1.30 0.39
   48 V   -2 -4 -4 -4 -2 -4 -4 -5 -4  3  1 -4  0 -2 -4 -3 -1 -4 -2  5    0   0   0   0   0   0   0   0   0  20   5   0   0   0   0   0   0   0   0  75  0.89 0.27
   49 M   -2 -3 -4 -4 -3 -3 -4 -4 -2  1  4 -3  3  3 -4 -3 -2 -1  3  0    0   0   0   0   0   0   0   0   0   5  57   0  10  14   0   0   0   0  14   0  0.64 0.20
   50 D   -2 -1  1  3 -5  3  5 -3 -1 -4 -4 -1 -3 -4 -2 -1 -2 -4 -3 -4    0   0   6  16   0  15  63   0   0   0   0   0   0   0   0   0   0   0   0   0  0.98 0.27
   51 L    2 -3 -4 -4 -2 -2 -3 -3 -3  0  4 -3  4 -1 -3 -2 -2 -3 -2  0   24   0   0   0   0   0   0   0   0   0  58   0  18   0   0   0   0   0   0   0  0.60 0.22
   52 L   -3 -4 -5 -5 -3 -4 -4 -5 -4  0  6 -4  1 -1 -4 -4 -3 -3 -2  0    0   0   0   0   0   0   0   0   0   0 100   0   0   0   0   0   0   0   0   0  1.16 0.31
   53 N   -2  2  1  2 -4  5  4 -3 -1 -4 -4  0 -2 -4 -2  0 -2 -4 -3 -3    0  10   5  11   0  34  36   0   0   0   0   0   0   0   0   4   0   0   0   0  0.74 0.22
   54 G   -2  5  3 -1 -4  1  0 -1 -1 -4 -4  2 -3 -4 -3  0 -2 -4 -3 -3    0  48  19   0   0   4   5   5   0   0   0  14   0   0   0   5   0   0   0   0  0.67 0.20
   55 Q    1  0 -1 -1 -3  2  1 -2  2 -3 -3  0 -2 -3  4  1  1 -3 -2 -2   12   5   0   0   0  14  10   0   9   0   0   4   0   0  21  13  11   0   0   0  0.43 0.13
   56 Q    0 -1  2  4 -3  1  1 -1  1 -3 -3  0 -2 -3 -2  1 -1 -3 -2 -2    6   1  11  33   0   6  10   1   5   1   1   6   0   1   1  17   1   0   0   1  0.39 0.11
   57 S    0 -1  3  1 -2  0 -1  0 -1 -1  1 -1 -1 -1  1  1 -1 -2  0 -2    6   1  24   8   0   6   1   5   0   1  19   1   0   1   8  12   1   0   6   1  0.16 0.08
   58 C   -1 -1  2  3  3  1  1 -2 -1 -1 -1 -1 -2 -3  0  2  0 -3 -2 -2    1   1  11  25   8   7   5   1   0   5   5   1   0   0   4  20   4   0   0   1  0.27 0.10
   59 A    0  1 -1  1 -2  0  1  0 -1  0  0  0 -1 -2  1  0  0 -2 -2  0    6  11   1  11   0   1  14   5   0   5  14   1   0   1   9  10   5   0   1   5  0.10 0.04
   60 F    0 -1 -1 -1 -2  1  3 -2 -1  0  0 -1  2  0  0  0  0 -2 -1  1    9   1   0   1   0   6  29   1   0   5   4   1   9   5   4   6   6   0   0  13  0.15 0.09
   61 D   -1 -1  0  0 -2  0  2  0  3  0  0 -1  0 -2  1  0  0 -3 -1  0    1   1   5   6   0   0  17   8  12   6  12   1   4   0   9   5   4   0   0   7  0.11 0.06
   62 S    0 -1  1  1 -2  1  1  0 -1 -2 -1  1  1 -2 -1  2  0 -3 -2 -2    1   1   6   7   0   8   8   6   0   1   6  12   5   0   1  33   4   0   0   1  0.20 0.10
   63 R    1  1  0 -1 -2  0  0  1 -1  0 -2 -1 -1 -2  1  2  0 -3 -2 -1   12   9   4   1   0   4   5  12   0   7   1   1   0   0   6  32   1   0   0   5  0.18 0.09
   64 L   -1  0  0  0 -2  1  2 -1 -1 -1  0  1 -1 -1  1 -1  0 -2  1 -1    1   1   6   5   0   6  19   5   0   1  18  14   0   1   6   1   6   0   8   1  0.11 0.06
   65 I    0 -1  0 -1  3  1  2 -2 -1  0 -1  0 -1 -2 -1  1  0 -2 -2  1    2   1   5   1   9  10  16   2   0   6   2   5   0   1   1  14   6   0   1  17  0.12 0.06
   66 Q    0 -1 -1  0 -2  2  1 -2  3 -2 -2 -1 -2 -2  4  0  0 -2  1 -2    7   1   1   5   0  15   9   2  11   1   2   1   0   1  25   6   5   0   6   1  0.40 0.09
   67 N    0  2  2  1 -2  1  0  1 -1 -2 -2  1 -1 -2 -1  2  1 -2 -2 -2    2  15  10   7   0   8   1   9   0   1   2   7   1   1   1  20  11   0   1   1  0.20 0.06
   68 Q   -1 -1 -1  1 -2  1  1  1 -1  0 -1  0  0 -2  1  0  0 -2 -2  0    2   1   1   7   0  10  15  12   1   5   2   8   5   1   6   2   8   0   1  12  0.10 0.04
   69 D    0 -1  2  1 -2  2  1  2 -1 -1 -2  0 -1 -2 -1  0  0 -2 -2 -1    6   2  11  10   1  13   6  18   1   7   3   2   1   1   2   7   7   0   1   2  0.14 0.04
   70 L    0 -1  1 -1 -2 -1 -1  0  2  0  0  0  0  3 -1 -1  0 -1  0 -1    8   2  11   2   1   1   2   8  10  11   8   6   1  19   2   2   6   0   1   2  0.06 0.04
   71 I    0 -1  0 -1 -1  1 -1 -1  1  1  0 -1  0 -1 -1  0  2 -2 -1  2    7   2   6   2   1   8   2   3   5  11   3   2   1   1   2   3  17   0   1  22  0.07 0.04
   72 D    0 -1  1  1 -1  1  1 -1 -1 -1 -1  0 -1  1  1  0  0 -1 -1 -1    7   2  11  11   1   6  12   3   1   2   9   2   1   8   7   9   2   1   1   3  0.10 0.02
   73 R    0  2 -1 -1 -2  2  1 -1 -1 -2 -1  2  1  0 -1  0 -1 -2 -1 -1   12  18   1   1   1  17   8   2   1   1   3  16   6   6   1   2   2   0   1   2  0.19 0.07
   74 K    1 -1 -1 -1 -2  0  2 -1 -1 -1  0  1 -1  1  3  0 -1 -2 -1 -1   12   1   1   1   0   1  22   2   1   1   9  10   1   8  19   6   1   0   1   2  0.24 0.07
   75 G    1 -1  1  0 -2  0 -1  3 -1 -1 -2  0 -1 -2 -1  1  0 -2 -2 -1   18   1   5   6   0   5   1  25   0   5   2   6   0   1   1  15   6   0   1   1  0.20 0.06
   76 K    0  0  1 -1 -2  1  1 -1  3 -2 -2  1 -1 -1  1  1  1 -2 -1 -1    5   1  10   1   0   8   8   1  11   1   2  10   0   4   8  10  11   0   1   6  0.15 0.06
   77 S    0  0 -1 -1 -2  1  0 -2 -1 -1  0 -1  1  0  2  2  0 -2 -1  0    5   6   1   1   0  11   5   1   0   1  10   1   7   7  10  24   1   0   0   8  0.13 0.08
   78 N   -1  1  3  0 -2  1 -1  0 -1 -1  0  0  0 -2  0  1  0 -3 -2 -2    1  13  24   5   0   7   1   5   0   1  15   1   4   1   5  10   6   0   0   1  0.16 0.08
   79 N   -2  1  5  3 -3  1  0 -1 -1 -3 -3 -1 -2 -3 -2  1  1 -3 -2 -3    1   8  45  16   0   5   1   1   0   1   1   1   0   1   1   7  10   0   0   1  0.54 0.16
   80 I    0 -2 -2 -2 -1 -1 -2 -2  0  2  1  0  1 -1  1  0  1 -2 -1  1    8   1   1   1   0   1   1   1   4  27  13   5   6   1   6  10   9   0   0   5  0.11 0.07
   81 D   -1 -1  1  2 -2 -1  1  2 -1 -2 -2 -1 -2 -3 -1  1  2 -3 -2 -1    1   1   9  14   0   1  11  24   0   1   1   1   0   1   1  12  16   0   0   4  0.27 0.09
   82 H    0 -1 -1  0 -2  1  1 -1  1 -1 -1  0 -1  3  2  0 -1 -1  0 -1   11   1   1   7   0   8   8   5   5   1   1   5   0  23  12   6   1   0   0   5  0.16 0.07
   83 N   -1  0  3  0 -2  2  2  0 -1 -3 -3  0 -2 -3 -2  2  0 -3 -2 -2    1   5  22   1   0  15  18   6   0   1   1   1   0   1   1  24   1   0   0   1  0.35 0.12
   84 D   -1  1  1  2  1  1  0  0 -1  0  0  0  0 -2 -1  0 -1 -2 -2 -1    2  12  10  19   4   9   1   7   0   7   9   1   4   1   1   9   1   0   1   1  0.11 0.06
   85 I    0 -2 -2 -2 -1  0 -1 -2 -2  2  1 -1  0  0  3  0 -1 -2 -1  2    5   1   1   1   0   6   2   2   1  15  10   1   1   6  15   8   1   0   1  22  0.15 0.06
   86 N    0 -1  2  0 -2  1  2  1  1 -2 -2  0 -2 -2 -1  1  0 -2 -1 -2    9   1  17   1   0   6  22  12   5   1   2   1   1   1   1  11   6   0   1   2  0.22 0.07
   87 T    0  0 -1 -1  1  0  1  0  1 -1 -1 -1  0  0  1  1  1 -1  1 -1    2   5   1   1   4   1  14   6   5   1   2   2   4   6   5  14  15   0   8   2  0.09 0.05
   88 H   -1 -1  3  0 -2  1  1 -1  3 -2 -2  0 -1 -2  1  1  2 -2 -1 -1    2   2  18   2   1   5   9   2  12   2   3   2   1   1   7  11  17   0   1   2  0.22 0.07
   89 T    0  0  2  1 -1  0  0  0 -1 -1 -1  1 -1 -2  1  1  1 -2 -1  0    2   2  15   8   1   1   7   6   1   2   7   9   1   1   5  12  11   0   1   8  0.10 0.03
   90 H   -1  1  2 -1 -2  0  0 -1  2 -1  0  1  1 -1 -1  0  0 -2 -1  0    2   7  13   2   1   1   2   2  10   2  12  12   7   1   2  10   5   0   1   7  0.07 0.04
   91 S    1 -1  0  2 -1  0  1  1 -1 -2 -2  0 -1 -2 -1  2  1 -2 -2 -1   12   2   1  16   1   5   6  11   1   2   3   2   1   1   2  23  10   0   1   2  0.18 0.05
   92 K   -1  0  1  0 -2  1  0 -1  1  0  0  1  0  2 -1  0 -1 -1  0 -1    2   5   8   7   1   6   6   2   5   5  15  11   1  15   1   6   2   0   1   2  0.05 0.03
   93 G    0  0  1  1 -2 -1 -1  0 -1 -1 -2  0 -2 -2 -1  3  1 -2 -2 -1    2   5   7   7   0   1   1   6   0   6   2   6   0   1   1  47   5   0   1   1  0.27 0.11
   94 L   -2 -3 -3 -4 -2 -3 -3 -4 -3  5  3 -3  1 -1 -3 -3 -2 -3 -2  1    1   1   0   1   0   0   1   1   0  54  37   1   0   0   1   1   1   0   0   1  0.64 0.19
   95 T    2 -2 -1 -2 -2 -1 -1  0 -2 -3 -3 -1 -2 -3  0  4  3 -3 -3 -2   17   0   0   0   0   0   0   6   0   0   0   0   0   0   5  46  23   0   0   0  0.50 0.19
   96 D   -1  1  1  2 -2  2  4  0 -1 -2 -2  1 -2 -2 -1  0  0 -2 -2 -2    2   5   6  10   0  10  38   5   1   1   2   5   1   1   1   2   6   0   1   2  0.34 0.09
   97 S    0 -2 -1 -2 -2 -2 -2 -2 -2 -4 -4 -2 -3 -4  1  6  0 -4 -3 -3    0   0   0   0   0   0   0   0   0   0   0   0   0   0   6  94   0   0   0   0  1.16 0.37
   98 W   -5 -5 -6 -6 -5 -4 -5 -5 -5 -5 -4 -5 -4 -1 -6 -5 -5 12  0 -5    0   0   0   0   0   0   0   0   0   0   0   0   0   0   0   0   0 100   0   0  3.99 0.60
   99 Q   -2 -1 -2 -2  2  7  1 -3  3 -4 -2 -1 -2  0 -3 -2 -2 -3 -2 -3    0   0   0   0   5  73   4   0  10   0   4   0   0   4   0   0   0   0   0   0  1.06 0.33
  100 A    2  0  2 -1 -2  0 -1 -1 -1 -3 -3 -1 -2  0 -2  3  2 -3 -2 -2   24   5  15   0   0   5   0   0   0   0   0   0   0   6   0  31  13   0   0   0  0.34 0.16
  101 I   -2 -4 -5 -5 -2 -4 -4 -5 -5  6  0 -4  0 -2 -4 -4 -2 -4 -3  3    0   0   0   0   0   0   0   0   0  84   0   0   0   0   0   0   0   0   0  16  1.11 0.31
  102 D    0  2  1  2 -3  3  2 -2  1 -3 -3  1 -2 -3 -2  0 -1 -3 -2 -2    7  14   7  11   0  26   9   1   4   1   1   8   0   0   1   8   1   0   0   1  0.35 0.11
  103 R   -1  4 -1 -1 -2  0  0 -2  2 -3 -2  1 -2 -2  0  2  0 -3 -1 -2    1  31   1   1   0   1   6   1   8   1   1   9   0   1   4  25   6   0   1   1  0.34 0.12
  104 D    0  0  2  2 -2  1  0  0 -1 -2 -1 -1  1 -3  1  1  2 -3 -2 -2    7   5  12  16   0   7   0   8   0   0   4   0   6   0   5  10  17   0   0   0  0.19 0.08
  105 E   -3 -2  0  6 -4 -1  2 -3 -2 -3 -1 -2  1 -3 -3 -1 -2 -4 -3 -3    0   0   0  67   0   0  16   0   0   0   8   0   6   0   0   0   0   0   0   0  0.97 0.25
  106 Y   -1 -2 -1 -3  1 -2 -2 -3 -1  1  1 -2 -1  2  1  0 -1  0  5  0    1   1   4   1   4   0   1   1   0   9  14   1   0   7   8   9   1   0  33   6  0.31 0.13
  107 S    1 -1 -1 -1  1 -1  0  1 -1 -2 -2 -1 -2  1 -1  3  1 -2  2 -2    8   1   1   1   4   1   6  10   0   1   1   1   0   7   1  38   9   0   9   1  0.23 0.11
  108 F    0 -1 -1  0  2 -1  0 -1 -1  0  0 -1  1  2  2 -1 -1 -1  0  0   11   2   1   7   7   1   7   2   1   9  11   2   5  14  14   2   2   0   1   2  0.11 0.04
  109 L    0 -1 -1 -1 -1 -1 -1  0 -1  0  1 -1  1 -1 -1  2  0 -2 -1  1    7   2   1   2   1   1   2   8   1   2  25   2   5   1   2  24   2   0   1  13  0.09 0.06
  110 N    1 -1  3  1 -2 -1  0  0 -1 -1 -1 -1 -1  0  1  0  0 -2 -1  0   14   1  25   6   0   1   6   7   1   1   7   1   1   5   5   6   1   0   1   8  0.12 0.05
  111 A    1  1 -1  0 -1 -1 -1 -1  1  1 -1  0  0 -1 -1  1  0 -2 -1  1   12  11   1   7   1   1   2   2   6  12   3   2   1   1   2  14   2   0   1  18  0.05 0.04
  112 G    0 -1  1  0  1 -1 -1  1  2  0 -1  0 -1  0  3  1 -1 -2 -1 -1    6   1   6   5   5   1   2  11   8   8   2   7   1   5  17  12   1   0   1   2  0.16 0.05
  113 N    0 -1  3  2 -2  1  1  1 -1 -2 -2  0 -2 -2 -1  0  1 -2 -2 -2    7   1  21  13   0   5  12  13   1   1   2   1   1   1   1   6  11   0   1   2  0.23 0.06
  114 H   -1  2  0 -1 -2  1  0 -1  2 -2 -2  1 -1  0  1  2  0 -2 -1 -1    2  16   1   1   0   8   6   2  10   1   2   6   1   6   8  22   1   0   1   6  0.16 0.06
  115 N   -1 -1  3  1  3  2  2 -1 -1 -2 -2  0 -2 -2 -1  1  0 -2 -2 -2    2   1  25   6  11  10  16   2   0   1   2   1   0   1   1  14   5   0   1   1  0.30 0.10
  116 N    0  0  1 -1 -2  2  0 -1 -1 -2 -1  1 -1 -2  1  3  0 -2 -2 -1    2   5  10   1   0  15   1   1   0   1   6   6   0   1   8  35   1   0   1   5  0.23 0.10
  117 Y   -1  1 -1 -1  1  0 -1 -1 -1  0  1 -1  0  1 -1  1  0 -1  2 -1    2   8   1   1   5   6   2   2   1   7  16   2   1   7   1  19   6   0  10   2  0.06 0.05
  118 H   -1 -1  2  1 -2  2  0 -1  3 -1 -1  0 -1 -2 -1  1  1 -2 -1  0    2   1  11   9   1  18   2   2  10   1   6   2   1   1   1  11  13   0   1   7  0.15 0.06
  119 N    0  1  3  0 -2  0 -1 -1 -1 -1 -1  1 -1 -2 -1  1  0 -2 -1 -1   10   9  28   1   1   1   2   2   1   1   8   8   1   1   1  13   5   0   1   6  0.17 0.06
  120 T   -1  0  0 -1 -1  2  1 -1 -1  0 -1  0 -1 -2 -1  0  3 -1 -1 -1    3   2   2   2   1  15   7   3   1   7   4   6   1   2   2   3  36   1   1   3  0.20 0.07
  121 S    1 -1  2 -1 -1 -1 -1 -1 -1 -2 -2 -1 -1 -1  2  2  2 -2  1 -1    9   1  14   2   1   1   2   2   1   1   3   2   1   1   9  28  14   0   7   2  0.22 0.08
  122 N    1 -1  2  1 -1  1  0  0 -1 -2 -1  0 -1  1 -1  1  0 -1 -1 -1   20   2  15   8   1  12   2   6   1   2   3   2   1   8   2  11   2   0   1   2  0.12 0.05
  123 G    0 -1  0 -1 -1  0 -1  2 -1  1  0 -1 -1 -1 -1  1  0 -2 -1  0    7   2   6   2   1   6   2  22   1  13   8   2   1   1   2  13   7   0   1   2  0.09 0.03
  124 D    1 -1  1  2 -1  0  0 -1 -1 -1 -1 -1 -1  1 -1  1  0 -1 -1  0   17   2   9  17   1   2   3   3   1   2   4   2   1   8   2  13   3   1   1   7  0.09 0.03
  125 F    0 -1 -1 -1 -1  0  0  0 -1 -1  0 -1  2  0  2  0  0 -1 -1 -1   10   2   1   2   1   6   7   8   1   2   9   2  11   6  14   6   9   0   1   2  0.11 0.04
  126 N   -1  0  2  1 -2  1  0 -1  3  0 -1  0 -1  1  1  0  1 -2  0 -1    2   6  15   7   1   7   2   2  11   7   3   2   1   8   7   2  14   0   1   2  0.13 0.06
  127 Q   -1  1  1 -1 -2  1  1  0  1 -1  0  1 -1 -1  1  0 -1 -1  1 -1    2   7  11   2   1  10   7   9   4   1  12   8   1   1   6   6   2   0   8   2  0.09 0.03
  128 Q    0 -1  0  0 -2  1  0 -1  1 -1 -2 -1 -1 -2  3  2  3 -2 -1  0    2   1   1   7   0  10   2   2   5   1   2   1   1   1  14  18  26   0   1   6  0.27 0.09
  129 F    1 -1 -1 -1 -1  1 -1 -1  1  0  0 -1  0  2  1  1  1 -2  0  1   10   1   1   1   0   8   1   1   4   1   7   1   0  12   8  16   7   0   1  18  0.09 0.06
  130 G    0 -2 -1  0 -2 -2 -1  4 -2 -1 -1 -2 -2  0  1  1 -1 -2 -2 -2    5   1   1   6   0   1   1  38   0   5   7   1   0   7   8  17   1   0   0   1  0.30 0.10
  131 G   -1 -3  0  0 -2 -2  0  1 -3  3  1 -2  0 -2 -3 -1 -1 -3 -2  2    0   0   7   5   0   0   6  14   0  37  11   0   0   0   0   6   0   0   0  14  0.20 0.12
  132 V   -2 -3 -3 -4 -2  0 -3 -4 -3  1  3 -3  1  1 -3 -1  0 -2 -1  2    0   0   0   0   0   5   0   0   0   4  52   0   0   7   0   4   5   0   0  23  0.40 0.16
  133 L   -1 -2 -1 -2 -2  1 -1 -2 -2 -2  1  0 -1 -3  1  4  0 -4 -3 -2    0   0   0   0   0   5   0   0   0   0  19   6   0   0   7  62   0   0   0   0  0.51 0.24
  134 S    0 -2 -1 -1 -2  1  0  0 -2 -4 -4 -1 -3 -4 -2  5  0 -4 -3 -3    0   0   0   0   0   5   5   7   0   0   0   0   0   0   0  82   0   0   0   0  0.90 0.31
  135 S   -1 -2 -1  1 -2 -1  1 -2 -2 -3 -1 -1 -2  0 -2  5  1 -3 -2 -3    0   0   0   7   0   0  12   0   0   0   5   0   0   6   0  64   5   0   0   0  0.55 0.24
  136 D   -2 -2  3  6 -4 -1  1 -2 -2 -4 -2 -2 -3 -4 -3  2 -1 -5 -4 -4    0   0  13  59   0   0   5   0   0   0   5   0   0   0   0  18   0   0   0   0  0.86 0.24
  137 T   -1 -2 -1  2 -2 -2  0  0 -3 -2 -3 -2 -2 -3 -2  1  5 -4 -3  0    0   0   0  17   0   0   5   5   0   0   0   0   0   0   0   5  61   0   0   6  0.63 0.24
  138 S    0 -2 -1 -1 -2 -1  1  1 -2 -3 -3 -1 -3 -4 -2  5  2 -4 -3 -3    0   0   0   0   0   0  10  11   0   0   0   0   0   0   0  62  18   0   0   0  0.66 0.25
  139 E   -1  1 -1  1 -4  2  5 -3 -1 -3 -3  0 -3 -3 -2  1 -1 -3  1 -3    1   7   0   5   0   6  61   1   0   0   1   0   0   0   0  12   0   0   5   0  0.69 0.21
  140 E   -2 -1 -1  4 -4  1  5  0 -1 -4 -4 -1 -3 -4  1 -1 -2 -4 -3 -3    1   0   0  27   0   6  49   7   0   0   1   0   0   0   7   1   0   0   0   0  0.71 0.20
  141 E    0 -1  1  1 -3  0  5 -2 -1 -1 -3 -1 -2 -3 -2 -1  0 -3 -3 -2    7   0   7   5   0   0  65   1   0   6   1   0   0   0   0   1   5   0   0   0  0.69 0.22
  142 V    0  0  2 -1 -2  2 -1  0 -1 -1  0 -1  0 -1  2 -1 -1 -2  2  0   10   4  18   0   0  14   0   5   0   0   9   0   3   0  12   1   0   0  11  10  0.16 0.10
  143 E   -2 -1  1  5 -3  0  3  0 -1 -3 -4  0 -3 -4  1  0 -1 -4 -3 -3    1   0   6  40   0   0  25   6   0   0   1   6   0   0   5   7   0   0   0   0  0.59 0.16
  144 I    1  0  0 -2 -2 -1 -1 -2 -2  1  0  0  1 -2  4 -1  1 -3 -2  0   16   5   6   1   0   1   1   1   0  11   9   6   4   0  22   1   9   0   0   7  0.24 0.07
  145 N   -1  0  0 -1 -2  3  1 -2  0 -1 -1  1 -1  1  2 -1 -1 -1  2 -1    2   5   6   1   0  22   6   2   0   5   6   6   0   6  12   2   1   0  11   5  0.18 0.07
  146 A    0 -1  3 -1 -2  1 -1 -2  2  0  1 -1  0 -1 -2 -1  0 -2  0 -1    7   1  27   1   0   9   1   1   6   7  21   1   0   1   1   1   7   0   5   1  0.15 0.08
  147 A    2 -1 -1 -1 -2 -1 -1  0 -2 -2 -2  0  1 -2  1  3  0 -3 -2 -2   18   1   1   1   0   1   1   6   0   1   1   8   6   1   7  46   1   0   1   1  0.33 0.13
  148 P   -1 -2 -2 -2 -2 -1 -1 -2  2  0 -1 -1 -2 -2  6  0  0 -3 -2 -1    2   1   1   1   0   1   1   2   7   9   6   1   0   1  51   6   7   0   1   1  0.87 0.15
  149 S    2 -1  0 -1 -2  1 -1 -1 -1  0 -2  0 -1 -2  2  3  0 -3 -2 -1   23   1   5   1   0   6   1   1   0   7   1   6   0   1  13  33   1   0   0   1  0.29 0.11
  150 P    0  0 -1 -1 -2 -1  0  0 -2 -3 -3  1 -2 -3  6  1 -1 -3 -2 -2    5   7   1   1   0   1   6   6   0   1   2   8   0   1  46  12   1   0   1   1  0.79 0.15
  151 N    0  0  3  1 -2  1  1  1 -1 -2 -1  0 -1 -2 -1  1 -1 -2 -2 -2    5   6  25   9   0   5   6  13   0   1   8   6   0   1   1   9   1   0   1   1  0.20 0.07
  152 L    0  0 -1 -2 -2  1 -1  0 -1  1  0  0  2  1 -1 -1 -1 -1 -1  1    6   7   1   1   0  11   2  11   1  14   7   6  11   8   1   2   1   0   1   9  0.04 0.04
  153 S   -1 -1  2  0 -2  0  1 -1  1  0  0 -1 -1 -1  2  1  1 -2 -1 -1    2   2  12   2   1   1  14   2   5   5  13   2   1   1  12  12   9   0   1   2  0.13 0.04
  154 A    0 -1  1 -1  2  1  0  1 -1  0  0 -1 -1  1 -1  0 -1 -1 -1 -1    7   2  12   2   6  11   5  15   1  11   9   2   1   8   2   2   2   0   1   2  0.05 0.04
  155 S    0 -1  1  0 -1  0  1  0 -1  1 -1 -1 -1 -1  1  1  1 -2 -1  0    2   2   9   2   1   1  13   7   1  12   3   2   1   1   8  16  11   0   1  10  0.09 0.04
  156 Q    0  0 -1 -1 -2  2  0  0 -1 -1 -1  0 -1  1  3  1  0 -2 -1  0    6   6   1   2   1  15   2   7   1   5   3   2   1   8  17  18   2   0   1   6  0.18 0.06
  157 Q    0  0 -1 -1 -1  2  1 -1  1  0  0  1  0 -1 -1  1  0 -2 -1  0    8   1   1   2   1  14   7   2   5   7  10   9   1   1   1  15   6   0   1  10  0.07 0.04
  158 H    0  0  2 -1 -2  1  0 -1  3 -1 -1  0 -1 -2  1  1  1 -2 -1 -1    6   5  14   1   0  10   1   1  13   6   6   1   0   1   7  17   8   0   1   1  0.16 0.07
  159 N   -1 -1  2  1 -2  1  0  1  1 -1 -2  0 -1  0 -1  0  0 -2  0 -1    1   1  17  11   0   9   1  14   4   6   2   6   0   5   1   7   8   0   5   1  0.13 0.05
  160 Q   -1 -1  1  2 -2  3  1 -1 -1 -2 -2  0 -1 -2 -1  2  2 -2 -2 -1    2   1   8  11   0  22   6   2   1   1   2   1   1   1   1  17  17   0   1   6  0.24 0.09
  161 F   -1  1  1 -1 -2  0 -1  0 -1  0  0  0  0  1 -1  0  1 -1 -1  0    2  13   9   1   0   4   1   7   1   6  11   6   1  10   1   6  11   0   1   8  0.04 0.03
  162 L   -1 -1  2 -1  2  0 -1 -2  1 -1  1 -1  2  1  0  0  1 -1 -1 -1    2   1  13   1   6   4   1   2   4   1  15   1  10  10   5   8  12   0   1   1  0.08 0.06
  163 A    2 -1 -1 -1 -1  0 -1  2 -1  0  0 -1  1 -2 -1  1  1 -2 -2 -1   23   1   1   1   0   4   1  18   1   6   6   1   8   1   1  13  11   0   1   1  0.14 0.06
  164 Y    0  1  1 -1 -2  0  0 -1 -1 -2 -2  0 -1  0 -1  2  1 -1  2 -2    2  11   5   1   0   4   6   2   1   1   2   6   1   5   1  29  11   0  11   1  0.17 0.08
  165 P    0 -2 -2 -2  1 -1 -1 -2  1  0  0  0 -1 -2  5 -1  0 -2 -2 -1    6   1   1   1   5   1   1   2   6   6  10   6   1   1  41   2   7   0   1   1  0.60 0.12
  166 L    0  1  3 -1 -2 -1 -1 -2 -1  0  1 -1  3 -2  0  0 -1 -3 -2 -1   11   9  28   1   0   0   1   1   0   5  16   1  14   0   4   6   1   0   0   1  0.18 0.11
  167 S    1  0  1 -1 -2  0 -1 -1  1 -1  0 -1  3 -2 -1  2  0 -2 -1  0   14   6   6   1   0   4   1   1   4   1   7   1  14   1   1  31   1   0   1   6  0.16 0.10
  168 S    1 -1  1 -1 -1 -1 -1 -1 -1  1  0  0 -1 -2 -1  2  1 -2 -2  0   12   1  11   1   0   1   1   1   0  12  10   4   0   1   1  30   7   0   1   6  0.14 0.08
  169 T    0 -1  0 -1 -1  0 -1 -1  1 -1  0  0 -1 -2 -1  2  2 -2 -1  0    7   1   5   1   0   5   1   1   4   1  13   6   0   1   1  31  15   0   1   6  0.16 0.08
  170 G    0  0 -1 -1  1  0  0  2 -1  0 -2  0 -1 -2 -1  2  2 -2 -2 -1    7   5   1   1   5   1   9  17   0   8   2   6   0   1   1  19  16   0   1   1  0.14 0.06
  171 F    1  1 -1 -2 -1 -1 -1 -2 -2  1  1  0  0  1 -2  1  0 -2 -1  1   12  10   1   1   0   1   1   1   0  10  16   4   0   9   1  14   6   0   1  11  0.06 0.04
  172 G    0 -1  1  0 -2  1  0  0 -1 -2 -1  1 -1  0 -1  2  1 -2 -1 -1    7   1  10   5   0   6   1   6   0   1   7  11   0   5   1  29   7   0   1   1  0.14 0.07
  173 D   -1 -1  0  3 -2  1  1  1 -1 -1 -1 -1 -2 -2  0  2 -1 -3 -2 -2    1   1   1  28   0   6  10  11   0   6   5   1   0   1   5  21   1   0   1   1  0.27 0.09
  174 Q   -1  0  2  2 -2  1  1  0 -1 -2  0  0  1 -2  1  1 -1 -3 -2 -2    1   6  12  12   0  10  12   4   0   1  10   1   6   0   5  17   1   0   0   1  0.17 0.07
  175 G    2 -2 -1  1 -2  0  0  1 -1 -2 -1 -1 -2 -2  1  2 -1 -2  0 -2   22   0   0  11   0   5   7  14   0   0   6   0   0   0   5  22   0   0   5   1  0.20 0.09
  176 N   -1 -1  2  1 -2  1  0  1  1 -2 -2  0 -2 -2  2  1  1 -2  1 -2    1   1  13   8   0   7   1  14   5   1   1   6   0   1  10  15   9   0   8   1  0.21 0.07
  177 S   -1  2  1 -1 -2  0  0 -2  3 -1 -2  0 -1  0 -2  2  0 -2 -1  0    1  20   5   1   0   1   6   1  11   4   1   1   0   6   1  32   1   0   0  10  0.21 0.11
  178 E    0 -1  1  1 -2  1  1 -1 -1 -1 -1  0 -1 -2  1  1  0 -3 -2 -1    7   1   8  10   0  10  13   1   0   6   8   6   0   1   8  15   1   0   0   4  0.15 0.05
  179 T    0 -1  0  1 -2 -1  0 -2 -1  0  1  0  0  0 -1  0  2 -2 -1  0    7   1   6  13   0   1   7   1   0   1  20   5   0   5   1   5  20   0   1   7  0.08 0.05
  180 T   -1 -1  3  3 -2 -1  0 -1 -1 -2 -1 -1 -2 -3  3  1  1 -3 -2 -2    1   1  24  24   0   1   1   1   0   1   6   1   0   1  14  12  10   0   1   1  0.38 0.11
  181 V    1  1  1  1 -2  0  1 -1 -1 -1 -1  0 -1  0 -1  1  0 -2 -1  1   12  11  11  12   0   1   8   1   0   1   2   1   0   5   1  15   1   0   1  17  0.11 0.06
  182 H    0  0  2  2 -2  0  0  0  3 -2 -1 -1 -1 -2  1  0  0 -2 -1 -2    6   6  12  17   0   1   1   5  13   1   9   1   0   1   9   8   6   0   1   1  0.17 0.06
  183 Q   -1  2  1 -1 -2  1  0 -1  3 -2 -1  1 -1 -2  3  1 -1 -2 -1 -2    2  13  10   1   0  10   1   2  11   1   5   6   0   1  18  14   1   0   1   1  0.30 0.08
  184 F   -1 -2  0 -2 -2 -1 -2  0  2  1  0 -2  1  4 -2 -1 -1 -1  1  0    2   1   6   1   0   1   2   7   7  15   6   1   6  31   1   2   1   0   1   6  0.17 0.08
  185 S    0 -1  0 -1  2 -1 -1  0 -1  0  0  1  0 -1 -1  1  0 -2 -1  1    2   1   6   2   6   1   2   8   1   7   9  11   1   1   2  20   2   0   1  17  0.05 0.04
  186 D    0 -1  1  1 -1  1  0 -1 -1  0  0 -1  0 -1 -1  1  1 -2 -1  1    6   1   7  12   1  12   2   2   1   1  10   2   1   1   2  13  11   0   1  14  0.08 0.04
  187 G    0  0  1  0 -2  0  1  1 -1 -1  0  0 -1 -2  0  1  0 -2 -1  0    2   7  11   1   0   1  14  11   1   1  15   6   1   1   5  14   1   0   1   7  0.08 0.04
  188 D   -1  1  2  2 -2  1  1 -1 -1 -2 -2  1 -2 -2 -1  1  1 -2 -2 -2    2   7  17  17   0   5  10   2   1   1   2   8   1   1   1  16   7   0   1   2  0.24 0.06
  189 P   -1 -1 -1  2 -2 -1 -1 -2 -2  1 -2  1 -1 -2  5 -1 -1 -2 -2  0    2   1   1  16   0   1   2   2   1  11   2  14   1   1  33   2   1   0   1   7  0.48 0.10
  190 V    0 -1 -1  0 -1 -1 -1 -1 -2  1  1  0  0 -1 -1  1  1 -2 -1  1    9   1   1   7   0   1   1   2   0  11  19   8   0   1   1  13  11   0   1  12  0.06 0.04
  191 K   -1 -1  1  2 -2  0  1 -2 -1  0 -1  1 -1 -2  3  0 -1 -2 -2 -1    2   1  10  12   0   1  11   2   0  10   9  11   0   1  18   9   1   0   1   1  0.23 0.06
  192 S    1  1  1  0 -2  0  1 -1 -1  0 -1  1 -1 -2 -1  1  0 -2 -2 -1   17  10  11   1   0   1  12   2   0   8   6   7   0   1   1  14   6   0   1   1  0.11 0.05
  193 T   -1  1  2 -1 -2  0 -1  0  2  1 -1  0 -1 -2 -1  1  2 -2 -1 -1    2  12  13   1   0   5   1   7   8  14   6   1   0   1   1   9  17   0   1   1  0.10 0.06
  194 K   -1 -1  3  0 -2  0 -1  1 -1 -1 -1  1 -1 -2  0  1  1 -2 -2  0    2   1  21   1   0   1   2  11   1   1   7  13   1   1   5  11  14   0   1   7  0.15 0.06
  195 T   -1 -1  0 -2  2 -1 -1 -2 -2  1  1  0  0  0  2 -1  1 -2 -1  1    2   1   5   1   6   1   2   2   1   7  21   8   1   5  11   2  16   0   1   9  0.10 0.05
  196 G   -1  2  2 -1 -2  0 -1  0 -1  0 -1  1  1 -2  2  1  0 -2 -2  0    2  15  14   1   0   1   1   7   0   5   2   6   8   1  11  16   1   0   1   7  0.15 0.07
  197 Q    0 -1  1 -1 -2  2  1  0 -1  0  0  0  0 -1 -1  0  0 -2  0  1    8   1  10   1   0  14  10   5   0   5   9   6   0   1   1   7   1   0   5  14  0.06 0.04
  198 F   -1 -1  2  1 -2 -1 -1  1 -1 -1  0  0  0  3 -2  0 -1 -1  2 -1    1   1  17   8   0   1   1  11   0   1  10   8   4  17   1   7   1   0  11   1  0.13 0.07
  199 S    0 -1  0  1 -1  0  0  0 -1 -1  0 -1  0  0  1  1  1 -2 -1  0    7   1   4   8   0   5   5   7   0   1  17   1   0   5   9  13   8   0   1   6  0.06 0.03
  200 K   -1  0  1  1 -2  0  1  0 -1 -1  0  2  1 -2 -1  1  0 -2 -1 -1    2   1  11   7   1   1   9   5   1   1   9  20   6   1   1   9   7   0   1   6  0.09 0.04
  201 A    1 -1  0  0 -1  1  2 -1 -1 -1 -1  0 -1  0 -1  1  2 -2 -1 -1   11   2   1   2   1   6  24   2   1   2   3   2   1   5   2  10  23   0   1   2  0.19 0.07
  202 E   -1 -1  0  1 -2  0  2  0  3 -1  0 -1 -1 -2  2  0  1 -2 -1 -1    2   1   1   7   1   1  18   6  11   1  15   2   1   1  10   9   9   0   1   2  0.14 0.05
  203 L    0 -1  0  2 -2  0  1 -1 -1  0  1 -1  0  0 -1 -1  0 -1  1  0    8   1   6  15   1   1  14   2   1   9  18   2   1   5   1   2   5   0   6   2  0.06 0.04
  204 G    0 -1  2  1 -2 -1 -1  3 -1 -1  0 -1 -1 -2 -1  0  0 -2 -2  0    9   2  14   9   1   1   2  25   1   2  14   2   1   1   2   2   7   0   1   6  0.14 0.05
  205 A    0 -1  2  1 -1  0  1 -1  2 -1  0 -1 -1 -1 -1  1  0 -2  0 -1   11   2  17   7   1   1  11   2   7   2  10   2   1   1   2  10   6   0   4   6  0.09 0.04
  206 G    0 -1  2  2  1  2  2  0 -1 -2 -2  0 -1 -2  1  0 -1 -2 -2 -2    9   1  16  10   5  15  14   7   1   1   2   1   1   1   5   7   1   0   1   2  0.20 0.06
  207 T    1  1 -1  1 -2  0  0  1  2  0 -2  0 -1 -2 -2  0  0 -2  0 -1   16  14   1   9   0   1   6  13   7  10   1   1   0   1   1   7   6   0   4   1  0.09 0.06
  208 G   -1 -1  1  2 -2  1  3  0 -1 -2 -2  0 -2  0 -2  0  2 -2 -2 -1    1   1   9  14   0   4  24   6   0   1   1   7   0   6   1   1  18   0   0   6  0.22 0.09
  209 E    0 -1  2  4 -3  0  4 -2 -1 -3 -3  1 -2 -3 -2 -1  0 -3 -3 -3    7   1  11  28   0   0  35   1   0   1   1   7   0   0   1   1   6   0   0   1  0.52 0.15
  210 D   -1 -2  2  5 -3 -1  1  1 -1 -3 -3 -1 -3  0 -2  1 -1 -3 -2 -3    1   1   8  47   0   0   9  10   0   1   1   1   0   6   1  13   1   0   0   1  0.55 0.16
  211 E   -2 -2  1  6 -4 -1  3 -2 -2 -4 -4 -1 -3 -4 -2 -1 -2 -4 -3 -3    1   1   6  61   0   0  25   1   0   1   1   1   0   0   1   1   1   0   0   1  1.00 0.23
  212 T    0 -1  2  0  3  1  1 -1 -1 -2 -2  0 -2 -2 -2  2  1 -2  0  0    5   1  17   4  10   6   8   1   0   1   1   4   0   0   1  23   6   0   6   7  0.20 0.09
  213 I    0 -1 -1  0 -2  0  1 -2 -1  1  0 -1  2 -1 -2  1  0 -2  1  1    5   1   0   4   0   4  16   1   0   6   6   1  11   0   1  11   6   0   7  20  0.10 0.07
  214 M   -1 -2  1  1 -2 -1 -1 -2 -2 -2 -2 -1  1 -2  1  1  5 -3 -2 -1    1   1   6   8   0   1   1   1   0   1   1   1   5   1   7   6  57   0   1   1  0.49 0.17
  215 V    0 -2 -3 -3 -2 -2  0 -3 -3  2  2 -2  0 -1 -2 -2 -1 -3 -2  3    6   1   0   1   0   0   7   1   0  15  25   1   0   0   1   1   1   0   0  39  0.30 0.12
  216 N   -1 -2  1  2 -2 -1 -1 -2 -2 -2 -2 -2 -2  0 -2  2  5 -3 -2 -2    0   0   5  13   0   0   0   0   0   0   0   0   0   5   0  16  56   0   0   0  0.58 0.22
  217 L    0  0 -1 -2 -3  0 -1 -2 -2  0 -1  4  1 -3 -2  0  0 -3 -2  1    5   0   0   0   0   0   0   0   0   4   5  50   4   0   0   7   6   0   0  14  0.32 0.16
  218 G    0 -2 -1 -2 -2 -1 -1  0 -2 -3 -3  0 -2 -3 -2  5  0 -4 -3 -1    0   0   0   0   0   0   0   5   0   0   0   7   0   0   0  78   0   0   0   6  0.73 0.27
  219 H   -1 -2 -2 -3 -2 -2 -2 -3  1  1  3 -2  4 -1 -3  0  1 -2 -2  0    0   0   0   0   0   0   0   0   5   5  39   0  20   0   0  12  13   0   0   5  0.32 0.15
  220 S    1 -2  0 -2 -2 -1 -1  0 -2  0 -2 -1  0 -2  0  2  3 -3 -2 -1   14   0   3   0   0   0   0   4   0   9   1   0   4   0   5  27  30   0   0   0  0.29 0.12
  221 W   -1 -2  2  1 -2 -1 -1 -2 -2  1 -1 -1 -1 -2 -2  3  0  3 -2 -1    0   0  15   8   0   0   0   0   0  14   7   0   0   0   0  46   0   5   0   0  0.32 0.14
  222 A    1 -2 -1  0 -2 -1 -1 -1 -2 -3 -3 -1 -2 -3  2  4  2 -3 -3 -2    8   0   0   5   0   0   0   0   0   0   1   0   0   0   9  64  10   0   0   0  0.59 0.18
  223 G    1 -2 -1 -1 -2 -1 -1  2 -2 -3 -3 -1 -2 -3 -2  5  1 -3 -3 -2    5   0   0   0   0   0   0  20   0   0   1   0   0   0   0  66   5   0   0   0  0.65 0.20
  224 S   -1 -1  4  0 -2 -1 -1  0 -1 -2 -2 -1 -2 -2 -1  3  2 -3 -2 -2    1   1  33   1   0   1   1   5   0   1   2   1   0   1   1  31  17   0   1   1  0.42 0.12
  225 F    0 -2 -1 -1 -2 -1 -1 -1 -2 -3 -3 -1 -2  0  1  5  0 -3 -2 -2    1   1   1   1   0   1   1   1   0   1   1   1   0   6   5  77   1   0   0   1  0.66 0.20
  226 F   -3 -4 -4 -4 -3 -4 -4 -4 -2 -1  1 -4 -1  7 -4 -3 -3  0  2 -2    0   0   0   0   0   0   0   0   0   0   9   0   0  82   0   0   0   0   4   0  1.29 0.26
  227 V   -2 -4 -4 -4 -2 -3 -4 -4 -4  4  0 -4  0 -2 -4 -3 -1 -4 -2  5    0   0   0   0   0   0   0   0   0  23   0   0   0   0   0   0   0   0   0  77  0.90 0.24
  228 M   -3 -3 -4 -5 -3 -2 -4 -4 -3  1  2 -3  9 -1 -4 -3 -2 -3 -3 -1    0   0   0   0   0   0   0   0   0   5  11   0  84   0   0   0   0   0   0   0  1.47 0.35
  229 P   -2 -4 -4 -3 -4 -3 -3 -4 -4 -4 -5 -3 -4 -5  8 -2 -3 -5 -5 -4    0   0   0   0   0   0   0   0   0   0   0   0   0   0 100   0   0   0   0   0  2.69 0.38
  230 K   -2  3 -1  0 -4  1  1 -3 -2 -3 -3  5 -2 -4 -2 -1  1 -4 -3 -3    0  12   0   6   0   5   5   0   0   0   0  62   0   0   0   0  10   0   0   0  0.69 0.19
  231 L   -2 -3 -4 -4 -2 -3 -3 -4 -3  2  4 -3  3  1 -3 -2 -2 -2 -1  2    0   0   0   0   0   0   0   0   0   7  58   0  10   6   0   4   0   0   0  16  0.52 0.15
  232 S    0 -2  1  0 -2 -1 -1 -2 -2 -4 -4 -1 -3 -4 -2  6  0 -4 -3 -3    0   0   7   5   0   0   0   0   0   0   0   0   0   0   0  89   0   0   0   0  0.99 0.28
  233 L   -2 -3 -3 -3 -2 -2 -3 -4 -3  3  3 -3  2 -1 -3  0  1  3 -2  1    0   0   0   0   0   0   0   0   0  30  40   0   6   0   0   8  11   5   0   0  0.40 0.14
  234 S    1 -2  1  1  1  0 -1 -2 -2 -1 -2 -1  1 -3  1  2  2 -3 -2  0   11   0  10   7   4   4   0   0   0   4   0   0   7   0   8  23  17   0   0   4  0.21 0.09
  235 E    0  1  2 -1 -3  3  1  0  1 -3 -1  0 -1 -2 -2  2 -1 -2  1 -2    6   8  12   0   0  23   5   5   4   0   5   4   0   0   0  19   0   0   9   0  0.24 0.10
  236 S    1  2  1 -1 -3  2  1 -2 -1 -2 -1  3 -1 -3 -2  0  1 -3 -2 -2   11   9   7   0   0  13   6   0   0   0   8  30   0   0   0   5  10   0   0   0  0.26 0.10
  237 M   -1  0  1  0 -2  1  0  0 -1  0 -1 -1  1  0  0  2  1 -3 -2 -1    0   4   9   5   0  10   4   8   0   5   4   0   5   5   4  26   8   0   0   4  0.11 0.07
  238 K    0  3 -1 -2 -3  3  0  2 -1 -4 -3  2 -2 -4  0  0 -1 -3 -3 -3    7  23   0   0   0  24   0  20   0   0   0  13   0   0   5   8   0   0   0   0  0.43 0.13
  239 R   -1  2  0  0  2  3  1 -2 -1 -3 -3  3 -2 -3 -2  1  0 -3 -2 -1    0  11   4   5   5  16   9   0   0   0   0  29   0   0   0  11   5   0   0   5  0.33 0.11
  240 F   -1 -3 -3 -3 -3 -3 -3 -3 -2 -2  0  0 -1  6  3 -1 -1 -1  1 -2    4   0   0   0   0   0   0   0   0   0   6   7   0  56  18   5   4   0   0   0  0.72 0.20
  241 K   -2  4 -1  1  3  3  0 -3 -1 -4 -3  4 -2 -4 -2 -1 -2 -4 -3 -3    0  30   0   8   9  14   0   0   0   0   0  39   0   0   0   0   0   0   0   0  0.65 0.18
  242 I   -2 -3 -3  2 -2 -3 -2 -4 -4  5  2 -1  0 -1 -3 -3 -2 -4 -2  2    0   0   0  14   0   0   0   0   0  60  16   4   0   0   0   0   0   0   0   5  0.52 0.18
  243 L    1  0 -3 -4 -2 -2 -3 -3 -3  0  4 -2  1 -1 -3  0 -1 -3 -2  1   14   6   0   0   0   0   0   0   0   0  62   0   0   0   0   7   0   0   0  11  0.39 0.15
  244 I   -2 -3 -4 -4 -2 -3 -4 -4 -4  5  2 -3  0 -1 -3 -2  1 -3 -2  3    0   0   0   0   0   0   0   0   0  49  13   0   0   0   0   0   8   0   0  30  0.59 0.17
  245 L   -2  0 -3 -4 -2 -2 -3 -4 -3  2  3 -2  1  0 -3 -1 -1 -3 -2  2    0   7   0   0   0   0   0   0   0  10  52   0   0   4   0   7   0   0   0  21  0.39 0.13
  246 S    0 -1  0 -1 -1  0 -1  1  2  1  0 -1  0 -1 -1  0  0 -1  0  0    4   3   2   3   1   2   3  14  10  15  12   3   1   2   3   9   3   1   2   7  0.02 0.01
  247 D    0  0  0  0  2  0  0 -1 -1  0 -1  0 -1  1  2  0  0 -1  0  0    4   8   3   8   8   2   4   4   1   9   5   3   1   9  11   9   3   1   2   4  0.06 0.01
  248 G    1 -3  0 -2 -3 -3 -3  6 -3 -5 -5 -3 -4 -4 -3 -1 -2 -4 -4 -4    8   0   5   0   0   0   0  87   0   0   0   0   0   0   0   0   0   0   0   0  1.36 0.25
  249 D   -1  4 -1  3 -4  2  0 -3  4 -4 -3  2 -2 -3 -2 -1 -2 -4 -2 -3    5  33   0  21   0   9   0   0  16   0   0  15   0   0   0   0   0   0   0   0  0.57 0.16
  250 S   -1  0  0  1 -3 -1 -1 -2 -2  0  0  2 -1 -2  4  1  0 -3 -2  0    0   6   5   8   0   0   0   0   0   8  11  17   0   0  23  12   5   0   0   5  0.29 0.09
  251 A    2  1 -1  1 -2 -1 -1  3 -2 -3 -3  2 -2 -3 -2  1 -1 -3 -3 -2   23   7   0   8   0   0   0  30   0   0   0  22   0   0   0   8   0   0   0   0  0.36 0.11
  252 N   -1  1  0  0 -2  1 -1 -2  1  1  1  0  0  0  0  0 -1 -3 -1  0    0  13   5   7   0  11   0   0   5   8  18   4   0   5   4   8   0   0   0  11  0.07 0.06
  253 S   -1  1  2 -1  2  2 -1 -2 -1  1 -2  3 -1 -3 -2  1  0 -3 -2 -1    0   8  11   0   5  12   0   0   0  16   0  29   0   0   0  14   5   0   0   0  0.25 0.12
  254 F   -3 -3 -4 -4 -3  0 -3 -4 -2 -1  1  0 -1  7 -4 -3 -3 -1  1 -2    0   0   0   0   0   5   0   0   0   0  17   8   0  69   0   0   0   0   0   0  0.95 0.24
  255 Y   -3 -3 -3 -4  1 -2 -1 -4  2 -1  0 -3 -1  2 -4 -3 -2  3  7  0    0   0   0   0   4   0   5   0   4   0  12   0   0   4   0   0   0   4  58   8  0.86 0.22
  256 N   -1  2  2  1 -3  3  0 -2  2 -3 -2  2 -1 -3 -2  0 -1 -3 -2 -2    5  12  10   7   0  25   0   0   7   0   5  19   0   0   0   8   0   0   0   0  0.32 0.10
  257 R   -1  1  1  1 -2 -1 -1  1  1 -2 -2 -1  0 -3 -2  2  2 -3 -2  0    0  13   5   8   0   0   0  11   5   0   0   0   4   0   0  28  18   0   0   8  0.22 0.11
  258 L   -2 -4 -4 -4 -2 -3 -4 -4 -4  4  2 -3  0  2 -4 -3 -2 -3 -1  3    0   0   0   0   0   0   0   0   0  47  21   0   0  12   0   0   0   0   0  21  0.57 0.16
  259 S   -1 -3 -2  1 -3 -2 -2  0 -3 -3 -4 -2 -3 -4  7  1 -2 -4 -3 -3    1   0   0  10   0   0   0   9   0   0   1   0   0   0  63  12   0   0   0   0  1.34 0.21
  260 R   -1  3 -1 -1 -3  1  1 -2  1 -3 -3  3 -2 -3  1  1  1 -3  0 -2    4  18   0   0   0   4   5   0   4   0   0  35   0   0   6   8  12   0   5   0  0.37 0.12
  261 Y    0  1 -1 -1  4  2  2 -2 -1 -1 -2  1 -2 -2 -2  1  1 -3  0 -2    4  10   0   0  13  14  14   0   0   6   0  10   0   0   0  16   8   0   5   0  0.24 0.10
  262 H   -3 -3  1 -3 -3 -2 -3 -4  2 -2  1 -3 -1  3 -4 -3 -3  0  7 -2    0   0   8   0   0   0   0   0   5   0  16   0   0   9   0   0   0   0  61   0  1.00 0.24
  263 R   -2  3 -1 -2 -4  6  1 -3  2 -4 -3  3 -2 -4 -2 -1 -2 -3 -2 -3    0  21   0   0   0  53   4   0   4   0   0  19   0   0   0   0   0   0   0   0  0.87 0.23
  264 L   -1  0  0  0 -3  1 -1 -1  3 -2  0  3 -1 -1 -2  0 -1 -2  2 -2    0   0   4   6   0   4   0   3  12   0  14  36   0   0   0  10   0   0  12   0  0.26 0.13
  265 M   -2  2 -3 -4 -2 -2 -3 -4 -2  2  3  0  4 -1 -3 -2 -2 -2  0  0    0  16   0   0   0   0   0   0   0  18  36   5  21   0   0   0   0   0   4   0  0.39 0.14
  266 F   -3 -4 -4 -5 -3 -4 -4 -4 -3 -1  0 -4 -1  7 -5 -4 -3 -1  1  1    0   0   0   0   0   0   0   0   0   0   4   0   0  81   0   0   0   0   0  15  1.30 0.28
  267 D   -1 -1 -1  2 -3  3  3 -2  2 -3 -3  0 -2 -3 -2  0  2 -3  0 -2    1   0   0  10   0  19  34   1   8   0   1   0   0   0   0   4  16   0   4   0  0.44 0.13
  268 V   -1  0 -3 -3 -2 -2 -3 -4 -3  2  3 -2  1 -1 -3 -2 -1 -3 -2  3    1   9   0   0   0   0   0   1   0   8  45   0   0   0   0   1   0   0   0  32  0.39 0.12
  269 G   -1  0  1  1 -2  0 -1  1 -2 -2 -1  0 -1 -3  4  0  0 -3 -2 -1    0   4   8  11   0   4   0  14   0   0   9   5   0   0  24   7   6   0   0   7  0.30 0.07
  270 K    0  2  4  2 -3  1  0 -2 -1 -4 -4  2 -3 -4  0  1 -1 -4 -3 -3    5  13  34  15   0   4   0   0   0   0   0  14   0   0   5  10   0   0   0   0  0.46 0.13
  271 L   -1 -2  1 -2 -2 -1 -2 -2  1  1  1 -2  0  0 -2  2  1 -2  2  1    0   0  12   0   0   0   0   0   5   7  23   0   0   3   0  22  10   0   9  10  0.15 0.09
  272 N   -1 -1  2  0 -3  1  0  1  3 -3 -3  0 -2 -1  1  0 -1 -2  3 -3    0   0  14   5   0   8   4  15  13   0   0   7   0   0   7   8   0   0  20   0  0.31 0.11
  273 E   -2 -1  2  4 -3  0  1 -2  2 -2 -2  1  0  2 -2 -1  0 -2 -1 -2    1   1  10  34   0   0   6   1   9   1   1  13   5  12   1   1   4   0   0   1  0.33 0.10
  274 A    0 -1  1  0 -2 -1 -1 -2 -2  0  2  0  0 -1  2  1  0 -2 -2  0    6   1   7   5   0   0   1   1   0   4  30   9   0   0  12  13   4   0   0   5  0.13 0.06
  275 S    1 -1  2 -1 -2 -1  0 -1  1 -1 -2 -1 -1 -2 -1  2  2 -2  0  0   14   1  12   1   0   0   5   1   5   1   1   1   0   0   1  24  21   0   5   7  0.22 0.09
  276 K   -1  1  2  0 -2  0  0 -1 -1 -1  0  2 -1 -1  1  1  0 -2 -1 -1    3  10  18   2   1   2   2   3   1   2  12  17   1   1   6   9   7   0   1   2  0.12 0.03
  277 E    0  1  2  2 -2  1  1 -1  0  0 -1  1 -1  0 -1  0  0 -1 -1 -1    8   6  13  13   1   6   8   3   1   7   4  11   1   6   2   3   2   1   1   3  0.08 0.02
  278 E   -1 -1  2  1 -3  1  3 -2  2 -2 -2  0 -2 -2  2 -1 -1 -2 -2 -1    2   1  14   4   0   6  36   2   8   1   2   1   0   1  13   1   1   0   1   6  0.37 0.09
  279 A    0 -2 -2 -2  2 -1  0 -1 -1  1  0 -1  1  2 -2 -1 -1 -1  2  1    7   1   1   1   6   1   9   6   0  12   6   1   8  15   1   1   1   0  12  10  0.09 0.05
  280 L    0  1  0  0  1  2  1 -1 -1 -1 -1  1 -1 -2 -1  1  0 -2 -2  0    7   9   5   4   4  13   9   1   0   4   7  11   0   1   1  14   1   0   0   8  0.11 0.04
  281 K    1  1  3  1 -3  2  0 -2  1 -3 -2  2 -2  1 -2  0 -1 -3 -1 -2   14   9  27   6   0  10   4   0   5   0   0  13   0   9   0   0   0   0   0   0  0.27 0.10
  282 Y   -3  0 -3  0 -3 -2 -3 -4  0 -2 -2 -2 -2  4 -4 -3 -3  0  7 -2    0   6   0   8   0   0   0   0   0   0   0   0   0  17   0   0   0   0  65   0  1.13 0.25
  283 T    0  0  2 -1 -2  0 -1 -2 -2  0  0 -1 -1  0 -2  1  3 -3 -2 -1    5   6  13   0   0   6   0   0   0   4  12   0   0   4   0   9  38   0   0   0  0.23 0.11
  284 A    2 -2 -1 -2 -2 -2 -2  3 -2  0  0 -2 -1 -2 -2  1 -1 -3 -2 -1   31   1   1   1   0   1   1  33   0  11   8   1   0   0   1   9   1   0   0   1  0.31 0.10
  285 F   -2 -3  1 -3 -2 -3 -3 -3 -3  4  0 -3  0  2 -3 -2 -1 -3 -1  3    1   0   9   0   0   0   0   1   0  50   1   0   0   9   0   0   0   0   0  27  0.47 0.15
  286 M    0 -2 -3 -3 -2  1 -2 -3 -2  2  3 -2  4 -1 -3 -2 -1 -2 -2  2    5   0   0   0   0   9   0   1   0  10  34   0  18   0   0   0   0   0   0  19  0.32 0.11
  287 I   -2 -3 -3 -4 -2 -3 -3 -4 -4  5  1 -3  0 -1 -3 -3 -1 -3 -2  4    1   0   0   0   0   0   0   1   0  51   9   0   0   0   0   0   0   0   0  34  0.62 0.16
  288 I   -1 -3 -3  0 -2 -3 -3 -4 -3  4  0 -3  0 -1 -3 -2 -1 -3 -2  4    1   0   0   9   0   0   0   1   0  38   1   0   0   0   0   0   0   0   0  47  0.53 0.16
  289 F   -3 -4  0 -4 -3 -4 -4 -4 -2  2 -1 -4 -1  6  1 -3 -2 -1  1  0    0   0   7   0   0   0   0   0   0  16   0   0   0  63   8   0   0   0   0   5  0.82 0.22
  290 S   -2 -1  0  3 -4  4  2 -1  4 -4 -3  1 -2 -3 -2  0  0 -3 -2 -3    0   0   0  20   0  28  11   4  18   0   0   7   0   0   0   5   7   0   0   0  0.49 0.15
  291 D   -2 -2 -1  4 -4  0  4  2 -2 -3 -1 -1 -3 -4 -2 -1 -2 -4 -3 -3    0   0   0  37   0   0  39  16   0   0   8   0   0   0   0   0   0   0   0   0  0.67 0.18
  292 S   -1 -2 -3 -3 -2 -2 -3 -3 -3  2  3 -2  1  1  0 -1  0 -2 -1  1    4   0   0   0   0   0   0   1   0   9  52   0   0   7   5   6   4   0   0  10  0.29 0.10
  293 K    0  2 -1 -2 -2  1 -1 -2 -1  0  0  3 -1 -2 -2  1  1 -3 -2 -1    5  14   0   0   0   5   0   1   0  10   9  30   0   0   0  12  11   0   0   0  0.20 0.09
  294 K   -1  0 -1  1 -3  1  4 -2 -1 -2  0  3 -1 -3 -2 -1  0 -3 -2 -2    1   0   0   5   0   5  39   1   0   0  13  28   0   0   0   1   5   0   0   0  0.42 0.13
  295 V    0 -2 -2  0 -2 -2 -2 -1 -2  2  2 -2  2  1 -2 -1 -1 -2 -1  1   14   0   0   7   0   0   0   5   0  16  29   0  10   9   0   1   0   0   0   6  0.16 0.07
  296 T   -1 -2 -2 -2 -2 -2 -2  1 -2  2  0  0  3 -2  1 -1  0 -3 -2  2    1   0   0   0   0   0   0  16   0  16   1   9  15   0   9   1   6   0   0  24  0.19 0.09
  297 T    1 -1  3  1 -2 -1  1 -1 -1 -2 -3 -1 -2 -3 -2  3  1 -3 -2  0    9   0  25   5   0   0   9   1   0   0   1   0   0   0   0  36   6   0   0   7  0.35 0.12
  298 I   -2  0 -3 -3 -2 -2 -3 -4 -3  3  3 -2  2 -1 -3 -3 -2 -2 -2  1    1   9   0   0   0   0   0   1   0  30  47   0   8   0   0   1   0   0   0   0  0.44 0.13
  299 L   -2 -3 -3 -3 -2 -2  0 -4 -3  0  5 -3  1 -1 -3 -3 -2 -2 -2  0    1   0   0   0   0   0   9   1   0   0  85   0   0   0   0   1   0   0   0   0  0.70 0.19
  300 N   -3 -2  7  2 -4  1  1 -2 -1 -4 -4 -1 -3 -4 -3  0 -1 -5 -3 -4    0   0  73   9   0   7   9   0   0   0   0   0   0   0   0   3   0   0   0   0  1.09 0.25
  301 R   -2  4  0 -2 -4  0  0 -1 -1 -3 -2  2 -2  3 -3 -2 -2 -1  3 -3    0  36   4   0   0   0   7   4   0   0   0  17   0  16   0   0   0   0  16   0  0.46 0.15
  302 M   -2 -3 -4 -4 -2 -3 -4 -4 -4  4  2 -3  3 -1 -4 -3 -1 -3 -2  3    0   0   0   0   0   0   0   0   0  43  24   0  13   0   0   0   0   0   0  20  0.60 0.16
  303 W    0  0 -1  0  5 -1 -1 -2  1 -1  1  1 -1 -2 -2  1 -1  3 -1  0    5   5   0   5  21   0   0   0   5   0  16  11   0   0   0  15   0   5   0   9  0.21 0.10
  304 K    0  0  0 -1  2  2  1 -2  1 -3 -3  2 -2 -2  3  0 -1 -3  0 -2   11   4   5   0   5  15  12   0   3   0   0  14   0   0  16   7   0   0   5   0  0.30 0.08
  305 K    0  0  3 -1  0  0 -1 -2  1 -3 -3  3 -2 -2 -2  0  1 -2  3 -2    5   0  23   0   3   0   0   0   4   0   0  32   0   0   0   7  13   0  13   0  0.35 0.14
  306 Y    0 -1  0 -2  2 -1 -2 -2  1  0  1  0  1  1 -2  1  1 -2  1  1    4   0   7   0   5   0   0   0   4   0  13   7   7   7   0  12   8   0   5  19  0.07 0.06
  307 G   -1  0  0  1 -2  0  0 -1 -2  0 -1  0  1  0  3  0  0 -3 -2  0    0   5   5  11   0   2   6   5   0   8   0   4   9   4  18   4   7   0   0  11  0.16 0.06
  308 D   -2 -1  4  2  1  0  1  0  1 -3 -3  2 -3 -4  0  0  0 -4 -3 -2    0   0  39   9   4   0  11   5   4   0   0  15   0   0   4   0   7   0   0   3  0.41 0.13
  309 F   -1  2  0 -2 -3  0 -1 -2 -2  0 -2  3 -1  0  2  0  0 -3 -2 -1    0  14   4   0   0   0   0   0   0   7   0  38   0   5  12   4   8   0   0   6  0.31 0.11
  310 T   -2 -2  0 -2 -3 -2 -2 -3 -3 -2  1 -2 -1  1  6 -1  1 -3 -2 -2    1   0   5   0   0   0   1   1   0   0  17   0   0   7  52   1  14   0   0   1  0.93 0.17
  311 L   -2 -3 -3 -4  3 -3 -3 -4 -2  3  2 -3  0  2 -3 -2 -1 -2  2  3    0   0   0   0   7   0   0   0   0  25  16   0   0  11   0   0   0   0   9  30  0.37 0.11
  312 I   -1 -4 -4 -4 -2 -4 -4 -5 -4  6  0 -4  0 -1 -4 -3 -2 -4 -3  2    4   0   0   0   0   0   0   0   0  85   0   0   0   0   0   0   0   0   0  11  0.98 0.25
  313 P    1 -3 -3 -3 -4 -3 -2 -3 -3 -4 -4 -2 -4 -5  8 -2 -2 -5 -4 -3   17   0   0   0   0   0   0   0   0   0   0   0   0   0  83   0   0   0   0   0  2.05 0.31
  314 I   -2 -4 -4 -4 -2 -4 -4 -5 -4  5  1 -4  0 -1 -4 -3 -2 -4 -2  4    0   0   0   0   0   0   0   0   0  62   7   0   0   0   0   0   0   0   0  31  0.81 0.21
  315 C   -1 -4 -4 -4  8 -4 -4 -4 -3  1 -1 -4 -1  2 -4 -2  0 -2  1  2    4   0   0   0  49   0   0   0   0   8   0   0   0  10   0   0   4   0   5  20  0.91 0.21
  316 Q   -1 -1 -1  1 -3  5  3 -2 -1  0  0  0 -1 -2 -2 -1 -1 -2 -2 -1    1   1   1  10   0  41  20   1   0   9   9   1   0   1   1   1   1   0   1   1  0.41 0.13
  317 K   -1  2 -1 -1 -2  0  1 -2 -1 -2 -2  2 -2 -3  2  2  1 -3 -2 -2    1  15   1   1   0   1   9   1   0   1   1  23   0   1  13  19  11   0   1   1  0.32 0.08
  318 G   -1 -1  0  2 -3 -1  1  4 -2 -3 -3  1 -2 -3 -2 -1 -1 -3 -3 -3    1   1   1  18   0   1   9  46   0   1   1  15   0   1   1   1   1   0   1   1  0.51 0.11
  319 Q    0  1  1 -1 -3  5  2  1 -1 -3 -3  0 -1 -3 -2 -1 -1 -2 -2 -2    5   6   8   1   0  46  15  10   0   1   1   1   0   1   1   1   1   0   1   1  0.49 0.14
  320 K   -1  4 -1 -2 -3  2 -1  0 -1 -1 -1  2 -1 -1 -2  0 -1 -3 -2 -1    0  29   0   0   0  14   0   8   0   5   8  20   0   4   0   7   0   0   0   5  0.28 0.11
  321 Q    0 -1  3 -1 -2  2 -1 -2  2  1  1 -1  0  1 -3  0 -1 -3 -1  0    7   0  21   0   0  15   0   0   9  12  20   0   0   7   0   4   0   0   0   5  0.15 0.10
  322 S   -2  1  2 -1 -3  4  1 -2 -1  0 -1  2 -1 -3 -2  0  0 -3 -2 -2    0   4  13   0   0  36   5   0   0  11   5  18   0   0   0   5   4   0   0   0  0.36 0.14
  323 V    0 -3  1 -2  1 -2 -2 -3 -3  3  1 -2  0 -2 -3  0  1 -3 -2  3    8   0  10   0   4   0   0   0   0  24   9   0   0   0   0   6   7   0   0  33  0.24 0.10
  324 T    1  0 -1  1 -2  0  0 -2 -1 -2 -1  3 -2 -2 -2  1  1 -3  1 -2   14   3   0   8   0   0   0   0   0   0   5  37   0   0   0  16  12   0   6   0  0.27 0.12
  325 E   -1  0  5  2 -3 -1  0 -2 -1 -4 -4  1 -3 -3 -2  1 -1 -3  1 -3    4   5  47   8   0   0   5   0   0   0   0  11   0   0   0  12   0   0   7   0  0.53 0.16
  326 K   -2 -2 -3 -3 -2 -2 -3 -4  2  4  1  1  0 -1 -3 -3 -1 -3 -2  3    0   0   0   0   0   0   0   0   7  49   7  13   0   0   0   0   0   0   0  25  0.46 0.16
  327 V   -2 -3 -4 -4 -2 -3 -4 -5 -4  3  4 -3  1 -1 -4 -3 -2 -3 -2  2    0   0   0   0   0   0   0   0   0  26  64   0   0   0   0   0   0   0   0  10  0.69 0.18
  328 K   -2  1  3  2 -4  0  2 -2 -1 -4 -4  4 -3 -4  1  0 -1 -4 -3 -3    0   5  19  10   0   0  15   0   0   0   0  39   0   0   7   4   0   0   0   0  0.51 0.15
  329 T    0  3  2 -1 -3  0 -1 -2 -1 -3 -3  2 -2 -3  0  2  0 -3  0 -3    4  23  12   0   0   0   0   0   0   0   0  21   0   0   5  26   5   0   4   0  0.37 0.13
  330 F   -3 -3 -3 -4 -3 -3 -3 -4  1  1  2 -3  1  5 -4 -3 -2  0  5 -1    0   0   0   0   0   0   0   0   4  10  24   0   3  30   0   0   0   0  29   0  0.67 0.17
  331 A    0 -3 -3 -3 -2 -2 -3 -3 -3  1  3 -2  1 -1 -3  0  1 -3 -2  2   10   0   0   0   0   0   0   0   0   5  45   0   0   0   0   7  14   0   0  19  0.31 0.12
  332 N    0  4  1 -2 -4  0 -1 -2 -1 -3 -3  4 -2 -4 -2 -1  0 -4 -3 -3    9  32   5   0   0   0   0   0   0   0   0  48   0   0   0   0   6   0   0   0  0.68 0.19
  333 S   -1  2  3 -1 -2  1 -1  1 -1 -1 -1  0 -1 -2 -2  2  1 -3 -2 -2    1  12  23   0   0   6   0   9   0   6   7   5   0   0   0  20   9   0   0   0  0.21 0.08
  334 N   -2  1  3  1 -3  0  0 -2  2 -2 -1  3 -1 -1 -2  0 -1 -2  2 -2    1   8  22   8   0   0   0   1   5   0   9  28   0   0   0   4   0   0  11   0  0.27 0.10
  335 K   -1  1  1  0  1  0  0 -2 -1 -1  2  2  2  0 -2 -1 -1 -2 -1 -1    4   9  10   5   5   0   5   1   0   0  28  19   9   4   0   1   0   0   0   0  0.11 0.07
  336 I   -2 -3 -4 -4 -2 -3 -3 -4 -4  5  1 -3  0 -1 -3 -3 -1 -3 -2  3    1   0   0   0   0   0   0   1   0  60   5   0   0   0   0   1   0   0   0  29  0.67 0.18
  337 K   -1  2  2  0 -2  1  1 -1 -1 -2 -2  2 -2 -3 -1  2  1 -3 -2 -2    1  14  13   1   0   7   6   1   0   1   1  18   0   1   1  21  12   0   1   1  0.27 0.08
  338 L   -1 -2 -3 -3 -2  0 -2 -3 -2  1  4 -2  1 -1 -2 -2  0 -2 -1  1    1   1   1   1   0   5   1   1   0   8  62   1   0   1   1   1   5   0   1   9  0.38 0.11
  339 M   -2 -2 -3 -4 -2 -2 -3 -3 -2  1  4 -3  3  1 -3 -3 -2  3  1  1    1   0   0   0   0   0   1   1   0   5  58   0  13   5   0   1   0   4   5   5  0.48 0.13
  340 S   -2 -3 -2 -4  7 -3 -3 -4  4 -3 -3 -3 -2  1 -4  0 -2 -1  5 -2    0   0   0   0  40   0   0   0  17   0   0   0   0   5   0   9   0   0  30   0  1.07 0.25
  341 Y    0 -2  1 -1 -3  0  1 -2  2 -2 -2 -1  1 -2  5  0  0 -3  1 -1    4   0   7   0   0   4   8   0   8   0   0   0   6   0  33   9   8   0   5   7  0.50 0.12
  342 P   -2 -4 -4 -3 -4 -3 -3 -4 -4 -1 -1 -3 -3 -4  8 -2 -2 -5 -4 -3    0   0   0   0   0   0   0   0   0   4   9   0   0   0  88   0   0   0   0   0  2.15 0.32
  343 V   -2 -4 -4 -4 -2 -3 -4 -4 -4  5  0 -3  0  0 -4 -3  0 -3 -2  4    0   0   0   0   0   0   0   0   0  51   0   0   0   4   0   0   4   0   0  41  0.71 0.20
  344 V   -1 -2  0 -3 -2  0 -2 -3 -3  2 -1 -2 -1 -2  2  0  2 -4 -2  4    0   0   5   0   0   6   0   0   0   8   0   0   0   0  13   5  15   0   0  49  0.36 0.15
  345 I   -1 -3 -3 -4 -2 -2 -3 -1 -3  2  3 -3  5  1 -3 -3 -2 -2 -2  1    3   0   0   0   0   0   0   5   0  16  37   0  28   4   0   0   0   0   0   7  0.47 0.15
  346 S    0 -2  1  2 -2 -1 -1 -2 -2 -3 -3 -1 -3 -4 -2  4  2 -4 -3 -3    4   0   6  16   0   0   0   0   0   0   0   0   0   0   0  61  13   0   0   0  0.63 0.20
  347 D   -3 -2  6  3 -4 -1 -1 -2 -1  0 -1 -2 -2 -3 -3 -1 -1 -5 -3 -3    0   0  61  23   0   0   0   0   0   8   7   0   0   0   0   0   0   0   0   0  0.85 0.23
  348 H   -2  1  4  1 -3  1  2 -2  5 -4 -3  1 -2 -3 -2  0  0 -4 -1 -3    0   5  26   4   0   3  13   0  25   0   0   9   0   0   0   7   8   0   0   0  0.51 0.15
  349 Y   -2  2  0  3 -3  1  2 -2  4 -2 -3  1 -2 -2 -1  0 -1 -2  2 -3    0  13   0  20   0   4  15   0  15   4   0   8   0   0   3   8   0   0  10   0  0.34 0.11
  350 E    0 -2  0  4 -4  1  4  0 -1 -4 -4 -1 -3 -4 -2  1 -1 -4 -3 -3    9   0   0  34   0   5  37   5   0   0   0   0   0   0   0  10   0   0   0   0  0.64 0.16
  351 I   -2 -2 -3 -4 -2 -2 -3 -4 -3  2  3  0  3 -1 -3 -3 -1 -3 -2  3    0   0   0   0   0   0   0   0   0   5  41   9   9   0   0   0   0   0   0  36  0.45 0.15
  352 H   -2 -1  2  1 -3  1  0 -2  5  0 -1  1 -1  0 -3 -1  0 -3 -1  0    0   0  16   9   0   5   4   0  22   7   6  11   0   7   0   0   4   0   0   8  0.21 0.10
  353 G    0  3  3  0 -3  0 -1  0 -1 -3 -3  3 -2 -4 -2  0  1 -4 -3 -3    7  16  20   4   0   0   0   8   0   0   0  31   0   0   0   0  13   0   0   0  0.38 0.13
  354 L   -2 -3 -4 -5 -2 -3 -4 -5 -4  0  5 -3  5 -1 -4 -3 -2 -3 -2  0    0   0   0   0   0   0   0   0   0   0  73   0  27   0   0   0   0   0   0   0  0.92 0.24
  355 L   -3 -3 -4 -4 -2 -3 -4 -4 -3  2  3 -3  0  4 -4 -3 -2 -1  2  0    0   0   0   0   0   0   0   0   0  16  47   0   0  29   0   0   0   0   8   0  0.63 0.16
  356 R   -2  2  2  2 -3  2  0 -2  2 -2 -1  3 -1 -3 -2 -1 -1 -4 -2 -1    0  13  13  15   0   9   0   0   6   0   9  32   0   0   0   0   0   0   0   4  0.33 0.11
  357 H   -3  0 -2 -3 -3 -2 -3 -4  5  0 -1 -2 -1  6 -4 -2  0 -1  2  0    0   5   0   0   0   0   0   0  24   4   0   0   0  48   0   0   8   0   4   6  0.68 0.19
  358 L   -2 -3 -4 -4 -2 -3 -4 -4 -4  1  5 -3  2 -1 -4 -3 -1 -3 -2  1    0   0   0   0   0   0   0   0   0   0  86   0   4   0   0   0   4   0   0   6  0.80 0.20
  359 H   -2  1  3  3  1  2  0 -2  4 -3 -3  1 -2 -2 -2 -1  0 -3  1 -2    0   6  16  22   4  12   0   0  17   0   0  10   0   0   0   0   4   0   5   4  0.36 0.12
  360 S   -1 -1  4  2 -3  2  2  0 -1 -3 -3  1 -2 -4 -2  1  0 -4 -3 -3    0   0  26  13   0   9  18   4   0   0   0  11   0   0   0  14   4   0   0   0  0.43 0.11
  361 L   -2 -3 -3  0 -2 -3 -3 -4 -3  2  4 -3  1 -1 -3 -3 -1 -3 -2  1    0   0   0   8   0   0   0   0   0  17  64   0   0   0   0   0   4   0   0   7  0.50 0.14
  362 Y    0 -1 -1 -1  2  0  2 -2 -1 -2 -2  1 -2 -1 -2  3  0 -2  3 -1    7   0   0   0   5   0  19   0   0   0   0   8   0   0   0  36   0   0  20   5  0.31 0.12
  363 V   -2  3  2 -1 -3  1 -1 -2 -1  0  0  2 -1 -1 -2 -1  0 -2  1  0    0  22  15   0   0   9   0   0   0   4  14  16   0   0   0   0   5   0   8   6  0.19 0.08
  364 E   -1  0  1  2 -3  2  4 -2 -1 -3 -1  2 -2 -3 -2 -1  0 -3 -2 -2    0   0  10  11   0   8  39   0   0   0   9  15   0   0   0   0   8   0   0   0  0.40 0.10
  365 V    0 -1 -2 -2 -2  0 -1 -2 -2  0  1  0  0  2 -2  1 -1 -2  1  2    5   0   0   0   0   8   0   0   0   0  14   9   0  16   0  15   0   0   3  30  0.13 0.07
  366 D   -2 -2  2  4 -4  0  4 -1 -1  0 -3 -1 -2 -3 -2 -1 -1 -4 -3 -2    0   0  11  36   0   0  39   3   0  10   0   0   0   0   0   0   0   0   0   0  0.61 0.13
  367 S    1 -1  2  1 -2  1  1 -1 -1 -3 -1  1 -2 -3 -2  3  0 -3 -2 -2    8   0  14   5   0   5   6   0   0   0   6  14   0   0   0  42   0   0   0   0  0.31 0.09
  368 D    0  0 -1  2 -3  1  3  2 -1 -4 -3  2 -2 -4 -2 -1 -1 -3 -3 -3    5   0   0  14   0   5  29  24   0   0   0  23   0   0   0   0   0   0   0   0  0.45 0.10
  369 Y   -2 -2 -2 -1  2  0  0 -3  0  0 -1 -2  2  0 -3 -2  0  0  5  1    0   0   0   5   5   6   7   0   0   7   0   0  13   0   0   0   8   0  38  12  0.35 0.14
  370 E   -2 -1  2  3 -3  0  3 -2 -1  1 -2  0 -1 -3 -2 -1  0 -4 -3  0    0   0  11  18   0   0  33   0   0  18   0   6   0   0   0   0   7   0   0   8  0.31 0.11
  371 T    1  0 -1  1 -2 -1 -1 -2  1  0 -1 -1 -1 -2  1  0  3 -3 -2  0   13   7   0  10   0   0   0   0   7   6   5   0   0   0   7   4  34   0   0   8  0.19 0.09
  372 D   -1 -1  1  4 -3  0  2 -2 -1 -1 -2  0  0 -3 -2  2 -1 -4 -3 -1    0   0   7  30   0   0  20   0   0   5   0   7   6   0   0  20   0   0   0   5  0.35 0.11
  373 I   -1 -2 -1  2 -2 -1  1  0  1  2  1  0  0 -1 -2 -1 -1 -3 -2  1    0   0   0  14   0   0  16   7   6  19  21   6   0   0   0   0   0   0   0  11  0.11 0.07
  374 P    0 -1 -1  1 -2  2  0 -2 -1 -2 -2  0 -2  1  3  1  2 -2  1 -2    5   0   0   9   0  18   0   0   0   0   0   6   0   7  19  11  17   0   7   0  0.33 0.09
  375 K    0  2 -1 -1 -3  1  2 -3 -2  2 -1  2 -1 -2  1 -1 -1 -3 -2  0    6  13   0   0   0   7  17   0   0  24   0  21   0   0   7   0   0   0   0   6  0.21 0.08
  376 K   -2  2 -1 -2 -3  2  0 -3  1 -3 -3  5 -2 -4 -2 -1  0 -4 -2 -1    0   5   0   0   0  11   0   0   5   0   0  66   0   0   0   0   7   0   0   6  0.61 0.17
  377 T   -1  0  3  0 -3  0  2 -2 -1 -1 -3  2 -2 -3 -2  2  2 -3 -2 -2    0   0  20   0   0   0  18   0   0   5   0  21   0   0   0  16  20   0   0   0  0.32 0.11
  378 K   -1  1  1  0 -3  1  0 -2  1 -2  1  3 -1 -2 -2  1 -1 -3 -2 -2    0   5   7   6   0   7   0   0   6   0  20  35   0   0   0  13   0   0   0   0  0.23 0.09
  379 P   -1  3 -1 -1 -3  1  1 -2  1 -3 -2  2  0 -3  3  1 -1  4 -2 -3    0  19   0   0   0   5   7   0   5   0   0  20   6   0  14  17   0   7   0   0  0.37 0.10
  380 R   -2  5  3 -1 -4  1 -1 -3 -1  0 -2  2  1 -3 -3 -1 -1 -3 -2 -2    0  47  18   0   0   7   0   0   0   9   0  13   6   0   0   0   0   0   0   0  0.52 0.14
  381 K   -1  2  0  1 -3  0  0 -2  2 -3 -3  4 -2 -3 -2  1  1 -4 -2 -3    0  11   0   7   0   0   0   0   7   0   0  50   0   0   0  17   7   0   0   0  0.47 0.14
  382 G   -1  1  1  0 -3 -1 -1  2 -1 -3 -3  2 -2 -3  2  2 -1 -3  0 -3    0   6   7   5   0   0   0  23   0   0   0  18   0   0  13  23   0   0   5   0  0.34 0.09
  383 A    0  1  2  1  2  1  0  0  2 -3 -3  2 -2 -2 -2  1 -1 -3  1 -2    7   6  15   8   6   6   0   5   8   0   0  18   0   0   0  15   0   0   6   0  0.21 0.07
  384 K   -1  3  1 -1 -4  1  0  0  2 -4 -3  4 -2 -3 -2  0 -1 -3 -2 -3    0  26   7   0   0   7   0   8   8   0   0  39   0   0   0   6   0   0   0   0  0.48 0.12
  385 K   -1  2  3  1 -3  1  0  0  0 -3 -3  3 -2 -2 -2  1 -1 -2  1 -3    0  11  21   5   0   7   0   8   0   0   0  25   0   0   0  13   0   0   9   0  0.31 0.09
  386 K    0  1  2  1 -3  0  1 -2 -1  0 -2  4 -2 -3 -2  0 -1 -4 -2 -2    7   6  13   6   0   0   8   0   0  11   0  43   0   0   0   6   0   0   0   0  0.30 0.10
  387 P    0  0 -1  1 -2 -1 -1  2 -2 -3 -3  1 -2 -3  4  2  1 -3 -3 -2    6   6   0   8   0   0   0  16   0   0   0  15   0   0  22  19   7   0   0   0  0.41 0.09
  388 A    1  0  0  1 -2 -1 -1  0 -1 -2 -2  0 -2 -2 -2  2  3 -2  1 -2   13   5   0   8   0   0   0   6   0   0   0   5   0   0   0  29  26   0   7   0  0.27 0.10
  389 P   -1 -1  1 -1 -2 -1  0  0 -2 -3 -3  1 -2 -3  5  1  2 -3 -3 -2    0   0   7   0   0   0   6   5   0   0   1  10   0   0  38  14  15   0   0   0  0.66 0.11
  390 H   -2  0  1 -1 -3  1  1 -2  6 -2 -2  1 -2  1 -2 -1 -2 -2  2 -1    0   0   8   0   0   6  13   0  33   0   1  14   0   7   0   0   0   0  10   7  0.39 0.11
  391 L    0  1 -2 -2 -2  0  0 -2 -1  0  1  2  0  2 -2 -1 -1 -1  1  0    7   8   0   0   0   0   8   0   0   6  14  25   0  13   0   0   0   0   8  10  0.11 0.06
  392 A    0 -1 -1 -2 -2 -1 -1  0 -1  0  1  2  1  1 -2  1 -1 -1  2  0    7   0   0   0   0   0   0   8   0   0  14  21   5   6   0  14   0   0  14  12  0.09 0.07
  393 K   -2  2  3 -1 -4  0  0 -2 -1 -3 -3  4 -2 -4  1 -1  0 -4 -3 -3    0  12  24   0   0   0   0   0   0   0   0  52   0   0   6   0   6   0   0   0  0.59 0.16
  394 R   -1  4 -1 -1 -3  0  0 -2  2 -3 -2  4 -2 -2 -2  0 -1 -2  1 -2    1  32   1   1   0   1   1   1   6   1   1  38   0   1   1   7   1   0   7   1  0.45 0.11
  395 W   -4 -4 -5 -6 -4 -4 -4 -4 -4  0 -3 -5 -3 -1 -5 -4 -4 12  1 -3    0   0   0   0   0   0   0   0   0   7   0   0   0   0   0   0   0  93   0   0  3.21 0.39
  396 W    0 -3 -3 -4 -2 -3 -3 -3 -3  3  1 -3  0  2 -3 -2 -1  4  0  2   12   0   0   0   0   0   0   0   0  37   8   0   0  13   0   0   0   7   0  23  0.37 0.11
  397 F   -2 -3 -3 -3 -2 -3 -3 -4 -2  3  2 -3  0  3 -3 -2  1 -1  2  2    0   0   0   0   0   0   0   0   0  26  19   0   0  22   0   0  14   0   7  11  0.33 0.10
  398 W   -4 -4 -5 -6 -4 -3 -4 -4 -4 -3  0 -4 -2 -1 -5 -4 -4 12  1 -4    0   0   0   0   0   0   0   0   0   0   9   0   0   0   0   0   0  91   0   0  3.11 0.38
  399 P    0 -2 -1 -2 -2 -2 -2  4 -2 -2 -3 -2 -2 -3  1  2  2 -3 -3  0    0   0   0   0   0   0   0  46   0   0   0   0   0   0   7  18  20   0   0   9  0.51 0.13
  400 I    0 -3 -3 -4 -2 -3 -3 -4 -4  4  1 -3  0 -1 -3 -2  0 -3 -2  3    6   0   0   0   0   0   0   0   0  51   9   0   0   0   0   0   6   0   0  27  0.48 0.13
  401 S    0 -2  0 -1 -2 -1 -1 -1 -2 -4 -4 -1 -3 -4 -2  6  0 -4 -3 -3    0   0   0   0   0   0   0   0   0   0   0   0   0   0   0 100   0   0   0   0  1.05 0.27
  402 I   -2 -3 -4 -4 -2 -3 -4 -4 -3  3  4 -3  1  1 -4 -3 -2 -2 -1  1    0   0   0   0   0   0   0   0   0  21  67   0   0   6   0   0   0   0   0   6  0.60 0.14
  403 A    2 -2 -1 -2 -2 -1 -1 -2 -2 -2 -2 -1 -2 -3 -2  3  5 -3 -2 -1   16   0   0   0   0   0   0   0   0   0   0   0   0   0   0  29  54   0   0   0  0.61 0.18
  404 L   -1 -3 -4 -4 -2 -3 -3 -4 -4  4  3 -3  1 -1 -3 -3 -1 -3 -2  3    0   0   0   0   0   0   0   0   0  33  30   0   0   0   0   0   0   0   0  37  0.54 0.13
  405 G   -1 -3 -1 -2 -4 -3 -3  7 -3 -5 -5 -3 -4 -4 -3 -1 -3 -4 -4 -4    0   0   0   0   0   0   0 100   0   0   0   0   0   0   0   0   0   0   0   0  1.59 0.24
  406 V    0 -3 -4 -4 -2 -3 -3 -4 -4  4  0 -3  0 -1 -3 -2 -1 -4 -2  5    6   0   0   0   0   0   0   0   0  29   0   0   0   0   0   0   0   0   0  64  0.64 0.17
  407 G   -1 -3 -1 -2 -3 -2 -3  6 -3 -5 -4 -2 -3 -4 -3  1 -2 -4 -4 -4    0   0   0   0   0   0   0  86   0   0   0   0   0   0   0  14   0   0   0   0  1.27 0.21
  408 I    0 -3 -4 -4 -2 -3 -3 -4 -3  4  2 -3  2  3 -3 -2 -1 -2 -1  2    8   0   0   0   0   0   0   0   0  45  13   0   6  15   0   0   0   0   0  12  0.40 0.11
  409 G   -1 -3 -1 -2 -4 -3 -3  7 -3 -5 -5 -3 -4 -4 -3 -1 -3 -4 -4 -4    0   0   0   0   0   0   0 100   0   0   0   0   0   0   0   0   0   0   0   0  1.59 0.24
  410 C   -2 -3 -3 -4  6 -3 -4 -4  0 -2 -2 -3 -2  4 -4 -3 -3  0  7 -2    0   0   0   0  25   0   0   0   0   0   0   0   0  17   0   0   0   0  58   0  1.21 0.23
  411 C   -2 -4 -4 -5  9 -4 -4 -4 -3  0 -2 -4 -2  1 -4 -2 -2 -2  3 -2    0   0   0   0  72   0   0   0   0   6   0   0   0   5   0   0   0   0  17   0  1.55 0.26
  412 V    0 -3 -4 -4 -2 -3 -3 -4 -3  4  2 -3  3 -1 -3 -2 -1 -3 -2  3    8   0   0   0   0   0   0   0   0  46  14   0  11   0   0   0   0   0   0  21  0.46 0.12
  413 T    0 -2  0 -1 -2 -1 -1 -1 -2 -3 -3 -1 -2 -3 -2  5  3 -3 -2 -2    0   0   0   0   0   0   0   0   0   0   1   0   0   0   0  74  21   0   0   0  0.70 0.19
  414 F   -2 -2 -3 -4  2 -2 -3 -4  2 -2  0 -3 -1  3 -3 -2 -2  1  7 -2    0   0   0   0   6   0   0   0   5   0  13   0   0   7   0   0   0   0  64   0  0.91 0.19
  415 Y   -1 -2 -2 -3  2 -2 -2 -3 -1  1  1 -2  3  3 -2 -1  0  0  3  1    1   1   1   1   7   1   1   1   0   7  13   1  14  18   1   1  10   0  15   9  0.22 0.07
  416 F    1 -2  0 -2 -1 -2 -2 -2 -2  1  1 -2  0  3 -2 -1 -1 -1  0  2   15   1   7   1   0   1   1   1   0   8   7   1   0  23   1   1   1   0   0  31  0.17 0.07
  417 S    0 -1  2 -1 -1 -1 -1 -1 -1 -1 -2 -1 -1 -2 -1  3  3 -2 -2  0    2   1  10   1   0   1   1   1   0   1   2   1   0   1   1  40  27   0   1   8  0.31 0.09
  418 K    1 -1 -1 -1 -1 -1 -1 -1 -2 -1  0  0  2 -2 -1  3  2 -2 -2 -1    7   1   1   1   0   1   1   1   0   1   8   8  10   1   1  37  22   0   0   1  0.24 0.09
  419 F    0  1 -2 -2  2 -1 -2 -2 -2  0 -1 -1 -1  4 -2  1  1 -1  0 -1   11  13   0   0   6   0   0   0   0   8   1   0   0  30   0  14  13   0   0   0  0.19 0.09
  420 E   -2  0  0 -2 -3 -1  0  0 -1 -1  1  0  1  2 -3 -2 -2  6  2 -1    0   6   7   0   0   0   8   8   0   0  14  10   8  14   0   0   0  17   6   0  0.29 0.08
  421 T    0 -2 -1 -2  3 -1  0 -2 -2  2  1 -1  0 -1 -2  2  1 -3 -2  1    0   0   0   0   8   0   6   0   0  17  14   0   0   0   0  27  14   0   0  10  0.16 0.07
  422 S    0 -1  1 -1 -2 -1 -1 -1  2 -1 -2 -1 -1 -1 -2  4  0 -2  1  1    1   1   8   1   0   1   1   1   6   1   1   1   0   0   1  53   1   0   8  15  0.29 0.12
  423 S    0 -1 -1 -1  2  1 -1  1 -1  0 -1  0 -1 -2  1  2  0 -2 -2 -1    1   1   1   1   7   7   1  15   0   8   7   7   0   1   8  31   1   0   1   1  0.15 0.06
  424 Y   -1  0 -1 -2  2 -1  0 -2 -1 -2 -2  0 -1  1 -2  0  2  4  3 -1    1   7   0   1   8   0   7   1   0   1   1   8   0   7   1   8  25   7  17   1  0.23 0.08
  425 N    0 -1  1 -1 -2 -1  0  0 -1 -1  0 -1 -1  2  2  1  1 -2 -1  0    8   1   8   1   0   0   8   7   0   1   7   1   0  14  10  14  13   0   0   7  0.11 0.04
  426 S    0 -1  2 -1  3  0  1 -1 -1 -3 -3  0 -2 -3  1  3  0 -3 -2 -2    1   1  14   1  10   0   8   1   0   1   1   7   0   0   7  47   1   0   0   1  0.36 0.11
  427 S    0 -2 -1 -2 -1 -1 -1 -2 -2  1  1 -1  0  1  1  2  1 -2 -1  1    1   1   0   1   0   0   1   1   0   8  21   1   0   8   6  28  13   0   0  10  0.13 0.06
  428 V    0  0 -1 -2 -1 -1  0 -2  2  0  2 -1  0 -1 -2  0 -1 -2 -1  1    8   9   1   1   0   1   8   1   8   1  28   1   0   1   1   9   1   0   1  21  0.08 0.05
  429 G    0  0  0 -1 -2  1  0  1  4 -3 -3  2 -2 -3  1  2  0 -3 -1 -2    1   1   1   1   0   8   1  13  16   1   1  21   0   0   7  28   1   0   0   1  0.29 0.09
  430 V    0 -2 -2 -3 -2 -2 -2  0 -1  1  1 -2  0  0  0 -1  1 -1  3  1    8   0   0   0   0   0   0   8   0   7  13   0   0   0   6   0  17   0  20  19  0.16 0.07
  431 I    0  0  0  0 -2 -1 -1 -2 -2  2  0 -1  0  2  1 -1  0 -2  0  1    7   7   8   8   0   0   1   1   0  28   1   1   0  17   7   1   6   0   0   6  0.09 0.06
  432 Q   -1 -1  2  1 -3  2  1  1  3 -2  0 -1 -1 -2  1 -1 -1 -2 -1 -2    1   1  15   6   0  14   8  10  15   1  19   1   0   0   7   1   1   0   0   1  0.18 0.07
  433 T    0  0 -1 -2 -2 -1 -1 -2 -2  1  0 -1 -1 -2  3  1  3 -3 -2  0    8   6   0   0   0   0   0   0   0  10   7   0   0   0  20   6  35   0   0   5  0.33 0.09
  434 A    1  1  1 -1 -2  0  1 -2 -1  0  0  2 -1 -2 -2  1  0 -3 -2 -1   14   7   7   0   0   0  13   0   0  14   8  17   0   0   0  12   5   0   0   0  0.10 0.05
  435 D    0 -1  2  1 -2 -1 -1  1 -1 -2 -1 -1 -2 -2  2  2  0 -3 -2 -2    9   1  17   8   0   1   1  14   0   1   7   1   0   0  13  21   6   0   0   1  0.25 0.06
  436 K    1  1 -1  2 -2  0  1  0 -1 -2 -2  2 -2  0  2  0 -1 -3 -1 -1   14   6   0  19   0   0   8   7   0   0   1  19   0   8  10   0   0   0   0   6  0.18 0.06
  437 E    0 -1 -1  1 -2  0  2 -2 -1 -2 -1 -1 -2 -3  3  3  1 -3 -2 -2    0   0   0   7   0   0  19   0   0   0   7   0   0   0  16  39   8   0   0   0  0.39 0.11
  438 I   -1 -2 -3 -3 -2 -2 -2 -3 -3  3  2 -1  0  2 -3 -2  0 -2  0  2    0   0   0   0   0   0   0   0   0  29  18   6   0  16   0   0   8   0   0  20  0.25 0.08
  439 D   -1 -1  0  2 -2  1  0 -2  2 -2 -1  0 -1 -2 -2  2  3 -3 -2 -2    0   0   0  13   0   6   0   0   9   0   7   7   0   0   0  27  27   0   0   0  0.26 0.10
  440 A    2 -2  1 -1  2 -1 -1 -1  1  0  0 -1  1 -2  1  1  1 -3 -2 -1   24   0   8   0   6   0   0   0   5   6   6   0   6   0   8  13  15   0   0   0  0.15 0.06
  441 I    0 -2  2 -1 -2 -1 -2  0 -2  1  1 -1  2  0 -2  0  2 -2 -1  0    8   0  16   0   0   0   0   8   0  14  13   0  11   6   0   0  21   0   0   0  0.11 0.07
  442 V    1 -2  1  1 -2 -1  1 -2 -2  1  0 -1  0 -2 -2  0 -1 -3 -2  2   15   0   8  12   0   0  11   0   0   7  10   0   0   0   0   7   0   0   0  27  0.11 0.06
  443 D    0 -1  0  4 -2  1  0 -2  3 -2 -1 -1 -2 -3  1  2 -1 -3 -2 -2    8   0   0  31   0  10   0   0  12   0   7   0   0   0   8  21   0   0   0   0  0.33 0.10
  444 A    1  1 -1  0  1 -1 -1  0  1  0  0 -1 -1 -2 -2  1 -1 -3 -2  1   15  11   0   7   5   0   0   8   6   6   6   0   0   0   0  15   0   0   0  20  0.07 0.06
  445 I    0 -1 -1 -2 -2  0 -1 -2  3  1 -1  0 -1 -2  1  1  2 -3 -1  1    8   0   0   0   0   5   0   0  12  13   0   6   0   0   7  14  20   0   0  14  0.16 0.07
  446 E    0 -2  1  2 -2  0  2 -2 -1 -1 -1 -1 -1  0  3  1 -1 -3 -2 -1    8   0   6  11   0   0  22   0   0   6   7   0   0   6  14  21   0   0   0   0  0.24 0.08
  447 G    1 -2  1 -1 -2 -1 -1  1  2  0 -1 -1  1 -2 -2  2  1 -3 -2 -1   14   0   6   0   0   0   0  12   7   7   5   0   9   0   0  33   6   0   0   0  0.18 0.09
  448 N    0  1  3  0 -2  1  1 -2 -1 -1 -2  2  1 -2  1  0 -1 -3 -2 -1    8   6  21   0   0   6  10   0   0   8   1  17   6   0   8   7   0   0   0   0  0.19 0.06
  449 S    0 -1  2  0 -2  0  2 -1 -1 -1 -2 -1 -1 -2 -1  3  2 -3 -2 -1    1   1  12   1   0   0  17   1   0   7   1   1   0   0   1  36  20   0   0   1  0.30 0.10
  450 P   -1 -2 -2 -2 -2 -1 -1 -2  2 -1 -1 -1 -1  0  6  1 -1 -3 -1  0    1   1   0   1   0   0   1   1   8   1   7   1   0   5  47  15   1   0   0  10  0.75 0.12
  451 S    0 -1  0  0 -1  1 -1 -1 -1 -1 -1 -1 -1  1 -1  3  2 -2 -1  0    7   1   0   7   0  10   1   1   0   1   7   1   0   8   1  36  14   0   0   6  0.18 0.08
  452 I    0 -1 -1 -2 -1  0 -1  0 -1  1 -1 -1  0 -1 -2  1  2 -2  1  2    1   1   1   1   0   7   1   9   0  15   2   1   0   1   1  11  22   0   7  19  0.10 0.05
  453 L    0 -2 -2 -2 -2 -1  0 -2 -2  1  3 -2  1  1  1 -1 -1 -1  1  0   13   1   1   1   0   1   8   1   0   8  43   1   0   5   7   1   1   0   8   1  0.17 0.07
  454 E   -1 -1 -1  1 -2  1  2  0 -1 -2 -1  1 -1 -2  2  1 -1 -2  1 -2    0   0   0   8   0  10  19   6   0   0   8   7   0   0  12  20   0   0   8   0  0.23 0.07
  455 E   -2  1  2  3 -3  0  3 -2  4 -3 -3  0 -2 -2  1 -1 -1 -2  1 -3    0   7  10  18   0   0  26   0  21   0   1   0   0   0   6   0   0   0   8   0  0.44 0.11
  456 S    0 -1  0  2 -2  0  2 -2 -1 -1 -2  1  0 -3  1  1  0 -3 -2  0    5   0   0  15   0   0  21   0   0   0   1  13   5   0   7  14   7   0   0  10  0.21 0.06
  457 S    1 -1  1  2 -2  0  1 -1 -1 -3 -3 -1 -2 -3  2  3  1 -3 -2 -2    8   0   8  12   0   0  10   0   0   0   1   0   0   0  13  39   7   0   0   0  0.38 0.10
  458 P   -1 -1 -1  2 -2 -1 -1 -2 -2 -1  0  1  1 -2  4  1  1 -3 -2 -1    0   0   0  15   0   0   0   0   0   0  13  10   5   0  26  13  14   0   0   0  0.37 0.09
  459 Q   -1 -1  2  1 -2  1  1  0  5  0 -2 -1 -1 -2 -2  1 -1 -3 -1  0    0   0  14   6   0   7   6   6  24   8   1   0   0   0   0  16   0   0   0  10  0.23 0.08
  460 S    0  0  2  2 -2  1  0  1 -1 -2 -2  0 -2 -3 -1  2  1 -3 -2 -2    7   7  16  14   0   7   1   8   0   1   1   1   0   1   1  26   8   0   0   1  0.25 0.06
  461 I   -1 -2 -1  1 -2  0 -1 -2 -1  1  1 -1  1  2 -2  1  1 -1  1  0    1   0   0  11   0   8   0   1   0  14  13   0   6  12   0  17   8   0   7   0  0.09 0.05
  462 S   -1 -1 -1  1  2  0  1 -2  3  0 -2  0 -1 -2 -2  1  1 -2  1  0    0   0   0  12   7   0  13   0  13   6   0   8   0   0   0  14  14   0   7   6  0.17 0.07
  463 D   -1 -1  1  1 -3 -1 -1  1  3 -3 -3  1 -2 -3  4  0  1 -4 -2 -3    0   0   6  12   0   0   0  14  14   0   0  13   0   0  21   6  15   0   0   0  0.40 0.09
  464 F   -2 -2 -2 -3 -3 -2 -2 -3  2 -2  0  0 -1  3 -3 -2  0  0  6 -2    0   0   0   0   0   0   0   0   6   0   8   7   0  13   0   0   8   0  53   0  0.69 0.16
  465 L   -2 -3 -3 -3 -2 -3 -3 -3 -2  1  2 -3  0  5 -3  1 -2  4  1 -1    0   0   0   0   0   0   0   0   0   6  28   0   0  44   0  16   0   6   0   0  0.51 0.14
  466 G   -1  3 -1 -2 -3  1 -1  1 -1 -1 -1  0  1  2 -3  0 -1 -1  2  0    0  27   0   0   0   6   0  12   0   0   0   0   6  14   0  12   0   0  12   9  0.20 0.09
  467 Q   -2  0  3 -1 -3  1 -1 -2  5  0 -2  3  1 -2 -2 -1 -1 -3  1 -2    0   0  21   0   0   7   0   0  24   9   0  26   6   0   0   0   0   0   6   0  0.38 0.13
  468 V    0 -2 -2 -3  3 -2 -2 -2 -3  1  2 -2  0 -1 -2  1  2 -3 -2  2    5   0   0   0   8   0   0   0   0   0  24   0   0   0   0  21  14   0   0  28  0.22 0.10
  469 C   -2 -3 -4 -4  5 -3 -4 -4 -3  2  3 -3  0  2 -3 -3 -2  4 -1  1    0   0   0   0  19   0   0   0   0  15  37   0   0   9   0   0   0   6   0  13  0.47 0.11
  470 K   -1  0  1 -1 -2  1  0  0 -1 -1  0  1 -1  2 -2  0  0 -1  1  0    1   1   8   1   0  10   7   6   0   1   7  15   0  13   1   9   7   0   6   8  0.07 0.04
  471 L   -1 -2 -2 -3 -2 -2 -2 -3  2  2  2 -2  2  3 -2 -2 -1 -1  2  0    7   1   1   1   0   1   1   1   7  19  21   1   6  22   1   1   1   0  10   1  0.22 0.07
  472 V   -1 -2 -2 -2  2 -2 -2  0 -2  2  1 -2  1  2 -2 -1  1 -2 -1  2    1   1   1   1   7   1   1   8   0  14  16   1   6  11   1   1  10   0   0  21  0.13 0.05
  473 K   -2  1 -1 -1 -4  0  1 -3 -2 -3 -1  6 -2 -4 -2 -1 -2 -4 -3 -3    0   0   0   0   0   0   9   0   0   0   7  84   0   0   0   0   0   0   0   0  0.85 0.22
  474 D    0  2  1  1 -3  1  2 -2  2 -2 -2  0 -2 -2 -2  0  3 -2  1 -2    6  13   8   7   0   5  17   0   7   0   0   0   0   0   0   0  29   0   7   0  0.27 0.09
  475 T    1 -2 -1 -2 -2 -2 -2 -2 -2 -1 -2 -2 -1  0 -2  2  4 -3 -2  1   17   0   0   0   0   0   0   0   0   0   0   0   0   7   0  15  52   0   0   9  0.42 0.15
  476 A    0 -3 -4 -4 -2 -3 -3 -4 -3  3  2 -3  1 -1 -3 -2 -1  3 -1  3    7   0   0   0   0   0   0   0   0  27  26   0   0   0   0   0   0   6   0  33  0.42 0.11
  477 I   -1  3  2 -1 -3  0  2  0  2 -1 -2  3 -2 -3 -2 -1  0 -3 -2 -2    0  20  14   0   0   0  16   6   8   7   0  24   0   0   0   0   6   0   0   0  0.29 0.09
  478 Q   -2  1  4 -1 -4  4  0 -2  0 -4 -3  2 -2 -2 -2 -1 -1 -3  2 -3    0   8  34   0   0  36   0   0   0   0   0  13   0   0   0   0   0   0   9   0  0.59 0.17
  479 I    0 -3 -4 -4  3 -3 -3 -3 -3  2  2 -3  2 -1 -3 -2 -1  5 -1  2    8   0   0   0   9   0   0   0   0   7  34   0   6   0   0   0   0  10   0  26  0.39 0.10
  480 N   -2 -1  5  0 -3 -1 -1  1 -1  0 -3  0 -2 -3 -3  1  1 -4 -3 -2    0   0  57   0   0   0   0  13   0   9   0   7   0   0   0   6   8   0   0   0  0.56 0.16
  481 E    0 -2 -1 -2 -2 -1  0  1 -2 -1  0 -1  1 -1 -2  1  1  4  1  1    8   0   0   0   0   0   7  13   0   0   5   0   6   0   0  19  12   7   6  17  0.14 0.07
  482 L    1 -1 -1 -2 -1 -1 -1 -2 -2  0  0  0 -1  2 -2  1  2 -2 -1  0   20   0   0   0   0   0   0   0   0   7   7   8   0  14   0  18  20   0   0   7  0.15 0.07
  483 L   -2 -3 -3 -4 -2 -3 -3 -4 -3  2  3 -3  1  3 -3 -2  0 -2  0  2    0   0   0   0   0   0   0   0   0  17  32   0   0  17   0   0   7   0   0  27  0.37 0.10
  484 K   -2  3 -1 -2 -4  0  0  0 -2 -3 -1  5 -2 -4 -2 -1 -2 -4 -3 -3    0  16   0   0   0   0   0   8   0   0   6  71   0   0   0   0   0   0   0   0  0.70 0.19
  485 Q   -2  0 -1  1 -3  4  2 -3  5 -3 -1  1 -1 -3 -2 -1  0 -3 -1 -3    0   0   0   7   0  38  13   0  21   0   6   6   0   0   0   0   8   0   0   0  0.52 0.15
  486 F    1 -3 -3 -3 -2 -2 -3 -3 -2  1  1 -3  1  5 -3 -1  0 -1  2  0   20   0   0   0   0   0   0   0   0  14   9   0   6  38   0   0   7   0   6   0  0.35 0.11
  487 L   -2 -3 -4 -4 -2 -3 -4 -4 -3  2  3 -3  2  4 -4 -3 -2  4  0  0    0   0   0   0   0   0   0   0   0  20  35   0   8  30   0   0   0   7   0   0  0.55 0.13
  488 S   -1  1  4 -1 -3 -1  0  0  2 -2 -2 -1  1  2 -2  2 -1 -2 -1 -2    0   8  30   0   0   0   7   6   8   0   0   0   7  14   0  21   0   0   0   0  0.26 0.10
  489 A    2  1 -1 -1 -3  0  2  0 -1 -3 -3  3 -2 -3 -2  1 -1 -3 -2 -2   21   6   0   0   0   0  21   6   0   0   0  38   0   0   0   8   0   0   0   0  0.37 0.10
  490 H   -1  0 -1 -2 -3  3  0 -2  5 -2 -2  2  3 -2  3 -1 -1 -3 -1 -2    1   0   0   0   0  20   0   1  25   0   1  15  16   0  18   1   0   0   0   0  0.46 0.11
  491 L   -2 -2 -3 -3 -2 -2 -3 -3 -2  1  2 -3  0  5 -3 -1 -2  0  3  0    1   0   0   0   0   0   0   1   0   7  31   0   0  42   0   7   0   0   8   0  0.43 0.09
  492 M   -1 -1  1  1 -2  0  1  0  2 -1  0 -1  1  1  1  0 -1 -2  0 -1    1   1   9   8   0   1  16   9   9   1   8   1   8  11   8   7   1   0   0   1  0.10 0.04
  493 T    1 -1  1 -1 -1 -1 -1 -1 -2  0 -1 -1 -1 -2  3  1  2 -2 -2  1   10   1   8   1   0   1   1   1   0   7   1   1   0   1  15  16  20   0   0  16  0.21 0.05
  494 S   -1  0 -2 -2 -1 -1 -2 -2 -2  2  1 -1  0  1 -2  1  0 -2 -1  2    1   8   1   1   0   1   1   1   0  19  16   1   0   9   1  16   1   0   0  21  0.10 0.04
  495 A    1 -1 -1 -1 -1 -1  0 -1 -2  0  0  0 -1 -2 -1  2  3 -3 -2  0    9   0   0   0   0   0   7   1   0   8   8   8   0   0   0  24  32   0   0   1  0.20 0.07
  496 W   -2 -2 -3 -3  2 -2 -1 -3 -1  0 -2  0 -1  2 -3 -2  0  8  4 -1    0   0   0   0   6   0   6   0   0  11   0   8   0   7   0   0   8  36  17   0  0.86 0.14
  497 I   -1 -2 -2  0 -2 -2 -2 -3 -3  2  2 -2  3 -1  2 -2  0 -3 -2  1    0   0   0   8   0   0   0   0   0  24  22   0  20   0  11   0   8   0   0   7  0.26 0.08
  498 Q   -1  1  1  1 -3  4  2 -2  4 -3 -3  0 -2 -3 -2  0  1 -3 -1 -3    0   8   9   9   0  33  14   0  14   0   0   0   0   0   0   0  14   0   0   0  0.44 0.10
  499 S   -1  3  1 -2 -3  0 -1  0  1  2 -1  1 -1 -2 -2  0  0 -3 -2  0    0  29   7   0   0   0   0   9   6  26   0   8   0   0   0   8   7   0   0   0  0.17 0.08
  500 I   -2 -2  0 -3 -2 -2 -3 -3 -2  3  2 -2  1  3 -3 -2 -1 -1  0  1    1   0   8   0   0   0   1   1   0  29  32   1   0  24   0   1   1   0   0   1  0.30 0.08
  501 G    0 -2  4  0 -3 -1 -1  4 -1 -4 -4 -1 -3 -3 -2  3  0 -4 -3 -3    0   0  33   0   0   0   0  36   0   0   0   0   0   0   0  32   0   0   0   0  0.63 0.13
  502 K   -1  1  1 -1 -3  1  0 -2 -1 -1 -1  3  1 -3  1 -1  1 -3 -2  1    0   6  11   0   0   9   0   0   0   0   0  37   7   0   6   0   9   0   0  15  0.24 0.08
  503 E    0 -1  0  4 -3  0  4  0 -1  0 -2 -1 -2 -3 -2 -1 -1 -3 -2 -2    7   0   0  30   0   0  38   9   0  11   1   0   0   0   0   1   0   0   0   0  0.41 0.09
  504 F   -2 -2 -2 -2 -2 -2 -2  1 -1 -1  1 -2 -1  3 -2 -2 -2  8  2 -1    2   1   1   1   0   1   1  12   0   1  16   1   0  16   1   2   1  31   9   1  0.64 0.08
  505 M   -1 -1  1 -1 -2  0  0 -1  4 -1  0  0  1 -1 -1  2  0 -2 -1 -1    1   1   9   1   0   1   7   1  16   1  15   9   8   1   1  26   1   0   0   1  0.15 0.06
  506 Q   -1 -1 -1 -1  2  2 -1 -2 -1 -2  0 -1 -1  1  3  1 -1  3 -1 -1    1   1   1   1   7  17   1   1   0   1  10   1   0   8  18  23   1   7   0   1  0.27 0.07
  507 P   -1 -1  0  4 -3  0  3 -2  2 -3 -3 -1 -2 -3  3  1 -1 -3 -2 -3    1   0   0  36   0   0  23   1   9   0   1   0   0   0  15  11   0   0   0   1  0.54 0.09
  508 D    0 -2  2  4 -3 -1  1 -2 -1 -3 -3 -1 -2  0 -2  0  0  3 -1 -2    7   0  16  42   0   0   8   1   0   0   1   0   0   8   0   1   7   6   0   1  0.43 0.09
  509 S    0 -1  2 -1 -2  1 -1 -1 -1 -2 -1 -1 -2 -3  4  3  0 -3 -2 -2    1   0  15   0   0   8   1   1   0   0   8   0   0   0  27  37   0   0   0   1  0.49 0.10
  510 Q   -1 -1  0  3 -2  2  1 -2 -1  2  0 -1  0 -2 -2 -1 -1 -2 -2  0    1   1   1  29   0  17   7   1   0  26   9   1   0   1   1   1   1   0   1   1  0.21 0.07
  511 S    0 -1  0  2 -2  0  1  1 -1 -1 -1  0 -1 -2  1  1  0 -2 -1 -1   10   2   1  20   1   1  15   9   1   2  10   2   1   1   9  11   2   0   1   2  0.15 0.02
  512 T   -1 -1  1  1 -2  0  2 -1  2 -1 -1 -1 -1  1 -1  1  2 -2  0 -1    2   1   7  10   0   1  16   2   7   1   2   1   1  11   1   9  23   0   1   2  0.15 0.04
  513 I    1 -1 -1 -1 -1 -1 -1 -1 -2  1  1 -1  0 -1 -1  1  1 -2 -1  1   17   1   1   1   0   1   2   2   1   9  24   1   1   1   1  20   8   0   1   9  0.09 0.03
  514 S   -1 -1  5  0 -2 -1 -1  1 -1 -3 -3 -1 -2 -3  3  2  0 -3 -2 -3    1   0  47   0   0   0   0   8   0   0   1   0   0   0  14  25   0   0   0   0  0.56 0.12
  515 K    0  4 -1 -2 -3  0 -1  1 -1 -3 -3  3 -2 -3 -2  0 -1 -3 -2 -3   11  44   0   0   0   0   0  14   0   0   0  23   0   0   0   9   0   0   0   0  0.49 0.11
  516 V   -1 -3 -4 -4 -2 -3 -3 -4 -3  3  2 -3  2  1 -3 -2 -1 -2 -1  3    0   0   0   0   0   0   0   0   0  15  24   0   7   9   0   0   0   0   0  45  0.41 0.09
  517 T    0 -2 -2 -3 -2 -2 -2 -3 -3  0  3 -2  3  1 -3 -1  2 -2 -1  0    7   0   0   0   0   0   0   0   0   0  45   0  15   8   0   0  25   0   0   0  0.32 0.10
  518 A    4 -2 -2 -2 -1  1 -1 -1 -2 -2 -2 -1 -2 -3  3  1 -1 -3 -2 -1   66   0   0   0   0  10   0   0   0   0   0   0   0   0  16   8   0   0   0   0  0.54 0.12
  519 L   -2 -3 -4 -4 -2 -3 -4 -4 -4  1  5 -3  1  0 -4 -3 -2 -2 -2  0    0   0   0   0   0   0   0   0   0   0 100   0   0   0   0   0   0   0   0   0  0.80 0.15
  520 D   -1 -3  0  4  3 -2 -1  4 -2 -4 -4 -2 -3 -4 -2 -1 -2 -4 -4 -3    0   0   0  41   9   0   0  50   0   0   0   0   0   0   0   0   0   0   0   0  0.78 0.12
  521 L   -2 -3 -3 -4 -3 -2 -3 -4  0 -1  2 -3  0  4 -4 -3 -2  1  6 -1    0   0   0   0   0   0   0   0   0   0  25   0   0  16   0   0   0   0  59   0  0.85 0.15
  522 V    0 -3 -3 -4 -1 -3 -3 -3 -3  4  1 -3  1 -1 -3 -2 -1 -3 -2  3   10   0   0   0   0   0   0   0   0  41   9   0   0   0   0   0   0   0   0  41  0.42 0.09
  523 M   -2 -2 -3 -4 -2 -2 -3 -4 -3  1  4 -2  4  0 -3 -2  0 -2 -2  1    0   0   0   0   0   0   0   0   0   0  58   0  25   0   0   0   8   0   0  10  0.47 0.11
  524 F   -2 -3 -4 -4 -2 -3 -3 -4 -3  3  3 -3  1  2 -3 -3 -1 -2 -1  2    0   0   0   0   0   0   0   0   0  27  56   0   0   9   0   0   0   0   0   8  0.47 0.09

                      K         Lambda
Standard Ungapped    0.1299     0.3142
Standard Gapped      0.0410     0.2670
PSI Ungapped         0.1083     0.3175
PSI Gapped           0.0331     0.2670
