
Last position-specific scoring matrix computed, weighted observed percentages rounded down, information per position, and relative weight of gapless real matches to pseudocounts
           A  R  N  D  C  Q  E  G  H  I  L  K  M  F  P  S  T  W  Y  V   A   R   N   D   C   Q   E   G   H   I   L   K   M   F   P   S   T   W   Y   V
    1 M   -1 -2 -3 -4 -2 -1 -2 -3 -2  1  2 -2  7  0 -3 -2 -1 -2 -1  0    0   0   0   0   0   0   0   0   0   0   0   0 100   0   0   0   0   0   0   0  0.57 0.07
    2 I   -4 -4 -5 -6 -4 -4 -5 -6 -5  2  1 -4 10 -3 -5 -4 -2 -5 -4  0    0   0   0   0   0   0   0   0   0   9   6   0  78   0   0   0   2   0   0   5  2.07 0.68
    3 H   -1  2  1  1  0  4  3 -3  2 -4 -3  1 -3 -4 -3  0 -1 -4 -1 -4    2  11   6   7   2  23  21   0   6   0   2   7   0   0   0   6   3   0   3   0  0.45 0.24
    4 C   -4 -7 -6 -7 12 -7 -7 -6 -7 -5 -5 -7 -5 -6 -7 -5 -5 -6 -6 -4    0   0   0   0 100   0   0   0   0   0   0   0   0   0   0   0   0   0   0   0  3.93 0.96
    5 G   -1 -1  0  3  1  1  1  2  0 -4 -3 -1 -1 -4  2  1 -1 -4 -3 -3    3   2   4  20   3   8   8  18   2   0   2   2   2   0  12  13   2   0   0   0  0.35 0.19
    6 I   -2 -5 -2 -5 -3 -4 -5 -5 -5  6  1 -4 -1 -2 -5 -2 -1 -5 -3  3    3   0   2   0   0   0   0   0   0  60   9   0   0   0   0   2   4   0   0  20  1.01 0.41
    7 C   -4 -7 -6 -7 12 -7 -7 -6 -7 -5 -5 -7 -5 -6 -7 -5 -5 -6 -6 -4    0   0   0   0 100   0   0   0   0   0   0   0   0   0   0   0   0   0   0   0  3.95 0.98
    8 G   -1  0  0 -1  1  1  0  1  7 -3 -1 -2  1 -1 -3  0 -2 -3  0 -3    3   4   5   2   4   6   7  12  34   0   6   0   4   2   0   8   0   0   2   0  0.51 0.27
    9 K   -2  5  2 -1 -4  1 -1 -3  1 -2 -1  2 -2 -4 -3  0  0 -4 -3 -3    1  39  13   3   0   4   0   1   3   3   7  13   0   0   0   5   7   0   0   0  0.54 0.27
   10 A   -1  0  1  1  0  1  1 -1  3 -2 -3  0 -2 -1  3  2 -1 -3  0 -3    4   4   6   8   2   7   7   2   8   2   0   6   0   3  17  18   2   0   3   0  0.29 0.16
   11 K   -1  0  1 -1 -1  1  0 -1  4 -3 -2  1 -2 -3  2  1  1  1 -1 -2    4   4   8   2   1   9   6   3  12   0   2   8   0   0  10  15   8   2   2   3  0.22 0.16
   12 T    0  3  0  0  0  0  0  0  4 -3 -2  0 -2 -3 -3  1  2 -3 -1 -2    4  18   3   6   2   4   5   7  12   0   2   4   0   0   0  14  13   0   2   3  0.25 0.17
   13 A    1 -1 -1 -2 -2  1  0 -1  0  0 -1  0  0 -1  2  1  0 -2 -2  1   13   1   1   1   0   9   4   3   2   3   4   6   3   3   9  17   3   0   1  16  0.12 0.10
   14 D   -1  1  1  1 -2  2  0 -1  1 -2 -1  2 -1 -2  1  0 -1 -2 -1 -1    3   8   9   8   1  11   3   3   3   2   9  18   1   2   6   8   2   1   1   3  0.14 0.07
   15 V   -1  1  0  0 -1  1  0 -1  0  0  1  0  0 -1  0 -1  0 -1 -1  0    3  11   4   6   1   7   4   3   3   2  23   7   1   2   5   3   4   1   1   9  0.06 0.05
   16 Q   -1  2 -1 -2 -3  3  0 -1 -2 -2 -1  2 -2 -3  4 -1 -1 -3 -2 -2    2  11   1   1   0  15   5   4   1   1   8  17   1   1  22   4   4   0   1   2  0.40 0.17
   17 F   -1 -4 -4 -5 -3 -4 -4 -4 -3  0  1 -4  4  6 -2 -3 -3  3  2 -1    4   0   0   0   0   0   0   1   0   4  14   0  12  48   2   0   0   4   5   4  0.91 0.35
   18 I   -3 -4 -1 -4  0 -3 -4 -5  2 -1  2 -4 -2  3 -4 -3 -1 -1  7  0    0   0   4   0   2   0   0   0   4   2  18   0   0  10   0   0   4   0  49   5  1.01 0.41
   19 C   -4 -6 -6 -7 11 -6 -7 -6 -6 -4 -2 -6 -4 -5 -6 -4 -4 -5 -6 -4    0   0   0   0  94   0   0   0   0   0   4   0   0   0   0   0   0   0   0   0  3.53 0.89
   20 C    4 -2 -1 -1  2 -2 -1 -1 -3 -1 -1 -1 -2 -3  2  2  0 -4 -3 -1   39   0   2   2   4   0   2   2   0   3   4   4   0   0  11  16   6   0   0   2  0.37 0.23
   21 H   -2  0  3  1 -3 -2 -2 -2  6 -2 -3 -2 -3 -2 -3  3  2 -4 -2 -1    1   4  16   6   0   0   1   1  24   2   1   1   0   2   1  24  11   0   0   5  0.54 0.28
   22 C   -4 -6 -5  0 11 -6 -6 -5 -6 -4 -4 -6 -5 -5 -6 -4 -4 -5 -5 -4    0   0   0   6  91   0   0   0   0   0   0   0   0   0   0   0   0   0   0   0  3.31 0.84
   23 I    3 -3 -3 -4 -2 -3 -3 -3 -3  3  1 -3  2 -2  0 -1  0 -4  0  2   28   0   0   0   0   0   0   0   0  18   9   0   8   0   4   2   7   0   3  20  0.37 0.24
   24 N   -3  5  5  0 -4 -1 -1 -3 -2 -4 -4  1 -3 -4 -4  0 -1 -5 -4 -2    0  38  35   4   0   0   3   0   0   0   0   5   0   0   0   7   2   0   0   4  0.90 0.39
   25 G    0 -2  0  0  2 -2 -2  0 -2 -1 -2 -2 -2  2 -2  2  3 -2  1 -1    5   1   3   5   5   1   1   6   0   3   2   1   0  11   1  15  30   0   6   1  0.26 0.17
   26 S    1  0 -1 -1 -2  1  1 -1  1 -2 -2 -1 -2 -2 -1  4  0 -2 -2 -2   13   6   1   2   1   5   8   2   5   2   3   2   1   1   2  39   4   0   1   2  0.31 0.16
   27 P    0  0  0 -1 -1 -1 -1 -1 -1 -1 -1 -1 -1 -2  5 -1  0 -1 -1 -1    7   6   4   3   1   2   3   4   1   3   5   3   1   2  38   4   7   1   2   3  0.55 0.11
   28 A    0  1  4  1 -2  1  0 -1  2 -2 -2  0 -2 -2 -1  1 -1 -2 -1 -2    6   7  29   9   1   5   5   4   6   2   3   6   1   1   2   8   2   0   1   2  0.27 0.11
   29 V   -1  1 -2 -2 -2  1 -1 -2  0  1  3  0  0 -1 -2 -1 -1 -2  0  0    4   9   1   2   1   9   2   2   3   5  36   5   1   1   2   2   4   0   3   6  0.14 0.10
   30 L   -2 -4 -4 -2 -3 -3 -4 -4 -4  3  5 -4  2  1 -4 -3 -2 -3 -1  1    3   0   0   2   0   0   0   1   0  14  59   0   3   4   0   1   0   0   2   9  0.69 0.30
   31 L   -2  1 -4 -5 -3 -3 -4 -5  0  0  4 -3  1 -1 -4 -4 -3  1  5  1    2   9   0   0   0   0   0   0   2   2  41   0   2   0   0   0   0   2  28  10  0.72 0.35
   32 R    0  3 -2  2 -4  0  1 -3 -2 -2 -3  3 -3 -4  3 -1 -1 -4 -3 -3    8  20   0  13   0   2   8   0   0   3   2  20   0   0  18   2   2   0   0   0  0.50 0.25
   33 D   -2 -1 -3 -1 -3 -2 -2  0  0  0  3  0  0  1  1 -2 -1  1  1 -1    2   2   0   4   0   0   2   8   3   2  44   6   0   4   8   0   4   2   5   2  0.22 0.19
   34 K   -4  7 -3 -4 -6 -2 -2 -5  2 -6 -5  4 -4 -6 -4 -3 -4 -6 -4 -5    0  65   0   0   0   0   0   0   4   0   0  30   0   0   0   0   0   0   0   0  1.69 0.60
   35 M   -3 -4 -2 -5 -3 -4 -3 -5 -4  4  3 -4  4  3 -5 -4 -2 -3  1  1    0   0   2   0   0   0   2   0   0  28  31   0  13  13   0   0   2   0   5   4  0.66 0.32
   36 N    1  0  2  3 -4  3  3 -3  0 -4 -4  2 -3 -5 -3  0 -2 -5 -4 -4   11   3  11  15   0  17  22   0   2   0   0  14   0   0   0   5   0   0   0   0  0.56 0.29
   37 L   -3 -3  1 -4  0  0 -2 -4  3  1  4 -3  1 -2 -4 -2  0 -3  2 -1    0   0   8   0   2   4   2   0   9   5  50   0   2   0   0   2   6   0   8   3  0.48 0.30
   38 L    1 -3 -4 -4 -3 -1 -3 -4 -3  3  3 -2  0 -1 -1 -2 -1 -3  1  1   15   0   0   0   0   4   0   0   0  24  32   2   0   2   2   2   2   0   5  10  0.36 0.23
   39 I   -2  1  1 -1 -4  3  2 -3  2  0  0 -1  2 -3 -1  1  1 -4 -3 -2    0   6   6   2   0  18  19   0   5   6   9   1   7   0   2  10   9   0   0   0  0.28 0.22
   40 L    1 -3 -3 -4 -3 -3 -3 -4 -4  3  3 -2 -1 -1 -4 -1  2 -4 -3  2   10   0   0   0   0   0   0   0   0  20  29   1   0   2   0   4  17   0   0  16  0.43 0.26
   41 R   -2  2  1 -3  2  0  0 -4  1  0  3  1  1 -2 -3 -1  0 -4 -3 -2    0  13   8   0   4   5   6   0   3   4  36   8   2   0   0   4   6   0   0   0  0.25 0.21
   42 Q   -1  1  1  2  0  1  1 -3  0  0  1  0  1 -2 -3 -1  0 -3 -1  0    3   8   6  13   2   8   9   0   2   8  17   4   6   0   0   2   4   0   3   6  0.10 0.11
   43 E   -1 -2 -2  4 -5  2  4 -1  0 -2 -4  0 -1 -4 -3  0  0 -5 -1 -4    3   0   0  26   0  11  34   3   2   2   0   6   2   0   0   6   4   0   3   0  0.64 0.33
   44 V   -3  2  6  0 -4 -2 -1 -1  0 -3 -1  1 -3 -4 -4 -1 -1 -5 -1  0    0  14  44   2   0   0   2   3   2   0   5  10   0   0   0   4   3   0   2   8  0.63 0.35
   45 E    0 -1 -2  3 -1  2  5 -3  0 -4 -4  1 -1 -5 -3  1  0 -5 -4 -4    8   2   0  16   2   8  41   0   2   0   0   7   2   0   0   8   5   0   0   0  0.64 0.33
   46 Q   -1  2 -2 -1 -3  2  2 -3  0 -1 -1  3 -2 -2 -3  1  1 -4 -1 -1    3  10   0   1   0   9  12   0   2   2   6  27   0   2   0  10   8   0   1   6  0.27 0.20
   47 L    0 -4 -2 -5 -3 -4 -4 -3 -3  0  5 -4  2 -1 -4 -2 -3 -3  3  0    9   0   2   0   0   0   0   2   0   3  60   0   4   0   0   2   0   0  13   4  0.71 0.36
   48 K   -1  3  1 -2 -4  3  1  2  0 -2 -2  3 -2 -4 -3 -2 -1 -4 -3 -1    2  16   6   0   0  15   7  17   2   2   4  22   0   0   0   0   2   0   0   4  0.37 0.23
   49 T    0  2  1  2 -3  2  1  1  0 -2 -2  1 -2 -2 -2  0  0 -4 -3 -3    9  14   8  12   0  12   7  12   2   2   2  10   0   2   0   3   7   0   0   0  0.23 0.15
   50 A   -1  2 -1  1 -4  4  2 -3  0 -1 -2  3 -2 -4 -3 -1 -1 -4 -3 -2    5  11   2   7   0  22  14   0   2   4   2  24   0   0   0   2   2   0   0   2  0.44 0.25
   51 V   -1 -5 -2 -5 -3 -4 -4 -5 -5  5 -1 -4 -1 -3 -4 -4 -1 -5 -3  6    4   0   2   0   0   0   0   0   0  31   0   0   0   0   0   0   2   0   0  58  1.11 0.46
   52 E   -3  0  4  4 -5  0  4 -3 -2 -5 -5 -1 -4 -5 -1  0  1 -5 -4 -4    0   5  21  27   0   2  27   0   0   0   0   2   0   0   2   4   9   0   0   0  0.75 0.35
   53 D    1  1  3  3 -3  2  2 -2 -2 -2 -3  1 -3 -4 -2  1 -1 -4 -3 -2   12   7  15  16   0  10  14   1   0   2   0   6   0   0   0  13   2   0   0   2  0.34 0.20
   54 Q    0 -3 -4 -4  0 -1 -2 -4 -4  4  2 -2  0 -1 -3 -2  0 -3 -2  2    6   0   0   0   2   2   2   0   0  38  18   2   0   2   0   0   8   0   0  17  0.46 0.25
   55 L   -1 -4 -4 -5 -3 -4 -3 -5 -4  1  5 -4  1 -2 -4 -2 -1 -4 -1  1    4   0   0   0   0   0   2   0   0   8  68   0   2   0   0   3   3   0   2   7  0.80 0.36
   56 E    0  2  3  1 -4  2  3 -2 -2 -4 -4  1 -3 -4 -1  1 -2 -4 -3 -4    7  12  17   9   0  10  19   2   0   0   0   7   0   0   2  14   0   0   0   0  0.45 0.25
   57 T   -1  0  2  1 -3  2  1 -1  2 -2 -2  0 -2  0 -1 -1  1 -3  1 -1    4   4  15  10   0  11   7   4   5   0   4   5   0   4   2   0  11   0   7   5  0.17 0.15
   58 G    3 -2  0 -1  4 -1 -1  1 -3 -3 -3 -1 -3 -4 -1  2  1 -4 -3 -1   30   2   4   2  10   2   2  10   0   0   0   2   0   0   2  21   7   0   0   5  0.39 0.26
   59 F   -1  0 -1 -2 -3  0 -1 -3 -1  3  1  0  3  0 -1  0 -1 -3 -2  0    4   6   3   1   0   5   3   1   2  25  14   4  12   4   2   6   2   0   0   3  0.15 0.16
   60 A    0  0  1  2 -1  0  0  2 -1 -4 -4  3 -3 -2 -1  0 -1 -4 -3 -3    9   4   6  15   2   4   3  19   2   0   0  24   0   2   2   4   4   0   0   0  0.34 0.21
   61 G   -1  1  1  0 -4  0  1  4 -2 -4 -2  1 -3 -2  0  0 -2 -4 -1 -3    3   9   8   4   0   4  10  35   0   0   5   8   0   1   4   6   0   0   2   0  0.37 0.21
   62 E    0  1  2  1 -3  2  3 -2 -2 -3 -2  0 -2 -4 -3  1  1 -4 -3  0    5   6  11   6   0   8  27   2   0   0   3   5   0   0   0  10   9   0   0   7  0.32 0.21
   63 G    1 -1  2 -1 -3  1  1  2  2 -2 -2  1 -1 -3 -2  0  0  0 -1 -2   14   2  13   2   0   8   9  17   5   2   2   8   2   0   0   6   4   2   2   1  0.19 0.14
   64 Q    0  0  0  0 -3  1  1 -2  0  1  1  1  0 -2 -1 -1  0 -3 -2  0    6   3   4   3   0   8  13   2   3  12  18  13   2   0   1   4   5   0   0   3  0.10 0.11
   65 L   -3 -1 -4 -3 -3 -2 -2  0 -4  1  4 -1  0 -2 -4 -2  0  0 -3  0    0   3   0   2   0   2   2   8   0   8  57   4   0   0   0   1   6   1   0   6  0.51 0.30
   66 G    2 -2  0 -1 -3  0  0  2 -2 -2 -3  1 -1 -4 -1  2  1  0 -3 -2   16   0   4   1   0   3   5  20   0   2   0   9   2   0   2  23   9   1   0   2  0.30 0.20
   67 R    0  1  1  1 -1  2  2 -1 -2 -1 -3  2 -2 -2 -2  2 -1 -4 -3 -1    9   8   6   6   2   8  16   4   0   4   0  13   0   2   0  19   2   0   0   3  0.24 0.18
   68 Q   -1  3 -2  0 -4  4  1 -3  5 -4 -2  2 -1 -4 -3 -1  0 -4 -2 -1    6  16   0   4   0  24  10   0  15   0   2  10   2   0   0   3   5   0   0   4  0.51 0.29
   69 L   -1 -3 -3 -1  0 -3  0 -4  1  2  4 -2  3  1 -4 -2  1 -3 -2  0    4   0   0   3   2   0   6   0   4  10  44   2   8   5   0   2   8   0   0   5  0.37 0.24
   70 Q    0  2 -1 -1 -3  1  1 -2  0  0  1  1  1 -2 -1  0 -1 -3 -1 -1    7  13   2   2   0   5  14   2   3   7  20   8   6   0   2   4   3   0   2   0  0.11 0.12
   71 K    0  3  2 -1 -4 -1  0 -1 -2 -3 -3  3  1 -4 -3  0  3 -4 -1 -3    7  22  10   2   0   0   4   4   0   0   0  19   4   0   0   4  21   0   2   0  0.41 0.26
   72 L    1 -3  0  0 -3 -1 -1 -3 -1  2  3 -1  0 -2 -3 -1  0 -4 -3  1   13   0   5   6   0   2   3   0   1  14  34   5   0   0   0   2   4   0   0  10  0.22 0.19
   73 D   -1  2  1  3 -4  2  1  0 -2 -3 -2  1 -3 -4 -3  0  1 -4 -3 -2    2  13   8  20   0  12  10   5   0   0   4   8   0   0   0   7   9   0   0   2  0.33 0.20
   74 I    1  0 -1 -1 -2  1 -1 -3  2  2  0  1  0 -2 -1  0  0 -3 -2  1   12   3   2   3   0   7   2   0   7  17   8   8   2   0   2   5   7   0   0  14  0.11 0.13
   75 Y    1  1 -2 -3  0 -2 -2 -3 -3  0  3  0  2 -1 -3  0  1 -3 -1 -1   11  10   2   0   2   0   2   0   0   5  33   6   5   2   0   9  10   0   2   1  0.20 0.19
   76 N   -1  3 -1 -1 -4  3  2  0  1 -2 -1  3 -2 -4 -3  0 -1 -4 -3 -3    4  16   2   1   0  17  11   6   3   2   9  22   0   0   0   7   1   0   0   0  0.36 0.23
   77 E   -1  1 -2 -2  0  1  1 -3 -2  2  1  0  2 -2 -3  1  0 -3  0  0    4   8   0   0   2   7  10   0   0  14  19   6   6   0   0  11   4   0   4   2  0.14 0.15
   78 K   -1  3 -1 -1 -4  3  2 -3  1 -2 -2  4  0 -4 -3  0 -1 -4 -3 -3    4  14   2   2   0  12  13   0   3   3   4  34   2   0   0   5   2   0   0   0  0.50 0.29
   79 R    0  5 -1  1 -4 -1 -1 -2 -3 -2 -1  4  0 -4 -3 -1 -3 -5 -4 -3    7  36   2   9   0   0   3   2   0   2   7  26   2   0   0   3   0   0   0   0  0.61 0.33
   80 R   -3  5  2 -1 -4  1  1 -4 -2 -4 -3  1 -3 -4 -4  0  1  0 -1 -3    0  43  11   2   0   6   9   0   0   0   2   6   0   0   0   6   9   2   2   2  0.65 0.34
   81 L    0 -3  4  0 -1 -2 -2 -3  0  2  1 -2 -1 -3 -3  0  2 -4 -1  1    7   0  27   5   2   0   0   0   2  12  13   1   0   0   0   4  14   0   2  12  0.31 0.24
   82 I    1 -1  4  2 -4  0  3  0 -2 -2 -2  0 -3 -4 -3 -1 -1 -5 -4 -3   17   2  25  12   0   2  20   6   0   2   4   4   0   0   0   2   3   0   0   0  0.42 0.26
   83 K    0  4 -2 -1 -5  2  2 -2 -2 -2 -2  4 -3 -5 -3 -2 -3 -5 -4 -2    9  28   0   2   0  10  16   2   0   2   4  26   0   0   0   0   0   0   0   2  0.61 0.33
   84 L    0 -5 -5 -5 -3 -4 -5 -5 -5  5  4 -5  1 -2 -5 -4 -2 -4 -3  0    8   0   0   0   0   0   0   0   0  46  40   0   2   0   0   0   2   0   0   2  0.99 0.43
   85 R   -2  5  1 -3 -5  2  0 -4  0 -3  0  3 -3 -4 -4  0 -1 -5 -3 -4    2  38   7   0   0   7   4   0   2   1  10  21   0   0   0   6   2   0   0   0  0.65 0.34
   86 Q    0  2 -2 -2  0  1  1 -2  4  0 -2  0 -2  0 -3  0  0 -3  2 -1    8  13   0   0   2   7  13   2  14   9   0   4   0   4   0   6   7   0   9   4  0.23 0.19
   87 R    1  5  0 -1 -5  1  3 -2  0 -5 -4  2 -3 -5 -3 -2 -3 -5 -4 -3   12  38   4   2   0   5  24   2   2   0   0  10   0   0   0   0   0   0   0   2  0.73 0.36
   88 L    1 -2 -4 -5 -3 -4 -4 -4 -1  6  2 -4 -1 -2 -4 -3  0 -4 -3  1   13   3   0   0   0   0   0   0   2  51  19   0   0   0   0   0   5   0   0   6  0.73 0.36
   89 Q    1  0  2  2 -4  3  4 -2  1 -4 -4  0 -3 -5 -3  0 -1 -5 -3 -2   12   6  12   8   0  14  32   2   2   0   0   2   0   0   0   5   2   0   0   2  0.51 0.29
   90 L    1  2  2 -2 -4  5  3 -3 -2 -2 -1  1 -2 -4 -3 -1  0 -4 -3 -3   11  10  10   0   0  29  19   0   0   2   6   7   0   0   0   2   4   0   0   0  0.51 0.31
   91 A    1 -2 -4 -2 -3 -1 -1 -4  0  2  4 -2  3 -1 -4 -3 -2 -4 -2  1   12   2   0   2   0   2   4   0   3  10  46   2   7   2   0   0   2   0   0   7  0.41 0.25
   92 R   -2  5  0 -1 -4  1 -1 -1  0 -3 -3  2 -3 -4 -3  0  1 -4 -3 -2    2  39   4   4   0   7   2   4   2   1   2  14   0   0   0   6  10   0   0   3  0.54 0.30
   93 N    0  1  2  0 -4  1  2 -1 -2 -2 -1  3 -2 -4 -3  1  0 -4 -3 -3    9   8  10   3   0   4  15   2   0   2   6  28   0   0   0   9   4   0   0   0  0.33 0.22
   94 K   -1  3  0  1 -4  0  3 -3  1 -2 -3  2 -3 -3 -3  0 -1 -4  0 -1    4  21   4   9   0   2  23   0   4   3   0  14   0   0   0   5   2   0   5   4  0.40 0.24
   95 V   -1 -4  1 -4 -3 -4 -4 -5 -4  5  1 -3  0 -1 -4 -2 -2 -4 -3  3    6   0   9   0   0   0   0   0   0  40  14   2   2   1   0   2   0   0   0  25  0.66 0.33
   96 Q    1  0 -2  2 -4  1  4 -3  0 -3 -4  2 -3 -4 -3 -1 -1 -4  0 -3   14   4   0  12   0   6  35   0   2   2   0  17   0   0   0   2   3   0   4   0  0.54 0.31
   97 L    2  0  1  1 -3 -1  2 -2  0 -2  0  1  0 -3 -3  1  0 -4 -3  1   18   3   8   6   0   0  15   0   2   0   8   8   2   0   0  13   4   0   0  13  0.17 0.17
   98 K    1  2 -3 -3 -4 -1 -2  0 -3 -3  1  5 -2 -2 -3 -1 -1 -4 -3 -2   10   8   0   0   0   0   0   7   0   0  16  50   0   2   0   2   2   0   0   2  0.60 0.35
   99 R   -2  6 -3 -1 -5  1 -2 -4 -3 -3 -2  5 -3 -5 -4 -2 -3 -5 -4 -4    2  44   0   3   0   4   0   0   0   2   4  37   0   0   0   2   0   0   0   0  1.08 0.46
  100 N    0  2  1  1 -4  3  3 -3  0 -2 -1  1 -2 -3 -3  0  0 -4 -1 -3    9  12   5   8   0  15  22   0   2   2   6   7   0   0   0   5   4   0   2   0  0.30 0.19
  101 K    0  4 -1  0 -4  2  2 -3  0 -2 -2  3 -2 -2 -3  0 -1 -3  0 -2    8  26   2   4   0  10  12   0   2   2   2  18   0   2   0   4   2   0   4   2  0.38 0.23
  102 Y   -1  1 -1 -4 -3 -2 -4 -5 -4  5  3 -3  2  0 -4 -3 -2 -4 -1  1    6   8   4   0   0   2   0   0   0  38  26   0   5   3   0   0   0   0   2   5  0.51 0.29
  103 N    2  2  1  1 -3  3  2 -2  1 -4 -4  0 -3 -4 -3  2 -1 -4 -3 -2   20  11   5   7   0  15  13   2   4   0   0   4   0   0   0  14   2   0   0   2  0.34 0.22
  104 E    1  2  0  0 -3  1  3 -1  0 -3 -3  2 -2 -4 -2  1  1 -4 -3 -1   12  11   3   3   0   6  21   5   2   0   0  11   0   0   0  13   7   0   0   4  0.29 0.19
  105 L   -3  4 -3 -2 -4  1 -3 -3  0 -1  4 -1  3 -2 -4 -2 -3 -4 -3 -1    0  28   0   2   0   6   0   2   2   2  42   2   7   0   0   3   0   0   0   4  0.56 0.32
  106 L   -3  5 -1 -3 -4  1  0 -4 -2 -2  1  4 -2 -4 -3 -2 -3  1 -3 -3    0  36   2   0   0   7   5   0   0   2  15  29   0   0   0   0   0   2   0   0  0.72 0.35
  107 Q    2  1 -2  0 -3  2  2 -2 -2 -2 -2  2 -1 -4 -2  1  1 -4 -3  0   17   8   0   4   0  12  16   0   0   0   4  15   1   0   0   8   8   0   0   6  0.27 0.20
  108 I    1  0 -1  0  0  1  2 -1 -2  0  0  1  2 -3 -2  0  0 -3 -3  0   17   2   2   6   2   9  18   3   0   4   9   8   7   0   0   5   3   0   0   6  0.14 0.14
  109 M   -3 -2  0 -2 -3 -3  0 -5 -1  2  4 -2  3 -2 -4 -3 -3 -4 -3 -1    0   2   5   2   0   0   8   0   2  15  52   2  10   0   0   2   0   0   0   2  0.58 0.33
  110 S    2 -1  0  0 -3  2  2 -2 -2 -1 -2  2 -2 -2 -2  1  0 -4 -3 -1   25   0   3   3   0  11  17   0   0   3   3  14   0   2   0   8   6   0   0   4  0.28 0.22
  111 T    0  2  1  0  0  1  1 -1 -2 -3 -2  1 -2 -4 -2  1  2 -4 -3 -1    6  16   7   4   2   8   7   5   0   0   2  10   0   0   0  10  19   0   0   4  0.25 0.17
  112 N    0  4  3 -1 -3  0  0 -3 -2 -2 -2  2 -1 -2 -3  0  0 -4 -3 -1    9  28  15   2   0   2   4   0   0   2   4  15   2   2   0   6   5   0   0   3  0.35 0.22
  113 G    0  3  0 -1 -3  0 -1 -1  0 -1 -2  2 -2 -2  1  1 -1 -3  2 -3    6  22   4   2   0   4   2   4   2   4   3  17   0   0   6  13   2   0   9   0  0.26 0.19
  114 Y    0  1  2  1 -3  0  0  0  0 -2 -1  0 -1 -1  0  2  0 -3  0 -1    8   7  10   7   0   3   7   4   2   0   4   6   2   3   4  21   6   0   4   3  0.12 0.10
  115 L    0  0  0  1  1 -1 -1  1 -2  0  0  0  0 -2 -1  1  0 -3 -3  0    9   7   2  12   4   0   0  11   0   6  14   6   2   0   2  12   7   0   0   5  0.08 0.10
  116 E    1 -1 -1  0 -2  1  0 -2 -2  0  1  0  1  0 -1 -1 -1 -3  0  1   14   2   2   5   0   8   5   2   0   4  21   8   4   4   2   2   1   0   4  11  0.06 0.10
  117 E    2 -1  1  1 -3  0  2 -1 -2 -2 -3  1 -2 -4  2  1 -1 -4 -3 -1   22   2   9   7   0   2  13   2   0   2   2  12   0   0  10  12   0   0   0   5  0.27 0.19
  118 S    0  0  1  1  0  1  0 -1 -2 -2 -2 -1 -1 -3  2  3 -1 -4 -1 -1    8   5   8   6   2   9   3   3   0   2   2   2   2   0  13  27   2   0   2   3  0.26 0.19
  119 T    1  3  2 -2 -3  0 -2 -2  1  0 -1  0 -2 -3  0  0  0 -4 -3  1   11  22  14   0   0   4   0   2   4   8   5   6   0   0   4   4   4   0   0  14  0.20 0.18
  120 S    0  3  2  1  0  0  1 -1  0 -1 -2  1  1 -3 -3  1  1 -4 -3 -2    8  20  10   7   2   2   7   2   2   4   4   6   5   0   0  13   8   0   0   0  0.20 0.16
  121 A    1 -1  2  0 -2 -1  0  0  0  0  0  0 -1  0 -2  1  0 -3  0  0   18   2  12   5   0   0   4   6   2   4  10   5   0   5   0  15   2   0   3   7  0.08 0.10
  122 T    0  0  0  1 -2  1 -1  0  0  0 -1  1 -1 -1 -1  0  1 -3 -1  0    6   4   4   9   0   8   0   8   3   6   6  15   0   2   2   6   8   0   2  10  0.06 0.08
  123 D   -1 -2  1  1  0  2  0 -2  1  0  1 -1  0 -2  2 -1 -1 -3 -2 -1    4   0   8   8   2  13   6   2   3   8  20   3   2   0  13   4   2   0   0   0  0.17 0.14
  124 S    1 -1  1  0 -2  0  0 -1  1 -1  0  1 -1 -1  1  1  0 -3  0  0   11   0   6   5   0   4   4   2   3   3   9  12   0   3   7  12   6   0   2   8  0.07 0.07
  125 I    0  0  0  1  0  1  3 -1 -2  0 -1  0 -2 -3 -1  1  1 -3 -2 -1    5   4   3   7   2   5  24   4   0  10   4   2   0   0   2  12   9   0   0   4  0.16 0.13
  126 D    0  2  0  2 -3  0  3 -3 -2  0 -3  1 -2 -3  1  0 -1 -4 -3  0    9  15   3  13   0   2  20   0   0   6   1   9   0   0   5   5   2   0   0   8  0.25 0.17
  127 L    0  1  0 -1 -2 -1 -1 -3 -2  1  1 -1  1 -1 -1  0  0 -2  1  1    7   9   7   3   0   0   4   0   0  12  18   2   4   0   2   7   7   0   5  12  0.08 0.10
  128 E    0  1  1  2 -3  3  2 -2  2  0 -1  0  0 -3 -3 -1  0 -4 -2 -1    6   9   6  11   0  18  15   2   7   6   4   2   2   0   0   0   7   0   0   6  0.24 0.18
  129 E    1  1 -2  1 -4  1  3 -1  0 -4 -4  3 -3 -4  0  0 -2 -4 -3 -1   12   5   0   6   0   6  27   4   2   0   0  23   0   0   4   6   0   0   0   4  0.42 0.25
  130 Q    0  2 -1  1 -3  1  2 -2  0  0  0  1  0 -2 -1  1 -1 -3 -2  0    9  11   0   8   0   6  14   0   2   7   9   7   3   0   3  14   2   0   0   6  0.12 0.11
  131 A    0 -1 -3 -2  0  0 -1 -1 -3  3  2 -1  1 -1 -3 -1  1 -3  1  0    7   2   0   2   2   5   2   4   0  25  22   2   3   0   0   4  10   0   5   3  0.17 0.16
  132 A    1  2  2  1 -3  0  0 -1  1 -1 -2  1 -2 -3 -2  1 -1 -3 -1 -1   14  15  11  10   0   3   5   2   4   6   3  11   0   0   0   9   2   0   2   4  0.17 0.13
  133 E   -2  2 -1  1 -3  1  3 -1  0  0 -1  1  0 -1 -2  0  0 -3 -2  0    0  11   0   6   0   7  24   5   2   7   4   8   3   2   0   9   5   0   0   8  0.19 0.15
  134 E   -1  1 -1 -1 -2  1  1 -3  1  1  0  0  0 -1 -1 -1  2 -3 -2  0    4   8   2   2   0   5  13   0   5  11  11   6   2   2   2   2  18   0   0   8  0.11 0.12
  135 S   -1  3  2 -2 -3  2  1 -2  1 -3 -1  2 -2 -4 -3  0  2 -4 -3 -3    3  20  10   0   0  11   8   2   4   0   7  16   0   0   0   5  13   0   0   0  0.34 0.21
  136 A    0  1  3  2 -3  2  1 -2  0 -1 -2  0 -1  0 -3 -1  0 -3  2 -2    6   7  15  13   0  13   9   2   2   4   4   5   2   3   0   0   5   0   8   0  0.21 0.16
  137 S    0  3 -1  0 -4  3  1 -3 -2 -2 -3  4 -2 -4 -3  1 -1  1 -1 -3    6  14   2   5   0  13   9   0   0   2   1  28   0   0   0  12   3   2   2   0  0.42 0.24
  138 L   -1 -3  0 -4  0 -3 -2 -4 -3  2  3  0 -1 -2 -4 -1 -2  7 -1 -1    5   0   6   0   2   0   2   0   0  13  37   7   0   0   0   4   1  16   2   2  0.53 0.28
  139 D    2 -2  2  0  0  0  2 -1  2 -2 -1  1 -2 -3 -2  0  2 -4 -2 -1   20   0  11   4   3   2  15   3   6   2   7   7   0   0   0   5  14   0   0   2  0.19 0.16
  140 T    1  0  1 -1 -3  4  0 -2  1 -2 -1  2  0 -3 -3 -1  1 -4 -3 -1   11   3   6   2   0  28   4   2   4   2   8  11   3   0   0   3  10   0   0   3  0.29 0.23
  141 L    0 -1 -4 -2  1 -1 -2 -2 -4  3  3 -2  0 -1 -4 -2 -2 -3 -2  2    7   3   0   2   3   3   2   2   0  18  40   2   0   2   0   3   0   0   0  13  0.34 0.22
  142 S    1  0  1 -2 -4  4  2 -3  2 -4 -4  2 -3 -2 -3  2 -1 -4  0 -3   13   3   6   0   0  28  11   0   5   0   0  11   0   1   0  17   2   0   3   0  0.49 0.30
  143 H   -1  3  1  1 -4  2  2 -3  2 -4 -4  3 -3 -4  0 -1 -1 -4 -3 -4    4  19   7   7   0   8  16   0   6   0   0  22   0   0   4   3   3   0   0   0  0.49 0.25
  144 I    0  1  0 -1 -2  1  0 -2 -2  2  0 -1  1 -1 -3 -1  0 -3 -2  2    7   7   4   3   0   8   5   3   0  16   6   3   5   2   0   2   7   0   0  21  0.11 0.12
  145 L   -1 -3 -3 -4  0 -3 -2 -4 -3  2  3 -3  3  1 -3 -1  2 -3  0  2    2   0   0   0   2   0   2   0   0  11  28   0   9   5   0   2  16   0   2  16  0.35 0.21
  146 A    3 -1  0 -1 -2 -1  0 -2 -1  0 -1  0  0 -1 -2  1  0 -3 -1 -1   32   3   4   3   0   2   8   0   1   7   6   6   2   2   0  14   6   0   2   2  0.17 0.16
  147 R   -1  3  3 -2  0  0  1 -1  0 -1 -1  0  2 -3 -3  1  0 -4 -3 -2    5  22  16   0   2   2   9   3   2   4   5   4   6   0   0  14   3   0   0   0  0.25 0.19
  148 N    1  0  1 -2 -3 -1  0 -1 -1 -1 -2  0  1 -1 -3  3  3 -4 -3  0   12   4   5   0   0   2   4   2   2   4   0   4   4   3   0  24  25   0   0   5  0.28 0.22
  149 Q   -3  6 -2 -3 -5  5 -1 -4  2 -5 -5  3 -3 -5 -4 -1 -3 -5 -4 -5    0  47   0   0   0  25   2   0   4   0   0  16   0   0   0   4   0   0   0   0  1.18 0.49
  150 K    1  1 -1  0 -2  0  0 -1 -2 -1  0  0  0 -3 -2  2  1 -3 -3  0   12  10   2   4   0   4   6   3   0   2  11   4   2   0   0  22   7   0   0   8  0.13 0.14
  151 Q   -1  0  0 -1 -3  2  0 -1 -2 -1  1  0 -1  4 -3 -1  0 -2  2 -1    2   4   4   3   0  13   6   5   0   3  15   5   0  22   0   4   5   0   7   2  0.18 0.16
  152 L   -3 -2 -3 -3 -4  0  0 -4 -3 -2  4  3 -1 -1 -4 -1 -1 -4 -1 -2    0   0   0   0   0   4   6   0   0   0  52  26   0   2   0   4   2   0   2   0  0.60 0.36
  153 F   -3 -5 -5 -5  8 -5 -5 -3 -4  1  2 -5 -2  4 -5 -4 -3 -3  1  1    0   0   0   0  33   0   0   2   0   8  17   0   0  21   0   0   0   0   4  12  1.02 0.40
  154 A    0  3  1 -1  0  4  1  0  2 -3 -3  1  1 -4 -3 -1  0 -4 -1 -3    6  15   7   2   3  25   6   5   6   1   0   8   4   0   0   2   5   0   2   0  0.35 0.23
  155 E    0 -3  0 -1 -5  2  6 -4 -3 -5 -3 -2  1 -5 -4  1 -3 -5 -4 -4    6   0   4   0   0   8  65   0   0   0   2   0   4   0   0   9   0   0   0   0  1.13 0.50
  156 L    2 -4 -5 -5 -3 -4 -4 -4 -4  0  5 -4 -1 -2 -4 -3 -3 -4  1 -1   24   0   0   0   0   0   0   0   0   3  65   0   0   0   0   0   0   0   4   3  0.89 0.42
  157 C    3  1  1 -3  2 -1 -3 -3 -3  2 -1 -2  0 -3 -3 -1 -1 -4 -3  2   32   8  10   0   6   2   0   0   0  16   2   0   2   0   0   2   2   0   0  17  0.33 0.25
  158 R   -3  3  4  0 -5  3  1 -1  2 -5 -3  2 -3 -4 -3  0 -2 -4 -1 -4    0  16  22   3   0  16   9   3   5   0   2  14   0   0   0   7   0   0   2   0  0.54 0.29
  159 W   -2 -5 -6 -6 -4 -4 -5 -5 -5  1  4 -5  1  0 -5 -5 -4  9 -2  1    2   0   0   0   0   0   0   0   0   7  47   0   2   3   0   0   0  31   0   7  1.39 0.49
  160 F   -2 -4 -1 -5 -5 -4 -5 -5  0 -3 -2 -2 -3  7 -5 -4 -4  2  6 -4    4   0   3   0   0   0   0   0   2   0   2   2   0  51   0   0   0   3  32   0  1.57 0.55
  161 R   -2  0  2  0 -3 -2 -3  3 -3  1  1 -1  2 -3 -1 -1 -2 -4 -3  1    0   5  14   5   0   0   0  23   0  10  19   2   6   0   2   4   0   0   0  11  0.23 0.20
  162 I   -3 -5 -5 -6  0 -5 -5 -6 -5  5  3 -5 -1  0 -5 -4 -3 -4 -1  3    0   0   0   0   2   0   0   0   0  42  35   0   0   2   0   0   0   0   2  16  0.95 0.40
  163 R   -3  6 -1 -3 -5  1 -2 -4  0 -4 -4  4 -3 -5 -4 -1  0 -5 -4 -1    0  49   2   0   0   4   0   0   3   0   0  29   0   0   0   4   5   0   0   5  1.07 0.46
  164 K   -3  4 -3 -3 -5  4  0 -4 -3 -5 -3  5  0 -5 -4 -2 -3 -5 -4 -4    0  26   0   0   0  17   5   0   0   0   3  45   2   0   0   2   0   0   0   0  1.07 0.47
  165 S   -3  6 -1 -3 -5  1 -1 -2  0 -2 -2  1 -3 -4 -1 -1  1 -5 -4 -2    0  52   2   0   0   6   1   3   2   2   4   8   0   0   2   2  11   0   0   3  0.78 0.39
  166 D   -2  2  0  3 -4  1  1  0  0 -4 -4  3 -1 -4 -1  0  0  1 -3 -4    0  11   2  20   0   6   6   7   2   0   0  27   2   0   2   6   7   3   0   0  0.43 0.25
  167 E    0  0  2  1 -3 -1  0  2  2 -3 -4  2 -3 -4 -3  2  0 -4 -3 -3    5   5   9   9   0   0   4  16   7   2   0  14   0   0   0  22   6   0   0   1  0.32 0.21
  168 D   -1  2  2  0 -3 -1 -1  1  0 -3 -1  0 -1 -2  0  2  2 -3  1 -1    0  11  10   4   0   0   2   9   2   0   6   5   2   0   4  18  15   0   7   4  0.18 0.17
  169 D   -1 -1  1  4 -4 -1  2  0  1 -3 -3  0 -3 -1 -1  1  1 -4  0 -1    4   3   7  26   0   0  13   6   4   0   0   5   0   3   2  10   8   0   4   4  0.30 0.19
  170 V    0  2  1 -1 -3  2  1  1  0  1 -1  1 -1 -3 -1  0 -1 -3 -2 -1    6  15   6   3   0   9   7  10   2  12   4  10   0   0   2   6   3   0   0   2  0.12 0.11
  171 F    0 -2 -1 -1 -2 -1  0  0 -1  1  0 -1  1  2 -2  0  0 -1  3  1    5   1   3   2   0   2   6   6   0  13   5   4   4  12   1   5   8   0  12   9  0.09 0.10
  172 S   -1 -2 -3 -1  0  1  2 -2 -3  1 -3 -1 -3 -2  5  1 -2 -4 -3  0    2   2   0   2   3   6  19   2   0  11   0   1   0   2  29  14   0   0   0   6  0.54 0.29
  173 Y   -4 -4 -5 -5 -5 -4 -5 -3 -2  0 -2 -5 -3  4 -5 -4 -4  4  8 -3    0   0   0   0   0   0   0   3   0   5   3   0   0  19   0   0   0   5  63   0  1.81 0.60
  174 T   -1 -3 -2 -1 -3  0 -1 -3 -1 -3 -2 -1  4 -1 -3  3  5 -4  0 -1    4   0   0   2   0   3   3   0   1   0   2   4  12   2   0  25  38   0   3   2  0.57 0.37
  175 I   -4 -5 -6 -6 -4 -5 -6 -6 -6  7  3 -5  1 -3 -6 -5 -3 -5 -4  0    0   0   0   0   0   0   0   0   0  72  24   0   2   0   0   0   0   0   0   2  1.51 0.56
  176 W    1 -1  0 -3  2  0 -3  4 -3 -2  0 -2  0 -2 -3  2 -2  1 -3 -2   14   4   3   0   4   4   0  31   0   2   9   0   2   2   0  21   0   2   0   2  0.36 0.24
  177 G   -3 -1 -4 -2 -5 -4 -4  4  0 -1 -2 -3 -3  6 -5 -2 -4 -3  0 -4    0   4   0   2   0   0   0  37   2   3   2   1   0  44   0   2   0   0   2   0  1.05 0.45
  178 L   -2 -3 -2 -3 -3  3 -1 -3 -3  3  2 -1  1 -2 -4 -1  0 -4 -3  3    0   0   2   0   0  19   2   2   0  16  20   2   4   0   0   5   7   0   0  21  0.35 0.26
  179 P   -2 -5 -1 -1 -5 -4 -1 -1 -5 -5 -5 -2 -5 -6  8 -3 -2 -6 -5  0    2   0   2   4   0   0   5   5   0   0   0   2   0   0  71   0   2   0   0   7  1.79 0.60
  180 M   -3 -5 -5 -6 -3 -5 -5 -6 -5  6  2 -5  3  0 -5 -4 -3 -4 -3  3    0   0   0   0   0   0   0   0   0  50  18   0   7   2   0   0   0   0   0  22  1.06 0.43
  181 V   -3 -5 -5 -5  1 -4 -5 -5 -5  5  0 -4 -1  0  3 -4  0 -4 -3  3    0   0   0   0   4   0   0   0   0  39   7   0   0   4  15   0   5   0   0  27  0.80 0.37
  182 N   -2 -1  2  5 -4 -2  0 -1 -3 -5 -5 -1 -4 -5 -1  4 -1 -6 -4 -3    0   2  11  32   0   0   3   3   0   0   0   2   0   0   2  40   2   0   0   2  0.82 0.42
  183 L   -2 -4 -4 -4  0 -3 -4 -5 -4  3  4 -2  1 -2  0 -3  1 -4 -3  1    3   0   0   0   2   0   0   0   0  15  55   2   2   0   6   0   8   0   0   6  0.63 0.31
  184 K   -1  4 -2 -3 -4  1 -2  1  1 -4 -3  3 -3 -3  0  0  1 -3  1 -2    4  28   0   0   0   6   0   9   4   0   0  19   0   0   4   7   9   0   7   2  0.42 0.26
  185 N   -1  0  6  3 -4  0  0 -2  0 -5 -3 -1 -4 -5 -4  1  0 -5 -4 -4    6   4  42  17   0   4   4   1   2   0   2   2   0   0   0  12   4   0   0   0  0.74 0.36
  186 G   -2 -4 -4 -5 -3 -3 -4 -3  0  3  3 -4  5  4 -5 -1 -3  3  0  0    2   0   0   0   0   0   0   2   2  17  27   0  18  18   0   5   0   4   2   3  0.59 0.31
  187 S   -3  2  5  1 -1  0 -1 -3  3 -1 -1 -2 -3 -2  0 -1 -1 -3  3 -1    0  14  31   6   1   2   2   0   8   3   7   0   0   0   4   4   2   0  11   5  0.40 0.27
  188 E   -1  2  2  1 -3  0  0 -1  2 -2 -1  3 -2 -3 -3  1  1 -4 -3 -2    1  13   9   7   0   3   4   5   6   2   6  21   0   0   0  12   9   0   0   2  0.24 0.18
  189 L    1 -4 -4 -5 -3 -3 -3 -4 -3  0  4 -4  2  2 -4 -2 -3 -2  4  0   16   0   0   0   0   0   1   0   0   3  42   0   6   7   0   1   0   0  19   5  0.61 0.33
  190 D   -2 -3  3  0 -4 -2 -2 -3  0 -3 -5  1 -4 -5  6  2  1 -5 -4 -4    0   0  15   4   0   0   0   0   2   2   0   8   0   0  39  21   8   0   0   0  0.95 0.41
  191 P   -1  1 -2 -3 -4  1 -3 -2  0 -4 -1  0  0 -4  6 -2 -1 -4  1 -2    4   8   2   0   0   7   0   2   2   0   6   4   2   0  49   2   3   0   5   3  0.96 0.38
  192 S    1 -1  2  2 -3  0  3 -2 -2 -2 -2 -1 -1 -1 -1  2 -1 -4 -1 -1   13   2  10  10   0   3  25   0   0   2   2   2   2   2   2  18   1   0   2   4  0.28 0.21
  193 I    0 -2 -1 -1 -3  3  0 -4  2  2  0 -2  1 -3 -3 -1  0 -4 -2  3    7   0   2   2   0  16   5   0   7  13   9   0   3   0   0   2   7   0   0  27  0.27 0.22
  194 M    0 -2 -4 -5 -3 -4 -4 -5 -5  5  2 -4  1 -2 -4 -2  0 -4 -3  2    7   2   0   0   0   0   0   0   0  50  17   0   2   0   0   2   5   0   0  13  0.73 0.34
  195 V   -2  1  4 -1 -4 -1 -1 -3 -2 -1 -3  0 -3 -4 -3  2  3  2 -1 -2    0   8  29   1   0   2   3   0   0   5   2   4   0   0   0  19  19   3   2   2  0.47 0.31
  196 S    2 -3  1  0  1 -2  0 -1 -3 -1 -2 -2 -2  0 -3  2  3 -4 -3 -1   21   0   5   6   3   0   6   4   0   2   2   0   0   4   0  16  27   0   0   3  0.32 0.25
  197 S    1 -4 -2 -3  1 -3 -3 -1 -4 -4 -4 -3 -4 -5 -4  6  0 -5 -4  1    9   0   0   0   3   0   0   3   0   0   0   0   0   0   0  72   4   0   0   9  1.15 0.56
  198 M   -4 -5 -6 -6 -4 -5 -5 -6 -5  4  5 -5  3  1 -5 -5 -3 -4 -3  0    0   0   0   0   0   0   0   0   0  23  63   0   6   6   0   0   0   0   0   2  1.10 0.44
  199 R    1  1  1  0 -3  1  1  1  0 -2 -2 -1 -2 -2 -2  2  1 -3 -1 -1   16   8   5   4   0   8   9  11   2   2   2   0   0   2   0  16  11   0   2   2  0.18 0.15
  200 Y   -3  0  2 -2 -4  1 -1 -3  6 -1 -2  2 -3 -3 -4  0  0 -4  2 -1    0   5  11   0   0   5   2   0  28   4   2  15   0   0   0   8   6   0   8   4  0.55 0.31
  201 L   -3 -4 -5 -5 -3 -4 -5 -5 -5  4  2 -4  6 -2 -5 -4  1 -4 -3  2    0   0   0   0   0   0   0   0   0  29  20   0  28   0   0   0  11   0   0  12  0.92 0.42
  202 Q    2 -3 -3 -4  2  0 -3 -3 -3  2 -1 -3 -2  2 -3  1  1  5 -2 -1   25   0   0   0   5   4   0   0   0  14   5   0   0  12   0  15  11   8   0   2  0.37 0.27
  203 Q   -4  1  0 -2 -6  4  1 -3  7 -5 -5  3 -4 -4 -4 -3 -3 -5  0 -5    0   7   4   1   0  22   7   1  36   0   0  19   0   0   0   0   0   0   2   0  1.12 0.48
  204 Y   -4 -5 -5 -6 -4 -5 -5 -6 -3  1  2 -5  2  6 -5 -4 -4 -2  5  0    0   0   0   0   0   0   0   0   0   9  20   0   5  41   0   0   0   0  19   5  1.10 0.43
  205 L   -3 -4 -5 -5  0 -4 -5 -5 -5  3  4 -4  1  0 -5 -2 -1 -4 -3  2    0   0   0   0   2   0   0   0   0  17  54   0   2   2   0   3   4   0   0  16  0.78 0.35
  206 Q   -1 -1  0 -1  0  0 -1 -1  3  1  0  0  3 -2 -3  0 -2 -4 -1  3    1   3   4   3   2   4   2   5  11   8   5   6  11   0   0   6   0   0   2  25  0.17 0.18
  207 L   -4 -1 -5 -5 -4  2 -4 -6 -4  3  5 -2 -1 -1 -5 -4 -3 -4 -1 -1    0   4   0   0   0  11   0   0   0  17  62   2   0   2   0   0   0   0   2   0  0.86 0.41
  208 A    2 -1 -3 -4  1 -3 -3 -3 -3  2  1 -3  1  1 -3 -2  1 -3  1  2   23   4   0   0   3   0   0   0   0  15  13   0   4   6   0   0   9   0   6  16  0.28 0.21
  209 F    2 -3 -2 -3 -3 -3 -2 -2 -1 -4 -3 -3 -1 -2 -3  6  0 -5 -4 -4   19   0   0   0   0   0   2   1   2   0   2   0   2   2   0  66   5   0   0   0  1.01 0.51
  210 R   -3  2  0 -1 -4  2  0 -4  7 -4 -4  2 -3  1 -3 -1  0 -3  2 -4    0  11   4   4   0  11   4   0  29   0   0  13   0   7   0   4   6   0   7   0  0.64 0.32
  211 I   -2 -4 -5 -5 -4 -4 -5 -5 -2  4 -1 -4 -2  1 -5 -4 -3 -1  8  1    2   0   0   0   0   0   0   0   0  24   4   0   0   4   0   0   0   0  53  11  1.34 0.52
  212 W   -4 -4 -5 -6 -4 -2 -5 -6 -5  2  6 -5 -1 -2 -5 -5 -3  4  1 -1    0   0   0   0   0   2   0   0   0   9  77   0   0   0   0   0   0   6   4   0  1.22 0.49
  213 L    1 -1  1 -1  2 -1 -2  2 -2 -2  1 -1  1  0 -3  2 -1 -3 -2 -2   14   2   9   2   5   3   0  17   0   0  16   2   4   5   0  17   2   0   0   0  0.18 0.18
  214 F   -3 -4 -2 -5  0 -4 -5 -5 -4  5  2 -4  1  2 -5 -3 -2 -4 -1  3    0   0   2   0   2   0   0   0   0  38  23   0   2   9   0   2   0   0   2  21  0.71 0.33
  215 K   -1  5  1  0 -5  1  0 -4 -2 -4 -1  4 -3 -4  0 -2  0 -5 -4 -4    4  33   7   4   0   6   4   0   0   0   7  25   0   0   4   0   6   0   0   0  0.60 0.32
  216 A   -2 -5 -5 -6 -4 -4 -5 -6 -5  1  6 -5 -1 -2 -3 -3 -2 -4 -1  0    2   0   0   0   0   0   0   0   0   6  81   0   0   0   2   2   2   0   2   3  1.17 0.49
  217 I   -4 -5 -5 -5 -6 -5 -4 -6 -6 -1 -2 -2 -5 -6  8 -4 -4 -7 -6 -5    0   0   0   0   0   0   0   0   0   4   5   2   0   0  89   0   0   0   0   0  2.67 0.80
  218 C    2 -4 -2 -4  4 -1 -3 -2 -2 -3 -1 -2 -2  4 -1  0 -1 -2  5 -3   24   0   2   0  10   3   0   2   0   0   3   2   0  24   2   6   2   0  21   0  0.61 0.34
  219 D   -2 -1 -2  3 -5  2  6 -4  0 -5 -5 -1 -4 -5 -1 -2 -3  1 -1 -5    2   3   0  14   0   6  61   0   2   0   0   2   0   0   3   2   0   2   2   0  1.09 0.46
  220 K   -2 -2 -3 -2 -3  0  0  0 -3  5  1  1  2 -2 -3 -1 -2 -4 -3  1    0   0   0   2   0   5   8   7   0  46   8   9   6   0   0   3   0   0   0   5  0.39 0.25
  221 P   -2 -3 -2 -1 -3 -2 -1 -2 -3  1  1  0 -1 -1  3  0  4 -4 -1 -1    0   0   0   2   0   0   3   2   0   8  15   5   0   3  17   7  31   0   2   2  0.36 0.23
  222 I   -1 -1  0 -1 -2  0  0 -3 -2  1  2 -1  1  0 -3  0  2 -3  0  0    5   3   5   2   0   3   5   0   0  11  31   2   2   4   0   5  15   0   4   3  0.15 0.14
  223 E   -2 -2  1  2 -3 -1  1  0  2  0 -1  0  1 -1  1 -1  1 -3 -2 -1    0   0   6  17   0   0  13   9   7   6   3   4   5   3   7   0  14   0   0   4  0.17 0.13
  224 N   -2  0  3  3 -3  1  2 -2 -1 -2 -3  2 -2 -4  0  1  1 -4 -3 -3    0   4  14  21   0   4  13   0   0   3   0  13   0   0   4  10  11   0   0   0  0.37 0.17
  225 D   -2  1  3  4 -4 -1  2 -1  1 -2 -4  0 -3 -4  1  0 -2 -4 -3 -3    0   9  14  33   0   0  13   5   4   3   0   3   0   0   7   6   0   0   0   0  0.47 0.18
  226 R   -1  1  1  0 -3  1  3 -2 -1  0 -2  2 -2 -1 -2  0  0 -3 -2 -1    3   9  10   4   0   3  26   0   0   7   0  15   0   4   0   5   7   0   0   5  0.24 0.13
  227 N   -1  1  3  3 -3 -1  1 -1 -2 -3  0  0 -2 -3 -3  0  1 -4 -3 -3    4   9  18  25   0   0  11   3   0   0  11   4   0   0   0   5  11   0   0   0  0.33 0.16
  228 I   -1 -4 -4 -4 -2 -3 -3 -4 -4  3  2 -3  0  1  2 -3 -1 -3 -2  3    4   0   0   0   0   0   0   0   0  21  22   0   0   7  13   0   4   0   0  30  0.46 0.19
  229 I    1 -3 -4 -4 -2 -3 -3 -4 -4  2  2 -1  1 -2 -3 -2 -1  2 -2  3   13   0   0   0   0   0   0   0   0  14  24   4   4   0   0   0   3   3   0  35  0.40 0.19
  230 E   -2  0  2  3 -4  1  3 -3 -1 -2 -2  1 -2 -4  0  0  0 -4 -3 -3    0   5   9  21   0   7  23   0   0   3   4  11   0   0   5   7   5   0   0   0  0.37 0.16
  231 N   -2 -1  1  0 -3 -2 -2  0  1 -1 -1  0 -2 -2 -3  1  1  7  1 -1    0   3   8   5   0   0   0   6   4   4   7   7   0   0   0  17  13  17   6   4  0.31 0.16
  232 F   -3 -4 -4 -4  1 -1 -4 -5 -4  5  3 -4  0  1 -1 -3  0 -3 -2  0    0   0   0   0   4   3   0   0   0  43  34   0   0   7   4   0   5   0   0   0  0.58 0.24
  233 T    2 -3  0 -2  2 -2 -2  1 -3  1 -2 -2 -2 -3 -2  2  4 -4 -3 -1   18   0   5   0   6   0   0   9   0  12   0   0   0   0   0  17  35   0   0   0  0.39 0.20
  234 Q   -2  3 -2 -2 -4  3 -1  0 -2 -3 -3  4 -2 -3 -3  0 -2  6 -2 -2    0  18   0   0   0  13   0   7   0   0   0  37   0   0   0   6   0  12   0   4  0.61 0.23
  235 L   -2 -3 -4 -4 -2 -3 -3 -4 -4  2  5 -1  2 -1 -4 -3 -2 -3 -2  1    0   0   0   0   0   0   0   0   0   9  69   5   3   0   0   0   0   0   0  10  0.68 0.22
  236 I   -1 -3 -3 -3  2 -3 -3 -3 -3  4  1 -3  2 -1 -3 -1  1 -3 -2  2    4   0   0   0   6   0   0   0   0  34  12   0   7   0   0   5  11   0   0  19  0.35 0.15
  237 Y   -2 -3 -3 -1 -3 -1 -3 -4  2  5  2 -3  3 -1 -4 -3 -2 -3  1  1    0   0   0   4   0   4   0   0   6  48  16   0  12   0   0   0   0   0   4   4  0.52 0.22
  238 D   -1 -2  7  1  3 -2 -2 -1 -1 -1 -4 -2  1 -4 -4 -1 -2 -5 -4 -3    4   0  73   4   6   0   0   4   0   4   0   0   4   0   0   0   0   0   0   0  1.10 0.32
  239 T    0 -3 -3 -4 -2 -3 -3 -4 -4  4  3 -3  0 -1 -3 -1  1 -3 -2  2    7   0   0   0   0   0   0   0   0  33  32   0   0   0   0   5  11   0   0  12  0.39 0.16
  240 L   -2 -3 -4 -4 -2 -3 -4 -4 -3  2  3 -3  2  2 -4 -3 -2 -2  2  3    0   0   0   0   0   0   0   0   0  13  43   0   4   9   0   0   0   0   7  23  0.52 0.17
  241 D   -1 -1 -1  1 -3  3  2 -3  2 -1 -1  0  1 -2 -2  0  0 -2  2  0    3   0   0   9   0  22  13   0   7   0   6   5   4   0   0   4   5   0   9  12  0.20 0.12
  242 I   -2 -4 -4 -4 -2 -3 -4 -5 -4  4  3 -4  2  1 -4 -3 -1 -3 -2  2    0   0   0   0   0   0   0   0   0  43  36   0   4   4   0   0   4   0   0   9  0.62 0.20
  243 L    1 -3 -3 -4  6 -3 -3  0 -4 -1  3 -3  1 -2 -3 -1 -2 -3 -3  0   16   0   0   0  27   0   0   8   0   0  37   0   4   0   0   4   0   0   0   4  0.54 0.20
  244 R   -2  5 -1 -2 -4  3 -1 -3 -2 -1 -3  2  1 -4 -3  0  1 -4 -3 -3    0  49   0   0   0  14   0   0   0   5   0  12   4   0   0   8   9   0   0   0  0.65 0.23
  245 A   -1  2 -1 -2 -3  0  0 -3  3 -1  0  1 -1  2 -3 -1 -1 -2  2  0    4  16   0   0   0   4   6   0  11   0  10  13   0  13   0   4   4   0   8   7  0.16 0.09
  246 R   -1  2 -1 -3 -3 -2 -2 -3 -2 -1  2  0  0  4 -3  0  0 -2  0 -1    3  13   4   0   0   0   0   0   0   0  31   8   0  26   0   8   6   0   0   0  0.26 0.15
  247 K   -2  1  2 -1 -4  2  2  1  1 -4 -4  4 -3 -3 -2 -1 -2 -3  0 -4    0   4  11   0   0  12  11  15   4   0   0  39   0   0   0   0   0   0   4   0  0.48 0.18
  248 L   -2  0 -3 -3 -2  0 -1 -4 -3  2  4 -2  1 -1 -3 -3 -2 -3 -2  0    0   5   0   0   0   5   5   0   0   8  69   0   0   0   0   0   0   0   0   5  0.55 0.20
  249 V   -2 -3 -3 -1 -2 -2 -3 -3 -3  3  3 -3  2  1 -3 -2 -1 -2 -1  2    1   1   1   5   0   1   1   1   0  24  33   1   4   5   1   1   1   0   0  21  0.33 0.11
  250 S   -1 -1 -1 -2 -3  1  0 -2  1 -3 -3  1 -2 -3  6  1  0 -3 -2 -3    1   1   1   1   0   9   5   1   5   1   1   9   0   0  43  16   4   0   0   1  0.81 0.18
  251 K   -1  0  1 -1 -3  3  2 -2 -1 -3 -1  2 -2 -2  0  2 -1 -3  1 -2    1   0   5   0   0  20  13   1   0   0   5  20   0   0   4  23   0   0   5   0  0.32 0.14
  252 S   -1  0  2  3 -3  0 -1 -2 -2 -1 -3  0 -3 -4  4  2  0 -4 -3 -3    0   5  12  20   0   3   0   0   0   4   0   4   0   0  25  22   5   0   0   0  0.55 0.17
  253 V   -2 -3 -1  0 -3 -2  1 -4  1  3  2 -2  2  0  1 -2 -2 -3 -2  1    0   0   4   5   0   0  11   0   4  29  19   0   8   4   9   0   0   0   0   8  0.22 0.12
  254 S   -3 -1  1  6  1 -1  2 -3 -2 -4 -4 -2 -4 -4 -3  0 -2 -5  0 -2    0   3   4  67   4   0   9   0   0   0   0   0   0   0   0   4   0   0   4   4  1.00 0.27
  255 I   -2 -3 -4 -4 -2  0 -3 -4 -3  4  3 -1  0 -1 -4 -3 -2 -2  2  2    0   0   0   0   0   6   0   0   0  30  36   4   0   0   0   0   0   0   8  15  0.43 0.17
  256 R    0  4 -1 -1 -3  0 -1  0  1 -2 -3  1 -2 -3  2  0  1 -4 -2  0    8  33   0   4   0   4   0   6   4   0   0   4   0   0  13   4   8   0   0  11  0.31 0.14
  257 D   -1  0  0  2 -3  1  0 -3 -2 -4 -3 -2 -3  0  0  0 -1  9  1 -3    5   6   5  13   0   7   4   0   0   0   0   0   0   3   4   9   4  35   4   0  0.84 0.23
  258 I   -3 -3 -4 -5 -3 -3 -4 -5 -3  3  4 -4  2  0 -4 -4 -2 -2  4  0    0   0   0   0   0   0   0   0   0  20  59   0   3   0   0   0   0   0  17   0  0.74 0.24
  259 L   -2  0 -4 -4 -2 -3 -3 -4 -3  1  5 -3  1 -1 -4 -1 -2 -3 -2  0    0   5   0   0   0   0   0   0   0   5  75   0   0   0   0   8   0   0   0   5  0.65 0.22
  260 I   -2  0  0  6 -4  1  2 -1 -2 -1 -4 -1 -3 -3 -3 -1 -2 -4  0 -3    0   4   0  58   0   8  13   5   0   5   0   0   0   0   0   0   0   0   4   0  0.79 0.23
  261 R   -2  2  2 -2 -3  5  0 -3  1 -2  0  1  1 -3 -3 -1  0 -3 -2 -2    0  13  11   0   0  39   0   0   4   0  14   7   4   0   0   0   5   0   0   0  0.44 0.19
  262 Y   -3 -3 -4 -5 -3 -3 -4 -5  2  0  1 -3  2  3 -4 -3 -3  0  7  0    0   0   0   0   0   0   0   0   4   4  12   0   7   9   0   0   0   0  57   6  1.02 0.28
  263 D   -3  2 -1  7 -5 -2  0 -3 -3 -5 -5  1 -4 -5 -3 -2 -3 -6 -4 -5    0  12   0  79   0   0   0   0   0   0   0   9   0   0   0   0   0   0   0   0  1.39 0.34
  264 L   -2 -4 -4 -4 -2 -3 -4 -5 -4  4  3 -4  0 -1 -4 -3  0 -3 -2  3    0   0   0   0   0   0   0   0   0  38  35   0   0   0   0   0   4   0   0  23  0.65 0.20
  265 D   -1 -3 -1  8 -5 -2  0 -3 -3 -5 -5 -3 -5 -5 -3 -2 -3 -6 -5 -5    6   0   0  94   0   0   0   0   0   0   0   0   0   0   0   0   0   0   0   0  1.78 0.40
  266 G    0  0 -1 -2 -3  0  1  5 -2 -4 -4  0 -3 -4 -3  2  1 -4 -3 -3    4   4   0   0   0   3   9  47   0   0   0   4   0   0   0  15  13   0   0   0  0.57 0.18
  267 M   -3 -3 -5 -5 -3 -3 -4 -5 -4  0  5 -4  5  1 -4 -4 -3 -3 -2 -1    0   0   0   0   0   0   0   0   0   0  70   0  25   5   0   0   0   0   0   0  0.98 0.29
  268 I   -3 -4 -5 -5 -3 -4 -5 -5 -3  3  2 -4 -1  7 -5 -4 -3 -1  1  0    0   0   0   0   0   0   0   0   0  18  16   0   0  61   0   0   0   0   0   5  1.04 0.28
  269 Y   -4 -4 -4 -5 -5 -3 -4 -5  3 -3 -3 -4 -3  2 -5 -4 -4  0  9 -3    0   0   0   0   0   0   0   0   6   0   0   0   0   5   0   0   0   0  88   0  2.07 0.45
  270 H   -2 -1  4 -1 -4 -1 -1 -1  6 -4 -2  2 -2 -2 -3  1 -2 -3  2 -3    0   0  23   0   0   0   0   4  26   0   5  21   0   0   0  13   0   0   8   0  0.54 0.21
  271 L   -2 -3 -4 -4 -2 -3 -4 -4 -3  2  3 -3  4  1 -4 -3  0 -3 -2  2    0   0   0   0   0   0   0   0   0   9  41   0  19   6   0   0   7   0   0  17  0.52 0.18
  272 S    3 -3 -3 -3  3 -2 -3 -2 -2  1  0 -2  1 -1 -3  1 -1 -3  1  2   35   0   0   0   9   0   0   0   0  11   4   0   5   0   0   9   0   0   8  19  0.30 0.15
  273 Q   -1 -1  4 -1 -3  2 -1 -2 -2 -2 -1  0  4 -3 -3  1  2 -4 -3 -1    4   0  27   0   0  12   0   0   0   0   4   4  20   0   0   8  18   0   0   4  0.36 0.19
  274 N   -2  1  6 -1 -4  2 -1  1 -1 -4 -4 -1 -3  0 -3  1 -1 -4 -3 -4    0   8  59   0   0  10   0   9   0   0   0   0   0   5   0   8   0   0   0   0  0.81 0.26
  275 K   -2  2  0  1 -3  3  2  1  1 -1 -3  1 -2 -3 -2 -1 -1 -3 -2 -2    0  16   4   8   0  23  14  10   4   5   0   9   0   0   0   0   4   0   0   0  0.33 0.12
  276 Y   -2 -1  2  2 -3  1  0 -3 -1  0 -1  2 -2  0  2 -1 -2 -2  2 -2    0   0  14  16   0   8   4   0   0   8   4  17   0   5  11   0   0   0  13   0  0.25 0.13
  277 L   -2 -3 -4 -4 -2 -3 -3 -4  1  4  3 -3  4 -1  0 -3 -2 -3 -2  1    0   0   0   0   0   0   0   0   6  32  34   0  18   0   5   0   0   0   0   5  0.50 0.17
  278 S   -2 -1  1  4 -4  1  4 -2 -1 -4 -4  1 -3 -4  2  1 -1 -4 -3 -3    0   0   5  28   0   5  31   0   0   0   0   9   0   0  11  10   0   0   0   0  0.61 0.15
  279 S    1 -2 -1 -2  4 -1  0 -2  2  0  0 -1 -1 -2 -2  2  2 -3 -2  0   13   0   0   0  11   0   7   0   7   7  11   0   0   0   0  24  16   0   0   5  0.19 0.09
  280 L    0  0  0 -2 -2 -1 -1 -3 -2  1  2  1  0 -2  2 -1  1 -3 -2  1    6   6   6   0   0   0   0   0   0   6  26  17   0   0  11   0  13   0   0   9  0.15 0.07
  281 D    0  0  1  2 -2  0  0 -1 -1 -2 -2  3 -2 -3 -1  3  0 -3 -2 -1    1   1   7  14   0   1   1   1   0   1   1  30   0   0   1  33   1   0   0   7  0.29 0.10
  282 D   -1 -1  2  2 -2  1  0  0 -1  0 -1 -1 -1 -1 -2  0  1 -2  1  0    1   1  17  15   0   8   1   9   0   8   1   1   0   1   1   1  17   0   8   8  0.13 0.05
  283 A    1 -1  1  1 -2 -1 -1  2  2 -3 -3 -1 -2 -3  3  1 -1 -3 -2 -2   17   1   8   9   0   1   1  22   8   1   1   1   0   1  17   9   1   0   0   1  0.32 0.05
  284 S    0 -1  0 -1 -2  0  2  1 -2 -2 -1  2 -2 -3 -2  3  2 -3 -2 -2    0   0   0   0   0   0  14   9   0   0   6  15   0   0   0  40  15   0   0   0  0.30 0.10
  285 N   -1 -1  3  1 -3 -1 -1  2 -1 -3 -1  1 -2 -3  3  0  0 -4 -3 -3    0   0  24   8   0   0   0  22   0   0   7  17   0   0  15   0   6   0   0   0  0.36 0.09
  286 S   -1  2  1  2 -3  1  0 -2  2 -3 -3  0 -2 -3  3  1  1 -4 -2 -2    0  17   8  16   0   8   0   0   8   0   0   0   0   0  19   9  16   0   0   0  0.39 0.08
  287 Y   -2 -2  1 -2  5 -1  0 -3  5 -2 -2 -2 -2  2 -3  0  0 -1  3 -2    0   0   8   0  17   0   8   0  27   0   0   0   0   9   0   8   7   0  17   0  0.43 0.11
  288 P    1  1 -2 -2 -2 -1 -1 -2 -2 -1  0  1  2 -2  5 -1 -1 -3 -2 -1   22   9   0   0   0   0   0   0   0   0  10  12  14   0  33   0   0   0   0   0  0.48 0.07
  289 P   -1 -2 -3 -2 -3 -2 -2 -3 -3  1 -2  1 -1 -3  6 -2 -1 -4 -3  1    0   0   0   0   0   0   0   0   0   9   0  12   0   0  58   0   0   0   0  21  1.02 0.10
  290 T   -1 -2  2  3 -2 -1 -1  1 -2 -2 -3 -1 -2 -3  2  1  3 -4 -3 -2    0   0  10  20   0   0   0  12   0   0   0   0   0   0  12  10  36   0   0   0  0.38 0.06
  291 M   -2 -2 -2 -2 -3 -1  1 -3  3 -1 -1 -2  2  5 -3 -2 -2  0  4 -2    0   0   0   0   0   0  12   0  14   0   0   0  12  42   0   0   0   0  20   0  0.52 0.09
  292 Q   -1  0  2  2 -3  2  2 -2 -1  0 -2  3 -1 -3 -2 -1 -1 -3 -2 -2    0   0  14  10   0  12  20   0   0  12   0  33   0   0   0   0   0   0   0   0  0.32 0.06
  293 N   -1  1  2  2 -2 -1 -1 -2 -1  0 -1 -1  2  1 -2  0 -1 -2 -1  1    0  15  13  15   0   0   0   0   0   0   0   0  11  12   0  11   0   0   0  23  0.10 0.04
  294 I   -1 -3 -3 -4  6 -3 -4 -4 -3  2  1 -3  0  2 -3 -2 -1 -2 -1  2    0   0   0   0  34   0   0   0   0  13  15   0   0  15   0   0   0   0   0  23  0.47 0.06
  295 K   -2  0 -1 -2 -3  2  0 -3  7 -3 -3  1 -2  0 -3 -1 -2 -1  4 -3    0   0   0   0   0  15   0   0  45   0   0  13   0   0   0   0   0   0  26   0  0.67 0.10
  296 Q    0 -1  0  3 -3  2  4 -2 -1 -3 -3  0 -2 -3 -2 -1 -1  5 -2 -3   11   0   0  26   0  13  38   0   0   0   0   0   0   0   0   0   0  12   0   0  0.55 0.07
  297 L   -2 -2 -2  1 -2  1  1 -3 -2  1  2 -1  0  3 -3 -2 -1 -1  0  0    0   0   0  11   0  12  11   0   0  15  28   0   0  23   0   0   0   0   0   0  0.17 0.04
  298 V   -1 -3 -4 -4 -1 -3 -3 -4 -3  2  2 -3  1 -1 -3 -2 -1 -3 -2  4    0   0   0   0   0   0   0   0   0   0  31   0   0   0   0   0   0   0   0  69  0.42 0.06
  299 M   -1  2 -1 -1 -3  5  1  2 -1 -2 -2  1  2 -3 -2 -1 -1 -2 -2 -2    0  13   0   0   0  53   0  18   0   0   0   0  16   0   0   0   0   0   0   0  0.42 0.07
  300 S    1 -1  0  2 -2  1  0 -1 -1 -1  0 -1 -1 -2 -2  2  3 -3 -2 -1   13   0   0  14   0  13   0   0   0   0  14   0   0   0   0  16  31   0   0   0  0.19 0.03
  301 M    0 -2 -3 -3 -2 -2 -3 -3 -3  2  3 -2  5  0 -3 -2 -1 -2 -2  1   13   0   0   0   0   0   0   0   0  18  28   0  41   0   0   0   0   0   0   0  0.33 0.06
  302 I   -2 -3 -4 -4 -2 -3 -3 -4 -3  2  3 -3  2  3 -3 -3 -1 -1  0  1    0   0   0   0   0   0   0   0   0  23  59   0   0  18   0   0   0   0   0   0  0.39 0.02
  303 P   -1  0 -1 -1 -3  4  1 -2 -1 -3 -3  0 -1 -4  6  0 -1 -3 -2 -2    0   0   0   0   0  50   0   0   0   0   0   0   0   0  50   0   0   0   0   0  0.97 0.00
  304 S    1 -1  1  0 -1  0  0  0 -1 -3 -3  0 -2 -3 -1  4  1 -3 -2 -2    0   0   0   0   0   0   0   0   0   0   0   0   0   0   0 100   0   0   0   0  0.46 0.00
  305 I   -1 -3 -3 -3 -1 -3 -3 -4 -3  4  1 -3  1  0 -3 -2 -1 -3 -1  2    0   0   0   0   0   0   0   0   0   0   0   0   0   0   0   0   0   0   0   0  0.00    0.00

                      K         Lambda
Standard Ungapped    0.1356     0.3212
Standard Gapped      0.0410     0.2670
PSI Ungapped         0.1416     0.3176
PSI Gapped           0.0433     0.2670
