
Last position-specific scoring matrix computed, weighted observed percentages rounded down, information per position, and relative weight of gapless real matches to pseudocounts
           A  R  N  D  C  Q  E  G  H  I  L  K  M  F  P  S  T  W  Y  V   A   R   N   D   C   Q   E   G   H   I   L   K   M   F   P   S   T   W   Y   V
    1 M   -2 -3 -4 -4 -2 -2 -3 -4 -3  2  3 -3  5 -1 -3 -3 -1 -3 -2  2    0   0   0   0   0   0   0   0   0  13  34   0  32   0   0   0   0   0   0  21  0.54 0.14
    2 M    0  0 -3 -4 -2 -2 -3 -4 -3  2  2 -2  4  1 -3 -2 -1 -3 -2  2    6   5   0   0   0   0   0   0   0  17  24   0  23   4   0   0   3   0   0  17  0.38 0.15
    3 G   -1 -2 -2 -3 -2 -2 -2  1  3  1  0 -1  1  3 -3  1 -1 -2  0  1    3   0   0   0   0   0   0  12  13   8   7   4   5  18   0  18   0   0   0  11  0.16 0.12
    4 L   -1 -2 -3 -4 -2 -2 -3 -4  0  2  3 -1  1  1 -3 -1 -1 -2  2  2    5   0   0   0   0   0   0   0   3  12  39   4   4   7   0   4   0   0   9  14  0.29 0.12
    5 D   -1 -2  1  1 -3  2 -1  2  2 -1 -1 -1 -2 -3  1  2 -1 -3 -1 -2    0   0   9   8   0  14   0  19   6   6   8   3   0   0   7  19   0   0   2   0  0.21 0.14
    6 L   -3 -4 -4 -5  0 -4 -4 -5 -4  3  3 -4  4  2 -4 -3  0 -3 -2  2    0   0   0   0   2   0   0   0   0  15  39   0  16   9   0   0   6   0   0  13  0.67 0.30
    7 L    0 -4 -5 -5 -3 -4 -5 -5 -5  3  4 -4 -1  3 -5 -4  0 -4 -2  0    8   0   0   0   0   0   0   0   0  21  53   0   0  11   0   0   5   0   0   2  0.83 0.40
    8 V    0 -2 -3 -4  1 -1 -3 -4 -3  2  2 -2 -1  3  0 -1 -1  0  1  1    8   2   0   0   3   4   0   0   0  12  29   1   0  15   4   5   3   1   4   8  0.27 0.20
    9 S   -1  0  0 -3 -3 -2 -3 -3 -3  0  0 -2 -1  3  0  3  0 -3  1  0    4   7   5   0   0   1   0   0   0   6   9   0   1  14   5  34   4   0   6   7  0.31 0.28
   10 L    1 -4 -4 -5  0 -4 -4 -3 -4  2  3 -4 -1  3 -2 -2  0  3  0  1   13   0   0   0   2   0   0   1   0  10  32   0   0  15   1   2   7   4   3  12  0.43 0.27
   11 L   -1 -3 -5 -5  1 -2 -4 -4 -4  1  4 -4 -1  2 -5 -2  0 -3  0  2    5   1   0   0   3   1   0   1   0   8  44   0   0   8   0   2   5   0   4  18  0.57 0.33
   12 A    2 -3 -3 -4  0 -2 -3 -3 -4  1  2 -3 -1  1 -2  1  1 -4 -3  2   20   0   0   0   2   1   0   1   0   9  24   0   0   5   2  11  11   0   0  13  0.32 0.26
   13 L   -2 -4 -3 -5  0 -1 -4 -4 -4  1  4 -4 -1  2 -4  0 -1 -3 -1  1    2   0   1   0   2   3   0   1   0   7  49   0   0  11   0   9   2   0   1  10  0.59 0.35
   14 S    1  0  1 -3  0 -2 -3 -1 -3  0  1 -2 -2  1 -2  2  0  3 -1  0   11   7   7   0   2   0   0   4   0   5  17   0   0   6   2  24   4   5   1   5  0.19 0.22
   15 V    0 -1 -2 -3 -1 -2 -2 -2 -2  1  2 -2 -1  2 -2  0  1  0  2  1    6   3   2   0   1   1   1   3   1   7  26   2   0   8   1   6  13   1   7  10  0.16 0.17
   16 S    1 -1 -1 -2  2  0 -2  0 -3 -1 -2 -2 -2 -1  2  3  1 -4  0 -1   12   3   1   1   6   5   2   5   0   4   4   1   0   3   9  29   8   0   4   3  0.25 0.24
   17 P    2 -1 -1 -3 -3  0 -2 -2 -3 -2  0  0 -2  0  3  1  0 -3  2  0   20   3   4   0   0   5   0   2   0   1  12   5   0   3  16  10   5   0   8   5  0.25 0.23
   18 C    0 -2 -1 -1  4 -2 -2 -1 -3  0 -1 -3 -1  0  2  1  0  2  1  1    8   1   3   2  12   0   2   4   0   7   4   0   1   4  10  16   5   3   5  11  0.20 0.19
   19 I    1 -3 -3 -4  3 -2 -3 -4  2  1  1 -3 -2  3 -1  1  0 -3  2  0   12   0   0   0   7   1   0   0   6  11  16   0   0  14   2  15   6   0   6   6  0.29 0.24
   20 A    3 -2 -2 -1 -1 -2  0  0 -3 -1 -1 -2 -1  0 -2  2 -1 -3  1 -1   27   1   0   3   1   0   7   8   0   4   6   1   2   5   1  22   1   0   5   3  0.26 0.25
   21 A    2  1  0 -3  0  2 -1  0 -3 -1  0 -2 -2  0  0  1  1  2 -2 -1   19   8   3   0   2  12   1   6   0   2   9   0   0   4   5  14   8   3   0   4  0.16 0.20
   22 T    0 -1 -1 -1 -3  2 -1 -3  2 -2  0  0 -2  2  0  1  1  1  3  0    8   3   1   4   0  10   2   0   5   1   8   4   0   9   4  12  11   2  11   6  0.15 0.17
   23 R    0  2  1 -1 -3  2 -1 -1  1 -1  0  0 -2 -1  0  0  0  0  1 -1    6  12   7   3   0  14   1   4   3   4   8   3   0   2   4   9   6   1   7   5  0.10 0.14
   24 S    0 -3 -1  2 -3  1  0 -3 -1 -1  1 -1 -1 -3  4  0 -1 -1 -1 -1   10   0   3  11   0   8   5   0   1   3  14   2   1   0  22   6   4   1   2   5  0.30 0.22
   25 P    0 -1 -1  0 -4 -1 -2 -1 -2 -2  0 -2 -3  1  5  0 -2  2 -2 -2    8   3   3   5   0   2   2   4   1   2  10   1   0   6  37   6   1   3   1   3  0.59 0.32
   26 L   -1 -1 -2 -3 -3  0 -1 -1  2  1  2 -1 -1  2  1  0  0  1  0  0    4   3   0   1   0   5   3   5   6   7  25   3   0  10   8   7   5   2   2   4  0.13 0.14
   27 Q   -2  1 -1  0 -4  5  0 -3  0 -3  0 -1 -2 -1 -1  1 -1 -4 -2 -1    2   7   3   5   0  35   6   1   1   0   8   3   0   3   4   9   4   0   1   6  0.46 0.33
   28 I   -1 -1  0 -1 -3  0 -1 -2  0  3  0 -2 -1 -3  1 -1  2 -4 -3  2    4   4   4   3   0   4   4   3   3  20  10   1   0   0   7   3  14   0   0  15  0.18 0.18
   29 P    0 -4 -2 -3 -1 -1 -1 -3  0 -3 -3 -4 -4 -5  7 -1 -1 -5 -5 -2    8   0   2   1   2   3   4   2   2   1   3   0   0   0  60   4   4   0   0   2  1.44 0.61
   30 V   -1 -1 -2 -2 -3 -1 -1 -1 -2  0  2 -2 -1  3  2  0  0 -2  0  0    5   3   1   2   0   3   4   4   0   6  22   1   0  14  10   7   6   0   3   8  0.15 0.14
   31 L    1 -2 -1  1 -2 -1  0 -1  0  0  1 -1  0 -1  0  1  1 -3 -1  0   14   1   1   9   0   2   5   4   3   5  17   3   1   2   4  12   7   0   2   8  0.07 0.10
   32 D    1  0  1  1 -3  0  0  0  1 -2 -2 -1 -2 -1  2  1  1 -1  0 -1   10   4   8   8   0   4   4   7   3   2   4   2   0   2  10  15  10   1   3   3  0.15 0.13
   33 T    0  1  1 -2 -3  1 -1  0  1 -3 -1 -1 -3 -4  3  3  1 -4 -3 -2    8   7   6   2   0   7   2   5   3   0   6   3   0   0  16  22   9   0   0   1  0.34 0.25
   34 Q    1  0  0 -1 -3  4  1 -2 -1 -3 -4  1 -3 -2  2  1  0 -4 -3 -2   15   5   5   2   0  19   8   3   1   1   1   7   0   2  12  12   4   0   0   3  0.34 0.26
   35 P    0 -1 -2  0 -4  1 -1 -2  0 -4 -3 -1 -4 -2  6  1  0 -4 -4 -2    8   4   1   6   0   6   3   2   2   1   2   3   0   2  41  10   6   0   0   3  0.81 0.41
   36 I    1 -1 -1  0 -3  1 -1 -2 -2  1  0 -1 -1 -1  2  0  1 -3 -2  0   12   2   2   6   0   9   3   3   1   9  12   2   1   2  10   9  11   0   1   6  0.12 0.14
   37 E    0  0  0  0 -3  0  1  0 -1 -2 -2 -1 -1 -1  2  2  2 -4 -3 -2    8   5   5   6   0   4   9   6   2   2   2   3   1   3  12  17  14   0   0   2  0.22 0.19
   38 T    1  0  2  1 -3  2  0  1  0 -3 -1  1 -1 -3 -1  2  0 -4 -3 -2   11   4  10   6   0   9   3   9   3   0   8   9   1   0   2  15   5   0   0   2  0.17 0.16
   39 G    0  0 -1  0 -3  1  2  0 -2 -1 -2  0 -2 -3  2  1  1 -3 -2 -1    7   6   1   6   0   5  17   7   0   4   3   4   0   0   9  12  12   0   1   5  0.20 0.18
   40 R   -2  1 -1 -1 -4  2  0 -2  5 -2  1  2  0 -3 -1  0  0 -4 -2 -3    1   8   2   2   0  12   5   3  17   2  17  12   2   0   2   5   6   0   1   1  0.35 0.26
   41 E    0  2  0  1 -3  0  0  0  0 -2 -3 -2 -3 -3 -1  2  3 -4  0 -1    6  10   4   7   0   4   7   6   3   1   2   0   0   0   2  13  25   0   4   4  0.27 0.25
   42 F   -6 -6 -7 -7 -6 -4 -6 -7 -5 -4  3 -6  0  8 -7 -6 -6 -4 -2 -3    0   0   0   0   0   1   0   0   0   0  22   0   2  71   0   0   0   0   0   1  2.27 0.87
   43 T   -2  2 -2 -3 -5  2  1 -3  2 -3 -5  2 -2 -5 -4  2  4 -5 -4 -3    2  11   1   0   0  11  10   2   6   2   0  10   1   0   0  13  31   0   0   1  0.66 0.45
   44 L   -6 -6 -7 -7 -5 -6 -7 -7 -3  0  7 -6 -2 -4 -7 -6 -5 -6 -5 -3    0   0   0   0   0   0   0   0   1   4  92   0   0   0   0   0   0   0   0   1  2.11 0.88
   45 R   -2  6 -4 -2 -6  3 -3 -5  0 -6 -6  4 -5 -6 -5 -1 -3 -6 -5 -4    3  52   0   2   0  11   0   0   2   0   0  22   0   0   0   4   2   0   0   1  1.44 0.69
   46 H   -6 -2 -3 -1 -7  2 -2 -4 10 -7 -7 -5 -6 -6 -4  0 -2 -7  0 -7    0   2   1   3   0   8   2   1  70   0   0   0   0   0   1   6   3   0   2   0  2.57 1.03
   47 M    1 -5 -5 -5 -4 -1 -3 -5 -5  6  0 -4 -1 -2 -5 -3 -3 -5 -4  3   12   0   0   0   0   2   2   1   0  45   7   0   1   2   0   1   0   0   0  23  0.99 0.49
   48 L   -4 -3 -4 -5 -4 -4 -4 -5  2  0  2 -4 -3  5 -5 -4 -2 -2  6  0    1   1   0   1   0   0   1   1   6   6  22   1   0  22   1   1   2   0  30   5  1.08 0.50
   49 H   -2 -1 -3 -1 -6 -2 -3 -6 10 -2 -6 -3 -5 -1 -4 -3 -4 -6  0 -4    4   3   1   3   0   2   1   0  71   3   0   1   0   2   1   2   1   0   3   1  2.48 0.97
   50 H    1  2 -2 -3 -6  0 -4 -6  9 -4 -3 -3 -5 -1 -6 -5 -3 -6 -2 -4   14  11   1   2   0   4   0   0  56   1   3   1   0   2   0   0   1   0   1   1  1.89 0.83
   51 G    1 -4  1 -3 -2 -3 -5  6 -1 -3 -2 -4 -5 -2 -3  0 -2 -6 -5  0   10   1   7   1   1   1   0  56   1   1   4   0   0   2   1   6   2   0   0   6  0.99 0.53
   52 T    2 -4 -3 -2 -4 -3 -4  0 -4 -1 -2 -3 -2 -5  0  3  4 -5 -2  0   15   0   0   2   0   1   0   8   0   3   3   1   1   0   5  23  32   0   1   5  0.62 0.45
   53 Y    0 -3  1 -1 -2 -2 -1  2  4 -3 -3 -2 -2 -1  2  1  1 -1  2 -4    6   1   8   4   1   1   4  14  12   1   1   2   1   2  12  12   9   1   9   0  0.36 0.28
   54 R   -1  2  1  1 -4  1  2 -2  0 -4 -3  2 -3 -3 -2  2  0 -5 -4 -3    4  13   5   9   0   7  13   2   2   0   2  14   0   1   2  20   5   0   0   2  0.37 0.29
   55 D    0 -1  1  1 -4  0 -1  1  2 -3 -3 -2 -3 -1  0  1  0 -3  5 -3    6   2   8   9   0   4   4  11   6   1   2   2   0   2   5  11   5   0  20   1  0.34 0.28
   56 P    0  1  0 -3 -5  0 -3  0  2 -4 -5  0 -2 -4  6  0 -1 -5  2 -4    9   8   4   1   0   4   0   6   5   1   1   4   1   0  38   7   3   0   6   0  0.79 0.45
   57 L   -1  1  1  1 -3  1  0  0  0  0 -1  0 -1 -1  0  0  0 -1  0  0    3  12   9   7   0   6   5   7   3   9   5   3   1   3   4   6   5   1   3   9  0.05 0.08
   58 L   -2  0 -4 -5 -4 -1 -2 -5 -2  0  4 -1  0  0 -3 -1 -1 -1 -3  1    3   6   0   0   0   2   2   1   1   5  52   3   2   3   1   5   3   1   0  10  0.60 0.37
   59 H   -2 -3 -3 -5 -5 -3 -3 -4  8 -1 -2 -3 -4  6 -4 -4 -5  0  2 -3    4   1   1   0   0   1   2   1  34   3   3   1   0  36   1   1   0   1   5   2  1.51 0.67
   60 K   -1  6 -2 -3 -4  1 -2 -1 -1 -4 -1  1 -3 -4 -3  0 -3 -4  0 -2    6  46   1   1   0   5   1   6   1   1   8   9   0   0   1   7   1   0   3   3  0.78 0.44
   61 R   -3  6 -3 -1 -4  1 -2 -4  1 -2 -2  2 -3 -1 -3 -1 -2  0  0 -3    1  49   1   4   0   6   2   1   3   2   4  10   0   2   1   4   2   1   4   2  0.91 0.45
   62 L    0 -1 -3 -2 -3 -3 -3 -3  2  1  4 -2  3  0 -4 -3 -2 -1  1 -1    8   4   1   3   0   1   1   2   5   6  46   3   6   3   1   1   2   1   5   2  0.51 0.31
   63 D   -2 -2  1  7 -6 -4  1 -4 -4 -5 -4 -3 -3 -6 -2 -2 -4 -6 -5 -5    4   2   5  66   0   0   9   1   0   0   2   1   1   0   3   3   0   0   0   1  1.61 0.71
   64 I    0 -4 -5 -3 -4 -3 -4 -5 -5  5  1 -3  0  0 -3 -2 -3  0 -1  4    7   0   0   1   0   1   1   1   0  33   9   1   2   3   2   2   1   1   2  33  0.81 0.42
   65 R   -1  1  1  1 -3  0  0 -1  2 -2 -2  1 -3 -2  1  2  3 -4 -1 -2    3   8   7   9   0   3   4   3   7   2   3   8   0   2   6  14  19   0   2   2  0.24 0.21
   66 P    0 -2  1  0 -5 -1  0 -2  2 -5 -4 -1 -4 -2  6 -1 -3 -5 -3 -3    9   2   6   5   0   2   5   3   6   0   2   4   0   2  45   5   1   0   1   1  0.99 0.50
   67 D    0 -1  0  3 -4  1  2  0  1 -3 -2  0 -3 -4 -1  1  0 -2 -3 -3    6   3   5  20   0   7  15   8   4   1   4   5   0   0   2  12   5   1   0   2  0.32 0.24
   68 T    0  0  0  2 -3  1  0 -1  2 -3 -2 -1 -2  0 -1  1  2 -1  0 -1    9   4   5  11   0   7   5   4   5   1   2   4   0   5   2  13  15   1   4   4  0.17 0.17
   69 L   -1  2 -1 -2 -3  0 -2 -2 -2  2  2 -1  1  0  0  0  0  0 -2  0    5  11   2   2   0   4   2   2   1  13  22   3   4   3   5   8   4   2   1   7  0.12 0.13
   70 L    0  0 -1 -1 -1  0 -1 -2  0  0  2  0  1  0  0  0  0 -3 -1  1    8   4   2   3   1   6   2   2   2   4  23   7   3   4   4   7   4   0   2  13  0.08 0.11
   71 W    0  1  0 -1 -3  1  0 -3  1 -1  0 -1 -1  0 -1  1  1  5  1 -1    9   8   3   2   0   6   5   1   4   4   8   2   2   4   2  12   9   9   5   5  0.17 0.16
   72 A    3 -2  0 -1 -3  1 -1 -2  1  0  0 -1  2  0 -2  1 -1 -3 -1  0   27   1   5   3   0   7   3   2   3   5  10   2   5   4   1  11   3   0   2   5  0.18 0.19
   73 A    1 -1  0  0 -1  0  1  1  1 -2 -1 -1 -1  0  0  1  1 -2 -2  0   16   2   5   5   1   3  11  10   4   2   4   1   2   4   4  10   8   1   0   6  0.10 0.12
   74 S    0  0 -1  0 -3  2  0 -1 -1 -1  0 -1  0 -1 -1  3  1 -3 -1 -1    7   5   1   6   0  10   4   4   1   3  10   2   2   2   2  24  11   0   2   4  0.17 0.19
   75 E    0 -3 -1  3 -4  1  3 -2  0 -2  0 -1 -1 -1 -3  0 -1 -4 -1  0    7   1   2  17   0   5  24   3   2   1  12   3   1   3   1   7   3   0   2   7  0.29 0.24
   76 N   -1  0  2  3 -3  0  0  0  2 -2 -2 -1 -1 -2 -2  1  2 -4  0 -2    5   5  10  18   0   4   5   6   4   2   2   2   2   2   1  13  13   0   4   3  0.25 0.21
   77 G    1 -3  0  1 -3 -1 -2  3 -1 -2  0 -2 -3 -3 -1  2  0 -4 -3 -1   11   1   3   8   0   3   2  26   1   2  10   2   0   1   2  20   5   0   0   3  0.32 0.24
   78 E   -1  0 -1  1 -3  1  2 -2  0 -2  0  0 -1  0  1  1  0 -3  0 -1    4   6   2   8   0   8  17   2   2   1  11   4   1   4   8  11   5   0   3   3  0.15 0.15
   79 K    0 -1  0  1 -3  1  1  1 -1 -1 -1  0 -1 -3  2  1  1  0 -1 -1    6   2   4   7   0   7   8  11   2   4   5   4   2   0  10  12  10   2   2   3  0.13 0.12
   80 R    1  0 -1  0 -2  1  1 -1 -1  0  0 -1  1  0  0  0  0 -1  1 -1   11   6   2   5   0   7  11   5   1   4  13   2   4   5   3   7   5   1   6   2  0.05 0.07
   81 E    0  0 -1  2 -3  1  2  0  1 -1 -2  0 -3 -2 -2  2  1 -3 -2 -1    5   4   2  10   0   7  13   6   4   3   2   6   0   1   1  19   9   0   1   5  0.20 0.18
   82 S    0  0 -1  0 -3  0 -1 -2  3 -1  0  0 -1  0  2  1  0 -3  1  0    7   5   3   5   0   5   3   3   8   3   9   6   1   3  11   9   7   0   5   7  0.10 0.10
   83 V    0  0  1  0 -2  1  0 -1  0  0 -1  0  0  0  1  1  0  1  1  0    7   5   6   4   0   7   3   4   2   6   5   4   2   3   8  13   5   2   5   9  0.06 0.07
   84 P    1 -1 -1  0 -3  0 -1  1  1 -2 -2 -1 -1 -3  4  0  1 -4 -2 -1   10   3   2   4   0   5   3  10   4   2   5   4   1   1  22   6  10   0   1   6  0.29 0.20
   85 R    0  1  1 -2 -3  2  0 -1  0 -2 -2  1 -3 -2  3  1  1 -4 -2 -2    6   7   6   1   0  10   7   4   2   2   3   7   0   1  15  14  11   0   1   3  0.26 0.21
   86 F   -2 -2 -1 -3 -4 -3 -3 -3  3 -1  2 -2 -2  5 -4 -2 -3  1  5  0    2   2   3   1   0   1   1   2   7   3  21   2   0  24   1   3   1   2  18   6  0.64 0.36
   87 R    0  2 -1 -1 -3  0 -1 -1  2 -1 -2  2 -1 -2 -2  1  2 -4 -2  0    8  14   3   2   0   4   2   4   6   3   2  13   1   1   2  12  16   0   1   7  0.22 0.21
   88 V    1 -3 -4 -2 -3 -4 -2 -4 -1  3  3 -2  0 -1 -3 -2  0 -2 -1  3   10   1   0   2   0   0   3   0   1  20  27   2   2   2   1   3   5   1   1  18  0.43 0.28
   89 S   -2  4 -1 -1 -4  2 -2 -2  1  0 -3  3 -1 -3 -3  2  0 -2 -2 -1    2  23   3   3   0   8   2   3   4   5   2  18   1   1   1  14   7   0   1   4  0.40 0.30
   90 S    1 -1 -1 -2 -3 -1 -2 -1  0 -2 -2  0 -1 -3 -1  3  3 -4  0  0   12   2   3   2   0   2   2   3   3   2   4   5   1   1   3  24  23   0   3   6  0.33 0.29
   91 R   -1  4  1 -2 -4  1 -1 -3  1  0 -2  2 -1 -4 -3  1 -1 -4  0  0    4  24   6   2   0   6   3   2   3   5   3  15   2   0   1  12   3   0   3   7  0.34 0.26
   92 P    0  2 -2 -2 -4  0 -2 -1 -1 -3 -2 -1 -3 -1  5  0  1 -5 -3 -1    6  13   1   2   0   4   2   5   1   1   5   3   0   3  31   7  11   0   1   4  0.55 0.34
   93 I   -1  0  0 -2 -3  1 -1 -1 -1  2  1  0  2 -1 -2 -1  2  0 -1  2    4   4   4   1   0   7   2   5   1  11  11   5   5   3   1   4  14   1   1  14  0.11 0.13
   94 N   -2  1  3  0 -4  0  0 -2  1 -1 -2  2  0 -4 -1  0  3 -2 -2 -2    2   9  13   4   0   4   4   3   3   4   4  15   3   0   3   7  19   1   1   2  0.27 0.23
   95 I   -1 -2 -3 -3 -4 -3 -1 -3 -4  5  0 -2 -1 -2 -1 -1  2 -4  0  2    5   2   1   1   0   1   4   2   0  34   6   2   1   1   3   6  15   0   3  15  0.49 0.32
   96 H   -1  0 -3 -1 -4  2  2 -4  4 -4 -1 -1 -3  1 -1  0  1  1  2 -2    4   6   0   3   0  11  16   0  13   0   5   3   0   7   4   6   9   2   7   3  0.35 0.28
   97 R   -3  7 -3 -1 -6  0 -3 -3 -2 -4 -5  2 -3 -1 -3 -2 -1 -6 -1 -3    2  57   1   4   0   3   1   2   1   1   1  11   0   3   1   3   4   0   2   2  1.23 0.61
   98 L   -2 -3 -4 -5 -5 -3 -5 -5 -5 -1  4 -2  2 -3  5 -2 -2 -1  0 -2    4   2   1   0   0   1   0   1   0   3  35   3   4   1  35   3   2   1   3   2  0.97 0.51
   99 S    1  2  1 -2 -2  0 -1 -2 -1 -2 -1  1 -1 -2  0  1  0 -4 -2  0   14  13   7   1   1   4   2   2   2   1   4  11   1   2   5  14   6   0   1   7  0.16 0.16
  100 D   -1 -2  0  4 -4  0  0 -1  0 -3 -2  1 -3 -2  0  2 -1 -4  1 -2    3   2   4  30   0   3   6   4   2   1   4   8   0   1   4  19   2   0   5   3  0.44 0.29
  101 R   -3  5  1 -1 -4  1  0 -2 -1 -2 -2 -1 -3  0  0 -1 -1 -4  1 -2    2  39   6   3   0   6   6   4   1   2   5   1   0   5   6   4   4   0   4   2  0.53 0.32
  102 H    0  2  1  1 -3  0 -1 -1  2 -3 -2  1 -3 -1  0  2  0 -1  1 -3    7  14   6   8   0   4   3   3   6   1   3   8   0   3   5  17   4   1   5   1  0.21 0.17
  103 V    1  0 -1 -1 -3  1  0 -2  0 -1  0  1 -1 -1  3 -1  0 -3  0  0   15   4   3   2   0   6   5   1   2   2   9  11   2   3  19   2   5   0   3   7  0.22 0.17
  104 S    0  0  2  2 -3  1  0 -2  2 -2 -1  0 -2  1  0  1 -1 -3  1 -2    7   5  10  11   0   5   7   2   5   2   5   5   0   7   4  12   3   0   6   2  0.14 0.13
  105 V   -1 -2  0  1 -2  1 -1 -2  2  0 -1  0 -1  1 -1  2  1 -3 -1  1    4   1   3   9   1   7   2   3   6   7   5   5   1   8   3  16   8   0   2  11  0.09 0.12
  106 V   -1  0  0 -1 -3 -2 -2 -3  1  4  0 -2  2  0 -1 -1 -1 -3  1  2    5   6   4   3   0   1   3   1   5  25   7   2   5   4   3   3   2   0   5  15  0.24 0.18
  107 E    1  1 -1  3 -4  2  3 -1  2 -3 -2  1 -1 -3 -2  0 -1 -1 -3 -3   10   6   2  16   0   9  19   4   6   1   4   8   1   1   2   6   2   1   0   1  0.33 0.23
  108 D    0  2  1  2 -4  0  1  0  2 -4 -3 -1 -2 -4  0  2  0 -4 -1 -4    6  13   6  12   0   3  11   6   5   0   2   2   1   0   5  19   5   0   2   1  0.29 0.22
  109 Y    0  0 -2 -3 -3 -2 -3 -3  1  0  1 -2  2  2 -2 -1 -1  0  4  0    8   5   2   1   0   1   1   1   4   6  15   2   7  10   2   5   4   1  17   7  0.27 0.19
  110 L   -2  3 -3 -1 -4  0 -2 -2 -2  0  3 -1  0  1 -2 -1 -2 -3  0  0    3  19   1   3   0   5   2   3   1   4  34   2   1   5   2   4   2   0   3   5  0.33 0.24
  111 S    2 -1  1  0 -1  0  1  0  1 -2 -2 -2 -1 -1 -2  2  1 -2 -2 -2   16   4   8   6   2   5   9   5   4   2   4   0   1   3   1  18  10   1   1   1  0.18 0.17
  112 I    1  0  0 -1 -2  1  0 -1  2  0  0 -1  1  0 -1  0  0  0  1  1   12   5   4   2   0   7   6   3   7   7   9   2   5   4   2   6   4   1   5  10  0.05 0.08
  113 A    3  2 -1 -2 -3  1 -1  0  1 -2 -3  0 -3 -1 -2  2  0 -1  1 -3   26  13   3   2   0   6   3   8   4   2   1   4   0   3   2  14   5   1   5   1  0.28 0.22
  114 R   -1  5  0 -1 -4  1  0 -2  2 -2 -1  0 -1 -1  0 -1 -3  1  1 -3    4  32   5   2   0   7   6   3   5   2   7   5   1   3   6   3   1   2   4   2  0.40 0.25
  115 M    0  0  1  0 -3  1  1 -1  1  0  0 -1  1 -1 -2  1  1 -1 -1 -1    7   6   9   3   0   6   9   4   4   5   8   3   5   3   1  12   8   1   2   3  0.07 0.09
  116 T   -1  2  2 -1 -3  2  0 -1  1 -2 -2  1 -1 -1 -2  1  1  2  1 -2    4  14  11   3   0   9   6   5   3   2   3   6   1   2   1  12   8   3   5   2  0.21 0.16
  117 S    0  0  2  1 -3  1 -1  2 -1 -4 -2 -1  0 -3  1  2  0 -4 -1 -3    9   5   9   7   0   7   2  20   1   0   3   3   2   1   7  16   4   0   3   1  0.25 0.19
  118 S   -1  0  1  1 -3  1  1  1  1 -1 -1  0  0  1 -1  0 -1  3 -1 -2    5   5   8   7   0   9  12   9   3   4   5   6   4   6   2   5   1   5   2   2  0.11 0.10
  119 A    1  0  1  1  0  0  0  0  0 -1  0 -1 -1 -1  1  1  0 -1 -1  0   16   5   8   8   2   4   4   5   2   3   8   3   1   2   5   9   4   1   2   9  0.05 0.06
  120 V    1  0  0 -1 -2  2  0 -1  0  1  0 -1  0  0  0  0  0  1  0  0   14   5   5   2   0  12   5   3   3  10   9   2   2   4   4   5   4   2   3   8  0.06 0.08
  121 T    0  0  0  0 -2  0  0  0  0  0 -2  0  0 -1  0  2  2 -3 -2 -1    8   4   4   5   0   3   6   6   2   6   3   7   2   2   4  19  15   0   0   3  0.13 0.12
  122 L   -1 -1 -1 -1 -2 -1 -1 -1 -1  2  2 -1  1  1  0  0  0 -2 -1  0    4   2   2   3   0   3   4   3   2  12  25   3   3   9   5   8   4   0   2   7  0.09 0.09
  123 S    0 -1  0  1 -2  0  1  1 -1 -1  0 -1  1 -1  1  1  1 -3 -1 -1    5   3   3  10   0   3   8  10   1   4  10   2   5   2   8  13   8   0   2   2  0.09 0.08
  124 S    1 -1  1  1 -2  0  1 -1  0 -2 -2  0 -2 -1  3  2  0  1 -2 -2   11   1   8   7   0   3  11   5   3   3   2   5   0   2  13  16   4   2   1   2  0.20 0.12
  125 D   -1 -2  0  2 -2 -1  0 -1 -1 -1  1 -1  0  0  0  1  0 -1 -1  0    4   1   4  16   0   2   6   4   1   2  18   3   2   5   5  13   7   1   1   5  0.09 0.08
  126 Y    1 -1 -1  2 -3  0  2 -2  0 -1 -2  0 -1 -1 -1  0 -1 -2  3  0   14   2   2  17   0   3  13   2   2   3   4   4   2   1   3   6   4   0  12   6  0.17 0.13
  127 W   -2 -1 -5 -6 -2 -4 -3 -4 -2 -5 -2 -4 -4  1 -6 -4  0 11  2 -4    4   3   0   0   1   1   2   1   1   0   3   1   0   4   0   1   6  64   5   1  2.60 0.72
  128 T   -1  0 -1  2 -3  1  2 -2  0  1 -1  1 -1 -3 -2  0  2 -4 -3  0    2   4   2  11   0   5  15   1   3   9   4  10   1   0   1   5  16   0   0   9  0.18 0.15
  129 L   -1  0 -1  1 -3  1  2 -1  0 -1  0  0  0  0  0  0  1 -3 -1  0    4   5   2  11   0   5  16   3   2   3  10   3   3   4   5   6  10   0   1   7  0.09 0.08
  130 D   -1 -1 -1  4 -4 -1  2 -2  1  1 -2 -1  1 -2  0 -1 -1 -4 -3  1    2   2   1  26   0   1  18   1   5   8   3   3   4   1   4   4   3   0   0  13  0.31 0.19
  131 E   -1  0  0  3 -4  2  4  0 -1 -1 -2 -1 -3 -4  0  0 -1  1 -2 -2    2   4   3  16   0   8  31   6   1   3   3   2   0   0   5   5   4   2   1   3  0.36 0.20
  132 V   -1 -2 -1 -3 -3 -1 -2 -2 -1  3  1 -1  2 -1 -4 -2 -1 -4 -1  4    2   1   4   1   0   4   2   3   1  23   9   4   5   1   0   1   3   0   2  35  0.38 0.20
  133 D    0  0  1  0 -1  0  0 -2 -1  0  1  0  0 -1  2  0  0 -1  0  0    5   6   9   6   1   3   8   1   1   5  18   4   1   1  12   8   4   1   3   4  0.09 0.07
  134 A    1 -3 -2 -2 -2 -1 -3  4 -2  1  0 -1  0 -2 -3 -1 -1  0 -3  2   13   0   0   1   0   2   0  34   1  11   6   4   2   1   0   2   1   1   0  19  0.32 0.16
  135 P   -4 -5 -1 -4 -5 -4 -4 -5 -5 -2 -5 -4 -5 -6  8 -4 -4 -6 -5 -5    0   0   4   0   0   0   0   0   0   3   0   0   0   0  92   0   0   0   0   0  2.70 0.60
  136 D   -2 -3  5  6 -5 -2 -1 -3  0 -5 -2 -2 -4 -3  0 -2 -3 -6 -2 -5    3   0  31  50   0   1   0   0   2   0   4   1   0   1   6   0   0   0   1   0  1.12 0.39
  137 V   -1 -4 -4 -5 -3 -4 -3 -5 -1  4  0 -4  1 -2  0 -2  0 -4  0  5    3   0   0   0   0   0   1   0   2  22   3   0   3   1   6   1   4   0   3  50  0.70 0.30
  138 T   -1  0  2  0 -3  0  2 -2 -1 -2 -3  1 -1 -3 -3  2  4 -4 -3 -2    2   4  10   3   0   3  15   1   1   2   1   8   1   1   0  13  37   0   0   1  0.47 0.25
  139 D   -3 -2  2  7 -5 -1  0 -3  2 -5 -6 -1 -5 -5 -4  1 -3 -6 -4 -5    0   1   8  68   0   1   3   0   6   0   0   3   0   0   0   9   0   0   0   0  1.36 0.42
  140 K   -3  5  0 -3 -4  0 -1 -3  1 -3 -2  5 -3 -2  0 -2 -2  0 -1 -2    0  32   3   0   0   2   0   0   3   1   2  41   0   1   4   1   1   1   2   2  0.74 0.29
  141 E    0 -1  0  2 -3  1  4 -1  2 -3 -2  0 -2 -3  0  0 -1 -4 -2 -2    6   1   3  14   0   5  36   3   7   1   2   5   1   0   4   5   3   0   1   3  0.39 0.18
  142 T   -1 -2  0 -2 -2 -2 -2 -3  1 -2 -2 -2  0 -3 -2  1  6 -3 -1 -1    2   0   4   0   0   0   0   1   3   0   1   0   2   0   0   7  72   0   2   2  0.88 0.31
  143 V   -2 -3 -4 -4 -2 -3 -4 -4 -4  3  3 -3  1 -1 -4 -3 -2 -3 -2  4    0   0   0   0   0   0   0   0   0  20  33   0   3   0   0   0   0   0   0  40  0.67 0.22
  144 L   -1 -1 -3 -3 -2 -1 -2 -3 -3  2  3 -2  1  0 -3 -2 -1 -3  0  2    4   3   0   0   0   2   1   2   0  13  46   2   1   2   0   2   2   0   3  16  0.35 0.15
  145 S    1 -2  3  0 -3  2  1 -1  0 -3 -2 -1 -1 -4 -2  3  2 -4 -3 -2   11   0  15   2   0  13   7   3   2   0   2   0   2   0   0  27  16   0   0   1  0.36 0.18
  146 L   -2 -3 -4 -5 -2 -3 -4 -4 -3  1  4 -3  3  3 -4 -3 -2 -2  1  0    0   0   0   0   0   0   0   0   0   4  60   0  10  19   0   0   0   0   3   4  0.65 0.19
  147 A    5 -1 -2 -3 -2 -2 -2  0 -3 -1 -1 -2 -2 -3 -2  1 -1 -4 -3  0   74   4   0   0   0   0   0   4   0   3   4   0   0   0   0   6   0   0   0   4  0.61 0.23
  148 K   -1  3  0 -1 -3  1  0 -3  1 -1 -1  3  0 -2 -2  0  0 -3  1 -1    2  17   3   2   0   4   4   0   5   5   5  33   3   0   0   3   3   0   5   3  0.26 0.13
  149 M    0 -2 -3 -4 -2 -2 -3 -3 -3  2  2 -2  6 -1 -3 -2 -1 -2 -2  1   10   0   0   0   0   0   0   0   0  13  12   0  55   0   0   0   0   0   0  10  0.44 0.12
  150 T    2 -2  1 -1  3 -1 -1 -1 -2 -1 -2 -1 -1 -3 -2  2  2 -3 -2  0   28   0  10   0   9   0   0   0   0   0   0   0   0   0   0  24  21   0   0   8  0.27 0.07
  151 S    2 -1  3 -2 -1 -1  0 -1 -1 -2 -3 -1 -3 -1 -3  3 -2  2  2 -3   21   3  18   0   1   1   5   4   1   2   2   2   0   2   0  25   0   3   9   0  0.43 0.32
  152 N   -3 -4  8  3 -6 -2 -2 -3 -2 -3 -5 -3 -5 -6 -5 -2 -3 -1 -4 -6    1   0  69  18   0   1   1   1   1   2   1   1   0   0   0   1   1   1   0   0  1.83 0.73
  153 A    6 -4 -4 -2 -1 -4 -4 -2 -5 -4 -5 -4 -4 -5 -2  2 -1 -6 -5 -1   73   0   0   2   1   0   0   1   0   0   0   0   0   0   2  13   4   0   0   3  1.31 0.62
  154 Y   -6 -6 -7 -8 -7 -6 -7 -8 -3 -6 -6 -6 -5  0 -8 -6 -6  2 10 -6    0   0   0   0   0   0   0   0   0   0   0   0   0   2   0   0   0   2  96   0  3.44 1.13
  155 I    0 -1 -1 -2 -2  1 -1 -3  1  1  1  0  0  1 -3 -1  1 -3  1  2    8   2   3   1   0   7   3   0   4  10  11   6   2   6   0   3  10   0   5  20  0.12 0.13
  156 M    0  0  1  0 -3  0  3 -1 -1 -2 -1  1 -1 -2  1  1 -1 -3 -2 -1    6   4   6   5   0   2  23   4   1   2   8  10   1   2   8  11   2   0   1   4  0.18 0.14
  157 I    0  0  0  1 -2 -1  0 -1 -1  1  0  0  0  0  1  0  0 -2  0  0    5   5   3  12   0   1   7   5   1   9  12   5   1   3   6   4   8   0   3  10  0.03 0.04
  158 P   -1  0  1 -1  0 -2  0 -3 -1 -4 -4 -2 -4 -5  6  0 -2 -5 -4 -2    5   4   8   4   2   1   6   2   1   0   1   2   0   0  50   8   1   0   0   3  1.09 0.45
  159 G   -1 -2  2  2 -4  0  0  3  0 -3 -2  1  0 -3 -3  1  0 -3 -1 -3    2   1  13  14   0   3   5  23   3   1   4  10   4   1   0   9   4   0   2   1  0.31 0.21
  160 S   -1  0  1  3 -3  0  1 -1 -1 -3 -3  0 -1 -2  0  2  2 -4 -3 -3    4   4   5  21   0   4   8   5   1   1   2   6   1   1   4  17  15   0   0   0  0.33 0.23
  161 G    0 -1 -1  2 -3 -1  0  3 -2 -2 -3  1 -3 -3  3  0  0 -4 -2 -2    7   2   2  11   0   2   5  24   0   2   1  11   0   0  14   7   6   0   2   3  0.32 0.19
  162 E   -1 -1  1  4 -4  0  2  2 -2 -2 -2 -1 -3 -3 -3 -1 -1 -4 -1 -3    4   2   7  31   0   4  14  15   0   3   3   3   0   0   1   4   3   0   2   1  0.45 0.24
  163 W   -5 -5 -5 -6 -5 -2 -5 -5 -5 -5 -3 -5 -4 -2 -2 -5 -5 12 -2 -5    1   1   0   1   0   2   1   1   0   1   3   1   0   1   3   1   1  82   0   1  3.78 1.03
  164 F   -2  0 -1 -3 -3  0  1 -4  0  1  0 -1  0  0 -3 -2 -1  1  6  0    2   5   2   1   0   4  11   1   2  10  11   3   2   2   1   2   4   2  31   6  0.43 0.26
  165 D   -3 -3  3  6 -4 -1  2 -3 -1 -3 -4 -2 -4 -4  1 -1 -1 -5 -1 -4    1   1  12  48   0   1  11   1   1   2   1   2   0   0   8   2   4   0   2   1  0.95 0.41
  166 V   -2 -3 -3 -2 -3 -3 -3 -2 -3  3  3 -3  0 -2 -2 -2 -1 -2 -3  3    2   1   1   2   0   1   1   4   0  15  34   1   2   1   2   2   3   1   0  27  0.48 0.25
  167 V   -1 -1  0  2 -3 -2  0  4  0 -2 -3 -1 -1 -2  0  0  1 -3 -3 -2    3   3   3  15   0   1   7  32   3   2   2   3   1   2   4   7  10   0   1   2  0.35 0.19
  168 P   -1 -1  0  3 -3  0  1  2 -1 -3 -2  0 -2 -3  2  0  0 -3 -3 -2    4   2   3  18   0   4  10  21   1   1   3   7   0   1  11   6   4   0   1   3  0.31 0.17
  169 P   -1  0  2  0 -3 -1 -1  2  1 -2 -2  0 -1 -2  3 -1 -1 -3  0 -2    4   6  14   5   0   2   3  21   3   2   3   6   1   1  14   4   2   0   4   3  0.25 0.15
  170 F   -4 -4 -2 -2 -4 -4 -4 -2 -3 -1  0 -4 -3  4 -1 -4 -4 10  3 -3    1   1   2   3   0   1   1   3   0   3   7   1   0  17   3   1   1  46   9   1  1.78 0.56
  171 N   -2 -1  5  3 -3  0  0 -1  0 -3 -3  0 -3 -2 -2 -1  2 -4 -1 -2    2   2  35  15   0   4   4   3   2   1   2   6   0   1   2   3  12   0   2   2  0.57 0.30
  172 H   -1  0  1 -1 -2  0  0 -2  2  0  0  0 -1 -2  0  0  1  0  1  1    4   6   8   2   0   5   7   1   8   6   7   4   1   0   4   7   8   2   5  14  0.07 0.09
  173 S   -1  0  1  1 -3  0 -1 -2  0  0 -1  0 -2 -3 -1  3  2 -3  0 -1    2   5   8   8   0   4   2   2   2   6   4   3   0   0   3  27  15   0   4   4  0.21 0.19
  174 D   -1 -1  0  2 -2  1  1 -1  2  0 -1  0  0  1 -2  0  0 -2  2  0    5   2   4  12   0   6   9   3   6   6   5   4   2   6   0   6   7   0   9   8  0.08 0.09
  175 S   -2  1  0  3 -3 -2  0  2 -1 -2 -4  0 -3 -1  3  2 -1 -4 -3 -3    0   8   3  21   0   0   4  16   2   3   1   6   0   3  13  16   3   0   0   0  0.37 0.23
  176 F   -3 -4 -4 -1 -4 -4 -4 -4 -3  2  1 -4 -2  6 -4 -4 -3  6  3 -1    1   0   0   5   0   0   1   1   0  13  10   0   0  41   0   1   0  11  11   4  0.99 0.39
  177 G   -1 -1 -2 -1 -4 -3  0  6 -3 -4 -4 -1 -4 -4 -4  0 -3  1 -4 -1    3   4   0   3   0   0   6  61   0   0   1   4   0   0   0   9   0   2   0   5  0.96 0.41
  178 W   -2 -4 -5 -5 -5 -4 -4 -2 -1 -2 -2  0 -4  1  2 -3 -4 11  1 -4    3   0   0   0   0   0   0   4   2   3   3   6   0   6   9   2   0  55   4   0  2.05 0.66
  179 D   -2 -1  2  5 -4  1  3 -2 -2 -2 -3 -1 -2 -3 -3  0 -1 -4 -2 -3    3   2   9  37   0   5  24   2   0   2   2   3   1   1   0   6   2   0   1   1  0.66 0.29
  180 S    0 -1  1  2 -2  0  2  1 -2 -3 -3  0 -3 -3 -2  2  1 -4 -2 -3    9   2   7  15   1   4  18  10   0   0   1   7   0   1   1  15   9   0   1   1  0.30 0.17
  181 D   -2 -2  3  6 -4 -1  1 -2 -2 -3 -5 -1 -4 -5 -2  1  0 -5 -4 -3    1   1  12  54   0   2   5   2   1   1   0   3   0   0   2   9   4   0   0   1  0.94 0.36
  182 G    0 -2 -2 -3 -4 -4 -4  6 -4 -5 -5 -3 -4 -3 -4  0 -2 -5 -5 -4    5   2   1   0   0   0   0  78   0   0   0   0   0   1   0   8   1   0   0   1  1.50 0.48
  183 L   -3 -4 -4 -4 -3 -4 -4 -5 -4  3  3 -4  2  4 -4 -3 -2 -2 -1  2    0   0   0   0   0   0   0   0   0  21  37   0   4  22   0   0   1   0   0  12  0.67 0.26
  184 R   -3  7 -3 -4 -5 -1 -2 -4 -1 -5 -4  2 -1 -5 -4 -3 -3 -5 -4 -4    1  83   0   0   0   0   0   0   1   0   1   9   1   0   0   0   0   0   0   0  1.78 0.53
  185 G    0 -4 -3 -3  0 -4 -3  6 -4 -5 -5 -3 -4 -5 -4 -1 -3 -4 -5 -2    8   0   0   0   3   0   1  79   0   0   0   0   0   0   0   3   0   0   0   4  1.46 0.43
  186 H   -4 -2 -2 -4 -5  2 -2 -4  9 -1 -4  0 -3 -1 -4 -3 -4 -3  5 -3    0   0   1   0   0   8   0   0  56   4   0   6   0   1   0   0   0   0  20   2  1.58 0.49
  187 I   -1 -4 -4 -4 -2 -3 -4 -4 -4  4  1 -3 -1 -1 -3 -3 -1 -3 -2  5    2   1   0   1   0   0   1   1   0  22   9   1   0   2   1   1   1   0   0  56  0.79 0.30
  188 Y   -4 -3 -4 -5 -4 -4 -4 -5 -3 -3 -2 -4 -3  8 -5 -4 -4  3  4 -3    1   2   0   0   0   0   1   1   0   0   1   1   0  71   0   1   1   4  15   1  1.86 0.54
  189 S    3 -2 -2 -2 -2 -1 -1  0 -2  0  0 -1  0 -2 -2  1  1 -3 -2  2   28   2   0   2   0   1   3   8   0   3   7   2   3   0   0  11  12   0   1  17  0.20 0.16
  190 D   -1 -1  4  4 -3 -2 -1 -2 -1 -4 -4 -2 -3 -4 -3  3  2 -4 -2 -3    3   2  24  23   0   0   2   1   1   0   1   1   0   0   0  27  12   0   1   1  0.63 0.30
  191 N    0  0  0  2 -3  0  2 -1  0 -2 -3  1 -2 -3  3  0  0 -3 -2 -2    6   3   3  16   0   4  20   5   3   3   2   7   1   1  14   6   5   0   1   1  0.30 0.15
  192 T   -1 -1  1  5 -3  0  1 -1 -1 -2 -3  0 -2 -4 -2  0  1 -2 -2 -2    5   2   7  39   0   3   8   4   1   1   1   4   1   0   1   5  12   1   1   3  0.49 0.23
  193 N   -2  0  5  1 -4  0  2 -1 -1 -4 -3  1 -3 -4 -1 -1  0 -4 -3 -3    2   5  43   5   0   2  16   3   1   0   2   9   0   0   3   1   6   0   0   0  0.64 0.28
  194 S    0  0  2  1 -3  0  0 -2  0 -3 -3  2 -2 -3 -1  3  1 -3 -3 -3    4   5  11   8   0   1   5   1   1   1   1  13   1   1   1  34   9   0   0   1  0.35 0.19
  195 T   -1 -2 -2 -3 -2 -1 -2 -3 -2  2  1 -2 -1 -1 -2  0  4 -3 -2  2    3   1   1   1   0   2   2   1   1  13  13   2   0   1   1   5  40   0   0  14  0.39 0.22
  196 I    0 -3 -2 -3 -2 -3 -3 -2 -3  3  1 -3  1  1 -3 -3 -1 -3 -1  4    6   0   2   1   0   0   0   2   0  16  13   0   4   6   0   0   2   0   1  45  0.48 0.23
  197 V   -2 -4 -4 -5 -3 -4 -4 -5 -5  4  0 -4  0 -2 -4 -3 -1 -4 -3  5    2   0   0   0   0   0   0   0   0  29   6   0   1   0   0   0   3   0   0  56  0.97 0.36
  198 V   -3 -4 -4 -4 -3 -4 -4 -4 -4  5  2 -4  3  2 -4 -3 -2  1 -2  2    0   0   0   0   0   0   0   0   0  45  14   0   7  10   0   0   0   2   0  16  0.72 0.28
  199 V    3 -2 -2 -2 -2 -2 -2  1 -2 -2 -2 -2 -2  0 -2  3  0 -3  0  1   27   1   0   1   0   0   1   8   0   1   1   1   0   5   1  35   3   0   4  12  0.38 0.23
  200 L   -2 -3 -4 -4 -3 -3 -4 -4 -3  5  2 -3  0  4 -3 -1 -2 -2  0  1    1   1   0   1   0   0   1   1   0  43  15   1   1  22   1   5   1   0   3   5  0.63 0.26
  201 K   -3  0 -2 -1 -4  0  0 -3 -2 -4 -4  6 -3  0 -3 -2 -1 -4 -3 -4    1   2   0   4   0   3   5   1   0   1   1  73   0   5   1   1   3   0   0   1  1.10 0.40
  202 G    0 -3 -2  0 -4 -3 -3  6 -3 -4 -4 -3 -4 -4 -3  0 -1 -4 -4 -4    5   1   0   5   0   0   1  76   0   1   1   1   0   0   1   5   3   0   0   1  1.31 0.38
  203 T    0 -3  2 -2 -3 -2 -2 -1 -3 -3 -3 -2 -3 -4 -1  0  6 -4 -3 -2    6   1   8   1   0   0   1   3   0   1   1   1   0   0   3   5  67   0   0   1  0.99 0.39
  204 S    0 -2  0 -1  2 -2 -1 -2 -3 -3 -3 -2 -3 -3 -2  5  3 -4 -3 -1    3   2   2   2   5   0   2   1   0   1   2   1   0   0   1  56  18   0   0   4  0.71 0.33
  205 A    2 -2 -2 -2 -2 -2 -2  1 -2  0  1 -2  0 -1  2  0  1 -3 -1  1   20   2   1   1   0   0   1   9   0   4  17   1   1   3  13   7   8   0   1  10  0.17 0.11
  206 A    2 -1  0 -1 -2  0 -1  1 -1  0 -1 -1 -1 -1  1  1  0  0  0  0   21   1   6   2   0   4   2  14   1   4   4   2   1   2   6  10   3   1   5  11  0.10 0.08
  207 I   -1 -2 -2 -3 -2 -1 -2 -1  0  2  2 -2  1  2  0 -2 -1  4  0  2    2   2   1   1   0   3   2   6   4  14  19   1   3  10   5   2   3   6   2  16  0.15 0.10
  208 F   -2 -2 -2 -3 -2 -3 -3 -1 -2  1  2 -3  0  4 -1 -2 -1  4  0  1    2   2   2   1   0   1   1   5   0   8  18   1   1  27   3   2   4   7   1  13  0.35 0.17
  209 D   -1 -2  0  3 -3 -1  0  3 -1 -1 -2 -1  0 -2  0  0  0 -3 -2 -1    2   2   3  23   0   1   4  27   1   3   3   2   2   1   5   9   6   0   2   3  0.32 0.17
  210 G   -1 -1 -1  0 -3 -2 -2  5 -3 -2 -3 -1 -3 -3  0  1 -1 -3 -1 -1    3   2   2   5   0   1   1  51   0   2   2   2   0   1   4   9   4   0   3   5  0.60 0.26
  211 G    0 -1  1  2 -3 -1 -1  4 -1 -3 -3  0 -3 -4  0  0 -1 -1 -3 -3    6   2   5  11   0   3   4  43   1   1   3   6   0   0   4   5   3   1   0   2  0.50 0.22
  212 G   -1 -1  0  1 -3 -1  1  2  0 -3 -3  1 -3 -4  4  1 -1 -4 -3 -1    3   2   2  10   0   0  10  21   3   1   1   8   0   0  21  11   3   0   0   4  0.42 0.20
  213 T   -2 -3 -1 -3 -3 -2 -3 -2 -1 -2 -3 -2 -3 -2 -3  1  7  1 -3 -3    1   1   2   1   0   2   1   3   2   2   1   1   0   2   1   9  71   2   0   1  1.21 0.51
  214 T    1 -1 -1 -1 -2 -1 -1  1  0 -1 -2 -2 -1 -3  0  3  2 -1 -1  0   11   3   1   3   0   2   1   9   2   4   1   1   1   0   4  30  13   1   2   8  0.24 0.19
  215 T    0  1  1  1 -3  1  1  0  1 -2 -2  2 -1 -2  0  0  1 -1 -1 -1   11   8   5   7   0   5   7   8   4   1   2  13   1   1   4   5  12   1   2   4  0.13 0.09
  216 N   -1  2  4 -1 -3  0 -1 -2  0 -3 -2  4 -2 -1 -3  0 -1 -3 -3 -3    6   9  29   1   0   2   1   2   2   1   4  27   1   3   1   6   2   0   0   1  0.50 0.26
  217 D   -4 -4  0  8 -5 -3 -2 -4 -3 -5 -5 -3 -5 -5 -4 -3 -3 -5 -5 -5    1   1   3  86   0   1   1   1   0   1   1   1   0   0   1   1   1   0   0   1  2.10 0.64
  218 K   -3  3 -3 -3 -5 -1 -2 -4 -1 -3 -3  7 -3 -4 -3 -2 -3 -4 -4 -3    1  15   0   1   0   1   1   1   1   1   2  70   0   0   1   2   1   0   0   1  1.38 0.51
  219 V   -2 -2 -3 -2 -3 -2 -1 -4 -2  3  3 -2  1  3 -3 -2 -1 -2  2  1    1   1   0   3   0   1   5   1   0  17  32   2   2  12   1   2   3   0   9   6  0.35 0.19
  220 N   -1 -1  1 -2 -2  1 -1 -2 -1  1  1  1  2  1 -2 -1  1 -2 -1  1    1   1  10   1   0  10   1   1   0  11  11  11  10  10   1   1  11   0   0  11  0.09 0.09
  221 D   -1 -2  1  6 -3 -1  1  0 -2 -3 -3 -2 -3 -4 -2 -1  0 -4 -3 -1    6   0   4  62   0   0   6   6   0   0   1   0   0   0   0   1   4   0   0   7  0.80 0.26
  222 N   -2  1  6  0 -3 -1 -1 -2 -1 -1 -3  1 -2 -3 -2  1  0 -4 -3 -3    1   7  59   1   0   1   1   1   0   4   1   9   0   0   1   8   5   0   0   1  0.73 0.26
  223 L    0  1 -1 -2 -2  1 -1  0 -2  1  0  0  2  1 -2  0  1 -2 -1  0    8   8   0   0   0   8   0   8   0   8   8   8   8   8   0   8   8   0   0   8  0.05 0.09
  224 F    0 -3 -3 -3 -2 -2 -3 -3 -2  1  3 -3  4  2  1 -2 -2 -2  2  1    7   0   0   0   0   0   1   1   0   8  36   0  17   8   6   1   1   0   7   6  0.37 0.20
  225 F   -1 -3 -3  1  0 -3 -3 -1 -1  0 -2 -3 -2  7  0 -3 -3 -1  2 -2    6   0   0   9   2   0   1   6   1   4   1   1   0  57   4   1   1   0   5   1  0.85 0.33
  226 S    0  0  0 -2 -2 -2 -2  0 -2 -1 -3 -1 -3 -3 -2  5  0  3 -3 -3    4   5   2   1   0   0   1   5   0   3   2   2   0   0   1  65   2   4   0   1  0.72 0.34
  227 C   -2 -1 -3 -3  9 -3 -3 -1 -3  1  1 -3 -2 -3 -3  0 -2 -3 -3 -2    1   5   1   1  54   1   1   5   0   8  13   1   0   1   1   6   1   0   0   1  1.19 0.35
  228 C   -2 -3 -3 -4 10 -3 -4 -3 -3 -2  1 -3 -2 -3 -3 -1 -2 -3  1 -2    1   1   1   1  64   1   1   1   0   1  13   1   0   1   1   5   1   0   5   1  1.66 0.43
  229 C   -2 -2 -3 -3  9  0 -3 -3 -3 -2 -1  1 -2 -1  0 -1  0 -3 -1 -2    1   1   1   1  52   6   1   1   0   1   6  10   0   2   4   4   5   0   2   1  1.11 0.34
  230 A    3  1  0 -2  1 -1 -1  3 -2 -2 -2 -1 -2 -2 -2  0  0 -2  0 -2   33  10   3   1   4   1   4  22   0   1   4   1   0   1   1   2   5   0   4   1  0.26 0.14
  231 Q    0  2  0 -1 -3  4  0  0  1 -2 -2  2 -2 -2  1 -1 -1 -1 -1 -2    7  16   2   2   0  25   4   6   4   2   2  12   0   2   7   2   2   1   2   2  0.28 0.14
  232 G    0  0  1 -2 -2  1  0  0  2  0  0 -1 -1  1  1  0 -1 -2  1  0    7   7   7   0   0   7   7   7   7   7   7   0   0   7   7   7   0   0   7   7  0.06 0.10
  233 G    0 -2  2  3 -3 -2 -1  3 -2 -3 -2 -1 -3 -3  1  2 -1  1  0 -3    6   0  10  20   0   0   0  22   0   0   5   3   0   0   6  19   3   2   3   0  0.37 0.27
  234 H    0  2  0  0 -2  1 -1  0  2 -2 -2  0 -2  0  2  1  0  2  0 -2    5  13   5   4   0   7   1   7   7   1   2   4   1   6  13  11   5   3   3   1  0.18 0.12
  235 Y    0  0  1 -2 -3 -2 -2 -1 -2 -1 -1 -2  0  2  1 -1 -1  7  3 -1    7   5   8   1   0   1   1   5   0   4   4   1   2   8   9   4   4  18  14   3  0.43 0.23
  236 F    0  0 -2 -2  1 -1  0 -1 -1  0  1 -1  1  1  0  0  2  3  1  0    5   4   1   1   3   2   5   3   1   5  13   2   4   7   4   9  16   5   4   7  0.08 0.10
  237 W   -2 -4 -4 -5  0  0 -2 -2 -4 -2 -1 -3  2  0 -5 -3 -4 11  2 -4    3   1   0   1   2   4   3   3   0   3   6   2   5   4   1   2   1  54   6   1  1.98 0.73
  238 R   -1  3  1 -1 -3  2 -1 -1  1 -2 -2  2 -2 -2 -1  1  1  0 -1 -3    2  22   5   3   0  10   1   3   4   1   3  15   0   2   2  11  10   1   2   1  0.31 0.24
  239 Q    0 -1 -2 -3 -3  2 -1  0  0 -3 -1  1 -2 -1  4 -1  3 -4 -3 -2    6   3   1   1   0   9   3   9   2   1   7   9   0   3  22   2  21   0   0   1  0.41 0.26
  240 V   -2 -4 -1 -4 -3 -2 -4 -4 -4  1 -2 -3 -1 -3  1 -1 -1 -4  1  6    2   1   3   1   0   2   1   1   0   5   1   1   1   0   9   5   3   0   5  60  0.86 0.43
  241 C   -1 -5 -5 -5 11 -5 -5  0 -5 -4 -4 -5 -4 -5 -5 -1 -4 -5 -5 -4    5   0   0   1  76   0   1   7   0   0   1   1   0   0   0   4   1   0   0   1  2.79 0.86
  242 D   -3 -3  2  6 -4 -1 -1  2 -1 -5 -5 -2 -4 -5  0  1  0 -5 -4 -4    1   0   9  45   0   3   3  16   2   0   1   2   0   0   4   9   5   0   0   0  0.85 0.41
  243 C   -4 -5 -5 -5 11 -5 -5 -5 -5 -1 -2 -5 -4 -5 -5 -4 -4  3 -5  0    1   0   0   1  76   0   1   1   0   4   4   1   0   0   1   1   1   3   0   5  2.81 0.86
  244 Y    0  0  0 -2 -2  1  0 -3  1  1 -2  0  1  2 -1 -1 -2 -2  5 -2    9   5   5   1   1   6   5   1   4   8   2   7   3  10   2   4   1   0  24   2  0.30 0.22
  245 S    0  0  0  0 -3  1  0  0  0 -1 -1  0  1 -1 -1  1  2 -3 -2  0    6   6   4   5   0   6   7   6   2   4   3   5   4   2   3  15  15   0   0   7  0.10 0.14
  246 S   -1 -1  1  1 -4 -2 -1  3  0 -2 -4  1 -3 -4 -1  2 -1  1 -1 -2    4   3   7   7   0   0   4  29   3   2   0   8   0   0   3  18   4   2   3   3  0.37 0.31
  247 T    0  0  2 -1 -3  0 -1  2  0 -2 -2  0 -2 -1  0  1  1  1  1 -2    8   5  11   3   0   4   3  14   2   2   5   4   0   2   4  15   8   2   5   2  0.13 0.16
  248 Y   -2 -1  3  0  0  0 -3  0  1 -3 -3 -1 -1  2 -4 -1 -1  4  5 -3    2   4  17   5   2   3   1   7   3   1   2   4   2   7   1   5   3   6  27   1  0.56 0.34
  249 T    0  2 -1 -1 -3  2 -1 -3 -1 -1 -2  2 -1 -3 -3  1  3 -4 -3  1    7  10   3   3   0   9   2   1   1   4   2  14   1   0   1   8  25   0   0   9  0.31 0.26
  250 C    0 -5 -5 -5 11 -5 -5 -1 -5 -2 -4 -5 -4 -5 -5 -2 -4 -5 -2 -4    7   1   1   1  74   0   1   5   0   3   1   1   0   0   1   3   1   0   2   1  2.75 0.90
  251 N   -3  0  5  4  1 -1  0 -2 -3 -2 -3  0 -4 -4 -3  1 -2 -5 -4 -1    1   5  29  26   3   1   6   3   0   3   2   4   0   0   0   9   1   0   0   5  0.67 0.38
  252 T   -1 -1  2  0 -3  4  1 -2 -2 -2  0  0  2 -3 -2  2 -1 -1 -2 -1    4   2  10   4   0  20   8   3   0   1  10   6   6   0   1  16   3   1   1   3  0.25 0.24
  253 A   -1  0  2  1 -3  2  0 -1 -1 -1 -3  1 -1 -2 -2  1  3 -4 -3 -1    5   4   8   7   0   8   6   3   2   3   1   7   2   1   2  11  25   0   0   3  0.26 0.23
  254 C   -2 -5 -2 -5 11 -5 -5 -5 -5 -4 -3 -5 -4 -5 -5 -4  0 -5 -5 -1    4   0   3   0  75   0   1   1   0   0   3   1   0   0   0   1   6   0   0   4  2.79 0.91
  255 V   -2 -4 -4 -4 -3 -4 -2 -5 -4  2  4 -4 -1 -2 -4 -2 -3  3  1  3    3   0   0   0   0   0   3   1   0  10  48   1   0   0   0   3   1   4   6  20  0.72 0.38
  256 R   -2  1  0  0 -2  1  3 -2  1 -2 -2  2 -1 -3 -3  0  0 -4 -1  0    2   9   4   3   1   7  26   3   3   2   2  14   1   0   0   5   7   0   2   8  0.29 0.23
  257 K   -1  1  1  3 -4  2  2 -2 -1 -3 -3  3  0 -4 -3  0 -1  0 -3 -2    4   8   8  15   0   9  15   2   1   0   1  18   3   0   0   5   4   2   0   3  0.37 0.25
  258 A    2 -2  1  0 -1 -1  3 -2 -1 -2 -1  0 -3 -3 -3  2  0  0 -2 -1   18   1   7   6   1   2  19   1   1   1   6   5   0   0   0  19   5   2   1   3  0.27 0.24
  259 L   -1 -2 -3 -4 -1 -1 -3 -4 -3  2  4  0  1 -1 -3 -1 -1 -3  0  1    5   2   0   0   1   2   0   1   0  11  40   6   4   2   0   6   3   0   4  10  0.38 0.25
  260 R   -1  2  2  0 -2  0 -1 -2  1  0  0  1  1 -1 -3  0  0  0  0  0    3  12  12   6   1   4   2   1   5   7  11  11   3   2   0   5   4   2   3   6  0.09 0.11
  261 Q    0  1  1  2 -3  1  1 -1  1 -2 -2  2 -2  0 -2  0 -1 -3  0 -1    6   9   7  13   0   8  11   4   3   2   2  13   0   4   0   7   3   0   3   4  0.19 0.15
  262 E    0  0  1  0 -3  1  0  0  2 -1 -1  0 -1  0  1  0  0 -2  1 -2    6   6   6   6   0   6   6   6   6   6   6   6   0   6   6   6   6   0   6   0  0.06 0.09
  263 N   -1  0  3  3 -3 -1  2 -1  0 -2 -2  0 -3 -4 -1  2  0 -4 -3 -2    2   3  13  22   0   0  14   4   2   2   4   5   0   0   3  18   4   0   0   3  0.36 0.23
  264 R   -1  3  1 -2 -3 -2 -2 -2  1 -1  1  0  0  0 -3  2 -1 -3 -2  0    2  19   9   0   0   0   1   3   3   2  20   4   2   4   0  21   3   0   0   8  0.23 0.22
  265 Y   -4 -4 -4 -2 -5 -4 -4 -5  1 -4 -4 -4 -4  3 -5  0 -4 -2  9 -4    1   0   0   2   0   0   0   1   2   0   1   0   0  12   0   7   0   0  70   0  2.11 0.74
  266 Y   -2 -4 -4 -5 -4 -1 -4 -5  0  1 -1 -4 -3  3 -5 -4 -2 -2  8 -3    4   0   0   0   0   3   1   1   2   8   7   0   0  10   0   1   2   0  62   1  1.61 0.61
  267 R   -1  2  1  1 -3  0  0 -1  2 -2 -2  0 -1  0  2  0  0  1  1 -2    5  13   8   8   0   4   7   4   6   1   2   3   1   4  10   9   6   2   5   2  0.15 0.12
  268 A    3 -2 -1  0 -2 -1 -1 -2  0  2 -1  0  0 -2 -1  0  0 -3  0  1   30   1   3   4   0   3   2   2   3  13   5   4   2   1   3   6   5   0   3  10  0.15 0.16
  269 A    4 -3 -3 -3 -3 -1 -1  3 -3 -1  0 -3 -2 -3 -3  0  0 -4 -3 -1   42   0   0   0   0   3   3  20   0   3   8   1   0   0   0   7   6   0   0   5  0.50 0.30
  270 L   -1  0 -1 -3 -3  1 -1 -3 -3  1  3  0  3 -2 -3 -1  1 -3 -2  1    5   6   3   0   0   7   4   0   0   9  30   6   8   0   0   4   9   0   0   8  0.22 0.19
  271 N   -1  1  3  3 -4  2  2 -2  1 -2 -3  2 -1 -4 -1 -1  0 -4 -2 -2    6   6  17  16   0   8  12   2   3   2   2  12   1   0   2   3   5   0   1   2  0.33 0.21
  272 L   -3 -4 -4 -5 -3 -4 -4 -5 -4  5  3 -4  2  1 -4 -1 -3 -4 -3  2    1   0   0   0   0   0   1   1   0  38  29   0   5   4   0   4   0   0   0  13  0.85 0.37
  273 Y   -2 -4 -5 -5 -4 -4 -4 -5 -3  1  0 -4  2  4 -5 -4 -2  2  7  2    3   0   0   0   0   0   0   1   0   7   7   0   4  15   0   1   2   2  38  17  1.05 0.49
  274 S   -1  1  2  1 -3  1  1 -2  2 -1 -1  1  1 -1 -3  0  0  3  0 -1    2   7  10  10   0   5  10   2   6   4   5   9   4   3   0   6   4   6   3   4  0.15 0.13
  275 N    0 -1  4  2 -4  0  2 -2  2 -3 -2 -1 -3 -2 -3 -1  1  0  0 -2    9   3  23  13   0   4  13   2   5   0   4   3   0   2   0   3   8   1   3   2  0.34 0.25
  276 I    0 -4 -4 -5 -3 -4 -4 -5 -4  3  1 -2  1  0 -4 -3  0 -4 -3  5    6   0   0   0   0   0   0   1   0  18  11   3   2   4   0   1   5   0   0  46  0.78 0.40
  277 T    0  1 -1 -3 -3  2 -1 -3  0  0 -1  1  1 -3 -1  1  3  0  1 -1    6   7   2   0   0  13   2   1   2   5   7   8   4   0   2  11  21   1   5   4  0.21 0.22
  278 A    0  0  0  0 -2  1  0  0  2  0  0  0  1  0 -2  0  0 -2  1  0    6   6   6   6   0   6   6   6   6   6   6   6   6   6   0   6   6   0   6   6  0.04 0.07
  279 M   -1  1 -1 -2 -3  0 -1 -3 -1  2  1  0  4 -1 -3  1 -1  1 -2  0    2   7   3   1   0   5   3   0   1  17  16   7  15   1   0  13   2   3   0   4  0.17 0.15
  280 Y   -4 -4 -2 -5 -5 -4 -3 -5  1 -1 -3 -4 -3  3 -5 -4  1 -1  8 -3    0   0   1   0   0   0   2   0   3   5   0   0   0   8   0   0  10   0  71   0  1.78 0.53
  281 P   -4 -2 -2 -1 -6 -3 -2 -5  2 -5 -5  0 -1 -6  8 -3 -4 -6 -5 -5    0   2   1   3   0   0   2   0   6   0   0   5   2   0  79   0   0   0   0   0  2.17 0.56
  282 Q   -1 -1  3  3 -4  0  1  0  2 -4 -3  0 -1 -3 -3  1  2 -4 -2 -3    2   3  17  21   0   2   7   7   6   0   2   7   1   1   0   8  17   0   1   0  0.37 0.18
  283 S    4 -1 -1 -3 -3  2 -1 -1  0 -4 -4 -1  0 -4 -3  3  0  1 -1 -3   38   2   2   0   0  13   1   2   2   0   0   3   2   0   0  25   5   2   2   0  0.52 0.27
  284 N   -2 -1  4  2 -4  1  1 -2  0 -1 -3  0 -3 -2  2  0  1 -4  0 -2    1   2  26  10   0   5   7   1   2   4   0   5   0   1  12   5  12   0   3   1  0.38 0.19
  285 I   -3 -4 -4 -5 -3 -4 -4 -5 -5  5  1 -4 -1  0  0  1 -2  1 -3  3    0   0   0   0   0   0   0   0   0  50   8   0   0   3   4  12   0   2   0  19  0.80 0.31
  286 W   -2 -5 -3 -6 -5 -5 -5  1 -5  1 -2 -5  0 -1 -6 -3 -2 11  0 -1    2   0   1   0   0   0   0  12   0   8   3   0   2   2   0   1   2  58   2   5  2.12 0.53
  287 V    0 -2 -3 -3 -2 -2 -3 -3 -3  2  3 -2  2  1 -3 -1  0 -2 -1  1    9   0   0   0   0   0   0   0   0  10  47   0   7   6   0   4   6   0   0  10  0.28 0.07
  288 T    0 -2 -2 -2 -2 -2 -2 -2 -3  1 -1 -2  1 -2  4  1  3 -3 -2  1    7   0   0   0   0   0   0   0   0  12   0   0   6   0  21   7  35   0   0  12  0.40 0.09
  289 G    0 -2 -1 -1 -2 -2 -2  6 -2 -3 -3 -2 -2 -3 -2 -1 -2 -2 -3 -3    2   1   1   1   0   1   1  80   0   1   2   1   0   1   1   2   1   0   1   1  0.95 0.11
  290 H   -2  0  0  2 -3  0  0 -2  8 -3 -3 -1 -2 -1 -2 -1 -2 -2  2 -3    1   5   0  16   0   0   1   1  64   1   1   1   0   0   1   1   1   0   5   1  0.77 0.11
  291 S    0 -1  0 -1 -2  0 -1 -1 -1 -2 -1  1 -1 -3 -1  4  2 -3 -2 -2    0   0   0   0   0   0   0   0   0   0   5  13   0   0   0  70  12   0   0   0  0.43 0.10
  292 L   -2 -2 -3 -4  3 -2 -3 -4 -3  1  4 -3  4  1 -3 -2 -1 -2 -1  1    0   0   0   0   8   0   0   0   0   0  61   0  20   3   0   0   3   0   0   3  0.42 0.08
  293 G   -1 -2  3 -1 -3 -1 -2  5  3 -4 -4 -1 -3 -3 -3 -1 -2 -3 -2 -4    0   0  22   0   0   0   0  63  15   0   0   0   0   0   0   0   0   0   0   0  0.78 0.10
  294 G    1 -2 -1 -2 -2 -2 -2  5 -2 -1 -2 -2 -2 -2 -2 -1 -1 -2 -2  0    8   1   1   1   0   1   1  66   0   1   1   1   0   1   1   1   1   0   0  14  0.59 0.06
  295 A    2 -1 -1 -1 -1 -1 -1  0 -1  0 -1 -1 -1 -2 -1  3  1 -2 -2  1   25   1   1   1   0   1   1   5   0   3   4   1   0   1   1  37   4   0   0  13  0.18 0.04
  296 V   -2 -3 -3 -4 -2 -3 -3 -4 -3  3  4 -3  2 -1 -3 -3 -1 -3 -2  2    1   0   0   1   0   0   1   1   0  19  53   1   3   0   1   1   3   0   0  16  0.55 0.17
  297 S    4 -3 -2 -3 -2 -2 -2 -1 -3 -3 -3 -2 -3 -4  3  3  0 -4 -3 -2   54   0   0   0   0   0   0   2   0   0   0   0   0   0  15  24   3   0   0   2  0.74 0.25
  298 S    2 -3 -1 -2 -3 -2 -2  0 -3 -4 -4 -2 -3 -4 -3  5  1 -4 -3 -3   18   0   0   0   0   0   0   4   0   0   0   0   0   0   0  71   7   0   0   0  0.94 0.32
  299 L   -3 -4 -5 -5  3 -4 -5 -5 -5  1  5 -4  2  0 -5  0 -1 -4 -3 -1    0   0   0   0   7   0   0   0   0   7  65   0   5   2   0  10   3   0   0   0  0.92 0.38
  300 L    0 -4 -4 -4 -3 -3 -4 -4 -4  3  3 -4  2  1 -4 -1 -1 -3 -2  2   10   0   0   0   0   0   0   0   0  17  32   0   6   7   0   6   2   0   0  19  0.49 0.24
  301 G    2 -4 -3 -4 -4 -4 -4  5 -4 -4 -1 -3 -4 -5  1  1 -3 -5 -5 -4   22   0   0   0   0   0   0  55   0   0   7   0   0   0   7   9   0   0   0   0  1.02 0.39
  302 M    1  0 -2 -4 -3  0 -3 -4  0  1  3 -2  1 -1 -4 -1 -1 -1 -1  1   16   6   2   0   0   6   0   0   3   5  42   0   3   1   0   2   3   1   2   9  0.31 0.21
  303 T   -1  0 -1  1 -3 -1 -2  0 -1 -1 -3 -1  1 -2 -3  0  5 -4  0 -2    3   6   2   7   0   3   0   7   2   4   0   4   4   2   0   4  50   0   3   1  0.54 0.32
  304 Y   -4 -2  1 -4 -5 -3 -2 -5  3 -3 -1 -1 -3  6  1 -3 -1 -2  6 -3    0   2   8   0   0   0   3   0   6   0   6   3   0  34   7   0   3   0  27   0  0.92 0.38
  305 G    0 -1  2  1 -4 -1 -2  5 -3 -4 -4 -3  0 -2 -2  1 -2 -4 -2 -4    7   3  13   7   0   3   1  47   0   0   1   0   3   2   1  11   0   0   1   0  0.68 0.29
  306 L    0 -2 -1 -3 -2 -1 -1 -3  0  1  2 -1  2  2 -3 -1 -1 -2  1  2   10   1   4   0   0   1   3   1   3   9  21   4   7  10   0   2   2   0   5  16  0.15 0.12
  307 P   -1 -4 -4 -1 -5 -2 -2 -3 -4  0 -4 -2 -4 -5  7 -2 -3 -5  0 -3    5   0   0   3   0   1   2   2   0   7   0   1   0   0  72   2   0   0   4   1  1.79 0.51
  308 V    3 -3 -3 -3  4 -2 -2  0 -3  0 -2 -2 -2 -3 -2  0  2 -4 -3  3   39   0   0   0   9   0   0   5   0   2   1   0   0   0   0   4  13   0   0  24  0.45 0.22
  309 V   -2 -3 -4 -4 -2 -3 -3 -4 -4  3  0 -3  1  1 -3 -3  1 -3 -2  5    0   0   0   0   0   0   0   0   0  17   6   0   4   7   0   0   9   0   0  53  0.65 0.25
  310 T    2 -3 -2 -2 -2 -2 -2  0 -3 -1 -2 -2 -2 -3 -1  2  5 -4 -3  0   20   0   0   0   0   0   0   5   0   2   2   0   0   0   3  12  48   0   0   5  0.57 0.26
  311 F   -4  1 -4 -5 -4 -4 -4 -5 -2 -1 -2 -4 -2  8 -5 -4 -4 -1  4 -3    0   8   0   0   0   0   0   0   0   3   1   0   0  72   0   0   0   0  12   0  1.54 0.42
  312 E    0 -1  0  0 -4  2  5  0  0 -4 -4  1 -3 -4 -2  1 -2 -4 -3 -3    5   0   2   1   0  10  52   7   2   0   1   8   0   0   0  10   0   0   0   0  0.68 0.27
  313 A    4 -2 -1 -2 -2 -2 -2 -1 -2 -1 -2 -2 -1 -3 -1  3  1 -3 -3 -1   44   0   1   0   0   0   1   1   0   4   1   0   1   0   1  34   9   0   0   1  0.54 0.23
  314 V   -2 -3 -3 -3 -4 -3 -3 -4 -3 -2 -3 -3 -3 -1  8 -2 -3 -4  0  0    1   0   0   0   0   0   1   1   0   2   2   0   0   3  77   1   0   0   4   7  1.84 0.38
  315 P    0 -3 -2 -3 -4 -3 -3  6 -3 -4 -4 -3 -4 -4  4 -2 -3 -4 -4 -4    5   0   0   0   0   0   1  69   0   0   1   0   0   0  20   1   0   0   0   1  1.23 0.30
  316 E   -2 -2 -1  4 -4  1  5 -1 -2 -4 -4 -1 -3 -4 -1 -1 -2 -4 -3 -4    2   0   0  33   0   5  50   3   0   0   1   0   0   0   2   1   0   0   0   1  0.93 0.28
  317 A    2  3 -1 -2 -3  1 -1 -2  0 -2  1  2  0 -1 -2 -1 -2 -3 -1 -1   22  26   1   1   0   6   1   1   2   0  14  16   3   3   0   1   0   0   2   1  0.27 0.16
  318 L   -2  1 -2 -3 -2  0 -2 -3  2  1  2 -1  2  2 -3 -1 -1 -2  1  0    1   9   0   0   0   5   1   1   7   8  32   3   7   8   0   3   3   0   6   3  0.21 0.17
  319 P    2 -2 -2 -3  1 -2 -2 -1 -2  0  0 -1 -1  2  1  0  0  2  3  0   26   0   0   0   3   0   1   4   0   7   7   3   0  10   7   4   7   3  14   4  0.18 0.16
  320 A    3 -2 -2 -2 -2  1 -2  1  2  0 -1 -2  0 -3 -2  1  0 -3 -2  0   43   0   0   0   0   7   1   9   6   6   5   0   3   0   0   7   4   0   0   6  0.29 0.23
  321 S   -1  2  1 -1 -3  3  2 -2 -1 -3 -2  2  1 -2 -2  1  0 -3 -2 -3    4  11   7   0   0  16  14   2   1   0   2  16   4   1   0  12   6   0   1   0  0.33 0.24
  322 R   -2  7 -1 -4 -5  0 -3 -4 -1  1 -3  0  2 -4  0 -3 -3  2 -4 -2    2  62   3   0   0   3   0   0   1   8   0   3   6   0   4   0   0   3   0   2  1.12 0.54
  323 L   -2 -4 -5 -5 -3 -4 -4 -5 -4  1  5 -4  0  1 -4 -1 -2 -3 -3  0    2   0   0   0   0   0   0   0   0   5  71   0   1   6   0   6   2   0   0   4  0.94 0.45
  324 G   -2 -1  0  0 -4 -1 -1  5  7 -5 -4 -1 -1 -3 -4 -1 -3 -4 -2 -4    2   4   3   6   0   2   2  42  29   0   1   3   1   1   0   2   0   0   0   0  0.96 0.44
  325 L   -2 -3 -4 -4 -3  0 -1 -4 -4  2  5 -3  1  0 -1 -1 -3 -3 -3 -1    3   0   0   0   0   6   4   0   0  12  59   0   2   4   3   5   0   0   0   1  0.64 0.36
  326 P   -2 -2  1  0 -4 -3 -2 -3 -3 -1  0 -1 -3 -2  6 -1  0 -4  0 -1    2   2   8   5   0   0   2   2   0   3   9   4   0   2  46   3   6   0   3   4  0.82 0.36
  327 P    0 -1  0 -2 -2  1  0  0  0  0  0  0  1 -1  3  0  0 -3 -1  0    4   1   6   1   0   6   4  10   3   5   8   8   4   1  16   9   6   0   2   7  0.13 0.09
  328 P    1 -1  0  0 -3  0  0 -1  2 -2 -2 -1 -2 -3  5  0  0 -1 -2 -2   12   2   4   6   0   3   5   4   5   2   3   2   0   1  36   6   5   1   1   2  0.58 0.25
  329 P   -2 -1  2 -1 -3 -1  0  0 -1 -3 -1  0 -3 -2  6 -1 -2 -3  0 -3    2   3  10   2   0   1   6   7   2   1   6   6   0   1  42   3   2   0   3   1  0.74 0.30
  330 G    0  0  0  0 -3 -1 -1  4  0 -1 -2  0 -2 -3 -1  1  0 -3 -2 -2    8   7   3   5   0   2   3  34   3   4   5   4   0   1   3   9   6   0   1   2  0.30 0.18
  331 T    1 -1 -1 -1 -2  0 -1 -1  1  0  0  0  1 -1  2  1  0 -2  1  0   12   1   3   3   0   2   3   3   5   5   7   8   4   2  10  10   6   0   7   9  0.08 0.08
  332 D   -1  0  1  3 -2  1  1 -1  1 -2 -2  0  0 -1  1  1 -1 -2 -2 -2    5   4   7  20   1   7  10   3   4   2   4   5   4   2   8   9   3   0   1   2  0.21 0.13
  333 P    0 -1  1  0 -2  0 -1  0  0  0 -1  0 -1 -1  2  1  0  2  0  0    6   3   8   4   1   5   3   5   3   6   6   6   1   3  13  10   4   4   4   6  0.11 0.07
  334 S    0  0  0  1 -2  0  0  1 -1 -1 -1  0  0 -1  1  1  0 -2 -1 -1    7   5   4   8   1   5   6  11   1   2   7   5   2   3   6  14   6   0   2   4  0.07 0.05
  335 S    0  0  0  0 -1  0  0 -1  0 -1  0  1 -1 -1  0  1  0 -1  1 -1    9   5   4   7   1   2   5   5   2   3  11   9   1   2   5  15   4   0   5   4  0.05 0.05
  336 P   -1  0 -1  0 -2 -1  0  0  2 -2 -1 -1  0  0  4  0  0 -2  1 -1    4   4   3   5   1   2   6   7   5   2   7   4   3   4  22   9   4   0   5   3  0.23 0.11
  337 Q    0  1  0  0 -2  2  0  0  0 -1  0  0 -1 -1  1  0  0 -2 -1 -1    6   7   4   6   1  14   6   6   2   3  11   3   1   3   9   7   4   1   2   3  0.09 0.07
  338 A    1  0 -1  0 -2  0  0 -1  0  0 -1 -1 -1  1  2  0  1  1  0 -1   13   6   2   7   1   3   4   4   2   6   7   2   1   7  13   7   8   2   3   2  0.10 0.07
  339 R   -1  3 -1  0 -2  0  0 -1  0 -1  0  1  1  0  0  0  0  1  1 -1    5  21   2   5   1   4   4   4   2   2   8   9   4   3   4   6   5   2   7   3  0.13 0.11
  340 N   -1  1  2  2 -1  1  2 -1  2 -1 -2  1 -1 -2  0  0  0  0 -1 -2    4   7  10  11   1   5  14   4   6   4   3   7   1   2   4   6   5   1   2   2  0.15 0.11
  341 Y    0  0  2  1 -2  0  0  1  1 -1 -1  0  0  0 -2  0  0 -2  2 -1    8   6  12   9   0   3   5   9   4   2   6   4   3   4   1   5   4   0  11   3  0.10 0.10
  342 T   -1 -2 -2 -1 -3 -1  0 -3  0  0  2 -1  1 -2 -2  1  3 -1 -2  0    3   1   1   4   0   2   5   2   3   3  23   3   4   1   2  11  25   1   0   6  0.24 0.22
  343 G    0  0  0  0 -3  0 -1  3  2 -3 -2  0 -2 -3  3  0 -1 -3  0 -1    5   4   4   4   0   4   4  29   7   1   4   4   0   0  14   4   4   0   4   4  0.30 0.16
  344 A    1 -3 -3 -3 -2 -3 -3  0 -3  4  0  0 -1 -2 -3  0  2 -4 -3  2   10   0   0   0   0   0   0   7   0  30   8   6   0   0   0   6  16   0   0  14  0.33 0.23
  345 Y   -1  1 -2 -3 -3 -2 -3 -3  1 -1 -1 -2 -2  2 -3 -1  2  7  4 -1    3  10   0   0   0   0   0   1   3   3   4   0   0  10   0   2  19  20  19   5  0.62 0.24
  346 H   -1 -2  1 -3 -4  1 -2 -3  9 -4 -4 -2 -3 -3  2 -1 -3 -4 -1 -4    4   0   4   0   0   6   0   1  68   0   1   0   0   0  10   4   0   0   0   0  1.55 0.46
  347 F   -2 -3 -3 -3 -2 -3 -3 -3 -2  2  0 -3  1  5 -3  0 -2 -1  2  3    1   0   0   0   0   0   0   1   0  13   5   0   3  34   0  10   0   0   7  25  0.47 0.22
  348 G   -1 -2 -2 -2 -3 -2 -3  5 -2 -3 -3 -2 -3  0 -3 -1 -2  1  3 -3    2   2   1   1   0   0   1  64   0   2   2   1   0   3   1   3   1   2  15   1  0.87 0.26
  349 H   -2 -2  4  0 -3 -1 -1 -2  7 -1 -2 -2  1 -3 -3 -1 -1 -3 -1 -2    3   1  28   4   0   0   1   1  41   4   3   1   4   0   1   2   3   0   0   2  0.78 0.27
  350 T   -1 -2  2 -1  5 -2 -1 -2 -2 -1 -2 -1 -2 -3 -2  0  4 -3 -2  1    3   1  10   3  14   0   3   1   0   1   2   2   0   0   1   5  43   0   0  11  0.46 0.21
  351 A    4 -1  0 -2 -2 -1 -1  1 -2 -1 -2 -1 -2 -3 -2  1  0 -3 -2  0   47   3   5   1   0   2   4   8   0   2   1   2   0   0   1  10   4   0   0   9  0.30 0.16
  352 D   -3 -3  0  7 -4 -2  0 -3  3 -4 -4 -2 -4 -4 -3 -2 -2 -4 -3 -4    1   1   1  81   0   0   1   1   9   1   1   1   0   0   1   1   1   0   0   1  1.44 0.37
  353 P   -1 -3 -3 -3 -3 -2 -2 -3 -3 -2 -3 -2 -3 -4  7 -1  0 -4 -3  1    4   1   1   1   0   0   1   1   0   1   1   1   0   0  64   4   6   0   0  14  1.38 0.32
  354 I   -2 -3 -4 -4 -2 -3 -4 -4 -4  6  1 -3  0  2 -3 -3 -2 -3 -2  3    1   1   0   1   0   0   1   1   0  61   6   1   1   8   1   1   1   0   0  16  0.76 0.25
  355 Y    0 -3  1 -3 -3 -2 -3 -3 -1 -2 -2 -3 -2  5  3 -2 -2 -1  5 -2    9   1   9   1   0   0   1   1   0   1   1   1   0  31  15   1   1   0  27   1  0.71 0.23
  356 M   -1 -1 -1 -1 -3  1 -1 -3  0  0  0 -1  7 -1 -3 -1  1 -3 -1  0    3   3   3   3   0   6   3   1   2   5   8   3  35   3   1   3  10   0   2   5  0.47 0.20
  357 G    1 -3 -2 -3 -3 -3 -3  6 -3 -4 -4 -3 -3 -4 -3  0 -3 -4 -4 -4    9   1   1   1   0   1   1  70   0   1   1   1   0   1   1   8   1   0   1   1  1.30 0.32
  358 T    0  0  0  0 -2  1  0 -1  0 -1 -1  1  1 -2 -1  1  2 -2 -2  1    9   5   3   6   0   6   4   3   2   3   4   8   5   1   1  11  16   0   1  10  0.09 0.06
  359 C   -3 -4 -4 -4 11 -4 -4 -4 -4 -3 -3 -4 -3 -4 -3 -3 -3 -3 -3 -3    2   1   1   1  79   1   1   2   0   1   2   1   0   1   1   2   1   0   1   1  2.74 0.49
  360 N   -1  0  3 -1 -2  0 -1 -1  2 -1 -2  1  0 -2 -2  0  3  0 -2  0    3   4  21   3   0   3   1   3   5   3   3  10   2   1   1   7  20   2   1   7  0.24 0.14
  361 G   -1 -2 -1 -3 -4 -2 -1  6 -3 -4 -4 -1 -4 -4 -3  1 -2 -4 -4 -3    3   2   3   1   0   2   4  65   0   1   1   4   0   0   1   9   2   0   0   2  1.10 0.38
  362 A    1 -1  0 -2 -2 -1 -2 -2 -2  1 -1 -1  0  0  4  0 -1  0 -1  1   13   2   4   1   0   3   1   2   0   8   6   3   3   5  20   9   2   2   2  14  0.22 0.13
  363 T    0  0  1  0 -2 -1 -1  0  0 -1  0 -1  0  1 -2  1  2  1  1 -1    5   4   6   5   0   1   1   8   3   3   9   3   2   6   1  16  17   2   5   3  0.09 0.10
  364 S    0 -3 -2 -1 -3 -1 -3  0 -3 -4 -4 -3 -4 -4  0  6 -1 -4 -4 -4    6   1   0   3   0   2   1   6   0   1   1   1   0   0   4  70   3   0   0   1  1.15 0.48
  365 V    0 -3 -2 -3 -3 -2 -2  0 -3  0  1 -2  0  0  2  3  1  3 -2  0    7   0   0   1   0   0   1   6   0   5  15   1   1   4  10  29   9   5   0   6  0.29 0.21
  366 C   -2 -4 -4 -4 10 -4 -4 -4 -4 -3 -3 -4 -3 -4 -4 -3 -3 -3 -3 -3    1   1   1   1  84   1   1   1   0   1   1   1   0   1   1   1   1   0   1   1  2.58 0.52
  367 T    1  0  1 -2 -2  0 -1  0 -1 -2 -2 -1 -2  0 -2  1  1  6  3 -2   13   7   6   1   0   4   1   5   0   1   1   3   0   2   1  14   9  14  15   1  0.33 0.15
  368 L    0 -1 -1 -2 -2  0 -2 -2  0  2  1 -1  0  1 -2 -1  0  3  3  0    7   3   3   1   0   7   1   1   3  17  16   3   2   6   1   5   4   5  13   5  0.12 0.08
  369 G    3 -2 -2 -1 -2 -2 -2  3 -2 -2 -1 -2  0  1 -2  0 -1  2  0 -1   32   1   1   3   0   1   1  24   0   1   4   1   3   9   1   5   3   3   2   4  0.26 0.13
  370 G   -1 -1  0  0 -3 -2 -2  6 -3 -4 -4 -1 -3 -4 -3 -1 -2 -3 -3 -4    4   3   3   5   0   1   1  70   0   1   1   3   0   1   1   4   1   0   0   1  1.03 0.28
  371 Y   -3 -3 -3 -4  0 -3 -3 -4 -1 -1 -1 -3 -2  4 -4 -3  0  0  8 -1    1   1   1   1   2   0   1   1   0   2   4   1   0  17   1   1   5   0  59   3  1.29 0.38
  372 A    4 -1  0 -1 -2 -1 -1 -1 -2  0 -2 -1 -2 -3  1  1 -1 -3 -3 -1   56   2   5   3   0   3   3   2   0   5   2   2   0   0   5   6   2   0   0   3  0.44 0.22
  373 M   -1 -3 -3 -4 -2 -2 -3 -3 -3  2  3 -3  6  2 -3 -3 -2  3 -1  0    5   1   1   1   0   1   1   1   0  13  26   1  31   9   1   1   1   5   0   3  0.58 0.23
  374 E   -2 -1 -1  2 -4  2  5 -3 -1 -4 -3  1 -3 -3 -2 -1 -2 -3  1 -3    1   1   1   8   0   8  60   1   0   1   1   9   0   0   1   1   1   0   5   1  0.83 0.28
  375 S    0 -2 -1 -2 -2 -2 -2 -1 -2 -2 -3 -2 -2 -3  1  3  5 -3 -3 -2    4   1   1   1   0   1   1   3   0   1   1   1   0   0   7  32  46   0   0   1  0.68 0.28
  376 S   -1  3 -1 -2 -3  2  0 -2  0 -2 -2  3 -1 -3  1  0 -1 -3 -1 -1    4  20   1   1   0  10   3   2   1   1   3  30   1   0   7   5   2   0   3   6  0.34 0.15
  377 C    0 -2 -3 -4 10 -3 -4 -2 -4 -3 -3 -3 -3 -1 -3 -2 -2 -3 -2 -1    8   2   1   1  72   1   1   2   0   1   1   1   0   2   1   2   1   0   1   3  1.83 0.41
  378 H   -3  0 -1 -3 -4  0 -2 -3  9 -3 -2 -2 -3 -1 -3 -2  0 -3  0 -2    1   6   1   1   0   2   1   1  69   1   3   1   0   2   1   1   8   0   0   3  1.47 0.39
  379 T   -1 -2  0 -2  1 -1 -2 -2 -1  0  1 -2 -1 -2 -2  1  4 -3 -1  0    3   1   4   1   3   2   1   3   2   4  20   1   0   0   1  12  35   0   2   7  0.29 0.18
  380 G   -1 -3 -2 -3 -4 -3 -3  7 -3 -4 -4 -3 -4 -4 -3  0 -3 -4 -4 -4    3   1   0   1   0   0   1  83   0   1   1   1   0   0   1   5   1   0   0   1  1.55 0.40
  381 Q   -1  3  1 -2 -1  2  0 -2  1 -2 -1  3  0 -1 -2  0 -1 -1  0 -1    2  19   9   1   1   8   2   1   3   1   8  25   4   2   1   4   3   1   3   3  0.26 0.14
  382 L    0  0 -1 -1 -2  1  1 -2  1 -1 -1  1  0 -2  1  1  2 -1 -2  1    4   5   2   2   0   7  10   1   3   2   3   9   2   0   6  15  14   1   1  13  0.14 0.10
  383 C   -2 -4 -4 -4  9 -4 -4 -3 -2  3  0 -4 -2 -1 -4  0 -2 -4 -2 -1    1   0   0   0  52   0   0   1   1  21   6   0   0   2   0   8   0   0   1   2  1.40 0.41
  384 T   -1 -1 -2 -3  1 -2 -1 -3 -3  2  0 -2  0 -1 -2 -1  2 -3 -2  4    3   5   2   1   4   1   3   1   0  15   6   2   2   1   1   2  13   0   1  38  0.31 0.18
  385 Y   -3 -3 -3 -4 -4 -2 -3 -4 -1 -1 -1 -2 -2  3 -4 -3 -3  5  8 -2    1   1   1   1   0   1   1   1   0   3   4   3   0  10   1   1   1   6  62   2  1.45 0.41
  386 D   -2 -2  0  7 -4 -2  0 -1  0 -4 -4 -2 -4 -2 -1 -2 -2 -4  0 -4    2   2   3  69   0   0   2   4   3   1   1   1   0   2   2   1   2   0   4   1  1.19 0.38
  387 T   -1 -3 -1 -3  2 -2 -2 -3 -3 -1 -1 -2 -1 -3 -1  0  5 -4 -3  3    4   1   2   1   5   0   2   1   0   2   3   1   1   0   2   4  51   0   0  21  0.66 0.31
  388 V   -1 -1 -2 -3 -2 -1 -1 -2 -3  1  0 -1  0 -2 -3 -1  0 -3 -2  5    3   4   1   1   0   3   3   4   0   4   7   3   2   1   1   5   3   0   0  55  0.44 0.23
  389 E    0  0  1  0 -2  0  0  2  0 -3 -3  2 -2 -2  0  1  1 -3 -2 -2    5   4   5   4   0   4   5  17   2   1   1  17   1   2   3  15  12   0   0   1  0.21 0.12
  390 D   -2  0  1  4 -3  1  1 -1  0 -3 -2  2 -2 -3 -1 -1  0 -3  0 -2    1   5   7  32   0   7   8   4   2   1   3  13   0   0   3   2   4   0   4   2  0.37 0.19
  391 F   -1  1  0  0 -3  0 -1 -2  1 -1  2  1  1  0  1 -1 -2  2  0 -1    3   7   4   5   0   3   3   3   4   0  26  11   3   5   8   4   0   3   3   4  0.12 0.15
  392 G    0  0  2  0  2 -3 -3  4  2 -4 -4  1 -4 -4 -4  1  0 -4 -4 -4    5   5   8   5   4   0   0  37   6   0   1   8   0   0   0  10   5   0   0   0  0.53 0.34
  393 W   -4 -5 -5 -5 -5 -4 -5 -2 -5 -1 -2 -2 -4  1 -5 -2 -1 11  1 -1    1   0   0   0   0   0   0   3   0   3   4   2   0   4   0   3   5  66   3   4  2.60 0.81
  394 R   -1  4  1  1 -3  1  0 -1  1 -3 -2  1 -2 -3  0  1 -1  3 -2 -2    5  25   5   7   0   6   4   5   4   0   4   7   0   0   4  14   2   5   0   3  0.28 0.20
  395 V   -1 -1 -2 -1 -3  1  0 -3 -3  0  1 -2  2  0  1  0 -1  0 -2  3    4   3   0   3   0   6   7   1   0   2  14   0   7   4   8   9   0   2   0  29  0.20 0.20
  396 G   -1 -3  3  4 -4 -2 -1  1  0 -5 -5 -3 -4 -2 -3  3 -1  0 -4 -4    2   0  16  30   0   0   2   8   2   0   0   0   0   2   0  31   2   2   0   0  0.75 0.42
  397 I   -2 -4 -4 -4 -3 -3 -4 -4 -4  5  2 -3  2  0 -4 -2 -1 -3 -2  3    3   0   0   1   0   0   1   1   0  43  16   1   6   3   0   2   3   0   0  19  0.68 0.30
  398 G    0  3  1 -2 -3  1 -1  1  0 -1  0  0  0 -1 -2  0 -1  1  0 -1    5  26   6   1   0   7   1  12   2   4   9   3   3   3   1   4   3   3   3   4  0.17 0.12
  399 T    0  0  3 -1 -3 -1 -2 -1  3 -2 -2  0  0  0 -2  0  2  2  1 -2    6   4  21   1   0   1   1   4  10   1   4   7   3   3   1   6  19   3   7   1  0.26 0.17
  400 H   -3 -3 -2 -3 -4 -2 -2 -4 10 -4 -4 -3 -3 -3 -3 -3  2 -4 -1 -4    1   1   1   1   0   1   1   1  74   1   1   1   0   1   1   1  12   0   0   1  2.17 0.57
  401 R   -1  4 -2 -2 -3  1 -1  0 -2 -1 -1  1  0 -1  1  0  0 -3 -2 -1    4  34   1   1   0   5   1   7   0   3   4   7   3   3   8   8   7   0   0   4  0.32 0.19
  402 I   -1 -4 -4 -4  1 -3 -4 -4 -4  6  2 -4  2 -2 -4 -1 -2 -4 -3  1    4   1   1   1   3   0   1   1   0  56  14   1   6   0   1   6   1   0   0   5  0.87 0.35
  403 R   -1  1  0  0 -2  2  0  0  1 -1 -1  1 -1  0 -1  0  0 -2  0  0    4  11   5   5   0  13   3   5   5   2   6  11   0   4   2   5   4   0   3  11  0.09 0.09
  404 E    0  0  1  1 -2  0  0 -1 -1 -1 -1  0 -1  0  0  0  1  0  2  0    9   4   7   9   0   3   7   4   1   2   3   5   1   5   5   5  15   1   8   7  0.08 0.08
  405 V   -1 -3 -3 -3 -3 -3 -1 -4 -3  2  0 -3  3  2 -3 -2 -1 -3 -1  4    5   1   1   1   0   0   5   1   0  12   8   1   8   9   1   3   3   0   2  40  0.47 0.25
  406 I   -2 -4 -4 -4 -3 -4 -4 -5 -4  6  2 -2  1 -2 -4 -4 -2 -4 -1  1    3   1   0   1   0   0   1   1   0  62  15   2   2   0   1   1   2   0   2   7  1.05 0.41
  407 T   -2  0  1  4 -4  1  3 -2  0 -3 -3  2 -2 -4 -1  0 -1 -4 -1 -4    2   4   7  25   0   4  23   1   2   2   2  14   1   0   2   5   3   0   2   1  0.50 0.26
  408 D   -1  0  2  3 -3  1  1  0  0 -2  0  1 -1 -1 -2 -1  0 -3  1 -2    2   5  11  17   0   5   9   6   2   2  12  10   1   2   1   4   4   0   6   1  0.15 0.12
  409 V   -3 -4 -4 -4 -3 -4 -4 -4 -4  3  2 -2  2  1 -4 -3 -1 -3  0  5    1   0   0   0   0   0   1   1   0  17  20   2   4   6   0   1   2   0   3  41  0.72 0.32
  410 I   -3 -4  0 -4 -3 -2 -4 -3 -3  3  4 -4  1  1 -4 -3 -3 -3  1  0    1   0   6   0   0   2   1   2   0  19  50   1   3   4   0   2   1   0   4   4  0.65 0.31
  411 E   -1 -1  1  2 -3  0  4 -2 -2 -2 -1  1  2 -3 -2  1 -1 -3 -3 -1    5   2   5  10   0   1  33   2   0   1   7   8   6   0   1   9   4   0   0   5  0.35 0.22
  412 R    0  1  0  3 -3  1  1 -2 -1 -2 -3  3 -2 -3  0  0 -1 -2 -2  0    7   5   4  17   0   5  10   2   1   2   1  24   1   1   5   4   2   1   1   7  0.29 0.20
  413 Y   -3 -2  0 -1 -4 -3  0 -2 -1 -4 -3 -3 -1 -1  0 -2 -2  9  5 -2    2   2   4   4   0   0   7   3   1   0   2   1   1   2   6   2   3  32  23   3  1.26 0.50
  414 D   -3  0  2  4 -4 -1  3  0 -1 -2 -3  1 -2 -2 -1 -1 -1  3 -3 -3    1   4  11  26   0   1  20   8   1   2   2   7   1   2   2   2   4   4   0   2  0.46 0.27
  415 D   -1 -1  0  3 -4  0  3 -2 -1 -2 -4  1 -3 -4  1  1  2 -4 -1 -3    4   2   4  15   0   3  25   3   2   3   1   8   0   0   6   9  13   0   2   1  0.38 0.26
  416 V   -1 -4 -4 -5 -3 -4 -4 -5 -4  2  1 -3  3 -1 -1 -3  1  0 -2  5    4   0   0   0   0   0   0   0   0   8  10   1   8   2   4   1   9   2   1  49  0.73 0.39
  417 P    1 -5 -5 -4 -5 -4 -4 -4 -5 -3 -4 -3 -5 -5  8 -4 -4 -5 -1 -5   11   0   0   0   0   0   0   1   0   2   2   2   0   0  76   1   0   0   2   0  2.17 0.74
  418 T   -1  0 -1  0 -4  1  3 -3 -1 -2 -2  2 -1 -4  2 -1  1 -4 -3 -1    5   3   3   4   0   5  25   1   1   2   3  17   2   0  11   4   8   0   0   6  0.34 0.23
  419 C    2 -2 -4 -4  9 -4 -5 -3 -3 -3 -2 -4 -4 -1  1 -1 -3 -4 -2 -3   15   3   0   1  54   0   1   1   1   1   5   1   0   3   6   3   1   0   1   2  1.66 0.61
  420 A    0  2 -1 -1 -3  1  2 -2 -1  0 -1  2  0 -1 -3  0  0 -3 -1  1    7  12   2   2   0   7  16   1   1   7   3  13   2   2   0   4   4   0   2  13  0.17 0.16
  421 P    0 -1  0  1 -3  0  1 -2 -1  0 -2 -1 -2  0  4 -1 -1 -3  0  1    6   3   5   8   0   4   9   2   1   5   2   3   1   5  23   4   2   0   4  14  0.29 0.19
  422 F   -2 -2  1  2 -5  3  5 -4 -3 -4 -4 -1 -2 -3  0 -2 -1 -5 -2 -2    3   1   6   9   0  14  47   0   0   0   1   2   1   1   5   2   3   0   1   3  0.82 0.44
  423 T   -1  0  0  2 -4  0  3 -2 -1 -2 -2  1 -1 -2  2  0  1 -4 -1 -1    3   5   3  10   0   4  21   2   1   1   2  10   1   2  11   6  10   0   2   5  0.26 0.19
  424 E   -2 -2  2  5 -5 -1  3  0 -2 -4 -4 -1 -1 -5  0 -1 -2 -5 -4 -4    3   2  10  41   0   2  19   7   1   1   1   3   2   0   4   2   2   0   0   0  0.80 0.40
  425 C   -4 -6 -2 -6 11 -6 -6 -6 -6 -5 -5 -6 -5 -6 -6 -5 -5 -6 -6 -5    1   0   2   0  92   0   0   0   0   0   1   0   0   0   0   0   0   0   0   0  3.84 1.08
  426 V   -1  0 -1 -2 -3  2  1 -2 -1  1 -1  1  1 -1 -3 -1  0 -3 -1  3    4   4   2   2   0  10   9   2   1   6   3   7   3   3   0   5   5   0   1  32  0.22 0.20
  427 D   -4 -4 -1  7 -6 -3  2 -4 -4 -5 -6 -4 -5 -6 -4 -3 -4 -6 -5 -2    1   0   1  76   0   0  14   1   0   0   1   0   0   0   0   1   0   0   0   3  1.97 0.70
  428 C   -4 -6 -5 -6 11 -6 -6 -5 -6 -2 -5 -6 -5 -5 -6 -4 -4 -5 -5 -4    1   0   0   0  90   0   1   1   0   3   1   0   0   0   0   1   0   0   0   1  3.68 0.99
  429 N   -1 -2 -2 -1 -3  0  1  2  1 -3 -2  0 -2  4 -2  0  0 -2  4 -2    4   0   1   3   0   3  10  18   3   0   2   5   0  18   2   6   5   0  17   2  0.34 0.22
  430 N   -1 -2  3  1 -3  1  1  0 -1 -2  1  1  0 -3 -2  0  0 -3 -3 -2    5   1  19   6   0   8   8   9   1   1  18   7   2   0   1   7   5   0   0   1  0.19 0.16
  431 W   -7 -7 -8 -3 -7 -6 -7 -7 -7 -7 -6 -7 -6 -4 -8 -7 -7 13 -1 -7    0   0   0   2   0   0   0   0   0   0   0   0   0   0   0   0   0  95   1   0  4.80 1.26
  432 K   -1  2  2  1 -5  2  3 -3 -1 -5 -4  3 -3 -5 -3  0  1 -5 -4 -4    3  10  10   6   0   8  23   0   1   0   0  23   0   0   0   6   8   0   0   1  0.58 0.31
  433 F   -4 -4 -5 -5 -5 -5 -4 -4 -3 -3 -3 -4  1  8 -5 -4 -4  2  5 -4    1   1   0   0   0   0   1   1   0   1   1   1   3  61   0   1   0   3  23   1  1.86 0.60
  434 F   -1 -2 -2 -2 -3 -2 -1  2 -1  1  1 -2  1  1 -1 -2  0 -3  1  3    2   1   1   2   0   1   3  17   2   9  11   1   3   7   2   1   6   0   5  26  0.18 0.15
  435 E   -2  0  0  6 -4  0  3 -3  1 -4 -4 -1 -2 -4 -2 -1 -2 -4 -1 -4    2   6   4  47   0   4  18   1   3   1   1   2   1   0   1   5   2   0   2   1  0.81 0.32
  436 S   -1  0  1  1 -3 -1  0  1  1 -2 -2  0 -2  1  0  2  0  1  2 -2    2   5   8   9   0   0   5  10   4   1   2   4   0   8   3  19   4   2  11   3  0.16 0.12
  437 N   -1  3  3  2 -3  0  0 -1 -1 -2 -2  1 -1 -3  0  1  0 -1 -3 -3    5  20  19  12   0   1   3   2   1   1   3  10   2   0   3  10   4   1   0   1  0.30 0.17
  438 E   -2  0  2  4 -3  1  0  1  1 -3 -3  0 -3 -3  0  0  0 -4 -3 -3    1   5  13  30   0   6   4  13   4   1   2   3   0   0   4   8   5   0   0   1  0.41 0.19
  439 T    1 -1  1  1 -2 -1  0 -1 -1 -1 -1  0  1 -2 -1  2  2  0 -2  0   10   1   6  10   0   1   5   4   1   2   4   6   7   1   2  20  15   1   0   6  0.15 0.12
  440 T   -1 -1 -1  0 -1  2  2 -3 -2 -1 -1  1 -2 -3 -1  2  3 -4 -2 -1    0   2   0   5   1  13  13   0   0   4   4   7   0   0   2  18  27   0   1   2  0.33 0.21
  441 P    1 -1 -1 -2 -3 -1 -1 -2 -3 -2 -2  0 -1 -4  3  2  4 -4 -3 -1    9   3   1   1   0   1   3   1   0   1   1   6   2   0  14  21  33   0   0   2  0.45 0.23
  442 T    0  1 -1  0 -3 -2 -1 -2  0 -2 -2  0 -1 -1 -1  2  4 -4 -3 -2    5  10   1   4   0   0   2   2   2   1   3   5   1   3   2  17  42   0   0   1  0.40 0.24
  443 P    0 -2  0  0 -3  2  0 -2  0 -2 -3  0 -2 -4  3  2  2 -4 -3 -1    4   0   3   4   0  12   5   2   2   1   0   5   0   0  16  21  20   0   0   6  0.37 0.20
  444 T    0  1 -1 -2  0 -2 -1 -1  0 -2 -3 -1 -1 -3  1  3  4 -4 -1 -1    3   7   0   1   2   0   3   3   2   2   0   3   1   0   6  23  38   0   2   3  0.41 0.24
  445 T    0  0 -1  0 -2 -1 -1  0  2 -1 -1  0 -1 -3  1  2  2 -3 -2 -1    8   6   0   5   0   0   2   6   9   3   4   3   1   0   7  20  22   0   0   4  0.19 0.11
  446 T    1 -1  0 -2 -2  0 -1 -2 -2 -1 -2  0 -2 -3  0  4  2 -4 -3 -1    9   2   2   0   0   3   0   1   0   5   3   5   0   0   4  48  15   0   0   1  0.43 0.20
  447 T    0  0 -1 -2 -3 -2 -1 -2 -2 -2  0 -1 -2 -3  3  3  2 -1 -3 -2    3   6   0   1   0   0   2   0   0   2  10   1   0   0  18  38  16   1   0   0  0.45 0.19
  448 T   -1 -1  0 -2 -2 -1  0 -1  1 -2 -2 -1 -2 -3 -1  3  4 -4 -3  0    0   2   4   0   0   0   4   3   5   0   3   3   0   0   2  30  41   0   0   6  0.48 0.20
  449 S    2  0 -1 -1 -2 -1 -1 -1 -2 -3 -2  0 -2 -3  1  4  3 -4 -3 -2   15   5   0   2   0   0   0   1   0   0   2   5   0   0   5  42  22   0   0   0  0.46 0.19
  450 T   -1 -2 -1 -1 -2 -2 -1 -2  0  0 -2  0 -2 -3  0  3  4 -4 -3  0    0   0   0   2   0   0   2   0   2   6   3   4   0   0   3  38  32   0   0   7  0.43 0.19
  451 S    1  0 -1 -2 -2 -1 -1 -2  0 -2 -3  2 -2 -2  2  2  3 -3  0 -1   10   4   1   0   0   0   0   0   3   1   0  16   0   2   8  20  28   0   3   4  0.30 0.14
  452 T    0 -2 -1 -2 -2 -1 -1 -2 -2 -1 -2  0 -2 -3  1  3  4 -4 -3  0    5   0   0   0   0   0   3   0   0   3   0   7   0   0   8  26  42   0   0   5  0.48 0.19
  453 R    0  3 -1  0 -3  0 -1 -1  0 -2 -2  1 -2 -3  2  2  1 -3 -1 -2    5  26   0   4   0   3   2   2   2   1   2   6   0   0  10  19  13   0   3   0  0.30 0.12
  454 T    0 -2 -1 -1 -2 -1  0 -1 -3 -2 -2  0 -2 -3  0  1  5 -4 -3 -2    4   0   0   2   0   0   7   4   0   2   3   4   0   0   5   9  60   0   0   0  0.59 0.21
  455 R   -2  4 -1 -2 -1 -1  0 -3  2 -3 -3  0 -2 -3  4  1  1  1 -2 -3    0  39   0   0   2   0   3   0   7   0   0   2   0   0  20  11  12   2   0   0  0.59 0.18
  456 T    0 -1 -1 -2 -2  0  0 -1 -2 -1 -2  0  1 -3 -2  0  5 -3 -3 -1    4   3   0   0   0   3   6   3   0   3   1   4   4   0   0   4  64   0   0   2  0.61 0.22
  457 S    0  0 -1  0 -2  2  3 -2 -1 -2 -2  1 -2 -3 -2  2  2 -3 -2 -2    6   4   0   2   0  10  23   1   0   1   2   6   0   0   1  20  21   0   0   1  0.33 0.12
  458 T    0 -1 -1 -2 -2  0 -1 -2  2  0 -2  0 -1 -3 -1  1  5 -3 -2  0    4   2   0   1   0   3   1   1   6   7   1   4   0   0   2   8  52   0   0   7  0.42 0.17
  459 C   -2 -3 -3 -3  9 -3 -3 -3 -3 -1 -2 -3 -2 -3  1 -2  0 -3 -3 -1    1   1   1   1  69   1   1   1   0   4   1   1   0   1   8   1   5   0   0   4  1.60 0.29
  460 K    0  0 -1 -1 -2  1  1 -2  1  0 -1  3 -1 -2  0  0  0 -3 -2  0    5   1   1   1   0   7   7   1   6   8   7  35   0   1   3   4   5   0   0   8  0.18 0.09
  461 T   -1 -1 -1 -2 -2 -1 -1 -1 -2 -2 -2  1 -2 -3 -2  2  5 -3 -2 -1    1   2   1   1   0   1   3   4   0   1   1  10   0   1   1  17  55   0   0   1  0.56 0.18
  462 P   -2  2 -2 -1  1 -1 -2 -3 -2 -3 -3  1 -3 -4  7 -2 -1 -3 -3 -3    1  15   1   3   4   1   1   1   0   1   1   8   0   1  57   1   3   0   0   1  1.18 0.21
  463 G    0  0  0 -2 -2 -1 -2  5 -2 -3 -3  0 -2 -3  0  0  0 -3 -3 -2    8   4   5   1   0   1   1  55   0   1   1   4   0   1   4   6   7   0   1   1  0.58 0.13
  464 W   -3 -3 -3 -4 -3 -3 -3 -3 -3 -3 -3 -3 -2 -1 -3 -3 -3 12  0 -3    2   1   1   1   0   1   1   1   0   1   2   1   0   1   1   1   1  81   1   1  2.82 0.36
  465 W   -3 -3 -3 -3 -3 -2 -3 -3 -2 -2 -1 -3 -2  4 -3 -3 -2 10  3 -2    2   1   1   1   0   1   1   1   0   1   5   1   0  17   1   1   1  50  11   1  1.58 0.23
  466 G   -1 -2 -1 -2 -3 -2 -2  6  0 -3 -3 -2 -3 -3 -2 -1 -2  2 -2 -3    2   1   1   1   0   1   1  74   3   1   2   1   0   1   1   2   1   4   1   1  0.98 0.17
  467 C   -1 -3 -3 -3 10 -3 -3 -3 -3 -2 -2 -3 -2 -3 -3 -2 -2 -3 -3 -2    2   1   1   1  78   1   1   2   1   1   2   1   1   1   1   2   1   0   1   1  1.78 0.24
  468 L   -1  2 -2 -2 -2 -1 -2 -3 -2  0  3  1  2 -1 -2 -2 -1 -2  1  0    1  15   1   1   0   1   1   1   0   5  43  12   6   1   1   1   4   0   5   1  0.21 0.08
  469 D   -2 -1  1  6 -3 -1  1 -2  0 -3 -3  0 -3 -3 -2  0 -1 -4 -3 -3    1   3   4  66   0   1   5   1   2   1   1   5   0   0   1   4   3   0   0   1  0.88 0.18
  470 P   -1  0 -1  0 -3  0  3  0 -1 -1 -2  1 -2 -2  1  0  0  5 -2 -2    3   3   0   2   0   2  29   8   0   5   1  13   0   0   9   8   7  11   0   0  0.32 0.10
  471 T    1  0 -1 -1 -2 -1 -1 -2 -2 -2 -2 -1 -2 -3  0  2  5 -3 -2 -1    8   7   0   2   0   0   0   0   0   0   3   0   0   0   4  22  50   0   0   0  0.49 0.16
  472 T   -1 -1  0  0 -2 -1 -1 -1 -2 -2 -2 -1 -2 -3  0  2  5 -3 -3 -1    1   3   3   3   0   0   0   2   0   0   3   0   0   0   4  19  59   0   0   0  0.58 0.18
  473 T    1 -2  0  0  1 -1 -1 -2 -2 -1 -2  0  0 -3 -1  2  4 -3 -2 -1   12   0   2   7   3   0   0   0   0   3   0   5   3   0   2  17  44   0   0   0  0.37 0.13
  474 P    0 -2  0 -2 -2  0 -1 -2 -2  0 -1 -1  0 -3  2  1  4 -3 -2  0    3   0   4   0   0   5   0   2   0   6   3   2   4   0  12  10  45   0   0   3  0.37 0.13
  475 T    0 -1 -1 -2 -2 -1 -2 -1  0 -2 -2 -1 -1 -3  3  2  4 -3 -2  0    4   2   0   0   0   0   0   2   3   0   0   0   1   0  14  24  43   0   0   5  0.49 0.16
  476 T    1 -2 -1 -1  1 -1  0 -2 -2  0 -1 -1 -1 -1  2  1  3 -3 -2  1   13   0   0   2   4   0   6   0   0   8   0   2   0   3   9  13  27   0   0  14  0.20 0.08
  477 T    0 -1 -1 -1 -2  0  0 -2 -2 -2 -2 -1 -2  1  1  2  4 -3 -2  0    5   2   0   3   0   3   6   0   0   0   0   0   0   8   8  18  41   0   0   5  0.33 0.12
  478 A    1 -2  0 -2 -2 -1 -2 -1 -2 -1 -2 -1 -2 -3  1  2  4 -3 -3 -1   14   0   3   0   0   0   0   3   0   3   2   3   0   0   6  17  47   0   0   2  0.41 0.13
  479 T    0 -2  0 -1 -2  0 -1 -2 -2 -1 -2 -1 -2 -3  3  2  5 -4 -3 -1    3   0   3   1   0   5   0   0   0   2   0   0   0   0  16  17  52   0   0   2  0.58 0.16
  480 T    1 -2  0 -1 -2 -1 -1  0 -2 -2 -2 -1  0 -3  0  3  4 -3 -3 -1   15   0   3   3   0   0   0   4   0   0   0   0   3   0   3  26  42   0   0   2  0.42 0.13
  481 S    0 -2  1 -1  2 -1  0 -2 -2 -2 -2 -1  0  0  1  3  3 -3 -2 -1    6   0   5   0   4   0   6   0   0   0   0   0   2   6   6  31  32   0   0   3  0.32 0.11
  482 T    0 -2 -1 -2 -2 -2 -2  1 -2 -2 -3 -2 -2 -3  1  3  4 -4 -3 -1    3   0   0   0   0   0   0  12   0   0   0   0   0   0   6  30  47   0   0   3  0.53 0.16
  483 T    0  0  0 -2 -2  0 -1 -2 -2  0  0 -1 -1  0 -2  2  3 -3 -1 -1    8   3   5   0   0   3   0   0   0   5  11   3   0   5   0  24  31   0   2   0  0.21 0.09
  484 S    1 -2 -1 -2  1 -1 -1 -2 -2 -3 -3 -1 -2 -3  3  3  3 -4 -3 -2    8   0   0   0   3   0   0   0   0   0   0   3   0   0  17  39  30   0   0   0  0.57 0.15
  485 T    0 -2 -1 -1 -2 -1 -1 -2 -2  0 -1 -2 -1 -3  0  2  5 -3 -3 -1    5   0   0   3   0   0   3   0   0   5   6   0   0   0   3  22  53   0   0   0  0.47 0.15
  486 S    0  0 -1 -2 -2  0 -1 -2 -2  0 -2 -1 -2 -3  1  4  3 -3 -2 -1    0   5   0   0   0   3   0   0   0   8   0   0   0   0   6  50  23   0   0   3  0.42 0.14
  487 T   -1 -1 -1 -2 -2 -1  0 -2 -2 -2 -2 -1 -2 -3 -2  2  5 -3  0  0    0   3   0   0   0   0   6   0   0   0   0   3   0   0   0  15  64   0   3   5  0.60 0.18
  488 C   -2 -2 -4 -5 10 -4 -5 -4 -4 -2  0 -4 -2 -4  1 -2 -2 -4 -4 -2    0   3   0   0  80   0   0   0   0   0   8   0   0   0   9   0   0   0   0   0  1.87 0.29
  489 K   -1  1 -1 -1 -3  1  1 -2  2 -1 -2  3 -1 -3 -2  1  1 -3 -2 -1    0   6   0   0   0   5   6   0   8   2   3  37   2   0   0  11  14   0   0   6  0.27 0.09
  490 T   -1  0 -1  0 -2 -1  0  0  2 -2 -3  0 -2 -3 -2  1  5 -3 -2 -2    0   3   0   5   0   0   6   5   7   0   0   6   0   0   0   8  58   0   0   0  0.48 0.15
  491 P   -2  2 -2 -2 -3 -1 -2 -3 -2 -2 -2 -1 -2  0  6 -1  0  2  2 -2    1  15   1   1   0   0   1   1   0   1   4   1   0   5  49   1   7   3  10   1  0.88 0.14
  492 G   -1 -2  1 -1 -3 -2 -2  5 -2 -3 -3 -2 -3 -3 -2 -1  0 -3 -3 -3    1   1   9   1   0   1   1  70   0   1   1   1   0   1   1   1   9   0   0   1  0.86 0.14
  493 W   -3 -3 -4 -4 -3 -3 -3 -3 -3 -3 -3 -3 -2 -1 -4 -3 -3 12  1 -3    1   1   1   1   0   1   1   1   0   1   1   1   0   1   1   1   1  85   0   1  2.85 0.29
  494 F   -2 -3 -3 -3 -3 -3 -3 -3 -1 -1  0 -3 -1  7 -3 -3 -2  0  4 -2    1   1   1   1   0   1   1   1   0   1   4   1   0  71   1   1   1   0  12   1  0.99 0.16
  495 G   -1 -3 -1 -2 -3 -2 -2  6 -2 -4 -3 -2 -3 -3 -2 -1 -2 -3 -3 -3    1   1   1   1   0   1   1  86   0   1   1   1   0   1   1   1   1   0   0   1  1.20 0.16
  496 C   -2 -4 -4 -4 10 -4 -4 -3 -4  0 -2 -4 -2 -3 -4 -2 -2 -3 -3 -2    1   0   0   0  87   0   0   1   0   6   1   0   0   0   0   1   0   0   0   0  2.02 0.26
  497 K   -1  0  1 -2 -3  1 -1 -2 -1 -1  1  3  0 -1 -2 -1  0 -2  1 -1    1   0   8   0   0   6   0   1   0   3  23  41   0   0   0   1   7   0   7   0  0.22 0.09
  498 D   -2 -2  0  6 -4 -1  3 -2 -2 -4 -4 -1 -3 -4 -2 -1 -2 -4 -3 -4    1   0   0  77   0   0  16   1   0   0   1   0   0   0   0   1   0   0   0   0  1.16 0.18
  499 P   -1  0 -2 -1 -3  0  1 -2 -2 -3 -3  2 -2 -3  6 -1  0  2 -2 -2    1   3   1   1   0   3  12   1   0   1   1  15   0   0  48   3   6   4   0   1  0.86 0.11
  500 T    1  0  0  0 -1 -1  0  0 -1  0 -1 -1 -1 -2 -1  2  3 -2 -2  0   11   3   1   4   0   1   5   5   0   8   2   1   0   1   1  23  29   0   1   3  0.19 0.06
  501 T    0 -1  0  0  1 -1 -1 -2 -2  0 -1  0 -1 -2 -1  2  4 -3 -2 -1    1   1   3   4   4   1   1   1   0   5   5   4   0   1   1  20  47   0   0   1  0.33 0.10
  502 T    0 -1  1  0 -2 -1  0 -2 -1 -2 -2  1 -1 -2  0  1  4 -3 -2 -1    4   1   6   4   0   1   5   1   0   1   1  10   0   1   4  11  45   0   0   3  0.30 0.08
  503 S    0 -1  0  0 -1  1  0 -1 -1 -2 -2 -1  0 -2 -1  3  4 -2 -2 -1    5   1   1   5   0   8   3   1   0   1   1   1   3   1   1  28  38   0   1   1  0.33 0.09
  504 T    1 -1  0  1 -1  0  0 -1 -1 -1 -1  0 -1 -1 -1  1  3 -2 -1  0   12   1   1  11   0   5   3   1   0   3   1   6   0   4   1  13  30   0   1   7  0.16 0.05
  505 V    1 -2 -1 -1 -1 -1 -1 -2  1  1 -1 -1 -1  0  0  0  2 -2  1  1   15   1   1   4   0   1   1   1   6   9   1   1   0   5   3   7  20   0   7  18  0.10 0.05
  506 P    0 -1  0  1 -2  0 -1  0  2  0 -1 -1  1 -2  0  1  3 -2 -1 -1    3   1   1   8   0   5   1   9   9   8   1   1   7   0   4  14  28   0   0   1  0.16 0.06
  507 T    0 -1  0  1 -2 -1  1  0 -2 -2 -2  0 -2 -3  1  2  3 -3 -2 -1    3   1   1   9   0   1   7   4   0   1   1   4   0   0   6  25  36   0   0   1  0.32 0.09
  508 A    2 -2 -1  0 -1 -1 -1 -1 -2 -1 -2 -1 -1 -2  0  2  3 -3 -2  0   22   1   1   4   0   1   1   1   0   3   1   1   0   0   4  17  36   0   0   8  0.28 0.08
  509 S    0 -1  1 -1 -2 -1 -1 -2  3  0 -1 -1 -1  0 -2  1  3 -2 -1  0    7   1  10   1   0   0   2   1  11   8   3   1   0   4   1  16  30   0   0   4  0.18 0.07
  510 P    1 -2 -1 -2 -1 -1  0 -2 -2  1 -1 -1 -1 -2  1  1  3 -3 -2  0   18   0   0   0   0   0   5   0   0  12   1   0   0   0   8  10  40   0   0   4  0.29 0.09
  511 A    2 -2 -1 -2 -1 -1  0 -1 -2  1 -1 -1 -1 -2  2  1  1 -2  1  0   29   0   0   0   0   0   7   0   0  12   1   0   0   0  12  13  13   0   7   5  0.21 0.07
  512 P    0 -2 -1 -2 -2 -1 -2 -2 -2 -1 -1 -1 -1  0  3  1  3  4 -1  0    8   0   0   0   0   0   0   0   0   3   5   0   0   4  17  13  35   6   0   5  0.36 0.09
  513 T    0  0  1  0 -2 -1 -1 -2  1 -1 -1 -1  0 -2  2  1  3 -3  0 -1    7   7   6   5   0   0   0   0   4   3   3   0   4   0  12  12  30   0   4   2  0.20 0.07
  514 I    1 -2  0  0 -1 -1 -1 -2 -2  1  0 -1 -1 -2  2  0  3 -3 -2  0   14   0   4   4   0   0   1   1   0  18   6   0   0   0  10   6  29   0   0   5  0.18 0.06
  515 T    0  0  0 -1 -2 -1 -1  0 -2 -1 -2  0 -2 -3  3  1  4 -3 -2 -1    4   6   4   0   0   0   1   7   0   3   1   3   0   0  16  11  42   0   0   1  0.37 0.09
  516 P    0 -2 -1  0 -1 -1 -1 -2  1  0 -1 -1 -1 -2  1  2  3 -3 -2  1    7   0   0   5   0   0   0   0   5   4   0   0   0   0   7  22  28   0   0  21  0.22 0.07
  517 T    0 -2  1  1 -2 -1  0 -2  1 -1 -2 -1  1 -1 -2  2  3 -3 -2 -1    3   0   7   9   0   0   5   0   4   4   0   0   7   4   0  20  36   0   0   0  0.24 0.08
  518 S    1  0 -1  0 -2  0  0  0 -2 -1 -2 -1 -1 -3  1  2  3 -3 -2  0   12   5   0   5   0   5   6   6   0   5   0   0   0   0   6  16  29   0   0   4  0.19 0.05
  519 P    0 -1 -1  1 -2 -1 -1 -2 -2 -1  0 -1 -1 -2  2  2  3 -3 -2 -1    6   3   0  11   0   0   0   0   0   0  13   0   0   0  11  17  36   0   0   0  0.28 0.08
  520 P   -1 -1 -1  0 -2  1 -1 -2 -2 -1 -1  0 -1 -3  4  1  2 -3 -2  0    0   0   0   6   0   7   0   0   0   0   3   5   0   0  26  16  24   0   0  11  0.41 0.08
  521 T    0 -2 -1 -2 -2 -1 -1 -2 -2 -1 -1 -1  0 -2  3  2  4 -2  0 -1    4   0   0   0   0   0   0   0   0   2   3   0   2   0  13  27  40   0   5   0  0.38 0.09
  522 T    2 -1 -1 -1  1  0 -1 -1  1 -2 -1  0 -1 -2  0  2  3 -3 -2 -1   20   0   0   0   4   5   0   0   6   0   5   5   0   0   3  14  35   0   0   0  0.23 0.07
  523 T    1 -1 -1 -1 -1 -1 -1 -1  1  0 -1 -1 -1 -1  3  2  2 -2 -1  0   17   1   0   1   0   0   1   1   5   9   4   1   0   3  14  21  19   0   0   3  0.21 0.05
  524 A    1 -1 -1 -1 -1 -1 -1 -1  1 -1 -2 -1 -1 -2  4  2  2 -2 -2 -1    9   1   1   1   0   1   1   1   6   5   1   1   0   1  20  28  22   0   1   1  0.36 0.06
  525 S    0 -1  0  0 -2  1  0  0 -1 -1  0  0 -1 -2 -1  2  2 -2 -2 -1    1   1   1   7   0  12   1   7   0   3  10   6   0   1   1  26  21   0   1   1  0.15 0.04
  526 T    0 -1  1  0 -2  0  1  0 -1 -1 -2  0 -1 -2  3  2  1 -3 -2 -1    4   1   7   1   0   1  13   7   0   6   1   3   0   1  18  24  12   0   0   1  0.28 0.04
  527 T   -1 -1  1 -1 -2 -1  0 -2 -2 -1 -2 -1 -1 -2  2  1  4 -3 -2 -1    1   1   6   1   0   1   5   1   0   4   1   1   0   1  12  10  53   0   0   1  0.39 0.08
  528 S    0  0  0  0 -2  2  1 -1 -1 -2 -2  0 -1 -2  1  2  3 -2 -2 -1    1   6   1   5   0  12  11   1   0   1   1   1   0   1   6  17  35   0   0   1  0.28 0.06
  529 T    0  0  0 -1 -1 -1 -1 -1 -2 -1 -2 -1 -1 -2 -1  3  4 -2 -2  0    1   7   1   1   0   1   1   1   0   1   1   1   0   1   1  31  45   0   0   7  0.36 0.08
  530 C   -1 -4 -3 -4 10 -3 -4 -3 -4 -2 -2 -4 -2 -3  0 -2 -1 -3 -3 -2    0   0   0   0  87   0   0   0   0   0   0   0   0   0   6   0   3   0   0   0  1.79 0.20
  531 E   -1  2 -1  1  0  1  1 -2  0  0  0  2  0 -2 -2  0  0 -3 -2 -1    0  15   0   9   3   4   8   0   3   9  12  22   3   0   0   5   4   0   0   0  0.13 0.03
  532 S   -1  3  0  1 -2  0 -1 -2  3 -1 -1  0 -1 -2 -2  1  2 -3  0 -1    0  23   0   8   0   0   0   0  15   6   4   0   0   0   0  12  28   0   4   0  0.24 0.07
  533 P   -2  3 -2 -2 -4 -1 -2 -3 -1 -3 -3  0 -3 -2  6 -2 -2 -2  3 -3    0  24   0   0   0   0   0   0   0   0   0   5   0   0  56   0   0   0  15   0  1.15 0.13
  534 G    0 -3 -1 -2 -3 -2 -2  6 -2 -4 -4 -2 -3 -4 -2  1  0 -3 -3 -3    0   0   0   0   0   0   0  80   0   0   0   0   0   0   0  13   7   0   0   0  1.00 0.11
  535 W   -3  2 -4 -5 -4 -2 -3 -4 -3 -4 -3 -2 -2  1 -4 -3 -3 11  1 -4    0  16   0   0   0   0   0   0   0   0   0   0   0   3   0   0   0  81   0   0  2.44 0.21
  536 F   -3 -3 -4 -4 -3 -4 -4 -4 -1 -1  0 -4 -1  7 -4 -3 -3  3  4 -2    0   0   0   0   0   0   0   0   0   0   6   0   0  76   0   0   0   4  14   0  1.04 0.13
  537 G   -1 -3 -1 -2 -3 -3 -3  6 -3 -5 -5 -2 -4 -4 -3 -1 -2 -3 -4 -4    0   0   0   0   0   0   0 100   0   0   0   0   0   0   0   0   0   0   0   0  1.43 0.15
  538 C   -1 -4 -3 -4 10 -4 -4 -1 -4 -2 -2 -4 -2 -3 -4 -2 -2 -3 -3 -2    0   0   0   0  95   0   0   5   0   0   0   0   0   0   0   0   0   0   0   0  1.78 0.15
  539 N   -2  3  0  2 -3  0  0 -2  2 -1  1  2 -1 -1 -2 -1 -1 -2  1 -2    0  27   4  18   0   0   0   0   7   0  21  15   0   0   0   0   0   0   9   0  0.21 0.04
  540 D   -2 -2  1  7 -4 -1  1 -2 -2 -4 -4 -1 -4 -4 -2 -1 -2 -5 -4 -4    0   0   0 100   0   0   0   0   0   0   0   0   0   0   0   0   0   0   0   0  1.30 0.12
  541 P   -1 -2 -1  2 -3  1  3 -2 -2 -3 -3 -1 -3 -4  6 -1 -1 -4 -3 -3    4   0   0  15   0   4  30   0   0   0   0   0   0   0  47   0   0   0   0   0  0.98 0.07
  542 T    0 -2 -1 -1 -2 -1  1 -2 -2  1 -1 -1 -1 -2  3  1  2 -3 -2  1    0   0   0   0   0   0  16   0   0   8   0   0   0   0  15  10  27   0   0  20  0.24 0.04
  543 S    0 -1  0 -1 -2 -1  0 -1 -2 -2 -2 -1 -2 -2  2  3  3  4 -2 -2    0   0   0   0   0   0   4   0   0   0   0   0   0   0  11  50  26   9   0   0  0.46 0.07
  544 T    1 -1 -1 -2 -2 -1 -1 -2 -2 -1 -2  0 -1 -3  3  1  4 -3 -2  0   11   0   0   0   0   0   0   0   0   0   0   5   0   0  20   4  52   0   0   8  0.45 0.06
  545 T    0 -2 -1 -1 -2  0 -1 -2 -2 -1 -2 -1 -1 -3  2  2  4 -3 -2  0    0   0   0   0   0   4   0   0   0   0   0   0   0   0  13  16  63   0   0   4  0.51 0.08
  546 T    2 -1 -1  1 -1  0 -1 -1 -2 -1 -1 -1 -1 -2 -1  1  3 -3 -2  0   27   0   0   8   0   5   0   0   0   0   6   0   0   0   0   9  41   0   0   4  0.25 0.05
  547 F    0 -1  0 -1 -1 -1 -1  1  0 -1 -1  0  0 -1 -1  2  3 -2 -1 -1    6   0   0   0   0   0   0  13   4   4   0   6   4   4   0  21  37   0   0   0  0.20 0.04
  548 P    1 -2 -1 -2 -2 -1 -1 -2 -2 -1 -1 -1 -1 -3  5  0  2 -3 -2  0   20   0   0   0   0   0   0   0   0   0   5   0   0   0  38   4  25   0   0   5  0.61 0.04
  549 V    1 -1 -1 -2 -1 -1 -1 -1  1 -1 -1  0 -1 -2  2  1  3 -3 -2  0   20   0   0   0   0   0   0   0   6   0   1   5   0   0   9   0  46   0   0   9  0.27 0.04
  550 P    1 -2 -2 -2 -2 -1 -1 -2 -2 -1 -2 -1 -2 -3  6  0  1 -4 -3 -1   15   0   0   0   0   0   0   0   0   5   0   0   0   0  59   5  16   0   0   0  1.07 0.06
  551 S    1  1  0 -1 -2  1 -1 -1 -1 -2 -1  1  0 -2  2  1  2 -3 -2 -1   18   9   5   0   0   5   0   0   0   0   4  11   6   0  13  10  19   0   0   0  0.21 0.02
  552 T    1 -2 -1 -2 -2  1 -1 -2 -2 -2 -2 -1 -2 -3  6  0  3 -3 -3 -1   12   0   0   0   0   8   0   0   0   0   0   0   0   0  46   0  34   0   0   0  0.85 0.06
  553 T    0 -1  1 -1 -2  1 -1 -2 -1  0  0 -1  0  0  1  2  3 -3 -1  0    0   0   5   0   0   8   0   0   0   9  10   0   0   5   7  27  29   0   0   0  0.18 0.03
  554 S    0  0  0 -1 -2 -1 -1 -2  1 -3 -3 -1 -2 -3  5  3  2 -3 -2 -2    0   5   0   0   0   0   0   0   7   0   0   0   0   0  30  40  18   0   0   0  0.58 0.05
  555 T    0  0  0 -1  3  0  1 -2 -1 -1 -2  1 -1 -2 -1  2  3 -3 -2 -1    0   0   0   0   9   0  13   0   0   6   0  16   0   0   0  17  36   0   0   0  0.23 0.04
  556 S    0 -1  0 -1 -1  0 -1 -1  1 -1  0  0 -1  1 -1  2  1 -2  0  0    6   0   0   0   0   5   0   0   6   0   9   7   0  10   0  35  11   0   0   7  0.12 0.02
  557 T    0 -1  0 -1 -2  1  0 -2  2 -2 -2 -1 -1 -2  1  2  4 -3 -1 -1    0   0   0   0   0   6   6   0   8   0   1   0   0   0   7  20  49   0   0   0  0.33 0.04
  558 P    0  1 -1 -1 -2  0  1 -2  1 -3 -2  0 -2 -3  5  1 -1 -3 -2 -2    6  14   0   1   0   0   9   1   6   1   1   1   0   0  44  13   1   0   0   1  0.71 0.04
  559 C    0 -3 -2 -3  9 -2 -3 -2 -3 -2 -2 -3 -2 -3 -2  0 -1 -2 -2 -1    8   0   0   1  77   0   1   1   0   0   1   1   0   0   1   7   1   0   0   1  1.12 0.08
  560 S   -1 -1 -1  1 -2  0  2 -2  1 -1  1  1  0 -2  1  0  1 -2 -1 -1    1   0   0   6   0   0  20   1   6   0  25  10   0   0   8   6  14   0   0   1  0.13 0.02
  561 T    0 -1  0 -1 -1  0  0 -1  3 -2 -2 -1 -1 -2 -1  2  3 -2 -1 -1    7   0   0   1   0   0   7   1  15   0   1   1   0   0   1  20  43   0   0   1  0.29 0.04
  562 P   -1  2 -2 -1 -3 -1  0 -2 -2 -2 -2  0 -2 -3  6 -1 -1 -3 -2 -1    1  20   0   1   0   0   8   1   0   0   1   1   0   0  58   1   1   0   0   7  1.02 0.05
  563 G    0  0  1 -1 -3 -1  0  5  2 -4 -4 -1 -3 -3 -2 -1 -2 -3 -2 -3    0   7   7   0   0   0   7  72   7   0   0   0   0   0   0   0   0   0   0   0  0.72 0.05
  564 W    0  2 -2 -3 -2 -1 -2 -2 -1 -1 -1 -1 -1  3 -3 -1 -2  7  2 -1   16  20   0   0   0   0   0   0   0   7   0   0   0  23   0   0   0  26   8   0  0.54 0.04
  565 F   -2 -3 -3 -3 -2 -3 -3 -3 -1  0  1 -3  0  6 -3 -2 -2  1  3 -1    1   0   0   0   0   0   0   1   0   0  10   0   0  76   0   0   0   0   7   0  0.71 0.06
  566 W   -2 -3 -3 -3 -3 -2 -3  2 -2 -3 -2 -3 -2  0 -3 -2 -2 10  3 -3    1   0   0   0   0   0   0  22   0   0   1   0   0   0   0   0   0  62  10   0  1.51 0.07
  567 G    0 -2 -1 -1 -2 -1  0  5 -2  0 -2 -1 -2 -2 -2  0 -1 -3 -3 -1    1   0   0   0   0   0  10  63   0  15   1   0   0   0   0   8   0   0   0   0  0.50 0.03
  568 C   -1 -3 -2 -3  9 -3 -3 -2 -3 -2 -2 -3 -2 -3 -3  0 -1 -3 -3 -1    1   0   0   0  84   0   0   1   0   0   1   0   0   0   0  10   0   0   0   0  1.26 0.08
  569 R   -1  2 -1 -2 -3  0 -1 -2  0 -1 -2  2 -1  0 -2 -1 -1  6  4 -1    1  17   0   0   0   0   0   1   0   0   1  27   0   0   0   1   0  17  24   9  0.41 0.03
  570 D   -2 -1  1  6 -4  0  2 -2 -1 -4 -4  1 -3 -4 -2 -1 -1 -4 -3 -3    0   0   0  82   0   0   8   0   0   0   0  10   0   0   0   0   0   0   0   0  0.89 0.06
  571 Q   -1 -1  0  2 -3  2  2 -2  4 -3 -3  0 -2 -2  2  0 -1 -3 -1 -2    1   1   0  16   0   9  22   1  24   1   1   1   0   0  13   9   1   0   0   1  0.38 0.02
  572 T    0 -1  0  2 -2  0  1 -1 -1 -2 -2  0 -2 -3  2  3  1 -3 -2 -2    1   1   0  16   0   0  13   1   0   1   1   1   0   0  10  45   9   0   0   1  0.33 0.02
  573 T   -1 -1 -1 -2 -2 -1 -1 -2  2  1 -1  1 -1 -2  2  0  3 -3 -1  0    0   0   0   0   0   0   0   0  12  25   0  13   0   0  12   0  37   0   0   0  0.20 0.02
  574 T    0 -1  0 -1 -2  1 -1  1  3 -2 -2 -1 -1 -3  2  1  3 -3 -1 -1    0   0   0   0   0  10   0  10  12   0   0   0   0   0  12  10  46   0   0   0  0.32 0.02
  575 T    0 -1  0  1 -2  0  1 -2  2 -1 -1 -1 -1 -2 -2  1  3 -3 -1  1    0   0   0  10   0   0   9   0  12   0   0   0   0   0   0  13  41   0   0  15  0.22 0.02
  576 S    1 -1  0 -1 -1 -1 -1  1 -2 -2 -2 -1 -1 -3 -1  3  4 -3 -2 -1   10   0   0   0   0   0   0  10   0   0   0   0   0   0   0  31  49   0   0   0  0.36 0.03
  577 A    2 -1  1  2 -2  0  1 -1 -1 -1 -2 -1 -1 -3 -1  1  0 -3 -2  0   37   0  12  15   0   0  13   0   0   0   0   0   0   0   0  12   0   0   0  10  0.22 0.01
  578 S    1 -1  0  1 -1 -1 -1  3 -2 -1 -2 -1 -1 -2 -1  1  1 -2 -2  0   11   1   1  11   0   1   1  29   0   1   1   1   0   0   1  18  13   0   0  10  0.22 0.01
  579 P    0 -1 -1 -1 -2 -1 -1 -2  4 -2 -2 -1 -1 -1  5  0  1 -2  1 -1   13   1   1   1   0   1   1   1  21   1   1   1   0   0  33   1  16   0   9   1  0.50 0.02
  580 P    0 -2 -2 -2 -2 -1 -2 -2 -2 -1  1 -1  0 -2  6  0  1 -3 -2 -1   11   0   0   0   0   0   0   0   0   0  26   0   0   0  47   0  16   0   0   0  0.71 0.02
  581 I   -1 -2 -2 -2 -1 -2 -2 -3 -2  2  1 -2  1  2 -2  0  1 -2  0  2    0   0   0   0   0   0   0   0   0  33  11   0   0  11   0  14  16   0   0  14  0.16 0.01
  582 T    0  2  0 -1 -1 -1 -1 -2 -2 -1 -2  0 -1 -3 -1  1  5 -3 -2 -1    0  17   0   0   0   0   0   0   0   0   0   0   0   0   0   0  83   0   0   0  0.46 0.03
  583 S    0 -2 -1 -1 -2 -1 -1 -1 -2 -3 -3 -1 -2 -3  6  2  0 -4 -3 -2    0   0   0   0   0   0   0   0   0   0   0   0   0   0  63  37   0   0   0   0  1.18 0.02
  584 P    3 -1 -1 -1 -1 -1 -1  0 -2 -2 -2 -1 -2 -3  4  2  0 -3 -2 -1   48   0   0   0   0   0   0   0   0   0   0   0   0   0  25  27   0   0   0   0  0.49 0.01
  585 P   -1 -2 -2 -2 -3 -1 -1 -2 -2 -3 -3 -1 -3 -4  8 -1 -1 -4 -3 -3    0   0   0   0   0   0   0   0   0   0   0   0   0   0 100   0   0   0   0   0  2.08 0.02

                      K         Lambda
Standard Ungapped    0.1304     0.3163
Standard Gapped      0.0410     0.2670
PSI Ungapped         0.1231     0.3176
PSI Gapped           0.0377     0.2670
