
Last position-specific scoring matrix computed, weighted observed percentages rounded down, information per position, and relative weight of gapless real matches to pseudocounts
           A  R  N  D  C  Q  E  G  H  I  L  K  M  F  P  S  T  W  Y  V   A   R   N   D   C   Q   E   G   H   I   L   K   M   F   P   S   T   W   Y   V
    1 M   -3 -4 -5 -5 -4 -3 -5 -5 -4  4  1 -4  9 -2 -5 -4 -3 -4 -3  1    0   0   0   0   0   0   0   0   0  22   7   0  66   0   0   0   0   0   0   5  1.58 0.50
    2 N   -2 -1  6  0 -5  3 -2 -3  6 -5 -5 -2 -4 -5 -4 -1 -3 -5 -2 -4    2   1  48   3   0  15   0   0  24   0   1   0   0   0   0   3   0   0   1   0  1.28 0.50
    3 F    1  1  0 -2 -2  0 -1 -1 -1 -1  0  1  0  0 -2  2  1  1  1 -1   16  10   3   0   0   4   0   3   0   3   7  11   3   5   0  18  10   2   5   1  0.14 0.14
    4 L   -1 -3 -5 -5 -3 -4 -4 -5 -4  4  3 -4  1  1 -4 -4 -2 -4 -1  3    4   1   0   0   0   0   0   0   0  27  34   0   3   5   0   0   1   0   2  24  0.69 0.30
    5 R   -2  3 -1 -3 -5  2 -1 -1  6 -4 -3  3 -3 -1 -4 -2 -1 -3  2 -3    2  15   2   0   0  10   1   6  28   0   2  19   0   2   0   2   2   0   9   1  0.67 0.34
    6 S   -1  0  2  1 -3  1  1  2 -2 -4 -4 -1 -3 -4 -3  4  1 -4 -4 -3    2   4   9   8   0   7   9  14   0   0   1   1   0   0   0  35   8   0   0   0  0.47 0.28
    7 T    2  0 -1 -2 -2  1 -1 -1 -1  0 -1  2  0  0 -2  0  2 -3  0  0   20   3   2   0   0   6   3   3   2   6   4  14   2   5   0   2  18   0   3   8  0.13 0.15
    8 A    2 -3 -4 -4 -1 -3 -3 -2 -2  1  1 -3  2  4 -3 -1 -2  1  4  0   19   0   0   0   1   0   0   1   0   8  16   1   5  21   1   3   0   2  15   6  0.40 0.24
    9 A   -2  2  0  1 -3 -1 -2 -1  0 -1  2  2  1 -2 -3  0 -1  4 -2 -1    0  10   4   8   0   1   0   6   2   2  22  21   3   1   0   7   3   6   1   2  0.20 0.19
   10 T    1  0  2  0 -3  0  2  3 -2 -4 -4  1 -3 -4 -1  2  0 -4 -3 -3   11   3  10   3   0   3  13  21   0   0   0   9   0   0   3  17   6   0   0   0  0.35 0.21
   11 L    0 -4 -4 -5 -3 -4 -4 -4 -4  2  1 -4  1  1 -4 -2  1  3 -2  4    6   0   0   0   0   0   0   1   0  11  15   0   3   5   0   1  12   5   0  40  0.55 0.30
   12 L    2  5 -1 -4 -3 -2 -3 -1 -2 -2 -2  0 -1 -3 -3 -1 -1 -4  0  2   24  34   3   0   0   0   0   3   1   1   2   2   1   0   0   2   4   0   4  18  0.48 0.31
   13 D   -2 -2  1  3 -5 -1  5 -1 -2 -4 -4 -2 -2 -5 -2  0 -1 -5 -4 -3    2   1   5  19   0   1  50   4   0   0   1   1   1   0   1   8   3   0   0   2  0.84 0.39
   14 K   -1  3  1 -3 -4 -1 -2 -3  1 -3 -2  1  0  1 -2 -1 -1  2  5 -3    4  20   7   0   0   1   0   1   3   1   4  10   2   3   1   5   4   3  29   0  0.50 0.28
   15 Y   -2 -4 -4 -5 -3 -4 -4 -5 -2  2  4 -3  2  4 -4 -3 -2  2  1  1    2   0   0   0   0   0   0   0   1  11  42   1   5  18   0   0   2   2   5  11  0.60 0.27
   16 T    2 -2 -1 -3 -3 -2 -1 -3 -1  0 -2  0 -1 -2 -3  1  5 -1 -2 -1   16   1   1   0   0   1   2   0   1   5   3   4   1   1   0  11  48   1   1   2  0.58 0.35
   17 P   -1 -4 -3 -3 -5 -3 -1  1 -4 -5 -2 -2 -4 -3  7  0  0 -1 -5 -4    5   0   1   1   0   0   3   9   0   0   4   2   0   1  60   8   4   1   0   1  1.36 0.47
   18 V    0 -2 -3 -2 -3 -3 -3 -3 -2  2 -1 -3 -1 -3  3  0  0 -4 -3  4    6   2   0   2   0   0   0   1   1   9   4   0   0   0  14   8   5   0   0  47  0.52 0.27
   19 S   -1  1 -1 -3 -1 -2 -3 -3 -2 -1  3 -1  1 -2  2  1  0 -1 -1 -1    2   9   4   0   1   0   0   1   1   0  40   2   4   1  12  11   4   1   2   3  0.28 0.21
   20 H   -1  1  0 -1 -4  0  0 -1  4 -4 -3  4 -3 -4 -2  0  2 -4 -2 -3    3   5   4   2   0   3   5   3  12   0   1  34   0   0   1   7  19   0   0   0  0.48 0.27
   21 T   -1 -2  1  0 -3  1  3 -3  1  0 -2  0 -2 -1 -1  0  2 -3 -2  1    4   0   6   3   0   5  28   0   4   6   2   6   0   2   2   5  14   0   0  12  0.23 0.17
   22 S    0 -3 -1 -1  1  0 -2 -2 -3 -4 -4 -2 -3 -4 -2  6  0 -4 -3 -3    3   0   1   3   4   3   1   2   0   0   1   1   0   0   1  76   2   0   0   1  1.07 0.45
   23 T    1  1  0  1 -3  3  1 -1 -1 -2 -3  3 -2 -3 -2  0  1 -4 -3 -1   12   5   4  10   0  14   6   4   1   2   1  21   0   0   0   5  12   0   0   4  0.27 0.17
   24 F   -4 -4 -4 -5 -4 -4 -4 -2 -3 -2 -1 -4 -2  8 -5 -2 -4 -2  2 -1    1   0   0   1   0   0   1   4   0   0   5   1   0  74   1   3   1   0   4   4  1.64 0.50
   25 R   -1  3 -2 -1 -3  1  1 -3  0 -1  0  3 -1  0 -2  0 -1 -3  0 -1    3  19   0   2   0   5  11   1   2   4   8  27   1   3   0   5   2   0   3   5  0.28 0.18
   26 N   -2  0 -1  1 -4  2  5 -2  1 -4 -4  0 -3 -4 -1  1  1 -4 -3 -3    2   5   2   4   0   7  48   2   3   0   1   4   0   0   3  11   8   0   0   2  0.62 0.29
   27 T   -1  0  0  0 -1 -1 -1 -1  2 -2 -2  3 -2 -3  0  1  3 -4 -3 -2    1   3   4   4   1   1   3   3   5   1   4  27   0   0   5   8  29   0   0   0  0.36 0.23
   28 G   -1  0 -2 -3 -4 -1 -3  6 -3 -4 -4 -2 -3 -4 -3  0 -3 -4 -4 -2    3   5   0   0   0   2   1  74   0   0   1   0   0   0   0   7   0   0   0   3  1.18 0.37
   29 Q   -1  1 -2 -2  0  2  0 -3 -2  0 -1  0  1  0 -3  0  1  1  0  3    2   9   0   1   2  13   4   1   0   4   2   3   4   4   0   5  11   2   4  28  0.18 0.16
   30 I   -2 -3 -3 -3 -2 -1 -3 -4 -3  3  4 -3  2  0 -3 -3  0 -2 -2  1    1   1   0   1   0   3   1   1   0  29  46   1   3   4   1   1   4   0   0   5  0.48 0.21
   31 T   -1 -2  2 -2 -2 -2 -2 -1 -2 -1 -2 -2  0 -3 -2  3  4 -3 -3 -1    1   1  10   1   0   0   1   4   0   3   1   1   3   0   1  29  41   0   0   4  0.51 0.26
   32 P   -1 -3 -2 -1 -3 -1 -1 -3 -3  0 -2 -2  0 -3  6 -1  1 -3 -3  1    3   1   1   2   0   3   3   1   0   7   3   1   3   0  48   3   9   0   0  12  0.85 0.25
   33 E   -1  0  0  0 -3  1  2 -1  1 -2 -1  1  0 -2  0  0  0 -3  2  0    4   3   5   4   0   6  20   4   4   0   4   7   3   0   5   5   5   0   9  10  0.15 0.13
   34 E    0 -2 -2  2 -4  2  5  0 -2 -4 -4  1 -3 -4 -3  1 -2 -4 -4 -4    7   1   0  11   0   8  42   8   0   1   1  10   0   0   1   8   1   0   0   1  0.69 0.33
   35 F   -3 -4 -4 -4 -4 -4 -2 -4 -3 -2  0 -4  0  8 -4 -2 -3 -2  1 -3    1   1   1   1   0   1   4   1   0   1   7   1   3  69   1   3   1   0   2   1  1.40 0.46
   36 V   -1 -1 -2 -3  1 -2 -2 -3 -3  3  0 -2  2 -2 -3 -1 -1 -3 -1  4    2   3   2   1   4   2   2   1   0  15   5   2   5   0   1   6   2   0   2  46  0.45 0.25
   37 A    3 -1 -1  0 -2  0  0 -2 -2  1  1 -1  0 -2 -2  0  1 -3 -2  1   33   2   2   5   0   3   5   1   0  11  12   3   2   0   1   5   8   0   0   7  0.17 0.15
   38 A    5 -2 -2 -1 -2 -2 -2 -2  1 -3 -3 -2 -2 -3 -2  1  0 -3 -3 -2   67   1   1   4   0   1   1   1   5   1   1   1   0   0   1   9   6   0   0   1  0.76 0.34
   39 G    1 -3 -2 -1 -3 -3 -1  5 -3 -1 -3 -3 -3  0 -3 -1 -2 -3 -3 -2   15   0   0   4   0   0   3  58   0   4   1   1   0   6   0   3   1   0   0   3  0.78 0.29
   40 D   -1  0  0  5 -4  0  1 -1  0 -2 -2  0 -3 -4 -2 -1 -1 -4 -3 -3    7   5   3  50   0   5   5   5   2   3   5   6   0   0   0   1   3   0   0   1  0.59 0.26
   41 Y   -1 -1  1  1 -1  0  1 -2  3 -2 -1  0 -1  2 -1 -1  0 -1  2 -1    4   2  10   7   1   3   9   2  11   0   6   4   1  12   2   3   5   0  11   5  0.13 0.11
   42 L    0 -2 -2 -2 -2 -1  0 -2 -2  1  1 -1  2 -1  2  0 -1  5 -1  1   11   1   0   1   0   0  11   1   0  11  11   1  10   0  11  11   1  10   0  11  0.19 0.11
   43 T    0 -3 -3 -4  1 -1 -3 -2 -4  2  0  0 -1 -3 -3 -1  2 -4 -3  5    7   0   0   0   3   2   1   2   0  12   4   6   0   0   0   3  12   0   0  46  0.51 0.32
   44 F    0  0  0  0  0  1  0 -2  4 -1 -2 -1 -1  1 -3  1  0 -2  3 -2    7   5   2   6   2   7   4   2  14   4   3   2   2   6   0  13   4   0  14   1  0.22 0.19
   45 K    0  0  0 -2  2  1  0 -3  4 -3 -2  4  1 -3 -2 -1 -1 -4 -1 -1    6   3   5   1   5   7   3   1  11   0   4  36   5   0   2   2   4   0   2   5  0.41 0.28
   46 F   -2 -2 -2 -1  7 -3 -3 -2 -1 -3 -2 -3  0  5 -4  0 -1 -2  1 -2    3   2   2   4  29   1   1   2   2   1   2   1   2  31   1   7   4   0   3   2  0.88 0.40
   47 P    0  1 -1  1 -2  1 -1  0  2  0 -1  1 -1 -2  1  0  0 -3 -2 -1    8   8   0   8   0   8   0   8   8   8   8   8   0   0   8   8   8   0   0   0  0.10 0.10
   48 S   -1 -1  0 -1  0 -1 -1 -1 -3 -1 -2 -2  1 -3 -1  2  4 -4 -3  0    2   3   5   2   2   2   4   4   0   2   2   0   4   0   2  20  38   0   0   6  0.38 0.26
   49 W   -4  1 -4 -4  3 -3 -4 -4  3  1  0 -3 -3 -2 -4 -4 -3 10 -1 -3    1   8   0   1   7   0   1   1   8   8   8   1   0   0   1   1   1  53   0   1  1.87 0.47
   50 S    0  1 -1 -2  2  1  0  0  2 -1  0  1 -1  1 -2  0  0 -2 -1  0    8   8   0   0   7   7   8   8   7   0   8   8   0   7   0   8   8   0   0   8  0.07 0.11
   51 W   -1 -2 -1  1  4 -1 -1 -2  3 -2 -2 -2 -1  2 -2  1  1  5  0 -2    1   1   1  13  13   1   1   1  13   1   1   1   0  13   1  13  13  13   0   1  0.29 0.10
   52 A    0  0  0  0  2  1  0  0 -1 -2 -1  0  1  0  1  0  0 -2  1  0    6   6   6   6   6   6   6   6   0   0   6   6   6   6   6   6   6   0   6   6  0.05 0.09
   53 D    1 -1  0  2  0  1  0  0 -2 -1 -2  1 -1 -1  1  1  1 -3 -3 -1   12   3   3  11   3   7   5   8   0   3   2   8   2   3   6   9   9   0   0   5  0.11 0.13
   54 A    3 -2 -1 -1  2 -3 -1  4  0 -2 -2 -3 -4 -5  0 -1 -1 -5 -4 -1   23   2   3   4   5   0   3  35   3   2   3   0   0   0   4   4   3   0   0   5  0.52 0.38
   55 D    0 -1 -1  4  1  0 -1  0 -6 -1 -2 -1  1 -7  1  1 -1 -7 -7 -1    8   3   3  24   3   4   4   8   0   4   4   3   3   0   7  10   4   0   0   4  0.39 0.28
   56 S   -1  0  0  0  2  0  0 -1  2  0 -1  0  2  1  0 -1  0  3  1 -1    5   5   5   5   5   5   5   5   5   5   5   5   5   5   5   5   5   5   5   5  0.09 0.08
   57 P    0  0 -1  1  0 -1  0 -1 -1 -1 -1  0 -2 -1  4  0 -1  1 -1 -2    7   4   3   7   2   3   4   5   2   4   7   6   0   2  25   9   3   2   2   3  0.29 0.20
   58 S    0  0  1 -1 -3  0  0  1 -3 -1 -2  1 -3 -1 -3  3  0 -4 -3 -2    7   5   7   2   0   4   6  11   0   4   3  11   0   3   0  28   5   0   0   3  0.27 0.27
   59 K   -1  2  0 -2  0  0 -2  0  0 -2 -2  4 -1 -2 -3  0 -1 -4  0 -2    6  13   3   2   2   4   0   6   2   2   4  35   2   2   0   6   3   0   4   3  0.41 0.34
   60 R    1  4 -1 -3  1  0  0 -1  0 -1 -1  1 -2 -1 -1 -1  0 -3  0  0   11  26   2   0   3   4   5   4   2   4   5   6   0   2   3   3   7   0   4   8  0.22 0.23
   61 L    0  0  0  0  2  1  0  0  2  0 -1  0  1 -2 -3  0  0  3  1  0    6   6   5   6   5   5   6   6   5   6   6   6   5   0   0   6   6   5   5   6  0.07 0.12
   62 T    0  0  1  3  1 -2  0 -2 -1 -3 -3  0 -1 -2  2  2  0 -4 -1 -1    5   5   5  19   4   0   5   2   2   0   1   6   1   1  12  22   5   0   2   4  0.31 0.26
   63 F   -2  0  0 -3  1 -3 -1 -2  2 -3  0 -2 -2  2 -2 -2 -1  4  6 -1    3   6   6   0   3   0   4   3   6   0   8   2   0   9   2   2   5   5  31   3  0.53 0.36
   64 L   -2 -3 -2 -4  1  0 -2 -3  0 -1  4 -3  1  1  2 -3 -1 -3 -3  0    3   0   2   0   3   4   2   2   3   1  52   0   3   5   9   1   3   0   0   5  0.54 0.38
   65 P   -1 -1 -2  0 -5  0 -1 -2  0 -2 -2 -1 -4 -5  7 -1 -3  1 -4 -4    4   3   2   5   0   4   3   3   2   3   4   3   0   0  57   4   1   2   0   1  1.27 0.60
   66 A    0  0  0  0 -3  0  1 -1  2 -1 -1  1  0 -3  3  0  0 -3 -2  0    7   4   4   4   0   3   9   4   6   4   4   9   3   0  17   8   6   0   0   6  0.20 0.16
   67 G    0  1  1  1  2  1  1  0  2 -2 -1  1 -2 -3  1  0  0 -3 -2 -2    7   7   7   7   7   7   7   7   7   0   7   7   0   0   7   7   7   0   0   0  0.14 0.12
   68 K    0  2  1 -2 -4  1  0  0 -2 -4 -4  4 -3 -4  2  0 -2 -4 -3 -3    6  11   6   0   0   6   6   6   0   0   1  40   0   0  10   6   0   0   0   1  0.53 0.28
   69 Q   -1  0  0 -2 -3  3  0 -3  2 -1 -2  0  0  0  2  1  0  5 -1 -2    4   5   5   0   0  17   5   1   6   5   1   5   4   5  12  11   5  10   0   1  0.32 0.24
   70 F    0  0 -2 -2  2 -2 -2  0 -2  0  0 -2  1  1  1  0  0 -2  1  0    8   8   0   0   7   0   0   8   0   8   8   0   7   7   8   8   8   0   7   8  0.09 0.11
   71 L    1  1 -2 -2 -1 -1 -2 -2 -2  1  1 -1  2  2 -2  0 -1 -2 -1  1   12  12   0   1   0   0   1   1   0  12  12   1  11  12   1  12   1   0   0  12  0.09 0.07
   72 V   -1  0 -1 -1  2 -1 -2 -2  1  2  0  0  2  0 -3 -1 -1 -3  1  1    3   5   3   4   6   3   0   3   3  19   8   5   8   4   0   5   3   0   5  11  0.11 0.16
   73 T    0  0  0 -2  2  1  0 -2  2  0  0  0  1  1 -2  0  0 -2  1  0    6   6   6   0   6   6   6   0   6   6   6   6   6   6   0   6   6   0   6   6  0.07 0.12
   74 R   -1  4  0  0  1  1  0 -3  1 -3 -2  1  0 -1 -1  0  1 -4  0 -1    3  24   5   4   3   6   6   0   4   0   4  10   2   2   3   7   9   0   3   4  0.26 0.25
   75 H    0  0  0  0  2  0  0  0  1  0 -1  0  1  0  1  0  0 -3 -1  0    6   6   5   6   5   5   6   6   5   6   6   6   5   5   6   6   6   0   0   6  0.03 0.07
   76 V    0 -2  0  0  2  0  0  0  2  0  0 -2  1  1 -3  0  0  3  1  0    6   0   6   6   6   6   6   6   6   6   6   0   6   6   0   6   6   6   6   6  0.09 0.14
   77 P    0  0  1  1 -2  1  0 -2  2  0  0 -1 -1  1  1  0  0 -3 -1  0    7   7   7   7   0   7   7   0   7   7   7   0   0   7   7   7   7   0   0   7  0.07 0.10
   78 C   -1  0  0 -5  9  0  1 -5 -5 -5 -2 -5 -5  1 -5  0 -4 -5  1 -1    6   5   5   0  41   5   9   0   0   0   5   0   0   5   0   8   0   0   4   5  1.31 0.58
   79 H    0  0  0  0  2  0  0 -1  1  0 -1  0  1  0  0  0  0 -2  1  0    5   5   5   5   5   5   5   5   5   5   5   5   5   5   5   5   5   0   5   5  0.03 0.05
   80 R   -2  4 -1 -1 -1  2 -1  0  0 -2 -3  3  1 -4  1 -1 -1 -4  0 -2    3  28   2   4   2   8   3   6   2   2   2  15   5   0   6   4   4   0   3   2  0.41 0.32
   81 R   -1  4  0  0 -4  1  0  0 -2 -1 -1  0  1 -1  0 -1 -1  4 -2 -3    5  30   4   6   0   5   5   7   0   4   4   3   5   3   4   4   3   6   0   0  0.31 0.28
   82 L    0  0 -1  0  3 -1  0 -2 -2  0  1 -1 -1  0  1  0  0 -2  0  1    8   5   3   6   7   0   7   0   0   4  16   4   0   5   7   7   6   0   4  10  0.06 0.11
   83 N    0  0  1  1  0  1  1 -1  0 -1 -1  2 -2 -1 -1  1  0  1 -2 -1    8   3   6   7   2   8   7   5   2   5   4  15   0   3   2   9   6   3   0   4  0.09 0.11
   84 N    0  1  1  2 -3  1  2 -1  1 -1 -2  0 -1 -3 -1  1  0  1 -1 -1    6   9   7  11   0   7  13   3   3   3   2   3   2   0   2  15   5   2   2   5  0.17 0.18
   85 D    0  0  0  0 -3 -1  0  0  2  0  0  0  1  1 -2  0  0  3  1  0    6   6   6   6   0   0   6   6   6   6   6   6   6   6   0   6   6   6   6   6  0.06 0.10
   86 F    0 -1 -1  1 -4 -1  4 -2  1  0 -1 -1  0  2 -4 -1 -1  1  0 -1    7   2   3   7   0   2  27   3   3   5   5   3   3  10   0   5   3   2   3   5  0.27 0.28
   87 A    0  0  0  0  1  1  0 -1  2 -1 -1  0  0  0  0  0 -1 -2  3 -1    9   4   5   5   3   7   7   5   5   3   4   4   3   5   4   8   4   0  12   4  0.09 0.13
   88 G    0  0  0  0  2  0  0 -1  1  0 -1  0  1  0  0  0  0 -2  1  0    5   5   5   5   5   5   5   5   5   5   5   5   5   5   5   5   5   0   5   5  0.03 0.05
   89 D    0 -2  0  0 -3  0  0  0  2  0 -1  0  1  1  0  0  0  3  1  0    6   0   5   6   0   5   6   6   5   6   6   6   5   5   6   6   6   5   5   6  0.07 0.11
   90 A    1  0  2  0  1  0  1  0  1 -1 -1 -1  1 -1 -1  0  0  2  0 -2   13   4   8   5   3   4  11   6   3   4   5   4   4   3   3   6   5   3   3   3  0.09 0.10
   91 G    1 -2  0  2  0 -1  1  2 -1 -1 -2  0 -1 -2 -1 -1  1  0 -2 -2   10   2   5  12   2   3   8  16   2   4   4   7   2   2   3   4   9   1   2   3  0.17 0.15
   92 H    0  0  0  1 -1  0  3  0  2 -1  0 -1 -5 -2 -2 -2 -1  1 -1 -1    8   6   4   8   2   4  21   7   5   3   9   4   0   2   2   3   5   2   2   4  0.21 0.18
   93 E    0  0  0  0  2  0  0 -1  1  0 -1  0  1  0  0  0  0 -2  1  0    5   5   5   5   5   5   5   5   5   5   5   5   5   5   5   5   5   0   5   5  0.03 0.05
   94 E   -1 -1 -1  2 -7  0  4  0 -6 -7 -2  0  1  0  0 -2  0  3 -6 -2    5   4   3  10   0   4  28   8   0   0   5   6   3   4   4   3   5   3   0   4  0.45 0.33
   95 A   -1  0  0  0  2  0  0 -1  2  0 -1  0  2  1  0 -1  0  3  1 -1    5   5   5   5   5   5   5   5   5   5   5   5   5   5   5   5   5   5   5   5  0.09 0.08
   96 L   -1 -2 -4 -1  0 -1 -1 -2 -1  2  2 -2  1  2 -2 -2 -1  3 -1  2    4   2   0   4   2   3   4   3   1  14  19   2   4   9   2   3   2   4   1  15  0.23 0.21
   97 V    0 -1  0  0  0 -1  0 -1 -2  1  1 -1  1 -2 -1  0  0 -3 -1  2    5   3   4   4   2   2   5   6   0  10  12   3   5   0   3   6   6   0   2  19  0.06 0.12
   98 E   -1  0  0  2 -3  0  2 -1  1 -1 -1  0 -2  0  0  1  0  2  0 -1    3   4   3  14   0   3  13   5   4   4   5   6   0   4   4  11   4   3   3   6  0.11 0.14
   99 G    0  0  0  0 -2  1  0  0  1  0  0  0  1  0  1  0  0 -3 -1  0    6   6   6   6   0   6   6   6   6   6   6   6   6   6   6   6   6   0   0   6  0.04 0.07
  100 N   -1  0  0  0  2  0  0 -1  2  0 -1  0  2  1  0 -1  0  3  1 -1    5   5   5   5   5   5   5   5   5   5   5   5   5   5   5   5   5   5   5   5  0.09 0.08
  101 K   -1  0  0  2  0  0  1  1 -1 -1 -1  0  0  0 -1  0  0  3 -1 -2    5   5   4  13   2   4  11  10   1   3   5   4   3   4   3   7   6   4   3   3  0.10 0.11
  102 G    0 -1  0  1  0  0  1  1  0 -1 -1  0  0  0  0  0  0  0 -1 -1    9   3   4   9   2   4  10  11   3   2   7   5   3   6   3   5   6   1   1   4  0.05 0.06
  103 G    0  0  0  1  0 -1  1  2  0 -1 -1  0 -1 -1  0  0  0  0 -3 -2    7   5   5  10   2   2  11  15   2   5   7   4   2   2   5   8   4   1   0   3  0.10 0.11
  104 D   -1 -1  0  4 -5  0  1  2 -1 -3 -3 -1 -1 -5 -1 -1  0  1 -1 -1    5   4   4  26   0   3   9  15   2   2   2   3   2   0   4   4   6   2   2   6  0.37 0.31
  105 D    0  0  0  0 -3  1  0  0  1  0 -1  0  1  0  0  0  0  3 -1  0    6   6   5   6   0   5   6   6   5   6   6   6   5   5   6   6   6   5   0   6  0.06 0.09
  106 D   -1 -1  1  3  1 -1  2  0 -3 -2 -1 -1 -1 -2  0  0  0  0 -2 -1    4   3   6  17   4   2  14   8   0   2   7   3   1   2   5   6   7   1   1   4  0.17 0.18
  107 D   -1  0  1  2 -1  0  2  0  0 -1 -2  0  1 -1 -1  1  1  2  1 -2    3   4   6  14   1   3  12   6   2   3   4   5   4   3   3   9   8   3   4   2  0.13 0.15
  108 G    0 -1  0  1 -3  0  1  1  1 -1 -3  0 -3  0  2  0  0  2  1 -1    5   3   4   7   0   4  10  14   4   3   1   5   0   3  10   8   5   3   6   4  0.15 0.17
  109 W   -1 -1 -1  0 -5  0 -1  0 -4  0 -1 -1  1  1 -1 -1 -1  8  0 -1    6   3   3   5   0   4   4   6   0   5   7   4   4   5   4   4   5  23   3   4  0.55 0.39
  110 L    0  0  0  0  2  0  0 -1  1  0 -1  0  1  0  0  0  0 -2  1  0    5   5   5   5   5   5   5   5   5   5   5   5   5   5   5   5   5   0   5   5  0.03 0.05
  111 R    0  0  0  1  1  2  1 -1  1  0 -1  1  0 -1 -1  0 -1  4  0 -1    6   4   4   7   3   8   8   5   4   7   5   8   3   3   3   7   4   5   3   4  0.09 0.09
  112 T    0  0  0  0 -2 -1  0  0  1  0  0  0  1  0  1  0  0 -2  1  0    6   6   6   6   0   0   6   6   6   6   6   6   6   6   6   6   6   0   6   6  0.03 0.07
  113 G   -2 -2  0 -1  0 -1  1  3  6 -2 -4  0 -1 -1  1 -1 -2  0 -1 -2    4   2   5   4   2   2   8  19  21   2   2   5   2   3   6   4   2   1   2   3  0.50 0.36
  114 S    1 -1  0  0  0  0  0  2  3 -1 -2  0  0 -2  1  1  0 -4 -1 -1   11   2   4   5   2   3   7  15   8   4   3   4   2   2   7  10   5   0   2   4  0.13 0.15
  115 M    0  0  1  0  0  0  0  1  0  0  0  0  0  0  0  0  0 -2  0  0    6   5   7   6   2   3   3  10   3   4   9   6   3   4   4   6   6   0   5   8  0.01 0.02
  116 T    0  1  0  1 -4  0  1  0  1 -1 -1 -1  0 -1  2  1  0 -4 -3 -1    9   7   4   8   0   4   9   8   3   3   5   4   3   2  12   9   7   0   0   3  0.14 0.16
  117 S   -1  0  0  0  2  0  0 -1  2  0 -1  0  2  1  0 -1  0  3  1 -1    5   5   5   5   5   5   5   5   5   5   5   5   5   5   5   5   5   5   5   5  0.09 0.08
  118 S    0  0  0  0  2  1  0  0  1  0 -1  0  1 -2  1  0  0 -3  1  0    6   6   5   6   5   5   6   6   5   6   6   6   5   0   6   6   6   0   5   6  0.04 0.08
  119 Q    0  0  0  0  2  1  0  0  1  0 -1  0  1 -2  1  0  0 -3  1  0    6   6   5   6   5   5   6   6   5   6   6   6   5   0   6   6   6   0   5   6  0.04 0.08
  120 P    0  0  0  0  2  0  0 -1  2  0 -1  0  1 -2  0  0  0  3  1  0    5   5   5   5   5   5   5   5   5   5   5   5   5   0   5   5   5   5   5   5  0.07 0.11
  121 L    0  0  0  1  1  0  1  0  0 -1 -1  0  0 -1  0  0  0 -4  0 -1    8   4   4  10   3   5   8   9   3   4   6   6   3   3   5   6   6   0   4   5  0.04 0.05
  122 R   -1  0  0  0  2  0  0 -1  2  0 -1  0  2  1  0 -1  0  3  1 -1    5   5   5   5   5   5   5   5   5   5   5   5   5   5   5   5   5   5   5   5  0.09 0.08
  123 V    0  0  0  0  2  0  0  0  1  0 -1  0  1  0  1  0  0 -3 -1  0    6   6   5   6   5   5   6   6   5   6   6   6   5   5   6   6   6   0   0   6  0.03 0.07
  124 R    0  0  1  2  1  1  1  0  0 -1 -2  1  0 -1  0  0  0 -3  0 -1    7   6   7  11   3   6   8   6   2   4   2   8   3   3   5   7   4   0   3   4  0.08 0.10
  125 E   -1 -1  0  2 -5  0  2  0  1 -1 -2  0  1 -1 -1  0  0  2  0 -1    6   3   5  11   0   4  13   8   4   4   4   7   3   3   3   6   5   3   3   5  0.12 0.12
  126 V   -1  0  0  0  2  0  0 -1  2  0 -1  0  2  1  0 -1  0  3  1 -1    5   5   5   5   5   5   5   5   5   5   5   5   5   5   5   5   5   5   5   5  0.09 0.08
  127 R    0  0  0  1  0  1  1  0  0 -1 -1  0  0 -1  1 -1  0  1 -1 -1    8   5   5   9   2   5  10   6   2   4   6   6   2   3   8   4   7   2   2   4  0.06 0.07
  128 N    0  0  0  0 -3  1  0  0  1  0 -1  0  1  0  0  0  0  3 -1  0    6   6   5   6   0   5   6   6   5   6   6   6   5   5   6   6   6   5   0   6  0.06 0.09
  129 I    0  0  0  0  2  0  0 -1  1  0 -1  0  1  0  0  0  0 -2  1  0    5   5   5   5   5   5   5   5   5   5   5   5   5   5   5   5   5   0   5   5  0.03 0.05
  130 D    0  0  0  0  2  0  0  0  1  0 -1  0  1  0  1  0  0 -3 -1  0    6   6   5   6   5   5   6   6   5   6   6   6   5   5   6   6   6   0   0   6  0.03 0.07
  131 D   -1  0  0  0 -3  0  0 -1  1  0 -1  0  1  0  0  0  0  3  1  0    5   5   5   5   0   5   5   5   5   5   5   5   5   5   5   5   5   5   5   5  0.06 0.08
  132 A   -1  0  0  0  2  0  0 -1  2  0 -1  0  2  1  0 -1  0  3  1 -1    5   5   5   5   5   5   5   5   5   5   5   5   5   5   5   5   5   5   5   5  0.09 0.08
  133 G    0  0  0  0  2  0  0 -1  1  0 -1  0  1  0  0  0  0 -2  1  0    5   5   5   5   5   5   5   5   5   5   5   5   5   5   5   5   5   0   5   5  0.03 0.05
  134 N    0  0  0  0  2  0  0 -1  1  0 -1  0  1  0  0  0  0 -2  1  0    5   5   5   5   5   5   5   5   5   5   5   5   5   5   5   5   5   0   5   5  0.03 0.05
  135 V    0 -1  0  1  0  0  0 -1  0  1  0  0  0  0  0  0  0 -2  0  0    7   2   4  11   2   4   6   5   3   9  10   4   3   4   4   7   3   0   3   9  0.02 0.05
  136 G    0 -1  0  1  0  0  1  1  0 -1 -1  0  0  0  0  1  0 -3  0 -1    7   3   3   9   3   5   8  13   3   4   4   5   3   4   3  11   5   0   3   4  0.07 0.09
  137 D   -1  0  0  0 -3  0  0 -1  1  0 -1  0  1  0  0  0  0  3  1  0    5   5   5   5   0   5   5   5   5   5   5   5   5   5   5   5   5   5   5   5  0.06 0.08
  138 R    0  0  0  0  2  0  0 -1  1  0 -1  0  1  0  0  0  0 -2  1  0    5   5   5   5   5   5   5   5   5   5   5   5   5   5   5   5   5   0   5   5  0.03 0.05
  139 E    0  0  0  0 -2  1  0  0 -1  0  0  0  1  0  1  0  0 -2  1  0    6   6   6   6   0   6   6   6   0   6   6   6   6   6   6   6   6   0   6   6  0.03 0.06
  140 V    0  0  0  0  2  0  0 -1 -2  0 -1  0  1  0  0  0  0  3  1  0    5   5   5   5   5   5   5   5   0   5   5   5   5   5   5   5   5   5   5   5  0.05 0.08
  141 V    0 -1  1  1  0  0  1 -1  0  0  0  0  1 -1  1  0  0 -3  0  0    6   3   6   8   3   3  10   3   3   6   9   7   4   3   8   6   4   0   3   5  0.05 0.07
  142 D   -1 -1  1  4  1 -1  3 -2  1 -1 -2 -1 -3 -1 -1 -1 -1 -4 -1 -2    4   2   6  24   3   2  23   3   3   3   4   3   0   3   3   3   4   0   2   3  0.39 0.34
  143 E    0  0  1  1 -3  1  3 -1  0 -1 -1 -1  1 -1  0 -1  0 -3  0 -1    8   4   6   9   0   5  23   4   3   3   5   3   4   3   3   4   4   0   3   4  0.16 0.19
  144 D    0  0  0  0  2  0  0  0  1  0 -1  0 -1  0  1  0  0 -2  1  0    6   6   5   6   5   5   6   6   5   6   6   6   0   5   6   6   6   0   5   6  0.03 0.06
  145 D   -1 -1  1  5 -2  0  3 -1 -1 -1 -3 -2 -4 -2  0 -1  0 -5 -2 -3    6   3   6  29   1   3  18   5   2   5   3   2   0   2   4   3   5   0   1   2  0.45 0.36
  146 I    0 -2 -1  1  1 -1  1 -2 -2  2  1 -3  0  0  1 -1 -1 -1  0  0    7   1   3  11   3   2  10   2   1  16  14   0   2   5   7   4   3   1   4   5  0.13 0.16
  147 P    0 -2 -1  2  0 -2  2 -2 -3  0 -1 -1  0 -1  3  0 -1 -4 -2 -1    9   2   3  13   2   1  12   3   0   5   7   3   2   2  18   8   3   0   1   5  0.25 0.24
  148 D   -1 -2  1  4 -2 -1  2  0 -4 -2 -2 -1  1 -3 -2  0  1  1 -4 -2    6   2   7  28   1   2  12   6   0   3   3   4   3   1   2   5   8   2   0   3  0.40 0.32
  149 M   -1 -1 -1  2  1 -1  1 -2 -1  0  1 -1  4 -1  0  0 -1 -1 -1  0    6   3   2  12   3   2  10   3   1   4  11   4  13   2   5   6   4   1   2   8  0.13 0.17
  150 E    0 -1  0  2  0  0  2 -1 -1  0 -1  0 -1 -1  0  0  0 -3 -1 -1    9   2   4  15   3   4  15   5   1   6   6   4   2   3   4   6   5   0   2   4  0.11 0.13
  151 D    0 -1  1  3 -4  0  3 -2  0 -1 -2  0  0 -2 -1  0  0 -4 -2 -1    8   3   8  20   0   3  18   3   2   4   4   5   2   2   3   5   6   0   2   4  0.25 0.24
  152 D    0 -1  1  1  0  0  1 -1  0 -1 -1  0  0  0  1  0  0 -3  0  0   10   2   6  10   2   4  11   3   2   4   6   6   2   6   6   7   4   0   4   6  0.06 0.08
  153 D    0  0  0  1 -3  0  1 -1  1 -1 -1  0 -2  0  1  0  0  1 -1 -1   11   4   6  11   0   4  10   5   3   5   6   4   0   4   8   6   6   3   2   5  0.09 0.10
  154 D   -1 -1  0  2  1  1  2 -1  0 -1 -1  0  0 -1  1  0  1 -3  0 -1    5   3   3  12   3   6  13   5   2   2   8   3   2   2   6   7   8   0   4   4  0.09 0.12
  155 D    0  0  1  0 -2  1  0  0 -1  0  0  0  1 -2  1  0  0 -2  1  0    6   6   6   6   0   6   6   6   0   6   6   6   6   0   6   6   6   0   6   6  0.05 0.08
  156 E    0  0  0  0 -2  1  0  0  1  0 -1  0  1  0  1  0  0 -2  1  0    6   6   5   6   0   5   6   6   5   6   6   6   5   5   6   6   6   0   5   6  0.03 0.06
  157 A    0  0  0  0  2  0  0 -1  1  0 -1  0  1  0  0  0  0 -2  1  0    5   5   5   5   5   5   5   5   5   5   5   5   5   5   5   5   5   0   5   5  0.03 0.05
  158 I    0 -1  0  2  0  0  1 -1  0  0 -1  0  0 -1  0  0  0  0  0  0   11   2   3  12   2   3   8   3   2   8   7   6   2   3   3   5   8   1   3   8  0.05 0.07
  159 I    0 -1 -1  0  1 -1  0 -1  0  2  0 -1  0 -1  0 -1  0 -3 -2  2    9   4   2   6   3   3   7   3   2  12   7   3   2   3   4   4   6   0   0  19  0.07 0.12
  160 R    0  0  0  1  0  1  1 -1  0  0 -1  0  0 -1  0  0  0 -3  0  0    8   7   4  10   3   6  10   4   3   7   4   5   3   3   4   5   6   0   3   6  0.05 0.06
  161 A    0  0  1  0  2  1  0  0  2  0 -1  0 -1 -2  1  0  0 -3 -2  0    6   6   6   6   6   6   6   6   6   6   6   6   0   0   6   6   6   0   0   6  0.07 0.08
  162 E    0 -1  0  0  1  0  0  1  1 -1 -1  0  1  0  1  0  0  2  0 -1    9   3   5   6   4   5   5  10   4   4   7   4   4   3   6   6   6   3   3   4  0.04 0.04
  163 G    0  0  0  0  2  0  0  0  1  0 -1  0  1  0  1  0  0 -3 -1  0    6   6   5   6   5   5   6   6   5   6   6   6   5   5   6   6   6   0   0   6  0.03 0.07
  164 D    0  0  0  0 -2  1  0  0  1  0 -1  0 -1  0  1  0  0 -2  1  0    6   6   6   6   0   6   6   6   6   6   6   6   0   6   6   6   6   0   6   6  0.04 0.06
  165 N    0  0  0  0  2  0  0  0  1  0 -1  0 -1  0  0  0  0 -2  1  0    5   5   5   5   5   5   5   5   5   5   5   5   0   5   5   5   5   0   5   5  0.00 0.06
  166 S    0 -1  2  1  0  0  0  0  0 -1 -2 -1 -1 -2  0  1  1 -3  0  0   10   2  13   6   3   3   7   7   3   3   2   4   1   2   4   8   9   0   4   6  0.07 0.16
  167 N    0  0  1  0  0 -1  0 -2  0  2 -1 -1  0 -1 -1  0  1 -3 -1  0    6   4   9   6   2   2   6   2   2  14   5   4   2   2   3   8   8   0   2   8  0.02 0.11
  168 S    0  0  0  0  2  0  0 -1  1  0 -1  0  1  0  0  0  0 -2  1  0    5   5   5   5   5   5   5   5   5   5   5   5   5   5   5   5   5   0   5   5 -0.00 0.06
  169 G    0  0  0  0  2  0  0 -1  1  0 -1  0  1  0  0  0  0 -2  1  0    5   5   5   5   5   5   5   5   5   5   5   5   5   5   5   5   5   0   5   5 -0.00 0.06
  170 K   -1  0 -1 -1  0 -1 -1 -3  0  0  0  0  1  0  0  1  1  1  0  1    4   5   2   3   2   2   4   1   3   5  10   6   5   3   4  10  13   2   4  10  0.04 0.11
  171 R    0  3  0 -3  3  0 -2 -1  4 -1 -1  0  1 -1  0  0 -1 -3  0 -1    7  19   5   0   7   4   1   4  14   4   5   4   3   3   4   5   4   0   3   4  0.24 0.24
  172 T    0  0  0 -2 -3  1  0  0  2  0  0  0  1  1 -3  0  0  3  1  0    6   6   6   0   0   6   6   6   6   6   6   6   6   6   0   6   6   6   6   6  0.08 0.12
  173 Y   -1 -3 -3 -3  1 -2 -3 -3  2 -1 -1 -3 -2  2  2 -1 -2  3  6 -1    6   0   0   0   3   0   1   1   5   3   4   0   0   6  12   4   0   3  44   5  0.66 0.31
  174 T    0  0  1  4  1 -1  2 -2 -2 -1 -2 -1 -2 -3 -2  0  0 -3 -3 -1    6   5   6  34   4   0  15   1   0   5   1   0   0   0   0   5   7   0   0   6  0.31 0.20
  175 L    0  0 -2 -3  3 -2 -2  0  2  1  0 -2  2  1 -3 -1 -1 -1  2  1    9   9   0   0   8   0   1   9   9   9   9   0   9   9   0   1   0   0   9   9  0.11 0.12
  176 Y    0 -2  0  0  2 -2 -2 -3  2  0  0 -2  1  1  1  0  0  4  1  0    7   0   7   7   6   0   0   0   6   7   7   0   6   6   7   7   7   6   6   7  0.14 0.17
  177 I   -1 -3 -3 -3  3 -3 -1 -4 -3  5  0 -3  2  1 -3  0  0 -3 -2  1    5   0   0   0   8   0   5   1   0  39   8   0   6   7   0   7   6   0   0   7  0.45 0.28
  178 T    0  0 -1 -2  0 -2  0 -2  0  0  0 -2  0 -3  1  1  3 -3 -3  1    5   7   3   0   3   0   5   3   3   4   7   0   3   0   7  10  30   0   0  11  0.23 0.22
  179 Y   -1  0  0 -3 -4 -2  0 -1  3 -3  0 -3 -2  1 -4 -3 -3  3  6 -1    5   5   5   0   0   0   8   5   8   0   9   0   0   5   0   0   0   4  40   5  0.67 0.37
  180 A    0 -2  0  2  2 -1  0 -1  1  0 -1 -2 -2  0 -2  2  0 -3  0  0    8   0   4  14   5   0   4   4   4   8   4   0   0   4   0  25   6   0   4   5  0.15 0.16
  181 N    0  1  1  0  0  0  1 -1  0 -2 -2  2 -2 -1  2  0  0 -3 -1 -1    8   5   6   5   3   2   9   3   2   2   3  20   0   3  10   8   6   0   2   3  0.17 0.14
  182 A   -1  0 -1  0 -3 -2 -3 -1  0  0 -2 -2 -1  2 -3  3 -1  3  5 -1    3   5   2   5   0   0   1   4   2   6   2   2   2   7   0  23   3   3  27   3  0.45 0.32
  183 Y   -4  0 -2 -1 -4 -3 -1 -5  1 -4 -2 -4 -3  2 -4 -4 -4  3  8 -2    1   5   2   4   0   0   3   1   3   1   4   1   0   5   1   1   1   3  61   3  1.52 0.63
  184 K   -2  4  0 -3 -4  5  0  0  1 -4 -3  1  0 -2 -3  0 -2 -4 -1 -4    2  22   3   1   0  33   4   8   3   0   2   6   3   2   0   7   2   0   2   1  0.61 0.38
  185 C   -1 -3 -1 -3  3 -3 -3 -4 -4  0 -2 -3  0 -3 -3 -1  5 -4 -3  4    4   0   3   1   7   0   1   1   0   2   3   1   2   0   0   3  39   0   0  32  0.73 0.42
  186 P   -2 -4 -4 -4  0 -4 -4 -4 -1 -5 -5 -4 -4 -1  8 -2 -3 -5 -4 -4    3   0   0   1   2   0   1   1   2   0   1   1   0   3  81   2   1   0   0   1  2.27 0.71
  187 R   -1  5 -3 -3 -2 -1 -2 -2  1 -1 -2  0  0 -2 -1 -3 -2 -4 -3  3    4  45   0   0   1   1   1   3   4   2   2   5   2   1   4   1   0   0   0  23  0.68 0.37
  188 M   -1 -1  1 -2  1 -2 -2 -3 -2  1  3 -2  2  0  0  0  0 -2 -2  1    3   4   8   0   3   0   1   1   0   5  38   1   5   3   5   8   5   0   0   9  0.16 0.13
  189 Y   -1 -2 -2 -3  1  0 -2  0  1 -1  0 -2 -1  2 -3 -2 -1  7  4  0    6   0   0   1   4   5   1   8   5   1   9   1   0   7   1   1   5  19  17  11  0.44 0.18
  190 M   -1 -2 -2 -2 -2  1 -1 -3 -1  1  1 -1  2  2 -2 -1  1 -1  2  1    1   1   0   1   0  12   1   1   0  12  12   1  11  12   1   1  12   0  11  12  0.15 0.09
  191 S   -1  3  2  0  1  0  0 -3  1  0 -1  0  0  1 -3  1  0 -3  0 -1    4  19  10   4   3   5   5   1   3   6   4   3   3   8   1  11   4   0   3   4  0.14 0.16
  192 G    1 -3  0 -1 -4 -3 -1  4  1 -3 -2 -1  1  0 -3  0  0 -4 -3 -1   10   0   4   4   0   0   4  40   4   0   4   4   4   4   0   4   7   0   0   4  0.46 0.31
  193 Y   -3 -2 -2 -5  2  0 -5 -4  2 -3 -2 -1 -4  2 -5  1 -2  2  7 -1    2   2   2   0   4   4   0   2   4   1   4   4   0   8   0   9   2   2  45   4  1.12 0.64
  194 L   -1  1  2  3  1 -1 -1 -2  2 -2  0 -1  0  0 -3  0  0  0  0 -2    5   7  10  20   3   2   2   3   6   1  12   4   3   4   0   6   5   1   4   2  0.18 0.20
  195 A    0  0  0  0  2  0  0 -1  1  0 -1  0  1  0  0  0  0 -2  1  0    5   5   5   5   5   5   5   5   5   5   5   5   5   5   5   5   5   0   5   5  0.03 0.05
  196 N   -1  0  3  2 -3  1  0 -1  2 -2 -2  0 -1 -1  0  1  0 -4  0 -2    5   6  16  13   0   6   4   3   6   3   3   4   2   3   5  11   6   0   3   3  0.19 0.19
  197 G   -1  3  0 -1 -4  0 -3  4  1 -5 -3  0 -4 -4 -1  1 -1  2  0 -4    3  17   4   3   0   4   0  33   4   0   3   5   0   0   3  10   4   3   3   0  0.51 0.38
  198 Q    0  0  0  0  2  1  0  0  2  0 -1  0  1 -2 -3  0  0  3  1  0    6   6   5   6   5   5   6   6   5   6   6   6   5   0   0   6   6   5   5   6  0.07 0.12
  199 P   -1 -1  0 -4  1  0 -4 -1 -4 -4  1 -1  1 -4  6 -1 -1 -5  0 -1    6   4   4   0   4   4   0   4   0   0  12   4   3   0  38   4   4   0   4   4  0.71 0.44
  200 L   -1 -2  1 -1 -2 -1  0 -2 -2  1  1 -2  2  2 -2  0 -1  5  0  1    1   1  10   1   0   0  11   1   0  11  11   1  10  10   1  11   1  10   0  11  0.16 0.11
  201 P    0  0  0  1  1  0  0  0 -2  0  1  0  0 -2  1  0  0 -3 -2  0    4   3   6   7   3   4   6   9   0   3  16   5   3   0   6   9   8   0   0   6  0.06 0.07
  202 P   -1 -2 -2  0 -1 -2 -1 -2  0 -2  1 -1 -1 -1  5  0 -1  1 -2 -1    5   2   2   5   1   2   3   3   2   2  15   3   2   3  32   6   3   2   2   4  0.50 0.33
  203 H    0  0  0  0  2  0  0  0  1  0 -1  0  1  0  1  0  0 -3 -1  0    6   6   5   6   5   5   6   6   5   6   6   6   5   5   6   6   6   0   0   6  0.03 0.07
  204 L    0  0  0  1 -4  3  2 -1  1 -1  0  0 -2 -3 -1  0 -1 -4  0 -1    6   3   4   8   0  17  14   3   3   3  10   4   0   0   3   8   3   0   3   4  0.18 0.21
  205 M   -1 -4 -4 -4 -3 -3 -2 -4 -4  4  1 -2  5  1 -4 -2 -1  2  0  3    4   0   0   0   0   0   2   0   0  28   8   3  15   5   0   2   3   2   3  21  0.59 0.37
  206 M   -1  1 -2 -3 -4 -1  1 -4 -2 -1  0 -1  1  3 -1 -2  0  7  2 -1    4   7   2   0   0   3  12   0   0   2   7   4   5  14   3   2   5  15   8   5  0.41 0.29
  207 E    0  1  1  1 -4  2  3 -1  1 -2 -2  1  0 -4 -3  1 -1 -4 -3 -2    5   9   6   6   0  10  26   3   4   2   3   8   2   0   0   9   3   0   0   2  0.32 0.25
  208 D   -1 -1  1  6 -1 -1 -1 -2  1 -4 -2 -2 -1 -1 -4 -1 -1  1 -2 -4    5   4   5  54   2   2   2   2   3   0   5   2   2   3   0   4   3   2   2   0  0.86 0.48
  209 I   -1 -3 -4 -4 -3 -2 -3 -4  2  4  1 -3  1  2 -4 -3 -1 -3  1  3    4   0   0   0   0   2   0   1   6  25  15   0   3   8   0   0   4   0   5  25  0.48 0.29
  210 V   -1 -2 -1 -2 -3  0 -2 -3  2  0  0 -2  1 -1  3  2 -1 -3  1  0    5   2   2   1   0   4   1   0   6   6  11   1   5   2  18  21   3   0   5   6  0.29 0.25
  211 G    0  0  1  0 -2  1  0  0  2  0 -1  0  1 -2  1  0  0 -3 -2  0    6   6   6   6   0   6   6   6   6   6   6   6   6   0   6   6   6   0   0   6  0.06 0.08
  212 D   -1 -2  1  4  1  0  2 -1 -2  0 -1 -1 -2 -1  0  0  0 -4 -3  0    4   0   6  25   4   4  12   4   0   7   4   3   0   3   3   5   4   0   0   9  0.22 0.21
  213 Y   -2 -1  1 -3  0  0 -1 -1  5 -2 -2  0  0  0 -3  2 -1 -2  5 -3    0   2   7   0   2   3   3   5  18   3   3   5   3   4   0  17   3   0  21   0  0.47 0.37
  214 K    2  3 -1 -2 -4  0 -1 -2 -1 -1 -3  3 -1 -1 -1 -1 -1 -4 -1  0   23  15   2   1   0   4   2   2   1   3   2  22   1   2   2   4   3   0   2   9  0.31 0.29
  215 D   -1  0  2  1 -2  0 -1 -1  0 -2 -1  0 -3 -1 -2 -1  0  8 -1 -4    5   4   9   9   1   5   2   6   3   2   5   7   0   2   2   5   5  25   1   0  0.63 0.39
  216 K   -1  2  0 -2 -4  0 -1 -1  0 -4 -3  5 -4 -5 -4  0  3 -5 -4 -4    5  12   5   2   0   3   4   4   2   0   2  36   0   0   0   5  18   0   0   0  0.63 0.44
  217 T   -2 -2 -3 -1 -4 -1 -4 -2 -4 -3 -2 -4  0  4 -4  0  6 -4  0 -2    3   2   0   3   0   3   0   3   0   0   2   0   3  21   0   6  49   0   3   2  0.91 0.57
  218 V    0 -1 -2 -2  3 -1 -2 -2 -1  1  1  0  2 -1 -2  0 -1 -2  2  1   11   1   0   1  10   0   1   1   0  11  11  11  10   0   1  11   1   0  10  11  0.11 0.10
  219 T    0 -1  1 -1  2  0 -1  0  1 -2 -2 -1  1 -2  2  1  3 -2 -2 -1    6   1   5   1   5   6   1   6   5   1   2   1   5   1  11   7  33   0   1   1  0.24 0.13
  220 L   -1 -1 -1 -2 -2  1 -1 -2  0  2  1 -1  2  2  1 -1 -1  1  0  1    3   3   2   0   0  11   2   2   2  14  16   2   6  11   6   2   3   2   3   9  0.11 0.11
  221 E   -2 -1 -1  2 -4  2  5 -2  3 -4 -1 -1  0  0 -3 -1 -1 -4 -3 -4    3   2   2  10   0   7  42   2   9   0   7   2   2   5   0   3   2   0   0   0  0.60 0.33
  222 D   -1 -1  0  2 -3  0  3 -1 -1  0 -2 -1 -1 -3  2  1  0  0 -2 -2    4   2   4  13   0   4  23   4   1   6   3   2   1   0  12  10   5   1   1   2  0.27 0.20
  223 F   -2 -3 -3 -2 -5 -3 -3 -2  9 -4 -1 -4 -3  5 -4 -1 -4 -4 -1 -2    3   0   0   2   0   0   1   3  50   0   7   1   0  23   0   4   1   0   0   4  1.52 0.58
  224 P   -3 -4 -3 -4 -5 -1 -4 -1 -4 -3 -4 -4 -2 -2  8 -3 -1  1 -2 -3    2   0   1   0   0   3   0   4   0   2   2   0   1   2  72   2   3   2   1   1  1.87 0.67
  225 F   -2 -2 -1 -3  0 -1 -3 -4  7  0 -1 -2 -2  3 -1 -1 -1  1  3 -1    2   1   2   1   2   3   1   1  33   5   5   1   0  15   3   4   4   2  10   5  0.72 0.36
  226 F   -2 -2 -3 -3 -2 -2 -2 -3  1  0  4 -3  1  2  0 -2  0 -2 -1  0    1   2   1   1   0   2   2   2   3   4  51   1   2   7   4   3   6   0   2   4  0.44 0.25
  227 S    0 -1  2  1  2  0  0 -1  1 -2 -1  0 -2 -2  3  1 -1 -3 -2 -2    8   3   9   7   4   3   6   3   4   1   9   4   0   2  17  14   2   0   1   2  0.23 0.15
  228 H    0  1  1 -1 -2  0  0  1  0 -1 -1  0 -1 -1  2  1  1 -2 -1 -1    6   8   6   2   1   3   5  11   2   2   6   3   1   3   9  12  12   0   2   4  0.10 0.07
  229 S    0  0  2 -1 -3 -2 -2  4 -1 -2 -2 -1 -1 -3  2  1  0 -3 -3 -1    5   5  10   2   0   1   1  32   2   3   3   2   1   1  11  11   5   0   1   4  0.37 0.21
  230 V   -1  0 -1 -2  2  0 -2 -2 -1  2  1 -1  0 -1  0 -1  0 -1 -1  2    4   5   2   1   5   4   1   3   1  17  18   3   2   1   4   5   7   1   1  15  0.12 0.11
  231 K   -2  0 -2 -2 -4  3 -2 -3  1 -3 -2  3  0 -2  5 -1  0 -4  0 -2    2   4   1   2   0  13   1   2   3   1   4  17   2   2  31   5   6   0   3   2  0.63 0.37
  232 M    0 -2  0 -2  2  1  0 -3  2  0  0 -2  2  1 -3  0  0  4  1  0    7   0   7   0   6   7   7   0   6   7   7   0   6   6   0   7   7   6   6   7  0.14 0.17
  233 A    2 -3 -3 -3  2 -2 -3 -1  1  1  0 -3  1  2  0  0  0  2  2  1   26   0   0   0   5   0   0   4   4   9   6   0   4   9   5   4   4   4   7   9  0.21 0.22
  234 S   -1 -1 -1 -2 -3  0  0 -2  0 -2 -2  0  0  0 -1  4  1  1  2 -1    3   2   2   1   0   3   6   3   2   2   3   5   3   4   2  38   9   2   7   4  0.32 0.26
  235 V   -3 -4 -5 -5  2 -4 -5 -5 -5  5  3 -4 -1  1 -4 -4 -3 -4 -3  4    1   0   0   0   5   0   0   1   0  32  27   0   0   5   0   0   0   0   0  26  0.89 0.40
  236 H   -4 -3  0 -4  2  1  0 -5 10 -5 -5 -4 -4 -4 -5 -4 -4 -5 -2 -5    1   0   4   0   4   5   5   1  76   0   1   0   0   0   0   1   0   0   0   1  2.50 0.72
  237 P    1 -4  0 -4 -5  0 -3 -4 -4 -5 -5 -3 -4 -5  8 -3 -4 -5 -5 -4   10   0   4   0   0   5   1   1   0   0   1   1   0   0  73   1   1   0   0   1  2.04 0.55
  238 C    0 -2 -4 -4 10 -4 -4 -4 -4 -3 -2 -2  1 -4 -4 -1 -3 -4 -4 -3    9   3   0   1  68   0   1   1   0   1   3   2   5   0   1   5   1   0   0   1  1.94 0.49
  239 R   -2  4  0  1 -4  0  0  0  1  0 -1  3 -1 -3 -1 -2 -2 -3  0 -3    2  30   3   8   0   4   4   7   3   7   5  19   1   0   3   0   0   0   3   0  0.35 0.19
  240 H   -4 -3 -2  0 -5  2 -3 -4  8 -3 -5 -1 -4 -4 -4 -2  4 -5  0 -4    0   0   0   5   0   9   0   0  48   1   0   3   0   0   0   2  27   0   2   0  1.49 0.56
  241 A    4 -1 -2 -3 -1 -2 -1  1 -3 -2 -2 -2 -1 -4  0  1 -2 -2 -4 -1   50   3   2   0   1   1   3  12   0   1   3   2   1   0   5  12   0   1   0   3  0.56 0.31
  242 S    0 -1  0  3  1  1  3 -1  1 -1 -2  0 -2 -3  0  1  0 -4  0 -1    6   3   4  16   4   4  20   3   3   3   4   5   0   0   3   9   4   0   3   4  0.21 0.19
  243 V    0  0 -4 -4  2 -3 -3 -1 -3  1  1 -3  2  1  0 -3  0  4  0  3    8   7   0   0   4   0   0   4   0   6  10   0   5   5   4   0   6   7   4  29  0.31 0.26
  244 M   -1  1 -1 -2 -2 -1 -2 -2  2  1  1 -1  2  1 -2  0  1 -2  0  1    1  11   0   1   0   0   1   1  10  11  11   1  10  10   1  11  11   0   0  11  0.10 0.09
  245 K    0  0  0 -1  1  1  0 -1  1 -1  0  2  2 -3 -2  0  1 -3 -2 -1    9   4   3   3   3   5   3   4   3   3  10  21   9   0   0   5   8   0   0   3  0.12 0.14
  246 T    1  2  0 -2  0  1  0 -2  1 -1 -1  2  0 -1  0  1  0 -3 -2 -1   13  16   4   0   2   5   4   1   3   3   8  17   2   2   4  10   4   0   0   4  0.16 0.16
  247 L    0  0 -3 -3 -3 -2 -2 -4 -3  2  3 -3  3  2 -1 -1 -1 -3  0  1    6   6   0   0   0   0   2   1   0  13  28   0   9  10   3   6   2   0   2  10  0.28 0.20
  248 L   -1 -3 -3 -3  1 -1 -2 -2 -3  3  2 -3  2  1 -2 -1  0 -2  1  2    4   0   0   0   4   2   2   2   0  19  21   0   7   5   2   4   4   0   4  17  0.25 0.18
  249 D   -1 -1  0  4 -1  1  2 -1  2 -2 -1  1  0 -4 -1  0 -1 -4 -3 -2    5   1   3  24   2   8  17   4   6   1   5   7   2   0   2   6   4   0   0   1  0.31 0.22
  250 R   -1  3  1 -1 -1  1  0 -1  1 -2 -2  0  1 -2  0  0  1 -1 -1  0    5  20   9   3   1   8   4   4   5   1   2   4   6   1   5   5   8   1   2   6  0.18 0.17
  251 A    2 -1 -2  0  1 -2 -1 -1 -1  0  0 -2  4 -2 -3  1 -2  3 -1  1   18   4   2   5   3   1   5   3   2   6   9   1  15   1   0   9   1   4   1   8  0.21 0.22
  252 D    1  1  1  2 -3  1  0 -1  0  0 -1  1  0 -2 -1  0  0 -3 -2  0   13   7   9  11   0   5   7   2   2   7   4   7   3   1   2   6   6   0   1   7  0.10 0.11
  253 A    2 -1  0  0 -1  1  3 -1  2 -4 -3  0 -3 -4 -1  2 -1 -4 -1 -1   18   3   3   6   1   4  21   4   5   0   1   4   0   0   3  15   3   0   3   4  0.31 0.27
  254 A    2  1  1 -1 -3  1  0  1 -1 -1 -2  0  0 -2 -1  1  0 -3  0 -1   17   9   8   2   0   6   5  12   1   4   2   5   2   1   3  13   5   0   4   3  0.14 0.15
  255 L    1 -1  0  0 -1 -1  0  3 -1 -2  1  0  0 -2 -1 -1 -1 -3 -1  0   11   2   4   6   1   1   5  24   2   1  13   7   3   1   3   3   2   0   3   7  0.14 0.14
  256 K    0  1  0  0 -1  0  1 -2  0 -1 -2  4 -1 -3 -2 -1 -2 -4 -1  0    6   7   5   5   1   4   7   3   2   4   4  33   1   0   2   4   2   0   2   7  0.31 0.25
  257 L    0  0  0  0 -1  0  3 -1 -2  0  0  0  0  0  0  0  0 -1  0  0    6   4   5   4   1   2  22   3   0   6  11   4   2   4   4   5   6   1   3   7  0.10 0.12
  258 R   -1  2 -1 -2  0  1  1 -2 -1  1 -1  0  0 -1  2 -1 -1  2 -1  0    4  12   2   1   2   6  13   3   1   9   5   4   3   3  13   4   2   3   1   8  0.15 0.14
  259 R   -1  4  0 -1 -4  3  2 -2 -1 -2 -2  2  1 -3 -1 -1 -1  0 -3 -1    4  22   4   3   0  16  12   2   1   2   4  10   3   1   2   2   4   1   0   4  0.36 0.26
  260 E    0  0  1  0 -3  1  0  0  2 -1 -1  0 -2 -2  1  0  0  3  1 -2    6   6   6   6   0   6   6   6   6   6   6   6   0   0   6   6   6   6   6   0  0.11 0.13
  261 K    0  0  0  1  0  0  0 -1  0  0  0  2 -1 -1  0  0  0  3 -2  0    9   4   3   8   3   5   5   3   3   6   9  16   0   3   4   4   4   4   0   6  0.06 0.11
  262 M    0  1 -2 -1 -3  1  0 -1  0  0  1  0  2 -1  0  0  0 -3 -2  0    6   8   0   3   0   9   8   4   2   4  14   4   8   3   4   8   4   0   0   9  0.06 0.14
  263 K    1  2  0 -1 -3  1  0 -1  0 -2 -2  3 -2 -4  1  1  0 -4 -3 -1   12  11   4   2   0   8   5   4   2   2   3  19   0   0   7  11   6   0   0   4  0.22 0.22
  264 A    1  0 -1  0 -3  1  1  0  2 -2 -2  0  0 -1 -1  0  0  4  2 -1   12   5   2   4   0   8   9   8   5   0   3   7   3   2   3   6   4   6   7   5  0.13 0.16
  265 G    1 -1 -1 -1  1 -1  0  3 -1 -2  0 -1  0 -2  0  0  0 -3 -3 -1   14   3   2   2   3   3   5  27   2   2  13   3   2   1   4   8   4   0   0   2  0.21 0.21
  266 Q    0  0 -1  0 -3  2  1  1 -1 -1 -2  0 -2 -2  1  2  0 -3  0  0    8   4   2   3   0   9  12   9   1   3   3   6   0   2   7  16   4   0   3   6  0.13 0.16
  267 G    1 -1  1 -1 -1 -1  0  3 -1 -2 -2  0 -1 -2  0  2  0 -1 -3  0   11   3   6   3   1   2   4  22   1   2   3   7   1   1   4  15   5   1   0   7  0.20 0.19
  268 S    1 -1 -1 -1 -1  0  1  0 -1 -2 -2  1 -3 -3  1  2  0  3 -2  0   12   2   3   3   2   3   8   7   1   2   2  11   0   0   6  18   5   5   1   9  0.18 0.21
  269 G    1 -1 -1  0 -3  0  0  3 -1 -3 -2  1 -3 -2  2  1  0 -4 -3 -1   10   2   2   5   0   3   5  21   1   1   5  12   0   2   9  12   6   0   0   3  0.24 0.22
  270 S    1  0  0 -1 -3  0  0 -1 -1 -2 -2  2 -2 -3  1  3  0 -4 -3  0   12   4   3   3   0   5   5   4   2   2   3  13   1   0   8  23   6   0   0   6  0.22 0.22
  271 E    0  0 -1  1 -3  0  2  0  0 -2 -2  2 -1 -3  0  0  0 -3 -3  0    8   5   2   9   0   2  18   7   3   2   3  14   1   0   4   7   4   0   0   9  0.17 0.17
  272 Q    1  0 -1 -1  1  0  0  0 -1 -1 -1  1  0 -3  0  2  0  1 -2  1   10   6   2   3   3   5   5   8   1   2   4   9   2   1   4  18   4   2   0  11  0.09 0.13
  273 G   -1 -2  0  0 -3 -1 -1  4  0 -4 -4  0 -3 -3  0  0  0  3 -1 -3    5   2   5   5   0   2   4  41   2   1   1   7   0   1   5   6   5   4   2   2  0.50 0.31
  274 M   -1 -1 -1 -1 -3 -1 -1 -1 -2 -1  2  2  3  0 -1  0  0 -1 -2  0    4   1   2   4   0   3   3   6   0   2  23  14  12   4   3   5   4   1   0   7  0.14 0.18
  275 E   -1 -1 -1  1 -3  0  4 -1 -1 -2 -2  2 -3 -3  1  0 -1  3 -3 -1    4   3   2   9   0   2  29   4   1   2   3  12   0   1   7   8   3   4   1   5  0.32 0.25
  276 G    0 -1 -1  1 -3  0 -1  3 -1 -1 -2  1 -2 -2 -1  1 -1  1 -2 -1    7   3   1   7   0   3   3  29   1   3   4  11   0   1   2  11   3   2   1   5  0.23 0.19
  277 L   -1 -1 -2 -1 -2 -1 -1 -1 -2  0  2  2  0 -2  1  0 -1  1 -2  0    3   3   1   3   0   2   4   6   0   5  29  14   2   1   7   7   3   2   1   7  0.13 0.16
  278 V    0  0 -2 -2 -2 -1  0  0 -2  1  0  2  0 -1 -2  0  0  0 -2  3    7   4   1   1   0   2   5   6   0  10   7  16   1   2   2   8   4   2   1  24  0.14 0.17
  279 D   -2  1 -1  4 -3 -1  2  1 -1 -2 -1  2 -3 -1 -2  0 -1  3 -2 -2    2   6   1  26   0   2  11   9   2   2   5  13   0   3   2   5   4   4   0   2  0.31 0.24
  280 E   -1 -1 -1  3 -3  1  1  1 -2 -3 -1  1 -1 -2  0  0 -1  4 -1 -1    4   2   2  18   0   7  11  10   0   1   5   9   2   2   4   8   2   7   2   4  0.23 0.20
  281 I   -1 -1 -1 -2 -1  0 -1 -1  1  0  0  0  0  2 -2  0  2  3 -1  1    2   3   3   2   1   3   2   5   3   4   8   6   2   9   1   8  19   5   1  10  0.12 0.15
  282 N    0  1  1 -1 -3 -1  0  1 -1 -1 -2  2 -2  0  0  1  0 -1 -2 -1    8   9   6   2   0   1   6  13   1   3   2  16   0   4   4  13   5   1   0   4  0.14 0.15
  283 K    0  2  0 -2 -3  1  0  1  0 -2 -2  3 -2 -1 -2  0 -1  2 -1 -2    6  11   4   1   0   6   6  11   3   2   3  27   0   2   1   7   2   3   2   3  0.28 0.23
  284 L    0  1 -1 -1 -1 -1 -2 -2 -2  0  2  0  1 -1 -2  0  0  4 -2  0    6   9   2   4   1   3   2   3   0   4  26   7   4   2   2   9   5   6   1   5  0.12 0.14
  285 D    0  0  0  1  0  0  0  0  0 -2 -1  1 -1 -1  0  2  1  1 -2 -1    6   4   4  11   2   2   4   8   2   2   6   8   1   2   4  18   8   2   1   4  0.10 0.11
  286 V    0 -1 -2 -2 -1 -1 -1  1 -1  1  1  0  0  1 -1  0  0 -2  0  1    7   3   1   2   1   3   2  10   2   8  15   9   1   6   3   6   5   0   3  14  0.04 0.07
  287 S    0  1  1 -1 -3 -1  0  2 -1 -3 -2  1 -1 -2 -1  3  1 -3 -1 -2    7   7   6   2   0   1   5  14   1   1   3  10   1   2   3  25   7   0   2   2  0.23 0.20
  288 G   -1  1  1  1 -3  0  0  3  0 -2 -3  1 -2 -3 -2  1 -1  1 -1 -2    5   9   6   9   0   3   7  22   3   2   2  11   0   1   2  10   3   2   2   3  0.23 0.18
  289 A    1  0 -1  0 -3  0  0  1  1 -1 -2  3 -2 -1 -2  0  0  0 -2 -1   10   4   1   6   0   4   7  14   3   3   4  20   0   3   1   6   7   1   1   4  0.15 0.15
  290 H    0  0  0  1 -2  0  0  0  2 -2  0  1 -2 -2  0  2 -1 -3 -2 -2    8   4   3   7   0   4   6   6   5   1  11  11   0   2   4  22   3   0   1   2  0.14 0.16
  291 A    1  0  0  1 -1  0  0  1  0 -1 -1  1 -1 -2  0  0  0  0 -1  0   16   6   3   7   1   5   3  10   2   2   5  11   0   2   4   6   5   1   2   7  0.07 0.08
  292 N    0  0  1  1 -1  1  1  0  1 -2 -2  1 -2 -1  1  1  1 -1 -2 -1    7   4   7   8   1   6   8   8   4   1   4   8   0   2   7  13   8   1   1   3  0.12 0.10
  293 A    1  0 -1  0 -2  0  0  1 -2 -2 -1  0  0 -2  1  1  0  1 -2 -1   17   4   2   7   0   4   6  13   0   2   5   7   3   1   7  10   4   2   1   5  0.12 0.12
  294 V    1  0 -1  0  1  0  0 -1 -1  0 -1  1  0  1  1  0  1 -2 -1  0   12   4   1   5   3   4   5   5   1   5   5  10   1   8   6   8   8   0   1   7  0.04 0.06
  295 E    0  1  0  1 -3  1  1  1  1 -3 -3  1 -2 -2  1  0  0  0 -2 -1    9   8   4   9   0   8  10  11   3   1   1  10   0   2   7   6   4   1   0   4  0.17 0.14
  296 A    2  0 -1  0 -3  0  0  0  1 -3 -2  2 -2 -1  1  1  1 -3 -2 -2   19   4   0   5   0   3   6   6   3   1   4  14   0   3   7  14   9   0   0   2  0.18 0.18
  297 A    1  0  0  1  0  1  1  2  1 -2 -1  0 -2 -2  0  1  0 -3 -2 -1   13   4   3   9   2   6   8  17   3   0   5   6   0   2   4   8   5   0   0   4  0.12 0.12
  298 P    1  0  0 -1 -3  1  0  1  0 -1 -2  0 -2 -3  3  1  1  1 -3 -2   13   5   4   1   0   5   4  14   3   4   3   6   0   0  13  12   7   2   0   1  0.21 0.18
  299 G    1  0  1  1  0  0  0  2  0 -3 -3  1 -2 -3  0  1  0 -3 -1 -1   11   6   7   8   2   4   6  19   3   0   1   8   0   0   4  12   4   0   2   4  0.19 0.15
  300 E    1 -1  0  1 -3  0  1  3  0 -2 -2  1  0 -3 -1  0  0  1 -2 -2   12   3   5   7   0   2   8  24   3   2   3  11   4   0   2   7   4   2   0   1  0.21 0.17
  301 D    0  0  1  2 -3  1  0  3 -2 -3 -2  1  0 -3 -2  0  0 -3 -3 -3    7   4   7  14   0   6   6  24   0   1   3   7   3   1   1   8   6   0   0   1  0.28 0.19
  302 A   -1 -2  0  4 -3 -1  1  2 -2 -2 -3  1  0 -3 -1  0  0  1 -3 -3    5   1   4  27   0   2   9  16   0   2   2   9   3   1   2   8   6   2   1   1  0.34 0.22
  303 E   -1 -1 -1  2 -3  1  4 -1 -2 -1 -2  2  0 -3 -1 -1 -1  1 -3 -3    4   1   2   9   0   4  37   4   0   4   3  15   3   1   2   3   3   2   1   1  0.44 0.29
  304 W    0 -3 -3  0 -3 -1  0 -1 -3  0 -1  0 -2 -1  0 -2 -1  9 -1  0    9   1   1   6   0   2   5   4   0   5   7   7   0   2   5   2   4  31   1   7  0.74 0.36
  305 E    0  1 -2  1 -3  1  3  0 -2 -2 -1  0  1 -3  0  0  0  2 -3  0    9   7   0   7   0   4  26   6   0   0   5   5   4   0   4   5   4   4   0   9  0.21 0.21
  306 E    0  0  0  0 -3  1  2 -1 -2  0 -1  1  0  0  1  0  0 -3 -2  0    8   3   3   4   0   5  15   3   0   4   4  13   3   4   7   8   4   0   0   9  0.10 0.12
  307 V    0  0 -2 -1  1  0 -1 -1 -2  0  2  0  1 -2  1 -1  0 -3 -2  1    9   4   0   3   3   5   4   5   0   3  24   7   3   0   6   4   5   0   0  12  0.08 0.12
  308 P    1 -2 -1  1 -3  2  1  0  1 -2 -1 -1  0 -3  3  0  0 -4 -3 -1   14   0   3   7   0  12  11   7   4   0   6   3   3   0  14   5   5   0   0   6  0.22 0.21
  309 H    0  0  1  0  2  1  0  0  2 -2 -1  0  1  0  1  0  0 -3 -2 -1    6   6   6   6   6   6   6   6   6   0   6   6   6   6   6   6   6   0   0   6  0.05 0.10
  310 D    0  0  1  3 -3  1  2  1 -2 -2 -3 -1  0 -1 -1  0  0  0 -2 -1    7   5   6  19   0   5  16  10   0   2   1   2   3   3   2   6   6   1   0   4  0.21 0.16
  311 V    1 -2 -1  1  0  0  1  1 -1  0 -1 -1  0 -2  0  0 -1  4 -2  0   12   1   3   9   3   5  11  12   1   5   6   2   3   1   5   4   3   7   0   8  0.11 0.11
  312 T    1 -1  0  2 -3  0  2  0 -2 -1 -2  0  0 -3 -1  1  0  1 -2  0   11   2   3  15   0   3  19   5   0   4   1   3   2   0   2  11   6   2   1   8  0.18 0.16
  313 D    0 -1  0  3 -1  1  4 -1  0 -4 -2  0 -3 -4 -1 -1 -2 -4 -3 -2    6   3   3  18   2   4  40   4   2   0   3   4   0   0   3   4   0   0   0   3  0.54 0.33
  314 Q    0 -2  0  2 -3  2  3  1  0 -2 -1 -1 -1 -3 -1  0 -2 -4 -3 -1    7   0   5  11   0  10  28  11   2   2   6   1   2   0   3   7   0   0   0   4  0.28 0.23
  315 E   -1  0  0  1 -3  1  3  2 -2 -1 -1  0 -1 -1  0 -1 -2 -3 -3  0    5   5   4   5   0   5  28  16   0   2   6   6   1   2   4   2   0   0   0   7  0.22 0.19
  316 V    0  1  0  0 -3  0  2 -1 -2 -1 -1  1 -1 -2  0  0  0 -3 -2  1    5   7   4   5   0   3  17   5   0   2   6  10   0   2   5   5   5   0   0  19  0.11 0.13
  317 A    3 -1 -1 -2 -3  0  1  3 -1 -2 -3 -1 -1 -2 -3  0  0 -4 -3 -2   33   3   3   0   0   4  12  24   1   2   1   2   1   2   0   4   6   0   0   2  0.39 0.29
  318 I   -1 -2 -2 -2 -2 -2 -2  1 -2  1  1 -2  2  2  2 -1  1 -2 -1  1    1   1   0   1   0   0   1  12   0  12  12   1  11  12  12   1  12   0   0  12  0.14 0.08
  319 R    0  1 -1 -1 -2  1  1  1 -1 -2  0  1 -1 -2  2  0  1 -3 -2 -1   11  11   0   1   0  10  11  11   0   1  11  11   0   0  11   1  11   0   0   1  0.17 0.08
  320 V    1 -1 -1 -1 -2 -1  1 -2  3  1 -1 -1 -1 -2  2  1  1 -3 -1  1   12   1   0   1   0   0  12   1  11  12   1   1   0   0  12  12  12   0   0  12  0.16 0.08
  321 D   -2 -1  2  5 -3  0  2 -2  3 -2 -3 -1 -2 -2 -2 -1 -1 -2  1 -1    1   1   9  44   0   1  14   1   9   1   1   1   0   0   1   1   1   0   8   8  0.47 0.13
  322 Q   -2  0  0  0 -3  4  0 -2  2 -2  0  0  1  0 -2  0 -1  2  0 -1    1   4   3   4   0  40   3   1   6   0   9   3   4   6   0   4   3   3   3   3  0.30 0.15
  323 Y    1 -3 -3 -3  3 -2 -3 -3  0 -2 -2 -3 -2  1 -3  0 -2  0  7 -2   12   0   0   0   7   0   0   1   0   0   1   0   0   0   0   7   0   0  67   1  1.09 0.30
  324 L   -2 -3 -4 -5 -2 -3 -4 -5 -4  2  4 -3  4 -1 -4 -3 -2 -3 -2  1    0   0   0   0   0   0   0   0   0  14  66   0  12   0   0   0   0   0   0   8  0.73 0.22
  325 V   -1 -3 -4 -4 -2 -3 -1 -4 -3  2  2 -2  2  4 -4 -3 -1 -2 -1  3    2   0   0   0   0   0   4   0   0  14  17   2   5  24   0   0   3   0   0  29  0.41 0.18
  326 V   -1 -3 -4 -4 -2 -3 -3 -1 -4  3  2 -3  1  0 -3 -2 -1 -3 -1  4    2   0   0   0   0   0   0   5   0  26  19   0   2   3   0   2   2   0   2  37  0.45 0.18
  327 F   -4 -4 -4 -5 -4 -4 -4 -4 -3 -2  0 -4 -2  8 -5 -4 -4  5  1 -3    0   0   0   0   0   0   0   0   0   0   8   0   0  77   0   0   0  10   0   0  1.65 0.36
  328 L   -2 -3 -4 -4 -2 -3 -3 -4 -3  1  5 -3  1 -1 -3 -3 -2 -2 -2  1    1   0   0   0   0   0   1   1   0   5  84   0   0   0   0   1   1   0   0   4  0.78 0.20
  329 K   -2  2  0 -2 -3  1  0 -2 -2 -3 -3  6 -2 -3 -2 -1 -2 -3 -2 -3    1   7   4   1   0   3   1   1   0   1   1  75   0   0   1   1   1   0   0   1  0.85 0.21
  330 F   -3 -3 -4 -4 -3 -4 -4 -4 -2 -1  0 -4  1  7 -4 -3 -3  0  1  0    1   0   0   0   0   0   0   1   0   0   4   0   3  80   0   0   0   0   0   8  1.17 0.24
  331 I   -1 -3 -3 -3 -2 -2 -3 -4 -3  4  1 -3  4 -1 -3 -2 -1 -3 -2  3    2   0   0   0   0   0   0   1   0  44   7   0  17   0   0   0   0   0   0  25  0.51 0.15
  332 A    3 -1  0 -1 -2  3 -1 -1 -1 -2 -2 -1 -1 -3 -2  2  0 -3 -2 -2   45   0   4   0   0  18   0   2   0   0   1   0   2   0   0  23   2   0   0   0  0.40 0.14
  333 S    1 -1 -1 -2 -2 -1 -1  1 -2 -3 -3 -1 -2 -3  1  5  2 -4 -3 -2    6   1   0   0   0   0   0   8   0   0   0   0   0   0   7  65  10   0   0   3  0.59 0.19
  334 V    0 -3 -4 -2 -2 -3 -3 -4 -4  3  0 -3  1 -1 -3 -2 -1 -4 -2  5    5   0   0   2   0   0   0   0   0  19   0   0   2   1   0   1   0   0   0  69  0.65 0.19
  335 T   -1 -3 -3 -3  0 -3 -3 -4 -4  4  1 -3  2 -1 -3 -2  2 -3 -2  3    0   0   0   0   1   0   0   0   0  33   7   0   6   0   0   0  18   0   0  35  0.45 0.14
  336 P   -2 -3 -3 -3 -4 -2 -2 -3 -3 -4 -4 -1 -3 -4  8 -2 -2 -4  0 -3    0   0   0   0   0   0   0   0   0   0   0   3   0   0  91   0   0   0   4   0  2.16 0.24
  337 G    0 -1  0 -2 -2 -2 -2  3 -2 -2 -3 -2 -2 -3 -2  1  5 -3 -3 -2    2   2   2   0   0   0   0  28   0   0   0   0   0   0   0   4  62   0   0   0  0.63 0.16
  338 I   -2 -3 -4 -4 -2 -3 -4 -4 -4  5  1 -3  2 -1 -3 -1 -1 -3 -2  2    0   0   0   0   0   0   0   0   0  74   7   0   4   0   0   5   1   0   0   9  0.63 0.15
  339 E   -2 -1  2  1 -4  2  5 -2 -1 -4 -4  0 -3 -4 -2 -1 -1 -4 -3 -2    0   0  13   4   0   5  74   1   0   0   0   0   0   0   0   0   1   0   0   2  0.86 0.17
  340 H   -2 -2 -2 -3 -3 -2 -2 -4  5  1  0 -2  0  2 -4 -2 -2  0  6  0    0   0   0   0   0   0   0   0  21   8   4   0   3   6   0   0   0   0  49   9  0.71 0.15
  341 D   -3 -3  0  7 -5 -1  1 -2  1 -4 -5 -2 -4 -5 -3 -1 -2 -5 -4 -4    0   0   0  94   0   0   2   0   3   0   0   0   0   0   0   0   0   0   0   0  1.42 0.21
  342 F    0 -3 -1 -3 -3 -2 -3 -2  0 -1 -1 -2 -1  5 -3  0 -1  0  4 -1    7   0   3   0   0   1   0   1   2   0   2   0   0  42   0  11   3   0  23   4  0.48 0.11
  343 T   -1 -2  1 -2 -2 -2 -2 -2 -3 -2 -2 -2 -2 -3 -2  1  6 -4 -3 -1    0   0   6   0   0   0   0   0   0   0   0   0   0   0   0   5  89   0   0   0  0.95 0.21
  344 M   -1  0 -2 -3 -2  0 -2 -2 -1  1  0 -1  6 -1 -3 -1  3 -3 -2  0    4   5   1   0   0   5   0   1   1   9   1   1  41   1   0   1  25   0   0   4  0.35 0.14
  345 G    1 -2  1  3 -3  0  2  2 -1 -3 -3 -1 -3 -4 -2  2 -1 -4 -3 -3    8   0   4  21   0   3  16  19   0   0   0   0   0   0   0  30   0   0   0   0  0.41 0.09
  346 V   -1 -3 -4 -4 -2 -3 -3 -4 -4  3  1 -3  1 -1 -3 -3 -1 -3 -2  4    0   0   0   0   0   0   0   0   0  26  11   0   3   0   0   0   0   0   0  61  0.56 0.11

                      K         Lambda
Standard Ungapped    0.1335     0.3160
Standard Gapped      0.0410     0.2670
PSI Ungapped         0.0893     0.3181
PSI Gapped           0.0273     0.2670
