
Last position-specific scoring matrix computed, weighted observed percentages rounded down, information per position, and relative weight of gapless real matches to pseudocounts
           A  R  N  D  C  Q  E  G  H  I  L  K  M  F  P  S  T  W  Y  V   A   R   N   D   C   Q   E   G   H   I   L   K   M   F   P   S   T   W   Y   V
    1 M   -1 -1 -2 -3 -1  0 -2 -3 -2  1  2 -1  5  0 -2 -1 -1 -1 -1  1    0   0   0   0   0   0   0   0   0   0   0   0   0   0   0   0   0   0   0   0  0.00    0.00
    2 N   -2  0  6  1 -3  0  0  0  1 -3 -4  0 -2 -3 -2  1  0 -4 -2 -3    0   0 100   0   0   0   0   0   0   0   0   0   0   0   0   0   0   0   0   0  0.73 0.01
    3 N    0  1  4  0 -2  0  0 -1  0 -3 -3  3 -2 -3 -1  2  0 -3 -2 -2    0   0  33   0   0   0   0   0   0   0   0  33   0   0   0  34   0   0   0   0  0.36 0.01
    4 I   -1 -3 -3 -3 -1 -3 -3 -4 -4  4  1 -3  1  0 -3 -2 -1 -3 -1  3    0   0   0   0   0   0   0   0   0  67   0   0   0   0   0   0   0   0   0  33  0.38 0.01
    5 P    1 -2 -2 -2 -3 -2 -1 -2 -2 -3 -3 -1 -3 -4  7 -1 -1 -4 -3 -2   20   0   0   0   0   0   0   0   0   0   0   0   0   0  80   0   0   0   0   0  1.59 0.06
    6 D   -1 -1  0  4 -2  0  2 -2 -1 -1 -2 -1 -2 -3 -2  1  0 -4 -2  0    0   0   0  39   0   0  20   0   0   0   0   0   0   0   0  21   0   0   0  20  0.33 0.03
    7 D   -2 -2  1  6 -3 -1  1 -2 -2 -3 -3 -1 -3 -4 -2  0  2 -4 -3 -3    0   0   0  80   0   0   0   0   0   0   0   0   0   0   0   0  20   0   0   0  0.80 0.05
    8 F   -1 -2 -2 -3 -2 -2 -2 -3 -2  0  1 -2  0  4 -3 -1  3 -1  1  0    0   0   0   0   0   0   0   0   0   0  21   0   0  40   0   0  39   0   0   0  0.31 0.04
    9 K    2  3 -1 -2 -2  0 -1 -2 -1 -1  0  2 -1 -2 -2  0  1 -3 -2 -1   29  27   0   0   0   0   0   0   0   0  14  14   0   0   0   0  16   0   0   0  0.21 0.04
   10 K   -1  2 -1 -2 -3  2  0  1 -1 -1  0  2  0 -2 -2 -1 -1 -3 -2  0    0  14   0   0   0  14   0  13   0   0  16  28   0   0   0   0   0   0   0  14  0.16 0.03
   11 I    0 -2 -1  2 -2 -1  1 -2 -2  1 -1 -1 -1  2 -2  2  0 -2 -1  1    0   0   0  14   0   0  14   0   0  14   0   0   0  14   0  30   0   0   0  13  0.13 0.04
   12 A    4 -2 -2 -2 -1 -1  1 -1 -2  1 -1 -1 -1 -2 -1  0 -1 -3 -2  0   70   0   0   0   0   0  14   0   0  16   0   0   0   0   0   0   0   0   0   0  0.33 0.07
   13 S    2 -1 -1 -1 -1  1 -1 -1 -1 -2 -2 -1 -1 -1 -1  2  3 -2  2 -1   25   0   0   0   0  12   0   0   0   0   0   0   0   0   0  25  26   0  11   0  0.28 0.06
   14 S    0 -1  0  0 -2  0  1 -1  3 -3 -3 -1 -2 -2 -1  4  2 -3 -1 -2    1   1   0   1   0   0  13   1  12   1   1   1   0   0   1  56  10   0   0   1  0.38 0.09
   15 S    1  1  2 -1 -2  0 -1  1 -1 -2 -2  0 -2 -3 -1  3  1 -3 -2 -2   10  12  12   1   0   0   1  10   0   0   1   1   0   0   0  40  10   0   0   1  0.28 0.07
   16 R   -1  4  2 -1 -2  0 -1 -2 -1 -2  0  1 -1 -2 -2  2  0 -3 -2 -2    1  31  17   0   0   0   1   1   0   0  11   9   0   0   0  27   0   0   0   1  0.29 0.08
   17 L   -1  1  1 -2 -2 -1 -2  0 -1  0  2 -1  0  0  2 -1 -1 -1  2 -1    1  10   9   1   0   1   1  10   0   1  38   1   0   1  10   1   1   0  11   1  0.12 0.05
   18 P   -1 -2 -2 -2 -2  1 -1 -2 -2 -2 -2 -1  1  1  6 -1  2 -2 -2 -2    1   1   1   1   0   8   1   1   0   1   1   1   7   8  48   1  17   0   1   1  0.81 0.12
   19 R    0  5 -1 -2 -3  2 -1 -2 -1 -3 -3  2 -2 -3  1  1 -1 -3 -2 -2   10  52   0   0   0   8   1   1   0   0   1   8   0   0   7   9   0   0   0   1  0.53 0.12
   20 K    0  2  1  1 -3  2  0  2 -1 -3 -3  2 -2 -3 -2  1 -1 -3 -2 -2   10  15   8   8   0  14   1  17   0   0   1  14   0   0   0   9   0   0   0   1  0.25 0.06
   21 Y    0  2  1 -2 -2 -1 -1 -2  0  0  0 -1 -1  2 -2 -1 -1  0  4 -1    9  15   8   1   0   1   2   2   1   9   9   1   1  10   1   2   1   0  25   2  0.15 0.05
   22 C   -1 -2 -2 -2  8  0 -2 -2 -2 -1 -1 -2 -1 -2  1  2 -1 -3 -2  0    1   1   1   1  42   6   1   1   0   1   7   1   0   1   7  22   1   0   0   7  0.62 0.15
   23 S    2 -2  1  2 -2 -1 -1 -2 -2 -3 -3  0 -2 -4  1  4  1 -4 -3 -1   18   0   6  11   0   0   0   0   0   0   0   6   0   0   5  42   7   0   0   5  0.39 0.20
   24 S    0  0  1 -1 -3  1  1 -2 -2 -3 -3  1 -2  0 -2  4  1 -3 -2 -3    6   5   5   0   0   5  10   0   0   0   0   7   0   6   0  46  10   0   0   0  0.39 0.21
   25 E   -2  1  1  2 -3  1  3 -3  3 -2  0 -1 -2 -3 -2  1 -1 -4 -2 -1    0  11   5  15   0   5  28   0  10   0  10   0   0   0   0  11   0   0   0   5  0.32 0.17
   26 S   -1 -2  2  1 -3  2  2  0 -2 -3 -3 -1 -2 -4  2  3  1 -4 -3 -1    0   0  10   5   0  10  12   5   0   0   0   0   0   0  10  33   9   0   0   6  0.37 0.20
   27 S    1  0  2 -1 -2  0  0  0 -2 -1 -1 -1 -2 -3  1  3  0 -3 -3 -2   11   5  15   0   0   5   4   5   0   6   5   0   0   0   5  35   3   0   0   0  0.25 0.17
   28 L   -2  0  1 -3 -2 -2 -3 -3 -2  2  2 -2  0  2  0 -2 -1 -2  1  2    0   6  10   0   0   0   0   0   0  13  27   0   0   8   5   0   0   0   6  22  0.22 0.14
   29 S    1  1 -1  0 -2 -1 -2 -2 -2 -1 -1  0 -2  0 -2  4 -1 -4 -2 -1   13  11   0   4   0   0   0   0   0   5   6   4   0   4   0  49   0   0   0   5  0.36 0.25
   30 D   -1  0  1  3 -3  2  1 -2 -2 -2  0 -1 -2  1  2  0  0 -3 -2 -2    4   5   5  26   0  10  10   0   0   0  10   0   0   9   9   9   4   0   0   0  0.27 0.16
   31 D    0  0  4  4 -3 -1 -1  0 -2 -3 -2 -2 -3 -4  0  1 -1 -5 -3 -1    9   5  27  32   0   0   0   4   0   0   4   0   0   0   4  10   0   0   0   5  0.48 0.23
   32 D    0  0 -1  4 -3  1  2  0 -2  0 -1  0 -2 -3 -2 -1  0  2 -3 -2   10   4   0  31   0   8  14   5   0   8   6   5   0   0   0   0   4   4   0   0  0.29 0.16
   33 G    1  0 -1 -2 -2 -1  0  4 -2 -3 -3  0 -2  0 -2  2  0 -3  0 -1   10   5   0   0   0   0   6  34   0   0   1   4   0   4   0  21   5   0   4   4  0.33 0.17
   34 H    0  1  1 -1 -3 -1  1  2  5 -3 -3 -1 -2 -1  0  1  0 -3 -1 -3    9   9   6   0   0   0   9  15  24   0   1   0   0   4   5   9   8   0   0   1  0.32 0.18
   35 E    0 -1 -1  2 -2  1  1  0 -2 -2 -1  0 -2 -3 -2  3 -1 -3 -2 -1    6   1   1  14   0   8  11   7   0   1   6   4   0   1   1  34   1   0   0   5  0.26 0.16
   36 I   -2 -2 -2  1  1 -2 -2 -3  1  2  2 -2  3 -1  0 -2  0 -3 -2  2    1   1   1  12   4   1   1   1   5  11  18   1  14   0   5   1   6   0   0  18  0.19 0.14
   37 E    1  0  0  1 -3  1  3  1 -1 -1 -3  1 -2 -3  2 -1 -1 -3 -2 -2   14   4   4   8   0   4  23  14   0   5   1   9   0   0   9   1   1   0   0   1  0.24 0.12
   38 H    1 -1  0  0 -3  0  0  1  6 -3 -3  0 -2 -1  1  1 -1 -3 -1 -3   12   1   4   5   0   4   5  10  27   1   1   4   0   4   8  12   1   0   0   1  0.36 0.19
   39 V    0  1  0  0 -2 -1  0 -2 -2  1  0  0 -1  0 -2  0  0 -2 -1  3    9   8   4   4   0   1   5   2   0   8   5   6   0   4   1   5   5   0   1  30  0.09 0.09
   40 L   -1 -2 -1 -1 -2 -2 -2 -3 -2  2  3 -2  4  1 -3 -1 -2 -2  0  0    4   1   4   4   0   1   1   1   0  12  31   1  19   7   1   5   1   0   3   5  0.29 0.18
   41 K    0  4  1  0 -3  1  1 -2  1 -1 -3  3 -2 -3  0  1 -2 -3 -2 -3    7  27   6   3   0   5   8   1   3   4   1  19   0   0   3   9   1   0   0   1  0.37 0.21
   42 H    0 -2  1  1 -3  2  0 -3  3 -3 -1 -1 -2 -2  0  1  1 -2  3 -3    7   0   6   8   0  10   4   0   9   0   6   3   0   0   3  14  12   0  16   0  0.26 0.22
   43 G    0  0 -2  0 -3  1  1  3  0 -3 -2 -1 -3 -3  0  1 -1  3 -3 -3    8   5   0   6   0   7   8  30   2   0   6   2   0   0   5  12   3   5   0   0  0.31 0.21
   44 A    0  0  0 -2 -3  0  1  0 -2 -1 -1  0 -2 -1 -3  3  1 -3  0  1    7   6   5   0   0   2   8   6   0   3   4   4   0   2   0  26  10   0   3  12  0.16 0.19
   45 P    1 -2 -1  0  0 -3  0 -4 -4 -3 -4 -1  0 -2  6  3 -1 -5 -4 -4   11   2   2   4   2   0   5   0   0   2   0   4   2   2  39  21   2   0   0   0  0.85 0.45
   46 E    0 -2  1  2 -4  2  4 -2 -2 -2 -1  0 -3 -4  0  1  0 -5 -4 -3    6   0   5  12   0   8  31   2   0   2   7   5   0   0   4  12   6   0   0   0  0.40 0.30
   47 E   -1  0  2  4 -5 -1  2 -3  0 -5 -3  2 -4 -2  0  1 -1 -5 -2 -4    4   6   9  30   0   2  14   0   2   0   2  11   0   2   4  10   4   0   1   0  0.51 0.33
   48 A    3 -1 -3  0  0 -2 -1 -1 -3  0 -2  0 -2 -3  0  2 -1 -4  0  0   33   3   0   4   2   0   2   2   0   6   3   6   0   0   5  19   2   0   4   8  0.28 0.27
   49 L   -1  4  0 -1  1 -1 -1 -2 -3 -3  0  1  0 -2 -1  1  0 -4 -3 -1    4  32   3   3   3   2   2   2   0   0  13   6   2   2   3  12   6   0   0   4  0.32 0.27
   50 T   -2  3 -1  0 -4 -1  0 -3 -3 -2 -3 -1 -1 -4  2  3  3 -5 -4 -1    1  15   2   5   0   2   4   1   0   2   1   3   2   0   9  25  23   0   0   5  0.43 0.35
   51 P    0  0 -3 -2  0  1  0 -3 -4 -4 -3 -1 -1 -5  6  0 -1 -5 -4 -1    8   5   0   2   2   6   5   2   0   0   2   4   2   0  46   8   4   0   0   4  0.92 0.46
   52 D   -1  0  3  4 -4 -2  1 -1  0 -4 -1 -2 -1 -1 -1  1  0 -4 -1 -4    5   4  14  27   0   0  10   3   3   0   6   0   1   3   2  14   5   0   2   0  0.39 0.29
   53 T    0 -1  0 -3  3 -2 -1 -1 -3  0 -2 -2 -3 -1 -1  3  3  0 -1 -2    8   2   5   0   7   0   5   5   0   6   4   2   0   3   2  28  18   1   2   2  0.31 0.29
   54 E   -1  2  1  2  0  0  4 -4  0 -3 -3  0 -3 -2 -1  1 -2 -5 -4 -2    3  12   6  13   3   4  30   0   2   1   2   3   0   2   3  10   2   0   0   3  0.43 0.31
   55 R   -1  4 -1 -2 -4  2  0  0 -1 -2 -2  1 -3 -2 -1  1 -1 -4 -1  0    4  30   2   1   0  11   5   6   1   2   5   8   0   2   3   9   2   0   2   7  0.34 0.27
   56 M    0 -3  0 -3  2 -2  0  0 -3  2  1 -2  1 -2 -2  2  1 -3 -1  0    6   0   4   0   5   0   8   6   0  13  15   1   4   0   1  19   7   0   2   7  0.15 0.19
   57 V    0  1 -1 -2  0 -2 -1 -2 -2  1  0 -1  0 -1  0  0 -1  3  1  2   10   9   4   2   3   0   5   1   0   7  10   3   2   1   4   8   3   5   5  18  0.10 0.13
   58 V    1 -2 -2 -1  0 -1 -2  0 -3  1  1 -1 -1 -3  3  1  0 -4 -3  1   11   2   1   3   2   3   2   6   0   7  14   3   1   0  18  14   4   0   0   9  0.23 0.21
   59 L   -2  2 -1 -2 -4  0 -2 -2 -1 -1  1 -1  0 -2  4  2 -1 -4  1 -2    1  11   2   2   0   3   2   3   1   3  17   3   3   1  20  17   4   0   6   3  0.31 0.28
   60 G   -1 -4  0 -2 -2  0  0  5 -2 -6 -6 -4 -1 -6 -2  2  0 -6 -5 -2    4   0   4   2   1   5   7  48   1   0   0   0   1   0   2  15   6   0   0   3  0.83 0.49
   61 Q    0  1 -1 -2 -4  2  1 -2  3 -4 -4  2 -1 -2  0  3  1 -5 -3  0    5   7   2   1   0  10   7   2   8   0   0  13   1   2   5  21   8   0   0   7  0.32 0.29
   62 D   -1  2  0  3 -4  0  1 -1 -1 -2 -1  1 -3 -4  0  1  1 -4 -1 -2    3  14   4  16   0   2  11   3   1   2   5   8   0   0   4  12   8   0   3   3  0.22 0.20
   63 V    0  2 -1 -1 -1 -1  1  0  0  0  0  0 -1  0 -1  1  0  0  1 -1    5  12   1   3   1   0  12   6   2   8   7   5   2   4   3  15   4   1   6   4  0.07 0.12
   64 V    0  1 -1 -1 -3  0 -1  0  0  1 -1 -1  1 -2  1  0 -1  0 -1  2    7   8   2   4   0   4   2   8   3  12   3   4   4   1   7   9   2   1   2  17  0.08 0.12
   65 Q   -1  1  0  0 -4  1  0  0  1 -1 -3  1 -3 -4  4  1 -1 -4 -3 -1    5   8   5   6   0   6   6   7   3   4   2   8   0   0  20  12   3   0   0   5  0.29 0.21
   66 S    0  0  2  1 -4  0  1  1  0 -3 -3 -1 -1 -3  1  3  1 -4 -3 -3    5   5  11   8   0   4   8  10   2   1   2   3   2   1   6  23   8   0   0   1  0.27 0.24
   67 A    2  0  2  1 -3 -1 -1 -1  1 -1 -2  0 -2 -1  2  2  1 -4 -3 -1   16   6  10   9   0   1   4   3   3   3   3   4   1   2   9  14   8   0   0   4  0.18 0.18
   68 P   -2 -2 -2 -2 -1 -1  0  1 -4 -3  0 -1  1 -3  6  0 -2 -5 -2 -2    2   2   1   2   1   3   6  10   0   1   8   3   4   1  42   8   2   0   1   3  0.79 0.45
   69 A    2  1  0 -1 -1  2  0  0  0 -2  0  1 -1 -4 -2  2  1 -4 -3 -1   16   7   3   2   1   9   4   5   2   1  10   7   1   0   1  19   7   0   0   3  0.19 0.21
   70 S    1  0  0 -1  0 -2 -2 -1 -1 -2 -3 -1 -1 -2  0  4  2  1 -4 -1    9   4   4   4   2   1   2   5   1   2   2   2   1   2   4  37  13   2   0   4  0.38 0.34
   71 L    0 -1  1  0 -2  0 -1  0  0  0  1 -1  0  0  0  1  0  2 -1  0    5   4   8   5   0   4   2   8   2   4  17   2   1   4   5  12   6   3   2   5  0.05 0.08
   72 V    0  0 -1  1 -3  0 -1  0 -2  0  0 -1  0 -1  2  2  0 -1 -3  0    9   6   1   9   0   5   3   5   0   5  12   3   3   2   9  17   4   1   0   6  0.10 0.13
   73 P    1 -1  0 -1 -4  2 -1 -2  0 -4 -3  0 -1 -3  5  2  0 -5 -3 -2    9   3   5   3   0   9   4   2   3   0   1   4   1   1  27  16   7   0   1   3  0.51 0.35
   74 G    0  0  2  0 -3  0  0  1  1 -2 -3  0 -1 -2 -2  2  1 -4 -2 -2    8   6  13   4   0   3   6  13   3   3   2   5   1   1   1  18   8   0   1   2  0.20 0.19
   75 G    2 -1  0  1 -3 -2  0  2 -3 -1 -2 -1 -2  1 -1  2  0 -4 -2 -2   19   3   4   8   0   0   7  17   0   4   3   3   1   6   3  14   6   0   1   1  0.21 0.21
   76 N    1 -1  2  0  0  0  0  0 -1 -2 -2  2 -3 -1 -1  2  1 -4 -2 -1    9   2   9   4   2   3   6   6   2   2   3  13   0   3   2  20  10   0   1   3  0.18 0.19
   77 L   -1  0  1  0 -4  1  1 -2 -3 -3 -2  1 -3  1  3  2  0 -4 -2 -2    4   5   6   5   0   6   8   3   0   0   5   9   0   6  16  18   6   0   1   3  0.26 0.24
   78 S    1 -1  0  0 -4  0 -2 -1  0 -2 -4 -1 -2 -5  1  5  1 -5 -4 -1   10   2   4   5   0   4   1   4   2   2   1   3   1   0   8  40   7   0   0   5  0.50 0.40
   79 W    0 -1 -1 -2 -3  0  0  0 -3 -1 -1  0 -2  1  2  1  0  5  0  0    7   4   3   2   0   3   5   6   0   4   6   7   0   7  11  11   5  10   3   6  0.19 0.18
   80 M    1  1  0 -2 -3 -1 -1 -3  1  0  2 -2  2  1  1  1 -2  0 -1 -1   12   7   4   2   0   1   3   1   3   6  22   1   6   7   8  11   1   2   2   2  0.13 0.18
   81 S   -1  0  2  0 -4  1 -1 -1  1 -3 -2 -2 -4 -5 -1  4  1  0 -2 -3    3   4   9   5   0   6   2   5   3   2   4   2   0   0   4  38   8   1   2   2  0.44 0.38
   82 K   -1  3 -1 -2 -1 -1 -1 -2  0 -1 -2  2 -2 -1  0  2  1  4  1 -2    4  16   2   1   2   2   2   2   2   4   4  15   1   2   5  17   7   5   6   2  0.26 0.25
   83 I    0  0  1 -1 -1 -2 -1 -3  0  2  1 -1  0  1  0  1 -1 -1 -1  1    8   6   7   2   1   1   3   1   2  14  15   2   1   7   4  10   3   1   1  10  0.08 0.13
   84 K    0  3  1  1 -4  1  0 -1  0 -3 -2  1 -1 -2  0  2 -1 -1 -3 -3    6  19   5  10   0   6   6   3   2   1   5   8   1   1   4  16   4   1   0   1  0.25 0.23
   85 S   -2  3  1 -2 -4 -2 -1 -2 -2 -2 -1  1 -2 -3  0  4  1 -5 -3 -1    2  15   6   2   0   1   4   3   1   2   6   7   1   1   4  33  10   0   1   4  0.42 0.36
   86 A    2 -2  1 -2 -4 -1  0  0  1 -3 -2 -1  0  0  2  1  0  1 -2 -2   23   2   8   1   0   1   5   6   4   1   4   2   2   4  12  13   6   2   1   3  0.24 0.24
   87 G    0 -1  1  0 -2 -2 -1  2 -2 -1 -1 -1 -1  0  0  2  1  0 -1 -2    8   3   8   4   1   1   3  14   1   3   5   2   2   5   4  19  11   2   2   2  0.14 0.17
   88 A    1  2  0  0 -4  1  0  0  2 -2 -2  0 -1 -2 -2  2  0  0 -3 -1   12  10   3   4   0   6   5   7   5   1   3   5   2   2   2  21   5   2   0   4  0.18 0.21
   89 S    2  0  2 -1 -4  0  0 -2 -2 -2  0 -1 -2 -2  2  2  0 -5 -4 -3   15   6  11   3   0   3   6   2   1   3   8   2   1   2  12  20   6   0   0   1  0.26 0.26
   90 M   -1  0  0 -1 -3 -1 -2 -1 -1  2  0  0  1  1  0  0  0  3 -2  0    3   7   4   4   0   2   1   4   1  16  11   5   3   7   5  10   6   5   0   6  0.09 0.13
   91 M   -1 -1 -2 -1 -2  0 -1 -2 -1 -1  1 -1  2  1  2  1  0  3  0  0    4   2   2   3   1   4   3   2   1   2  17   3   6   5  11  15   7   4   4   5  0.16 0.19
   92 G    1 -2  0 -1  2 -1  1  1 -1 -2 -2 -1 -3 -2  2  3  1 -2 -3 -1   10   1   4   2   4   2   9  10   1   3   3   3   0   2  10  22   7   1   0   4  0.21 0.23
   93 S    0  1  0 -1 -2 -1 -1  0 -3 -1 -2  1 -1  0  0  3  0  2  0 -1    6   7   5   3   1   2   3   5   0   4   3  11   1   5   5  23   4   3   4   3  0.15 0.19
   94 I   -1  0 -1 -2 -3  0 -1 -2  0  1  1 -1  1  2  0  0  0  1  1  1    3   5   2   2   0   6   3   2   3  10  12   3   4   9   4   9   7   2   5   9  0.07 0.10
   95 R    0  4  0 -1 -2  2  0 -3 -1 -3 -2  1 -2 -2  0  2 -1 -1  1 -4    6  25   4   3   1   9   6   1   1   2   4   8   1   1   5  15   2   1   4   0  0.36 0.30
   96 P   -1  1 -2 -2 -1  0 -1 -2 -4 -4 -1 -1  0 -5  6  2 -2 -6 -3 -4    5   7   2   3   1   4   3   3   0   1   8   4   3   0  34  19   2   0   1   1  0.69 0.45
   97 S    1 -1  0 -2 -2 -1  0  0  1 -3 -2 -1 -3 -2  2  2  1  1 -3  0   10   4   4   1   1   3   6   8   3   0   4   3   0   2  11  19  11   2   1   7  0.20 0.21
   98 S    0 -3  2 -1  1 -1  0 -1  0 -4 -2 -1 -4 -1  3  3  1 -5 -2 -2    7   1  10   3   3   3   6   3   2   0   5   3   0   2  13  28   8   0   1   3  0.35 0.32
   99 S    0 -2  1 -1 -4 -1  0 -1  0 -1 -3  0 -1 -3 -1  4  2 -5 -3 -1    8   2   5   3   0   3   7   4   3   3   2   5   2   1   3  32  12   0   1   5  0.33 0.32
  100 S    0  1  0 -1  0 -1 -1  1  3 -2 -4  0 -4 -5  3  3 -1 -5 -4 -3    6   8   5   4   2   2   4  12   9   3   1   7   0   0  13  20   3   0   0   1  0.36 0.30
  101 Q    0 -1  0  2 -4  2  2 -2  0 -2 -2  0 -3 -4  0  2  0  1 -1 -2    6   3   5  13   0  11  14   3   2   2   4   5   0   0   4  18   4   2   2   2  0.28 0.26
  102 D   -2 -2  2  3 -2 -1  1 -2  1 -2 -2 -1 -4 -4  2  1  1 -5  0 -2    3   2  10  20   1   2   9   3   3   2   3   3   0   0   9  13   9   0   3   2  0.33 0.27
  103 V    1  0  1  0 -1  0 -1  0 -1  0  0  0 -1 -2  0  1  1 -3 -2  0   10   4   7   6   1   5   2   6   2   6   8   6   1   2   5  14   9   0   1   7  0.07 0.09
  104 H    0  1  1 -1  0  0  0  0  1 -1 -1  0 -1 -1 -2  1  1  1  0 -1    6  11   7   3   2   3   5   7   3   4   8   5   1   2   1  14   9   2   4   3  0.07 0.10
  105 S    1  0  0  0 -1  0  1 -1 -1 -1 -1 -1 -1 -1  2  2  1 -4 -3 -1   10   5   5   4   1   3   8   4   1   3   6   3   2   3  10  20  10   0   1   3  0.17 0.18
  106 T    0  0  0  2 -1 -1 -1 -1  0 -2 -2 -2 -1  0  2  1  3  0 -2 -1    8   4   4  12   1   2   4   3   2   2   2   2   2   4   9  10  23   1   1   3  0.23 0.23
  107 G    0 -1  1  1 -3  0  1  2  2 -2 -2 -2 -1 -2 -1  1  0 -4 -2 -1    8   3   6   9   0   3   9  16   6   2   3   1   2   2   3  13   7   0   1   5  0.17 0.17
  108 E   -1 -1  1  2 -3  2  3  0 -1 -4 -2 -1 -3 -3  2  1 -1 -2 -2 -1    4   2   5  11   0   9  21   7   1   0   5   3   0   1  10   9   3   1   1   5  0.29 0.25
  109 I    0  0  1  0 -1  0  1  0 -1 -1  0  0 -1 -2  1  1  1  0 -3  0    8   4   9   4   1   4   8   6   1   3   9   5   1   1   6  14   7   1   0   6  0.08 0.10
  110 E   -1 -1 -1  2 -4  1  3 -2 -1 -2 -3 -1 -1 -1  0  1  1  3 -2 -2    5   3   3  10   0   7  25   3   1   3   2   2   1   3   4  12   7   4   1   3  0.29 0.26
  111 K    0  0 -1  1 -1  1  0  0 -3 -1 -2  0 -1 -2  3  2  0 -4 -2  0    5   5   2   9   1   5   5   6   0   3   4   7   1   2  15  19   4   0   1   6  0.20 0.19
  112 H   -1 -1  2  2 -4  1  1 -1  1 -2 -1  0 -2 -2  2  0  1 -1 -3  0    4   2  12  11   0   5  10   4   3   2   5   5   1   2  10   8   9   1   0   7  0.17 0.17
  113 S    0  0  0  1 -2  1  2  0 -2 -1 -2  0 -3 -3 -1  2  0 -1 -2 -2    8   5   4   7   1   6  17   8   1   4   5   5   0   1   2  17   4   1   1   3  0.18 0.19
  114 K    0  1  1 -1 -3  1  0  0 -1 -1 -1  0  0 -1  1  1  0  0  0  0    7   9   8   3   0   7   5   6   1   2   5   6   2   2   6  12   5   1   3   9  0.07 0.09
  115 K   -1  1 -1  2 -4  1  2  1 -1 -3 -3  0 -2 -3 -1  1  2 -2 -2 -2    5   7   2  12   0   8  12  13   1   1   3   4   1   1   3  10  13   1   2   2  0.21 0.20
  116 K   -1  1  2 -1 -4  0 -1 -1 -1 -3 -2  4 -3 -1  0  1  0 -1 -2 -2    4   8  11   3   0   3   3   4   1   1   5  25   0   3   4  13   6   1   1   2  0.28 0.24
  117 W   -1 -3 -5 -5 -4 -4 -5 -2 -5  2  2 -3  3  2 -5 -2 -1  5  0  4    4   1   0   0   0   1   0   3   0  10  19   1   8   8   0   3   3   9   3  26  0.60 0.37
  118 K    0  3 -2 -2 -5 -1  0 -3 -2 -4 -3  6 -2 -5 -1 -1 -1 -5 -2 -2    8  17   1   2   0   2   5   2   1   1   2  44   1   0   3   4   3   0   1   3  0.79 0.48
  119 A    0  0  2  0  0  1  0  0  0 -3 -3 -1 -3 -3 -4  2  3 -5 -3 -2    7   6  11   6   2   6   6   8   2   1   2   2   1   1   0  18  20   0   1   2  0.32 0.28
  120 R   -1  3  1 -2 -2  1 -2 -3  1 -1 -2  5 -1 -3 -4 -2 -2 -5  0 -2    5  17   7   2   1   5   1   2   3   3   3  38   2   1   0   1   2   0   4   3  0.63 0.41
  121 L   -2 -3 -3 -3 -4 -3 -5 -4 -5  2  4 -4  4  3 -5 -2 -3  0 -3  2    3   2   1   1   0   1   0   1   0   9  36   1   9  13   0   4   1   1   0  15  0.65 0.38
  122 W   -1  0  0  1 -2  0 -1 -1  0  0  1  0  2  0 -1  0  0  1 -1  0    3   5   3   8   1   3   3   4   3   6  17   6   8   3   2   9   5   2   2   6  0.05 0.09
  123 S    1 -1  1  0 -4  1 -1 -1 -1 -3 -4 -1 -1 -5 -4  5  1 -5 -2 -3    9   3   6   4   0   6   4   4   1   1   1   3   1   0   0  42   9   0   1   2  0.59 0.42
  124 T    3 -2 -2 -2 -3  0 -2 -2 -3  0  0  0  3  0 -2 -1  0  0 -2  0   31   2   1   2   0   5   2   3   0   5  10   5   9   4   1   4   6   2   1   7  0.26 0.24
  125 W   -3 -3 -4 -5 -4 -3 -3 -1 -4 -1  0 -4  1  0 -1 -3 -3 11  2 -2    2   2   1   1   0   2   2   5   0   4  10   1   3   4   4   2   1  47   6   3  1.81 0.70
  126 N   -3 -2  7 -1 -4 -2  0 -2  3 -3 -3 -2 -2 -2 -4  0  0 -4  1 -2    2   2  47   3   0   2   5   2   6   2   2   2   1   2   1   7   6   0   5   3  0.95 0.49
  127 N   -2 -1  6 -2  0  1 -2 -1  0 -3 -5 -2 -4 -5 -1  2  1 -5 -3 -4    3   3  40   2   2   7   2   4   2   2   1   2   0   1   3  15   8   0   1   1  0.83 0.47
  128 I   -3 -1 -2 -4 -4 -3 -2 -4 -4  3  2 -4  4  2 -4 -2 -2 -4 -1  4    1   3   2   1   0   1   3   1   0  16  15   1  11  10   1   2   2   0   2  27  0.58 0.33
  129 K   -1  4 -1 -3 -4 -1 -3 -3 -3 -2 -3  5 -2 -2  0 -2  1 -4 -4 -2    4  18   3   1   0   2   1   2   0   2   2  41   1   2   4   3  10   0   1   3  0.78 0.44
  130 Y   -4 -4 -3 -4 -5 -5 -2 -4  1 -2 -3 -5  0  3 -5 -2 -3 -1  9 -4    2   1   1   1   0   1   3   2   3   3   2   1   2  12   1   4   2   1  59   1  1.81 0.79
  131 S   -1  0  2  1 -1 -2  0  5 -2 -3 -3 -2 -4 -1 -3  1 -3 -4 -4 -3    4   5   9   6   1   2   7  38   1   2   4   2   0   3   1  11   1   0   0   2  0.57 0.34
  132 S    0  1  1  0 -1  0  0 -1  1 -1 -1  0  0  0  0  1  0  1  1 -1    7   7   6   6   1   5   4   4   3   3   7   6   3   3   4  13   6   2   5   4  0.05 0.04
  133 T    0  0  0  0  0  0  0  0 -1  0  0  0  0  0  1  0  1  2 -1 -1    8   5   5   4   2   3   4   8   1   7   9   5   2   4   5   9   8   3   1   4  0.03 0.02
  134 W   -2 -1 -3 -4 -5 -2 -5 -3 -1  0 -2 -2  0  2 -2  1 -3 10 -1 -3    4   4   1   1   0   2   1   2   2   5   5   3   2   9   3  11   1  41   2   2  1.52 0.70
  135 M   -1  1  2  0 -4  0 -2 -1 -2 -1  0 -1  2  0 -3  1  3 -2  0  0    4   9  10   4   0   3   2   5   0   3   9   3   5   5   0  11  18   0   3   6  0.16 0.19
  136 S    0  0 -1 -3 -2 -2 -3 -3 -1  0  1 -1  0  0  1  2  0 -4 -1  2    5   5   3   1   1   1   1   2   1   4  17   3   2   5   7  15   5   0   2  18  0.18 0.19
  137 D   -2  1  1  2 -5  0  2 -2  0 -5 -2  4 -2 -1  1  0 -2 -2  0 -3    2   7   5  12   0   3  13   3   2   0   4  23   1   3   6   9   1   1   3   2  0.34 0.28
  138 R   -1  1 -1 -1 -4  0 -2 -1  1 -1 -1  0  0  0  2  2  1 -2  0 -1    4   9   3   3   0   5   2   3   4   3   7   5   2   3  10  19  10   1   4   3  0.15 0.18
  139 S   -1  1  1  0 -2  0  1 -3 -4 -2 -1  4 -3 -3  1  1  1 -1 -3 -3    3   7   5   5   1   3  11   2   0   2   6  25   1   1   6   9   9   1   1   1  0.32 0.28
  140 D    0 -3  2  4 -5 -2 -1 -2 -2 -3 -4  0 -2 -4  2  1  3 -5  0 -2    7   1   8  20   0   2   3   3   1   1   1   5   1   1  11   8  21   0   3   3  0.46 0.36
  141 E   -1 -1  1  1 -4  0  1 -2  1 -1  0  0 -1  1 -2  1  1 -4 -1 -1    4   3   8   9   0   5   9   2   3   3   8   4   2   8   1  12  11   0   2   3  0.13 0.15
  142 Y   -3 -1 -4 -3 -3 -1 -1 -5 -3 -1  0 -4 -2  6  3  0 -3 -1  3 -1    2   4   1   1   0   3   4   1   1   3   8   1   1  35  13   7   1   1  10   5  0.79 0.45
  143 G   -2 -2  2  1 -4 -1  0  0  0 -3 -1  1 -3 -3  1  4  0 -5 -3 -2    3   1   8   9   0   3   6   6   2   1   7   9   1   1   6  30   6   0   1   2  0.33 0.30
  144 G    0  1 -1  0 -1 -1 -1 -1 -1 -2 -3  2 -1 -1  2  2  1 -2 -1 -2    6   8   3   5   2   2   4   3   1   2   3  13   2   3   9  20  10   1   2   2  0.22 0.22
  145 E   -2  0  2  3 -3  0  3 -2 -1 -1 -2  0 -4 -3 -1  1  2 -5 -4 -3    2   4  11  18   1   3  17   3   1   3   3   4   0   1   3  12  11   0   0   1  0.37 0.29
  146 N    0 -2  1  1 -2  0  2 -1  0 -3 -3  0 -3 -4 -1  4  1 -5 -4 -2    7   1   7   8   1   5  11   4   3   2   2   6   1   1   2  30   7   0   0   2  0.37 0.31
  147 D   -2 -3 -1  1 -6 -1  0 -4 -2 -1 -5 -2 -2 -3  7  0 -1 -6 -3 -3    3   2   3   9   0   2   7   1   1   5   1   3   1   2  47   6   4   0   1   2  1.06 0.55
  148 V   -3 -6 -6 -6 -5 -6 -3 -6  0  5  1 -6 -1 -2 -6 -5 -1 -1 -3  5    2   0   0   0   0   0   2   0   3  33  13   0   1   1   0   0   4   1   1  37  1.13 0.53
  149 V   -5 -4 -4 -7  1 -4 -6 -7  4  0 -4 -6 -2  2 -7 -1  0 10  4  1    1   1   1   0   3   1   0   0   8   5   2   0   1   8   0   5   6  34  14   9  1.63 0.73
  150 F   -3 -6 -6 -6  1 -6 -6 -6 -1  4  4 -6  3  2 -6 -2 -5 -5 -4  2    2   0   0   0   3   0   0   0   2  21  40   0   6   8   0   4   0   0   0  11  0.99 0.48
  151 L   -4 -4 -7 -7  0 -3 -7 -7 -2 -4  6 -2  2  1 -7 -4 -6  1 -5 -3    2   1   0   0   2   1   0   0   1   0  73   3   4   5   0   2   0   2   0   2  1.59 0.76
  152 G   -3 -3 -2 -6 -7 -3 -4  7 -2 -7 -7 -3 -7 -3 -7 -4 -6 -7 -3 -4    2   2   2   0   0   1   1  81   1   0   0   2   0   1   0   2   0   0   1   2  2.15 1.01
  153 R   -4  4 -1 -3  0  2  1 -5  2 -2 -4  3 -3 -4 -7 -1 -1 -2 -3  1    2  21   3   2   2   7   9   1   5   2   3  18   1   1   0   5   5   1   1  11  0.59 0.39
  154 R   -3  1  0 -3  5  2  0 -5  2 -1 -3  2  1 -1 -1  0  0  0  0  0    2   8   5   2  12   7   7   1   4   4   3  12   3   3   4   8   6   2   3   6  0.33 0.24
  155 Y   -4 -3 -8 -3 -1 -8 -4 -8  2 -2 -4 -8 -8  3 -8 -8 -8  1  9 -4    2   2   0   2   2   0   2   0   4   2   2   0   0  11   0   0   0   2  66   2  2.59 1.17
  156 S   -1  0  1  2  1  0 -1 -3  6 -3 -3  1 -1 -1  0  2  0 -1 -1 -3    5   5   5  11   3   5   3   3  14   2   3   7   2   3   6  12   6   1   2   2  0.34 0.27
  157 T    0 -1  0  0  0 -2 -2 -1 -1  1 -1  0  0  1  3  1  0  2  0  0    9   4   4   5   2   2   2   4   2   7   7   6   2   5  13   9   7   3   3   6  0.10 0.11
  158 S   -1  0  1 -1  0  0  0 -2  1 -1  0  2 -1  0  1  2  0  1 -1 -1    4   4   7   4   2   4   5   4   3   4   8  11   2   5   7  13   7   2   2   4  0.09 0.11
  159 V   -1  1  0  0  1  1  0  0  1 -1 -1  0  1 -1  1  0  0  2  0  0    5   8   5   5   3   7   7   6   3   3   5   7   3   3   7   6   6   2   3   6  0.06 0.07
  160 D   -1  0  0  0 -3  0  0 -1  2  0 -1  0  1  0  0  0  0  3  1  0    5   5   5   5   0   5   5   5   5   5   5   5   5   5   5   5   5   5   5   5  0.06 0.08
  161 E   -1  0  0  3 -4  1  3  0  1 -2 -1  0 -1 -2 -1  0 -1 -4 -1 -2    6   5   5  16   0   6  18   6   4   3   6   7   1   1   3   5   4   0   2   2  0.21 0.17
  162 S    0  0  0  2  0  1  2 -1 -1 -3 -3  0 -1 -3 -1  1  2 -1 -2 -2    8   5   5  13   2   5  14   3   1   1   3   5   1   1   3  13  12   1   2   2  0.20 0.17
  163 G    0  0  1  1 -1  1  1  0 -1 -2 -2  0 -1 -2  2  1  0 -1 -1 -1    9   6   5   8   1   5  12   8   1   1   4   5   1   1   9  11   4   1   2   5  0.12 0.10
  164 L    0  0  0  0  0  0  0 -1  0  0  0  0  0  0 -1  0  0  0  0  0    8   4   6   5   2   4   5   5   3   8  14   4   1   3   2   8   6   2   3   7  0.01 0.01
  165 R   -1  2  0  0 -3  1  1  0  0 -1  0  0 -1 -2  1  0 -1 -2  0 -1    5  13   3   6   0   7  10   7   2   4   8   5   1   2   8   7   4   1   3   4  0.10 0.08
  166 S    0  0  1  0 -1  1  1  0  1 -2 -1  1 -1 -2 -1  2  1 -3 -2 -2    5   5   7   6   2   7  10   9   4   2   6   7   2   1   3  16   7   0   1   2  0.13 0.11
  167 G    0 -1  1  1  0  0  1  1  0 -1 -2 -1 -2 -1 -1  0  0  2  0  0    8   3   8   9   2   4  12  12   2   3   4   3   0   2   3   8   4   3   3   6  0.09 0.07
  168 F   -1 -1 -2 -2 -1 -1 -2 -2 -1  1  1 -2  2  2  1  0  0  3  2  1    4   3   2   2   1   2   2   2   1   8  17   2   5  10   7   7   6   4   8   9  0.13 0.10
  169 E    0  1 -1  2 -2  2  4 -2  2 -2 -3  0 -1 -3 -1  0 -1 -1 -2 -2    8   7   2  12   1   7  27   2   6   2   2   5   2   1   3   7   2   1   1   3  0.33 0.22
  170 N    1  2  0  2 -2  1  2 -1  0 -2 -2  1 -1 -3 -2  0 -1 -3 -3 -2   14  12   3  14   1   6  16   3   2   1   4   8   2   1   2   8   2   0   0   3  0.23 0.16
  171 F   -1 -3 -4 -3 -4  0 -2 -4 -2  1  0 -4 -1  7 -3 -3 -3  1  1  0    6   1   1   2   0   5   2   1   1   6   9   1   1  49   1   1   1   2   3   7  0.92 0.39
  172 C   -1  1 -1 -2 -1  0 -1 -2  1  0  2  1  1  0 -2 -1 -1 -2  2  0    4   9   2   1   1   4   3   2   4   5  22  12   3   4   1   4   4   0   9   5  0.11 0.11
  173 S    0  2  1  1 -1  1  1 -1  1 -2 -1  1  0 -2 -1  0 -1 -3 -1 -2    9  14   6   8   1   6  11   3   5   2   7   7   3   1   2   8   3   0   2   2  0.13 0.10
  174 D    1  1 -1  6 -2 -1  0 -3  2 -2 -3 -1 -2 -3 -3 -1 -2 -4 -2 -1   11   7   1  48   1   2   4   2   5   2   3   2   1   1   1   3   2   0   2   5  0.70 0.34
  175 Y   -2 -3 -2 -4 -1 -3 -3 -3 -1  1  1 -3  1  6 -4 -2 -3  1  3  1    2   1   2   1   1   1   2   2   1   9  10   1   4  36   1   2   1   2  10  11  0.63 0.28
  176 Y    0  1 -1 -1 -1  2  0 -1  2 -2 -1  1 -1 -1 -2  1  1 -1  2 -1    6   8   2   2   1  11   6   4   6   2   4   9   2   2   1  13   9   1   9   3  0.13 0.12
  177 S    0 -1  0 -1 -3 -1 -1 -2  2 -4 -4 -1 -3 -3 -3  5  1 -4  1 -3    4   3   3   2   0   2   2   2   5   1   1   3   0   0   1  57   8   0   5   1  0.73 0.38
  178 R   -2  5 -2 -3  0 -1 -2 -3 -2  1  2  1 -1 -1  0 -2 -1 -3 -1 -1    1  35   1   1   2   2   1   1   0   8  23   9   1   3   4   2   2   0   1   3  0.42 0.24
  179 L   -1 -3 -4 -4 -1 -3 -3 -4 -4  4  2 -3  1  2 -1 -2 -2 -3 -1  2    3   0   0   0   1   0   1   1   0  30  24   0   3  10   3   3   2   0   2  16  0.46 0.23
  180 W   -3 -2 -2 -4 -1 -2 -4 -3 -1 -3 -2 -2 -3  2 -4 -1 -2 11  3 -3    2   2   2   1   1   2   1   2   1   2   4   2   0   8   1   5   2  52   8   2  1.84 0.52
  181 I   -1 -3 -3 -4  4 -2 -3 -3 -3  1  2 -3  3  5 -3 -3  0  1  0 -1    3   1   1   1  10   2   1   1   0   6  24   1   8  27   1   1   5   2   2   3  0.50 0.22
  182 T   -1  0 -2 -3  4 -1 -3 -3  0 -3 -3 -2 -3 -4 -3  1  6 -4 -3 -1    3   6   1   1   9   2   1   1   2   1   1   1   0   0   1   9  59   0   0   3  0.97 0.40
  183 Y   -4 -4  2 -5  3 -4 -4 -5  3 -4 -4 -4 -4 -1 -5 -4 -4 -2  9 -4    1   1   9   1   5   0   1   1   5   1   1   1   0   0   1   1   1   0  70   1  2.17 0.65
  184 R   -4  7 -3 -4  2  1  1 -5  1 -5 -5  0 -4 -5 -4 -4 -4 -5 -4 -5    1  66   0   1   4   5   9   1   4   0   1   4   0   0   0   1   1   0   0   1  1.58 0.53
  185 T   -1  2  1 -1 -1  0 -1  1  0 -2 -3  2 -1 -2 -3  1  1  0 -1 -2    2  15   5   2   2   3   2  12   2   2   2  16   1   2   0  12   9   1   2   2  0.18 0.16
  186 D    0  1  1  1  2  1  0  0  2 -2 -1  0 -1 -2 -2  0  0 -2  1  0    7   7   7   7   6   7   7   7   6   0   7   7   0   0   0   7   7   0   6   7  0.08 0.11
  187 F   -2 -5 -5 -5  1 -5 -2 -5 -4  0  0 -5  2  7 -5 -1 -4  3  2 -1    3   0   0   0   3   0   3   0   0   4   8   0   4  55   0   4   0   3   6   3  1.26 0.59
  188 P    1  0 -1 -1  0  0  0 -2  0 -1 -2  0 -1 -1  5  1  0 -4  1 -1   11   5   2   3   2   4   5   2   2   3   3   4   2   2  27  10   5   0   5   3  0.36 0.25
  189 A    1  0 -2 -2  1  1 -2 -3  0 -1 -2 -1 -2 -3  6 -1 -1 -6 -2 -2   12   5   1   2   3   5   2   2   3   4   4   3   1   1  38   5   3   0   1   3  0.71 0.46
  190 L   -2 -4 -1 -5 -4  0 -2 -2 -5  5  2 -2  2  1 -2 -2 -2 -5 -4  0    3   0   3   0   0   4   2   3   0  41  22   3   4   5   3   3   2   0   0   3  0.65 0.45
  191 L   -1  0  0 -1  1  1  0  1  0 -1 -1 -1  0 -1  3 -1 -1 -4  0 -1    5   4   4   4   3   6   6  11   3   3   7   4   3   3  17   5   3   0   3   4  0.11 0.17
  192 D    0  0  0  0  2  1  0  0  1  0 -1  0 -1 -2  1  0  0 -2  1  0    6   6   5   6   5   5   6   6   5   6   6   6   0   0   6   6   6   0   5   6  0.02 0.08
  193 T    0 -2  1 -2 -1 -2 -2 -2 -2 -2 -3  0 -3 -4 -2  4  3 -4 -1 -2    6   1   6   1   1   1   2   2   1   3   1   5   0   0   1  37  22   0   2   1  0.46 0.39
  194 D   -1 -1  2  0 -2  1 -1  2  1 -3 -3  2 -2 -1 -1  1  0 -2 -1 -3    2   1   9   5   1   7   2  18   4   1   1  13   1   3   2  14   6   0   1   1  0.17 0.20
  195 T   -2  1 -2 -1 -2 -1 -2 -3 -1  0  0 -2  0  2  2  0  2  2  2 -2    1   8   0   3   1   2   1   1   1   6  11   1   2   9  11   6  15   3   9   1  0.12 0.19
  196 T   -2 -2 -1  0  1 -1 -2 -3 -2 -1 -1  0 -2 -2 -3  2  4 -3  1  0    1   1   1   5   3   3   1   0   1   3   5   5   1   1   0  15  38   0   5   5  0.29 0.29
  197 T    0 -1  0 -1 -1 -1  1 -2  2 -3 -2  1 -2 -3 -1  3  2  3 -2 -3    7   1   5   1   1   1   8   1   6   0   3   8   0   0   3  29  13   5   0   0  0.23 0.24
  198 D   -3 -2  2  6 -4  0 -1 -3 -2 -1 -4  0 -3  0 -3  1 -1 -4 -3 -2    0   0   8  50   0   4   0   0   0   3   0   5   0   4   0  10   3   0   0   2  0.64 0.36
  199 C    1 -1 -1 -2  4  1 -2 -2 -1 -1 -1 -1  2  0 -2  1  0  2  1  0   12   1   1   0  12   7   0   2   1   2   2   4  11   5   0  14   5   3   5   5  0.11 0.17
  200 G    1  0 -1 -2 -1  0 -2  4 -1 -3 -3 -2 -2  0  1  0  0 -3 -2 -3   12   5   2   0   1   5   0  39   1   0   2   0   0   5   6   4   7   0   1   0  0.33 0.23
  201 W   -1 -4 -1 -4 -4 -4 -4 -4 -3  0  0 -4 -2  0 -4 -4 -3 10  4 -3    5   0   4   0   0   0   0   0   0   5  11   0   0   2   0   0   0  48  12   0  1.56 0.55
  202 G   -1  0 -2 -2 -3 -2 -1  5 -3 -4 -4  0 -3  1 -3  1 -2 -3 -3 -4    0   5   0   0   0   0   4  53   0   0   1   4   0   6   0  15   0   0   0   0  0.65 0.35
  203 C    0 -3 -3 -1  8 -3 -3 -3 -3  0  1 -3 -1  1 -3  0 -2 -3 -2  0    7   1   0   4  38   0   1   1   0   4  15   1   0   7   1   6   1   0   0   4  0.55 0.29
  204 M    0 -1 -2 -1  1 -2 -2 -2 -2 -1  1 -2  5 -1 -2  1  0 -2 -1  0    8   3   0   4   4   0   1   1   0   1  14   1  26   0   1  17   5   0   2   5  0.17 0.23
  205 I   -1  0 -2 -3  0 -2 -2  0  0  1  2 -2  2  0 -2 -2  0 -2  0  1    3   8   0   0   3   0   0   7   4   8  20   0   9   3   0   1   7   0   4  14  0.06 0.13
  206 R    0  5  0 -2 -3  1  0 -2 -1 -1 -3  1 -2 -3  0  0  0 -3 -2 -1    7  39   4   0   0   4   7   1   0   3   1   6   0   0   4   8   4   0   0   4  0.32 0.25
  207 T    0  1  1  1  3 -1 -1  0 -2 -2 -1 -1  1 -2 -2  1  1 -3 -2 -1    8  13   8   8   8   0   0   7   0   0   6   0   5   0   0  11  12   0   0   4  0.08 0.14
  208 T    0 -2 -2 -2  0 -2 -2  3 -2 -1 -2  0 -1 -2  2  1  1 -3 -1  0    6   1   0   0   2   1   0  25   0   2   4   7   1   1  11  12  10   0   2   6  0.21 0.21
  209 Q   -1  0  1 -2 -4  6  0  0 -2 -4 -4 -1 -3 -1 -3  0 -1 -4 -3 -4    5   3   7   0   0  52   5   7   0   0   1   0   0   3   0   6   4   0   0   0  0.77 0.52
  210 M   -2 -3  0 -2  1  0 -3 -2 -3 -1  0 -1  8  0 -4  1 -1 -3 -3 -2    2   0   4   2   3   4   0   3   0   2   7   4  44   4   0  10   2   0   0   0  0.65 0.51
  211 M   -1 -3 -3 -3  0 -2 -1 -4 -3  1  3 -2  5  0 -3 -2 -1 -3 -2  0    4   0   0   0   2   0   4   1   0   7  36   2  18   4   0   2   4   0   0   6  0.35 0.31
  212 V   -1 -3 -1 -1 -1 -3 -3 -2 -3  1  3 -3  3  1 -3 -3 -1  3  0  0    5   0   4   4   1   0   0   3   0   7  38   0   9   6   0   0   2   4   3   5  0.26 0.26
  213 A    4 -3 -2  1  2 -2 -1  0 -3 -1 -2 -2  1 -2  0  1 -1 -3 -2 -1   41   0   0   8   5   0   2   7   0   3   2   0   5   2   4   7   3   0   1   2  0.27 0.31
  214 Q   -2 -1  3  0  1  5  2 -1  1 -3 -2 -1 -2 -2 -3 -1 -1 -3 -1 -2    2   2  15   3   4  32  11   5   4   0   3   2   0   1   0   2   3   0   1   2  0.40 0.36
  215 A    4 -5 -4 -2  3 -4 -1  0 -5 -2 -2 -4 -1 -1 -1 -1  1 -5 -1 -1   40   0   0   2   6   0   4   7   0   2   4   0   2   2   4   5   8   0   3   5  0.48 0.45
  216 I   -2 -5 -5 -5  0 -2 -3 -5  0  1  4 -2  2  2 -1 -3 -1  1  0 -1    3   0   0   0   2   2   2   0   2   8  44   3   5   9   3   2   3   2   3   4  0.55 0.43
  217 M   -1 -1 -1 -3  1  0 -1 -2  0  2  1 -1  1  0 -1 -1 -1  2  0  2    5   4   3   0   3   5   3   3   3  13  14   3   4   3   3   4   3   3   3  15  0.06 0.15
  218 V    0  2 -1 -1  2  0 -1 -2  1  0  0  0  1  0 -3 -1  0  3  0  0    6  13   3   3   5   4   3   3   3   7   6   6   5   3   0   4   6   5   3   7  0.06 0.15
  219 N   -1  0 -1 -2  0 -1 -3 -3  7  1  2 -2  0 -1 -2 -3 -2 -5 -1  1    4   5   3   2   2   3   2   2  24   7  18   3   2   2   2   2   2   0   2  10  0.47 0.41
  220 R   -2  1 -1 -2 -1 -1 -2 -3  6 -1  1 -1  2  3 -2 -2 -2  1  1 -2    3   7   2   2   1   2   2   2  20   3  14   4   6  11   2   2   3   2   5   3  0.40 0.37
  221 F   -1 -1 -1 -1  1 -1 -1 -1  0  0  2 -1  2  0  0 -1 -1 -3  1 -1    4   4   3   3   4   3   3   5   3   4  26   4   5   5   5   4   3   0   4   4  0.06 0.15
  222 G   -1  0  0 -1  0  0 -1  2  0 -1 -1  0  0  0  0  0  0  2 -2 -1    5   4   5   3   2   5   4  20   3   4   6   5   3   4   5   7   5   3   0   3  0.06 0.14
  223 R    0  0  0  0  2  0  0 -1  1  0 -1  0  1  0  0  0  0 -2  1  0    5   5   5   5   5   5   5   5   5   5   5   5   5   5   5   5   5   0   5   5 -0.00 0.06
  224 D   -1 -2  1  3  0  0  0  2  2 -1 -3 -2 -1  0  0  0 -1  1 -1 -2    6   2   6  16   2   5   6  14   5   4   3   3   2   4   4   6   4   2   2   3  0.19 0.18
  225 W   -2  1 -1 -1  3  0  0 -1  1 -1 -3 -1 -7  0 -1 -1 -1  9  1 -2    4   6   4   3   5   4   6   5   3   4   4   4   0   4   4   5   4  24   4   4  0.78 0.48
  226 R   -1  0  0  0  2  0  0 -1  2  0 -1  0  2  1  0 -1  0  4  1 -1    5   5   5   5   5   5   5   5   5   5   5   5   5   5   5   5   5   5   5   5  0.09 0.08
  227 F   -2  1 -1 -2  1 -1 -2 -3  1  0  0 -1  1  2  0 -2 -1  8  2 -1    4   7   3   3   3   4   3   3   3   5   9   4   3   6   4   3   3  17   6   5  0.49 0.33
  228 T   -1  0  0  0  2  0  0 -1  2  0 -1  0  2  1  0 -1  0  4  1 -1    5   5   5   5   5   5   5   5   5   5   5   5   5   5   5   5   5   5   5   5  0.09 0.08
  229 R   -1  2  0 -1  1  1  0  0  1 -1 -2  1  0 -1  1  0 -1  3  0 -1    4   9   5   4   3   6   7   7   4   3   5   7   3   3   8   7   4   4   3   4  0.10 0.10
  230 R   -1  1  2  1 -5  1  1  0  1 -2 -2  0  0 -2  1  0  0  0 -1 -2    6   8   8   8   0   6  11   7   4   2   4   5   3   2   8   8   5   2   2   3  0.14 0.15
  231 K   -1  0  0 -1  1  2  0 -2  1 -1 -1  2  0 -2  1  1  1  0 -1 -2    6   6   5   3   3  11   6   4   3   4   5  11   2   2   7   9   8   1   2   3  0.13 0.14
  232 R   -1  2  0  0  0  1  0 -2  0 -1 -2  0 -1 -1  2  1  1  0 -1 -2    5  11   5   5   2   6   6   4   2   4   5   6   2   3  11   9   9   1   2   3  0.14 0.14
  233 S   -1  0  1  1 -1  1  1 -2  1 -2 -1 -1 -1 -2  1  1  0  1 -1 -2    6   5   7   8   2   7   9   4   3   2   7   4   1   2   8  12   5   2   2   3  0.11 0.14
  234 H   -1  0  0  0 -2  1  2 -2  3 -2 -2 -1  0 -2  2  1  1  0 -2 -1    6   5   5   5   1   7  11   4   6   3   4   4   3   2   9  10   7   1   2   4  0.13 0.14
  235 V    0  1 -1  1  0  1  0 -1 -1  1  0 -1 -1 -2  2  0  0  0 -1 -1    7   6   3   7   2   5   7   4   2   7   8   4   2   2  10   7   5   1   2   4  0.02 0.08
  236 A    0 -1 -1  0  0  1  0 -1  0 -2 -1  0 -1  0  1  1  1  0  0 -2    9   4   3   4   2   7   6   6   3   2   6   5   2   3   7  11   8   1   3   3  0.02 0.11
  237 A    1  1 -1  0  0  0  0 -1  0 -1 -1  0  0 -2  1  1  0  0  0 -2    9   7   3   6   2   4   5   6   2   3   7   5   2   2   8  12   5   2   3   3  0.02 0.09
  238 H   -1  1  0 -1  0  0 -1 -1  3 -1 -1  0  1  0  0  0  0  1  1 -1    6   8   5   4   2   4   4   4   8   3   7   7   3   4   5   7   5   2   5   4  0.04 0.08
  239 G   -1  0  0  0  2  0 -1 -1  2  0 -1  0  2  0  0 -1  0  3  1 -1    5   5   5   5   5   5   5   5   5   5   5   5   5   5   5   5   5   5   5   5  0.03 0.09
  240 D    0  0  1  2  0  1  1 -1  0 -1 -1  0  0 -1  0  0 -1 -3 -1 -1    6   6   6  14   2   5   9   5   2   4   4   4   2   3   5   7   3   0   2   5  0.05 0.11
  241 E   -1  0  0  1  0  1  0  0  1 -1 -1 -1  0 -1  1  0 -1  4  0 -1    5   4   3   9   2   6   7   6   3   5   5   3   2   3   7   5   3   7   3   5  0.06 0.12
  242 D    0  0  0  3  0  0  0 -1  0 -2 -2 -1 -3 -2  1  1  0  1 -1 -1    8   4   4  17   2   4   6   4   3   2   5   4   0   2   7   9   7   2   2   3  0.10 0.18
  243 D   -1  0  0  2  2  0  0 -1  1 -1 -2  0  1 -1  2  0  0  2  0 -1    4   5   4   9   4   4   7   4   3   4   4   5   4   3   9   7   5   2   3   4  0.05 0.11
  244 F   -1  0 -1  0  1  1  0 -2  1  0  0 -1  1  1  0 -1  0  2  2 -1    6   5   3   6   3   6   7   4   3   4   7   4   4   5   4   4   6   2   8   5  0.02 0.08
  245 D   -1  0  1  2 -1  0  1 -1  1 -1 -1 -1  0 -1  1  0  1  0 -1 -2    5   5   6  10   1   5  10   5   3   3   6   3   2   3   8   7   7   1   3   4  0.04 0.11
  246 R    0  1  0  0  0  0  0 -1  2 -1 -1  0  0  0  1  0  0  2  0 -1    7   7   4   5   2   5   7   4   4   4   5   5   3   4   7   6   5   3   3   4  0.01 0.06
  247 E   -1  0  0  0  2  0 -1 -1  2  0 -1  0  2  0  0 -1  0  3  1 -1    5   5   5   5   5   5   5   5   5   5   5   5   5   5   5   5   5   5   5   5  0.03 0.09
  248 K   -1  0  0  0 -3  0  0 -1  1  0 -1  0  1  0  0  0  0  3  1 -1    5   5   5   5   0   5   5   5   5   5   5   5   5   5   5   5   5   5   5   5  0.02 0.09
  249 I    0 -1 -1  0  0  0  0 -1  0  1  0 -1  0  0  1 -1 -1  0  0  0    8   3   3   4   2   4   7   4   2  12   9   4   2   4   9   4   2   1   3   6  0.01 0.05
  250 Q   -1  0  0  0  0  0  1 -1  1  1 -1  1  0 -1 -1 -1  0 -3 -1  0    5   5   4   6   2   4  11   5   3  10   6   7   2   2   2   3   7   0   2   6  0.01 0.07
  251 E   -3  2 -2  0 -5 -1  1 -3  5 -3 -3 -2 -2 -2 -1 -2 -2 -4  6 -2    2   9   2   5   0   3  10   2  14   2   3   3   1   1   3   4   2   0  25   3  0.62 0.51
  252 W   -1  3 -1 -2  2 -1  0 -2 -1  0  0  1  1  1 -1 -2 -2  4  0 -1    5  19   2   1   4   3   6   2   1   6   8   7   4   6   3   3   2   6   3   4  0.15 0.21
  253 M   -1  1  0  0  0  1  0 -2  0 -1 -1  1  0  2 -1 -1  0  1  0 -1    4   9   4   5   2   9   5   3   2   2   6   8   2  12   2   5   4   2   2   5  0.04 0.13
  254 I    0 -1 -1 -1  0 -1 -1 -2 -3  2  0  0  1  0 -1  0  0 -3  0  2    6   3   3   3   3   3   3   3   0  17   9   5   4   3   3   7   3   0   3  14  0.04 0.12
  255 L    0  0 -1  0 -2  1  0  0  1  0  0  0  1  0  1  0  0 -3 -1  0    6   6   0   6   0   6   6   6   6   6   6   6   6   6   6   6   6   0   0   6  0.01 0.08
  256 K   -2  2  1 -1 -5  2  0 -1  1 -3 -3  3 -1 -2  0  2  0  0 -2 -3    3  10   6   3   0   9   5   4   4   2   3  17   2   2   5  13   6   1   1   2  0.22 0.25
  257 L   -2 -2 -1 -2  1  1  0 -1  0  1  1 -1  4  0 -1 -1 -2  6  0 -2    3   3   3   3   3   7   6   6   3   6  15   5   8   4   3   6   3  10   3   3  0.29 0.19
  258 F   -8 -1 -8 -1  2  0 -2 -8 -7  1 -2 -1  1  7 -8 -2  0  3  0 -2    0   3   0   4   3   4   4   0   0   6   4   4   3  43   0   4   6   4   4   3  1.22 0.58
  259 E    1 -2  0  0  1  1  2  1  0  0  0 -2  0 -1 -4  0 -1  0 -1  0   12   2   5   4   3   7  13  13   3   6   9   2   2   3   0   5   2   1   2   6  0.10 0.12
  260 D   -7 -2  0  8 -8 -2 -1 -7  1 -7 -4 -6 -7 -2 -1 -3 -6 -8 -7 -3    0   2   4  72   0   2   3   0   3   0   2   0   0   2   3   2   0   0   0   2  2.08 0.98
  261 K   -2  1  2  1  0  0  0 -3  2 -2 -1  1 -2 -2 -3  3  0  1  0 -2    2   6  10   9   2   4   6   2   6   3   6   7   1   1   1  19   5   2   4   3  0.22 0.22
  262 P   -2  1 -2 -1 -6 -1  0 -4 -1 -2 -2  1  0  0  6 -1 -3 -1 -1 -4    3   7   2   4   0   2   7   1   2   3   4   9   2   5  38   4   2   1   2   1  0.76 0.49
  263 T    0  0  0  2 -1  0  1  0  0 -1 -3  0 -2 -3 -2  2  1 -5 -1 -2    7   5   4  13   1   4   8   8   3   5   2   6   1   1   1  18   8   0   3   3  0.18 0.20
  264 A    4  0 -2 -3  5 -1 -2 -1  1 -3 -4 -1 -2 -4 -3  3 -2 -6 -1 -3   32   4   2   1  11   3   2   4   3   2   2   3   1   1   1  21   2   0   3   1  0.62 0.46
  265 P   -1 -4 -3 -2  1  0 -2 -6  0 -3 -1 -1 -2 -1  7 -3 -2  2  1 -2    4   1   1   3   2   4   3   0   3   1   6   4   1   3  47   2   3   3   4   3  1.04 0.64
  266 L   -4 -3 -7 -5 -1 -3 -4 -7 -2 -3  1 -5 -2  7 -4 -5 -4 -4  6 -3    2   2   0   1   1   1   2   0   1   1  13   1   1  45   1   1   1   0  24   2  1.63 0.81
  267 G   -1 -6 -2 -2  0 -5 -3  2  0 -7 -7 -1 -6 -7 -3  6 -2 -7 -6 -3    4   0   2   3   2   0   2  14   2   0   0   3   0   0   1  61   2   0   0   2  1.33 0.79
  268 I   -3 -6 -6 -7 -5 -6 -6 -7 -6  6  3 -6  0  0 -1 -1 -1 -6 -1  1    2   0   0   0   0   0   0   0   0  44  24   0   2   3   4   4   3   0   2  10  1.11 0.55
  269 H   -6 -3 -1 -2  2  2 -6 -7 10 -7 -4 -6 -3 -2 -5 -2 -3 -7  3 -7    0   2   2   2   5   9   0   0  58   0   2   0   1   2   1   3   2   0   9   0  2.28 0.99
  270 K   -2  4  4 -2 -2  3  0 -4  2 -3 -5  2 -2 -6 -5  2 -2 -3 -3 -4    4  23  17   1   1  13   5   1   5   2   1  10   1   0   0  13   2   0   1   1  0.66 0.44
  271 M    0  0 -2  0  2 -1  0 -3 -2  0  0 -1  1  1  1  0  0 -2  1  0    7   7   0   7   7   0   7   0   0   7   7   0   7   7   7   7   7   0   7   7  0.07 0.12
  272 V    2 -7 -1 -2  3 -1 -2 -2  3  0 -2 -6  3 -1 -2 -1 -1 -7  0  3   17   0   3   3   5   3   3   3   6   5   5   0   6   3   3   6   4   0   3  16  0.28 0.27
  273 G   -1  0  1  0  0  1  1 -1  1 -1 -1  1  0 -1 -1  0  0  2  0 -1    5   6   6   6   3   7   8   5   3   3   7   8   3   3   3   9   5   2   3   4  0.01 0.07
  274 I   -1  0  0  0  2  0  0 -1  2  0 -1  0  1  0 -3  0  0  3  1  0    5   5   5   5   5   5   5   5   5   5   5   5   5   5   0   5   5   5   5   5  0.06 0.10
  275 A    1 -1 -1 -1  2 -1 -2  4  0 -2 -2 -1  0 -1 -1 -1 -1 -4  0 -1   10   3   3   3   5   3   3  36   3   3   3   3   3   3   3   4   3   0   4   4  0.39 0.32
  276 A    1  1 -1 -1  1  1 -1  1  0  0 -1  2  0  0 -2 -1 -2  1 -2  0   12   7   3   4   3   6   5  10   2   5   5  13   2   4   2   5   2   2   2   7  0.10 0.09
  277 M    0 -1  1  0  0  0  0 -1  1  0 -1  1  2 -1 -2  0 -1  2  2  1    6   3   7   5   2   4   5   5   3   5   6   8   5   3   2   7   4   3   6   9  0.06 0.06
  278 G   -1 -1  1 -1  1 -1  1  1  1  0  0 -1  0  0 -1  1 -1  1 -1 -1    6   4   6   4   3   2  10  10   4   6  10   4   2   4   3  10   4   2   2   5  0.04 0.05
  279 K    0  0  0  0  2  0  0 -1  1  0 -1  0  1  0  0  0  0 -2  1  0    5   5   5   5   5   5   5   5   5   5   5   5   5   5   5   5   5   0   5   5 -0.00 0.06
  280 G   -1  0  0  0  1 -1 -2  2  0 -1 -1  0  1  1 -1  0  1  2  2 -1    4   5   4   6   3   3   3  14   3   4   6   6   4   5   3   6   7   3   7   5  0.09 0.09
  281 K   -1  0  0  0  2  0  0 -1  2  0 -1  0  2  1  0 -1  0  4  1 -1    5   5   5   5   5   5   5   5   5   5   5   5   5   5   5   5   5   5   5   5  0.09 0.08
  282 K   -2  1  0  1  1 -1 -2 -3  2  0 -1  4  1 -1 -2 -1  0 -7 -1  0    3   8   4   6   3   3   3   3   4   6   6  24   4   3   3   5   6   0   2   7  0.30 0.22
  283 A    1  0  0  0  2  1 -1 -2  0 -2 -1  2  0 -1  2  0 -2  1 -1 -1   10   5   5   4   3   6   4   4   3   3   6  12   2   3  10   8   3   2   2   4  0.12 0.11
  284 V    0 -1 -2 -1  2 -1 -2 -1 -3  1 -1 -1  1  0  2 -1 -1 -4 -1  3    9   4   2   4   4   3   2   4   0   8   4   3   4   4  10   4   3   0   2  26  0.16 0.19
  285 G   -1 -2  0 -1  1 -4 -1  5 -4 -1 -2 -1 -4 -5  0  0 -4 -5 -5 -2    3   3   4   4   3   0   4  51   0   4   4   4   0   0   6   6   0   0   0   4  0.76 0.46
  286 S   -1  1  1  1  1  2  2 -2  1 -2 -2  0  0 -1 -1  1  0 -4 -3 -1    3   7   8   9   4  10  16   3   3   2   3   3   2   2   3  13   4   0   0   6  0.19 0.20
  287 W   -4 -3 -2 -6  0  0 -5 -6  2 -5 -2 -5  1  0 -2 -3 -5 11  1 -2    2   2   2   0   2   5   0   1   4   0   3   0   4   4   2   2   0  57   5   3  2.41 0.96
  288 Y   -2  0 -4 -5  0 -2 -3 -5  1 -1  1 -4 -1  6 -2 -3 -2  3  5  0    4   5   0   0   2   2   2   1   4   2  11   0   2  30   2   2   2   3  19   6  0.72 0.41
  289 S    0 -1 -1 -1  0 -2 -2  5  0 -4 -2 -1 -4 -5 -2  1  0 -5 -5 -2    9   3   2   3   2   2   2  47   3   0   5   3   0   0   2   9   5   0   0   4  0.66 0.41
  290 P   -2 -2 -1 -5 -6  0 -5 -5 -5 -1 -5 -5  1 -6  8 -1 -5  2 -6 -3    3   3   4   0   0   5   0   0   0   3   1   0   4   0  66   4   0   3   0   2  1.83 0.85
  291 S    0 -1  2 -1  3 -1  0 -1  0 -1 -1 -2  0 -2 -2  3  1  1  1 -1    9   4   9   2   6   2   7   4   3   4   6   0   2   2   2  23   7   2   5   4  0.16 0.19
  292 E    0  1 -1  0  1  1  0 -2  0  0 -1  0  0 -1 -1  1  2 -3  0 -1    9   6   1   5   4   7   6   2   3   5   6   6   2   2   3  10  16   0   4   5  0.09 0.12
  293 A    0 -2  1  0  2  0 -1  0  2  0  0 -2  1  1  1  0  0 -3 -1  0    7   0   7   7   6   7   0   7   6   7   7   0   6   6   7   7   7   0   0   7  0.06 0.12
  294 V    2 -1 -2  2  4 -2  0 -1  2 -1 -1 -2  0 -1  0  1  0 -3  0  0   18   3   0  13  11   0   5   4   6   4   4   0   3   3   3  10   3   0   3   6  0.15 0.19
  295 F   -1  0  0  0  2  0  0 -1  2  0 -1  0  2  1  0 -1  0  4  1 -1    5   5   5   5   5   5   5   5   5   5   5   5   5   5   5   5   5   5   5   5  0.09 0.08
  296 I    0  0 -2  0  2  0 -1  0 -2  0  0  0  1  1  1  0  0 -2  1  0    6   6   0   6   6   6   0   6   0   6   6   6   6   6   6   6   6   0   6   6  0.04 0.10
  297 M   -1 -3 -1 -1  3  0 -1 -1  0  2  2 -1  2  0 -1 -1 -1  2  0  0    4   0   3   3   6   5   4   4   3  14  18   3   6   4   3   4   3   3   3   6  0.12 0.14
  298 K   -1  2 -1 -1 -1  2  0 -2  1 -2  0  3 -1 -1 -2 -1 -1  1  0 -1    5  11   3   4   2   8   6   4   3   3  10  20   2   2   2   4   3   2   4   4  0.17 0.18
  299 K    1  2 -1  0 -4  1  1 -2  1 -1 -1  3 -1 -2 -1  0 -1  0 -1 -1   10  12   2   6   0   6   8   2   4   3   7  17   2   1   2   5   3   1   3   4  0.16 0.18
  300 A    0 -1 -1 -1  2  0 -1 -1  0  0  2 -1  1 -1 -1  0  0 -5  0  0    9   3   4   4   4   4   4   5   3   6  20   3   3   3   3   7   5   0   3   6  0.08 0.08
  301 L   -1 -1  0 -1  3  0 -1 -1  1  1  0 -1  2  0 -1 -1  0  4  0  1    5   3   5   3   5   5   4   4   3   8   8   5   5   4   4   5   5   5   3  10  0.11 0.09
  302 T    0  0  1  0  1  1  1 -1  2 -1 -1  1  0  0 -1  0 -1  2  0  0    8   5   7   6   3   6   8   4   4   4   5   8   3   4   3   5   4   2   4   6  0.05 0.05
  303 E    0  0  0  0  2  0  0 -1  1  0 -1  0  1  0  0  0  0 -2  1  0    5   5   5   5   5   5   5   5   5   5   5   5   5   5   5   5   5   0   5   5  0.03 0.05
  304 S    2 -1  0  0  1  0 -1 -2  3 -1 -2 -1  0  1 -1  1 -1  2  2 -2   14   3   5   6   3   4   4   4   7   3   3   4   3   6   3  12   4   3   6   3  0.17 0.16
  305 S   -1  0  0  1  1  0  1 -1  1 -2 -3  1  1 -1  1  1  0  4  0 -2    6   6   5   7   3   4   8   4   4   3   3   7   3   3   7  11   5   5   3   3  0.14 0.15
  306 S   -1 -1  1  1  4  1  2 -1  2 -1 -3 -1 -1  1 -1  1 -1  1  0 -2    5   3   6   7   8   6  11   4   5   3   3   3   2   5   3  12   3   2   3   4  0.19 0.17
  307 P   -1 -1  0  1  1  1  1 -2  1 -1 -3  0  1  0  3  0 -1 -6  0 -1    5   4   4   9   3   6   8   4   3   4   3   6   3   4  15   7   4   0   3   5  0.18 0.18
  308 L   -1  0  0  0  2  0  0 -1  2  0 -1  0  2  1  0 -1  0  4  1 -1    5   5   5   5   5   5   5   5   5   5   5   5   5   5   5   5   5   5   5   5  0.09 0.08
  309 T    0 -1  0  0  1 -1 -1 -1  1 -1  1 -1  0  0  1  0  0  4  0 -1    8   4   4   4   3   3   4   5   3   4  15   4   3   4   6   6   6   5   3   5  0.07 0.07
  310 G    0 -1  1  2  1 -1 -1  1 -1  1 -3  0 -1 -3  0  1 -1 -6 -3  0    8   4   6  11   3   3   5  12   2   7   3   5   2   1   6  11   3   0   1   8  0.13 0.14
  311 N   -1  0  2  2  0  2 -1  2  3 -1 -2 -1  0 -1 -1 -1 -2  1  0 -1    5   5   9  11   2   7   4  13   6   4   4   4   3   3   4   4   2   2   3   4  0.17 0.15
  312 T   -1 -1 -1 -2  2 -1 -2 -2  1  2  2 -2  2  0 -1 -1  0  2  0  1    5   3   3   3   4   3   3   4   3  10  20   3   4   4   4   4   5   3   3  10  0.15 0.11
  313 A    0  0  0  0  2  0  0 -1  1  0 -1  0  1  0  0  0  0 -2  1  0    5   5   5   5   5   5   5   5   5   5   5   5   5   5   5   5   5   0   5   5  0.03 0.05
  314 M    0  0  0  0  2  0  0 -1  1  0 -1  0  1  0  0  0  0 -2  1  0    5   5   5   5   5   5   5   5   5   5   5   5   5   5   5   5   5   0   5   5  0.03 0.05
  315 L    0  0  0  0  2  0  0 -1  1  0 -1  0  1  0  0  0  0 -2  1  0    5   5   5   5   5   5   5   5   5   5   5   5   5   5   5   5   5   0   5   5  0.03 0.05
  316 L   -1  0  0  0  2  0  0 -1  2  0 -1  0  2  1  0 -1  0  4  1 -1    5   5   5   5   5   5   5   5   5   5   5   5   5   5   5   5   5   5   5   5  0.09 0.08
  317 S    2 -2  0 -1  4  0 -1 -1 -1 -1 -2 -1  0 -1  0  2  1 -4 -1 -1   21   2   3   4   8   3   4   4   1   3   3   2   2   3   5  14  10   0   2   5  0.19 0.23
  318 I   -1  0  0  1  1  0  0 -1  0  1  0  0  1  0  0  0  0 -3 -1  1    4   4   3   8   3   6   6   4   2   8   8   4   4   4   4   8   4   0   2  15  0.03 0.07
  319 D   -1  0  0  4  0  0  1 -1  0  0 -2 -1  0 -1  0 -1 -1 -4  0  0    4   5   5  28   2   3   7   4   3   6   4   3   2   2   4   4   3   0   3   6  0.26 0.25
  320 G    0  0  0  0  2  0  0 -1  1  0 -1  0  1  0  0  0  0 -2  1  0    5   5   5   5   5   5   5   5   5   5   5   5   5   5   5   5   5   0   5   5  0.03 0.05
  321 R    0  0  0  0  2 -1  0 -1  0  0 -1 -1  0 -2 -1  1  2 -4 -1  1    7   5   4   6   4   3   7   4   3   6   6   2   2   2   3  12  14   0   2   9  0.09 0.13
  322 V   -1 -1 -1  1  2 -1 -1 -3 -2  2  1 -2 -1 -1 -2 -2  0 -1 -1  3    5   4   2   9   4   3   5   2   1  11  12   2   1   2   2   2   6   1   2  24  0.21 0.20
  323 H   -1  0  0  0  1  0 -1 -2  2  1 -2 -1  1  1  0 -1 -1 -3  5  1    4   5   5   5   3   4   3   4   4   7   3   3   3   5   5   4   4   0  20   9  0.23 0.23
  324 I   -1  0 -1 -1  1  0  0 -1  0  0  0  1  1  0  0  0  0  2  0  0    5   5   3   4   4   5   5   5   3   7   9   9   4   4   4   7   4   2   4   9  0.03 0.03
  325 R    0  0  0  0  2  0  0 -1  1  0 -1  0  1  0  0  0  0 -2  1  0    5   5   5   5   5   5   5   5   5   5   5   5   5   5   5   5   5   0   5   5  0.03 0.05
  326 D    0  0  0  0  2  0  0 -1  1  0 -1  0  1  0  0  0  0 -2  1  0    5   5   5   5   5   5   5   5   5   5   5   5   5   5   5   5   5   0   5   5  0.03 0.05
  327 I    0  0  0  0  2  0  0 -1  1  0  0  0  0  0  0  0  0 -2  0  1    7   4   4   7   5   5   6   4   4   7   8   4   3   4   5   4   4   0   4  11  0.02 0.04
  328 E   -1  0  0  0  2  0  0 -1  2  0 -1  0  2  1  0 -1  0  4  1 -1    5   5   5   5   5   5   5   5   5   5   5   5   5   5   5   5   5   5   5   5  0.09 0.08
  329 V   -1  0  0  0  2  0  0 -1  2  0 -1  0  2  1  0 -1  0  4  1 -1    5   5   5   5   5   5   5   5   5   5   5   5   5   5   5   5   5   5   5   5  0.09 0.08
  330 E    0  0  1  0  1  0  0  0  1 -1  0  0  0  0  0  0  0 -2  0 -1    5   5   6   6   4   4   7   5   6   4   9   7   3   3   5   5   5   0   3   4  0.01 0.04
  331 T    0  0  0  0  2  0  0 -1  1  0 -1  0  1  0  0  0  0 -2  1  0    5   5   5   5   5   5   5   5   5   5   5   5   5   5   5   5   5   0   5   5  0.03 0.05
  332 K    0  0  0  0  2  0  0 -1  1  0 -1  0  1  0  0  0  0 -2  1  0    5   5   5   5   5   5   5   5   5   5   5   5   5   5   5   5   5   0   5   5  0.03 0.05
  333 N   -1  0  0  0  2  0  0 -1  1  0 -1  0 -2  0  0  0  0  3  1 -1    5   5   5   5   5   5   5   5   5   5   5   5   0   5   5   5   5   5   5   5  0.02 0.09
  334 W   -2 -1 -1  0  1  0 -1  0  1 -1 -3 -1  1  0  1  0 -1  8  0 -1    4   3   3   5   3   4   4   8   3   4   3   5   3   4   7   7   5  18   3   4  0.47 0.35
  335 M   -1  0  0  0  2  0 -1 -1  2  0 -1  0  2  0  0 -1  0  3  1 -1    5   5   5   5   5   5   5   5   5   5   5   5   5   5   5   5   5   5   5   5  0.03 0.09
  336 K    0  0  0  0  2  0  0 -1  1  0 -1  0  1  0  0  0  0 -2  1  0    5   5   5   5   5   5   5   5   5   5   5   5   5   5   5   5   5   0   5   5  0.03 0.05
  337 K    0  0  1  0  2  1  0  0  1  0 -1  0  1 -2  1  0  0 -3 -2  0    6   6   6   6   6   6   6   6   6   6   6   6   6   0   6   6   6   0   0   6  0.06 0.09
  338 L   -1 -1  0  0  1  0 -1 -1 -2  0  1 -2  1  1  0  1  0 -2  0  1    4   3   6   5   3   3   4   5   0   6  13   0   5   7   5  11   6   0   3  11  0.03 0.08
  339 I    0  0  0 -2  2  1 -2 -2 -2  0  0 -1  2  1  1  0  0 -2  1  0    7   7   7   0   7   7   0   0   0   7   7   0   7   7   7   7   7   0   7   7  0.09 0.13
  340 L    0  1 -2 -2  2  1  0 -2 -2  0  0  0  1  1 -2  0  0 -2  1  0    7   7   0   0   7   7   7   0   0   7   7   7   7   7   0   7   7   0   7   7  0.08 0.12
  341 V   -1 -3 -1 -1  0 -2 -2 -4 -3  1  3 -1  2  2  0 -2  0  1 -1  1    3   0   4   4   2   2   2   0   0   8  37   3   4   7   4   2   5   2   2   7  0.26 0.23
  342 I   -1 -3 -1 -2  1 -3 -3 -2  0  3  1 -3  1  0  1 -2 -1 -3 -2  3    5   0   3   3   3   0   0   3   3  24  12   0   3   5   8   3   3   0   0  21  0.28 0.24
  343 V    0 -3 -1 -1  2 -1 -1  1  0 -1 -1 -3 -3 -3  5  0  0 -4  0  0    7   0   3   2   5   2   3  10   3   3   6   0   0   0  33   5   6   0   3   8  0.51 0.32
  344 V   -1  0 -1 -3  1  0 -2 -1  0  1  1 -1  1  0 -1 -1  1  2 -2  2    5   4   2   0   4   5   0   5   2   9  17   3   4   4   2   3  11   3   0  16  0.09 0.13
  345 R    0  0 -2  0  2  1  0  0  2  0  0  0  1 -2 -2  0  0  4 -2  0    6   6   0   6   6   6   6   6   6   6   6   6   6   0   0   6   6   6   0   6  0.09 0.13
  346 L   -1 -1 -3 -3  1  0 -1  0 -3  0  2 -2  1  1  0  0 -2  3  0  0    4   4   0   0   4   4   5  10   0   6  31   0   3   5   5   7   0   4   3   4  0.15 0.19
  347 G    0 -1 -1  0  2  1  0  0  2 -1 -1  0  1 -2  1  0  0 -3 -2  0    7   0   0   7   6   7   7   7   6   0   7   7   6   0   7   7   7   0   0   7  0.05 0.13
  348 A    0 -2 -2 -2  2 -1 -2  1 -1  1  2 -1  1  0  0 -1  0 -3 -1  0   10   2   2   2   4   2   2  10   1   9  23   4   3   3   5   3   5   0   2   7  0.10 0.13
  349 A   -1  0  2  3 -1  0  3 -2  0 -2 -4 -1 -1 -3 -1  2  0 -5 -4 -3    4   5   8  18   2   3  18   3   3   2   2   3   2   1   3  18   5   0   0   2  0.39 0.35
  350 E   -1  2  1  1  0  0  1  0  1 -2 -2  2 -1  0 -1  0  0 -4 -1 -1    2  11   5   7   3   4   9   7   4   2   2  12   2   5   3   8   6   0   2   4  0.10 0.14
  351 L   -1 -3 -1 -1  1  0 -3 -2 -3  3  1 -1  1  1  0 -1 -1  2  0  1    3   0   4   4   3   6   0   3   0  21  14   4   3   6   5   4   3   3   4   9  0.19 0.20
  352 N   -1  0  0  0  2  0  0 -1  2  0 -1  0  1  0  0  0  0  3  1 -2    5   5   5   5   5   5   5   5   5   5   5   5   5   5   5   5   5   5   5   0  0.08 0.12
  353 P    0  0 -3 -1 -7  1  2 -2 -1 -3 -2  1  1 -7  5  0 -2 -8 -3 -2    8   5   1   4   0   6  12   3   2   2   4   7   3   0  27   8   3   0   1   3  0.55 0.41
  354 I   -2  0  0  0  2  1  1 -2  2  2 -1  0  0 -2 -1 -1 -1  1  0  1    4   6   5   5   5   6   9   4   4  10   5   6   2   2   3   5   4   2   3  12  0.10 0.09
  355 Y   -3 -2 -2 -8  1 -2 -2 -9  1 -1 -3 -2  1  2 -9 -1 -1 -7  8 -3    2   3   3   0   2   2   3   0   3   4   3   3   4   7   0   4   4   0  49   3  1.57 0.81
  356 V   -1 -1 -1 -2  1  0  0 -2  2  1 -1  0  1  2  0 -1  0  3  2  1    5   3   3   3   3   4   5   3   5   7   5   5   4   9   5   6   5   4   7   8  0.12 0.10
  357 P   -1  0  0  2  2  1  2 -2  2  0 -2  0  0 -1  2  0 -1  2  0 -2    5   4   4   9   4   5  11   3   4   5   4   5   3   3  11   8   4   3   3   3  0.15 0.16
  358 H   -1  0  0  0  2  0  0 -1  2  0 -1  0  2  1  0 -1  0  4  1 -1    5   5   5   5   5   5   5   5   5   5   5   5   5   5   5   5   5   5   5   5  0.09 0.08
  359 L   -2 -1 -1 -2  1 -1 -7 -7 -7  3  3 -2  1  1 -7 -1 -1 -7  0  1    3   4   3   3   3   3   0   0   0  16  29   3   3   5   0   4   3   0   3   9  0.50 0.30
  360 M   -2  1 -1 -2  1  2 -2 -3  1 -2  1  4  0 -1 -2 -2 -2  4  0 -1    3   6   3   3   3   9   3   3   4   3  11  23   3   3   3   4   3   5   3   5  0.36 0.24
  361 R    0  0  0  0  2  0  0  0  1  0 -1  0  1  0 -2  0  0 -2  1  0    6   6   5   6   5   5   6   6   5   6   6   6   5   5   0   6   6   0   5   6  0.03 0.07
  362 L    0  0  0  0  2 -2 -2  0  2  0  0 -2  1  1  1  0  0 -2  1  0    6   6   6   6   6   0   0   6   6   6   6   0   6   6   6   6   6   0   6   6  0.05 0.11
  363 F   -3 -3 -3 -1 -3 -2 -1 -4  3  0  2  0  2  4 -3 -1 -1 -2  1  0    1   0   0   4   0   0   5   1   9   5  22   6   6  23   0   4   4   0   4   5  0.33 0.25
  364 A    0  1  0 -1  1  1  0 -1  1 -6 -2  1  2 -1 -1  2  1 -6  0 -6    8   8   5   4   3   7   5   5   4   0   5   9   4   3   3  14   9   0   3   0  0.22 0.21
  365 M   -1  0  0  0  2  0  0 -1  2  0 -1  0  2  1  0 -1  0  4  1 -1    5   5   5   5   5   5   5   5   5   5   5   5   5   5   5   5   5   5   5   5  0.09 0.08
  366 E   -2  1 -1  0 -7 -1  2 -2  1 -7 -3  1  1 -7  5 -1 -1 -7  1 -2    4   8   3   5   0   3  12   3   3   0   4   9   3   0  24   5   4   0   5   3  0.52 0.37
  367 S   -1 -1  1 -3  3  4  0  0  2 -4 -1 -1  0 -1 -1  1 -1  1  1 -2    4   2   8   0   6  21   5   8   5   0   5   3   3   3   2  12   4   2   5   2  0.30 0.31
  368 C   -2 -5  0 -5  8 -5 -5 -2 -5 -2 -2 -5  0  3 -2  3  0 -5 -1 -5    3   0   5   0  32   0   0   3   0   2   4   0   2  13   2  24   5   0   2   0  1.18 0.62
  369 L   -1 -2 -2 -5  3 -1 -4 -5 -4  3  3 -4  2 -3 -4 -2 -1 -4 -3  4    5   2   2   0   7   3   0   0   0  17  24   0   5   0   0   2   4   0   0  27  0.55 0.34
  370 G   -3 -5 -3 -1  1 -4 -2  7 -5 -6 -6 -4 -5 -5 -5 -1 -2 -5 -5 -5    1   0   0   4   3   0   3  79   0   0   1   0   0   0   0   3   3   0   0   0  1.69 0.63
  371 I   -1 -4 -4 -4  0 -4 -4 -4 -4  5  0 -4  4  1 -4 -1  0  0 -3  2    4   0   0   0   2   0   0   1   0  44   6   0  10   7   0   5   5   1   0  12  0.70 0.36
  372 T    0 -2  1 -2 -2 -2 -2  0 -2  1  0 -2  2  1  1  0  1 -2 -1  1    9   0   9   0   0   0   1   9   0   9   9   0   9   9   9   9   9   0   0   9  0.09 0.09
  373 G    1 -1  1 -1  3  0  1  1 -1 -3 -3  1 -2 -3  2  1 -1 -3 -2 -2   12   1  12   1  11   0  12  12   0   1   1  12   0   0  12  12   1   0   0   1  0.24 0.09
  374 G   -1 -2 -1 -1  2 -4 -2  6 -4 -5 -2 -4 -4 -5 -4 -1 -4 -5 -5 -2    3   2   3   3   5   0   2  67   0   0   6   0   0   0   0   4   0   0   0   3  1.20 0.52
  375 R   -2  4  0 -1  0  1  0 -2  1 -1 -2  3  0 -1 -3 -1 -1 -4 -1 -1    2  27   5   4   2   4   4   2   3   4   3  21   2   2   0   3   3   0   3   5  0.35 0.30
  376 P   -2 -1 -1 -1 -5 -1 -1  0  0 -2 -3  1 -4 -5  6  0  0 -5 -4 -2    3   4   3   3   0   3   3   6   2   2   3  10   0   0  45   5   6   0   0   2  0.88 0.52
  377 D   -1  1  2  1  0  1  0  1  1 -2 -3  1 -3 -1 -1  1  0 -3 -1 -3    4   9  10   8   2   5   3  14   3   2   0  10   0   3   3  11   7   0   2   0  0.17 0.19
  378 H    0  2 -1 -1 -4  0 -2  0  5 -4 -2  2  0 -1 -3  3  0 -4 -1 -2    8  10   2   3   0   4   0   6  16   0   3  13   3   2   0  22   4   0   2   2  0.36 0.33
  379 S    4 -3  0 -1  0 -3 -3 -1 -3 -4 -2 -3 -3 -4  0  4  0 -5 -4 -2   37   0   3   3   2   0   0   4   0   0   4   0   0   0   4  35   4   0   0   3  0.66 0.46
  380 S   -2  0 -3 -3  1 -2 -1 -2  2  0  2 -2  1  1 -3 -2  0 -2  3  0    2   7   0   0   3   1   4   4   6   4  28   0   4   7   0   2   5   0  12   7  0.21 0.22
  381 W   -4 -4 -1 -4 -4 -4 -1 -3  0 -1 -2 -2 -3  3 -5 -2 -3  5  8 -1    1   0   4   0   0   0   4   2   1   4   4   2   0  10   0   3   1   7  50   4  1.15 0.58
  382 F   -1  0 -2 -2  3 -2 -2 -3 -2  1  0 -1  2  1  1  0  0 -2  2  0    1   8   0   0   8   0   0   1   0   8   8   0   8   8   8   8   8   0   8   8  0.08 0.13
  383 V    0 -2 -2 -1  2 -2 -2 -2  0  1  1 -2  1  1  0  0  0 -2  0  2    7   0   0   5   5   0   0   1   3  10  11   0   4   7   4   9   5   0   4  16  0.04 0.11
  384 G    1 -2  0  0 -3 -2 -2  4 -2 -2 -2 -1 -2 -3 -2  0  0 -3 -3 -1   10   0   3   5   0   0   0  45   0   0   4   4   0   0   0   6   6   0   0   6  0.39 0.24
  385 Y    0  0  0 -2  2  1  0 -3  2  0 -1  0  1  1 -3  0  0  3  1  0    6   6   5   0   5   5   6   0   5   6   6   6   5   5   0   6   6   5   5   6  0.06 0.15
  386 Y   -2 -1 -1  0  2  6 -1 -2  1 -1 -3  0  0  0 -2 -1 -2  2  1  0    4   3   3   5   3  27   5   3   4   4   3   6   3   3   3   4   3   3   4   6  0.47 0.35
  387 G    0  0  1  0 -3  1  0  0  2  0 -1  0 -1 -2  1  0  0  3 -2  0    6   6   6   6   0   6   6   6   6   6   6   6   0   0   6   6   6   6   0   6  0.09 0.10
  388 D    0  0  0  0  2  1  0  0  2  0 -1  0 -1 -2  1  0  0 -3  1  0    6   6   6   6   6   6   6   6   6   6   6   6   0   0   6   6   6   0   6   6  0.05 0.08
  389 Q   -1  0  2  0  1  2  1 -1  3 -3 -2  1 -2  0 -3  1 -1  2  1 -2    4   5   9   6   3  10  10   4   9   0   3   7   0   3   0  11   3   3   6   3  0.18 0.20
  390 I    0 -2 -2 -3  3 -2 -2  0 -2  1  0 -2  2  1 -2  0  1 -1  2  1    9   0   0   0   8   0   1   9   0   9   9   0   9   9   0   9   9   0   9   9  0.11 0.11
  391 I   -1 -1 -2 -3  1 -1 -2 -1  1  2  1 -2  1  3 -3  0  0 -2  2  0    4   4   0   0   3   4   0   4   4  21  11   0   4  15   0   8   4   0   8   5  0.15 0.15
  392 Y   -2 -3 -1 -2  1 -3 -3  0  1  0 -1 -3 -2  2 -4  0 -1  3  6 -1    3   0   3   3   4   0   0   8   3   6   6   0   0   8   0   8   3   4  38   3  0.58 0.34
  393 L   -2 -3 -4 -4 -3 -3  0 -2  0  0  4 -1  1  0 -4 -2 -2 -3  0  0    2   0   0   0   0   0   6   4   2   4  60   4   3   4   0   3   0   0   2   3  0.51 0.32
  394 D    0 -4  0  7 -4 -3 -1 -1 -3 -1 -2 -3 -4 -5 -3 -2 -3 -5 -4 -4    8   0   3  72   0   0   0   4   0   5   4   0   0   0   0   0   0   0   0   0  1.29 0.50
  395 P    1 -4 -4 -4  1 -3 -3 -4 -4 -4 -4 -3 -4 -5  8  0  0 -5 -5 -4   10   0   0   0   4   0   0   0   0   0   1   0   0   0  71   6   6   0   0   0  1.80 0.52
  396 H   -4 -1 -3 -4 -5 -3  0 -5 10 -5 -1 -3 -4 -4 -5 -2 -1 -5 -2 -5    0   3   0   0   0   0   6   0  74   0   6   0   0   0   0   2   5   0   0   0  2.21 0.69
  397 V   -1 -1  0 -1 -1  0  0  0  1  0 -1 -1 -1  2 -2 -1  1  0  4  0    2   2   3   4   1   6   4   7   4   7   5   3   1  10   1   2  13   1  17   6  0.13 0.12
  398 A    1 -2 -2 -1  6 -2 -2 -3 -3  0 -1 -2 -1  0  1  0  2 -1 -2  2   12   1   1   3  18   1   1   1   0   5   4   1   1   4   7   4  16   1   1  17  0.30 0.18
  399 H   -3  2 -1  0 -5  7 -1  0  3 -5 -3  2 -2 -3 -1 -2 -2 -4 -3 -4    1   8   1   4   0  51   1   6   7   0   2  10   1   1   3   2   1   0   0   0  0.95 0.44
  400 E   -1  1 -1  0 -2  1  2 -3 -1 -1 -3  1 -1 -3  5  0  0 -4 -3 -2    4   7   2   5   1   6  15   1   1   4   2   7   1   1  29   5   6   0   1   2  0.50 0.26
  401 Y    4 -1 -2 -2  0 -2 -2 -2  0 -2 -2 -2  2  2 -1  0  1 -3  1  0   36   4   2   2   2   1   1   1   2   1   1   1   5  11   3   6   8   0   5   7  0.31 0.24
  402 I    0 -2 -3 -3 -1 -2 -3  0  1  2  1 -2  0 -1  0 -1 -1 -2  0  3    8   1   1   1   1   2   1   7   4  11  15   1   1   2   5   4   3   1   3  28  0.21 0.17
  403 P   -2  0  1  4 -2 -1  0 -2 -2 -3 -1 -1 -2 -3  3  0  0 -4 -2 -2    3   6   7  28   1   2   5   2   1   1   6   2   1   1  15   6   7   0   1   3  0.43 0.26
  404 I   -1 -1 -2 -2 -1 -2 -2 -1 -2  1  2 -2  1  1  2 -1  0 -1 -1  2    2   3   2   2   1   1   2   5   1   9  18   2   4   7  12   4   8   1   2  14  0.17 0.13
  405 D   -1  2  2  1 -1  0  1  0 -1 -2 -2  0  2 -2  0  1  0 -3 -2 -2    3  12   9   9   1   4   8   6   2   2   4   4   7   1   5  13   6   0   1   3  0.15 0.12
  406 I    0  0  0  0  0  0  0  0  0  0  0  0 -1 -1  1  1  0 -1 -1  0    9   4   4   5   2   5   6   8   2   8   8   5   1   2   8  10   6   1   1   7  0.04 0.03
  407 N   -1  0  0  2 -1  1  1 -1 -1 -2 -1  1 -1 -2  2  1  1  0 -1 -1    5   4   5  10   1   6  10   3   1   2   8   8   1   2  11   9   7   1   2   4  0.13 0.09
  408 P    0  0  0  2 -1  0  1  0  2 -1 -1 -1  0 -1  3  0  0 -2 -1 -1    6   4   4  12   1   4  10   6   6   3   5   3   2   3  13   5   5   0   2   5  0.15 0.09
  409 N    0  0  1  0 -1  0  0  1  0 -1 -1 -1 -1  0  0  1  1  0  1 -1    7   4   9   6   1   3   4   9   3   3   7   3   1   5   5  10   8   1   6   4  0.05 0.04
  410 T    0  0  0  1 -1  0  0 -1  0  0  0  0 -1 -1  1  1  1 -1  0  0    6   4   5   8   2   4   7   3   2   5   8   5   1   2   7  11   9   1   4   7  0.05 0.04
  411 N    0  0  1  1 -1  1  0  0  0  0 -1  0 -1 -1  0  0  0 -1 -1 -1    8   4   9  10   1   6   6   7   3   5   8   5   1   3   3   8   6   1   2   5  0.05 0.03
  412 V    0 -1 -1  0  1  0  2 -1 -1  0 -1  0 -1 -1  0  0  1  0 -1  1   10   3   3   4   3   4  13   5   1   4   6   5   2   3   5   6   8   2   2  10  0.05 0.05
  413 V    0 -1 -1  0 -1  0  0  0  0  0  0  0  0  0  0  0  1 -1  1  0    6   3   2   6   1   4   6   6   2   6  10   6   2   5   5   6  11   1   5   6  0.02 0.02
  414 D    0 -1  0  2 -1  0  2 -1  0 -1 -2  0 -1 -1  0  1  0  0 -1 -1    9   4   3  13   1   3  13   5   2   4   5   5   1   2   5   9   7   2   2   5  0.10 0.07
  415 S    0 -1  0  1  1  0 -1  0  1 -1 -2  0  0  0  1  1  0  4  0 -1    7   4   5   7   3   3   5   7   3   4   5   5   3   4   8  10   6   5   3   4  0.09 0.09
  416 D   -2 -1  0  3  1  0  1  0  2 -2 -2  0  0 -1  0 -1  0  3  0 -1    4   3   4  14   3   4   7   8   5   3   4   5   3   3   5   5   7   4   3   4  0.14 0.14
  417 S    0  0  0  1  0  0  0 -1  0  0 -1 -1 -1 -1 -1  2  1 -3 -1 -1    8   6   4   7   2   5   7   6   3   5   7   4   2   3   4  13   9   0   2   4  0.06 0.07
  418 K    0  0  0  0 -1  1  2 -1  0  0 -1  1 -3 -1  0  1  0  1  0 -1    7   5   5   6   1   5  14   5   3   5   6   7   0   3   4   9   6   2   3   4  0.08 0.08
  419 K    0 -1 -1  3 -1  1  3 -2 -1 -2 -2  0 -1  0 -1  1 -1  1 -1 -2    7   4   3  14   1   6  16   4   1   2   5   7   2   4   4   9   4   2   2   3  0.20 0.18
  420 A   -1  1  1  0  0  1  1 -1  0 -1  0 -1  0 -1  1  0 -2  0  3 -1    5   6   6   5   2   6   8   4   3   3  11   4   2   3   7   6   3   1  10   4  0.10 0.11
  421 K   -1  0  0  0  2  0  0 -1  2  0 -1  0  2  1  0 -1  0  4  1 -1    5   5   5   5   5   5   5   5   5   5   5   5   5   5   5   5   5   5   5   5  0.09 0.08
  422 K   -1  0  1  2  2  1  2 -2  1 -2 -3  1  0 -1  0  1  0 -6 -1 -1    6   5   7  10   3   5  14   3   3   3   3   7   3   3   5   9   5   0   3   4  0.17 0.17
  423 C    0 -2 -1 -1  3 -1  0 -3  1  1 -1 -2  0  4 -1 -1  0  1  0  0    9   2   3   4   6   3   7   2   4   7   5   3   2  17   3   6   5   2   3   6  0.24 0.17
  424 P   -3 -3  0  4 -1  0  0 -3  1 -2 -3 -3 -1 -1  5 -1 -3 -7  1 -3    3   2   5  22   2   4   6   3   3   3   4   2   2   3  25   6   2   0   4   2  0.64 0.45
  425 E   -1  0  0  0  2  0  0 -1  2  0 -1  0  2  1  0 -1  0  4  1 -1    5   5   5   5   5   5   5   5   5   5   5   5   5   5   5   5   5   5   5   5  0.09 0.08
  426 K    0  0  0  0  2  0  0 -1  1  0 -1  0  1  0  0  0  0  3 -2  0    5   5   5   5   5   5   5   5   5   5   5   5   5   5   5   5   5   5   0   5  0.05 0.09
  427 S   -2 -4 -1 -1 -1 -1 -1 -3 -1 -2 -4 -1 -4 -3 -2  5  4 -6 -5 -3    2   0   3   3   1   2   3   2   1   3   2   4   0   1   2  42  27   0   0   2  0.86 0.61
  428 Y   -4 -3 -2 -4  1 -5 -4 -4  1 -2 -1 -3 -1  5 -2 -4 -3  1  7 -1    2   1   2   1   3   0   1   1   3   2   5   2   2  24   3   1   1   2  38   5  1.20 0.66
  429 H   -3  0 -1 -3 -1 -2 -5 -6 10 -3 -6 -2 -5  1 -6 -2 -2  2  0 -3    2   5   3   2   2   2   0   0  59   2   1   3   0   6   0   4   3   3   2   2  1.96 0.92
  430 C   -2 -5 -1 -3  9 -1 -3 -2  0 -1 -3 -5 -1 -3  0  0  2  0 -2 -1    3   0   3   1  42   4   2   3   2   4   2   0   1   1   4   7  13   1   1   5  1.23 0.65
  431 R   -1  2  0  2  2  2  1 -3  0 -3 -2  1  0 -3  1  0  1 -1 -2 -2    6  11   5  11   4   9   7   2   3   1   3   8   2   1   7   8   8   1   1   2  0.21 0.21
  432 L   -1  2  0  0 -1  0 -1 -1  1  1 -2  0 -1 -1 -1  1  1 -1  1  0    3  10   5   6   1   4   2   5   4   8   2   6   1   3   2  13  10   1   5   8  0.10 0.15
  433 L    0 -3 -4 -6  0 -3 -3 -6 -2  2  0 -3  1 -1  6 -3 -3 -2 -1  2    8   1   1   0   2   1   2   0   1   9  10   2   3   3  36   2   2   1   3  14  0.83 0.54
  434 S   -2  5  0 -3  1  2 -2 -2  0 -3 -1  2 -1 -2 -2  1 -3  0 -2 -4    4  33   4   1   3   9   2   3   2   1   7  10   2   2   2   9   1   2   1   1  0.58 0.43
  435 K   -2  4 -3 -3  0 -2 -2 -4  3 -4 -2  5  0 -3 -4  1  1  0 -1 -1    3  18   1   1   2   1   2   1   6   1   4  30   2   1   1  10   9   1   2   4  0.60 0.45
  436 M   -4 -4 -7 -7  0 -4 -5 -7 -6  4  2 -6  9 -3 -7 -4 -1 -6 -3  0    2   1   0   0   2   1   1   0   0  18  18   0  42   1   0   1   4   0   1   7  1.60 0.82
  437 H    0  0  2  2 -3 -2 -1 -3  4 -6 -4  0 -3 -4  5  2 -3 -3 -3 -6    7   4   9  12   1   1   3   1  10   0   2   6   1   1  26  15   1   0   1   0  0.70 0.49
  438 F   -1 -6 -4 -5 -2 -4 -5 -4 -6  5  3 -5  3  4 -3 -3 -3  2  0  0    5   0   1   1   1   1   1   1   0  28  24   1   6  16   1   2   1   2   3   6  0.79 0.46
  439 F    0  0  0  2 -1 -1  0 -1  1 -3 -2  1 -2 -4 -3  4  1 -6 -4 -3    8   5   4  11   1   3   6   4   3   1   4   8   1   1   1  29   7   0   1   2  0.35 0.33
  440 D   -1  2  1  2 -3  2  2  0  2 -6 -4  2 -2 -5 -5  1 -2 -6 -2 -4    5  10   6  10   1   9  15   7   4   0   2  14   1   0   0  12   1   0   2   1  0.41 0.35
  441 M   -4 -7 -7 -8 -6 -4 -7 -8 -1  4  5 -7  6 -2 -7 -5 -4 -6 -6  0    1   0   0   0   0   1   0   0   1  20  45   0  20   1   0   1   1   0   0   7  1.46 0.74
  442 D   -7 -7  1  8 -1 -6 -1 -4 -6 -8 -8 -6 -8 -8 -7 -2 -6 -9 -8 -8    0   0   7  82   1   0   3   1   0   0   0   0   0   0   0   3   0   0   0   0  2.61 1.13
  443 P   -7 -5 -4 -5 -3 -4 -7 -5 -8 -8 -7 -7 -8 -9  9  0 -1 -9 -8 -8    0   1   1   1   1   1   0   1   0   0   1   0   0   0  83   7   4   0   0   0  2.80 1.27
  444 S   -5 -4 -2 -4  3 -6 -6 -4 -7 -8 -5 -6 -7 -3 -7  7 -2 -2 -7 -7    0   1   1   1   5   0   0   1   0   0   1   0   0   1   0  85   2   1   0   0  2.27 1.14
  445 C   -4 -7 -7 -8  6 -6 -7 -8 -7  3  3 -7  8  0 -7 -5 -4 -6 -6  0    1   0   0   0  16   0   0   0   0  13  26   0  31   4   0   1   1   0   0   6  1.56 0.72
  446 A    4 -3 -3 -5  3 -3 -5 -2 -5 -2  2 -5  1 -2 -5  0  2 -6 -5  0   34   1   1   0   6   1   0   3   0   1  23   0   3   2   0   7  11   0   0   7  0.60 0.42
  447 L   -3 -6 -4 -4 -3 -6 -6 -7 -6  4  4 -6  1  3 -6 -6 -4 -5 -4  3    2   0   1   1   0   0   0   0   0  20  44   0   3  10   0   0   1   0   0  16  1.08 0.53
  448 C    1 -4 -5 -6  4 -6 -6  7 -6 -7 -7 -6 -3 -3 -5 -2 -4 -6 -7 -2    9   1   0   0   7   0   0  70   0   0   0   0   1   2   1   3   1   0   0   3  1.73 0.77
  449 F   -7 -5 -7 -7 -3 -7 -7 -7 -6 -2 -2 -7 -1  9 -7 -7 -6 -4  1 -4    0   1   0   0   1   0   0   0   0   2   4   0   2  83   0   0   0   0   4   1  2.79 1.01
  450 Q   -3 -4 -5 -7 -1 -4 -6 -6 -3 -1  3 -6  0  4 -6 -5 -4 -3  7 -1    2   1   1   0   1   1   0   1   0   2  27   0   2  13   0   1   1   0  41   5  1.35 0.64
  451 F   -2 -5 -6 -7  9 -6 -7 -6 -6  4  1 -6 -3  3 -6 -4 -4 -2 -4  1    3   1   0   0  40   0   0   0   0  20  11   0   0  10   0   1   1   0   0   9  1.58 0.66
  452 E   -1  5 -1 -1 -5  1  1 -1  1 -3 -3  3 -2 -5 -1  0  0 -5 -3 -4    5  28   3   3   0   6   7   5   4   1   2  21   1   0   3   5   5   0   1   0  0.54 0.34
  453 S   -3 -3  4  4 -2 -3 -1 -1 -1 -5 -5 -3 -5 -5 -4  3  3 -6 -5 -4    1   1  20  22   1   1   3   4   1   0   0   1   0   0   0  23  20   0   0   1  0.87 0.50
  454 R   -1  3 -1 -2 -3  1  4 -2 -1 -2  0  2 -2 -1 -1 -2 -2  0 -1 -1    4  14   2   1   1   5  26   2   1   2   8  14   1   2   2   2   2   1   2   4  0.33 0.26
  455 E    2 -1  1  3 -3  1  3 -1  0 -3 -3  1 -3 -5 -2  0 -1 -5 -4 -3   16   3   5  15   0   7  23   4   2   1   2   7   1   0   2   8   3   0   0   1  0.39 0.29
  456 Q   -3 -4 -1  6 -6 -1  5 -4 -3 -5 -5 -4 -2 -6 -5  0 -3 -6 -6 -5    2   1   2  46   0   3  32   1   1   1   1   0   1   0   0   7   1   0   0   1  1.39 0.67
  457 F   -4 -5 -6 -6 -1 -5 -6 -6 -3 -1  2 -6 -1  7 -6 -5 -4  7  3 -3    1   1   0   0   2   0   0   0   1   2  21   0   1  43   0   0   1  13   9   1  1.51 0.63
  458 D   -1 -1  2  4  0  1  3 -3  0 -1 -1  0 -1 -3 -4 -1 -1 -3 -2 -2    4   3   8  24   2   4  23   1   2   3   6   5   1   1   0   3   4   0   1   3  0.43 0.29
  459 N   -1  0  1  5 -4  1  2 -3  0 -3 -3  0 -1 -4 -4  1 -1 -5 -3 -3    4   5   7  37   0   6  11   1   3   1   3   4   2   1   0   9   4   0   1   2  0.62 0.37
  460 D   -4 -5 -5 -3 -5 -4 -5 -4 -5 -2  4 -5  0  6 -6 -4 -2  6 -2 -2    1   1   1   2   0   1   0   2   0   1  39   1   2  32   0   1   2  12   0   2  1.27 0.58
  461 M   -2  1 -3 -3  7 -1 -2 -4 -3  1 -1  1  1 -1 -3 -1 -1  3 -1  1    3   7   1   1  27   3   2   1   1   8   6  10   4   3   1   5   3   3   2   9  0.58 0.32
  462 R    0  2  1  1 -2  2  2 -1  0 -3 -2  2 -1 -3 -2  1  1 -4 -3 -2    8  11   5   8   1   9  13   4   2   1   3  12   1   1   1  10   8   0   1   2  0.22 0.17
  463 Q   -1  4  0  0  0  2  1 -3  0 -2 -1  1 -2  0 -3  0  0 -1 -1 -3    4  27   4   5   3   8   9   2   3   2   5   6   1   5   1   8   5   1   2   1  0.30 0.22
  464 L   -2 -3 -3 -3  1 -2 -3 -3 -3  3  4 -3  2  0 -3 -2 -2 -2 -2  3    3   1   1   1   3   2   1   3   1  14  35   1   5   3   1   2   2   1   1  18  0.49 0.26
  465 N   -1  0  2  1 -1  2  1  0  0 -2 -2  2 -1 -2 -1  1  1 -3 -2 -1    4   4  12   6   1  10   9   6   2   2   3  12   1   1   2  11   7   0   1   3  0.17 0.12
  466 L    1  0  0  0 -1  1  1 -1  0  0  0  1  0 -1  0  0  0 -2 -1  0   11   5   5   4   1   7   7   5   2   4  12  10   4   2   4   7   4   0   2   5  0.04 0.03
  467 S    0  0  2  0  0  0  0 -1  1  0  0  0  0 -1 -1  1  0  0 -1 -1    6   3  12   3   2   3   7   5   4   4   9   6   3   2   3  15   4   1   2   5  0.06 0.06
  468 Q   -1  1  0 -1 -1  3  1 -1  0  0  0  2  0 -1 -1  0 -1 -1 -1 -1    5   7   4   3   1  17   8   5   2   5   9  12   2   2   3   5   3   1   1   5  0.13 0.10
  469 F   -1 -1 -1 -1 -2 -1 -1 -1  0  2  1  0  0  2  0 -1  0  1  0  2    4   3   2   3   1   2   3   4   2  10  13   5   2   9   4   4   5   2   2  20  0.10 0.07
  470 I    0 -1 -1 -1  0 -1 -1 -1 -1  2  1  0  0  0  0 -1  0 -2 -1  1   10   3   2   3   2   2   3   4   2  18  13   6   2   3   6   5   4   1   1  11  0.07 0.06
  471 D    0  0  1  3 -1  0  1 -1  3 -1 -1 -1 -1 -1  0  0 -1 -2 -1 -1    6   4   7  19   1   3  10   3   7   4   6   4   2   3   4   7   4   1   2   4  0.15 0.09
  472 I    0  0  0 -1  1  0 -1 -1 -1  1  0  0  0  1  0  0  0 -1  0  1    4   5   4   3   3   5   4   4   2  11   8   5   2   7   3  10   6   1   2  12  0.02 0.03
  473 D    0 -1  0  3 -2  0  1  0  1 -1 -1  0 -2 -1  0  1  0 -2 -2  0    7   3   3  16   1   4  11   6   3   4   5   4   1   2   4  13   4   0   1   6  0.12 0.08
  474 Q    0  0  1  0 -2  1  1 -1  0  0  0  1  0 -1  0  0  0 -2 -1  0    7   5   7   4   1   8   8   4   2   4  13   8   2   3   4   8   4   0   2   6  0.04 0.04
  475 G    1  0  0  0 -2  0  0  2  0 -1 -1  0  0  0  0  0  0 -2 -1 -1   13   6   3   5   1   4   6  17   3   3   6   4   2   4   4   8   5   1   1   5  0.08 0.05
  476 E    0  1  0  0 -1  0  1 -2 -1 -1  0  1  0 -2  2  0  0 -1 -1 -1    9   6   3   5   1   4   7   2   2   3  10  10   2   2  11   9   7   1   1   4  0.10 0.07
  477 E    0  0  1  0 -2  1  2  1  0 -1 -1  2 -1 -2  0  0  0 -1 -1 -1    9   4   6   5   1   5  15   9   2   3   5  12   1   2   3   6   6   1   1   3  0.11 0.08
  478 H   -1  0  0  0 -1  0  2 -1  2 -1  0  0  0 -1  2  0  0 -1  0 -1    5   4   4   4   1   3  15   5   5   4   9   6   2   3  10   7   5   1   3   3  0.09 0.07
  479 G    0 -1 -1 -1 -1 -1 -1  2 -1  0 -1 -1  0 -2  2  1  0 -2 -2  0    7   4   3   4   1   2   4  15   1   5   7   2   2   2  11  14   6   1   1   7  0.12 0.09
  480 M    0  0  0 -1 -1  0  0 -1 -1  1  1  0  1  0 -1  1  0 -1 -1  0    5   5   5   3   1   3   5   3   1   9  13   5   4   4   3  15   6   1   1   6  0.04 0.05
  481 K    0  0  0  0  0  1  0 -1 -1 -1 -1  2 -1 -1  1  1  0 -2  0 -1    7   4   4   5   2   6   5   4   1   4   6  14   1   3   7  14   4   0   3   5  0.09 0.08
  482 R    0  3 -1  0 -1  1  0 -1  0 -3 -2  2 -1 -2  1  1  1 -2 -2 -2    7  16   3   5   1   7   6   6   2   1   3  10   2   1   7  12   7   1   1   2  0.20 0.15
  483 V   -1 -1  0  0 -1  0  1  1  0  0 -1  0  0 -1  0  1  1 -1 -2  0    4   3   4   5   1   3  10  12   2   5   6   5   3   3   4  14   8   1   1   6  0.06 0.07
  484 R   -1  2  0  0 -2  1  1 -1 -1 -2 -2  3 -2 -2  0  2 -1 -4 -1 -2    5  12   4   5   1   5   7   5   1   2   3  17   1   1   5  16   4   0   3   2  0.22 0.18
  485 D   -1 -1  0  2 -2  0 -1 -3  1 -3 -1 -1 -2  1  1  0  0  0  5 -2    5   3   4  10   1   5   4   2   3   2   5   4   1   5   8   7   5   1  23   3  0.35 0.25
  486 P   -3 -3 -5 -3 -6 -2 -2 -4 -6 -5 -5 -1 -4 -6  8  0 -3 -6 -6 -4    3   1   1   2   0   2   2   2   0   1   1   3   0   0  71   6   2   0   0   1  2.09 0.92
  487 M   -4 -6 -4 -2 -5 -5 -3 -5 -6  3  5 -5  6 -2 -3 -2 -3 -6 -5  0    2   0   1   2   0   0   2   1   0  17  44   1  19   1   2   3   2   0   0   4  1.09 0.54
  488 F   -5 -8 -8 -8 -2 -8 -6 -7 -7  0 -2 -8  0  9 -6 -7 -5 -5 -1 -1    1   0   0   0   1   0   1   1   0   4   4   0   2  78   1   0   1   0   1   5  2.62 1.03
  489 S   -2 -4 -2 -2 -2 -2  4 -4 -1 -2 -3 -4 -5 -3 -4  3  5 -6 -5  0    2   1   1   2   1   1  23   1   2   3   2   0   0   1   1  21  32   0   0   6  0.87 0.55
  490 V   -4 -6 -7 -5 -5 -3 -4 -7 -5  4  2 -6  0  3 -3 -5 -3 -3 -3  5    1   0   0   1   0   2   1   0   0  25  18   0   2  13   2   1   1   0   0  32  1.04 0.52
  491 V    2 -1 -2 -3  2  1 -2 -3  0  0  1 -3  2  0 -4  0  1 -4 -1  2   15   3   2   1   5   8   2   1   2   4  11   1   6   3   0   8   8   0   2  17  0.22 0.22
  492 Y   -3 -1  1  4 -4  2  4 -4  2 -4 -4 -1 -2 -3  0  1 -2 -3  1 -3    2   3   6  20   0  10  25   0   4   1   1   4   1   1   4   9   2   0   5   2  0.56 0.38
  493 G    0  0  0  0 -4  1  1  3  0 -2 -3  1 -3 -4 -3  1  1 -4 -3 -2    5   5   5   6   0   7   9  25   2   3   2   8   0   0   1  11   9   0   1   2  0.31 0.23
  494 E   -2  5 -1 -1 -1  1  2 -3  4 -3 -3  1 -2 -4  0  1 -1 -5 -3 -4    3  28   3   3   1   5  13   2  10   2   2   9   1   1   4  11   3   0   1   1  0.55 0.35
  495 R    0  1 -1 -1  1  0 -1  0 -2 -3 -3 -2 -3 -3  6  2  0 -5 -4 -3    8   7   3   3   3   4   3   6   1   2   2   2   1   1  35  13   5   0   1   1  0.67 0.40
  496 R    1  1 -1  1 -3  2  0 -2  0 -3 -2  1  0 -2  2  2  0 -4 -2 -3   10   7   2   9   0  10   5   2   2   2   3  10   3   2  10  17   4   0   1   2  0.24 0.21
  497 Q   -2 -1  0  3 -3  0  3 -1  4 -3 -3  0  1 -3  0  1 -1  1  2 -2    3   3   5  15   0   4  17   4   9   1   2   4   3   1   4  10   4   2   8   3  0.31 0.25
  498 P    0 -3 -1 -1 -5 -2 -1 -3  0 -1  0 -1 -1  1  3 -2  1  7  1 -1   10   1   3   4   0   2   4   2   3   4   8   3   1   7  16   3   7  15   4   4  0.46 0.31
  499 P   -1 -1 -1  1 -4 -1 -1 -3 -1 -3 -2 -2  0 -1  6  1 -1 -3 -3 -1    5   3   3   8   0   3   4   1   1   1   4   2   2   3  36  11   4   0   1   5  0.66 0.41
  500 S    0 -1  2  3  1  0  1  0  1 -4 -3 -1 -1 -2  2  2 -1 -1 -1 -2    7   2   9  15   3   4   7   6   3   0   2   4   2   2  10  14   4   1   3   3  0.23 0.20
  501 Y   -2 -1 -2 -1  1 -1 -2 -1 -1  1 -1 -3 -1  3  1  0 -1  3  4 -1    3   3   1   5   3   2   3   4   1   9   7   1   1  14   7   7   4   4  17   3  0.30 0.23
  502 E   -1 -1 -1  4 -5 -1  4 -4  0 -2 -3 -2  0 -5 -1  1  0 -6 -3  0    6   3   3  21   0   2  26   1   2   2   3   2   3   0   3  10   6   0   1   7  0.49 0.36
  503 R   -2  3 -1  2 -3  0  1 -1 -1 -2 -3 -1 -2 -2  3  1 -1 -5  1 -3    3  19   3  13   1   3   8   4   2   2   3   3   1   1  13  11   4   0   5   1  0.33 0.27
  504 E   -1  0  0  3 -5  1  2 -1  0 -3 -2  0  0 -3  0  1  0 -3  1 -4    4   4   4  17   0   6  16   4   2   1   4   5   2   1   5  11   6   0   6   1  0.26 0.23
  505 V    1 -2 -1  0 -2 -1 -1  0 -2  1  0 -2  0 -2 -2  2  1 -4 -2  2   10   2   3   6   0   2   3   8   1   9   9   1   3   1   2  15  10   0   1  15  0.13 0.16
  506 S    0 -1  0  0  1 -1  0  0  0 -2  0 -2  0 -1 -2  3  1 -1 -1  0    8   4   3   4   3   2   7   7   3   1  11   1   2   2   2  22   7   1   2   7  0.11 0.16
  507 E   -1 -1  0  3 -6  0  4 -1 -1 -3 -2 -2 -3 -3 -2  2 -1 -6 -2 -1    4   3   4  16   0   3  28   4   1   1   5   2   0   1   2  16   3   0   1   4  0.45 0.35
  508 T   -1 -2  0  2 -3 -1  2 -1 -1  0 -1 -1 -1 -2  1  1  1 -5 -3  0    5   2   4  14   0   2  16   5   1   5   5   2   2   2   6  13   7   0   1   8  0.19 0.19
  509 E   -2 -1  0  4 -4 -1  4 -2 -2 -4  0 -1 -2 -5 -4  0  1 -6 -4 -3    3   3   4  22   0   2  29   4   1   1   9   3   1   0   1   8   7   0   0   2  0.58 0.40
  510 Q    0  2  1  1 -2  0  1 -1  1 -2 -1  1  2 -1 -2  0  0 -2 -1  0    7  11   6   9   1   4  10   4   4   2   5   7   6   3   1   7   6   0   2   6  0.10 0.12
  511 A    1  1  0  0 -1  0  1 -1 -3 -1 -1  0  0  0  0  2 -1 -4 -2  0   12   8   5   5   1   3   9   4   0   3   7   5   2   5   3  17   3   0   1   6  0.09 0.13
  512 Q   -1  0 -1  3 -2  2  2 -3  1 -1 -2 -2 -1 -2  0  2  0 -1 -1 -1    4   4   2  16   1  11  13   1   4   3   4   1   2   2   4  15   4   1   2   4  0.25 0.24
  513 A    2 -2  0  2 -2 -1  2  0  0 -2 -2 -3 -1  0 -1  2 -1  2 -2 -1   15   2   5  10   1   2  14   6   2   2   3   0   2   5   3  18   3   3   1   4  0.21 0.22
  514 D   -1 -4 -1  6 -4 -3  3 -4 -3 -2 -1 -4 -5 -2 -2  1 -2 -7 -5 -2    5   1   2  44   0   1  17   1   1   3   6   0   0   2   2   8   3   0   0   4  0.92 0.53
  515 K   -3 -1 -1  5 -3  1  5 -3 -3 -4 -3 -2 -3 -7 -4  0 -2 -7 -3 -5    1   4   3  35   1   5  31   2   0   1   3   2   1   0   1   6   2   0   1   1  1.01 0.57
  516 H   -4 -5  3  5 -6 -1  2 -3  5 -2 -3 -4  0 -3 -5 -2 -4 -2 -5 -2    1   0  12  36   0   2  14   2  15   2   2   1   3   1   0   3   1   1   0   3  1.01 0.54
  517 G   -5 -5  0  5 -7 -2  4  5 -5 -7 -7 -4 -4 -7 -6 -2 -4 -7 -6 -7    0   0   3  31   0   2  22  36   0   0   0   0   1   0   0   2   1   0   0   0  1.32 0.65
  518 F   -5 -7 -7 -5 -7 -7 -8 -5 -2 -1 -1 -8  0  9 -8 -2 -7  4  1 -5    1   0   0   1   0   0   0   1   1   4   5   0   2  75   0   3   0   5   3   0  2.33 0.91
  519 E   -5 -5 -3 -1 -8  0  7 -4 -2 -2 -4 -3 -6 -7 -6 -2 -5 -7 -6 -2    0   0   1   2   0   4  82   1   1   2   2   1   0   0   0   2   0   0   0   3  1.99 0.89
  520 M   -3 -5 -6 -4 -4 -5 -4 -6  0  4  4 -5  3 -1 -2 -5 -4 -5 -4  2    1   0   0   1   0   0   1   0   3  25  42   0   8   2   2   0   0   0   0  14  0.95 0.46
  521 L   -5 -6 -7 -7 -5 -6 -6 -7 -6  3  6 -6  1 -3 -6 -6 -4 -5 -5  2    0   0   0   0   0   0   0   0   0  15  68   0   2   0   0   0   0   0   0  14  1.46 0.61

                      K         Lambda
Standard Ungapped    0.1331     0.3181
Standard Gapped      0.0410     0.2670
PSI Ungapped         0.1057     0.3176
PSI Gapped           0.0324     0.2670
