
Last position-specific scoring matrix computed, weighted observed percentages rounded down, information per position, and relative weight of gapless real matches to pseudocounts
           A  R  N  D  C  Q  E  G  H  I  L  K  M  F  P  S  T  W  Y  V   A   R   N   D   C   Q   E   G   H   I   L   K   M   F   P   S   T   W   Y   V
    1 M   -5 -5 -6 -7 -6 -4 -6 -7 -6 -3 -1 -5 11 -4 -7 -6 -5 -6 -5 -3    0   0   0   0   0   0   0   0   0   0   3   0  97   0   0   0   0   0   0   0  3.33 1.02
    2 A    4 -3  1 -3 -1  1  1  0 -3 -4 -2 -2 -3 -5 -1  3  0 -5 -4 -2   35   0   5   0   1   5   8   7   0   0   3   0   0   0   3  24   5   0   0   2  0.48 0.34
    3 D    0 -3  1  4 -4  1  1 -1 -2 -3 -3 -1 -2 -3 -2  3 -1 -5 -4 -3    7   0   5  27   0   6   9   4   1   1   2   3   1   1   1  29   3   0   0   1  0.51 0.33
    4 S    3 -1 -1  1 -2 -2  0 -2 -1 -2 -3 -2  1 -4  0  3  2 -5 -4 -2   24   4   2   7   1   1   5   1   1   2   1   1   5   0   5  24  16   0   0   1  0.38 0.30
    5 D    0 -2  1  4 -4  2  2 -3 -1 -1 -1 -1 -3 -2  0  0  1 -4 -3 -2    7   1   6  26   0   8  16   1   1   3   7   2   0   2   4   5   8   0   1   3  0.34 0.24
    6 I    0 -3 -1  5 -4 -1 -1 -2 -2  1 -1 -1 -1 -3  0 -1 -1 -5 -4  0    7   1   2  43   0   3   3   3   1   8   6   2   1   1   6   4   4   0   0   7  0.55 0.33
    7 I    1  1  0 -1 -3 -1 -1 -1  0  0 -1  1  2 -1  0  0  1 -2  3 -1   13   8   3   4   0   2   3   3   3   5   6   8   9   1   3   6   9   0  11   2  0.10 0.14
    8 E   -1 -1 -1  3 -5  1  5 -4 -2 -5 -4 -2 -4 -5 -1  1 -1 -5 -4 -4    6   2   2  14   0   6  45   1   1   0   2   2   0   0   3  11   4   0   0   1  0.81 0.46
    9 I    0 -5 -6 -5 -1 -4 -5 -6 -3  5  1 -5  1 -1 -5 -4 -2 -5 -3  4    8   0   0   0   1   1   0   0   1  39  13   0   3   2   0   0   2   0   1  28  0.97 0.49
   10 K    0  5 -2 -4  0  3 -1 -3 -1 -2  1  1 -1 -3 -2 -1  0 -5 -3 -2    8  32   1   0   2  13   3   1   1   2  13   8   1   1   2   4   5   0   0   3  0.48 0.35
   11 A   -2  5 -1  0 -6  2  1 -4  1 -4 -3  3 -4 -6 -5  0 -1 -6 -3 -5    3  36   2   4   0   9   9   1   4   1   3  16   0   0   0   7   4   0   1   0  0.75 0.46
   12 K    0  2 -1  0 -2  1  2 -3  0 -2  1  2  0 -2 -4  0 -1 -2  0 -2    8  11   2   4   1   6  13   0   2   1  19  16   2   1   0   6   3   0   4   1  0.21 0.22
   13 L   -1 -5 -2 -6 -1 -3 -5 -6 -3  4  2 -5 -1 -3 -5 -3 -1 -6 -4  5    4   0   3   0   1   1   0   0   1  24  19   0   1   1   0   2   3   0   0  41  0.94 0.50
   14 W   -8 -3 -9 -9 -3 -7 -8 -8 -2 -4 -7 -8 -7  2 -9 -5 -8 13 -1 -6    0   1   0   0   1   0   0   0   1   1   0   0   0   6   0   1   0  86   1   1  4.40 1.51
   15 N   -1  1  4  3 -4  1  3  0  1 -4 -5 -1 -2 -2 -4  0 -3 -5 -3 -4    4   8  19  17   0   5  22   7   3   1   0   2   1   2   0   8   1   0   1   0  0.55 0.38
   16 G    1 -4 -1 -5 -6 -3 -6  7 -6 -5 -4 -5 -1 -7 -6  1 -3 -7 -7 -6    9   1   2   0   0   1   0  70   0   1   2   0   2   0   0  11   2   0   0   0  1.62 0.76
   17 H    1  3 -1 -3  0  2 -1 -2  0 -4 -3  3 -2 -3 -4  2  2 -5 -3 -2   14  14   2   0   2   8   2   2   3   0   2  16   1   1   0  18  11   0   0   3  0.38 0.33
   18 I   -5 -6 -7 -7 -5 -6 -7 -7 -7  6  3 -6 -3 -2 -6 -6 -4 -6 -5  4    0   0   0   0   0   0   0   0   0  49  22   0   0   1   0   0   0   0   0  27  1.53 0.69
   19 N   -2 -6  3 -5 -2 -5 -5 -5 -3 -5 -2 -4 -4 -5  8 -2 -4 -8 -4 -5    3   0  13   0   1   0   0   1   1   0   5   1   1   1  68   3   1   0   1   1  2.01 0.94
   20 L   -1 -6 -6 -6  1 -5 -6 -6 -6  4  3 -5  0 -3 -6 -4 -2 -5 -4  5    4   0   0   0   3   0   0   0   0  23  28   0   1   1   0   1   3   0   0  35  1.03 0.54
   21 R   -2  3 -3 -3  4  4  3 -4  0 -1 -1  2 -3 -5 -4  0 -2 -5 -2 -1    3  13   0   0   8  20  19   0   2   3   5  12   0   0   0   5   1   0   1   4  0.55 0.42
   22 V   -5 -5 -7 -7 -1 -6 -7 -7 -6  6  0 -6 -3  5 -7 -6 -5 -5 -2  3    0   1   0   0   1   0   0   0   0  40   9   0   0  27   0   0   0   0   1  21  1.43 0.69
   23 V   -1  1  0 -2  0  0  0 -3  3  0 -3  0 -2 -2 -4  2  3 -3 -3  1    3   9   4   2   2   4   6   1   8   5   1   4   1   1   0  15  20   0   0  13  0.27 0.28
   24 L   -3 -4 -6 -6 -3 -5 -6 -5 -2  2  5 -5  1  0 -4 -5 -4  0  2  1    2   1   0   0   1   0   0   1   1  10  61   0   2   3   1   0   1   1   6   8  1.08 0.58
   25 A    3 -2  2  4 -1 -1 -1 -2  5 -4 -4 -2 -4 -4 -2  2 -2 -2 -3 -5   22   1   8  25   1   2   4   3  12   1   1   2   0   0   1  13   1   1   1   0  0.63 0.45
   26 Y    0 -2  1  2 -2  1  1 -2 -1 -2 -4  0 -4 -3  4  1 -1 -5 -2 -3    8   2   6  13   1   6  11   2   1   2   1   4   0   1  21  13   3   0   2   1  0.43 0.33
   27 K    0  0  1  3 -3  1  1 -1 -1 -3 -3  0 -3 -4 -1  3  0 -5 -3 -3    8   6   5  15   0   6   9   5   2   1   2   6   0   0   3  23   5   0   1   2  0.30 0.28
   28 D   -2 -3 -1  5 -6 -1  5 -1 -1 -6 -5 -2 -5 -6 -2  0 -2 -3 -5 -3    2   1   3  29   0   2  40   5   1   0   1   2   0   0   2   7   2   1   0   2  1.01 0.60
   29 Q    0 -1  0 -1  2  1  1 -2 -1 -1 -1  0  0 -2  2  1  0 -4 -3  1    8   3   4   2   5   6  11   3   1   3   6   4   3   1  10  13   3   0   0  14  0.13 0.17
   30 K   -1  1 -1 -1 -2 -2  0 -4 -4  0 -3  0 -4 -5  6  1  1 -6 -3 -1    5   8   3   4   1   1   5   1   0   7   1   5   0   0  36   9   9   0   1   4  0.68 0.44
   31 V    0  0 -1 -1  0  0  0 -2  0  0 -1  0 -1 -1  3  0  1 -4 -2  0    9   6   3   4   2   3   7   2   2   6   7   5   1   3  17   6  12   0   1   6  0.17 0.15
   32 E   -1 -2 -1 -1 -1  0  0 -4  0 -3 -1 -2 -2 -3  6  0  0 -5 -4 -3    5   2   3   3   1   4   6   1   2   1   7   2   1   1  46   8   5   0   1   1  0.93 0.52
   33 Y   -2 -3 -2 -4  1 -3 -4 -5  1  0  2 -4 -1  4 -1 -3 -2 -1  6  0    3   1   3   1   3   1   0   0   3   5  19   0   1  17   3   1   2   1  28   7  0.69 0.42
   34 L   -3 -4  0 -4  0 -2 -4 -5  2 -1  1 -4  0  3 -1 -2 -3  0  7 -1    2   0   5   1   2   1   0   0   5   2  16   1   2  12   3   3   1   1  37   5  0.87 0.50
   35 C    0 -1 -4 -4  2 -3 -4 -3 -3  3  2 -3  2  1 -2 -2  0 -3  0  2    8   4   0   0   5   1   0   1   1  18  23   1   5   7   2   2   7   0   3  13  0.32 0.24
   36 T   -2  1  0 -3  2  1 -1 -4  0 -1  2 -1  5  0 -2  0  0 -4 -2 -1    3   8   4   1   5   7   3   0   3   3  19   3  17   4   2   8   6   0   1   3  0.24 0.25
   37 I    1 -4 -4 -4 -1 -3 -4 -2  0  3  2 -4  0  0 -1 -2 -1 -4 -1  3   15   0   0   0   1   1   0   3   3  15  18   0   1   3   3   3   2   0   2  27  0.41 0.30
   38 Y   -2 -1  0 -4 -6 -2 -4 -5  1 -5 -3 -2 -3 -3  7 -1 -3 -2  0 -3    3   4   4   1   0   1   0   0   4   0   3   2   1   1  61   5   1   1   4   2  1.54 0.74
   39 R   -5  8 -2 -5 -7 -3 -2 -4 -4 -6 -3 -1 -1 -3 -4 -3 -5 -6 -2 -6    0  82   2   0   0   0   2   1   0   0   3   2   1   1   1   2   0   0   2   0  2.16 0.95
   40 N   -1 -2  2  0  2  1 -1 -2  0  1  0 -2  2  0 -3  0  0  0 -1  1    2   2  14   5   4   9   3   3   2  10   8   0   7   3   0   6   6   2   2  12  0.14 0.18
   41 S    1 -3 -1 -3 -1 -1 -2  2  0 -2 -3 -2 -1 -5 -4  5  1 -5 -4 -4   12   1   2   1   2   2   3  12   2   3   3   1   1   0   0  47   8   0   0   0  0.70 0.50
   42 Y   -3 -6 -6 -6 -2 -5 -6 -6 -1 -5 -2 -6 -5  2 -1 -3 -3  0  9 -3    3   0   0   0   1   0   0   0   1   0   3   0   0   7   3   2   2   1  73   2  2.32 1.01
   43 I   -2 -5 -5 -6 -4 -5 -5 -6 -5  1  5 -3  0  4  0 -5 -3  0 -3  0    2   0   0   0   0   0   0   0   0   7  58   2   1  15   5   0   1   1   0   4  1.00 0.54
   44 T    0 -4 -3 -4  0 -3 -2 -1  2 -2 -3 -4  2 -2  6  0  0 -5  1  0    9   0   1   0   2   1   2   6   5   2   2   0   6   2  40   6   5   0   4   7  0.79 0.47
   45 L    0 -2 -2 -2  1 -1 -2 -4 -1  1  3 -2  0  2 -4  0 -1  1 -1  0    7   1   2   2   3   3   2   0   1   7  37   2   2   8   0  10   3   2   2   6  0.31 0.29
   46 K   -1 -2 -4 -2  1 -1 -3 -2  0  1  2 -2  0  0 -4 -2 -2  1  4  2    6   2   0   3   4   2   1   3   3   9  24   1   2   3   0   2   2   2  15  16  0.30 0.28
   47 L    0 -1 -1 -3  0 -1 -3 -2  1  1  2 -2  1  1 -3  0  1  1  1  1    6   2   3   0   2   2   0   2   3   8  25   2   3   6   0   6  11   2   6   9  0.16 0.19
   48 P    0 -1  0  2 -4  0  2 -2  0 -2 -2  0 -1 -2  4  0  0 -4 -3 -2    8   3   4  12   0   4  12   3   3   2   3   6   2   2  20   7   4   0   0   2  0.29 0.27
   49 A   -1  2  0  1 -4  2  2 -1  0 -2 -2  2 -1 -2  0 -1  0 -3 -1 -2    3  11   3   8   0   9  13   4   2   3   4  16   2   2   5   3   6   0   2   3  0.18 0.19
   50 I    0 -7 -7 -7  1 -6 -5 -7 -7  5  3 -4 -1 -3 -4 -6 -4 -7 -6  4    9   0   0   0   3   0   1   0   0  31  22   1   2   1   1   0   1   0   0  28  1.15 0.62
   51 V   -1  3 -2 -3 -2  0 -3 -4  1  1  2  2 -1 -1 -3 -1 -2  1  0  1    5  16   2   1   1   4   1   1   4   9  18  14   1   3   1   4   2   2   3  10  0.28 0.25
   52 E    1  2  1  1 -3  2  2 -3  0 -4 -4  3 -2 -4  0  1 -2 -6 -3 -3   12  12   7   6   1   7  12   1   2   1   2  17   1   1   5   8   2   0   1   2  0.35 0.31
   53 Y   -3 -1 -1 -2 -7  1 -3 -5  7 -3 -2 -3 -1  4 -7 -3 -3  0  5 -2    2   4   3   2   0   6   1   1  27   1   5   2   2  18   0   2   2   1  18   3  1.15 0.66
   54 F   -4 -4 -8 -8 -7 -7 -8 -8 -6 -1  2 -7 -5  8 -8 -7 -4  2  1 -2    1   1   0   0   0   0   0   0   0   3  20   0   0  62   0   0   1   3   4   3  2.09 0.98
   55 S    0  1  0 -1  0  2  0  0  1  0 -1  1  0 -3 -3  2 -1 -2 -2 -1    6   8   3   3   2  11   5   8   3   5   5   9   2   1   1  18   3   1   1   5  0.15 0.20
   56 A    0  2  1  2 -2  0  1 -2  1 -3 -2  1 -2 -3  2  1  0 -5 -2 -2    8  11   8  11   1   4   8   3   3   2   3   8   1   1  10  12   4   0   1   3  0.22 0.23
   57 F    0  0 -1 -3  0 -1 -2 -3  2 -1  0 -3 -1  3  1  1  0 -3  4  1    7   4   3   1   2   3   2   2   4   3   8   1   1  15   6  10   5   0  12  10  0.24 0.24
   58 V    0 -3 -2 -2  0 -2 -2 -2 -1  2  3 -3  2 -2 -3 -2  0 -5 -2  3    9   1   2   3   2   2   3   3   2  10  28   1   5   1   1   2   5   0   1  19  0.34 0.28
   59 Q    0  1  1  0 -5  0  1 -3 -2 -1 -1  1 -1 -3  4  1 -1 -6 -5 -2    7   7   6   5   0   3   7   2   1   3   6  10   1   1  24  10   4   0   0   2  0.39 0.34
   60 G    0 -1  1  2 -2  1  1  0  0 -2 -4  0 -2 -2  3  1  0 -5 -2 -2    8   3   6  12   1   7   8   7   2   3   1   4   1   2  15   9   6   0   1   3  0.25 0.24
   61 L    0 -1  0  1 -1  0  1 -1 -1  1  1 -1  0  0  1  0 -1  0 -1  0    6   3   4   9   1   4   9   4   1   9  15   3   3   3   7   7   3   1   1   6  0.04 0.06
   62 S    0  0  1  2 -1  1  0  1  1 -1 -2  1 -3 -2  0  2 -1 -4 -1 -1    7   5   7  10   2   6   6  10   3   4   3   7   0   2   4  15   4   0   2   4  0.12 0.15
   63 S    0 -1  0  2  0  0  1 -2  0 -1 -2  0 -1 -1  1  0  1  1  0 -1    8   4   4  11   2   4  10   3   2   3   4   4   2   3   7   7  10   2   3   5  0.10 0.13
   64 K   -1  0  0  3  1  1  2 -1  2 -2 -2  0  0 -1  0  0 -1 -4  0 -2    5   5   4  16   3   7  13   4   5   2   4   5   3   2   5   8   4   0   3   2  0.17 0.19
   65 Q    0  0  0  0  2  0  0 -1  1  0 -1  0  1  0  0  0  0 -2  1  0    5   5   5   5   5   5   5   5   5   5   5   5   5   5   5   5   5   0   5   5  0.03 0.05
   66 L    0 -3 -2 -1  1 -2 -2 -1 -2  1  0 -2  1  2  1  0  0  4  1  1    8   0   0   4   4   0   0   5   0  13   8   0   4  11   7   6   5   8   4  12  0.16 0.15
   67 W   -3 -3 -3 -4  2  0 -1 -1  1 -3 -1 -1 -3  1 -4 -1 -1 10  2 -1    1   1   0   1   4   4   4   4   4   1   5   4   0   5   1   6   5  42   5   4  1.22 0.50
   68 F   -3 -5 -5 -6  0 -5 -5 -5 -4 -1  3 -5  1  7 -5 -5 -2  1  3 -2    2   0   0   0   2   0   0   1   0   3  29   0   3  44   0   0   2   2   8   2  1.24 0.56
   69 E   -2 -2 -1  3 -5  1  5 -3  0 -5 -4 -1 -4 -5 -1  2 -1 -5 -4 -3    2   2   2  13   0   4  44   2   2   0   2   3   0   0   2  14   4   0   0   2  0.80 0.49
   70 Y   -2 -2 -2  0  3 -3 -2 -4  3 -2 -2 -2  0  4 -4  1  0  2  5 -1    3   1   2   7   7   0   3   1   8   2   2   2   2  15   0  10   5   2  22   4  0.51 0.34
   71 E   -1  0  4  3 -1  0  3  1  0 -3 -3  0 -2 -4 -2 -1 -1 -5 -2 -4    4   4  19  14   1   3  23  10   3   1   2   5   1   0   2   4   3   0   1   0  0.44 0.31
   72 G   -1 -1  1  2 -1 -1  0  5 -1 -5 -3  0 -2 -3 -2  1 -2 -5 -2 -3    4   3   7  10   1   3   5  40   1   0   2   5   1   1   1   9   2   0   1   1  0.55 0.33
   73 V   -1 -1 -1 -1 -1  1  1 -1  1  1  0  0  0 -1 -3  0  1  0 -1  2    2   2   1   3   1   8  11   4   5   8  10   5   3   2   0   6   9   1   1  16  0.08 0.12
   74 P    0 -4 -2 -4 -1  1 -2 -3  0  1 -2 -1 -1 -2  6 -2 -1 -5 -2  0    7   0   1   0   1   6   3   2   2   7   4   3   2   2  46   2   3   0   2   7  0.90 0.47
   75 I   -1 -1 -4 -4  1  0 -3 -4 -4  1  4 -3  2 -2 -4 -3 -1 -3 -3  2    6   4   0   0   4   5   0   0   0   8  51   0   4   0   0   0   4   0   0  12  0.55 0.32
   76 K   -1  3  0  0 -3  0  0 -2  0 -3 -1  3  0 -3  1  0 -1 -4 -1 -1    4  18   5   5   0   3   2   2   2   0   5  27   2   0   7   6   3   0   2   6  0.28 0.21
   77 W    0  0  0 -2 -2 -2 -2  0 -2  0  0 -2  1  1  1  0  0  4  1  0    7   7   7   0   0   0   0   7   0   7   7   0   7   7   7   7   7   7   7   7  0.11 0.13
   78 N    0  0  1  1  2  1  0  0  2 -3 -3 -1 -2  1 -3  0  0  4  2 -2    7   7   7   7   7   7   7   7   7   0   1   0   0   7   0   7   7   7   7   0  0.18 0.17
   79 L    0  0  1 -2 -3  1 -2 -3  2  0  0  0  2  1 -3  0  0  4  1  0    7   7   7   0   0   7   0   0   6   7   7   7   6   6   0   7   7   6   6   7  0.12 0.15
   80 P    0 -2 -2 -2 -3  0  0 -1  3 -3 -1 -2 -2  0  6  0  0  3 -2 -3    5   0   0   0   0   5   5   5   9   0   5   1   0   6  42   5   5   5   0   1  0.72 0.26
   81 V    0 -2 -2 -2  3  1 -2 -2 -2  1  1 -1  2  1 -2  0  1 -2 -1  1   10   0   0   0   9   9   1   1   0  10  10   1   9   9   0  10  10   0   0  10  0.11 0.11
   82 G    0 -1  0  1 -3 -2  0  4  0 -3 -1 -2 -2  0 -2 -1  0 -3 -2 -3    5   4   4   9   0   0   5  48   3   0   6   1   0   5   0   1   8   0   0   1  0.44 0.19
   83 L    0 -2  0 -3 -2 -2 -2 -3 -3  2  2 -2  0  1 -3  0  1 -3 -1  3   10   0   6   0   0   0   1   1   0   9  21   0   0   6   0   6   8   0   0  30  0.21 0.15
   84 L   -1 -2  0 -3 -2  1 -2 -3  1  1  3 -2  1  1 -3 -1  0  3 -1  0    5   0   5   0   0  10   1   1   4   6  39   0   4   5   0   5   4   4   0   5  0.21 0.15
   85 Y   -2 -1 -1 -1  1 -1 -3 -3  2 -1  0 -1  0  5 -4 -1 -2  3  5 -1    3   4   3   3   3   2   0   1   5   3   7   3   3  25   0   4   0   4  23   3  0.48 0.26
   86 D   -4 -1  0  7 -5 -3 -1 -2  0 -1 -1 -1 -4 -5 -4 -3 -4 -5 -5 -4    1   3   4  67   0   0   3   4   2   4   6   3   0   0   0   1   0   0   0   1  1.37 0.56
   87 Y    0 -1  1 -3  0 -1 -2 -3  2  1  2 -2  1  1 -3  0  0 -2  0  0    6   3   9   1   2   2   1   1   5  10  28   2   5   5   1   6   4   0   4   6  0.15 0.14
   88 L   -1 -2 -2 -2  0 -2 -3 -2  3  1  3 -2  1  2 -3 -1 -1  0  3  0    5   2   1   1   2   2   1   2   8   6  30   2   3   8   0   6   4   1  10   6  0.22 0.17
   89 H    0  0  1 -1  3  0 -1 -1  2 -1 -2  0 -1  0 -1  0  1  2  1 -1   10   7   7   3   7   5   1   4   6   3   3   4   2   5   3   6  10   3   5   5  0.09 0.11
   90 L    0 -1  0  0  0  0  0  2 -1  0  0 -1  0 -1  0  0  0 -3 -1 -1    8   3   5   4   2   3   6  16   1   6  14   3   3   1   3   8   7   0   1   4  0.05 0.06
   91 P    0  0  0  0 -1 -1  0  0 -1 -1 -1 -1 -1 -1  3  1  1 -1 -1 -1    6   5   5   5   1   2   7   7   2   3   8   3   1   3  16  11   9   1   2   3  0.14 0.11
   92 S    0  0  1  1 -2  1 -1 -1 -1 -1 -1  0 -1 -2  0  2  0 -1 -2 -1    8   6   7   9   0   6   3   4   1   4   6   7   1   2   5  17   6   1   1   4  0.11 0.10
   93 L   -1  0 -1  0 -1 -1  0  0  0  0  0  0  1 -1  3  1 -1 -2  0 -1    5   4   3   4   1   3   6   6   2   6  12   5   4   2  15  11   4   0   3   4  0.11 0.09
   94 L    0  0  0  0 -1  0  0  0  0 -1  1  0  0 -1  0  1  1 -2 -1 -1   10   5   4   5   1   2   8   6   2   4  15   5   1   3   5   9   8   0   2   4  0.03 0.04
   95 G    0  0  1  0  1  0  1  1 -1 -2 -1  0 -1 -2  1  0  0 -2 -1 -1    5   6   8   6   4   4  10  11   1   2   5   6   1   2   8   8   6   0   2   5  0.10 0.08
   96 N    0  1  1  1  0 -1  0  0  1 -2 -1  0  0 -2  1  1 -1  1 -1 -1    9   7   6   9   2   3   6   8   3   2   6   5   2   2   6  13   4   2   2   4  0.08 0.08
   97 F   -1  1  1  1 -1  0  2  0  2 -2 -2  0  0 -1 -1  1  0 -5  0 -1    4   6   7   7   2   4  11   7   6   2   5   6   2   3   4  11   5   0   3   4  0.10 0.11
   98 E   -1  0  1  3 -6  2  2 -1  2 -5 -2  0  1 -6  0  0  0 -6  0 -2    5   5   7  15   0   8  11   5   5   0   5   6   3   0   6   7   5   0   3   4  0.26 0.21
   99 S   -1  0  0  0  2  0  0 -1  2  0 -1  0  2  1  0 -1  0  4  1 -1    5   5   5   5   5   5   5   5   5   5   5   5   5   5   5   5   5   5   5   5  0.09 0.08
  100 S    0 -1  0  0  0  0  0 -1  0  0  0  0  0 -2  3  2  0 -4 -1 -1    8   3   3   5   2   4   7   4   2   5   9   4   3   2  14  15   6   0   2   3  0.13 0.14
  101 S    0  0  0  0  0  2  0 -1  1  0  0 -1  0  0  0  0  0  1  0 -1    6   5   5   4   2  11   7   3   3   6  12   3   2   4   5   9   5   2   4   3  0.05 0.08
  102 S   -1 -4 -1 -2  1  0 -2 -2  0  0 -3 -4  0 -1  6  1  1 -5 -1  0    4   0   2   3   3   4   2   3   2   5   3   0   2   2  36  10  10   0   3   6  0.67 0.43
  103 W   -1 -2 -2  1 -2  1  0  0 -2  1  0 -2  2  1 -2  0 -1  4  2  0    1   0   0   8   0   8   8   8   0   8   8   0   8   8   0   8   0   8   8   8  0.13 0.14
  104 T   -1  2  1  0  0  0  1 -2  1 -2 -2  1  0 -2 -1  1  2 -4 -3 -1    4  14   7   3   2   4  12   2   3   3   3  10   2   2   3  10  12   0   0   3  0.19 0.18
  105 V   -4 -1 -5 -5 -4 -4 -1 -5  1  4  4 -2  1  0 -5 -4 -1  2 -3  1    0   3   0   0   0   0   4   0   3  24  36   3   3   3   0   0   5   3   0  10  0.62 0.38
  106 Y    0  0  1 -1  0 -1  0  0  0  0 -2 -1  0 -1 -3 -1  4 -4 -1  0    6   6   6   3   2   3   8   8   2   7   2   3   2   2   0   3  29   0   2   7  0.22 0.23
  107 L    0 -2 -1  1 -2 -1  0 -2 -2  1  0 -1  2  1  2  0  1 -2 -1  1    9   0   0   9   0   0   9   1   0   9   9   0   9   9   9   9   9   0   0   9  0.09 0.09
  108 R    0  0  1  0  2  1 -1  0  2 -2 -1  0  1  1  1 -1  0 -2  1  0    6   6   6   6   6   6   0   6   6   0   6   6   6   6   6   0   6   0   6   6  0.06 0.13
  109 Y   -1 -2 -1 -1  2  2 -2 -3  2 -1  0 -2  1  3 -1 -1  0  2  3 -2    5   3   3   4   5   8   3   3   5   4  10   3   3  13   4   4   7   2  10   4  0.25 0.17
  110 D   -1  1  1  0  0  0 -2  3  1 -2 -2  1 -1 -2 -2  1  0  1  0 -3    6   7   7   5   2   4   3  18   3   3   4  10   2   2   2  10   7   2   3   2  0.18 0.15
  111 D    0  0  0  0 -2  1  0  0  1  0 -1  0 -1  0  1  0  0 -2  1  0    6   6   6   6   0   6   6   6   6   6   6   6   0   6   6   6   6   0   6   6  0.04 0.06
  112 Y   -1  0  0  0  2  0  0 -1  2  0 -1  0  2  1  0 -1  0  4  1 -1    5   5   5   5   5   5   5   5   5   5   5   5   5   5   5   5   5   5   5   5  0.09 0.08
  113 P   -2 -2 -2 -2  0 -2 -2 -1 -5 -2 -2 -1 -5 -1  7 -2 -4  1 -1 -2    3   2   2   2   2   2   2   4   0   2   4   4   0   3  55   3   0   2   2   3  1.24 0.70
  114 S    0 -1 -1  0 -3  0  1 -1  0 -2 -1  0  1 -1  4  1  1  1 -1 -1    6   3   2   6   0   4   8   4   2   2   7   5   4   2  20  10   8   2   2   3  0.22 0.20
  115 D   -1  1  2  3 -4  1  2  0  1 -1 -2  1 -3 -4  0  1  0 -4 -1 -2    4   6   9  16   0   5  13   5   3   4   3  10   0   0   4   9   6   0   2   2  0.22 0.21
  116 Y   -1  0  1  1 -1  1  1  1  1  0 -1  0 -1  0 -1  0  0 -3  1 -1    4   5   9   8   1   6   9  11   5   6   7   5   1   5   2   6   4   0   5   3  0.06 0.08
  117 I   -2 -2 -3 -3  1 -1 -2 -2 -1  2  3 -2  1 -1 -3 -1 -3 -4 -1  2    3   2   1   2   3   3   2   3   2  13  35   2   4   3   1   5   0   0   2  15  0.38 0.29
  118 I   -1  0 -2 -4 -1 -1 -2 -2 -1  3  3 -3  1 -1  0 -1  0 -1 -1  1    4   5   2   1   1   2   2   3   1  21  26   1   3   2   5   4   4   1   2  10  0.30 0.24
  119 P    0  2 -1 -2 -1 -1 -1 -2  3 -1 -3  0 -1 -2  6 -2 -2 -1 -2 -3    7  11   4   2   1   3   3   4   6   3   3   6   2   2  34   3   2   1   1   2  0.64 0.41
  120 F   -1 -1 -2 -2  2  0 -1 -1 -1  1  1 -2  0  3  0 -1 -1  3  2  0    3   3   2   2   6   5   5   4   2   9  14   2   2  14   5   5   3   4   6   5  0.14 0.13
  121 I    0  0  0  1  1  1  0 -1  0 -1 -1 -1  0 -1  2  0  0 -2 -1 -1    9   5   3   8   4   8   4   5   2   4   7   2   3   2  11   8   7   0   3   4  0.08 0.09
  122 Y    0  0  1  0 -1 -1 -1  0  0 -1 -1  0 -2  0  1  1  1 -2  0 -1    6   6   8   6   1   2   4   7   3   2   7   6   1   4   7  14   9   0   3   4  0.07 0.08
  123 K    0  0  0  0 -1  1  1  0  1 -1 -1  0  0 -1  0  0  1 -2 -1 -1    8   5   5   4   2   6   9   9   4   4   5   6   3   3   5   8   8   0   2   4  0.05 0.04
  124 K    0  0  0  0  0  0  0  0  0  0  0  0  0 -1  1  0  0 -1 -1  0    9   7   3   6   2   5   6   8   2   5   8   6   2   2   7   7   5   1   2   7  0.03 0.02
  125 D    0 -1  1  2 -2 -1  0  0  1 -1 -1  0 -1 -1  1  1  0 -1 -1 -1    6   3   6  13   1   2   7   7   4   5   8   6   2   3   7   9   6   1   2   4  0.07 0.05
  126 D    0 -1  1  2 -2  0  0  0 -1 -1  0 -1  0  0  1  1  0 -2 -1 -1   10   2   6  11   1   5   6   6   1   3   9   4   2   4   6  11   5   1   2   5  0.06 0.05
  127 G    0 -1  1 -1  0  0  0  1 -1 -1 -1  0  0  0  0  0  1 -1 -1  0    8   3   8   3   2   3   5  12   2   3   6   5   3   5   5   7   8   1   2   8  0.04 0.03
  128 T    0  0  0  0 -1  0  1  0 -1 -1  0  0  0 -1  0  0  0  1 -1  0    8   5   4   4   1   4  10   7   1   4  12   4   2   3   5   9   7   2   2   5  0.03 0.03
  129 V    1 -1 -1  0  6 -1 -2 -1 -1  1 -2 -2  0 -2  0  2 -1  2  1 -1   10   3   4   5  14   3   2   6   2   7   4   3   2   2   5  12   4   2   4   5  0.30 0.18
  130 D    0 -3  3  3 -1 -1  1  0  2 -1 -1 -2 -4 -2  2  0 -2 -5 -4  0    7   2  11  13   1   3   8   7   4   3   6   3   0   2  11   8   3   0   1   6  0.24 0.18
  131 F   -1 -3  0  0  1 -2 -1  2  0 -2 -2 -2 -2  2 -1  2  1  0  2  0    5   2   4   5   2   2   4  18   2   2   5   3   1   7   3  13   9   1   6   7  0.18 0.15
  132 D   -1 -1  0  0  0 -1  2 -2  0  1  1  1  1  0  0  0 -1  1 -1  0    4   3   4   5   2   3  12   4   2   8  13   8   4   4   5   6   3   2   2   7  0.07 0.06
  133 R   -1  1  2  2  0  0  2 -1  0 -2 -3  0  0 -2  0  1 -1  3 -1 -2    5   7   8  13   2   4  14   4   2   2   2   6   2   2   4  11   2   4   2   2  0.20 0.19
  134 S    1 -1  0  0  2  0  0 -2  1 -1 -1 -2  0  1 -1  2  2 -4 -1  0   11   2   4   4   4   4   5   3   4   2   4   2   3   6   3  17  13   0   2   6  0.14 0.18
  135 L    0  0 -2 -3  2 -2 -2 -3  2  0  0  0  2  1  1  0  0  4  1  0    7   7   0   0   6   0   0   0   6   7   7   7   6   6   7   7   7   6   6   7  0.14 0.16
  136 K   -2  3 -1 -1 -1  2  3 -3  3 -3 -3  4 -4 -2 -2 -1 -2 -1 -1 -2    2  17   3   2   1   7  19   2   6   1   2  24   0   2   1   4   2   1   2   3  0.54 0.38
  137 E    0  0  0  2  0  1  2 -2  0 -2 -2  1 -1 -1 -3  1  0  3 -1 -2    9   5   4  11   2   6  15   3   3   2   2   9   2   2   0  11   4   5   2   2  0.19 0.18
  138 V    1 -1  0 -1  1  0 -1 -1  3  0  0 -2  1  1 -3  0  0  2  2  0   16   3   4   3   3   4   3   4   9   5   8   0   4   5   0   6   5   3   8   5  0.12 0.13
  139 I   -1 -2 -2  1 -2 -2 -2 -3  3  1  1 -2  2  2 -3  0 -1  5  2  1    1   0   0  10   0   0   1   1   9  10  10   1   9   9   0  10   1   9   9  10  0.20 0.14
  140 V   -1  1 -2 -5  2 -1 -4 -5 -4  2  1 -1  6  3 -2 -2 -1 -4 -3  0    4   7   2   0   5   3   0   0   0   9  14   4  22  13   2   2   4   0   0   6  0.51 0.36
  141 N   -1 -1  5 -1 -1  2 -2 -2  4 -1 -2 -3  1 -1 -4  1 -1  0 -1 -4    5   3  30   3   2   9   2   3   8   4   3   0   4   3   0  13   3   2   2   0  0.53 0.40
  142 Q    0  0  0 -1  2  3 -2 -1 -1 -2 -2 -1  1 -2  0  3  0  0  0 -1    7   4   4   2   5  16   2   5   1   2   3   2   4   2   4  22   6   1   3   4  0.23 0.26
  143 L    0 -2 -2  0  2  1 -2 -3  2  0  0  0  2  1 -3  0  0  4  1  0    7   0   0   7   6   7   0   0   6   7   7   7   6   6   0   7   7   6   6   7  0.12 0.16
  144 K   -1  1 -1  1 -3  1  1 -3 -2  0  0  1 -1 -2  2 -1 -1  5 -1  0    1  10   0  10   0   9  10   1   0  10  10  10   0   0  10   1   1   9   0  10  0.19 0.11
  145 Q    0  1  1 -1 -3  3  2 -1  1 -2 -1 -1  1 -1  0  0 -1 -3 -2 -1    5   8   6   0   0  23  15   4   4   0   7   0   4   4   5   9   0   0   0   5  0.21 0.18
  146 S    3  0  0 -2  2  0  1  0  1 -3 -3  0 -3 -4 -3  2  0 -4 -3 -1   29   5   4   0   5   4   8   5   4   0   1   4   0   0   0  18   6   0   0   5  0.31 0.26
  147 C    0  0  0  1  5  0  0  0  0 -1 -1 -2  1  0 -3  0  0 -3 -2 -1    8   5   3  10  14   4   8   9   3   4   5   1   6   5   0   7   4   0   0   4  0.14 0.15
  148 F   -2 -3 -1 -2  0 -1 -3 -2  3 -1 -1 -3  1  5 -1 -1 -1  1  5 -1    3   1   3   2   3   3   1   3   7   3   4   1   5  28   4   4   3   1  20   4  0.52 0.30
  149 V    0 -4 -4 -4  1 -3 -4 -2 -4  3  3 -3  2 -1 -4 -1  0 -3 -3  3    8   0   0   0   3   0   0   2   0  22  26   0   4   2   0   3   5   0   0  22  0.44 0.27
  150 L    0  1 -1 -2  2  1  0  0  2  0  0  0  1 -2 -2  0  0 -3 -2  0    7   7   0   0   7   7   7   7   7   7   7   7   7   0   0   7   7   0   0   7  0.07 0.11
  151 N   -2  2  2  0  0  1 -1 -2  4 -3 -2  1  1  1 -3 -1 -1  2  2 -2    2  12  13   4   2   5   2   2  14   0   2  12   4   5   0   3   4   3   7   3  0.28 0.26
  152 G   -1  0  1 -1 -4 -1 -1  5  3 -2 -3 -1  0 -4 -4 -1 -3 -4 -1 -4    4   6   6   3   0   3   3  50   8   3   3   4   3   0   0   3   0   0   2   0  0.71 0.42
  153 N   -2  1  3 -1 -4  0 -3 -1  0 -3 -3  1 -4 -5 -2  4  2 -5 -2 -4    2   8  15   2   0   3   0   3   2   2   3   9   0   0   2  37  10   0   1   0  0.55 0.44
  154 S    3 -2 -1 -1  3 -3 -2  2 -3 -1 -2 -2 -3 -3 -2  2  2 -4 -3 -1   23   2   2   3   6   0   2  16   0   4   2   1   0   1   2  18  13   0   0   3  0.33 0.30
  155 K    0  2  1  0 -4  2  0 -1  0 -3 -2  3  0 -4 -1  1 -1 -4 -1 -2    6   9   8   4   0   8   6   4   3   0   3  25   2   0   3   9   3   0   2   3  0.28 0.25
  156 P    1  1  0 -1  0  0 -1 -1  0  1 -1  0  0 -2  1 -1 -1  1 -1  2   11   9   5   2   2   3   2   3   2   7   4   5   3   0   8   4   3   2   2  22  0.10 0.15
  157 I    0  0  0 -2 -2 -2 -2  0 -2  0  0 -2  1  1  1  0  0  4  1  0    7   7   7   0   0   0   0   7   0   7   7   0   7   7   7   7   7   7   7   7  0.11 0.13
  158 M   -1 -1  2 -1 -4  1 -1 -1  1 -1 -1 -1  6  0 -4  1  0 -4  0 -1    4   3  11   3   0   5   3   4   3   3   6   3  25   3   0  10   5   0   3   3  0.37 0.36
  159 S    0  1  2  0  1  1  1  0  1 -1 -2  1  0 -1 -3  1  0 -3  0 -1    5   7  13   5   4   5   9   6   3   3   3   8   3   3   0  11   5   0   3   4  0.11 0.14
  160 L   -3 -5 -5 -6 -5 -4 -3 -6 -5  0  5 -5  7  1 -5 -5 -3 -5 -4 -2    2   0   0   0   0   0   2   1   0   4  49   0  31   5   0   1   2   0   0   2  1.39 0.66
  161 S    0  2 -1 -2 -2  2 -1 -1 -1 -3 -3 -1 -1 -5  0  4  1 -5 -4 -2    7   9   2   2   1   9   3   4   1   2   2   4   1   0   5  38   8   0   0   2  0.48 0.38
  162 E   -1  2 -1 -1 -2  2  0 -2 -1 -1 -1  4  1 -4  0 -1 -1 -4 -2 -1    5  10   3   2   1  10   6   3   1   3   6  29   5   0   4   4   2   0   1   6  0.31 0.26
  163 A    1  1  0  1 -4  2  2 -2  2 -3 -3  1 -2 -4  1  1 -1 -4 -2 -1   14   6   4   8   0   9  15   2   5   1   2  10   1   0   6  11   2   0   1   4  0.25 0.22
  164 N    0 -3  1  6 -5  1  3 -3 -1 -5 -2 -1 -2 -5 -4  0 -2 -6 -5 -3    7   1   6  41   0   6  17   1   1   0   4   3   1   0   0   5   3   0   0   2  0.83 0.48
  165 S   -2 -1 -3 -2 -1  5 -1 -3  5 -2 -2 -1  0 -1 -2  2  0 -1  0 -3    2   3   0   2   2  29   2   2  15   2   4   3   3   3   2  15   6   1   3   2  0.61 0.45
  166 I   -1  1  1  3 -4  2  2 -2 -1 -3 -2  2 -1 -3 -2 -1  1 -4 -2 -1    5   8   8  15   0   9  16   2   1   1   3  13   2   1   1   3   8   0   1   4  0.29 0.24
  167 Q    1  0  0  1 -2  4  1 -1 -1 -1 -2  1 -1 -3 -2  0  0 -4 -4 -3   12   5   3   9   1  24   9   4   2   3   3   8   1   1   2   6   5   0   0   1  0.32 0.28
  168 L   -1 -3 -4 -4 -3  0 -3 -1  1  1  4 -3  3  1 -4 -3 -3  3  1  0    5   0   0   0   0   4   0   5   4   8  41   0   9   6   0   0   0   4   5   5  0.47 0.30
  169 W   -2 -1 -1 -1  1 -1 -1 -4 -4  0 -1 -1  1  1 -5 -4 -1 10  1 -1    4   3   3   3   3   3   4   1   0   5   7   3   3   5   0   1   4  40   4   4  1.22 0.50
  170 V    0  1  2  2 -1  2  2 -1  1 -2 -2  1 -1 -3 -2  0  0 -3 -1 -2    7   7  11  12   2  10  13   4   3   2   4   8   2   0   0   6   5   0   2   2  0.19 0.15
  171 S    3 -3 -1 -3  2  0 -3  2  0 -4 -2 -1 -3 -1 -3  3 -1 -4 -3 -3   31   0   3   0   4   5   0  17   3   0   3   2   0   3   0  24   2   0   0   0  0.50 0.35
  172 I   -1 -5 -5 -5  1 -4 -5 -5  0  3  3 -4  2  1 -1 -2 -1 -4  0  4    4   0   0   0   3   0   0   0   3  16  23   0   5   4   3   3   3   0   3  25  0.56 0.35
  173 V    0  1 -1 -1  1  1  0 -1  0  0  0  0  1  0 -3  0  1  1 -1  0    6  10   2   2   4   7   5   5   2   5  12   6   3   3   0   4   8   2   2   9  0.04 0.08
  174 D    0  0  3  1  1  1  1 -1  1 -2 -2  1  0 -1 -3  1  1 -4 -1 -2    8   3  19   6   3   7   8   3   3   2   3   7   2   2   0   8  10   0   2   2  0.22 0.21
  175 H    0  0  0  0  2  1  0  0  2 -2 -1  0  1  0  1  0  0 -2  1 -1    6   6   5   6   5   5   6   6   5   0   6   6   5   5   6   6   6   0   5   6  0.05 0.09
  176 N    0  1  1  1 -3  1  0  0  2  0 -1  0  1 -2  1  0  0 -3 -2 -1    7   7   7   7   0   7   7   7   6   7   7   7   6   0   7   7   7   0   0   0  0.09 0.10
  177 L   -1  0 -2  0  2  0  0 -1  2  0 -1  0  1  0  0  0  0  3  1  0    5   5   0   5   5   5   5   5   5   5   5   5   5   5   5   5   5   5   5   5  0.06 0.10
  178 S    0  0  1  3 -4  1  2 -1  1 -2 -3  1 -3 -4  1  1  0 -4 -1 -1    8   5   5  15   0   6  14   5   3   2   2   7   0   0   8   9   4   0   2   4  0.21 0.20
  179 A    0  0  0  1 -3  1  0 -1  0 -1  0  0  0 -1 -1  1  1 -3 -2  0    9   3   4   9   0   8   5   5   3   3   8   7   3   3   2  11  10   0   0   6  0.07 0.11
  180 Y   -2 -2 -5 -5 -5 -2 -2 -2  0 -2 -2 -3 -1  7 -5 -3 -2  2  5 -2    3   2   0   0   0   2   3   3   2   2   4   2   2  43   0   2   2   3  21   2  1.19 0.63
  181 T    0  1  1 -1  2  1  0 -2  1 -1 -1 -1  0  0 -4  0 -1  7  1 -2    8   7   7   3   4   6   7   2   4   4   5   3   3   3   0   6   3  17   6   2  0.40 0.31
  182 S    1  2  1  0 -4  1  1 -1  0 -3 -3  1 -3 -2  1  1 -1 -4  0 -2   14  12   7   5   0   7   9   4   2   1   2  10   0   1   7  11   3   0   3   2  0.22 0.22
  183 I    1 -4 -3 -5 -1 -4 -4 -2 -2  4  0 -3  2 -1 -1 -2 -2 -1 -1  4   11   1   1   0   1   0   1   3   1  28   7   2   4   2   3   3   1   1   2  27  0.58 0.40
  184 N    0 -1  4 -1  0  1 -1 -2  2 -1 -2  0  1 -1 -2  0  0  1 -1 -1    9   4  23   2   2   5   4   2   4   4   4   6   4   3   2   6   6   2   2   4  0.21 0.24
  185 K    0  1  1  0  2  2  0 -1  1 -2 -2  1 -1 -1 -1  2  1 -4 -3 -2    9   9   5   4   4   9   6   4   3   2   3  10   2   2   3  14   8   0   0   2  0.16 0.20
  186 K   -1  2  0 -1  2  1  0 -1  0 -1 -2  4  0 -2  0  0  0 -5 -4 -2    3  12   3   3   4   5   4   4   2   5   4  28   2   2   5   5   5   0   0   3  0.30 0.29
  187 I   -2 -2 -2 -2  0 -2 -3 -3 -1  3  4 -1  1  0 -5 -3 -2 -4 -1  0    3   2   2   2   2   2   2   2   2  16  45   4   3   3   0   2   2   0   2   6  0.53 0.39
  188 V   -2 -1 -1 -1 -1  0 -2 -2 -1  0  2 -1  4  1 -3 -1  0  0 -1  1    2   3   3   4   2   5   2   3   1   5  21   4  13   7   1   4   5   1   2  11  0.19 0.21
  189 P   -1  0  0  0  2  0  0 -1  2  0 -1  0  2  1  0 -1  0  4  1 -1    5   5   5   5   5   5   5   5   5   5   5   5   5   5   5   5   5   5   5   5  0.09 0.08
  190 K    0  0  1  0  1  1  1  0  1 -1 -2 -1  1 -1  1  1  1  2  0 -1    7   4   7   5   3   5   8   8   3   3   3   4   4   3   7   9   7   2   3   4  0.07 0.09
  191 D   -2 -1  1  2  0 -1  0  0  0 -2 -3 -1  0 -1  2  2  1 -7 -1 -2    4   3   7  12   2   3   6   6   2   2   3   4   2   3  12  15   8   0   3   4  0.23 0.23
  192 K   -1  0  1  0 -6  1  1  0  1 -2 -2  1  0 -1  1  1  1 -6  0 -2    6   5   7   5   0   6   9   6   3   3   4   9   3   3   7  11   7   0   3   3  0.12 0.14
  193 A   -1  0  0  0  2  0  0 -1  2  0 -1  0  2  1  0 -1  0  4  1 -1    5   5   5   5   5   5   5   5   5   5   5   5   5   5   5   5   5   5   5   5  0.09 0.08
  194 Q   -1  4 -1  0  1  2 -1 -1  1 -1 -2  3  1 -1 -1 -1 -1  2 -6 -6    5  17   3   6   3   9   5   6   3   3   4  15   3   3   3   6   3   3   0   0  0.35 0.26
  195 K   -1  0  0  0  2  0  0 -1  2  0 -1  0  2  1  0 -1  0  4  1 -1    5   5   5   5   5   5   5   5   5   5   5   5   5   5   5   5   5   5   5   5  0.09 0.08
  196 I   -1  0 -7 -1  2 -7 -7 -7  1  4  1 -7  1  0 -7 -2 -1  3  0  3    5   6   0   4   3   0   0   0   4  23  12   0   4   4   0   4   4   4   4  19  0.69 0.33
  197 P    1  1 -1 -2 -2 -1 -1 -2 -2  1  1  0  0 -1  3  1  0 -2 -2  0   15  15   1   1   0   1   1   1   0  15  16   1   0   1  15  15   1   0   0   1  0.15 0.04
  198 V    0 -2 -2  0  3 -2 -2  0 -2  1  0 -2  2  1  1 -1  0 -2  1  0    8   0   0   8   8   0   0   8   0   8   8   0   8   8   8   1   8   0   8   8  0.10 0.12
  199 R   -1  5 -2 -1  0  0 -1 -3  2 -1 -1  1  0 -3 -1 -1 -2 -4 -2 -1    4  47   0   3   3   3   0   1   5   3   7   8   3   0   3   3   0   0   0   6  0.50 0.30
  200 I   -1  1 -3 -3  1 -2 -3 -3 -3  3  1 -2  1  1 -3 -1 -1  2 -1  2    4   9   0   0   3   0   0   1   0  28  15   0   3   8   0   3   3   3   0  15  0.25 0.18
  201 F    0  0 -2 -3  3  1 -2 -3  2  1  0 -2  2  1 -3  0 -1  4  2  0    8   8   0   0   7   7   0   1   7   8   8   0   7   7   0   8   0   7   7   8  0.17 0.17
  202 I   -1 -1 -1 -1  1  0 -1 -3  1  2  1 -1  1  1  0 -1  0 -3  0  1    3   3   3   3   3   3   3   0   5  14  14   3   4   7   4   5   7   0   3  12  0.08 0.11
  203 P    0  2  0  0  0  0 -1 -2  2 -1 -2 -1 -3 -1  4  0  1  2 -1  0    6  11   4   5   2   4   3   3   6   4   3   4   0   2  19   5   8   3   2   6  0.22 0.19
  204 G   -1  0  0  0 -3  0  0 -1  2  0 -1  0  1  0  0  0  0  3  1  0    5   5   5   5   0   5   5   5   5   5   5   5   5   5   5   5   5   5   5   5  0.06 0.08
  205 T   -1 -1  2  2  0  0 -1  0  2 -2 -2  0 -3 -2  1  2  0  1 -1 -2    5   4   9  12   2   4   4   6   4   2   5   5   0   2   6  18   6   2   2   3  0.17 0.21
  206 T    0  0  1  1  1  0  0  0  0 -1 -1  1  0  0  2  0  0  0 -1 -1    7   4   7   7   4   3   7   7   3   4   4   8   2   4  10   8   4   2   2   4  0.07 0.08
  207 T   -1  1  0 -2 -5  1 -1 -1 -1 -1 -2  1  0 -2  4  1  1 -5 -1 -2    5   7   4   2   0   5   3   4   2   4   3  10   2   2  20  11   9   0   2   3  0.29 0.29
  208 I   -2 -2 -1  0  3 -1 -2 -2  1  0 -1 -2  3  2  1 -2 -1  3  2  2    3   3   3   6   6   4   3   4   3   4   5   3   6   9   7   3   4   3   6  16  0.25 0.17
  209 V    0  0  0 -2  2  1  0 -2  2  0  0  0  1  0  1  0  0 -3 -1  0    6   6   6   0   6   6   6   0   6   6   6   6   6   6   6   6   6   0   0   6  0.07 0.12
  210 Q   -2  0  0  0 -5  6 -1 -2  1 -1 -1 -1  0  0 -1 -1 -1 -4  0 -2    3   5   4   6   0  37   3   3   3   3   5   3   3   3   3   4   4   0   3   3  0.50 0.43
  211 A    0  2 -1  0  1  1  1 -2  0 -1 -1  1  0 -1  1  0 -1 -3 -1  0    9  12   2   6   4   7   8   2   2   3   6   8   2   2   8   7   3   0   3   6  0.10 0.12
  212 P   -1 -1 -2 -2  0  0 -2 -3 -1 -1  2 -1  0 -2  5  0 -1 -5 -2 -2    6   4   2   2   2   4   3   2   2   3  23   3   2   2  26   8   4   0   2   2  0.43 0.35
  213 I   -1 -2 -4 -4  1  0 -2 -3 -4  3  0 -1  1  1 -1 -1 -1  0 -1  4    5   2   0   0   4   4   3   2   0  20   8   3   3   6   3   4   3   1   2  27  0.36 0.30
  214 Y    0  0  0  1  0  0  0 -2  1 -1 -2  1 -3  0  2  1  1 -1  0 -2    9   6   3   8   2   4   6   2   4   3   3   8   0   4  12  11   7   1   4   3  0.15 0.16
  215 P    0 -2 -1 -2 -1 -2 -1 -2 -2 -2 -3 -1 -1 -2  6  0 -1  0 -5  1    9   2   3   3   1   2   3   3   1   2   3   4   2   2  36   8   4   1   0  11  0.64 0.45
  216 Y    0  0  0 -1  0  0 -1 -1  1  0  0  0  0  1 -1  0  1  2  1  0    5   5   6   2   2   4   3   3   3   5  12   5   2   7   2   5  11   3   5   8  0.04 0.07
  217 G    0  0  0  0  2  0  0 -1  1  0 -1  0  1  0  0  0  0 -2  1  0    5   5   5   5   5   5   5   5   5   5   5   5   5   5   5   5   5   0   5   5  0.03 0.05
  218 E    0  0  0  0 -2  1  0  0  1  0 -1  0 -1  0  1  0  0 -2  1  0    6   6   6   6   0   6   6   6   6   6   6   6   0   6   6   6   6   0   6   6  0.04 0.06
  219 E    0  0  1  0 -3  1  0  0  2 -2 -1  0  1 -2  1  0  0  3  1 -1    6   6   6   6   0   6   6   6   6   0   6   6   6   0   6   6   6   6   6   6  0.10 0.13
  220 E    0  1  1  0  1  1  2  0  1 -1 -1  1 -2 -1  0  0  0 -4 -3 -1    6   7   5   6   3   8  12   8   4   3   6   8   0   3   3   8   4   0   0   4  0.09 0.11
  221 P    0  0  0 -1  1  0  1  1  1 -1 -1  0  0 -1  3  0  0 -3  0 -1    6   4   4   3   3   5  10  10   5   3   5   5   3   3  14   5   4   0   4   3  0.12 0.13
  222 T    0  0  0 -1 -1  1  1 -2  0  0 -1  0  1 -1 -1  0  2  0 -1  0    7   5   4   3   1   9   8   3   3   5   6   5   4   3   3   7  17   2   2   6  0.08 0.12
  223 S   -2 -2  0 -3  0 -1 -2 -2 -5 -3 -2 -1 -1 -5 -3  1  6 -6 -2 -2    2   3   3   1   2   2   3   3   0   1   4   3   1   0   1   9  56   0   1   2  1.02 0.66
  224 M   -2 -2 -1 -2  0 -1 -4 -5 -4  1  5 -4  1  0 -2 -2 -3 -4 -1  1    3   3   4   2   2   4   0   0   0   7  53   0   3   4   3   3   0   0   2   7  0.65 0.42
  225 R    0  2 -1 -3 -1  0  0  3  1 -2 -2  0 -1  0 -3  0 -1  0 -1 -1    6  11   3   0   1   5   7  28   4   2   5   6   2   4   0   8   2   1   2   4  0.25 0.23
  226 D   -1 -1  1  4 -1  1  2 -2  3 -2 -3  0 -1 -4 -1  0  0 -5 -2 -3    5   2   5  28   1   6  11   2   7   3   2   6   2   0   2   7   6   0   1   2  0.40 0.31
  227 V    0 -2  0 -3  2  0 -2  0  2  0  0 -2  1  1  1  0  0  4  1  0    6   0   6   0   6   6   0   6   6   6   6   0   6   6   6   6   6   6   6   6  0.12 0.16
  228 L   -2 -4 -4 -1  1 -1 -2 -5 -4  2  4 -1  1  1 -4 -4 -1 -4  0  1    3   0   0   5   3   3   3   0   0  11  46   4   4   5   0   0   3   0   3   7  0.52 0.35
  229 S    0  2  1  0  0  1  1 -1  1 -2 -2  1  0 -2  0  1  0 -3 -1 -2    8  11   6   3   2   8   9   5   5   3   3   7   2   2   5  11   5   0   2   2  0.11 0.12
  230 L    0  0 -1  1  1  1  1 -2  0  0  0  0 -1  0  0  0  0  1 -1 -1    6   4   2   8   4   6  10   3   2   8   9   7   2   4   4   8   7   2   2   3  0.05 0.07
  231 H    0  0  0 -3  2 -1 -1 -4  1  1  2 -2  1  1 -2 -1  0  2  0  1    8   6   5   0   4   3   3   0   4  10  18   2   3   5   2   4   4   3   4  12  0.13 0.15
  232 L    0 -2 -2  0  2  0  0 -1  2  0 -1  0  1  1  0  0  0  3  1  0    6   0   0   6   5   5   6   6   5   6   6   6   5   5   6   6   6   5   5   6  0.07 0.13
  233 P   -1 -1  1 -1  1 -1 -1  0  2 -1 -2  0  0 -1  5  0 -1 -4 -3 -2    3   3   7   4   3   3   4   6   6   3   5   5   3   3  27   9   4   0   0   3  0.37 0.30
  234 H    0  0  0  0  2  0  0 -1  1  0 -1  0  1  0  0  0  0 -2  1  0    5   5   5   5   5   5   5   5   5   5   5   5   5   5   5   5   5   0   5   5  0.03 0.05
  235 L    0  1 -1 -1  1 -1 -2 -2  1  0  3 -1  1  0 -1 -2 -1  2  0 -1    7   7   3   3   3   3   3   3   3   6  26   4   3   4   3   4   4   3   4   4  0.18 0.13
  236 F   -2 -2 -2  0  0  0 -2 -2  0  0 -1 -3  0  6 -2 -1 -3  1  1  0    4   3   2   6   2   5   3   4   2   5   6   2   2  30   3   5   2   2   4   7  0.56 0.34
  237 A    2 -1  0  0  0 -1  0  1 -1 -1 -2 -3 -6  0  4  1 -1 -7 -2 -3   14   3   4   5   2   3   7   9   2   4   5   2   0   4  19  10   4   0   2   2  0.30 0.27
  238 E    0  0  0  0  2  1  0  0  1  0 -1  0 -1  0  1  0  0 -3 -1  0    6   6   6   6   6   6   6   6   6   6   6   6   0   6   6   6   6   0   0   6  0.04 0.07
  239 R   -1  0  2  2  1  0  0  0  1 -1 -2  1  0 -1  0  1  0  2  0 -2    5   6   9   9   3   3   6   7   3   3   4   8   3   3   5  10   6   3   3   3  0.10 0.10
  240 E   -1  1  1  2  0  2  1  0  1 -2 -2  0 -1 -2  0 -1  0  1  1 -2    5   7   5  11   2   8  10   8   3   3   4   5   2   2   5   5   5   2   4   4  0.12 0.12
  241 A   -1  0  0  0  2  0  0 -1  2  0 -1  0  2  1  0 -1  0  4  1 -1    5   5   5   5   5   5   5   5   5   5   5   5   5   5   5   5   5   5   5   5  0.09 0.08
  242 I   -1 -1  1  1  0  0  0 -2 -1  1  2 -1  0 -1 -1 -1 -1  0  1  1    4   4   6   7   2   5   6   3   2   7  18   4   2   3   4   5   4   1   4   8  0.07 0.07
  243 A    2  0 -1 -1  0 -1 -1 -1  1 -1 -1  0  0  0  0  0 -1  1  1  0   22   5   3   3   2   2   2   3   3   4   6   6   2   4   5   7   4   2   4   9  0.09 0.13
  244 L    0  1  0  0  0  1  1 -1  1 -1 -1  0  0  0  0  0  0 -3  0  0    5   8   4   6   3   6   9   5   3   3   6   7   3   4   3   8   7   0   4   6  0.04 0.05
  245 P    1 -4 -1 -1  2 -3 -1 -4 -4  0 -1 -1 -3  1  3 -1 -1  3  0  3   11   0   4   4   5   0   4   0   0   5   5   4   0   5  14   4   4   4   4  23  0.31 0.27
  246 Y   -1  0 -2 -4  0 -3 -2 -4 -3  3  1  0  1  1 -4 -1 -1  1  1  2    5   5   2   0   2   0   2   0   0  22  14   6   4   5   0   5   2   2   5  19  0.25 0.21
  247 I   -1 -4 -4 -2  3 -3 -1 -4 -4  4  1 -4  1 -1 -4  0  1 -4 -3  3    3   0   0   3   7   0   3   0   0  25  12   0   3   2   0   8  11   0   0  21  0.44 0.31
  248 H   -1 -1  1 -2 -1  5 -1 -2  8 -5 -3 -3 -4 -5 -1 -1 -2 -5 -3 -5    4   2   5   2   2  30   2   2  36   0   2   0   0   0   3   5   2   0   0   0  1.18 0.61
  249 G   -1 -5 -3 -4  2 -4 -5  7 -5 -5 -5 -4 -5 -5 -5 -1 -4 -5 -5  0    3   0   0   0   5   0   0  79   0   0   0   0   0   0   0   3   0   0   0   7  1.68 0.64
  250 I    1 -4 -3 -2 -1 -1 -4 -3 -4  5  0 -4  0 -2 -4 -2 -1 -4 -3  3   10   0   1   2   1   3   0   2   0  44   6   0   1   1   0   1   3   0   0  23  0.66 0.36
  251 D    0 -1  0  2 -1  0  2  0  1  1 -1 -1 -1 -2  1 -1 -1 -3 -1  0    7   3   4  11   2   4  18   9   4   9   3   2   1   1   6   4   3   0   1  10  0.11 0.12
  252 T   -1 -1 -4 -4  0 -3 -3 -4 -4  3  3 -3  1 -2  1 -2 -1 -3 -3  3    5   5   1   1   2   1   1   1   0  19  26   1   3   0   7   2   2   0   0  24  0.44 0.25
  253 Q   -2 -2 -2  0 -4  1 -1 -3  0 -4 -4  1 -2 -4  7  0 -1 -5 -1 -4    3   2   1   6   0   7   3   2   3   0   2   8   1   0  49   7   3   0   2   1  1.07 0.47
  254 S    0 -1 -1  0 -1  0  0 -1  1 -1 -1 -1 -2  0  4  0  0 -2 -2  0    9   3   3   5   1   4   5   3   5   3   5   3   1   6  25   7   4   0   1   6  0.30 0.15
  255 L    0  0  0  0  0  0  0  0  0  0  0  0  0  0  2  0  0  0 -1  0    7   4   6   4   2   4   5   6   2   4  13   5   3   3  10   7   4   2   2   6  0.04 0.02
  256 L   -2 -2 -3 -3 -1 -2 -2 -3 -1  0  4 -2  3  1 -1 -2 -2  2 -1  0    3   2   1   1   1   1   3   2   2   3  49   2   8   6   3   3   1   3   2   5  0.50 0.26
  257 D   -2 -3  2  5 -5  1  4 -2  0 -5 -5 -2 -4 -5 -3  1  0 -2 -3 -5    3   1   7  32   0   5  24   3   2   0   1   2   0   0   1  12   5   1   1   0  0.77 0.43
  258 E    2 -2 -2 -3 -1 -2 -2 -4 -4  0 -1 -2  2  0 -4  0  5 -1 -3  0   20   1   1   1   1   1   3   0   0   6   6   2   5   3   0   6  34   1   1   7  0.48 0.36
  259 P   -3 -3 -2 -1  1 -1  1 -4 -1 -2 -4 -3 -5 -3  7  1 -1 -6 -5 -4    2   1   2   3   3   3   8   1   1   3   2   1   0   1  55  10   3   0   0   1  1.31 0.63
  260 L   -2 -5 -6 -6 -2 -5 -5 -5 -1  4  4 -5  3  1 -5 -5 -2 -5 -4  3    2   0   0   0   1   0   0   1   2  19  43   0   6   4   0   0   2   0   0  18  0.90 0.46
  261 L    0 -1 -1 -1  0  2  1 -1 -1  1  1 -1  0  0 -1 -1 -1  2 -1  0   11   3   2   3   2  10   8   5   1   9  19   2   2   3   2   4   1   3   2   5  0.06 0.11
  262 K   -3 -3 -1  3 -3 -1  3 -5 -5 -6 -4 -1 -5  1 -5 -5 -2 10  1 -4    2   1   3  16   1   3  16   1   0   0   2   3   0   5   0   0   2  38   5   1  1.58 0.72
  263 T    0 -6 -6 -7  0 -5 -6 -6 -3  1  5 -6  2 -1 -6 -3 -2 -5 -4  2    7   0   0   0   2   0   0   0   1   6  63   0   4   2   0   2   2   0   0  12  1.09 0.55
  264 W    1 -3 -3 -4  0 -4 -5  0  1 -2 -3 -5  2  0 -6  2 -3  8  5  0   10   1   1   1   2   0   0   6   3   2   2   0   6   4   0  15   1  20  20   7  0.88 0.50
  265 E    0  3  1  1 -2  1  3 -2  0 -2 -2  1 -2 -1 -2  0 -2 -4 -1 -2    7  17   6   7   1   7  20   2   1   3   3  10   1   2   1   7   2   0   2   2  0.29 0.24
  266 I    0  1  4 -2  3 -1  0 -3  4 -2 -1 -2 -2 -2 -3  0  0  1  0 -2    8   8  23   1   7   2   7   1  12   2   6   2   0   2   1   5   5   2   3   3  0.36 0.29
  267 F    1 -6 -6 -7  3 -5 -6 -3 -5 -1  4 -6  4  5 -6 -4 -2 -4 -1 -2   10   0   0   0   6   0   0   2   0   2  40   0  12  21   0   1   3   0   1   1  0.96 0.51
  268 K    3  1 -3 -4  4 -2 -3 -3  1 -2 -3  1  2 -3 -3  3  0 -5 -1 -2   23   7   0   0   9   1   0   1   4   2   2   8   5   1   1  27   5   0   2   3  0.48 0.38
  269 H   -1 -5  1 -4  2 -5 -5  0  6 -6 -6 -5 -5  0 -6  1 -5 -3  7 -6    5   0   6   1   5   0   0   7  17   0   0   0   0   3   0  12   0   0  43   0  1.44 0.70
  270 L    2 -5 -5 -5  0 -4 -5 -2 -5  0  0 -5  0  1  6 -2 -2 -6 -3 -2   20   0   0   0   2   0   0   3   0   5  10   0   2   5  45   2   2   0   1   3  1.07 0.55
  271 D   -6 -6 -1  8 -8 -5  0 -6 -6 -7 -8 -5 -7 -8 -6 -3 -6 -8 -7 -7    0   0   3  90   0   0   4   0   0   0   0   0   0   0   0   1   0   0   0   0  2.70 1.02
  272 N   -3 -1  5 -3 -1 -2 -4  5  3 -3 -3 -4 -2 -1 -5 -2 -3 -5 -1 -5    1   3  27   0   2   2   0  43   6   2   3   0   1   2   0   2   1   0   3   0  0.96 0.51
  273 F   -4 -7 -7 -8 -3 -7 -7 -7 -1 -3 -3 -7 -5  9 -8 -7 -3  7  2 -3    2   0   0   0   1   0   0   0   2   1   1   0   0  73   0   0   2  14   4   1  2.49 0.92
  274 L   -3 -6 -6 -7  0 -5 -6 -7 -6  1  6 -6  0 -2 -6 -5 -2 -5 -4  3    2   0   0   0   2   0   0   0   0   5  69   0   1   1   0   0   2   0   0  18  1.33 0.59
  275 Y   -4 -2 -1 -3  1 -3 -5 -5  9 -6 -5 -5 -5 -3 -6 -3 -6 -4  7 -6    1   2   3   1   3   1   0   1  49   0   1   0   0   0   0   2   0   0  36   0  2.29 0.86
  276 V   -3 -6 -6 -6 -4 -5 -6 -6 -6  6  2 -5  0 -1 -6 -4 -3 -5 -4  4    1   0   0   0   0   0   0   0   0  46  18   0   1   3   0   1   1   0   0  29  1.25 0.52
  277 V   -1 -5 -4 -5  6 -5 -4 -5 -3  2 -2 -4 -3 -4 -5  1  2 -6 -4  5    5   0   0   0  20   0   0   0   1   8   2   0   0   0   0  10  11   0   0  40  0.96 0.48
  278 V   -1 -6 -6 -6 -1 -4 -6 -6 -6  4  2 -5  1 -3 -6 -5 -3 -6 -4  5    4   0   0   0   1   1   0   0   0  27  21   0   2   0   0   0   0   0   0  45  1.15 0.50
  279 I   -2  0 -3 -5  3 -3 -4 -4 -2  3  2 -3  1 -2 -4 -2 -1 -1 -1  4    1   6   1   0   7   1   0   1   1  20  17   1   3   1   0   3   2   1   2  33  0.53 0.29
  280 P   -1 -1 -1 -1 -4 -2 -3 -2 -1  0  0 -1  5 -3  5 -1 -1 -4 -4  0    3   3   3   3   0   1   0   3   2   4   8   4  20   0  33   3   3   0   0   6  0.63 0.29
  281 R   -2  5 -3 -2 -6  3  0 -4 -3 -5 -5  5 -4 -5 -4 -3 -1 -5 -4 -5    1  35   0   1   0  15   3   0   0   0   0  41   0   0   0   0   3   0   0   0  1.15 0.43
  282 V    2 -3 -2 -3 -2 -2 -2 -2 -3 -1 -2 -2 -2 -3 -2  3  4 -4 -3  3   15   0   0   0   0   0   0   0   0   0   0   0   0   0   0  28  31   0   0  26  0.50 0.23

                      K         Lambda
Standard Ungapped    0.1392     0.3211
Standard Gapped      0.0410     0.2670
PSI Ungapped         0.1155     0.3176
PSI Gapped           0.0354     0.2670
