
Last position-specific scoring matrix computed, weighted observed percentages rounded down, information per position, and relative weight of gapless real matches to pseudocounts
           A  R  N  D  C  Q  E  G  H  I  L  K  M  F  P  S  T  W  Y  V   A   R   N   D   C   Q   E   G   H   I   L   K   M   F   P   S   T   W   Y   V
    1 M   -1 -2 -3 -4 -2 -1 -3 -3 -2  1  3 -2  6  0 -3 -2 -1 -2 -1  1    0   0   0   0   0   0   0   0   0   0  42   0  58   0   0   0   0   0   0   0  0.47 0.06
    2 S    3 -1 -1 -1 -1 -1 -1  0 -2 -2 -2 -1 -2 -3 -1  4  1 -3 -2 -1   44   0   0   0   0   0   0   0   0   0   0   0   0   0   0  56   0   0   0   0  0.47 0.08
    3 D    0 -2  2  5 -3 -1  0  2 -1 -3 -4 -1 -3 -4 -2  1 -1 -4 -3 -3   11   0  10  54   0   0   0  14   0   0   0   0   0   0   0  11   0   0   0   0  0.58 0.09
    4 K   -1  1  1 -1 -4  4  2  2 -1 -4 -3  2 -2 -4 -2 -1 -1 -3 -2 -3    0   8   8   0   0  33  16  16   0   0   0  19   0   0   0   0   0   0   0   0  0.47 0.11
    5 D   -2 -1  0  4 -4  3  4  0 -1 -4 -4  0 -3 -4 -2 -1 -2 -4 -3 -4    0   0   0  38   0  17  38   8   0   0   0   0   0   0   0   0   0   0   0   0  0.74 0.15
    6 L   -2 -3  0  0 -2 -2 -3 -4 -3  2  4 -3  1  1 -3 -2  0 -2 -1  0    0   0   8   7   0   0   0   0   0  14  57   0   0   8   0   0   7   0   0   0  0.34 0.12
    7 A    2  0 -1 -2  2 -1 -1  0 -2 -2 -1  0 -1  0 -2  1  2 -3 -2 -1   20   6   0   0   6   0   0   7   0   0   7   7   0   6   0  14  26   0   0   0  0.18 0.08
    8 S    1 -1 -1  1 -2  0  3 -2  2 -3 -3 -1 -2 -3 -2  4  1 -4 -2 -2   12   0   0   6   0   0  24   0   6   0   0   0   0   0   0  45   6   0   0   0  0.47 0.16
    9 S    2 -1 -1 -1 -2 -1  0 -1 -2 -3 -3  1  1 -3  1  4  0 -4 -3 -2   25   0   0   0   0   0   6   0   0   0   0  12   6   0   5  47   0   0   0   0  0.43 0.17
   10 L    1 -1 -1  0 -2 -1  0  1  1 -1  1  0  0  0  1  0 -1 -2 -1  0   13   0   0   6   0   0   8  11   6   0  22   5   0   6   8   6   0   0   0   6  0.06 0.05
   11 M   -2 -2  3  2 -2 -1  1 -2 -2 -1  2 -1  3 -1 -2 -1  0 -3 -2 -1    1   1  19  11   0   0  11   1   0   1  31   1  15   0   1   1   6   0   0   1  0.24 0.12
   12 E   -1  3 -1 -1 -4  3  4 -3 -1 -3 -2  1 -2 -4  0  0 -2 -3 -3 -3    4  17   0   0   0  13  46   0   0   0   5   5   0   0   3   5   0   0   0   0  0.57 0.19
   13 L   -1  1 -2 -2 -2  1  1 -2 -2 -1  2  2  0  0  1 -1  0 -2 -2 -1    5   9   1   1   0  10   9   1   0   1  28  15   0   4   8   1   5   0   0   1  0.16 0.11
   14 N   -1  2  4  1  1 -1  0 -1 -1 -1 -3  1 -2 -3 -2  1  1 -3 -3 -1    1  15  25   8   3   0   4   4   0   4   1   8   0   0   0  10  11   0   0   4  0.27 0.15
   15 I    0 -2 -1  0 -2  1  0 -2 -2  1  1 -1  0 -1  2  0  1 -2  0  1    7   1   1   4   0   8   8   1   0  11  15   1   0   0   9   9   9   0   5  11  0.10 0.07
   16 K   -2  2  1  2 -3  4  1 -2 -1 -3 -2  2 -2 -3 -2  1 -1 -3  0 -3    1  10   7  11   0  29   8   1   0   0   5  12   0   0   0  11   0   0   4   1  0.40 0.19
   17 V    1 -2 -1 -1 -2 -2 -1 -2 -2  2  0 -2 -1  1  1  1  2 -3 -1  1   11   0   3   4   0   0   4   1   0  18   5   0   0   8   7  11  18   0   0   9  0.14 0.12
   18 G    0  0  2  1 -3  1  1  3 -2 -2 -2  0 -2 -3 -2  1 -1 -3 -3 -2    6   6  11   7   0   7   8  28   0   4   4   6   0   0   0   9   3   0   0   0  0.26 0.12
   19 T    0 -1  1  0 -3 -1 -1  3 -2 -1 -1  0 -2 -1  2  0  1 -3 -2 -1    5   3   6   3   0   3   4  29   0   4   6   5   0   3  10   5   9   0   0   3  0.21 0.11
   20 T    0 -2  0  3 -3  0  1 -1  0 -1 -2 -2 -2 -3 -2  3  2 -4 -3 -1    5   0   3  22   0   3   8   2   3   3   3   0   0   0   0  26  18   0   0   3  0.37 0.22
   21 D   -1 -1  1  3 -3  0  2 -1  1 -4 -3  1 -3 -4  0  2  0 -4 -3 -3    0   2   7  17   0   3  18   5   4   0   2   8   0   0   5  24   5   0   0   0  0.37 0.21
   22 I   -2  2  0  1 -4  3  3 -2  0 -2 -1  2 -1 -4 -1  1  0 -4 -3 -3    0  10   4   8   0  13  21   2   2   2   6  14   1   0   3  10   4   0   0   0  0.31 0.19
   23 P   -3 -2 -2  0 -4 -3 -2 -4  0 -3  1 -3 -3 -4  6  1  2 -5 -4 -2    0   2   2   5   0   0   2   0   2   0  17   0   0   0  44  10  14   0   0   3  0.90 0.39
   24 Q    0  0  0  0 -3  3  1  0  2 -3 -3 -1 -2 -2 -1  1  2 -4 -2 -1    7   6   4   6   0  17   6   7   7   0   1   0   0   2   2  13  19   0   0   3  0.26 0.21
   25 T    2 -1 -1 -1 -3 -1 -1  1 -3 -2 -1  0 -2 -1  4  1  0 -4 -2 -2   21   3   1   4   0   2   2  10   0   1   6   5   0   3  22  12   6   0   1   0  0.34 0.20
   26 I    1 -1  1 -1 -2 -1  0 -1  1  1  1 -1  1 -2 -2  1  0 -3 -2  1   17   4   8   2   0   0   5   3   4  10  12   2   6   0   1  11   6   0   0   9  0.08 0.11
   27 A    2  1  1 -2 -3  0  0  0  1 -3 -2  0  0 -3  0  2  0 -4 -3 -1   23  11   8   0   0   4   4   5   4   0   2   3   3   0   5  18   6   0   0   4  0.22 0.19
   28 E    0  1 -1  2 -4  2  3 -2  0 -3 -2  1 -3 -2  1  2  0 -4 -3 -2    8   6   0  13   0   8  22   1   3   0   3   7   0   2   6  16   3   0   0   2  0.32 0.22
   29 E   -1  1  0  1 -4  2  3 -1 -1 -2 -3  0 -2 -4  3  0 -1 -4 -4 -2    3   7   4   5   0   9  28   5   1   2   2   5   1   0  18   7   2   0   0   2  0.44 0.26
   30 Q   -1 -1 -1  2 -3  2  2 -1  0 -1 -1  0 -2 -4 -2  2  2 -4 -3 -1    3   2   0  10   0  13  18   4   2   5   6   4   0   0   1  17  13   0   0   2  0.26 0.22
   31 N   -1 -2  1  4 -4  0  3 -1  0 -2 -3 -1 -3 -4  1  2  0 -5 -4 -2    3   1   6  23   0   3  24   3   2   2   2   2   0   0   7  15   5   0   0   3  0.46 0.28
   32 Q   -1  0  1  2  0  3  1 -2 -2 -2 -2  0 -1 -4  0  2  0 -4 -3 -2    3   5   8  14   2  16   8   1   0   1   4   4   2   0   5  20   5   0   0   2  0.29 0.23
   33 V    1 -1  0 -1 -2  0  1 -1 -1  0  0  0  0 -1 -1  0  1 -3 -2  1   13   2   5   2   0   2  13   4   1   4   9   6   3   2   2   8   9   0   0  14  0.07 0.10
   34 T    0 -2  1  0 -3  0  1  1 -3 -2 -1  0 -3 -4 -1  3  3 -4 -3 -3    6   0   6   4   0   4   8  12   0   1   6   6   0   0   2  24  21   0   0   0  0.31 0.26
   35 D   -3 -1  4  4 -5 -1  1 -2  3 -3 -3 -1 -4 -3  2  0 -2 -5 -2 -3    0   2  20  31   0   2   6   2   9   1   2   3   0   1  10   7   1   0   1   1  0.62 0.35
   36 T    1 -2 -1  0 -3  0 -1  1 -3 -1 -1 -1 -1 -3  1  2  2 -4 -3  0   12   0   2   4   0   3   2  11   0   2   7   3   1   0   8  18  19   0   0   7  0.23 0.21
   37 K    1  0  0  0 -3  1  1  0 -2 -2 -2  0 -1 -4  3  2  1 -4 -3 -1   11   3   5   5   0   6   8   5   0   2   3   6   2   0  15  18   7   0   0   3  0.25 0.18
   38 E    0 -1  2  1 -1 -1  2  0 -1 -2 -2 -1 -3 -4  2  2  1 -4 -3 -2    6   3  13   6   1   1  14   5   1   2   4   2   0   0  12  18  10   0   0   3  0.28 0.22
   39 E    0 -1  1  1 -4  1  3 -1 -1 -3 -2  1 -1 -4  3  0  0 -4 -3 -2    7   2   8   6   0   8  23   3   1   1   5   7   1   0  14   8   4   0   0   2  0.32 0.22
   40 V    0  0  1  1 -3  1  2 -2 -1 -1 -2  0 -2 -3  1  1  2 -3  0  0   10   4   5   6   0   8  14   1   1   2   3   6   0   0   6   8  15   0   4   6  0.16 0.15
   41 L    0  0  0  0 -2 -1  0 -2 -2  1  1  0  1 -2  0  1  1 -3 -2  1    5   4   4   6   0   2   6   2   0  13  12   5   3   0   5  13   7   0   1  12  0.07 0.09
   42 D    0 -1  0  3 -4 -2  2 -1 -1 -4 -4 -1 -4 -5  4  2  1 -5 -4 -3    9   2   5  15   0   0  16   3   1   0   1   3   0   0  18  18   7   0   0   1  0.49 0.30
   43 D    0  0  2  4 -4  1  1  0  0 -4 -3 -1 -1 -4 -3  1  1 -5 -3 -4    9   6   9  31   0   5   9   7   2   0   1   2   2   0   1   8   7   0   1   0  0.45 0.28
   44 E   -1 -1  2  2 -4  0  2  0 -1 -1 -2 -2 -3 -4  0  2  0 -4 -3 -1    4   3  13  14   0   4  17   6   1   4   5   0   0   0   5  16   6   0   0   4  0.26 0.22
   45 T    1 -1  2  1 -3 -1  1 -2 -2 -2 -2  0 -3 -4  2  2  2 -4 -2 -1   10   2  11   8   0   1   8   2   0   1   3   5   0   0  11  21  12   0   1   4  0.29 0.23
   46 T    0 -2  0  1 -3  0  0 -1 -1  0 -1 -1 -1 -1  3  1  2 -4 -3  0    9   0   5   9   0   3   5   3   2   8   4   2   1   2  15  10  18   0   0   6  0.22 0.19
   47 I    0 -1 -2  0 -2  0  0 -2 -1  2  0 -1  1 -2  0  1  0 -3 -2  1    9   3   1   4   0   4   8   2   1  19   9   3   4   0   5  11   5   0   0  11  0.11 0.13
   48 K    0  0 -1  2 -4  1  2  0 -1 -3 -3  1 -3 -2  3  1  1 -4 -3 -2    8   5   2  10   0   5  18   6   1   1   2   8   0   2  13  10   7   0   0   2  0.29 0.21
   49 N   -1 -1  2  3 -4  2  3 -1  0 -3 -4 -1 -3 -4  0  1  2 -4 -4 -3    3   2   8  18   0  10  19   4   3   1   0   2   0   0   5  10  12   0   0   1  0.42 0.28
   50 D    0 -2  2  3 -4  2  2 -2  1 -2 -2 -1 -2 -4 -1  1  1 -4 -3 -3    6   1   9  20   0  10  13   2   3   3   4   2   0   0   3  12  11   0   0   1  0.32 0.24
   51 P    0 -2  0  1 -4 -1  1 -2 -1 -3 -2 -1 -1 -3  4  2  0 -4 -2 -1    7   1   5   8   0   2  10   3   1   1   3   2   2   1  26  15   7   0   1   5  0.43 0.26
   52 Q    0 -2  0  0 -3  1  0 -2  1 -1 -2 -1 -3 -4  5  0  1 -4 -3 -1   10   1   5   5   0   8   6   3   4   3   4   4   0   0  29   5   8   0   0   4  0.44 0.26
   53 K   -1  0  0  3 -4  1  3  1 -1 -3 -2  1 -3 -4  0  0  0 -4 -2 -2    2   4   5  17   0   6  19   9   1   1   3  10   0   0   5   7   5   0   1   3  0.28 0.20
   54 T    1 -1  0  0 -1  0  1  0 -1  0  0  0  0 -1  0  1  0 -3 -2  0   10   3   2   4   1   5  12   6   1   8  13   3   2   2   3  14   6   0   0   4  0.06 0.08
   55 K   -1 -1  1  1 -4 -1  1 -1 -1 -4 -4  3 -4 -5  5  1 -1 -5 -4 -4    3   3   5   7   0   2   8   3   1   0   1  18   0   0  30  12   3   0   0   0  0.66 0.35
   56 I    0 -2 -2 -2 -3 -1 -2 -2 -3  2  3 -2  2 -1  1 -1 -1 -3 -3  2    6   2   2   3   0   2   2   2   0  12  29   1   6   1   7   4   3   0   0  17  0.25 0.19
   57 T   -1 -2 -1 -1 -4  0  1 -3 -2 -4 -4 -2 -4 -5  4  2  4 -5 -3 -2    5   1   3   3   0   4  10   1   1   0   1   1   0   0  24  14  29   0   1   2  0.67 0.40
   58 L   -1 -3  0 -2 -1  0  1 -3 -3 -1  2 -2  6 -3 -2  0  1 -1 -3 -1    3   1   5   2   1   4   8   2   0   2  20   2  28   0   2   8   8   1   0   3  0.46 0.33
   59 N    2 -2  1 -1 -3 -1  1 -1 -3 -3 -3 -2 -3 -3  0  4  2  1 -4 -3   17   1   5   3   0   3   8   3   0   1   1   1   0   1   4  34  14   2   0   0  0.47 0.34
   60 Q    4 -3  0 -2 -3  2  0 -2  0 -3 -3 -1 -2 -3  0  1  3 -4 -4 -2   36   0   3   2   0  10   5   1   3   1   2   2   1   1   4  10  18   0   0   2  0.48 0.34
   61 S    0 -4 -1 -3 -4 -2 -1 -2 -3 -5 -4 -3 -4 -5 -1  6  1 -1 -4 -3    5   0   2   0   0   1   3   2   1   0   2   1   0   0   2  68   7   1   0   2  1.18 0.61
   62 M    0 -1 -1  0 -2  0 -1 -1 -1  1  0 -1  1 -1  1  0  1 -3 -2  2   10   3   2   5   1   5   4   4   1   9   8   4   4   2   8   5  10   0   0  19  0.08 0.10
   63 M    0 -1  0 -2 -1 -1  0 -2  0  2  0 -1  3 -1  0  0  0 -3 -1  2    5   2   4   2   1   2   5   1   2  18   9   3   9   1   4   9   5   0   2  15  0.11 0.12
   64 L   -2 -3 -3 -1 -3 -1  1 -3 -3  1  4 -2  0 -1 -4 -2  0 -3 -3  0    3   1   0   3   0   3  11   2   0   6  52   2   1   2   1   2   7   0   0   4  0.53 0.32
   65 S    0 -2  0  2 -3 -1  1 -2  1 -3 -3  0 -1 -4  0  2  4 -4 -1 -2    8   1   3  11   0   1   7   3   3   1   2   5   1   0   5  15  31   0   2   1  0.39 0.28
   66 K    0  1  2  1 -3  2  0  0  2 -2 -3  1 -2 -3 -1  1  0  0 -2 -2    9   7  10   9   0  12   4   7   5   2   1  10   0   1   2  12   7   1   0   1  0.21 0.16
   67 L    0 -2 -1 -3 -1 -1 -1 -2 -3  1  4 -2  0 -1 -1 -2  0 -3 -2  0    7   1   3   1   1   3   4   3   0   6  47   2   2   2   3   3   5   0   0   6  0.36 0.23
   68 P   -2 -4 -1  0 -4 -1 -2 -3 -2 -4 -3 -1 -4 -3  7  0 -1 -5 -4 -4    2   1   3   4   0   2   3   1   1   1   2   3   0   1  62   8   3   0   0   1  1.52 0.58
   69 A    0  2 -1  0 -2  1  1 -1  0 -2 -1  0 -2 -2  2  1  0 -3 -3 -1    8  14   2   6   1   5   9   3   2   2   7   6   0   1  12  12   5   0   0   5  0.17 0.14
   70 K   -1 -1  1  4 -4 -1  1 -1  0 -3 -3  1 -2 -3  2  1 -1 -5 -4 -3    4   3   7  29   0   1  10   4   2   1   2  10   1   1  10   9   4   0   0   2  0.44 0.27
   71 T    3 -2 -3 -1 -2  0 -1 -1 -4 -1 -3 -2 -3 -4  2  1  3 -5 -4 -1   31   2   0   2   1   5   4   3   0   3   2   1   0   0  11   9  21   0   0   4  0.45 0.32
   72 T    0 -1  0 -1 -3  0 -1 -1  3 -1 -1  0 -2 -2  0  2  3 -4 -1 -1    8   3   5   3   0   5   1   3   7   3   7   4   1   1   4  15  24   0   2   3  0.23 0.21
   73 S    1  1  0  0 -1  1  0 -1  0 -2 -2  1 -1 -3  1  1  1 -1 -3 -1   16   7   3   5   1   7   5   2   3   1   4   8   1   1   8  12  11   1   0   4  0.16 0.14
   74 A    4 -1 -1 -3 -3  0 -2 -1 -2 -1 -1 -1 -1 -3  0  1 -1 -4 -3  0   45   4   2   1   0   4   2   2   1   3   5   4   1   1   3  12   3   0   0   7  0.42 0.29
   75 V    0 -1 -3 -2 -3  0  0 -3 -2  0  4 -1  1 -2  0 -1 -1  0 -3  0    6   4   1   2   0   5   5   2   1   4  43   3   3   1   5   5   3   1   0   7  0.28 0.21
   76 L    2  0  0  1 -3  1  2 -2  1 -1 -2 -1 -2 -3 -1  1 -1 -4 -3 -1   21   6   4   9   0   5  18   2   4   3   4   3   1   1   2  10   2   0   0   5  0.22 0.18
   77 S    0 -1  1  1 -2  2  0 -1  2 -2 -2  1 -2 -4  0  2  2 -4 -3 -2    8   3   6   7   1   9   5   4   5   1   4   9   0   0   4  20  13   0   0   2  0.22 0.18
   78 V    2 -2 -2 -2 -2 -1 -1 -1 -1  0  0 -1 -2 -1  2  1  0 -1  2  1   24   1   1   1   0   2   4   3   1   5   8   4   0   1  10  10   4   1   9   9  0.16 0.16
   79 S    1 -1  0 -1 -3  1  1  2 -2 -2 -2  1 -2 -2  0  2  1 -4 -2 -2   12   3   3   2   0   5  10  17   1   2   2  12   0   2   4  16   7   0   1   2  0.22 0.16
   80 K    0  1  0  0 -3  1  1  0 -1 -2 -1  2 -1 -3  1  1  0 -4 -3 -2    9   7   4   6   0   5  10   7   1   1   8  19   1   0   7   9   4   0   0   3  0.17 0.13
   81 P    0  0  0  1 -2  0  0 -1 -2 -1 -1  1 -1  1  3  0  0 -3 -1 -1    8   5   3   7   0   4   7   5   0   5   7  12   1   8  15   4   5   0   1   3  0.13 0.10
   82 T    0 -1  0  4 -3 -1  1 -1 -1 -2 -3  0 -2 -3  2  1  0 -4 -2 -2   10   4   4  24   0   1   8   4   1   2   1   5   1   1  12  11   7   0   1   2  0.33 0.20
   83 E    1 -1  1  1 -3  2  0 -1  0 -2 -2  1 -2 -4  3  0  1 -4 -3 -1   12   1   9  10   0  10   6   3   2   2   2  11   0   0  13   7   8   0   0   5  0.24 0.16
   84 S    0  0  0  2 -1  1  1  0  1 -1 -2  0 -2 -1  0  1  0 -3 -2 -1    5   4   4  13   1   8  12   8   4   2   1   7   0   3   4  11   7   0   0   6  0.14 0.11
   85 K   -3  1 -1 -3 -6 -1 -1 -3 -3 -5 -5  7 -4 -6 -2 -2 -2 -5 -4 -5    1   6   2   0   0   1   1   1   0   0   0  84   0   0   1   1   1   0   0   0  1.65 0.63
   86 I   -2 -4 -4 -5 -1 -4 -4 -2 -5  4 -1 -4 -1 -2 -4 -4 -1 -4 -2  6    1   0   0   0   1   0   0   3   0  27   2   0   0   1   0   0   3   0   1  58  1.04 0.43
   87 Q   -1  0  0  1 -1  0  1 -2  1  1 -1  0  0 -3 -2 -1  2 -3 -2  2    3   5   3  10   1   5   9   1   4   9   3   5   3   0   1   2  20   0   0  17  0.15 0.15
   88 I   -3 -4 -5 -5 -3 -4 -4 -5 -5  5  1 -4  0 -1 -4 -4 -1 -4 -3  5    0   0   0   0   0   0   0   0   0  36  12   0   1   1   0   0   3   0   0  44  0.96 0.38
   89 R   -2  4 -1 -2  0  0 -2 -3  4 -1  1  1 -1 -1 -3 -1 -1 -1 -1 -1    2  29   2   1   2   4   0   0  15   2  20   6   1   2   0   4   3   1   2   3  0.39 0.25
   90 F   -3 -4 -5 -5  0 -4 -4 -5 -4 -1  4 -4  1  7 -5 -4 -3  1 -1 -1    2   0   0   0   2   0   0   1   0   0  37   0   2  48   0   0   0   1   0   3  1.14 0.44
   91 K   -2  3  0 -2 -2  3  0 -3 -1 -1 -3  4  0 -4 -3 -1 -1 -4 -3 -2    1  19   4   1   1  15   4   0   1   3   1  38   3   0   0   4   2   0   1   3  0.62 0.33
   92 S    3 -3  1 -3 -3 -1 -2  0  0 -4 -4 -2 -3 -4  5  0  0 -4 -4 -3   34   0   6   0   0   1   1   5   2   0   0   0   0   0  36   7   5   0   0   0  0.86 0.36
   93 I    0 -3 -3 -4 -2 -3 -3 -2 -4  4  1 -1  0 -2 -3 -2  1 -4 -3  4    5   0   0   0   0   0   0   3   0  29   9   4   2   0   0   0  12   0   0  33  0.50 0.27
   94 G    1 -2  0 -3 -4 -3 -4  6 -4 -5 -3 -3 -4 -5  1  0 -2 -4 -4 -4    9   2   3   0   0   0   0  65   0   0   4   0   0   0   8   6   2   0   0   0  1.10 0.42
   95 S    0 -1  3  3 -3 -2 -2  2 -3 -4 -4 -2 -1 -4 -3  4  0 -4 -4 -3    5   3  13  16   0   0   0  17   0   0   1   0   2   0   0  36   6   0   0   0  0.57 0.33
   96 V    5 -3 -3 -2  1 -3 -3 -2 -3  0 -2 -3  2 -3 -3 -1  2 -4 -3  1   52   0   0   2   3   0   0   0   0   6   3   0   5   0   0   2  15   0   0   8  0.62 0.37
   97 D   -1  0 -1 -1 -5 -1 -3 -2 -4 -5 -3 -1 -4 -5  7 -2 -1 -5 -5 -5    4   6   3   4   0   2   0   3   0   0   3   4   0   0  64   3   3   0   0   0  1.57 0.64
   98 Q    0  0 -1 -2  0  2 -1 -2  0  3  0 -1  0 -3  1  1  0 -4 -3  0    9   4   2   0   2  14   2   2   2  21   6   3   2   0   7  11   7   0   0   6  0.17 0.19
   99 V   -1 -4 -4 -4  1 -3 -4 -4 -4  2  4 -1  5 -2  0 -3  0 -4 -3  1    6   0   0   0   4   0   0   0   0  12  38   4  18   0   5   0   5   0   0   6  0.62 0.36
  100 S    0  2  0 -1 -4  0 -1 -2  0 -2 -2  5  0 -4 -1  0 -1 -4 -3 -2    6   9   4   2   0   3   3   3   2   2   3  44   3   0   3   5   4   0   0   2  0.52 0.34
  101 P    0  0  0  0 -3  1  0  0  1  0 -1  0 -1  0  1  0  0  3 -1  0    6   6   6   6   0   6   6   6   6   6   6   6   0   6   6   6   6   6   0   6  0.06 0.09
  102 A   -1  1  3 -1 -1  1  0 -2 -3 -2 -3  3  1 -4  1  1  0 -5 -4 -1    4   8  14   3   2   5   4   3   0   2   2  24   4   0   7   9   6   0   0   4  0.34 0.29
  103 V   -1  1 -1 -1  0 -1 -1 -2  0  0 -1  4  0 -1 -4 -1  0 -4 -1  2    3   6   3   3   2   2   2   2   2   4   6  30   3   3   0   3   5   0   2  19  0.32 0.29
  104 F   -1  0 -5 -6  3 -5 -5 -6  2  0 -1 -5  2  5 -6 -1 -5  8  2  0    5   5   0   0   5   0   0   0   4   5   6   0   4  25   0   4   0  20   7   7  1.10 0.52
  105 K   -1  0  0  0  2  0  0 -1  2  0 -1  0  1  0 -3  0  0  3  1  0    5   5   5   5   5   5   5   5   5   5   5   5   5   5   0   5   5   5   5   5  0.06 0.10
  106 I   -1 -2 -1 -4  1 -4 -4 -2 -4  4  0 -4  1  0 -4 -3 -1 -4  0  4    5   3   3   0   3   0   0   3   0  26   7   0   4   4   0   0   3   0   3  33  0.57 0.36
  107 S    1 -1  0  2  0 -1  0 -1  0 -2 -1  0 -2 -3  1  2  1 -4 -3 -2   10   2   4  12   2   2   7   4   2   2   6   5   0   0   8  19  11   0   0   2  0.19 0.19
  108 K    2  1 -1 -1 -3  0 -1  2  0 -3 -2  0 -1 -1  0  1  0  1 -1 -1   21  10   2   3   0   5   3  16   2   0   3   3   2   2   4  13   4   2   2   3  0.19 0.19
  109 S   -1 -1  2  2 -4 -1  0 -1  0 -4 -3 -1  0 -1 -2  3  3 -4 -1 -3    5   3  10  14   0   2   4   4   2   0   2   2   3   3   1  22  19   0   2   1  0.38 0.33
  110 S   -1  1  2  1  0  2  0 -2  2 -1 -2  1  0 -1 -3  1  0  2  1 -2    4   7   9   7   3  10   4   3   5   3   4  10   3   3   0   9   5   3   6   3  0.15 0.16
  111 K    0  1  1  1  2  1  0  0  2 -2 -1  0 -2 -2  1  0  0 -2  1 -2    7   7   7   7   6   7   7   7   6   0   7   7   0   0   7   7   7   0   6   0  0.11 0.12
  112 F   -3 -4 -4 -4  3 -4 -4 -4 -3  3  1 -4  2  5 -4 -3 -3  4  2  1    1   0   0   0   6   0   1   1   0  17  10   0   6  32   0   1   0   6   6  12  0.72 0.30
  113 S    2 -1 -1 -1  0  2  1  1  1 -2 -2 -1  2 -1 -1  2 -1 -4 -1 -2   21   2   2   3   2  10   9  10   3   2   3   2   5   2   2  14   2   0   2   3  0.19 0.20
  114 S    0 -1 -1  0 -4  0  1 -1  0 -1 -2  2  2 -1 -3  0  1  6 -1  0    7   3   3   4   0   3   8   4   2   2   2  12   7   3   0   6   9  13   2   9  0.28 0.22
  115 I   -1 -4 -5 -5 -4 -4 -5 -5 -5  4  2 -1  2  0 -5 -4 -1 -5 -4  4    5   0   0   0   0   0   0   0   0  24  17   4   4   5   0   0   4   0   0  34  0.80 0.41
  116 L    0 -2 -1 -3  0  0 -2 -3  1  4  0  0  0 -1 -2 -1  0 -4 -1  2    7   2   3   0   2   4   2   2   3  25   6   5   2   2   2   5   6   0   2  17  0.24 0.20
  117 R    0  2  0  1 -4  2  1 -1 -1 -2 -2  2 -1 -2 -3  0  0 -4 -2 -1    6  12   5   9   0  10  10   4   1   2   5  17   1   1   0   6   4   0   1   5  0.23 0.19
  118 F   -3 -2 -2 -5 -5 -2 -5 -3  1 -2 -1 -1  0  7 -5 -2 -2  4  1 -2    3   3   2   0   0   2   0   2   3   2   6   5   2  53   0   3   2   5   4   2  1.24 0.56
  119 L   -4 -5 -5 -6  2 -5 -5 -6 -5  3  5 -1  3  1 -5 -5 -4  3 -4  0    1   0   0   0   5   0   0   0   0  15  51   4   6   5   0   0   0   3   0   6  1.01 0.49
  120 E   -3  5 -1 -2  1 -1 -1 -2  0 -1 -3  4 -1 -2 -2 -1 -2 -5 -4 -3    2  35   2   2   3   3   3   3   2   5   2  26   2   2   2   4   2   0   0   2  0.74 0.43
  121 L   -1  2 -1 -1  1  0 -1 -2 -1 -1  0  4 -1 -4 -2  0 -1  2 -1 -2    3   8   3   3   3   4   3   3   1   3  11  34   2   0   2   6   4   3   2   2  0.36 0.28
  122 K    0  1 -1  0 -4  3  2 -3 -1 -1 -1  3  1 -1 -1 -1 -2 -3  2 -2   10   7   2   4   0  13  12   0   1   3   6  19   4   2   3   3   1   0   8   2  0.25 0.24
  123 L   -1 -2 -4 -2 -1 -2 -3 -2 -4  1  4  0  0  0  1 -2 -2 -4 -3  0    6   2   0   2   1   1   1   3   0   6  48   7   1   3   7   2   2   0   0   5  0.45 0.33
  124 G    0  1  1  1 -2  1  0  0  2 -2 -1  0  1 -2 -2  0  0 -2  1  0    7   7   7   7   0   7   7   7   6   0   7   7   6   0   0   7   7   0   6   7  0.07 0.11
  125 K   -1 -1 -1  2  3  1  3 -1  1 -1 -1  1 -1 -1 -1 -1 -1  2  0 -2    3   3   2  14   7   6  20   3   4   3   4   7   2   2   2   4   4   3   3   2  0.20 0.20
  126 K    0  1  1  1 -2  1  1  0  2 -2 -1  1 -1 -3  1  0  0 -3 -2 -1    7   7   7   7   0   7   7   7   7   0   7   7   0   0   7   7   7   0   0   7  0.11 0.09
  127 V   -1 -3 -3 -1 -2 -2  0 -3 -2  1  3 -2  2  1 -3 -1 -2 -2  1  2    5   0   0   5   0   0   6   1   0   7  35   1   5   5   0   5   1   0   4  15  0.21 0.19
  128 Y   -2  0  0 -3 -3  0 -2 -3  3  0  0 -2 -1  5 -3 -2 -2  3  3  0    1   5   5   0   0   5   1   1   9   5   6   1   0  37   0   1   1   5  10   8  0.41 0.20
  129 C    0 -2 -2 -3  4 -2 -2 -1 -3  1  2 -2  1  1 -2  0  0 -2 -1  1    6   0   0   0  16   0   1   5   0   7  30   1   5   6   0   6   7   0   0   9  0.21 0.13
  130 Y   -3 -3 -3 -4 -3 -3 -3 -4  0  1  0 -3 -1  3 -3 -3 -2  0  7 -1    1   1   1   1   0   0   1   1   0   9   8   1   0  12   1   1   1   0  62   1  1.06 0.29
  131 L   -1  1 -2 -2  3 -1 -2  1 -2  1  1 -1  2 -1 -2 -1  1 -2 -2  1    1  12   0   1  11   0   1  12   0  12  12   1  11   0   1   1  12   0   0  12  0.11 0.08
  132 N   -1  0  5  1 -3  0  0  0  1 -3 -1  0 -2  0 -3  1 -1 -3 -2 -3    3   4  36   6   0   4   4   7   4   0   7   5   0   5   0   8   3   0   0   1  0.34 0.25
  133 N   -1  0  2  0 -3  3  0 -1  1 -3 -1  0  0  0 -2  2  0  1 -2 -2    4   3  13   4   0  16   5   3   5   0   7   4   2   5   0  23   4   2   0   1  0.23 0.20
  134 S    2 -2 -1  0  3 -1 -1 -2 -2 -1  0 -1 -1  2 -2  2  1 -3 -1 -1   24   1   2   4   7   1   2   1   0   2   9   2   0  10   1  23   6   0   1   4  0.22 0.17
  135 V   -3 -4 -4 -4 -4  0 -4 -4 -3  0  0 -4 -2  7 -4 -2 -3 -2  1  0    1   0   0   0   0   5   1   1   0   5   9   1   0  65   0   3   1   0   2   6  1.26 0.43
  136 S    3 -2 -2  0  3  0 -1 -2 -1  0 -2 -1  0  0 -2  2  0 -3 -2 -1   33   0   0   6   7   5   2   1   1   7   2   3   2   4   0  20   2   0   0   3  0.26 0.20
  137 P   -3  1 -4 -4 -5 -3 -3 -4 -4 -4 -2 -3 -4 -5  8 -3 -3 -5 -5 -4    1   9   0   0   0   0   0   1   0   0   5   0   0   0  80   1   0   0   0   0  2.21 0.62
  138 N    2  0  1 -1  0 -1 -1  0 -1 -2 -2 -1 -1 -3  1  3  1 -4 -3 -2   18   5   7   2   2   2   2   4   1   2   2   1   1   0   7  34   7   0   0   1  0.32 0.23
  139 P   -2  1 -1 -2 -4 -2 -3 -2 -3 -2  1 -3  1 -3  6 -2 -2 -4 -1 -3    2   9   4   2   0   1   0   2   0   1  18   0   3   1  49   2   2   0   3   0  1.01 0.41
  140 D   -2 -1  0  7 -5 -1  0 -2 -1 -4 -5 -3 -2 -5 -3 -2 -2 -5 -4 -3    2   4   2  73   0   2   5   2   1   0   1   0   1   0   0   2   2   0   0   2  1.42 0.51
  141 E   -1 -1 -1  3  0  4  4 -3  0 -3 -2 -1 -2 -3 -3  0  0 -4  0 -2    3   1   1  15   2  19  32   1   2   0   4   0   1   0   0   6   5   0   4   2  0.55 0.31
  142 E   -1  0  0 -1  0  1  1 -1 -2  0  0  0 -1 -1 -1  1  2 -3 -1 -1    1   7   4   3   2   6  10   5   0   5  12   3   1   3   2  10  20   0   1   4  0.09 0.11
  143 L   -2 -4 -4 -4  0 -3 -4 -4 -4  4  2 -4  1  0 -4 -3 -2 -3 -2  4    2   1   0   1   2   0   1   1   0  27  18   1   3   4   1   1   1   0   0  39  0.70 0.31
  144 E    1 -1 -1  0 -3 -1  0  4 -1 -1 -3  0 -3 -2 -3  1 -2 -2 -1 -2   11   3   1   4   0   3   5  43   1   5   2   6   0   1   1   9   1   1   2   1  0.48 0.25
  145 N   -1 -2  4  4 -2  0  1  0  0 -3 -3 -2 -2 -4 -2  0  0 -4 -3 -2    4   1  27  26   1   3   6   7   1   1   2   1   1   0   1   5   7   0   1   4  0.51 0.27
  146 L   -3 -4 -5 -5 -3 -4 -4 -5 -5  0  6 -4  0 -1 -4 -2 -3 -4 -3  0    2   0   0   0   0   0   0   1   0   3  78   0   1   2   0   4   0   0   0   6  1.20 0.49
  147 Y    0 -2 -2 -3  3 -2 -3 -4  2 -2 -2 -3 -3  5 -4 -2 -2  5  6 -2    8   2   2   2   6   1   1   1   5   2   1   1   0  23   0   2   2   7  33   2  0.91 0.39
  148 N   -1  3  1  4 -4  1  2 -2 -1 -3 -3  2 -2 -4 -3 -1 -2 -4 -3 -3    4  19   8  23   0   5  14   2   1   2   2  14   1   0   0   3   2   0   0   1  0.48 0.26
  149 I    0 -4  2 -4  9 -1 -3 -4 -1 -3 -2 -5  0 -3 -4  0 -3 -5 -4 -3    9   0  11   1  55   3   2   1   1   1   4   0   3   1   0   6   0   0   0   1  1.64 0.63
  150 F   -5 -5 -5 -3 -3 -6 -6 -3 -1 -4 -2 -6 -3  8 -4 -3 -4 -2  5 -4    0   0   0   2   1   0   0   2   1   0   2   0   0  71   1   2   1   0  16   0  2.01 0.71
  151 R    1  0  0 -1 -1  1 -2  4  0 -5 -5  2 -4 -5 -3  0 -1 -5 -4 -4   13   4   5   3   1   5   1  39   2   0   0  16   0   0   1   7   2   0   0   0  0.58 0.31
  152 V    0 -2  0 -1 -1 -2 -2 -2 -3  1 -2 -1 -1 -2 -2  3  3 -4 -3  2    8   2   4   3   1   1   1   2   0   8   2   3   1   2   1  24  23   0   0  15  0.31 0.27
  153 G   -2 -1  3  5 -5 -1  1  3 -1 -5 -4 -1 -4 -1 -4  0 -2 -5 -4 -4    1   3  17  33   0   1   7  22   1   0   1   4   0   3   0   5   1   0   0   1  0.71 0.37
  154 D   -2 -1  3  3 -5  0  0  5 -2 -6 -6 -1 -5 -5 -3 -2 -3 -5 -5 -5    1   3  15  21   0   4   6  44   1   0   0   3   0   0   1   2   1   0   0   0  0.90 0.42
  155 E   -2  1 -1 -1 -1  2  3 -3  3 -2 -2  4  0 -3 -2 -1 -1 -4 -1 -1    0   5   2   1   1  10  19   1   8   2   3  29   3   1   2   5   3   0   1   5  0.41 0.29
  156 L   -5 -6 -7 -7 -5 -6 -6 -7 -6 -1  6 -6 -1 -3 -3 -6 -5 -5 -5 -1    0   0   0   0   0   0   0   0   0   2  95   0   0   0   1   0   0   0   0   2  1.91 0.73
  157 I   -3 -3  0 -4 -3 -3 -3 -5  0  4 -1 -2  0 -3 -2 -3 -1 -3 -2  5    0   1   4   0   0   1   2   0   2  30   3   2   1   0   2   1   4   0   1  43  0.77 0.41
  158 V   -3 -5 -6 -6 -4 -5 -5 -6 -6  3  3 -5  1  1 -5 -5 -3 -5 -2  5    0   0   0   0   0   0   0   0   0  14  31   0   3   5   0   0   0   0   1  46  1.10 0.48
  159 S   -1 -2  4 -2 -2  1 -3 -2  6 -5 -4 -2 -4 -1 -4  2  0 -4  2 -4    4   1  23   1   1   7   0   3  23   0   1   1   0   2   0  20   5   0   9   0  0.78 0.42
  160 Y   -6 -6 -6 -7 -7  0 -6 -7 -2 -6 -5 -6 -5  0 -7 -6 -6 -2 10 -5    0   0   0   0   0   4   0   0   0   0   0   0   0   1   0   0   0   0  94   0  3.22 1.01
  161 C    2 -4 -4 -5  8 -4 -4 -2 -5 -5 -5 -4 -5 -6 -5  5 -2 -6 -5 -4   16   1   0   0  37   0   0   2   0   0   0   0   0   0   0  44   1   0   0   0  1.62 0.64
  162 N   -1 -1  1 -3  0 -2 -1 -2 -2  0  2  2  3 -1 -2 -1  2 -3  0  0    2   2   7   0   3   0   3   2   1   5  20  17   9   2   1   1  15   0   3   6  0.17 0.18
  163 I   -1 -3  0 -2 -4  1 -2 -2 -3 -1 -4 -2 -1 -5 -4  2  6 -2 -4  0    4   0   4   1   0   6   2   2   0   3   0   1   1   0   0  18  50   0   0   6  0.81 0.45
  164 V   -1 -3 -3 -3 -3  4  1 -3  1 -2 -2 -2  1 -5  5 -2 -3 -5 -2  2    5   0   1   0   0  22  10   1   4   2   2   0   4   0  30   1   0   0   1  15  0.76 0.41
  165 A    7 -5 -5 -5 -2 -4 -4 -3 -5 -5 -5 -4 -3 -6 -3 -2 -2 -6 -5 -2   93   0   0   0   1   0   0   0   0   0   0   0   1   0   1   1   1   0   0   3  1.90 0.72
  166 F   -6 -7 -7 -8 -6 -6 -7 -7 -5 -5 -5 -7 -5  6 -8 -7 -6 11  3 -6    0   0   0   0   0   0   0   0   0   0   0   0   0  33   0   0   0  58   8   0  3.24 0.88
  167 G   -3 -6 -4 -5 -6 -5 -6  7 -6 -7 -7 -5 -6 -7 -6 -4 -5 -6 -7 -7    0   0   0   0   0   0   0 100   0   0   0   0   0   0   0   0   0   0   0   0  2.54 0.71

                      K         Lambda
Standard Ungapped    0.1281     0.3111
Standard Gapped      0.0410     0.2670
PSI Ungapped         0.1298     0.3171
PSI Gapped           0.0397     0.2670
