
Last position-specific scoring matrix computed, weighted observed percentages rounded down, information per position, and relative weight of gapless real matches to pseudocounts
           A  R  N  D  C  Q  E  G  H  I  L  K  M  F  P  S  T  W  Y  V   A   R   N   D   C   Q   E   G   H   I   L   K   M   F   P   S   T   W   Y   V
    1 M   -3 -3 -4 -5 -3 -3 -4 -5 -4  3  3 -3  7 -1 -4 -3 -2 -3 -3  0    0   0   0   0   0   0   0   0   0  14  36   0  47   0   0   0   0   0   0   3  0.99 0.31
    2 D   -1  0  2  3 -4  2  4 -2  1 -4 -4  0 -3 -4 -2  1 -2 -4 -3 -4    5   4  13  22   0   8  32   0   4   0   0   4   0   0   0   8   0   0   0   0  0.57 0.20
    3 S    1  0 -1  1 -4  4  2 -2  1 -3 -3  2 -2 -3 -3  0 -1 -3  1 -2   13   1   0   6   0  29  14   2   3   0   0  15   0   0   0   7   2   0   6   2  0.42 0.23
    4 L   -2  2 -2  0 -4  2  4 -4 -2 -1  1  2  1 -3 -3 -2  0 -4 -3 -1    0  12   0   2   0   7  32   0   0   2  18  11   4   0   0   0   8   0   0   4  0.37 0.23
    5 F   -3  0 -5 -5 -3 -4 -4 -5 -4  1  5 -4  0  0 -5 -2 -3 -3  1  2    0   6   0   0   0   0   0   0   0   5  67   0   0   3   0   2   0   0   5  12  0.84 0.38
    6 V    1 -1 -3 -3 -3  2 -1 -3  0  3  2 -1  1  0 -3 -1  0 -3 -2  1   13   2   0   0   0  11   4   0   2  24  18   1   3   5   0   3   6   0   0   7  0.20 0.18
    7 E   -1  1  1 -1 -5  0  6 -1 -3 -5 -5  2 -4 -6 -1 -2 -2 -5 -4 -5    4   6   7   1   0   1  58   5   0   0   0  14   0   0   3   1   1   0   0   0  0.95 0.45
    8 R    1  2 -1  0 -3  2  2 -2  1 -2  1  1 -2 -2 -3 -1 -2 -4 -3 -2   14  14   3   3   0   9  19   1   4   0  21   6   0   1   0   2   1   0   0   0  0.25 0.22
    9 L   -3 -3 -5 -5 -4  3 -4 -3 -1  0  5 -4 -1 -3 -5 -4 -1 -4 -4 -1    1   1   0   0   0  14   0   2   1   3  74   0   0   0   0   0   3   0   0   2  1.07 0.52
   10 A    1  3  1 -1 -3  1  2 -1 -2 -2 -3 -1 -3 -4 -3  1  2 -4 -3  0   15  19   6   1   0   6  13   4   0   1   1   1   0   0   0   9  18   0   0   6  0.32 0.26
   11 Q    0 -1 -1  3 -5  2  5 -2  0 -5 -3  0 -4 -5 -3  0  0 -5 -4 -3    8   2   2  14   0  10  45   2   2   0   2   4   0   0   0   6   5   0   0   1  0.72 0.39
   12 R    0  5  0 -4 -1  1 -2 -4 -3 -3  2  1  1 -2 -4 -2 -2 -4 -2 -2    8  37   6   0   1   7   0   0   0   0  20   8   4   1   0   2   2   0   1   2  0.51 0.34
   13 D    0 -2  0  3 -4  1  1  0  4 -2 -2 -1 -3 -3 -3  0  1 -3  2 -3    7   1   2  22   0   7  11   7  11   2   5   1   0   0   0   5  10   0   8   0  0.32 0.24
   14 E    0  4 -2  0 -4  0  3 -3 -1 -2 -2  2 -3 -4 -3  1  0 -5 -4 -2    6  25   0   6   0   2  20   0   1   2   4  14   0   0   0   9   6   0   0   3  0.44 0.29
   15 V    0  0 -1 -2 -3  0 -1 -2 -3  2  3  0  1 -2 -3  0 -1 -4 -3  0    9   6   3   1   0   3   2   1   0  12  35   7   3   0   0   6   4   0   0   5  0.22 0.20
   16 E   -3  1 -1  0 -5  4  4 -4  4 -3 -5  2 -4 -5 -4  0 -2 -5 -1 -5    0   8   3   3   0  22  33   0  10   1   0  10   0   0   0   5   2   0   2   0  0.81 0.45
   17 G    0  2 -1 -3 -1  2 -1  3 -1 -4 -4  3 -3 -5 -3  2  0 -5 -4 -4    6  10   2   0   1  12   1  21   2   1   0  20   0   0   0  19   5   0   0   0  0.49 0.34
   18 R   -2  4  2 -1 -5  3  2 -3  1 -4 -1  2 -3 -4 -4 -1 -2 -4 -2 -3    3  24  12   2   0  16  13   1   3   0   6  14   0   0   0   2   2   0   1   2  0.53 0.34
   19 F   -2  0  3 -1 -4 -2 -2 -4  2  0  2 -1 -1  3 -4 -3 -2 -1  2  0    2   5  19   2   0   1   2   0   5   5  27   4   1  12   0   0   1   1   7   6  0.33 0.27
   20 C    2 -1 -1 -1  1  2 -1  1 -2 -1 -1  0 -2 -2 -3  2  0 -4 -2 -2   22   3   2   3   4  10   2  10   1   3   6   6   0   1   0  19   5   0   1   1  0.20 0.21
   21 E   -1 -1 -2 -1 -5  5  5 -4 -3 -3 -4  0 -4 -5 -4  0 -2 -5 -2 -2    5   3   1   3   0  28  41   1   0   2   1   4   0   0   0   6   2   0   1   3  0.90 0.51
   22 L   -1  3 -1 -4 -1  2 -2 -4 -1  0  4 -1  0 -3 -4 -2  0 -4 -2 -2    4  15   4   0   1   9   1   1   1   3  47   3   2   0   0   1   5   0   1   1  0.48 0.34
   23 F    1 -2 -1 -3 -1 -1 -1 -3 -2  1  2 -2  1  3 -3  0 -1 -2  1  0   12   1   3   1   1   3   3   1   1   7  26   2   3  18   0   8   2   0   4   5  0.22 0.19
   24 K   -1  0  0  1 -4  3  2 -2  0  0  0  0 -2 -3 -1  0  1 -4 -3  0    4   5   3   6   0  18  18   2   2   5  10   4   0   0   2   5   8   0   0   6  0.21 0.21
   25 E    1  0  0  3 -4  2  4 -3 -2 -4 -1  0 -2 -4 -3  1  0 -5 -2 -2   12   4   3  16   0   9  27   0   1   0   5   5   1   0   0  10   5   0   1   2  0.42 0.31
   26 V    0 -1 -1 -3 -3  1 -1 -4 -3  1  3 -2  2 -2 -1 -2  0 -4 -2  2   10   2   4   1   0   7   3   0   0   7  32   2   7   0   3   1   5   0   1  14  0.27 0.24
   27 Q    0  0  3 -1 -3  1  0 -3 -2  1 -1  0 -2 -3 -1  2  2 -4 -3  0    8   4  15   3   0   8   6   0   0   9   4   6   0   0   2  16  12   0   0   7  0.21 0.21
   28 I    0  0  1  1 -3  1  3 -2 -2 -1 -1  0 -2 -4 -2  0  1 -4 -3 -1    9   4   6   9   0   4  25   2   0   5   7   4   1   0   1   7  12   0   0   5  0.23 0.21
   29 M   -1 -1 -1 -1 -3  1  1 -3 -1  0  2  1  1 -2 -1  0  1 -4 -3  0    4   1   2   2   0   7  11   1   2   3  29   9   4   0   2   6  10   0   0   7  0.18 0.21
   30 V    0  0  1 -1 -1  0  0 -2  0  1  2  0  0 -2 -2 -1 -1 -1  0  0    8   7   8   3   1   5   7   2   3   7  28   5   2   0   1   2   2   1   3   7  0.10 0.14
   31 G    1  2  1 -1 -4  2  1  1  0 -2 -3  1 -3 -3 -3  0  0 -4 -3 -1   13  13   9   3   0  10  10  10   2   3   1  11   0   1   0   5   5   0   0   5  0.23 0.21
   32 P    1  1 -1  0 -3  2  3 -2 -1 -2 -2  2 -1 -4  0  1  0 -4 -2 -2   11   7   2   3   0   8  19   2   1   2   3  16   1   0   5  10   6   0   1   3  0.25 0.21
   33 Q   -1  0  0 -1 -1  2  1 -2 -1 -1  1  2  0 -2 -2  1  0 -3 -1 -1    4   5   5   1   2  10   9   2   1   4  19  14   3   1   1  12   4   0   2   3  0.13 0.16
   34 L    0  2  1  1 -3  1  2 -2 -2 -1  0  2 -1 -3 -2  0  0 -3 -3 -1    8  10   6   6   0   6  16   2   0   4  12  12   1   0   1   8   4   0   0   3  0.15 0.15
   35 E   -1  0 -1  2 -4  2  4 -1 -1 -4 -3  2 -1 -5 -1  1  0 -5 -4 -3    4   4   2   9   0   8  33   4   1   1   2  12   2   0   2   8   5   0   0   1  0.47 0.33
   36 D   -1  0  1  2 -2  2  2 -1 -1 -2 -1  3 -1 -4 -1  0  0 -4 -3 -3    4   2   8  10   1  11  13   3   1   3   8  19   1   0   2   8   5   0   0   1  0.25 0.22
   37 E    1 -2  0  1 -1  0  1 -2 -2  0  0  0 -1 -3 -2  1  1 -4 -3  0   17   1   4   9   1   5  10   2   1   7  11   4   1   0   1   8  10   0   0   7  0.11 0.15
   38 S    1  3  0  0 -4  1  1 -1 -1 -2 -3  2 -2 -4 -3  2  0 -4 -3 -2   12  17   5   5   0   4   7   3   1   2   2  15   1   0   0  20   6   0   0   2  0.32 0.26
   39 M    0  0 -1  0 -3  2  2 -1 -2  0  1  1  0 -1 -2  0 -1 -3 -2  0    9   6   2   3   0  11  13   5   0   4  15   9   3   3   1   6   3   0   1   5  0.10 0.13
   40 E    0  0  1  1 -2  2  1 -2 -1 -1  1  1  0 -2 -2  0 -1 -4 -2 -1    7   3   7   9   1  14   9   1   1   2  19  12   2   1   1   5   3   0   1   3  0.17 0.19
   41 R    0  2  1 -1 -4  2  3 -1 -1 -2 -2  1 -1 -3 -3  0  1 -4 -3 -2    8  13   9   2   0  11  20   3   1   1   3   9   2   1   0   8   7   0   0   3  0.30 0.25
   42 K    0  1  0  2 -4  3  3 -3  0 -3 -3  3 -3 -5 -3  1  0 -5 -3 -3    7   8   3  11   0  12  18   1   2   1   2  19   0   0   0   9   6   0   0   1  0.43 0.32
   43 L    0  1  0 -2 -2  1  2 -3 -1 -1  1  1  0 -3 -2  0  0 -4 -2 -1    7   9   5   1   0   8  19   1   1   3  19   7   1   0   1   9   6   0   1   3  0.18 0.20
   44 I   -2 -3 -1 -3 -3 -2 -3 -5 -2  4  3 -1  1 -1 -4 -3 -1 -4 -1  2    3   1   4   1   0   1   2   0   1  32  29   4   2   2   0   1   4   0   2  10  0.52 0.33
   45 V    1  3  1  0 -3  1  1 -2  0 -2 -3  2 -3 -4 -1  1  1 -4 -2 -2   16  16   5   5   0   5  10   2   2   2   1  12   0   0   2   8  12   0   1   1  0.27 0.23
   46 A    1  1  0  2 -4  2  2 -2 -1 -2 -2  1 -2 -4 -3  1  1 -4 -3 -2   15   7   3  10   0  10  16   1   1   1   2   8   0   0   0  12   8   0   0   3  0.29 0.25
   47 L   -1 -2 -4 -5  1 -2 -4 -5 -3 -1  5  0  3 -2 -5 -2 -1 -4 -1 -1    5   2   1   0   3   1   1   1   0   1  60   5   7   1   0   3   3   0   2   3  0.77 0.46
   48 K   -1  3  0 -1 -5  3  3 -3  0 -3 -3  3 -1 -5 -4  0  1 -5 -4 -2    3  14   5   2   0  16  19   1   2   2   2  18   1   0   0   5   8   0   0   3  0.48 0.35
   49 S    1  2  1  2 -3  2  1 -2 -1 -3 -3  2 -3 -4 -3  0  1 -5 -3 -2   15  11   7  11   0   9  11   1   1   1   1  13   0   0   0   6  10   0   0   2  0.30 0.26
   50 D   -1  0  0  2 -5  2  5 -2 -1 -4 -2  1 -1 -5 -3  0  0 -5 -3 -2    5   5   4   9   0  10  38   3   1   0   3   6   1   0   1   5   5   0   0   3  0.53 0.37
   51 L   -2  2  0 -4 -3 -1 -2 -4 -1  3  3 -1  0 -2 -4 -2 -1 -4  0  1    3  11   5   0   0   2   2   0   1  18  33   4   2   0   0   2   3   0   4   8  0.35 0.28
   52 V    2  0  1  1  0  0  1 -2 -1 -1 -1  1 -1 -3 -3  1  1 -4 -2 -1   20   6   6   7   2   4   8   1   1   2   7  10   1   1   0   9  11   0   1   4  0.14 0.16
   53 E    1  1  0  1 -2  2  1 -1  1 -2 -1  1 -1 -1 -3  1  0 -4 -3 -2   11   8   4   8   1  12  11   3   3   2   5  11   1   3   0   9   7   0   0   2  0.17 0.17
   54 K    0  1 -3 -5 -2 -3 -3 -4 -2 -1  5  1  1 -2 -5 -1 -1 -2 -2  0    7   7   1   0   1   1   1   0   1   1  54   9   2   1   0   5   4   0   1   5  0.58 0.40
   55 D   -1  2  0  1 -4  2  3 -3  0 -3 -2  2 -2 -4 -3  0  1 -5 -3 -2    5  14   5   8   0  10  20   1   2   1   3  12   1   0   0   7  10   0   1   2  0.36 0.28
   56 L    0  3  1  2 -4  2  1 -1 -1 -1 -2  1 -2 -3 -3  0  1 -4 -3 -3   10  21   5  11   0   9  10   5   1   3   4   6   0   0   0   4  10   0   0   1  0.28 0.24
   57 R   -2  4 -1  0 -6  1  4 -3 -1 -5 -4  4 -1 -6 -4 -2 -1 -6 -3 -3    2  19   2   4   0   5  26   2   1   0   1  30   1   0   0   2   3   0   1   2  0.77 0.47
   58 I   -1 -2  1 -3  4 -3 -1 -4 -3  3  2 -3  0 -2 -4 -3 -1 -4 -1  2    5   1   7   1  11   0   4   1   1  20  25   1   2   1   0   1   2   0   2  15  0.42 0.30
   59 G   -1  3  0  0 -5  3  2 -3 -1 -3 -3  3 -2 -5 -3  1  0 -3 -2 -2    4  16   5   5   0  12  17   1   1   1   3  19   0   0   0   8   5   0   1   2  0.41 0.30
   60 E   -2  2  1  5 -3  2  2 -3  0 -4 -3  0 -1 -3 -4  0 -1 -1 -3 -3    3  11   6  31   0  11  12   1   2   1   3   5   2   1   0   6   3   1   0   1  0.52 0.35
   61 L   -2  2 -3 -3 -4  1 -3 -5  2 -1  4  0  1 -1 -5 -3 -3  2  1 -2    3  13   1   1   0   7   1   0   5   3  49   5   3   1   0   0   1   3   5   1  0.61 0.41
   62 E    0  1  1  1 -2  3  3 -2 -1 -2 -3  2 -2 -4 -3 -1  1 -5 -4 -2    7   9   7   8   1  12  22   2   1   2   1  13   1   0   0   3   8   0   0   3  0.36 0.28
   63 E    0 -2  1  1 -5  2  5 -2  2 -5 -3  0 -1 -4 -4  0 -1 -5 -3 -3    8   1   6   5   0   7  44   3   5   0   3   3   1   0   0   6   3   0   1   2  0.65 0.43
   64 I   -1  0 -1  0 -3  1  4 -3 -2 -1 -1  1 -3 -4 -3  0  1 -5 -4 -1    5   5   3   5   1   6  36   1   0   4   8   6   0   0   0   6   9   0   0   4  0.39 0.31
   65 L   -3 -2  0 -4  0 -2 -4 -4 -2  3  4 -3  2 -1 -5 -1 -2  3 -1  1    1   1   4   0   2   1   1   1   1  18  38   2   6   1   0   6   1   4   2  10  0.49 0.33
   66 Q    0  4 -1  0 -5  3  2 -2  0 -3 -3  3 -2 -4 -4 -1 -2 -5 -1 -2    9  22   2   4   0  14  16   2   2   1   2  17   0   0   0   3   1   0   2   2  0.49 0.34
   67 L   -1 -3 -1  0 -5 -1  5  0 -1 -1 -1 -1  1 -5 -4 -2 -1 -5 -3  0    5   0   2   4   0   1  50   8   1   4   6   3   4   0   0   1   4   0   1   6  0.65 0.44
   68 R   -2  2  0 -4 -5 -1 -1 -5  0 -4  1  6  0 -5 -4 -1 -2 -5 -3 -3    2   9   4   0   0   2   2   0   2   0  16  54   3   0   0   3   1   0   1   1  0.92 0.53
   69 N   -1  1  4  3 -4  0  2 -2 -2 -2 -2  1 -2 -3 -3  0  1 -5 -4 -3    5   7  20  17   0   2  16   2   1   3   3   7   1   1   0   6  10   0   0   1  0.39 0.29
   70 K   -2  3  1  0 -3  3  0 -1  0 -3 -3  5 -1 -5 -4 -1 -2 -5 -3 -2    3  15   5   4   1  13   3   4   2   1   2  35   1   0   0   4   2   0   0   4  0.56 0.38
   71 D    2 -2  1  1 -3  0  0 -1 -2 -1  1 -1  1 -2 -3  0  2 -4 -3 -1   17   1   6   9   0   5   4   4   1   1  17   4   4   1   0   6  18   0   0   3  0.16 0.19
   72 Y   -1 -3  2 -3 -2 -2 -4 -4 -2  3  3 -3  1 -1 -4 -1 -2 -4 -1  2    4   1  14   1   0   1   0   0   1  24  26   0   4   2   0   5   1   0   2  14  0.42 0.30
   73 E   -2 -2 -1  1 -6  6  5 -5 -1 -5 -4 -1 -2 -5 -4 -2 -1 -5 -1 -2    3   1   3   6   0  35  37   0   1   0   1   2   1   0   0   2   3   0   2   3  0.98 0.55
   74 R   -1  0  1  1 -1  0 -1 -1  0  1  1  0  1 -1 -3 -1  1 -3 -2  0    3   5   6   8   1   3   3   3   3  13  19   7   4   1   0   4   9   0   1   7  0.07 0.10
   75 L    0 -4 -5 -6 -2 -3 -5 -5 -3  2  5 -3  1  0 -5 -4 -2 -4 -3  3    6   0   0   0   1   1   0   0   1   8  57   2   2   3   0   1   2   0   0  17  0.82 0.43
   76 N   -3  1  4 -2 -5  5 -2 -3  3 -1 -4  2  0 -5 -4 -1  0 -5 -4 -2    1   7  24   0   0  30   0   1   8   5   0  10   3   0   0   3   4   0   0   3  0.71 0.45
   77 D   -2 -5  0  8 -6 -1  0 -3 -4 -6 -6 -3 -6 -6 -2 -1 -1 -7 -6 -5    3   0   3  77   0   2   3   1   0   0   0   1   0   0   2   4   3   0   0   1  1.78 0.73
   78 E   -4 -4 -4  1 -7 -2  7 -4 -4 -6 -6 -3 -5 -7 -5 -3 -3 -6 -6 -4    0   0   0   6   0   0  88   1   0   0   0   0   0   0   0   1   2   0   0   1  2.09 0.87
   79 L   -2 -3  1 -4 -3 -1 -3 -4  4  3  3 -3  4 -1 -4 -2 -2 -3  2  0    2   0   9   0   0   2   0   0  13  17  26   0  13   1   0   2   1   0   7   5  0.53 0.34
   80 I    0 -1  0  0 -3  2 -1 -3  0  1  2 -1  1 -1 -3  0  1 -3 -1  1    8   2   4   6   0  15   2   0   2  10  20   3   3   1   0   6   9   0   2   8  0.13 0.16
   81 S    4 -3 -1 -1 -3  0  0 -1 -3 -3 -2 -2 -1 -4 -3  3  2 -4 -4  0   34   0   2   2   0   3   5   4   0   0   3   0   1   0   0  21  15   0   0   7  0.46 0.34
   82 L   -3 -2 -2 -5 -2 -1 -4 -4  0  0  5 -2  2 -2 -3 -3 -2 -4 -3 -1    2   1   2   0   1   3   0   1   3   3  68   2   4   1   1   2   3   0   0   2  0.88 0.47
   83 N   -3  0  4 -1 -5  6  1 -2  1 -5 -4  1 -4 -5 -2  0  1 -5 -3 -4    0   3  20   2   0  38   6   2   3   0   2   7   0   0   1   5  10   0   1   0  0.82 0.49
   84 I   -1 -4 -5 -5 -3 -4 -2 -4 -5  4  4 -2  3 -2 -4 -1 -1 -4 -3 -1    5   0   0   0   0   0   2   1   0  26  44   3   8   0   0   4   3   0   0   1  0.71 0.40
   85 E    1 -2 -3 -2 -5  5  5 -4 -1 -5 -3 -2 -2 -2 -4 -2  0 -5 -4 -5   10   1   0   1   0  32  42   1   1   0   2   0   1   2   0   1   7   0   0   0  1.06 0.59
   86 N   -2 -1  2 -3  1 -2 -4 -4 -1  1  4 -2  1  2 -4 -2 -2 -3  2  0    1   3  11   1   3   1   0   0   2   6  41   2   2  11   0   2   2   0   7   6  0.41 0.28
   87 N   -1 -3  6  0 -2 -1  1  0 -1 -3 -3 -2 -4 -4 -4  2  2 -5 -4 -1    3   0  38   3   1   1  10   5   1   1   2   1   0   1   0  15  12   0   0   5  0.64 0.40
   88 I    0 -1  0 -1 -1  2  1 -2  0  0  0  0  3 -3 -3  1 -1 -3 -3  2   10   2   3   3   1  12   8   2   2   4   9   6  11   0   0  10   2   0   0  16  0.14 0.18
   89 L    2 -3 -2 -4 -3 -1 -4 -3 -4  2  3 -2  2 -1 -4 -1  0 -4 -2  1   17   1   2   0   0   2   0   2   0  10  39   3   7   1   0   4   4   0   1   7  0.39 0.28
   90 R   -2 -1  1  1 -5  1  5 -3  1 -4 -3  0 -4 -4 -4  1  0 -5 -3 -3    2   3   6   7   0   6  49   2   3   1   2   4   0   1   0   8   5   0   1   1  0.74 0.44
   91 D   -2  0 -1  2 -5  3  4 -3 -1 -3 -3  2 -2 -5 -4 -1 -1 -5 -4 -2    3   4   2  13   0  14  35   1   1   1   3  13   1   0   0   3   3   0   0   2  0.64 0.39
   92 K   -3  4 -1 -2 -6  2  1 -5 -1 -5 -3  5 -4 -6 -4 -1 -2 -6 -5 -5    2  26   3   2   0  10   9   0   1   0   3  40   0   0   0   3   2   0   0   0  0.96 0.50
   93 L    0 -1  3 -2 -1 -1 -1 -3 -1  1  1  0  1  0 -3  0 -1 -3  2  1    9   4  17   0   1   2   2   1   1   6  19   6   4   3   0   7   1   0   8  10  0.14 0.18
   94 Q    0  2  0  2 -4  1  2 -1 -2 -2 -2  3 -1 -4 -3  0 -1 -1 -2 -3    9  13   4  13   0   7  15   3   0   2   3  18   2   0   0   6   3   1   1   1  0.33 0.24
   95 N    0  2  1  1 -5  1  1 -2 -1 -3 -4  4 -2 -5 -3  0  0 -5 -4 -3    8  10   7   8   0   4   8   3   1   1   1  36   1   0   0   5   6   0   0   1  0.48 0.32
   96 M    0 -3 -3 -6 -2 -3 -5 -5 -5  0  5 -3  0 -2 -5 -3  0 -5 -2  1    9   1   1   0   1   1   0   0   0   3  64   1   2   1   0   1   6   0   1   7  0.86 0.47
   97 T   -1  1  0 -1 -5  3  3 -3 -1 -3 -3  3 -2 -5 -3 -1  1 -1 -4 -2    4   7   4   2   0  17  23   1   1   1   2  22   1   0   0   4  10   1   0   2  0.52 0.35
   98 E    2  2  0  0 -4  1  2 -2 -1 -2 -2  2 -1 -3 -3  0  1 -4 -3 -1   17  10   4   6   0   6  14   2   1   2   2  17   2   1   0   5   8   0   0   4  0.26 0.22
   99 E   -5 -4 -1  4 -7 -1  7 -6 -4 -7 -6 -2  0 -7 -5 -4 -2 -7 -6 -6    0   0   2  21   0   2  69   0   0   0   0   2   2   0   0   0   2   0   0   0  1.73 0.77
  100 N   -5 -2  8 -2 -6 -3 -4 -4  2 -5 -4 -4 -5 -2 -5 -3 -2 -5  2 -3    0   1  79   0   0   0   0   0   4   0   2   0   0   1   0   0   1   0   8   2  1.94 0.70
  101 S    1  1  1  3 -4  2  2 -2 -2 -2 -4  2 -2 -4 -3  0 -1 -4 -3 -3   15   8   8  15   0  10  16   2   0   3   0  15   1   0   0   6   1   0   0   0  0.37 0.23
  102 K   -1  1  0  2 -3  3  4 -2  0 -3 -3  2  1 -4 -3  0  0 -4 -3 -2    4   6   4   9   1  17  27   2   2   1   1  10   4   1   0   5   5   0   0   2  0.43 0.25
  103 L   -4 -5 -6 -6 -4 -5 -5 -6 -5  0  6 -5  1 -3 -5 -5 -4 -4 -4 -2    0   0   0   0   0   0   0   0   0   3  91   0   2   0   0   0   0   0   0   0  1.66 0.60
  104 V   -2 -2 -5 -5 -3 -4 -4 -5 -5  3  3 -3 -1 -3 -4 -4 -1 -4 -3  5    2   2   0   0   0   0   0   0   0  16  24   2   0   0   0   0   4   0   0  48  0.86 0.38
  105 K    0  0  1  3 -3  4  2 -2 -1 -4 -4  1 -3 -4 -3  0  1 -4 -3 -3    7   3   5  21   1  22  15   1   1   0   1   7   0   0   0   6   8   0   0   2  0.50 0.28
  106 R   -4  8 -1 -2 -5 -1 -2 -5 -3 -5 -3  0 -4 -5 -4 -3 -4 -5 -4 -5    1  82   3   2   0   2   2   1   0   0   3   3   0   0   0   1   0   0   0   0  1.89 0.64
  107 W   -5 -5 -6 -6 -5 -2 -5 -5 -5 -3 -1 -5 -1  0 -6 -5 -5 12  1 -1    1   0   0   0   0   2   0   1   0   2   7   0   2   3   0   1   0  71   4   5  3.02 0.82
  108 L   -4 -2 -4 -5 -4 -1 -4 -5 -4  2  3 -1  8 -3 -5 -4 -2 -4 -4 -1    0   2   1   0   0   2   0   0   0  13  28   3  44   0   0   0   1   0   0   3  1.23 0.51
  109 N    2  1 -1  2 -4  2  2 -2  1 -3 -1  2 -1 -4 -3  0 -1 -4 -3 -2   17   5   2  12   0  11  16   1   3   0   7  17   1   0   0   5   2   0   0   2  0.32 0.22
  110 K   -1  3 -3 -3 -4  2  1 -4 -1 -2  0  4  1 -1 -3 -1 -3 -4  1 -3    5  19   0   0   0   8   8   0   1   1  12  31   3   3   0   3   0   0   5   1  0.47 0.29
  111 V    1 -2 -1 -4 -4 -2 -2 -4 -4 -1 -3  5  5 -4 -4 -3 -1 -5 -4  2   14   0   2   0   0   1   2   0   0   2   0  43  20   0   0   0   3   0   0  14  0.86 0.47
  112 Q    2  0  3 -1 -4  3  1  1 -1 -3 -4  1  1 -4 -3  1 -1 -5 -4 -3   18   3  18   1   0  18   9  10   1   1   0   6   5   0   0   8   3   0   0   0  0.41 0.28
  113 Q    0  1 -1  0 -5  4  3 -2  0 -4 -2  2 -2 -4 -3 -1 -1 -5 -4 -2    7   7   1   5   0  27  20   2   2   0   3  15   0   1   0   4   4   0   0   2  0.51 0.30
  114 E   -3 -1 -2  4 -6  0  6 -5  0 -3 -4 -2 -5 -6 -4 -2 -1 -6 -5 -4    1   2   0  25   0   3  57   0   2   1   1   1   0   0   0   1   4   0   0   1  1.25 0.53
  115 A    6 -5 -5 -5 -3 -4 -4 -2 -5 -1 -1 -4 -3 -5 -4 -2 -2  0 -5  2   74   0   0   0   0   0   0   1   0   3   6   0   0   0   0   0   1   1   0  13  1.22 0.55
  116 D   -2 -1  2  5 -6  1  4 -3 -3 -5 -6  0 -5 -6 -4 -2 -1 -6 -5 -4    2   2  11  35   0   5  34   1   0   0   0   5   0   0   0   2   3   0   0   1  0.99 0.44
  117 A    1  4 -2 -2 -4  0  0 -3 -1 -2 -2  4  0 -2 -3 -1  0 -4 -3  0   13  22   1   2   0   3   5   1   1   2   4  27   2   2   0   2   7   0   0   7  0.36 0.25
  118 M   -2 -3 -5 -6 -4 -1 -4 -6 -5 -1  3 -4  8 -2 -6 -5 -2 -2 -2  0    3   2   0   0   0   3   1   0   0   2  32   0  50   1   0   0   2   1   1   5  1.42 0.58
  119 N   -5 -4  9 -2 -7 -4 -1 -4 -3 -7 -7 -4 -6 -7 -6 -3 -4 -8 -6 -7    0   0  96   0   0   0   4   0   0   0   0   0   0   0   0   0   0   0   0   0  2.73 0.86
  120 E    1  1  0  3 -5  1  5 -3  0 -5 -5  0 -4 -5 -4 -1 -3 -5 -4 -5   12   6   3  20   0   5  46   1   2   0   0   3   0   0   0   3   0   0   0   0  0.86 0.38
  121 N    0  1  0  0 -4  2  5  0  0 -4 -2  0  1 -4 -3 -1  0 -4 -2 -2    6   7   4   3   0   9  44   6   2   0   2   2   4   0   0   2   6   0   1   2  0.51 0.27
  122 L   -3 -4 -1 -4 -3 -3 -4 -5 -4  2  3 -4  3  4 -4 -3 -2 -2 -1  2    0   0   3   0   0   0   0   0   0  13  39   0  11  20   0   0   1   0   0  13  0.58 0.22
  123 H    2 -1 -1 -2 -2  2 -1 -2  5 -3 -3 -1 -2 -3 -2  3  1 -3 -1 -2   22   0   0   0   0  13   0   0  25   0   0   0   0   0   0  33   8   0   0   0  0.46 0.15

                      K         Lambda
Standard Ungapped    0.1340     0.3149
Standard Gapped      0.0410     0.2670
PSI Ungapped         0.1506     0.3177
PSI Gapped           0.0461     0.2670
