
Last position-specific scoring matrix computed, weighted observed percentages rounded down, information per position, and relative weight of gapless real matches to pseudocounts
           A  R  N  D  C  Q  E  G  H  I  L  K  M  F  P  S  T  W  Y  V   A   R   N   D   C   Q   E   G   H   I   L   K   M   F   P   S   T   W   Y   V
    1 M   -2 -2 -3 -4 -2 -2 -3 -4 -3  1  4 -2  5  0 -3 -2 -1 -2 -1  1    0   0   0   0   0   0   0   0   0   0  54   0  46   0   0   0   0   0   0   0  0.49 0.06
    2 L   -2 -3 -3 -4 -2 -2 -3 -3 -3  0  3 -3  1  0 -3  0 -1  8  0 -1    0   0   0   0   0   0   0   0   0   0  57   0   0   0   0  12   0  31   0   0  0.74 0.09
    3 Q   -1  2  2 -1 -3  3  1 -2 -1 -3 -3  1 -2 -4  3  0  1 -3 -2 -2    0  11  11   0   0  28   8   0   0   0   0  10   0   0  16   7  10   0   0   0  0.43 0.08
    4 T    0 -2 -1 -2 -2  1 -1  0 -2 -2 -3 -1 -2 -3 -2  3  5 -3 -3 -2    6   0   0   0   0   7   0   4   0   0   0   0   0   0   0  29  53   0   0   0  0.57 0.19
    5 S    2  0 -1 -2 -2 -1 -1 -2 -2 -3 -3 -1 -3 -4 -2  5  2 -4 -3 -2   12   4   0   0   0   0   0   0   0   0   0   0   0   0   0  72  12   0   0   0  0.75 0.26
    6 S    0 -2 -1  0 -2 -2 -2 -1  1  0 -2 -2  1  1  0  2  0  6  2  0   10   0   0   5   0   0   0   4   5   5   0   0   5   6   3  24   7  13   8   6  0.24 0.11
    7 S    0 -2 -1  0  5 -2  0  0 -2 -1 -1 -2 -2 -3 -2  3  2 -4 -3 -1    4   0   0   4  14   0   5   6   0   4   6   0   0   0   0  41  13   0   0   3  0.37 0.18
    8 S    0  0  2  0 -3  1  0 -2 -2 -3 -2 -1 -2 -3  2  3  1 -3  0 -2    5   5   9   4   0   7   4   0   0   0   3   0   0   0  10  37   9   0   4   0  0.34 0.17
    9 A    2  1 -1  0 -2  0  0  1 -2 -1 -1  0 -1 -2 -2  1  2 -3  0 -1   23   7   0   4   0   3   4  13   0   4   3   6   2   0   0   7  18   0   4   0  0.16 0.11
   10 T    0 -2  0 -1  0  0  0 -2  0  1  0  0  0 -2  0  1  2 -3 -2  1    4   0   3   3   2   3   6   0   2   8  12   4   2   0   5  11  23   0   0  11  0.12 0.09
   11 A    2 -1 -1 -1 -2  1  0  0 -2 -1 -2  0 -2 -2  1  1  1  1 -2  0   30   2   0   3   0   7   3   7   0   2   2   4   0   2   5  11  12   3   0   7  0.18 0.12
   12 S    0 -1 -1  0  2  0  1 -1 -2 -2 -2  0 -2 -1  0  3  2 -3 -2  0    7   3   1   3   5   2   9   2   0   0   2   5   0   2   4  29  20   0   0   6  0.25 0.16
   13 L    0  0 -2 -2 -1  0 -1 -2 -3  1  3 -2  2  0 -3 -1 -1 -3 -2  1    6   6   1   2   1   5   2   2   0  10  33   0   9   3   0   3   3   0   0  13  0.18 0.12
   14 Q    0 -1  1  1 -4  4  2 -3 -1 -4 -4  2 -3 -4  1  1 -1 -4  0 -3    6   0   7   8   0  26  15   0   0   0   0  18   0   0   6   8   2   0   4   0  0.47 0.23
   15 Q    0 -1  1  1 -3  2  2  1  2 -3 -3  0 -2 -3  0  1  1 -3  0 -2    4   1   8   6   0  13  13  11   6   0   0   3   0   0   4  15   9   0   4   3  0.24 0.15
   16 Q    0 -2  3  0 -3  2 -1 -1  4  0 -2  0 -2 -3  2  1  1 -4 -2 -2    6   0  15   4   0  10   1   5  12   7   3   5   0   0  11  13   8   0   0   0  0.27 0.18
   17 L   -1  0 -1 -2  0  4  1  0  0 -1  0  0  3  1 -2  0  0 -3 -2 -1    2   3   1   1   2  23   7   7   2   1  10   4  11   8   1   7   7   0   0   3  0.19 0.19
   18 S    0 -1  2  2 -3  1  2 -1  2 -2 -2  0 -3 -3  1  2 -1 -4  0 -3    5   2   9  10   0   8  13   2   5   2   3   5   0   0   6  25   2   0   4   0  0.28 0.20
   19 K   -1  1 -1  1 -3  1  0  0  1 -2 -1  1 -1 -2  3  1 -1  3 -2 -1    3   6   1   7   0   6   3   6   3   1   6   9   2   1  18  16   2   5   1   4  0.26 0.17
   20 Q   -1 -1  0  1  0  2  0  0  2 -1 -2  0 -2 -1  2  1  0 -4 -2  0    1   2   3   9   2  13   6   8   6   5   2   4   0   4  13  10   4   0   0   9  0.16 0.13
   21 Y    0 -1  0 -1 -3  1  0  0  1  0 -1  0  0  1 -1  2  1  1  1 -1    4   1   3   1   0   8   3   6   4   7   5   4   2   6   2  27   8   2   6   1  0.13 0.16
   22 A    0  0  0  0 -3  2  0 -2  0  0 -2  0 -1 -3  1  3  1 -4 -2  1    5   4   3   5   0  10   4   2   2   4   2   3   1   0   5  29   7   0   1  13  0.20 0.19
   23 N    0  0  1  1 -1  0  0 -1  0 -1 -1  0  0 -2  1  0  1 -1  0  0    4   6  10  12   2   2   3   3   2   3   5   5   4   1   6   8   8   1   5  12  0.06 0.07
   24 S    1 -2 -2  0 -3 -1  1  0 -1 -3 -2  0 -2 -2  3  1  2 -3  1 -1   15   0   0   4   0   1  10   6   2   0   4   4   0   1  18  14  13   0   5   4  0.29 0.19
   25 F   -2 -2 -1 -2 -3 -2  0 -2 -1 -1  1 -1  2  5 -1 -1  0  0  0  0    2   1   4   2   0   0   9   2   2   2  16   4   6  29   3   3   7   1   1   6  0.26 0.20
   26 S    0 -1  1 -1 -4  2 -1 -1  1 -3 -3 -1  2 -4 -1  4 -1 -5 -4 -3    5   3   6   2   0  12   2   4   3   1   1   3   8   0   2  45   2   0   0   1  0.54 0.38
   27 N   -1 -2  3  0 -3  0 -1 -1  0 -1 -1 -2 -1 -2  4  1  2 -4 -1 -1    2   1  17   4   0   5   2   5   2   3   5   1   2   1  19  10  16   0   2   4  0.33 0.23
   28 D    0 -1 -2  5 -5 -1  2  0 -3 -2 -4 -2 -2 -4  3  1 -2 -5 -4 -3    6   3   0  35   0   2  11   6   0   3   0   0   1   1  16  11   2   0   0   1  0.64 0.35
   29 G    0  0  1 -1 -2 -2  2  3 -3 -3 -4 -2 -1 -4  2  3  0 -4 -3 -2    5   5   6   1   1   0  13  20   0   1   1   1   1   0  11  23   6   0   1   2  0.38 0.27
   30 S    0  0  1 -2 -4  0  1 -2 -2 -1 -3 -1 -1 -4  2  4  2 -1 -4 -3    6   5   6   1   0   3   8   2   1   4   1   2   2   0  11  36  11   1   0   0  0.44 0.33
   31 S    1  0  2 -1 -3 -1  0  0 -2 -1 -1  0 -2 -2  1  2  2 -4 -2 -1   11   5  10   3   0   1   7   7   0   4   5   4   0   1   5  19  15   0   1   3  0.17 0.17
   32 F   -1 -3 -2  1 -4 -2  0 -4 -1  1  2 -1  5  2  0 -1 -1 -3 -2  0    4   0   2   7   0   1   6   1   1   6  19   4  22  10   4   4   4   0   1   5  0.33 0.26
   33 S    2  1  1  1  1  0  0 -1 -1 -3 -3 -1 -2 -3  1  2  1 -2 -2 -2   20   9   6   8   3   4   6   3   1   1   1   1   1   1   8  16   9   1   1   2  0.24 0.21
   34 S    1 -1 -1 -1 -3  1 -1 -1 -2 -2  0 -2  0 -4 -2  4  2 -5 -4 -1   14   3   2   3   0   7   3   3   1   2  11   1   2   0   2  33  11   0   0   3  0.34 0.30
   35 K   -1  1  0  1 -4  2 -1  0  1 -3 -2  1 -3 -1  3  2  0 -4 -2 -4    4   8   4   8   0   9   3   7   3   1   3   9   0   2  16  15   5   0   1   0  0.29 0.23
   36 N   -1  0  4  1 -1 -1  2 -1 -3  0 -2 -2 -2 -5  1  3  0 -5 -4 -3    3   4  20   7   1   2  12   4   0   7   4   0   1   0   7  21   5   0   0   0  0.37 0.31
   37 N    1 -1  4  2 -3  0 -1  0  1 -3 -4 -3 -2 -5  0  3  0 -5 -4 -3   10   3  19  10   0   4   4   5   3   2   1   0   1   0   5  25   6   0   0   1  0.42 0.33
   38 Q   -1  1  1  3 -4  1  2 -1  1 -1 -3  0 -3 -3  0  1  0 -5 -3 -2    5   7   6  16   0   8  16   4   3   3   2   5   0   1   4  12   4   0   1   3  0.27 0.23
   39 Q    0  0  1  1 -4  1  2  0  1 -3 -2  0 -1 -2  1  1  1 -4 -3 -2    7   6   5   9   0   8  13   6   4   0   4   6   1   1   7  13   9   0   0   2  0.19 0.17
   40 Y    0  1  0  1 -3 -1 -1 -1  3 -3 -2  1 -3 -2  4  2 -1 -4 -1 -3    6   7   4   9   0   2   4   4   9   1   4   8   0   2  18  15   4   0   2   1  0.32 0.24
   41 S    0 -1  1  1 -2  0  1  0  1 -3 -2  0 -2 -4  3  2  0 -5 -3 -2    6   3   7   7   1   4   9   7   4   1   3   4   1   0  14  21   4   0   1   3  0.28 0.23
   42 E   -2  0  2  1 -3  1  1 -2  0 -3 -2  1 -3 -3  4  0  0 -4  0 -1    1   4   9   9   0   5  11   2   2   1   3  10   0   1  21   8   4   0   3   5  0.36 0.25
   43 I   -1  0  0 -1 -1  0  1  0 -1  0 -1  1  0 -2  2  0  0 -1 -1  0    3   5   6   2   1   4  11   8   1   4   6  10   3   1  12   6   5   1   2   9  0.10 0.10
   44 V   -3 -5 -6 -6 -4 -4 -4 -5 -6  5  3 -5  2 -2 -6 -4 -4 -5 -3  3    1   1   0   0   0   1   1   1   0  34  31   1   4   1   0   1   0   0   1  23  1.06 0.52
   45 N   -3 -2  3 -4 -3 -2 -3 -2  2  0  4 -2  0  0 -4 -1 -1 -3  0  0    1   2  16   0   0   2   1   3   5   4  42   3   1   4   1   4   4   0   3   5  0.50 0.35
   46 Y   -2 -3  1  0  5 -2 -3 -2  5 -5 -4 -4 -4  4 -5  2 -1  0  4 -4    3   1   6   4  12   1   1   3  12   0   1   0   0  15   0  19   3   1  15   1  0.73 0.45
   47 I    1 -5 -5 -6 -1 -5 -5 -4 -5  3  3 -5  1 -1 -5 -3 -3 -5 -2  4   14   0   0   0   1   0   0   1   0  17  24   0   3   2   0   1   1   0   1  34  0.82 0.45
   48 S    1  2  3 -1 -1 -2 -2  0 -2 -5 -5 -1 -5 -4 -4  4  1 -6 -4 -4   13  10  13   3   1   1   1   8   1   0   1   3   0   1   0  34   8   0   0   0  0.60 0.43
   49 F   -7 -8 -8 -8 -2 -8 -8 -8 -6 -2 -1 -8 -3  9 -8 -7 -7  3  0 -3    0   0   0   0   1   0   0   0   0   2   5   0   1  83   0   0   0   3   3   2  2.81 1.07
   50 N   -5 -6  8  0 -2 -4 -3 -5 -5 -8 -8 -5 -4 -6 -7  1 -3 -8 -7 -8    1   0  79   4   1   1   1   1   0   0   0   0   1   0   0  10   1   0   0   0  2.45 1.08
   51 Q   -3 -2 -2 -2 -4  8 -2 -4  1 -7 -5 -2 -4 -5  1  0 -3 -7 -5 -7    3   2   2   2   0  67   2   1   3   0   1   1   0   1   6   6   2   0   0   0  1.81 0.94
   52 D   -5 -5  0  8 -8 -2 -1 -3 -3 -6 -5 -4 -5 -4 -6 -3  0 -9 -8 -6    1   1   4  75   0   2   3   2   1   0   2   1   0   1   0   2   6   0   0   0  2.04 0.93
   53 A    1 -1  1 -3  4  1 -2  1  3 -3 -4 -1 -4  1 -3  2 -2 -1  3 -3   12   3   8   1   8   8   1  12   6   1   1   3   0   7   1  14   1   1  10   1  0.35 0.29
   54 S   -2 -1 -1  0 -3 -2 -2  1 -3 -5 -6 -1 -4 -4 -5  4  4 -6 -4 -5    2   4   2   5   1   1   2  12   1   0   0   3   0   1   0  34  30   0   1   0  0.86 0.56
   55 C   -2  0 -4 -6  9 -4 -6 -3  2 -2 -1 -5  0 -2 -6  2 -2 -3 -1 -3    2   6   1   0  47   1   0   2   5   3   5   1   2   2   0  17   3   0   2   1  1.61 0.75
   56 I   -5 -4 -7 -7 -1 -6 -7 -6 -6  3  3 -6 -1  7 -7 -6 -5 -2 -1  1    0   1   0   0   1   0   0   1   0  13  28   0   1  42   0   0   0   1   1   9  1.41 0.64
   57 T    5 -5 -3 -5  3 -4 -5 -2 -5  0 -2 -5 -1 -4 -4  2  1 -6 -4  1   42   0   1   0   7   1   0   2   0   5   3   0   2   1   1  15  10   0   1  10  0.80 0.51
   58 I    1 -6 -4 -6  6 -6 -6 -5 -6  3  0 -6  0 -1 -6 -2 -1 -6 -3  5   11   0   1   0  14   0   0   1   0  14   7   0   2   3   0   2   4   0   1  40  0.99 0.53
   59 G    3 -6 -5 -4  3 -3 -4  6 -6 -5 -5 -6 -6 -7 -6  1 -3 -7 -7 -3   23   0   0   1   5   1   1  53   0   1   1   0   0   0   0   9   2   0   0   2  1.36 0.70
   60 L   -2 -2 -2 -1  0 -4 -4 -2  3 -3  0 -4  2 -3 -4  0  6 -2 -1 -4    3   2   2   3   2   1   1   3   6   1  10   1   5   1   1   7  49   1   2   1  0.93 0.60
   61 K   -1  1  2  3 -3  0  2 -2 -1 -4 -4  2 -1 -3  0  1  1 -5 -3 -4    5   7   8  14   0   3  15   3   1   1   1  12   2   1   5  11   8   0   1   1  0.34 0.29
   62 N   -1  1  3  2 -1  1  0 -2  1 -3 -4  1 -3 -5 -4  2  2 -5 -2 -2    5   8  14  12   1   6   6   3   4   1   1   9   1   0   0  14  12   0   2   2  0.34 0.29
   63 G   -3 -5 -3 -2 -3 -4 -4  7 -3 -8 -6 -6 -7 -4 -7 -2 -1 -7 -8 -8    2   1   1   3   1   1   1  82   1   0   1   0   0   1   0   2   4   0   0   0  2.13 0.96
   64 Y   -3 -7 -4 -8  0 -7 -7 -8 -2  0 -1 -7 -3  7 -8 -5 -6  2  6  0    2   0   1   0   2   0   0   0   1   6   5   0   1  47   0   1   0   3  25   6  1.80 0.83
   65 K    0  5 -2 -3  1  0 -2 -3  2 -3 -3  3  1 -2 -5  0 -2 -2 -3 -3    8  33   2   1   3   5   2   2   5   2   3  16   3   2   0   8   3   1   1   2  0.64 0.43
   66 I   -4 -4 -7 -8 -2 -7 -7 -8 -7  6  2 -7  0  0 -7 -7 -4  0 -6  4    1   1   0   0   1   0   0   0   0  41  17   0   2   3   0   0   1   1   0  30  1.43 0.69
   67 F   -5 -4 -8 -8  0 -4 -8 -8  0 -1 -2 -8 -2  6 -8 -7 -3  3  8 -2    1   1   0   0   2   1   0   0   2   3   4   0   1  33   0   0   2   4  43   2  2.05 0.97
   68 N   -2  1  6  1 -1  0 -3 -1  0 -4 -5 -1 -2 -4 -5  3  0 -7 -3 -3    3   7  32   7   1   3   1   4   2   1   1   3   1   1   0  23   6   0   1   2  0.77 0.54
   69 C   -1 -4 -3 -6  7 -3 -6 -4 -6  1  2 -4 -2 -3 -6  0  4 -1 -6  1    5   1   1   0  19   1   0   1   0   7  20   1   1   1   0   7  21   1   0  10  0.81 0.52
   70 Q   -2 -2  2  5 -1 -1  2 -3  2 -6 -4 -1 -6 -3 -3  1  0  0 -2 -3    4   2  11  30   1   3  15   2   4   0   2   4   0   1   1  11   5   1   1   2  0.62 0.47
   71 P   -2 -3  0 -1 -7 -2 -2 -1 -6 -4 -4 -3 -2 -7  7  1  0 -7 -7 -4    3   1   4   4   0   2   2   5   0   1   2   1   1   0  54  10   6   0   0   1  1.37 0.83
   72 N   -1 -1  0  0  1 -1 -1 -1 -1  0  2 -1  0  3 -2 -1  0  0  0  1    4   3   4   7   3   2   4   4   2   4  20   4   2  13   2   4   5   1   2  10  0.10 0.11
   73 F   -1  0 -1  0  0  0  0 -1  0  0  1  1  1  3 -1 -1 -1 -3  0  0    4   4   3   5   2   5   7   4   3   4  13   9   3  15   2   3   4   0   3   7  0.08 0.11
   74 G   -1  1 -1  0  0  1  3  0  1 -1 -1  1 -1 -1 -1 -1  0 -4 -2 -1    3   8   3   4   2   5  24   8   3   3   7   9   2   3   2   3   5   0   1   4  0.20 0.22
   75 R   -2  2 -1 -2  1  1  1 -2  1  0  0  3  0 -1 -1 -1  0  2  0 -1    3  12   3   3   2   6   8   3   3   5   8  15   3   3   3   4   6   2   3   4  0.18 0.15
   76 S   -1  0  0  0  3  0  0 -2  2  2  0 -1  1  1 -1  0  0 -5  0  1    5   5   4   5   6   4   5   3   4  11   7   3   4   6   3   6   6   0   4   8  0.09 0.08
   77 F   -1  0  0  0  2  0  0 -1  2  0 -1  0  2  1  0 -1  0  4  1 -1    5   5   5   5   5   5   5   5   5   5   5   5   5   5   5   5   5   5   5   5  0.09 0.08
   78 Q   -1  3 -1  2 -1  1  1 -2  1 -1 -1  0 -3 -2 -3  1  0 -3  1 -2    3  18   3  10   2   6   8   2   4   4   5   5   0   1   1  12   5   0   6   2  0.22 0.22
   79 F   -1  2  0  1  0  0  1 -1  2 -1 -1  0  0  0 -1  1  0 -1  1  0    4  13   4   7   2   4   8   3   6   3   5   4   2   5   2  12   4   1   5   6  0.08 0.11
   80 K   -1  1  0  1 -1  0  2 -1 -1 -1 -1  1 -2  2  0  0 -1 -1 -1 -1    5   8   4  10   2   3  15   3   1   3   6   9   1   9   4   7   3   1   2   4  0.11 0.13
   81 N   -1 -1  2  2 -1  0  0  0  0 -1 -1  0 -1  1  0  1  1 -3 -1 -1    5   3  12  11   2   5   6   6   3   3   7   6   1   7   4   9   8   0   1   4  0.08 0.11
   82 D   -1 -1  2  3  0 -1  1  1  0 -1 -2 -1 -2 -3  0  0  0 -5 -2  0    4   3  10  19   2   2   9  14   2   4   3   2   1   1   5   6   6   0   1   7  0.21 0.20
   83 E   -1 -3 -1 -1 -3  0  1  5  0 -4 -3 -1 -3 -3  0 -1 -2 -5 -1 -4    5   1   2   3   1   4  11  46   2   1   3   3   1   1   5   5   2   0   2   1  0.67 0.44
   84 S    0 -2  0  0  0 -2  0  4 -2 -3 -4 -1 -3 -5  1  2 -1 -5 -3 -4    8   2   5   6   2   1   6  34   1   2   1   3   1   0   8  17   3   0   1   0  0.54 0.39
   85 T   -2 -3 -4 -3  0 -4 -4 -4 -4  4  1 -3  0  1 -2 -3  1 -1 -2  4    3   2   1   2   2   0   1   1   0  24  11   1   2   6   2   2  10   1   1  29  0.57 0.38
   86 G    1  2  0 -3  2 -2 -2  3 -1 -2 -2  0 -2 -3 -4  2  0 -2  0 -1   11  10   4   1   5   1   1  25   2   2   3   6   1   1   0  14   5   1   4   3  0.31 0.27
   87 I   -1 -2 -2 -5 -2 -2 -5 -4  1  5  2 -2  1 -1 -3 -1 -2 -5  0  1    4   2   2   0   1   2   0   1   3  38  21   2   2   2   1   5   2   0   3   7  0.60 0.39
   88 V    2 -4 -5 -6  2 -4 -4 -4 -6  3 -1 -5 -2 -3 -5 -3 -3 -6 -5  6   19   1   0   0   4   1   1   1   0  16   3   0   1   1   0   2   1   0   0  49  1.09 0.61
   89 E    0 -2 -4  0  0  1  6 -3 -1 -3 -5  0 -2 -5 -5  0 -2 -6 -5 -2    7   2   0   4   2   5  56   2   2   2   1   5   1   0   0   6   2   0   0   3  1.05 0.63
   90 M   -3  3 -4 -6 -3 -1 -5 -5 -3 -1  1 -3  9 -2 -1 -4 -3 -6 -3 -1    2  15   1   0   1   3   0   1   1   4  10   2  50   2   4   1   1   0   1   3  1.50 0.78
   91 L   -4 -4 -5 -4 -2 -5 -6 -4 -2  1  6 -4  1 -1 -6 -4 -5 -2 -1 -1    1   1   0   1   1   0   0   1   1   6  72   1   3   2   0   2   0   1   2   4  1.32 0.68
   92 Y   -4 -3  0 -1 -6 -3 -2 -1  4 -4 -2 -4 -2  7 -1 -4 -2 -2  5 -4    1   2   5   4   0   1   2   6   8   1   3   1   1  42   3   1   3   0  17   1  1.13 0.60
   93 C   -2  5  1  1  2 -2  0 -2 -1 -5 -4  1 -5 -6 -3  3  0 -1 -5 -4    2  32   6   7   4   1   4   2   1   0   2   8   0   0   1  22   5   1   0   1  0.69 0.48
   94 T   -3 -3 -2 -3  5 -4 -1 -3 -3 -5 -5 -1 -5 -4 -4  5  5 -6 -3 -5    2   1   2   2  10   0   3   2   1   0   1   3   0   1   1  37  34   0   1   0  1.13 0.68
   95 S   -2  0  6 -3 -1 -1 -3 -2 -2 -4 -6 -2 -3 -6 -1  4 -2 -6 -2 -6    2   5  37   1   1   3   1   3   1   1   0   2   1   0   3  36   2   0   1   0  1.13 0.68
   96 L   -3 -4 -4 -5 -2 -4 -5 -4 -3  4  4 -4 -1  1 -5 -4 -2  1  2  0    2   1   1   0   1   1   0   1   1  21  47   1   1   5   0   1   2   2   8   4  0.87 0.47
   97 L   -2 -4 -5 -5  0 -4 -5 -5 -5  3  3 -5  1  1 -5 -4 -1 -2 -1  4    2   1   0   0   2   1   0   1   0  17  33   0   2   6   0   1   4   1   2  26  0.76 0.41
   98 A    6 -5 -5 -5  0 -4 -5 -1 -5 -1 -1 -4 -1 -1 -3 -1 -1 -3 -3  1   59   0   0   0   2   0   0   5   0   4   5   0   1   3   1   3   3   0   1  10  0.99 0.59
   99 T   -3 -4 -5 -5  0 -5 -4 -5 -3  3  4 -5  2  2 -5 -3 -1 -4  0  2    1   1   0   0   2   0   1   0   1  16  39   0   4   8   0   2   4   0   3  15  0.76 0.42
  100 V   -2 -6 -4 -6  1 -4 -5 -6 -6  1 -2 -5 -2 -3 -5 -3 -2 -6 -5  7    3   0   1   0   3   1   0   1   0   5   4   0   1   1   0   2   2   0   0  74  1.66 0.79
  101 A   -1 -2 -3 -2 -1 -3 -3  5 -2 -4 -1 -3 -4 -1  0  2 -1 -2 -4 -3    5   2   1   2   1   1   1  48   1   1   6   1   0   3   4  16   5   1   0   1  0.79 0.46
  102 Q    1  0  0 -1 -2  0 -1  4 -1 -1 -1 -1 -1 -3 -2  0  0 -4 -3  0   12   5   3   3   1   5   3  30   1   3   6   3   2   1   2   7   6   0   0   6  0.26 0.20
  103 G    0 -1  0  0 -4 -2 -2  5 -2 -3 -3 -1 -3 -3 -2  0 -2 -2 -4  0    6   4   4   4   0   2   2  47   1   2   3   4   0   1   2   6   3   1   1   6  0.65 0.36
  104 E    0  1  0  2  0  0  2 -2  0 -2 -2  1 -2 -2  1  1  0 -3 -2 -1    5   6   5  11   2   4  14   3   2   2   3   9   1   1   8  11   5   0   1   5  0.16 0.14
  105 E   -1  0  3  0  0  2  0 -1  1 -2 -2  1 -1 -2 -1  1  1 -3 -1  0    5   6  14   6   2   9   6   5   3   1   3   7   2   2   3  11   8   0   1   7  0.14 0.14
  106 I    0 -1 -1 -1 -2 -2 -2 -2  0 -2 -3 -1 -2 -2  6  1  1 -4 -2 -2    8   3   3   4   1   2   2   3   2   3   2   4   1   2  36  10   8   0   2   3  0.64 0.37
  107 G    1  1  1  0 -1  1  0  0  0 -2 -1  2 -1 -2 -1  1  0 -1 -1 -2   11   9   7   4   1   6   4   8   3   2   7  14   1   2   2   9   4   1   1   3  0.10 0.11
  108 S   -1 -1 -1 -2  0  0 -1 -1  1 -2  0 -1  0  4 -3  1 -1  1  3 -2    5   4   3   2   2   4   4   4   3   1  10   4   2  20   1  13   4   2  12   2  0.26 0.22
  109 S    1  0  0 -1 -1 -1 -1 -1 -3 -3 -3 -1 -2 -2  3  4  0  0 -4 -2   14   4   4   3   1   3   3   3   0   2   2   4   1   2  16  28   5   1   0   2  0.42 0.34
  110 P   -2  0 -2  0  0  0  0 -3  2 -2 -2 -1 -1 -3  6 -1 -1 -5 -4 -2    2   5   2   6   2   3   6   2   4   2   4   4   2   1  44   5   4   0   0   3  0.85 0.45
  111 R   -3  6  5 -2 -1 -1 -2 -2  2 -3 -3  0 -4 -3 -3 -2 -1 -5 -3 -4    1  40  26   2   1   3   2   2   4   2   2   4   0   1   1   3   3   0   1   1  0.97 0.54
  112 K   -2  3 -2 -3 -1  1  1 -4  0 -1 -3  4 -1 -3 -1 -1  0  1 -2  0    2  17   1   0   2   5   8   0   2   4   2  30   1   1   2   4   5   2   1   8  0.45 0.33
  113 L   -1 -4 -4 -5  0 -4 -4 -4 -4  2  4 -2  1  0 -1 -2 -1  1 -1  3    5   0   0   0   2   0   0   0   0   8  39   3   4   4   3   2   2   2   2  25  0.52 0.33
  114 K   -2  1  0 -2  3  1 -1 -2  2  1  1  1  2  0 -3 -1 -1 -3  0  0    2   9   4   2   6   8   2   2   7   8  12  10   6   4   0   3   3   0   2   8  0.12 0.15
  115 I   -2 -4 -1 -5  1 -4 -3 -3 -4  4  1 -4  2  2 -4 -4 -2  1  1  3    2   0   3   0   2   0   2   2   0  29  15   0   5   9   0   0   2   2   5  19  0.57 0.33
  116 I   -3 -2 -1 -5  3 -2 -5 -3  0  0 -1 -3  0  3 -1 -2 -2  9  4 -1    2   2   4   0   6   2   0   2   2   6   6   2   3  11   4   2   2  26  14   4  0.99 0.48
  117 N    0 -1  1  1  3 -1  1  0  2 -2 -2  0 -2  1 -2  0 -1 -2 -1  0    9   0   9   9   8   0   9   9   9   0   1   9   0   9   0   9   0   0   0   9  0.11 0.11
  118 T   -2 -3 -1  5 -1 -3 -1 -4 -1 -2 -1 -3  0  2 -5 -1  2 -6  1  0    4   2   3  34   2   1   3   1   1   3   7   1   2   7   0   4  13   0   5   6  0.60 0.43
  119 K    0  1  0 -2 -2  1  0 -3  4 -2 -1  3 -1 -1 -3  0 -1 -2  0 -1    8   6   4   2   1   5   6   2  11   3   7  20   2   3   1   7   3   1   3   5  0.28 0.25
  120 T   -2  2  0 -2 -2  3  0 -3  0 -2 -1  3 -2 -3 -2  0  2  1 -1 -3    3  12   5   2   1  11   5   2   2   3   5  21   1   1   2   7  12   2   2   2  0.35 0.33
  121 K   -2  2  2  0 -1  2  0  3  1 -4 -4  2 -1 -3 -3  0 -2 -5 -3 -4    3  12  11   5   2   8   4  19   4   1   2  12   1   1   1   8   3   0   1   1  0.37 0.31
  122 S    0  2  0 -2  0  2  1 -3  0 -2 -3  3 -2 -3 -4  1  1 -5 -1 -2    7  13   5   2   2   8   7   2   2   2   3  21   1   1   0  10   9   0   2   4  0.33 0.30
  123 T    0 -1 -1  0  3 -2  2 -3 -1  0 -1 -2  1  1  1 -1  0  0 -1  2    9   3   3   4   7   1  13   2   1   6   5   2   4   7   7   4   5   1   2  14  0.13 0.16
  124 I   -2 -2 -5 -1 -1 -3 -2 -3 -1  5  0 -2  2  0 -2 -2 -1 -5 -1  3    3   2   0   3   1   1   3   2   1  34   9   2   4   4   2   4   3   0   2  17  0.55 0.38
  125 C    1 -1 -2 -3  7 -1 -2  1  0  0  0 -2  1  0 -5 -1  0  2 -1 -1   12   4   2   2  21   3   3  11   3   4   9   3   4   4   0   3   6   2   2   4  0.41 0.31
  126 D   -2  0  1  1  0  0  4 -2  0 -1 -3  0 -1 -1 -4  1  0  1 -1 -1    3   4   7   7   2   3  27   4   3   4   2   5   2   2   0   9   6   2   2   5  0.29 0.29
  127 L   -2 -1 -1 -2  2  0 -2 -2  2  1  3 -2  1  2 -1 -2 -1 -6  1  0    3   3   3   3   4   4   3   3   5   8  28   3   4   8   3   3   4   0   5   6  0.30 0.20
  128 I   -1  0  0  0  2  0  0 -1  2  0 -1  0  2  1  0 -1  0  4  1 -1    5   5   5   5   5   5   5   5   5   5   5   5   5   5   5   5   5   5   5   5  0.09 0.08
  129 F   -3 -5 -2 -2  1 -2 -2 -3  1 -2 -1 -3  1  6 -1 -1 -2 -3  4 -1    2   0   2   2   3   2   2   2   3   2   6   2   3  39   3   5   3   0  12   4  0.82 0.53
  130 P   -1  2  1  0  0  0  0 -1  1 -2 -1  1  0 -1  2  1  0 -4 -1 -2    5  14   6   5   2   3   6   5   4   2   5   8   2   3  11  10   4   0   2   3  0.15 0.16
  131 S   -1 -1  1  1  0  0  0 -1  1 -2 -2 -1 -1 -2 -1  3  2 -4  0 -2    5   3   6   7   2   5   7   4   3   2   3   4   2   2   2  27  11   0   3   2  0.25 0.29
  132 T    0  0  1  0 -1  0  2 -3 -1 -2 -3  0 -1 -3  4  1  1 -1  0 -2    7   4   5   6   1   3  12   1   1   3   2   5   2   1  21  11   9   1   3   3  0.33 0.28
  133 I   -3 -6 -6 -7 -5 -6 -6 -3 -7  6 -2 -2 -4 -5 -1 -6 -5 -6 -6  6    2   0   0   0   0   0   0   3   0  37   3   3   0   0   3   0   0   0   0  45  1.53 0.75
  134 L   -1  1 -1  0  1  0 -1 -2  0  0  2  0  0  0  0  0 -1 -3  0  0    4  10   3   5   3   3   3   3   3   5  21   7   3   4   4   6   4   0   3   7  0.05 0.10
  135 Q   -1  0  0  0  2  0  0 -1  2 -2 -1  0  1  0  0  0  0  3  1 -1    5   5   5   5   5   5   5   5   5   0   5   5   5   5   5   5   5   5   5   5  0.08 0.12
  136 V    0 -3 -3 -4  2  0 -3 -1 -4  2  1 -1  1  1  0 -2  0 -3 -2  4    6   0   0   0   4   4   0   5   0  13   9   4   4   5   4   0   4   0   0  35  0.32 0.25
  137 K    0  3  0 -2  2  1  0 -1  1 -1 -1  1 -2  0 -3 -1  0 -3  0 -1    7  23   3   0   5   5   4   3   5   4   6  11   0   4   0   4   7   0   4   5  0.17 0.17
  138 L    0 -2 -2 -3  3  1 -2 -3  2  0  0  0  2  1 -3  0  0  4  2  0    7   0   0   0   7   7   0   0   7   7   7   7   7   7   0   7   7   7   7   7  0.15 0.17
  139 T   -3  3  5 -2 -1 -2 -4 -3  0 -2 -3 -1  0 -3 -3  2  1  0 -2 -3    3  15  25   3   1   2   2   3   2   2   4   3   2   2   1  16   9   1   2   3  0.63 0.41
  140 N   -2  5 -1 -2  1  1 -1 -1  3 -7 -3  1  1 -1 -1 -2 -1  2  0 -1    3  31   3   3   3   5   5   5   5   0   3   7   3   3   4   3   4   3   3   4  0.56 0.38
  141 T   -1  0  0  0  2  0  0 -1  2  0 -1  0  2  1  0 -1  0  4  1 -1    5   5   5   5   5   5   5   5   5   5   5   5   5   5   5   5   5   5   5   5  0.09 0.08
  142 R   -2  4 -1 -4  1 -1 -1  0  2 -1 -2  0  1  0 -1  0 -1  2  1 -1    3  27   3   0   3   3   3   8   5   3   4   5   4   3   3   7   3   3   6   4  0.30 0.27
  143 L    0 -2  0 -2  2  1  0 -3 -2  0  0 -2  2  1  1  0  0  4  1  0    7   0   7   0   6   7   7   0   0   7   7   0   6   6   7   7   7   6   6   7  0.13 0.16
  144 I    0  0 -3 -3  2 -2 -3 -3  2  1  1 -1  1  2  0 -1  0  2 -1  2    6   5   0   0   5   0   0   0   7   9  12   4   3   9   4   4   4   4   0  24  0.18 0.19
  145 V    0 -2 -2 -2  3 -2 -2 -2 -2  1  1 -2  2  1  2  0  1 -2 -1  1   10   0   0   0   9   0   1   1   0  10  10   1   9   9  10  10  10   0   0  10  0.15 0.10
  146 V    1 -1 -3 -3  3  0 -3 -1 -3  1  0 -1  1  0 -1 -1  0  2 -2  3   12   4   0   0   7   5   0   4   0   6   9   3   3   5   3   5   4   3   0  26  0.20 0.22
  147 L   -1 -1 -1 -1  1  0 -1 -1  0  0  3 -2  1  1 -3 -1  1 -3  0  0    4   3   3   4   3   3   5   4   3   4  33   0   3   5   0   4  11   0   3   5  0.15 0.19
  148 E   -1  1  0  1  0  1  3 -2  1 -1 -2  0  0 -1 -1 -1 -1 -4  0 -1    5   8   3   8   3   6  24   3   4   3   4   5   3   3   3   4   4   0   3   4  0.20 0.22
  149 D   -1  0  3  2  1  1  0 -1  2 -4 -2  0  0 -1 -4  0  1  2  0 -2    3   6  14  14   3   6   6   4   5   0   3   6   3   3   0   7   7   3   3   3  0.21 0.22
  150 Q   -1  3  0 -2 -1  1  0 -2  3 -2 -3  3  2 -1 -3  1  0 -4 -1 -2    4  15   5   1   1   5   5   3   6   1   2  20   6   2   0  14   5   0   1   2  0.31 0.26
  151 I   -1 -5 -5 -5  1 -5 -5 -5 -5  5  1 -5  0 -1 -2 -3  0 -5 -1  4    6   0   0   0   3   0   0   0   0  35  10   0   2   2   2   2   5   0   2  29  0.82 0.43
  152 Y   -3  0 -1 -2  1 -1 -2 -3  5  0 -1  0  1  2 -4 -2 -1  0  5  0    2   4   3   2   3   3   2   2  16   6   4   5   4  10   0   2   4   1  21   6  0.47 0.31
  153 L   -1 -5 -5 -5  0 -3 -5 -3 -5  5  1 -5  0 -2 -5 -2 -1 -5 -2  4    5   0   0   0   2   1   0   2   0  32  12   0   2   1   0   3   3   0   2  34  0.86 0.45
  154 Y   -5 -5 -3 -6 -1 -2 -5 -6  5 -2 -1 -5 -1  5 -6 -5 -2  2  7 -2    0   0   2   0   2   2   0   0  12   2   5   0   1  21   0   0   3   2  42   3  1.50 0.68
  155 D   -1  0  3  3  1  0  0 -1  1 -1 -2 -1 -3 -3  0  0  0 -4  0  0    4   4  13  21   3   4   5   4   3   4   4   4   0   0   4   6   6   0   3   7  0.20 0.21
  156 I    0  0  0 -3  2  0 -2 -1  2  0 -1  0  1  1  0  0  0  3  1  0    6   6   5   0   5   5   0   6   5   6   6   6   5   5   6   6   6   5   5   6  0.08 0.13
  157 T   -1  1  1  0 -2  1  0  0  0 -2 -3  1 -1 -3  1  3  0  0 -2 -3    6   7   6   4   1   7   7   8   2   2   3   8   2   1   7  20   6   1   1   1  0.20 0.23
  158 T   -3 -2  4  4 -1  0 -1 -1  0 -4 -5  0 -1 -6  1  1  2 -1 -3 -4    2   3  16  20   2   4   4   4   2   1   1   5   2   0   7  11  12   1   1   1  0.51 0.41
  159 M   -2 -1 -2 -5  0  0 -3 -2  1  1  3 -2  5  0  3 -3 -2  0 -2 -1    4   3   3   0   2   4   2   3   3   6  25   3  13   4  15   2   3   1   2   4  0.42 0.35
  160 K   -1  2  0 -2  0  1  1 -3  1 -3 -3  3  0 -3  0  0 -1  1 -2 -1    5   9   4   3   2   7  10   3   3   2   3  19   2   1   5   6   5   2   1   4  0.23 0.27
  161 L   -2  1 -1 -2  0  0 -1 -3  0  1  2  1  1 -1  1 -2 -1  1 -1  1    3   7   3   2   2   4   3   2   2   6  23   8   4   3   6   2   3   2   2   8  0.08 0.16
  162 L   -3  0 -2 -2  0 -1 -2 -5 -1  2  4 -1  2  0 -2 -2 -1  1  0  0    2   5   2   2   2   3   3   0   2  10  36   3   4   3   2   3   3   2   3   5  0.31 0.33
  163 H   -1  0  0  0  2  0  0 -1  1  0 -1  0  1  0 -3  0  0  3  1  0    5   5   5   5   5   5   5   5   5   5   5   5   5   5   0   5   5   5   5   5  0.03 0.10
  164 T    0  0  0 -1  1  1  1 -2  1 -1 -1  0  0 -1 -1  0  2 -3  0  0    5   5   3   3   4   6   9   3   4   4   4   5   3   3   3   8  15   0   3   7  0.04 0.15
  165 I   -3 -3 -5 -3 -1 -3 -2 -4 -2  5  1 -3  0  3 -2 -3 -2  1  1  1    2   1   0   1   1   1   3   1   1  34  13   2   2  12   2   2   2   2   5   7  0.56 0.45
  166 E   -2  0  0  4 -2  0  4 -3 -1 -4 -3 -1 -5 -3  0 -1 -1 -6 -1 -3    3   5   3  22   1   4  28   2   1   1   3   4   0   1   5   4   3   0   2   2  0.51 0.48
  167 T   -3 -2 -2 -1 -2 -3 -3 -3 -2  0 -3 -3 -2 -3 -3 -2  7 -6 -2 -1    1   2   2   4   1   1   2   2   1   5   3   2   1   1   2   2  57   0   1   4  1.09 0.83
  168 S   -1  0  0  0  2  0 -1 -1  2  0 -1  0  2  0  0 -1  0  3  1 -1    5   5   5   5   5   5   5   5   5   5   5   5   5   5   5   5   5   5   5   5  0.03 0.09
  169 P    0 -1  0  1  1  0  0 -1  2 -2 -3 -1  0 -1  3  0 -1  3 -1 -2    6   4   5   8   3   4   5   5   5   3   3   4   2   3  13   8   4   4   3   3  0.12 0.19
  170 N   -3 -2  7  0  0 -2 -2 -2  1 -2 -3 -2 -1 -2 -1 -2 -1 -8 -2 -2    3   2  43   4   2   2   3   4   3   3   3   3   2   2   3   3   3   0   2   3  0.94 0.66
  171 L    0  0  1  0  0 -1 -2 -1  0 -1 -2 -1  1 -2  4 -1 -1  1 -2 -2    7   5   6   5   2   3   3   6   2   4   5   4   3   2  23   5   3   2   2   4  0.24 0.28
  172 S   -2  2  1  0  0  0  0 -2  2 -2 -1  2 -1 -1  1  0 -1 -5  0 -1    3   9   7   6   2   4   5   3   5   3   6  11   2   2   7   7   5   0   3   4  0.08 0.14
  173 G   -1  0  0 -2  0 -2 -3  5  1 -3 -5 -1 -2 -1 -1 -1 -1  1 -2 -2    5   5   4   3   2   2   2  39   3   2   2   4   1   2   4   5   5   2   2   3  0.56 0.44
  174 L   -1 -2 -2 -1 -1 -2 -2  0 -6  2  3 -3  0 -2 -1 -1 -2 -7 -6  1    5   3   3   4   2   2   4   7   0  10  30   1   2   2   4   5   3   0   0  10  0.30 0.26
  175 S   -1 -2 -1 -2  7 -1 -2 -2  2  2 -1 -2  1  0 -2  0 -1 -7 -1  0    5   3   3   3  20   3   3   4   5  10   6   3   3   4   3   7   4   0   3   6  0.43 0.32
  176 A    2 -2 -1  1  3 -1 -1 -1  0 -1 -3 -1  0 -1 -1  2 -1  2  0  0   18   3   3   7   5   3   4   4   2   4   3   3   3   2   3  13   3   2   3   6  0.13 0.19
  177 I   -1 -2 -2 -1  0 -1 -2 -2  0  2  3 -4  1  1 -2 -2 -1 -4  0  2    6   2   2   4   2   2   2   3   2  11  25   0   3   6   2   3   4   0   2  13  0.18 0.22
  178 S    0  0  0  0  2  0  0 -1  2  0 -1 -2  1 -2  0  0  0  3  1  0    5   5   5   5   5   5   5   5   5   5   5   0   5   0   5   5   5   5   5   5  0.04 0.14
  179 Y    0 -1 -1  0  2  0  0  0  0  0  0 -1  0  0  2  0  0  1  0 -1    6   3   3   5   4   4   6   6   3   5   8   3   2   4   9   6   7   2   4   4  0.00 0.06
  180 D    0 -2  2  1  1 -1 -1  0  2 -2 -2 -1  1 -2  0  2  0  1 -1 -2    8   2   8   8   3   3   4   8   4   3   4   3   3   2   5  13   7   2   2   3  0.07 0.15
  181 D    0 -1  0  1 -1 -1  0  0  2 -3 -2 -2 -1 -2  2  2  1 -6 -1 -1    7   4   5   9   1   3   6   7   4   2   4   3   1   2  10  14   8   0   3   4  0.11 0.19
  182 S   -2 -2  1  3 -1  0  2  1  0 -3 -4 -1 -1 -2  0  1  0  2 -1 -2    3   3   7  15   1   4  12  10   2   2   2   5   1   2   5   9   5   2   2   3  0.19 0.24
  183 N   -1  0  4 -2  0 -2 -3 -1  0 -3 -3 -1 -1  0  0  3  0  1 -2 -2    5   5  18   2   2   2   2   5   2   2   3   5   2   3   5  19   6   2   1   3  0.28 0.31
  184 S    0 -2  1 -2  4  0 -1 -2  0 -2 -1 -2  0  0  0  3  1  1 -3  0    8   3   6   2   8   4   4   3   2   3   5   2   2   4   4  18   8   2   1   6  0.17 0.22
  185 Y   -3 -1 -2 -3 -2 -3 -4 -3  2  1  1 -2 -1  1 -2 -2 -1 -1  4  3    3   4   2   2   1   1   1   2   4   8  15   3   1   6   2   3   4   1  14  17  0.35 0.28
  186 L   -3 -4 -4 -3 -1 -1 -7 -3 -3  0  5 -4  2 -1 -4 -4 -2  0 -3  0    2   1   1   2   2   3   0   3   1   6  52   1   4   3   1   2   3   1   1   6  0.90 0.58
  187 A    5 -4 -3 -7  2 -4 -2 -2 -2  1 -2 -6 -1 -3 -2 -2 -2 -7 -4  2   42   1   2   0   4   1   3   3   1   8   5   0   2   1   2   4   3   0   1  12  0.75 0.54
  188 Y    0 -4 -3 -3  5 -3 -3 -5 -2  0  0 -5 -2  4 -3  0 -3 -3  6 -2    8   1   2   2  12   2   2   1   1   5   9   1   1  13   2   6   2   0  22   3  0.73 0.49
  189 P    0 -3 -4 -3  2  0 -3 -2 -6 -2 -1 -3  1 -3  6 -1 -2 -6 -1  0    8   2   1   2   3   4   2   4   0   3   7   2   3   2  37   5   3   0   2   6  0.71 0.54
  190 S    1 -3 -2 -2  2 -2 -2  4 -1 -3 -2 -2 -2  0 -1  3 -1 -2 -2 -3   10   2   2   3   4   2   3  25   2   2   4   2   1   5   3  17   4   1   1   2  0.33 0.30
  191 P   -1  1  0 -1 -2 -1 -3 -1  1 -2 -1  0 -1 -2  3  2  0 -2 -1 -2    6   6   4   4   1   3   2   4   3   3   8   5   2   2  15  17   5   1   3   3  0.17 0.21
  192 P    0  0  0  0  2  0  0 -1  1  0 -1  0  1  0  0  0  0 -2  1  0    5   5   5   5   5   5   5   5   5   5   5   5   5   5   5   5   5   0   5   5 -0.00 0.06
  193 K   -1  1  0  0  0  0  0 -1  0 -1 -1  1  0 -1  1  0  1  1 -2 -1    5   8   5   5   2   3   4   4   3   4   5  11   2   3   8   6  12   2   0   3  0.06 0.14
  194 T    0  0  0  0  0  0 -1  2  0 -1 -1  0  0 -1  0  1  1 -3 -1 -1    6   4   5   5   2   4   3  15   3   3   6   5   2   3   4  11  10   0   3   3  0.04 0.10
  195 I   -1 -1 -1 -1  1  0 -1 -1  1  2 -1  0  0 -1  2  1  0  2  0  0    5   3   3   3   3   4   4   5   4  10   6   5   3   3   9  10   5   2   3   8  0.02 0.09
  196 T    0 -1 -1  0 -4  0 -1  1  1  1  0 -1  0 -1  0  0  0  2  0  1    6   3   3   4   0   4   3  10   3   8   8   3   3   3   4   7   5   3   3  12  0.01 0.07
  197 H    0  1  1  0  1  2 -1 -2  3 -1 -1 -1  0 -1  0  1 -2  2  0 -1    7   7   6   6   3   8   3   3   8   3   7   4   2   2   4  10   3   3   3   5  0.08 0.14
  198 D   -1 -2 -1  2  1  0 -1 -1  0  1  0 -2  0 -1  0  0  0  2 -1  1    4   3   3  11   3   4   4   5   3   9   8   3   2   2   5   7   6   3   2  11  0.04 0.09
  199 S    0 -1  0 -1  1  1  0  0  0  1 -1 -1  1 -1 -1  1  0  0 -1  1    7   3   5   4   3   6   5   6   2   7   6   3   3   2   4  11   5   1   2  11  0.00 0.06
  200 L   -1  0  1  1 -1  0 -2 -1  0  0  1 -2 -1  0  0  0  0  0 -1  0    4   4   6   8   1   4   3   5   3   6  16   3   1   4   5   9   6   1   2   5  0.03 0.07
  201 L    0 -2 -1 -1 -2 -2 -1 -1 -1  1  2 -2  0  0  0  0 -2 -1  1  1    7   2   3   3   1   2   4   4   2   8  23   2   2   4   4   9   3   1   5   8  0.12 0.13
  202 A    1  0  1 -1  1  0  0  0  1 -1 -2 -1  1 -1  1  0  0  2  0  0   13   6   6   4   3   4   6   6   3   3   4   4   3   3   6   7   6   3   3   6  0.05 0.07
  203 S   -1  0  0  0  2  0  0 -1  2  0 -1  0  2  1  0 -1  0  4  1 -1    5   5   5   5   5   5   5   5   5   5   5   5   5   5   5   5   5   5   5   5  0.09 0.08
  204 G    1 -1  0  0  2  0 -1  1  1 -1 -1  0  0  0  2  0  0 -5 -4 -1   10   4   5   5   4   4   5  11   4   4   6   5   3   5   9   7   6   0   0   5  0.09 0.09
  205 I    0  0  1 -1  1 -1 -1  0 -1  0  1 -1 -1  0  1  0  0  1 -1  0    8   4   6   4   3   3   3   7   1   5  16   4   1   4   7   8   4   2   2   6  0.04 0.05
  206 N   -1  0  2 -1  2  0  0  0  1 -1 -2  0  1  0  0  0 -1  2  0  1    6   6  10   4   5   4   5   6   3   4   4   6   3   3   5   7   4   3   3   9  0.07 0.07
  207 T   -1 -1  0  0  2  1 -1 -1  1 -1 -2 -1  1 -5  1  1  2  2  2  0    5   3   4   5   4   5   4   5   3   4   5   4   4   0   7   9  11   3   7   6  0.13 0.14
  208 N    0  0  0  0  2  0  0 -1  1  0 -1  0  1  0  0  0  0 -2  1  0    5   5   5   5   5   5   5   5   5   5   5   5   5   5   5   5   5   0   5   5  0.03 0.05
  209 G   -1  0  0  0  2  0  0 -1  2  0 -1  0  2  1  0 -1  0  4  1 -1    5   5   5   5   5   5   5   5   5   5   5   5   5   5   5   5   5   5   5   5  0.09 0.08
  210 G    0  0  0  0  2  0  0 -1  1  0 -1  0  1  0  0  0  0 -2  1  0    5   5   5   5   5   5   5   5   5   5   5   5   5   5   5   5   5   0   5   5  0.03 0.05
  211 S    0 -1  0  0  1  0  0  0  0  0  0 -1  0  0  1  1  0  0  0  0    7   3   5   5   4   4   5   6   2   5   9   3   2   4   7  13   6   2   4   5  0.03 0.05
  212 N    0  0  0  0  2  0  0 -1  1  0 -1  0  1  0  0  0  0 -2  1  0    5   5   5   5   5   5   5   5   5   5   5   5   5   5   5   5   5   0   5   5  0.03 0.05
  213 S    0  0  0  0  1  0  0 -1  1  0 -1  0  0 -1  1  1  0 -3  0  0    4   6   4   4   3   3   6   4   4   7   7   4   3   3   9  13   7   0   4   6  0.05 0.08
  214 T    0  0  0  0  2  1  0  0  1  0 -1  0  1 -2  1  0  0 -3  1  0    6   6   5   6   5   5   6   6   5   6   6   6   5   0   6   6   6   0   5   6  0.04 0.08
  215 Q   -1  1  0  0 -1  3  0 -1  1 -2 -2  0 -3  0  2  1 -1  0  0 -2    4   7   4   6   1  16   5   5   4   2   5   6   0   4   9  11   4   1   3   3  0.18 0.21
  216 N   -1  0  2  0 -1 -1 -1  0  1  0  0 -1  0 -1  1  1  0  0  0  1    4   6  11   4   1   3   3   6   4   4   9   3   3   2   8  10   4   1   3  10  0.07 0.10
  217 N   -1  0  3  0  1  2 -1  0  4 -1 -2  0 -5 -1  0  1  0 -6  0 -2    5   5  11   6   3   8   5   7   8   3   4   5   0   3   5  10   6   0   3   3  0.19 0.17
  218 I    0 -1 -1 -1  1  0 -1 -1  1  1  0 -1  1 -1  1  0  1  2  0  1    8   3   3   4   3   4   4   5   3   9   8   4   3   3   7   5   7   3   4  10  0.04 0.04
  219 S    0 -1  0 -1  1  0  1 -1  1 -1 -1  0  2  0  1  1  1 -4  0  0    7   4   4   4   3   4   8   4   4   4   5   6   5   4   7  10   7   0   4   6  0.07 0.08
  220 S    0  0  0  0  2  0 -1 -1  2  0  0  0  1  0  0  0  0  2  0  0    6   5   5   6   4   4   4   4   5   6   9   4   4   4   5   7   7   3   3   5  0.04 0.04
  221 V    0 -1  0  0  1 -1 -1 -2  1  0  1 -1  1  0  1  1  0  2  0  0    7   4   4   4   3   3   4   3   4   5  14   4   3   4   6  10   5   3   3   7  0.05 0.06
  222 S    0  0  0  0  2  0  0 -1  1  0 -1  0  1  0  0  0  0 -2  1  0    5   5   5   5   5   5   5   5   5   5   5   5   5   5   5   5   5   0   5   5  0.03 0.05
  223 N    0  0  1  0  0  0  0  0 -1 -1 -1  0 -1  0  2  1  1 -2 -1 -1    8   4   7   4   2   4   7   6   2   4   6   5   1   4  11  11   8   1   2   4  0.08 0.06
  224 T    0  0  0 -1  0  0 -1  0 -1 -1 -1  0 -1 -1  3  1  1 -2 -1  0    8   5   5   4   2   5   4   6   1   4   7   5   2   3  13  10   8   1   2   6  0.10 0.07
  225 P    1 -1  1  0  0 -1  0  1  0 -1 -2  0 -1 -1  2  1  0 -2 -1 -1   10   4   5   6   2   2   5  13   2   4   4   4   2   2  11  11   5   1   3   4  0.12 0.08
  226 N    0  0  1  0 -2  0  0 -1  2 -1 -1  0  0 -1  1  1  1 -2 -1  0    8   6   8   4   1   4   5   5   6   4   7   4   2   3   6  10  11   0   2   5  0.08 0.07
  227 R   -1  1  0  0 -3  2  0 -1  2 -1 -1  1  0 -2  0  1  0 -3 -1 -1    4   9   5   4   1   8   6   5   5   3   6  10   2   2   5  13   7   0   2   4  0.12 0.10
  228 V    0  0  0  0  0  0 -1 -1 -1  0 -1  1 -1 -1  1  1  1 -3 -2  0    8   5   4   4   2   4   3   5   2   6   6   9   2   2   6  13   8   0   1   8  0.06 0.07
  229 G   -2 -3 -3 -3 -5 -3 -3  7 -2 -4 -4 -3 -5 -6 -2 -2 -4 -1 -3 -4    4   2   2   1   0   1   2  69   1   1   2   2   0   1   3   3   2   1   1   1  1.62 0.78
  230 D   -1 -2  0  2 -2  4  2 -2  4 -3 -2 -2 -1 -4 -2  2  1  0 -3 -2    6   2   4   9   1  14  14   3   8   2   4   3   1   1   2  12   7   1   1   4  0.36 0.28
  231 V   -2 -4 -6 -4 -2 -3 -4 -4 -2  3  0 -3 -3 -3 -2 -1 -4 -6 -3  6    3   1   0   1   1   1   2   1   1  15   9   2   1   1   2   5   1   0   1  49  1.08 0.56
  232 I   -1  3 -1 -1 -1  4 -1 -3  1  0  1 -1  0 -2 -2 -1 -1 -5 -3  0    6  17   3   3   1  16   4   3   3   6  11   3   3   2   3   4   4   0   1   7  0.32 0.24
  233 I   -3 -4 -4 -4 -2 -6 -4 -4 -3  5  2 -4 -2 -3 -2 -4 -2 -6 -4  4    3   1   1   2   1   0   2   2   1  29  21   2   1   1   2   2   3   0   1  26  0.98 0.47
  234 F   -2 -2 -2 -3 -2 -2  1 -3  2 -1 -2 -2 -1  5 -2 -2 -2  2  5  1    4   3   3   2   1   2   9   3   5   4   5   3   1  19   3   3   2   3  17  10  0.58 0.31
  235 N   -4  0  3  6 -3 -3 -1 -3  3 -6 -4 -2 -6 -2 -2  0 -3 -6 -3 -4    2   4  11  45   1   2   5   2   6   1   2   3   0   2   2   6   2   0   1   2  1.17 0.61
  236 L    3 -2 -2 -3  2 -3 -2 -2 -1 -2  2 -3  0  0 -2 -3  2 -1  0  0   20   2   2   2   4   2   3   4   2   3  20   2   2   4   2   2  13   1   3   7  0.31 0.21
  237 T    0 -1  1  0 -1 -1 -1 -1  0  0  0  0  1  0 -2  1  0 -1  2  0    8   4   8   5   1   3   4   5   3   6   8   5   4   3   2  11   5   1   8   6  0.06 0.06
  238 S   -1 -1  4  0  0  0  1 -1  1 -3 -3  0 -2 -3  0  1  2 -2 -2 -2    6   4  17   6   2   4   8   6   3   2   3   6   1   1   4  11  11   1   1   3  0.27 0.22
  239 L   -1 -1 -1 -1  1 -1 -1  0 -1  0  3  0  1  0  0  0  0 -4 -2 -1    5   4   3   4   3   3   3   6   1   4  29   5   4   4   5   7   5   0   1   3  0.14 0.15
  240 Q   -1  3  2 -3  0  2  1 -2  2 -3 -3  3 -6 -3 -2  0  0 -6 -6 -2    5  12   9   2   2   9  10   3   4   2   3  19   0   1   3   6   7   0   0   3  0.43 0.31
  241 P    1  1  0 -2 -1 -1  0 -2 -1 -3 -1  0  0 -2  4  1  1 -1 -2  0   10   7   4   2   2   2   5   3   1   2   6   6   2   2  18   9   7   1   1   7  0.23 0.21
  242 I   -1  0 -1 -2  0  0 -1 -2  0  1  1 -1  1 -1  0 -1  1 -5 -1  2    5   6   3   2   2   4   4   4   3   8  13   4   4   3   6   4   9   0   2  15  0.12 0.10
  243 S   -1 -1  1 -2  3  0 -2 -1  1  0  0  1  1 -1 -1  1  0  1 -1  0    5   4   8   2   5   5   2   5   3   6   9   8   4   3   4  11   6   2   2   7  0.09 0.09
  244 V   -2  0  0 -2  1 -1  0 -2  1  3 -2 -2  1  0 -2 -1  2  3  0  1    3   6   5   3   3   3   7   3   3  17   4   3   3   4   3   6  10   4   3  10  0.21 0.15
  245 I    0  0  0 -3  2 -2 -2  0  2  0  0  0  1  1  1 -2  0  4  1  0    6   6   6   0   6   0   0   6   6   6   6   6   6   6   6   0   6   6   6   6  0.10 0.15
  246 E   -1  0  1  0  1  2  1 -2  2 -2 -2  1 -1 -3  3  0  0 -4 -1 -2    5   4   6   5   3   9   8   2   6   3   3  10   1   1  15   6   6   0   1   3  0.22 0.19
  247 A    5 -4 -1 -2  1 -4 -2  0  1 -2 -3 -4 -1 -5 -2 -1 -1 -5 -4  0   58   0   4   2   2   0   2   7   3   3   2   0   2   0   2   2   4   0   0   7  0.81 0.51
  248 H   -2 -2  0 -1  0  0 -4 -5 10 -2 -6 -4 -5 -5 -2 -3 -2 -6 -3 -6    4   2   4   4   2   4   0   0  69   2   1   0   0   0   2   2   3   0   0   0  2.31 0.95
  249 K    0  2  1  2  0  2  2 -2  0 -2 -3  2 -3 -4 -1  0 -1 -4 -2 -2    8  10   8  14   2   8  12   2   2   2   2  15   0   0   2   6   3   0   2   2  0.28 0.22
  250 S    0 -1  2  0 -1  1 -2  1  2 -3 -2 -3 -1 -4 -2  3  1  0 -2 -4    5   2  11   5   1   7   2  12   6   1   3   0   1   0   1  29   8   1   1   0  0.37 0.33
  251 T    0  0  1  1 -1  1  0 -2 -1 -3 -3 -1 -1 -5  5  1 -1  0 -2 -3    8   5   7   6   1   5   7   2   2   1   1   3   2   0  32  10   3   2   1   2  0.56 0.36
  252 I   -3 -5 -6 -6 -2 -5 -3 -6 -6  5  4 -3 -1 -3 -3 -2 -4 -5 -4  3    1   0   0   0   1   0   2   0   0  31  35   2   1   0   1   3   0   0   0  21  1.00 0.49
  253 A    4  0 -2 -3  0  1 -2  0 -3 -3 -3 -2 -2 -3 -1  2  0 -1 -2  0   39   6   2   1   2   5   1   7   1   1   2   2   1   1   3  13   5   1   1   8  0.44 0.34
  254 S    4  0 -1 -5  7 -1 -4 -4 -2 -1 -2 -2  0 -2 -5  1  0 -5 -1 -2   32   5   3   0  24   3   1   1   1   3   3   2   3   1   0   9   5   0   2   2  0.82 0.47
  255 M   -2 -5 -6 -6  1 -5 -5 -6 -5  4  4 -5  4  1 -5 -3 -2 -5 -4  2    3   0   0   0   2   0   0   0   0  23  37   0  11   6   0   1   2   0   0  10  0.91 0.45
  256 A    5 -1 -1 -3  1 -1 -1 -1 -3 -3 -4 -1 -1 -4 -1  2  1 -5 -2 -1   44   3   3   1   3   3   3   3   1   1   1   3   1   1   3  13   8   0   2   5  0.55 0.39
  257 F   -2 -5 -6 -6 -2 -5 -5 -3 -5  2  4 -5  3  5 -6 -3 -3  1 -3  1    4   0   0   0   1   0   0   2   0   9  41   0   6  24   0   2   2   2   0   8  0.92 0.46
  258 S   -2 -3  6  0 -2 -4 -2 -3 -2 -6 -4 -4 -5 -6 -2  5  1 -6 -5 -5    2   1  33   4   1   0   2   1   1   0   2   0   0   0   2  41   8   0   0   0  1.19 0.65
  259 N   -1  0  0  0  2  0  0 -1  2  0 -1  0  2  1  0 -1  0  4  1 -1    5   5   5   5   5   5   5   5   5   5   5   5   5   5   5   5   5   5   5   5  0.09 0.08
  260 N   -1  0  1  5  0  1  0 -2  0 -2 -3 -1 -1 -2  0  1  0 -5 -1 -3    6   4   6  28   2   7   4   3   2   2   3   4   2   2   6   9   5   0   2   2  0.37 0.27
  261 G   -1 -1 -1 -1  2 -5 -1  6 -6 -6 -6 -1 -6 -6 -6  0 -5 -6 -6 -2    6   3   3   4   3   0   4  61   0   0   1   3   0   0   0   6   0   0   0   4  1.32 0.64
  262 L    0  1  0  0  1  0  1 -1  1 -1 -1  0  1 -1 -3  1  2 -3  0 -1    5   7   4   6   3   4   8   3   3   3   5   6   4   3   0  10  19   0   3   3  0.12 0.16
  263 Y   -2  0  0 -2  2  1  0 -3  2  0  0  0  1  1 -3  0  0  4  1  0    0   6   6   0   6   6   6   0   6   6   6   6   6   6   0   6   6   6   6   6  0.13 0.17
  264 L    0 -4 -4 -4  3 -3 -4 -1 -4  3  3 -3  3  1 -4 -3 -2 -3 -2  2    7   0   0   0   6   0   1   6   0  19  30   0   7   6   0   1   0   0   0  14  0.45 0.23
  265 A    4 -2 -2 -2  1 -2 -2  1 -2 -1 -1 -2 -1 -1 -2  0  0 -3 -2  1   56   1   1   1   4   0   1  10   0   3   4   1   0   3   1   4   3   0   0   9  0.35 0.17
  266 T    1 -2 -1 -2  3 -2 -2 -2 -2 -2 -2 -2 -2 -3 -2  2  5 -3 -2  0   10   1   1   1   7   0   1   1   0   1   1   1   0   0   1  13  56   0   0   6  0.56 0.23
  267 A    3 -2 -1 -2  2 -1 -2  0 -2 -1 -1 -1 -1 -2 -2  2  2 -3 -2  0   38   1   1   1   6   0   1   7   0   4   4   1   0   0   1  17  15   0   0   4  0.28 0.14
  268 S    0 -2  1  0  0 -1  0  0 -2 -2 -1 -1 -2 -2 -2  4  0 -3 -1 -1    3   1   7   3   2   0   4   6   0   1   5   1   0   0   1  57   3   0   3   3  0.39 0.20
  269 D    0 -1  0  1 -1  0  2 -1  0 -1 -1  1  1 -2 -2  1  1 -3 -1  0    5   2   4   8   1   2  20   3   2   2   4   8   5   1   0  14   9   0   1   7  0.15 0.12
  270 K   -1  2  0  0 -4  2 -1 -1  0 -1 -2  4  0 -2 -3 -1  0 -4 -3 -1    3  13   4   4   0   8   2   4   2   3   2  35   2   1   0   4   6   0   0   6  0.34 0.21
  271 G   -1 -2 -1 -3 -4 -3 -2  7 -4 -3 -5 -2 -4 -5 -4 -1 -3 -4 -5 -3    2   2   2   0   0   0   3  79   0   2   0   2   0   0   0   3   0   0   0   2  1.43 0.48
  272 T   -2 -1  0 -3 -1 -1 -2 -4  0 -1 -1 -1 -1 -4 -4  0  6 -4 -2 -3    2   3   3   0   1   3   1   0   2   2   5   3   2   0   0   4  67   0   1   0  1.02 0.48
  273 I   -2 -2 -1 -3 -1 -2 -1 -2  1  2  2 -2  1  0 -3 -2 -1  1  0  2    2   1   4   1   1   0   5   4   5  15  27   2   2   3   1   1   3   2   2  21  0.22 0.16
  274 V   -2 -4 -4 -4  1 -4 -3 -5 -1  6  1 -4  0  0 -4 -4 -2 -4 -3  3    2   0   0   0   3   0   1   0   2  53  11   0   1   3   0   0   0   0   0  21  0.88 0.37
  275 R   -3  7  0 -1 -2 -1 -2 -4  1 -5 -4  3 -3 -5 -3 -2 -2  0 -4 -4    1  65   5   3   1   1   0   0   3   0   1  14   0   0   1   1   2   1   0   0  1.25 0.49
  276 I   -2 -4 -3 -4 -1 -4 -4 -2 -4  4  1 -4 -1 -2 -4 -3 -1 -4 -3  5    2   0   1   0   1   0   0   4   0  27  11   0   0   0   0   1   2   0   0  49  0.79 0.34
  277 F   -3 -4 -4 -4 -4 -4 -4 -2  3  0 -2 -4 -1  7 -4 -2 -3  7  2 -2    1   0   0   0   0   0   0   3   8   5   1   0   1  50   0   3   1  16   5   2  1.26 0.44
  278 E    0  1  2  4 -2 -1  0 -1  0 -3 -2 -1 -2 -4 -2  3 -1 -4 -2 -3    5   8  12  26   1   2   3   4   2   1   3   2   1   0   1  24   2   0   1   1  0.39 0.24
  279 V    0 -3 -3 -3 -1 -3 -3 -3 -3  2  0 -2  0  0  0  0  4 -2 -2  2    6   1   0   0   1   0   0   1   0  12  10   1   2   3   4   5  32   1   1  20  0.36 0.24
  280 A    0  0  0 -1 -1  1  0 -2  1 -2 -2  0 -1 -1  5  1 -1 -2 -2 -2   10   5   5   2   1   6   5   2   3   2   4   5   2   2  27  12   3   0   1   2  0.37 0.20
  281 T   -1  0  3  3 -3  0  0 -2  0 -3 -3  0 -3 -2 -1  2  3 -4 -2 -2    4   3  13  18   0   4   5   2   2   1   1   4   0   2   2  17  19   0   1   3  0.34 0.23
  282 G    0 -1 -1 -3  2 -3 -3  5 -4 -2 -1 -2 -3 -4  0 -1 -2 -3 -4 -4    9   4   2   1   4   1   1  54   0   2   6   3   1   1   4   4   2   0   1   1  0.81 0.37
  283 T    0  1  0  0 -3  3  2 -2  0 -3 -3  2 -2 -4 -3  0  2 -4 -3 -1    9   7   3   5   0  14  13   2   2   1   1  11   1   0   1   7  16   0   0   4  0.30 0.23
  284 K   -2  2 -2 -4  2  0 -1 -3  1 -2  2  4  1 -1 -1 -2 -3 -4 -3 -2    2  11   1   0   4   4   3   1   4   1  25  31   3   2   3   2   1   0   0   1  0.47 0.31
  285 L   -1 -3 -4 -5 -2 -3 -3 -5 -5  2  5 -2  1 -2 -5 -2 -2 -4 -3  2    4   1   1   0   1   1   2   0   0   9  56   2   3   1   0   3   2   0   1  13  0.77 0.38
  286 Y   -1  1 -1 -4  2  3 -2 -2  4 -2 -1 -1 -1  2 -4 -3 -2  0  5 -2    5   7   3   0   5  15   1   2  10   2   6   4   2   9   0   1   1   1  22   3  0.51 0.32
  287 Q   -2  0 -1 -2 -5  2  6 -3 -2 -4 -4 -1 -4 -5 -4  0  1 -5 -5 -2    3   5   2   1   0  10  51   2   1   1   1   3   0   0   0   8   8   0   0   3  0.92 0.49
  288 F   -5 -5 -6 -6 -1 -5 -6 -6 -5 -3  4 -5 -1  7 -6 -5 -5 -1 -1  0    0   0   0   0   1   0   0   0   0   0  36   0   1  50   0   0   0   1   1   7  1.53 0.59
  289 R   -4  8 -4 -5 -3 -1 -3 -6 -1 -3 -5  0 -4 -6 -6 -4 -3 -3 -2 -4    1  80   0   0   1   3   1   0   1   2   1   4   0   0   0   1   1   0   1   1  2.05 0.79
  290 R   -5  8 -4 -5 -2 -3 -4 -2 -4 -6 -6 -1 -5 -6 -6 -4 -5 -6 -5 -6    0  88   0   0   1   0   0   4   0   0   0   2   0   0   0   1   0   0   0   0  2.45 0.86
  291 G   -3 -5 -4 -4 -5 -5 -5  7  1 -6 -6 -5 -5 -6 -5 -2 -3 -5 -5 -4    1   0   0   1   0   0   0  85   4   0   1   0   0   0   0   3   1   0   0   1  2.05 0.71
  292 T    1 -2 -1 -3 -2 -2 -3 -2  0  0  0 -1  1 -1 -3  3  2 -4 -1  2   15   1   2   0   1   1   0   2   3   5   7   3   5   2   0  23  16   0   1  14  0.27 0.23
  293 Y   -2  2  1  4 -3  0  1 -2  0 -2 -2  0 -2 -2 -3 -1  1 -3  3 -2    2  12   5  25   0   3   8   2   2   2   3   5   1   1   1   4  10   0  11   3  0.36 0.24
  294 P   -1  2  0 -3  3  0 -1  0  1 -3 -3  0 -3 -3  4  1  0 -4 -1 -2    4  14   4   1   7   5   4   6   3   2   2   5   0   1  26   9   5   0   2   2  0.45 0.26
  295 T    5 -4 -3 -4  3 -4 -2 -1 -4 -3 -3 -3 -3 -5 -4  0  1 -5 -4  1   57   0   1   0   6   0   2   4   0   1   2   1   0   0   0   7   7   0   0  11  0.90 0.47
  296 K   -1  0  0  0  2  0 -1 -1  2  0 -1  0  2  0  0 -1  0  3  1 -1    5   5   5   5   5   5   5   5   5   5   5   5   5   5   5   5   5   5   5   5  0.03 0.09
  297 I   -1 -6 -7 -7 -6  1 -6 -7 -7  6  0 -6  3  1 -6 -6  0 -6 -6  2    6   0   0   0   0   6   1   1   0  42   9   1   6   6   0   1   6   0   0  13  1.26 0.46
  298 Y   -2  0  0 -2  1  0 -2 -3  4 -2 -2 -2 -1  2 -5  0  0  2  6 -2    3   5   4   2   3   4   2   2  10   2   4   2   2   7   0   9   5   3  27   3  0.62 0.36
  299 S   -2 -2 -2  0  6 -2 -3  0  0 -2 -3 -5 -5 -2 -2  5 -2  0  1 -5    3   2   2   5  13   2   2   7   2   2   3   0   0   2   2  44   2   2   5   0  0.89 0.53
  300 L    0 -2  1 -2  3 -2 -2 -2 -1  1  1 -2  2 -1 -2 -1  1 -2  2  1   11   1  10   1  10   0   1   1   0  11  11   1  10   0   1   1  11   0  10  11  0.12 0.10
  301 R    1  0  1  1  2  0  0 -1  0 -1  0  0  0 -2 -2  1  1 -3  0  0   12   4   6   8   6   3   4   4   3   0   9   4   3   0   0  13   9   0   3   7  0.08 0.09
  302 F   -3 -4 -4 -4 -3 -4 -4 -4 -3  1  0 -4  2  7 -4 -3  0  3  2  0    1   0   0   0   0   0   1   1   0  10   6   0   5  54   0   1   6   5   4   4  0.92 0.36
  303 S   -1 -1  4  0  1 -3  0 -2  0 -3 -4 -2 -4 -3 -4  5 -2 -5 -4 -5    4   3  19   4   3   0   6   3   2   1   2   2   0   1   0  46   2   0   0   0  0.83 0.48
  304 A    1  0 -1 -2 -1  0 -1 -2  1 -2  0  0  1 -2  5 -1 -1  0 -1 -2   11   6   2   1   1   5   3   2   3   2   8   5   3   1  32   5   3   2   2   2  0.50 0.29
  305 D   -2 -2  2  6  1 -2  0 -2 -1 -1 -4 -1 -2 -5 -1  0  0 -5 -3 -2    3   2  10  43   4   2   6   2   1   4   2   3   1   0   4   6   5   0   1   3  0.70 0.38
  306 D    1 -3  2  0  0  0 -1  2 -2 -3 -2 -2 -1 -3 -1  4 -2 -5 -3 -1    9   1   9   5   2   4   4  16   1   1   3   2   1   1   3  30   2   0   1   4  0.38 0.31
  307 K    0  2  1 -1 -2  3  1 -2  0 -3 -2  2 -1 -3 -2  1  2 -5 -3 -3    6   9   6   3   1  16   7   2   2   1   3  12   1   1   2  12  14   0   1   1  0.33 0.27
  308 Y   -2  1 -3 -4 -2 -3 -1 -6  0 -1  2 -1  2  4 -2 -4 -3  7  3 -3    3   7   1   1   1   1   4   0   3   4  18   3   5  18   2   1   1  16  11   1  0.75 0.41
  309 V   -5 -6 -7 -7 -5 -6 -6 -7 -6  2  6 -6  2 -1 -6 -2 -5 -6 -5  1    0   0   0   0   0   0   0   0   0   9  70   0   4   2   0   3   0   0   0   9  1.53 0.65
  310 L    5 -5 -4 -6  7 -5 -5 -1 -6 -1 -2 -5  0 -3 -5 -1 -2 -6 -5  1   41   0   1   0  24   0   0   5   0   4   4   0   2   1   0   3   2   0   0  10  1.11 0.55
  311 A    3 -5 -5 -6  6 -3 -5 -3 -6 -1 -1 -5 -1 -5 -5 -1 -1 -6 -5  5   26   0   0   0  15   1   0   2   0   2   4   0   1   0   0   5   3   0   0  38  0.99 0.52
  312 T    1 -4 -2 -4  2 -4 -3 -2 -2 -1 -3 -4 -2 -4 -3  5  2  4 -3 -1   10   0   1   0   4   0   2   3   1   3   3   0   1   0   1  41  15   7   1   5  0.68 0.46
  313 S   -2 -5 -2 -4 -2 -4 -4 -2 -5 -3 -5 -4 -5 -6 -1  7 -1 -6 -6 -5    2   0   1   0   1   0   0   3   0   2   1   0   0   0   3  82   2   0   0   0  1.80 0.84
  314 S   -1 -4  4  6 -3 -4  0 -3 -2 -4 -5 -3 -6 -7 -5  1 -2 -3 -4 -5    6   1  19  50   0   0   5   1   1   1   1   1   0   0   0  12   1   0   0   1  1.24 0.60
  315 S   -3  1  1  0 -5 -2 -2 -4  2 -4 -4  5 -4 -4 -5  1  4 -6 -5 -4    1   8   5   5   0   1   1   1   5   1   1  38   0   0   0  11  23   0   0   0  0.86 0.51
  316 L   -2 -3  0  0 -2 -2  3  5 -3 -6 -5 -2 -3 -5 -3 -1 -2 -3 -3 -5    2   1   5   5   1   1  19  51   1   0   1   2   1   0   1   4   2   0   1   1  0.98 0.51
  317 T   -3 -5 -3 -3 -5 -3 -5 -5 -6 -2 -5 -3 -2 -6 -5  0  8 -6 -6 -2    2   0   1   1   0   1   0   0   0   2   0   1   1   0   0   4  82   0   0   2  2.01 0.85
  318 V   -1 -6 -6 -6 -2 -5 -6 -4 -6  5  1 -5 -1 -4 -6 -3 -2 -6 -5  6    4   0   0   0   1   0   0   2   0  27  12   0   1   0   0   1   1   0   0  51  1.22 0.54
  319 H   -6 -3 -3 -5 -8 -2 -5 -7 11 -8 -5 -3 -6 -6 -7 -2 -6 -7 -1 -8    0   1   1   1   0   1   0   0  87   0   2   1   0   0   0   3   0   0   2   0  3.46 1.15
  320 I   -2 -6 -6 -6 -2 -5 -6 -6 -6  6  1 -5  0 -2 -6 -5 -3 -6 -4  5    2   0   0   0   1   0   0   0   0  43   9   0   2   1   0   0   1   0   0  40  1.34 0.54
  321 F   -6 -7 -7 -7 -6 -7 -7 -7 -5 -4 -2 -7 -4  9 -7 -4 -6  5  4 -4    0   0   0   0   0   0   0   0   0   0   3   0   0  75   0   1   0   8  11   1  2.52 0.85
  322 R    1  2  1  1  0  1  0 -1  1 -3 -4  3 -3 -3 -2  1 -1 -5 -2 -4   13  13   6   7   2   4   6   4   3   1   0  23   0   1   1  13   2   0   1   0  0.36 0.26
  323 L   -2 -4 -4 -6  0 -5 -5 -6 -5  3  5 -4  1 -2 -5 -4 -2 -5 -4  2    4   1   1   0   2   0   0   0   0  16  59   1   3   1   0   1   1   0   0  10  1.04 0.46
  324 G    0  0  1  2 -2  0  1  1  1 -2 -2  1 -2 -1  1  1 -1 -4 -2 -2    9   3   5  12   1   3  10  11   4   1   3  12   1   3   6  11   3   0   1   1  0.17 0.13
  325 E   -1  0  1  2 -2  1  2 -1  1 -3 -2  1 -2 -2  2  0  0 -3 -2 -1    5   3   5  13   1   5  18   3   3   1   4   9   1   1  10   7   4   0   1   4  0.24 0.17
  326 E    0  1  0  1 -3  2  2  0  0 -3 -2  1 -1 -4  1  1  0 -4 -2 -2    6   7   5   8   0   9  16   9   2   1   4   6   2   0   8   9   5   0   1   2  0.22 0.16
  327 E    1  1  1  1 -3  1  3  0 -1 -2 -2  0 -1 -3  0  1 -1 -4 -2 -1   10   7   6   7   0   7  19   7   1   2   3   5   1   1   4  10   3   0   1   5  0.18 0.14
  328 A    1  0  0  0  0  0  0  0 -2 -2 -1  1 -2 -3  2  1 -1 -3 -2 -1   15   6   5   5   2   3   6   8   1   2   6  10   0   1  11  13   3   0   1   3  0.16 0.13
  329 L    0  1  1  0 -1  0  0  0 -1 -1  0  0  0 -1  0  1  1 -2 -2  0    7   8   6   4   1   4   6   6   1   3  14   4   1   2   4  12  10   0   1   7  0.05 0.07
  330 E    0  0  2  0 -2  2  1  0  2 -1 -2  0 -2 -2 -1  1  0  3 -1 -3    8   6   9   5   1  12  10   7   5   4   3   6   1   1   3   8   5   4   1   1  0.17 0.14
  331 T    0  2  1  0 -3  0  0  1 -1 -2 -2  0  0 -3  0  1  2 -4 -3 -2    7  11   6   5   0   3   5  10   1   2   3   6   3   1   5  11  17   0   1   3  0.17 0.15
  332 K    0  2  0  0 -3  0  1  1  0 -2 -2  3 -2 -3 -2  2 -1 -2 -3 -3    6  12   4   5   0   4   9  11   2   2   3  17   1   1   2  15   3   1   1   1  0.25 0.19
  333 H   -1  0  3  0 -4  0  1 -1  4 -2 -3 -1 -1 -1  0  2  0  1  2 -2    4   5  13   4   0   4   9   5  12   2   2   2   1   2   4  16   4   2   6   2  0.25 0.20
  334 K    1  1  0 -1 -2  0  0  0  0 -1 -1  1 -1 -1  0  1  0 -3 -1  0   12   8   4   2   1   4   6   6   3   3   5  10   1   4   5  13   6   0   1   7  0.07 0.08
  335 K    0  1  0  0 -2  1  0  1  0 -3  0  1 -1 -1  0  1  1 -2 -2 -2    7   8   4   4   0   6   6  11   2   1   9  10   1   3   4  12   8   1   1   1  0.11 0.11
  336 K    0  1  0  0 -2  1  0  1  1 -3 -2  2 -1 -2 -1  2  0 -3 -1 -2    9   6   5   5   1   7   4  10   3   1   3  13   1   2   3  19   4   0   2   2  0.18 0.16
  337 K    1  0  1 -1 -1  0  0  0  0 -1 -1  0  0  0  0  2  0 -1  1 -2   10   6   6   3   1   3   5   7   2   3   5   7   3   5   3  20   4   1   4   3  0.10 0.12
  338 I    1 -1 -1 -2 -2 -2 -1 -1 -2  1  2 -2  2  0  1  1  0 -2 -2  1   10   3   2   2   0   1   3   5   1   7  18   2   5   5   8   9   6   1   1  10  0.11 0.11
  339 P    0  0 -1  0 -4  0 -2  2 -2 -3 -1 -1  0 -2  4  3 -1 -2 -3 -3    6   4   3   5   0   3   2  13   1   2   5   4   3   2  20  21   3   1   1   1  0.38 0.27
  340 A    2 -1 -1 -2 -3  1 -1  0 -2 -2 -1  0  0  0 -2  3  0 -3  0 -2   17   3   3   2   0   6   4   8   1   2   6   5   3   3   2  23   6   0   3   2  0.21 0.20
  341 V    1 -2  0 -3 -2 -1 -2 -1 -2  1  1 -1  0 -1  1  1  0 -1 -1  2   11   2   5   1   0   2   2   4   1   8  13   3   2   2   8  13   5   1   2  15  0.12 0.12
  342 A    2  0  1 -2 -4 -1 -1  2 -2 -3 -2  0 -3 -2  1  2  0  2 -1 -1   18   4   6   1   0   2   3  14   1   1   3   5   0   2   8  17   6   2   2   4  0.23 0.20
  343 T    0 -2  1 -1 -3 -1 -2  1 -1 -2 -2  0 -2  0  2  3  2 -3 -2 -3    5   2   6   3   0   2   2  11   2   2   4   6   1   4  10  24  11   0   1   2  0.29 0.24
  344 I   -1 -2 -1 -1 -2 -2 -1 -1  0  1  0 -2  1  1 -1  1 -1 -1  4  1    5   1   3   3   1   2   4   5   2   9  10   2   4   7   4  10   4   1  17   8  0.18 0.16
  345 L    0 -2 -1 -3 -1 -2 -2 -2 -1  0  3 -3  0  2  1  0 -1  0 -2  0    7   2   3   1   1   2   2   4   1   5  32   1   2   8   8   9   3   1   1   5  0.27 0.20
  346 E    0 -1  0  1 -3  0  0  1  0 -4 -2 -1 -2 -2  4  1  0  1 -3 -2    7   3   4   8   1   4   7   9   2   1   3   4   1   2  23  10   5   2   1   3  0.35 0.24
  347 E    0  0  0  1 -5  1  1  0  0 -3 -4  2 -2 -3  2  2  0 -5 -2 -3    6   5   5   8   0   7   8   6   2   2   1  12   1   1   9  18   5   0   1   2  0.27 0.22
  348 E    0  0  0  0 -2  2  0 -2  0 -2 -2 -1 -2 -1  0  1 -1 -2  4  0    6   5   4   4   1  11   6   3   2   2   5   3   1   2   5  13   4   0  17   6  0.24 0.22
  349 T    0  0 -1 -2  0 -1 -2 -1 -2 -1 -1 -1  0  3 -1  1  2  4 -1  1    7   5   3   3   2   2   2   4   1   3   6   4   2  14   4  11  12   5   1   9  0.18 0.16
  350 E    0  0  1  1 -4  0  0  0  0 -2 -2  0 -2 -2  1  2  0 -4  0 -2    8   4   6   9   0   4   5   9   2   2   4   6   1   2   8  18   6   0   3   2  0.17 0.16
  351 G    1 -1 -2  0 -5 -1  0  2 -2 -2 -3 -1 -2 -2  1  3  0 -5 -3 -3   12   3   2   5   0   3   6  16   1   2   3   4   1   2   6  25   6   0   1   2  0.32 0.26
  352 S    0 -1 -1 -1 -2  1  1 -1 -2 -1 -1  0  1 -1  0  3  1 -4 -1 -1    8   4   2   2   1   7  10   4   1   4   5   5   5   2   5  21   7   0   2   5  0.16 0.18
  353 Q    0  0 -2 -1 -3  0 -2 -1 -2 -2 -1  0  2  1 -1  1  1  7 -1 -1    7   6   1   3   0   5   2   4   1   2   6   6   4   5   4  12   7  17   2   4  0.40 0.27
  354 S    0 -2  2  0 -2 -1 -1 -1  1 -2 -2  0  0 -3 -1  4  0 -3 -1 -1    8   2   8   5   1   2   3   4   3   2   4   5   2   1   3  33   6   0   2   4  0.36 0.29
  355 N   -1  1  2  0 -4  1 -2 -1  0 -3 -1 -2 -1  2  1  1  0  1  1 -3    5   8  10   5   0   8   2   5   2   1   6   2   2  11   6  12   6   2   6   1  0.18 0.18
  356 E    2  0 -1  2 -2 -1  0  0  0 -2 -1 -1  1 -2  0  1 -2 -5 -2 -2   19   5   3  13   1   2   6   8   2   2   8   4   3   2   5  12   2   0   1   3  0.16 0.16
  357 Q    1  3  0 -2 -3  3  0 -2  0 -2 -2  0 -1 -3  0  2 -2 -5 -3 -1   11  17   4   2   0  14   5   3   2   3   5   6   1   1   5  13   2   0   1   5  0.27 0.23
  358 T    1  0  0 -1 -4  0 -3  0  0 -2 -1 -1 -3  0  1  3  2 -2 -1 -2   13   6   3   3   0   4   1   6   2   2   6   3   0   4   7  22  14   1   2   2  0.24 0.24
  359 K    0  1  0 -1 -3  0 -1  0  1 -1 -1  1 -1  2  0  1  0  0  0 -1    6   8   4   3   0   4   3   9   3   3   4   8   1  11   6   9   7   1   4   5  0.08 0.10
  360 S    2 -1  1 -1 -1 -2 -1  0  0 -1 -1 -1 -4 -2  0  3  0 -3 -2 -2   17   4   6   3   1   1   4   7   2   4   6   3   0   2   4  27   5   0   2   2  0.27 0.25
  361 I    0 -2 -1 -1 -1 -1 -1  0 -1  1  0 -2  1 -1  2  1  2 -1 -2  0    9   2   2   3   1   2   3   7   2  11  10   2   4   3   9  10  13   1   1   7  0.10 0.12
  362 K    1  1  0 -1 -1  0  0  1 -1 -2 -2  1 -1 -2  1  1  1  1 -2  0   10   7   5   2   1   3   5  11   1   2   3   9   1   2   7  11   8   2   1   9  0.11 0.12
  363 R    0  3  1  0 -4  1  0 -1 -1 -3 -2  0 -3 -2  0  2  0 -5 -3 -2    6  17   8   5   0   5   6   5   2   1   5   6   0   2   5  15   6   0   1   3  0.22 0.20
  364 N   -1 -1  3  0 -3 -1 -1  1 -2  0 -1 -2 -1 -1  0  2  1  1 -2 -1    6   3  15   6   0   3   3  10   1   5   5   1   1   3   6  16  10   2   1   4  0.18 0.18
  365 S    1 -2 -1 -1 -4 -2 -1 -1 -1 -1 -1 -1 -2 -3  2  3  2 -5 -3  0   10   2   3   4   0   1   5   5   2   3   6   4   1   1  10  24  12   0   1   7  0.26 0.24
  366 E    0  1  0  0 -2  0  1  0  2 -1 -1  0 -1  0  0  1  0  1 -1  0    7   7   4   6   1   3   9   7   5   4   4   6   1   4   3  12   5   2   1   7  0.06 0.07
  367 E    1 -1  0 -1 -1  0  0  1 -1  0 -2  0  0  0  2  1 -1 -4 -2  0   10   2   3   2   1   3   7  10   1   6   3   7   3   4  11  14   3   0   1   7  0.12 0.13
  368 F    0  0  0 -2  0 -1 -1 -1  0  0  0 -1  0  2 -1  1  1  2 -1  0    9   6   4   2   2   2   3   5   2   5  11   3   2  11   3  13   8   4   2   6  0.07 0.09
  369 E    1  1 -1 -1  0  0  0 -1 -1 -1  0  1 -1 -1  0  1  0  0 -1  0   13   7   3   3   2   4   7   3   2   2   9  10   1   2   5  11   6   1   1   7  0.07 0.09
  370 D    0  0  0  2  0  0  0  0  0 -1  0  0 -1 -1  0  1  0 -3 -2 -1    6   6   5  13   2   5   6   9   2   2   8   4   1   3   4  12   6   0   1   5  0.08 0.09
  371 I    0 -2  0 -2 -2  0  0  0 -1  1  0 -1  0  1  0  0  0 -1  0  1    8   1   4   1   1   3   5   6   1  11  10   5   3   8   4   8   6   0   3  10  0.04 0.06
  372 R    0  2  0 -1 -2 -1 -1  0  2  0  0  0 -1 -1  1  0  0 -1  1 -1    7  13   5   4   1   2   3   7   6   6  10   4   1   2   6   9   5   1   5   4  0.07 0.08
  373 D    0  0  2  2  0 -2  0  0  2 -3 -1  0 -1 -3  2  2  0 -2 -4 -2    9   4   8  11   2   1   5   6   4   1   6   5   1   1  11  16   5   1   0   2  0.21 0.18
  374 D   -1 -2  0  2 -2 -1  1  1 -1 -2 -2  2 -3  0 -1  2  0 -3 -1  0    3   1   4  13   1   3   8  11   1   2   4  11   1   4   3  17   5   0   2   6  0.18 0.17
  375 G    1 -2 -1  0 -3 -2 -3  4 -2 -2 -2 -2 -1 -2 -1  1  1 -4  3 -1   11   2   3   6   1   2   1  26   1   2   5   2   2   2   3  10   8   0  10   4  0.34 0.25
  376 D    1 -2  0  2  0 -1  0  0  1 -2 -2 -1 -2  1  1  1 -1  0  1 -2   12   2   5  13   2   1   6   8   4   3   4   4   1   6   7  12   3   1   5   3  0.12 0.13
  377 D    0  0  0  2 -4  0  0  1  1 -2 -2 -1 -2 -2  2  1  0 -1 -2 -2    9   4   4  13   0   3   6  10   3   2   4   4   1   2  11  12   7   1   1   3  0.18 0.16
  378 S    1 -1  0  1 -3  0 -1 -1  0 -4 -3  1 -3 -5 -2  4  0  0 -3 -2   11   4   4   7   1   4   3   5   2   1   2   7   1   0   2  35   5   2   1   3  0.46 0.35
  379 D   -1  0  1  2  0  1  1  0 -1 -2  0 -1 -1 -1  1  1  0 -3 -1 -1    5   5   6  10   2   5   9   6   1   2  10   4   1   3   8  12   6   0   2   5  0.09 0.10
  380 V    0  0  0 -1 -3 -2  0 -1 -2 -1  0  0  0  0  0  0  2  5 -2  1    9   5   4   3   0   1   5   4   1   3   7   5   3   3   5   8  12   7   1  14  0.14 0.15
  381 D    0  0  1  2 -2  1  1  0  0 -1 -2  0 -1 -1 -1  2  0 -4 -1 -2    6   4   6  14   1   5   7   7   3   4   4   5   1   2   4  16   5   0   3   3  0.14 0.14
  382 D    0 -2  0  2 -1 -1  0  0  1 -1 -1 -1 -1  2 -2  1  0 -3 -1 -1    8   1   5  13   2   1   7   9   3   3   5   4   2  10   2  13   7   0   1   5  0.12 0.13
  383 E    1  1  0  0 -2  1  2 -1  0 -1 -1  0 -2 -1  0  0 -1 -1  0  0   15   8   4   5   1   5  13   3   2   4   6   4   1   2   4   8   3   1   3   8  0.08 0.10
  384 D    0  0  2  2 -1  0  1 -1  0  0 -2 -1 -1 -1  0  1  0  0 -2 -1    7   6  11  13   1   5   8   4   2   6   4   2   2   3   4  12   5   1   1   4  0.12 0.12
  385 G    0 -3  0  0  1 -1  0  4 -1 -1 -2 -2 -1  1  1  0 -1 -4 -1 -1    9   1   4   5   3   2   5  29   1   3   3   2   1   6   7   7   3   0   3   4  0.28 0.20
  386 D   -1 -1  0  3 -2  0  1  0  0 -2 -1  0 -1 -2  1  1  1  3 -2  0    3   3   4  15   1   4   7   7   3   2   6   7   1   1   7  10   9   4   1   7  0.15 0.14
  387 I    0 -1  0  0 -2  0  0 -1 -1  0  1  0  0  0  0  1  1 -3  0  1    6   3   3   5   1   4   5   3   2   6  15   5   2   4   4  10  10   0   2  10  0.04 0.06
  388 D    1  2  2  3 -1  0  0  0 -3 -2 -3 -1 -2 -2  0  1 -1 -4 -2 -2   10  13   9  19   2   3   6   8   0   2   2   2   1   2   5   8   3   0   1   3  0.26 0.21
  389 D   -1  0  0  0  2  0  0 -1  2  0 -1  0  2  1  0 -1  0  3  1 -1    5   5   5   5   5   5   5   5   5   5   5   5   5   5   5   5   5   5   5   5  0.08 0.08
  390 E    0  0  0  0  1  0  1  0  1 -1 -2  0  0 -1  0  1  0  3  0  0    8   4   3   6   3   4   8   7   3   5   4   5   3   3   4  10   5   5   4   6  0.06 0.08
  391 S    0  0  3  0  1  0  0 -1  0 -2 -1 -2  0 -1  0  2  0  1 -1 -1    7   5  12   5   3   4   7   5   2   3   6   2   2   3   5  17   5   2   3   4  0.14 0.17
  392 L    0  0  0  0  2  0  0 -1  1  0 -1  0 -2  0  0  0  0  3  1 -1    5   5   5   5   5   5   5   5   5   5   5   5   0   5   5   5   5   5   5   5  0.06 0.08
  393 E    1 -1  0  0  1  0  1 -1  1  0 -1 -2  0  0  0  1  0  0  1  0   10   3   5   5   4   3  13   4   4   6   4   0   2   5   5  10   4   2   4   7  0.07 0.12
  394 V    0  0  0  0  0  0  0 -1 -1  1  0 -1  0  1  1  0  0 -3  0  1    7   5   4   5   2   3   6   4   2  11   9   3   2   7   6   8   4   0   3  10  0.02 0.05
  395 I    0  0  0 -1  0  0  0 -1  0  0  0  0  0 -1  0  0  0  0 -1  1    7   6   5   3   2   5   5   4   2   6  12   4   2   3   4   8   7   2   2  11  0.02 0.03
  396 P    1  1  1  0 -3 -1  0  0  0 -1  0 -1 -1 -2  2  1  0 -4 -1  0   10   9   7   5   0   2   5   6   2   4   9   2   1   2  11  12   5   0   2   7  0.10 0.13
  397 A    1  0  0 -1 -3  0 -1  1 -3 -1  0 -1  0  1  1  1  0  0 -1  0   10   5   5   4   0   4   2  11   0   3   9   3   3   8   8   9   5   1   1   9  0.07 0.11
  398 K   -1  0  0  1 -1  0  0  1  0  0  0  0  1 -1  0  1  0 -3 -1  0    4   6   4   9   1   3   4  11   3   9   8   5   4   2   5  12   4   0   2   5  0.04 0.08
  399 Q    0  1 -2  1 -4  1  1 -1  1 -1 -1 -1  1 -2  3  1  0  0 -2 -2    6   8   1   7   0   6   7   4   3   3   5   4   4   2  16  11   6   1   1   3  0.19 0.21
  400 R    0  2  2  1 -1  0  0  1 -1 -1 -1  0 -1 -1 -1  0  0 -1 -1 -2    6  15  10   7   1   4   7  11   1   4   5   4   2   3   2   7   6   1   2   2  0.12 0.15
  401 K   -1  1  0  0  0  0  0  0  0 -2 -1  1 -1 -1  1  1  1 -1  1 -1    5   9   5   5   3   4   6   8   3   3   5   8   1   2   8  10   8   1   5   3  0.08 0.10
  402 L    0 -1  0  0  0 -1 -1  0 -1  0  1 -1  0  1  1 -1  0  1 -1  1    6   3   5   4   2   3   4   8   1   6  12   2   1   6   7   4   8   2   2  13  0.04 0.06
  403 S    1 -1  0  1  0  0 -1  1 -1 -1 -2 -2 -4  1  0  3  1 -4  0 -2   10   3   4   8   2   4   3   9   1   3   4   1   0   5   5  21  10   0   3   3  0.18 0.22
  404 Q    0  1  0  0 -3  0  0  0  0  1  0  0  0  1  0  1  0  0 -2  1    6   8   3   4   0   5   6   6   2   9   8   4   2   6   5  11   4   1   0  10  0.04 0.08
  405 G    0 -1  0  0  1  0  0  1  1 -1 -1  0  1 -1  1  1 -1  2  0 -1    6   4   6   4   3   4   6  12   4   4   7   5   3   3   8   9   4   3   3   3  0.06 0.07
  406 S    0  1  0  1 -5  0  0  0  1 -1 -2 -1 -4  0  1  2  0  3  1 -1    8   7   4   6   0   5   5   6   4   3   4   3   0   3   7  17   6   4   4   4  0.15 0.17
  407 T    1 -1  0  0  0 -1  0 -1  0  0  0 -1 -4 -4  1  2  1 -5 -1  0   10   3   5   6   2   3   5   5   2   5  11   3   0   0   6  16   8   0   2   7  0.12 0.14
  408 N   -1  0  0  0  2  0  0 -1  2  0 -1  0  2  0  0 -1  0  3  1 -1    5   5   5   5   5   5   5   5   5   5   5   5   5   5   5   5   5   5   5   5  0.07 0.08
  409 S    1 -1  0  0 -5 -1 -2  0 -5  0 -1  0  1  1  2  2 -1 -5 -1 -2   11   4   4   5   0   2   3   8   0   5   6   5   3   6   9  18   4   0   3   3  0.17 0.18
  410 Y   -1  0  0 -1  1 -1 -1  0  1  0  0 -1  1 -1  0  1  1  1  2  0    5   5   4   3   3   2   3   9   4   5   7   3   3   2   4  11  10   2   7   7  0.06 0.09
  411 T    2 -1  1 -1 -1  0  0  1  1 -2 -3  0  0 -2  1  1  1  3  0 -2   14   3   6   3   1   4   5  12   4   2   2   6   2   2   7   9   9   3   3   3  0.15 0.16
  412 S    0 -1  0  1  0 -2 -2  0  1  0 -3 -1 -2  0 -1  3  2  0 -2 -3    7   4   4   9   2   2   2   9   3   5   3   5   1   5   3  22  11   1   1   2  0.23 0.23
  413 V    0  0 -2 -2 -1 -1 -1 -1  0  1  0 -1 -1  1 -1  1  1  1  0  0    7   5   1   2   1   3   4   5   2   8  10   3   2   7   3  13  11   2   4   7  0.06 0.10
  414 N   -1  1  2 -1 -1  1  0  1  2 -3 -2  0 -1 -1  2  1 -2 -5 -1 -3    5   7  11   4   1   7   6  11   5   2   4   7   2   3  10  11   2   0   2   2  0.20 0.20
  415 S    0 -1  0  1 -1 -1 -2 -1  0 -1 -1 -1 -1  0 -1  2  2  0  0 -1    8   4   4   9   1   2   2   5   2   3   7   5   2   4   3  18  13   1   4   4  0.15 0.17
  416 E   -1 -2 -1  0 -2  0  1  2  2  0  0  0 -1 -1  1  0 -2  2 -1 -3    5   2   3   6   1   4  11  14   4   5  11   5   1   3   7   9   3   3   2   2  0.12 0.14
  417 D    0  0  0  2  2 -2  1  0  2 -3  0  1 -1 -1  0  1 -2 -5 -1 -2    8   5   4  12   4   2   8   8   5   1   9   8   2   3   4   9   2   0   2   2  0.13 0.13
  418 V    1 -1  0  0 -1 -1 -1  0  2  0  0 -1 -3  0 -3  1  1  3  0  1   11   4   4   5   2   2   4   8   4   4   8   3   0   4   1   9  11   4   3   9  0.09 0.11
  419 Q   -1  0  0  1 -5  2 -1  1  2 -2 -1  0 -1 -2  1  2  0 -5  0 -2    6   5   5   6   0   8   4   9   4   2   5   5   1   2   7  17   6   0   4   3  0.16 0.18
  420 S    1  1 -1 -1 -1 -1 -1  2  0 -2 -1 -1 -2 -1 -1  2 -1  0 -2 -1   12   7   3   4   2   2   4  15   2   2   5   4   1   3   3  18   4   1   1   5  0.17 0.18
  421 N   -1  0  3  1 -5  0  0  0  1 -2 -2  1 -2 -1  0  2  0  0 -1 -1    5   5  12   7   0   4   7   6   3   2   3   7   1   3   6  15   6   1   2   4  0.16 0.17
  422 S    1  0  1  1 -2  0  0  1 -1 -3 -3  0 -1 -3  0  2  1  0 -2 -1   10   5   6   8   1   3   6  11   2   2   3   6   2   1   4  17   7   1   1   4  0.16 0.17
  423 P    0  0  0  0  2  0  0 -1  1  0 -1  0  1  0  0  0  0  3 -2  0    5   5   5   5   5   5   5   5   5   5   5   5   5   5   5   5   5   5   0   5  0.05 0.09
  424 K    0  0  0  0  1  0  0  0  0 -1 -1  1  0  0  0  1  0 -3  0  0    6   6   3   5   3   3   3   6   3   4   6   9   3   5   5  14   7   0   3   6  0.04 0.08
  425 T    0  1  0  0 -3  0  0  0 -2  0 -1  0  1 -1  0  1  1  1  0 -1    6  10   4   4   0   5   5   7   0   7   5   4   4   2   4  15  10   2   3   5  0.08 0.14
  426 E    0 -1  0  0 -3  1  2 -1  2 -1 -1  0  0 -2  1  1  1 -3 -1 -1    6   3   4   4   0   5  14   4   7   4   7   5   3   2   7  12   7   0   2   4  0.11 0.15
  427 P    0 -1 -2 -1 -1  0 -2  0  0 -1 -2 -1  0 -1  5  1  0  0 -2 -1    7   3   2   4   2   4   3   8   2   4   3   3   2   3  27  10   5   1   1   5  0.37 0.31
  428 L    0 -1  0 -2 -1  0 -1  0  1  0  1 -1  1  1  0  0  0  0  0  0   10   3   4   2   1   4   3   6   3   4  19   3   4   7   4   9   5   1   4   5  0.05 0.08
  429 I    0  0  0  0 -1 -1 -1 -1 -1  0  0  0  0  1  1  1  0 -3  0  1    6   5   4   4   1   2   4   5   1   6   7   5   3   9   7  12   5   0   3  12  0.04 0.07
  430 D   -1  1  2  2 -3  0  0  0  2 -2 -1  1 -2 -1  1  0  0 -3 -2 -1    5   9   9  11   0   5   6   8   5   3   5   8   0   2   6   8   6   0   0   4  0.13 0.13
  431 Q    0  0  0  0  0  1  0  0  1 -1 -1  0  1 -1  2  1  0 -3  0 -1    6   5   4   4   3   7   7   6   4   4   6   6   4   3  10  11   4   0   3   5  0.07 0.09
  432 N    0  0  0  0 -2  1  0  0  1  0 -1  0 -1  0  1  0  0 -2  1  0    6   6   6   6   0   6   6   6   6   6   6   6   0   6   6   6   6   0   6   6  0.04 0.06
  433 R    0  2  1  0 -3  0  0  0  1 -1 -1  1  1 -1  1  1  0 -3 -2 -1    8  11   9   3   0   4   4   6   3   3   6   7   5   3   6  12   4   0   0   4  0.09 0.12
  434 L   -1  0  0  0  2  0  0 -1  2  0 -1  0  1  0  0 -1  0  3  1 -1    5   5   5   5   5   5   5   5   5   5   5   5   5   5   5   5   5   5   5   5  0.07 0.08
  435 S    0 -1  0 -1 -6  1  0  0  1 -1 -2  0 -5  1 -1  3  1  4 -5 -5    9   4   5   4   0   5   6   7   4   3   4   5   0   6   4  22   8   5   0   0  0.30 0.27
  436 M    0 -1  0  0  0  0 -1 -1 -3  1  1  0  2  0  0  0  0  3 -2  1    5   3   5   5   2   3   3   5   0   8  13   5   7   4   4   8   7   5   0   8  0.06 0.10
  437 A    0 -1  0  0 -3  0  0  1  0 -1  0  0  0  0  1  1 -1  2  0 -1    6   3   3   4   0   5   4  13   3   3   9   5   3   3   7  14   3   3   3   5  0.07 0.10
  438 R    0  1  1  0 -3  1  1  0  1 -1 -3  1  0  0  0  1  1  2 -3 -1    7   8   7   4   0   7  10   6   4   3   1   7   3   4   5  11   7   3   0   4  0.13 0.16
  439 I    1  0 -1 -1 -2  0  0 -1  0  0  0  0  1  2 -1  0  0  1  1  0   11   3   3   3   0   2   5   5   2   5   7   7   6  10   3   8   6   2   4   8  0.03 0.07
  440 I   -1  0  0  0 -3  0  0 -1  2  0 -1  0  1  0  0  0  0  3  1  0    5   5   5   5   0   5   5   5   5   5   5   5   5   5   5   5   5   5   5   5  0.06 0.08
  441 R    0  0  0  0 -3  1  0  0  2  0 -1  0  1 -2  0  0  0  3  1  0    6   6   5   6   0   5   6   6   5   6   6   6   5   0   6   6   6   5   5   6  0.07 0.10
  442 R    0  0  1  0 -3  1  0  0  2 -2 -1  0  1 -2  1  0  0  3  1 -1    6   6   6   6   0   6   6   6   6   0   6   6   6   0   6   6   6   6   6   6  0.10 0.13
  443 S    0  0  0  0  2  0  0  0 -2 -2 -1  0  1  1  0  0  0  3  1 -1    6   6   5   6   5   5   6   6   0   0   6   6   5   5   6   6   6   5   5   6  0.07 0.12
  444 S    1 -1  0 -1 -3  0 -1 -1 -3 -1 -1  0  1  0  0  2  1  2  0 -1   13   3   3   3   0   3   3   4   0   3   4   4   4   4   4  22  10   3   3   3  0.15 0.21
  445 Q    0  0  0 -1 -3  3  1  1 -2 -2 -1  1  1 -1  0  0 -1  2  0 -1    6   3   4   3   0  14   8  11   0   2   7  10   5   2   5   7   2   3   3   4  0.13 0.18
  446 T    0  0  2  0 -1  0 -1  0  2 -1 -1 -1  0  0 -1  1  0 -3  2 -1    9   5  10   4   2   5   2   8   7   4   7   3   2   3   3   9   6   0   7   2  0.07 0.11
  447 L   -1 -2 -1 -3 -1 -1 -1 -2 -3  2  2 -2  2  1  0 -1  0  2  0  1    5   2   4   0   1   2   4   3   0  12  20   2   7   7   4   4   5   3   3  13  0.15 0.16
  448 G   -1 -2  0 -1 -4 -1 -2  3 -1 -1 -1  0 -3  0 -1  1  2  4 -1 -1    4   1   5   2   0   3   2  25   1   3   5   5   0   4   3  11  14   5   2   5  0.27 0.26
  449 R    0  2  1  1 -3  0  1  0  1 -1 -2  2 -2  0 -1  0  0 -3  0 -2    7  13   7   6   0   3   8   6   4   3   3  17   0   4   3   6   4   0   3   3  0.14 0.15
  450 K    0  0  0  0 -3  0  0  1  2 -2 -1  1  1  0  0  1  0 -3  0 -1    8   5   5   4   0   4   7  10   6   0   4   9   5   4   5  10   6   0   3   4  0.08 0.10
  451 A    1  0 -3 -3 -3 -2 -1 -1  1  0  1 -2  1  2  0  0  0  2  2  1   14   5   0   0   0   0   4   4   4   5  16   0   4   8   5   6   4   3   8  10  0.11 0.15
  452 A    1 -1 -1 -1 -3  0 -1 -1 -3  0  0  0  2 -1  0  1  1  2 -2  0   15   3   2   3   0   4   3   3   0   4   8   7   7   3   5  13  11   3   0   6  0.11 0.16
  453 Q    1  0  0  0  1  1  0  2 -2 -2 -2  2  0 -1  1  0 -1 -3 -1 -3   10   5   5   4   4   7   7  14   0   3   3  13   2   2   6   8   3   0   3   0  0.14 0.16
  454 K    1  1  0 -1 -3  0 -1  0  0 -1 -2  1  0 -1 -1  1  1  1  0  0   10   8   3   2   0   5   2   8   2   4   3   9   3   3   3  15   8   2   3   6  0.08 0.13
  455 M    0 -2 -1 -3  0 -2 -1 -2  0  1  2 -2  3 -1 -2  1  0 -3 -1  3    7   2   2   0   2   0   3   3   3   5  19   2   8   2   2  10   6   0   2  23  0.19 0.21
  456 G    1  0  0 -1 -3 -2 -1  3 -2 -1 -1  1  0 -3  0  1  1 -3  0 -1   13   6   3   2   0   0   4  22   0   3   7   8   3   0   3   9   8   0   4   3  0.16 0.17
  457 D   -1 -3  2  0 -4  1 -1  2  0 -3 -3  0  0 -4 -1  3  0 -4 -1 -4    4   0  11   6   0   8   3  19   2   2   2   5   3   0   3  21   6   0   2   0  0.33 0.31
  458 F    0 -1 -2 -3  0 -4 -1 -3 -1 -1  0 -1  1  1 -3 -1 -1 -2  7 -1    7   3   2   1   2   0   3   2   1   3   7   3   4   4   1   5   4   0  43   4  0.82 0.53
  459 L   -2 -2 -5 -3 -4 -2 -3 -3 -5  2  5 -5  3  2 -5 -5 -2 -4 -3  1    3   2   0   1   0   2   1   2   0  10  54   0   7   8   0   0   2   0   0   7  0.85 0.49
  460 P   -2 -2 -5 -2 -6 -2 -3 -3 -1 -2 -5  0 -5 -4  7  0 -2 -6 -2 -3    3   2   0   2   0   1   2   2   2   2   0   5   0   1  63   8   2   0   1   2  1.60 0.79
  461 S    0  0  1  0  1  1  0  1  0  0 -2  1  0 -2  0  1  1 -3  0 -1    6   5   7   6   3   8   3  10   2   6   2  10   3   2   4   9   8   0   5   2  0.08 0.11
  462 R    0  1  0 -2 -3  1 -1  0  2 -1 -1  1  0  0  0  0  0 -2  1  0    6   9   3   0   0   9   2   9   8   4   5   8   2   3   5   7   5   0   7   7  0.09 0.13
  463 F   -2 -1 -3 -1  2 -2 -1 -2  0  1  1 -1  1  3 -3 -1  0 -2  0  2    1   4   0   3   5   0   5   3   3   8  12   5   3  14   0   3   5   0   3  23  0.16 0.19
  464 S    1  0  1 -1  1  0 -1  0 -2 -2 -1  0  0 -1 -2  2  2 -3  0 -1   10   6   7   3   3   3   3   7   0   1   5   4   2   2   1  21  13   0   5   3  0.15 0.18
  465 S   -1 -1  1  2 -3  0  3  0 -2 -3 -1  0  0 -3  0  3 -1  1 -3 -3    4   2   6  11   0   3  20   7   0   0   6   5   3   0   3  23   2   2   0   1  0.30 0.27
  466 I   -1  0 -2 -2 -3 -1 -1 -1 -1  3  0 -2  4  0 -3 -2 -1  1  0  2    6   6   2   2   0   2   5   4   2  20   7   2  16   4   0   3   2   2   3  13  0.24 0.23
  467 L   -1 -4 -1 -4 -4 -3 -2 -4 -4  0  2 -2  1  3 -1 -1 -2  8  0  0    6   0   3   0   0   0   3   1   0   5  22   3   4  14   3   4   1  22   2   6  0.70 0.40
  468 E   -1 -1  0  2 -4  0  5 -2  1 -4 -2  0 -1 -4 -3  0  0 -4 -3 -2    4   2   5  12   0   3  39   3   3   0   4   6   2   0   1   8   6   0   0   3  0.52 0.36
  469 P    0 -2 -1 -2 -1  3 -2 -1  0 -4 -4 -2 -4 -4  6  0  0 -4 -4 -3    9   2   3   2   1  15   1   5   2   1   1   2   0   0  40   6   7   0   0   2  0.87 0.48
  470 T    0 -1  0  1 -1  1  2  0  0 -2 -3  1 -1 -3  2  1  2 -1 -3 -1    8   2   3   8   1   7  14   6   2   2   2   8   1   0  10  10  13   1   0   3  0.20 0.17
  471 R   -1  7 -3 -4 -5 -2 -3 -3 -1 -5 -3  0 -4 -5  0 -3 -4 -5 -4 -5    5  75   0   0   0   0   1   2   2   0   2   4   0   0   5   1   1   0   0   1  1.66 0.71
  472 N    2 -1  1  3 -1 -3 -2 -2  4 -2 -2 -3 -4 -4 -4  3 -2 -5  0 -4   19   3   6  21   1   0   0   1  13   2   4   0   0   0   0  26   0   0   3   0  0.55 0.41
  473 F   -3 -1 -5 -6 -5 -5 -5 -6 -4 -1  0 -5  0  8 -6 -5 -5  1  2 -1    2   4   0   0   0   0   0   0   0   3   6   0   2  70   0   0   0   1   4   4  1.78 0.69
  474 A    6 -3 -2 -4  0  0 -1 -3  0 -2 -4 -2 -3 -4 -1  0 -2 -5 -4 -2   68   0   2   0   1   5   4   1   2   2   1   2   0   0   3   4   2   0   0   3  0.94 0.52
  475 S   -1  0 -2 -1 -1  3 -2 -1  3 -2 -3 -2 -2  3 -3  1  1  5  3 -2    3   4   0   3   1  15   0   6   7   1   1   0   1  14   0  11  11   9   9   3  0.38 0.29
  476 L    1  0 -3 -3  2 -3 -3 -2 -3  2  1 -3 -1  2 -3 -1 -1 -1 -1  3   13   5   0   0   4   0   1   2   0  16  10   1   1  10   0   6   2   1   2  26  0.28 0.22
  477 K   -2  4  0 -3 -4  1  0 -4  5 -3 -3  4 -2 -4 -3 -1 -1 -1 -1 -3    1  26   3   0   0   5   4   0  13   2   2  30   1   0   0   4   4   1   2   1  0.69 0.39
  478 I   -1 -4 -4 -1 -3 -3 -4 -2  0  2  4 -4  0  0 -4 -2 -2 -3  0  1    4   0   0   4   0   0   0   3   3  11  52   0   1   3   0   2   2   0   3  11  0.55 0.33
  479 N   -3  0  0  0 -1 -3 -3 -1  0 -3 -2  1 -4 -2  7 -2 -3 -5 -4 -2    1   5   5   4   1   0   1   5   2   1   4   8   0   2  54   1   1   0   0   3  1.14 0.50
  480 A    0  0  0  1 -1  0  1  0 -1 -1  0  0  0  0  0  1  1 -2 -1  0   10   3   4   9   1   2  11   6   1   2   8   7   3   7   3   9   8   0   1   5  0.05 0.05
  481 H    0  1  0  1 -1  1  1  0  1 -2 -1  1 -1 -1  2  1 -1 -2  0 -2    7   7   4   6   1   5   8   6   5   1   5   8   1   3  12  12   2   0   3   2  0.14 0.10
  482 S    1  0  0  0  2 -1  0  1 -1 -2 -3 -1 -1 -2  2  3  1 -3 -3 -1    9   4   4   4   5   2   4  11   2   3   1   3   2   1   9  23  10   0   0   4  0.21 0.17
  483 K    2 -1  0 -1  1 -1  0  1 -1 -1 -2  1 -1 -2  1  2  0 -3 -1 -1   18   3   5   1   3   2   4  12   1   4   2   8   2   2   6  16   4   0   2   4  0.14 0.13
  484 D   -1 -2  1  2 -1 -1 -1  4  2 -3 -4 -2  0 -4 -1  1  0 -4 -2 -2    5   2   8  12   1   2   3  31   6   2   1   2   3   0   2  11   6   0   1   2  0.40 0.27
  485 T   -1 -1 -1 -1 -1  0  0 -1  1  1  0  0  1 -1 -2  0  1 -1  0  2    3   3   2   2   1   5   5   5   5  11   9   6   3   2   1   5  13   1   2  16  0.07 0.10
  486 K    0  2  0 -2  3  0 -1  0 -2 -2 -3  3 -1 -3  1  0  1  0 -3 -1    9  11   3   2   6   3   3   6   0   3   2  22   1   0   8   8   8   1   0   3  0.24 0.20
  487 S    1 -1  2 -2  2  0 -1  0 -1 -2 -2 -1 -1 -4 -2  4  2 -4 -3 -2   10   2  10   1   5   4   3   6   1   2   3   3   1   0   2  33  11   0   1   2  0.38 0.30
  488 V   -1 -2 -2 -1  0  0 -2 -1 -2  3  0 -2  0  0 -1  0  0 -3  0  3    4   1   1   3   2   5   2   4   1  19   9   1   2   3   2   6   6   0   3  24  0.21 0.18
  489 A    0  1 -1  0  2  1  0  0 -2  0 -2  0 -1  0  1  0  0 -3 -2  0    7   7   0   7   7   7   7   7   0   7   1   7   0   7   7   7   7   0   0   7  0.07 0.10
  490 V    1  0  0 -1  1  0  0  0  0  0 -1  0  0 -1  0  0  0 -3 -2  0   16   4   4   3   3   4   6   7   4   5   6   4   4   3   5   8   7   0   0   7  0.04 0.06
  491 M    0  1  0  0 -2  0 -2 -1  1  1  0 -1  2  0  0  0  0 -3  0  1    5   9   5   5   0   4   0   4   4   9  11   0   7   4   6   8   4   0   3  11  0.05 0.11
  492 N    0  1  2  0 -1 -1 -1  1  1 -1 -2 -2  1 -3  1  1  1 -4 -3 -1    9   9  13   5   1   2   3  12   3   3   3   0   4   0   7  14   7   0   0   4  0.16 0.19
  493 N    0  1  2  1  0  0  0  2 -2 -2 -2  0 -1 -2  0  1  1 -3 -3 -1    4   8  10   6   2   3   5  14   0   2   3   3   2   2   5  11  12   0   0   5  0.14 0.14
  494 V    0 -2  2  0 -1 -1  1  0 -1  1 -2 -2  0 -2  0  1  1  1 -1  1    6   2  10   4   1   2   9   6   1   7   3   2   3   1   4  11  11   2   2  14  0.12 0.16
  495 L    0 -1  0  0  0  0  0  1  0  0 -1 -1  1 -2  0  1  0  0 -1  0    9   3   5   7   3   6   4  12   2   5   7   2   4   1   5   9   6   2   2   6  0.05 0.06
  496 Q    0  0  0  1 -3  1  0  1 -2  0 -1  0 -2 -1  2  1  1 -3 -1 -1    6   4   4   7   0   7   6  10   0   5   4   5   0   3   9  12   9   0   2   5  0.10 0.11
  497 Q    0  0  0 -1  0  3  0  1  1  0 -1 -1  0 -1  0  1  0 -3 -1  0    8   6   4   4   2  14   4  10   3   5   7   2   2   2   4   9   6   0   2   6  0.08 0.10
  498 D    1 -1  0  0 -2 -1  0  1  0 -1 -1  0  0  0  0  1  0  1 -1  0   11   3   6   6   1   2   7  11   2   3   6   4   2   5   4  12   5   2   2   6  0.05 0.05
  499 L    0  0  0  0 -2 -1  0  0  0  0  0  0  0 -1  0  0  0  0  0  0   11   6   5   5   0   1   6   8   2   8   9   6   2   1   4   8   5   1   4   6  0.02 0.03
  500 I    1  0 -1  0 -2  0  0  1  0  0  0 -1  0 -1  1  1  1 -2 -1  0   10   5   1   5   0   3   4  11   2   6   7   3   2   3   6  11  10   0   2   8  0.05 0.06
  501 P    0  0 -1  1 -3 -1 -1  0  1 -2 -1  1 -2 -3  3  1 -1  1  0 -1    8   4   2   9   0   2   3   8   4   2   5  10   0   0  17  10   4   2   4   5  0.20 0.19
  502 Q    0 -1  0  0 -3  2  1  0 -2 -1  0  0  0  0  0  1  0  1  0 -1    6   3   4   5   0  10   9   9   0   2  10   4   2   3   4  12   4   2   4   5  0.06 0.11
  503 T    0  0  1  1  2 -1 -1  1  0 -1  0 -1 -2 -1  3  1  1 -3 -3 -1    6   5   7   8   5   2   3  10   2   3   9   2   0   3  14   9   8   0   0   4  0.14 0.15
  504 Y    0 -1  0 -3 -3 -1  0  2  1 -1 -2 -1  0  1  1  1 -2  4  2 -2    7   3   4   0   0   3   7  18   4   3   3   2   3   8   8  10   0   6   8   3  0.21 0.23
  505 L    0  0  0  0 -2  0  0  0  0  0  0 -1 -1  0  0  0  0  1  0  0    8   5   6   7   0   2   7   7   2   6  11   2   0   6   4   6   5   2   3   9  0.02 0.04
  506 A    1  0  1 -1 -1  0 -1  0  2 -1 -1 -1 -2  0  1  1  0  1  0  0   11   5   7   3   1   3   2   9   5   2   5   1   0   5   8  14   5   2   3   8  0.09 0.13
  507 S    0  1  2  1  1 -1 -1  1  0 -2 -2  0 -1 -2 -1  2  0 -4  0 -2    6   8  13   6   3   2   2  13   3   3   2   4   2   2   3  17   5   0   3   2  0.17 0.19
  508 D    0  1  0  1 -1  0  0  1  1  0 -1 -1 -1 -1  0  0  0 -3 -1  0    6   9   2  10   1   2   5  11   4   5   7   2   1   3   5   8   8   0   2   8  0.05 0.07
  509 N   -1  0  2  0  0  1  1  1  0  0 -2 -1 -2  0  1  2 -1 -4 -3 -1    5   4   9   5   2   7   8  11   2   6   4   3   0   5   7  17   1   0   0   4  0.13 0.17
  510 A    2  1  0  0 -3 -1 -1  0  1 -1 -2  1 -2 -3  0  2  1 -4 -1  0   16   7   3   4   0   2   2   6   4   4   3   9   0   0   5  16   7   0   2   9  0.14 0.18
  511 S    0  0  2  1 -1  0 -2  1  0 -1  0 -1 -1 -1  0  2  1 -3 -2 -1    5   5  10   7   1   3   1  10   3   3   9   3   2   3   5  17   7   0   0   5  0.10 0.14
  512 A    0  1  0 -2  1  0  0  0  0 -1 -2  1 -2 -1  3  1  1 -3 -1 -2    9   7   4   1   3   4   5   7   2   4   3   8   0   3  14  11  11   0   2   2  0.17 0.17
  513 K    0  0  1  0  1  1 -1  1 -1 -2  0  1 -1 -1  0  1  0 -2  0 -1    8   5   6   4   4   8   2  11   1   2   9  10   0   2   4   9   7   0   4   4  0.06 0.08
  514 Q    1  0  0 -1 -2  0 -1  1  3 -2 -1  0 -2 -1  0  0  1 -3 -1  1   13   4   5   4   0   3   4   9  10   1   5   6   0   2   4   7   9   0   2  13  0.10 0.12
  515 D    0  0  0  1  1  0  0 -1  0 -1  0  0  0 -1  0  0  0  0  1  0    7   6   4   7   4   3   7   4   2   3  10   6   1   2   3   9   5   1   7   9  0.02 0.04
  516 F    0  0 -1  0 -1 -1  0  1  1  0  0  0 -1  1  0  0  0 -2 -1  0    9   4   2   6   1   1   5  12   6   4  11   6   0   8   4   6   8   0   1   7  0.03 0.06
  517 M    1 -1  1 -1  0 -1  0  0  0  0 -1  0  1 -1 -1  1  1 -3 -1  0   13   3   6   4   2   1   5   6   2   7   3   5   6   2   3  15   8   0   2   7  0.06 0.10
  518 E    0  1  0  0 -1  0  0  0  3  0 -1  1 -2  0  1  1  0  0 -1 -1    8   7   4   4   1   4   5   6   8   6   4  10   0   4   6  10   5   2   1   4  0.07 0.08
  519 V    0  0  0  0 -1  1  0  0  0  1  0  0 -1 -1  1  1  1 -3 -2  0    5   5   5   4   1   6   4   6   2   9   7   4   1   3   8  13   8   0   1   8  0.05 0.07
  520 S    0  2  3  2 -1 -1 -1  0  3 -4 -4  3 -3 -4  0  0  0 -4 -3 -3    6  11  14  11   2   2   3   6   7   1   1  17   0   1   5   7   5   0   0   2  0.32 0.24
  521 L    0  1  0  0  0  1  0 -2 -1  0  1  0  1 -2  0  1  1 -3 -2  0    6   7   4   5   2   7   3   3   2   4  13   5   6   1   4  14   7   0   0   7  0.06 0.09
  522 F   -1 -1  0  0 -3  0  0 -2 -2 -1  1 -1  0 -2  4  0 -2 -3  1  0    4   3   4   6   0   3   8   3   1   4  14   4   3   1  21   7   2   0   6   7  0.24 0.20
  523 H   -2  4 -1 -3 -2  2 -1 -2  4 -2 -3 -1 -1 -4  1  0  1 -3  0  0    3  21   2   0   1  11   4   3  13   1   2   2   1   0   8   8   8   0   3   7  0.38 0.32
  524 I   -3 -5 -2 -3 -2 -5 -5 -4 -6  4  4 -5 -2 -1 -5 -2 -2 -5 -4  4    2   0   2   1   1   0   0   1   0  20  37   0   0   2   0   3   2   0   0  28  0.90 0.52
  525 Y   -2  0 -3 -5  0 -4 -4 -3  0  1  2 -4  5  1 -5 -2 -2 -3  3  2    2   7   1   0   2   0   0   2   2   9  19   0  18   4   0   4   1   0  12  15  0.55 0.38
  526 V    1 -6 -6 -6 -1 -6 -6 -4 -6  0 -2 -3 -1 -5 -3 -3 -3 -6 -5  7   10   0   0   0   1   0   0   2   0   4   4   2   1   0   2   2   1   0   0  71  1.51 0.78
  527 V    4 -5 -5 -5  0 -4 -5 -2 -5  2  0 -4 -3  0 -2 -1 -1 -5 -4  4   31   0   0   0   2   0   0   2   0  11   9   0   0   3   2   5   3   0   0  31  0.67 0.46
  528 T   -1 -5 -2 -3  3 -4 -3  0  2 -5 -5 -4 -5 -5 -1  4  5 -6 -5 -4    5   0   1   1   5   0   1   7   4   0   1   0   0   0   4  32  35   0   0   0  0.97 0.64
  529 T    2 -1  0 -2 -4 -1 -1 -2 -2 -3  0 -2  0 -3 -1  4  1 -4  2 -2   15   3   4   2   0   3   4   3   1   1   9   1   2   1   3  36   6   0   7   2  0.40 0.37
  530 E   -2  1  2  6 -2 -1  3 -3 -2 -5 -4 -2 -4 -5 -4  0 -1 -5 -5 -5    2   7   9  40   1   2  21   1   1   0   2   2   0   0   0   7   3   0   0   1  0.91 0.50
  531 G   -2 -5 -4 -5 -5 -5 -5  7 -5 -6 -6 -5 -6 -6 -5 -3 -5  0 -6 -6    4   0   0   0   0   0   1  88   0   0   1   0   0   0   0   1   0   1   0   1  2.24 0.91
  532 M   -1 -2  1 -2  2 -1 -2  0  1  0  0 -2  1  2 -4 -1 -1  1  4 -1    4   2   9   2   5   3   2   7   3   6  11   1   3   9   0   4   4   2  20   4  0.24 0.21
  533 L   -1 -2 -5 -5 -4 -4 -5 -5 -4 -1  3 -4  1  6 -5 -4 -2  3  2  0    5   3   0   0   0   0   1   1   0   3  31   1   3  34   0   1   2   3   6   6  0.90 0.46
  534 Y   -3 -3 -4 -5  0 -3 -5 -5  3 -5 -2 -5 -2  1 -4 -2 -5  1  9 -4    2   2   1   0   2   1   1   1   7   0   4   1   1   4   1   4   1   2  65   1  1.98 0.84
  535 T   -1  1  0 -1 -2  2  1 -3 -3  1  0  1  0 -3 -3 -1  0 -4 -3  3    3   7   5   3   1  11  11   2   0   9   6   7   3   0   0   3   5   0   1  23  0.22 0.22
  536 Y   -3 -5 -5 -6  2 -5 -5 -6 -2 -4 -2 -5 -4  5 -6 -5 -5 -2  8 -3    3   0   0   0   4   0   0   1   1   0   4   0   0  24   0   1   0   0  58   1  2.07 0.84
  537 G    0  1  3  0 -3  1  2  0 -2 -3 -2  0 -3 -3 -3  2  0 -4 -3 -1    8   6  17   4   0   5  12   6   0   0   3   3   0   1   0  19   6   0   0   6  0.28 0.24
  538 L   -3 -5 -5 -5 -2 -4 -5 -5 -4  4  3 -5  1  4 -5 -4 -3  4  0  2    2   0   0   0   1   0   0   1   0  22  25   0   4  20   0   1   0   6   2  13  0.82 0.41
  539 D   -4 -1  3  7 -5 -1 -1 -4 -4 -5 -5 -4 -5 -5  1  0 -4 -6 -5 -4    1   3  12  61   0   2   2   1   0   0   1   0   0   0   7   6   0   0   0   1  1.46 0.66
  540 P    0 -4 -3  0 -4 -3 -2 -3 -3 -2  1 -2  1 -2  5  0  0 -4 -2  0    7   0   0   6   0   1   2   2   1   1  17   3   4   2  35   7   5   0   2   6  0.63 0.37
  541 E    1 -2  1  2 -2  1  3 -2 -2  0 -2  0 -2 -4 -2  0  0 -4 -3  0   13   1   7   9   1   7  24   2   0   5   3   7   0   0   2   4   4   0   0   9  0.25 0.22
  542 R   -2  3  2  0 -4  1  2 -2  1 -2 -2  3 -2 -4 -3 -1  0 -4 -2 -1    2  19  11   5   0   6  12   3   3   2   3  19   0   0   0   2   6   0   1   6  0.36 0.26
  543 G   -1  0 -4 -5 -5 -5 -5  7 -5 -6 -6 -3 -5 -2 -5 -2 -5 -5 -5 -6    4   6   0   0   0   0   0  80   0   0   1   1   0   2   0   3   0   0   0   0  1.85 0.76
  544 G   -3 -5 -2 -1 -6 -5 -2  7 -5 -6 -7 -1 -6 -6 -3 -2 -3 -6 -6 -3    1   0   1   3   0   0   3  79   0   0   0   4   0   0   1   2   2   0   0   3  1.75 0.74
  545 D   -2 -4 -3  3 -7 -1  7 -5 -4 -6 -6 -1 -6 -5 -3 -2 -4 -7 -6 -3    3   0   0  18   0   2  67   0   0   0   0   3   0   1   1   2   0   0   0   2  1.59 0.76
  546 C    0 -7 -6 -7 11 -7 -7  1 -7 -6 -2 -7 -6 -7 -7 -5 -3 -7 -7 -5    7   0   0   0  74   0   0  13   0   0   4   0   0   0   0   0   2   0   0   0  2.91 1.02
  547 I    0  1  0 -2 -3  0  0 -2 -1  1 -1  1  0 -3 -2  0  2 -4 -2  2    8   8   3   1   0   3   5   1   1   8   6  12   1   0   2   6  15   0   1  19  0.16 0.18
  548 L   -5 -5 -7 -7 -5 -1 -6 -7 -6  0  6 -3  0 -3 -6 -6 -5 -5 -5 -3    0   0   0   0   0   3   0   0   0   3  90   2   1   0   0   0   0   0   0   0  1.80 0.75
  549 L   -1  0 -4 -2 -3 -2 -1 -4 -4  3  3 -3  2 -2 -4 -3 -1 -2 -2  3    4   7   0   2   0   1   5   1   0  16  31   0   5   0   0   1   4   0   1  20  0.43 0.29
  550 N    0  2  1 -2 -5  1  0 -2  0 -4 -4  5 -1 -3 -4  2  0 -5 -4 -3    6   8   7   1   0   5   3   2   2   1   0  39   2   1   0  17   6   0   0   1  0.60 0.39
  551 S   -2  0 -2 -3 -1  6  4 -5  0 -5 -4  0 -3 -3 -4  0  0 -5 -2 -4    2   3   1   0   1  47  23   0   2   0   1   3   0   1   0   7   5   0   1   1  1.08 0.58
  552 H   -5  0 -2 -5 -1  0 -4 -6  7 -5 -4 -4 -2  3 -6 -3 -5  1  7 -3    0   4   1   0   2   5   0   0  29   0   1   0   1  13   0   1   0   2  40   1  1.60 0.67
  553 C   -2  4  1 -2  1 -1 -3 -2 -1 -5 -3  2 -4 -2 -1  4 -2 -5 -2 -3    1  23   5   2   3   2   0   2   1   0   2  11   0   2   3  41   1   0   1   2  0.63 0.42
  554 I   -4 -5 -6 -6 -4 -5 -6 -6 -5  1  5 -5  2  3 -6 -5 -4 -4 -2  1    0   0   0   0   0   0   0   0   0   6  69   0   4  11   0   0   0   0   1   8  1.25 0.54
  555 L   -3 -2 -1 -4 -3 -4 -4 -5 -3  3  4 -3  3  2 -5 -3 -2 -4 -2  1    1   2   4   1   0   0   1   0   0  15  49   1   6   8   0   1   2   0   0  10  0.63 0.32
  556 D   -3 -3 -1  5 -5  0  4 -3 -3 -4 -5 -2  0 -5 -3  2 -1 -5 -4 -3    0   0   0  41   0   2  31   0   0   0   0   0   3   0   0  19   2   0   0   2  0.96 0.40
  557 E   -1 -1 -1  2 -3  2  3 -2 -2 -3 -3  1 -3 -4 -2  3  2 -4 -3 -3    0   0   0  12   0   8  22   0   0   0   0  11   0   0   0  33  15   0   0   0  0.48 0.21
  558 Y   -2 -2 -3 -4 -3 -2 -3 -3  1 -2 -1 -2 -1  2 -3 -2 -2  8  6 -2    0   0   0   0   0   0   0   0   0   0   0   0   0   0   0   0   0  34  66   0  1.14 0.02

                      K         Lambda
Standard Ungapped    0.1277     0.3119
Standard Gapped      0.0410     0.2670
PSI Ungapped         0.1125     0.3179
PSI Gapped           0.0344     0.2670
