
Last position-specific scoring matrix computed, weighted observed percentages rounded down, information per position, and relative weight of gapless real matches to pseudocounts
           A  R  N  D  C  Q  E  G  H  I  L  K  M  F  P  S  T  W  Y  V   A   R   N   D   C   Q   E   G   H   I   L   K   M   F   P   S   T   W   Y   V
    1 M   -3 -3 -4 -5 -3 -2 -4 -5 -4 -1  1 -3  9 -2 -5 -3 -3 -3 -3  0    0   0   0   0   0   0   0   0   0   0   6   0  91   0   0   0   0   0   0   3  1.78 0.43
    2 S    1 -2  3  2 -3 -2 -1 -2 -2 -3 -4 -2 -3 -4 -3  4  2 -4 -3 -1   13   0  13  13   0   0   0   0   0   0   0   0   0   0   0  41  17   0   0   3  0.55 0.25
    3 S    1 -3 -1 -3 -3 -3 -3 -3 -3 -4 -3 -3 -4 -5  0  6  2 -5 -4 -3   11   0   2   0   0   0   0   0   0   0   2   0   0   0   3  70  12   0   0   0  1.05 0.44
    4 T    1 -1  1 -2 -3  1 -1  0  1 -1 -1 -2  1 -2 -1  2  4 -4 -3 -1   11   2   6   0   0   6   3   6   4   2   6   0   4   2   3  14  32   0   0   1  0.26 0.20
    5 V    0 -3  0 -3 -2 -2 -1 -3 -3  2  0 -2  0 -1 -1  2  1 -4 -1  3    5   0   4   0   0   0   5   0   0  12   6   0   2   2   3  23   9   0   2  27  0.25 0.19
    6 S   -1 -2  1  2 -3 -1  0 -1 -3 -4 -3  0 -3 -4  1  5  0 -5 -1 -4    3   0   6  11   0   1   4   3   0   0   2   6   0   0   8  49   5   0   3   0  0.57 0.32
    7 N    0  2  2  1 -3 -2 -1 -2 -2 -3 -3 -1 -3 -1  0  3  3 -4 -3 -3    5  16  10   6   0   0   2   1   0   0   2   2   0   3   5  22  26   0   0   0  0.40 0.25
    8 P   -1 -2 -1  1  0 -2 -1 -2 -2 -2 -2 -2 -1 -4  6  3 -2 -5 -4 -2    3   2   2   7   2   1   2   3   1   2   4   1   2   0  36  30   1   0   0   2  0.77 0.35
    9 Q    0  2  1  0  1  3  1 -1  1 -2 -2  1 -2 -4  1  1  0 -4 -3 -3    9  12   8   3   4  14  11   3   4   2   3   7   0   0   7   9   4   0   0   0  0.24 0.16
   10 G    0 -1  1 -2 -3 -1 -1  4  1 -4 -3 -1 -3 -4  2  1  1 -4 -3 -2    7   4   7   0   0   2   3  30   4   0   1   2   0   0  12  13  11   0   0   2  0.43 0.22
   11 I   -1 -3  1 -1 -3 -2 -1  0 -3  2  0 -2  2 -2  1 -1  0  3 -2  2    4   0   7   2   0   1   5   8   0  11   7   0   8   0   8   4   7   4   0  22  0.17 0.15
   12 L    1 -1 -1  0  0  1 -1  0 -2 -1  1 -1  1  0  1  0 -1  0 -1 -1   16   2   2   6   2  11   2   6   0   3  17   2   5   4   7   7   2   1   2   3  0.07 0.10
   13 Q    0  2  0  1 -2  2  0 -3  1 -2 -1  0 -1 -3  2  2  1 -4 -3 -2    5  12   3   7   1  11   6   0   3   1   5   5   1   0   9  19   8   0   0   2  0.24 0.17
   14 P   -1 -1 -2  1 -4 -1 -1  0 -1 -4 -3 -3 -2 -5  5  3  0 -5 -4 -3    4   4   1   7   0   2   3   7   1   0   2   0   1   0  34  27   4   0   0   1  0.76 0.36
   15 G    1 -1  0  0 -3  1  0  3 -1 -1 -1 -1  0 -2  0  1  0 -4 -3 -2   13   1   5   5   0   8   7  22   1   3   7   2   3   1   5  10   6   0   0   1  0.18 0.14
   16 S    1 -2  1 -1 -3 -1  1 -2 -3  0 -2 -2 -1 -3  1  4  1 -4 -2 -1   13   1   7   3   0   1   8   1   0   5   3   1   2   1   8  35   7   0   1   4  0.36 0.27
   17 F    0 -2  0 -1 -3 -2 -1 -2 -1  1  1 -3  2  3 -1  2  1 -3 -2  0    5   1   4   3   0   1   3   2   1   7  13   0   6  15   3  19  11   0   0   5  0.19 0.19
   18 L    0 -1  0 -1  0  0  0  0  2  0  1  0  0 -1 -1  0  0 -3  0  0    6   1   6   1   2   5   4  10   7   7  16   5   2   1   3   7   8   0   4   6  0.04 0.07
   19 L    0  0 -1 -1 -2  1 -1 -1 -2  0  2  0  2 -2  2  1  0 -3 -2  0    8   6   3   4   1   6   2   4   0   3  22   5   8   0   9  12   4   0   0   5  0.12 0.13
   20 P    1 -1 -1  1 -1 -2  1 -2 -3 -2 -2 -1 -2  1  5  0 -1 -4 -3 -3   10   4   3   9   1   1   8   2   0   2   4   3   1   6  34   7   4   0   1   1  0.57 0.30
   21 E    0  2  1  0 -2  2  1 -2  0 -2 -2  1  0 -3  1  1  0 -4 -3 -2    7  11   6   6   1   9  11   2   2   3   4  10   3   1   6  15   3   0   0   1  0.19 0.15
   22 S    0 -1  1  0 -3 -1 -1 -2  3  0 -1 -1 -1  0  1  2  1 -4 -2 -1    9   3   7   6   0   2   1   1   8   7   6   3   1   5   6  20   9   0   0   3  0.15 0.16
   23 E   -1  0  0  2 -4  3  3  0  0 -2 -3  0  2 -4 -1  1 -1 -4 -3 -2    5   3   3  11   0  14  18   6   2   2   2   6   8   0   3  13   2   0   0   2  0.28 0.23
   24 S    0 -1  1  0 -1  1  1 -1  1  0 -1 -1 -1 -1  2  2  0 -4 -2 -2    6   3   8   3   1   7  12   3   3   6   5   2   1   2   9  22   5   0   0   1  0.19 0.18
   25 M    1  0  1  0 -2  0 -1 -1 -1 -1 -1 -1  3 -3  1  2  1 -4 -2  0   11   6   6   4   0   3   2   4   2   3   5   3  11   0   8  16   8   0   1   5  0.13 0.15
   26 K    1  0  2  2 -3  0  2 -1  1 -2 -2  0 -1 -4  0  1  0 -4 -2 -2   11   5  12  12   0   4  13   4   4   2   2   6   2   0   3   9   6   0   1   2  0.21 0.17
   27 K   -1  1  1  1 -4  0  2 -2 -2 -4 -3  1 -1 -4  2  2  1 -5 -3 -2    5   7   7   6   0   3  15   2   1   0   1   9   2   0  11  16  11   0   1   2  0.32 0.24
   28 E    0  0  1  1 -4  0  1  0  0 -1 -3  0 -2 -3  3  1  0 -4 -1 -2    7   6   6   9   0   3  10   5   3   4   1   6   1   1  16  14   5   0   2   2  0.25 0.19
   29 E    0  0  1  2 -1  0  2  0  0 -2 -3  1 -2 -3  3  0  0 -1 -3 -2    6   6   9  12   1   4  14   6   2   2   1   7   1   1  13   6   5   1   0   2  0.25 0.19
   30 A    0 -1  1  0 -3  0  0 -2  1 -3 -1  0 -3 -3  4  2  0 -3 -1 -2    8   3   7   5   0   4   5   3   3   0   7   7   0   1  18  18   6   0   2   3  0.27 0.22
   31 E   -2  1  1  1 -3  1  2  0  0 -3 -3  2 -3 -3  3  1  0 -4 -2 -2    2   5   9   7   0   6  12   7   2   1   2  16   0   1  13   8   6   0   1   2  0.29 0.22
   32 L   -4 -5 -5 -6 -3 -5 -4 -6 -6  5  4 -4  2 -2 -4 -3 -3 -3 -2  3    1   0   0   0   0   0   1   0   0  32  34   1   4   1   1   2   0   0   1  21  0.98 0.48
   33 V   -3 -1  3 -4 -3 -2 -4 -3  0  1  4 -1  1  0 -4 -2 -1 -4  0  0    1   4  14   0   0   1   0   1   2   6  44   3   2   4   0   2   4   0   3   6  0.47 0.33
   34 S   -2 -4  1 -1  5 -3 -3 -2  5 -4 -4 -3 -4  4 -5  3 -1 -1  4 -4    3   1   6   3  14   1   1   4  13   1   0   1   0  15   0  20   3   1  14   1  0.74 0.45
   35 V    1 -5 -5 -6 -1 -5 -5 -4 -5  3  3 -5  1 -1 -5 -3 -3 -5 -2  4   13   0   0   0   1   0   0   1   0  17  25   0   4   2   0   1   1   0   1  34  0.78 0.43
   36 C    1  1  3 -1  1 -2 -3  1 -2 -5 -4 -1 -4 -3 -4  4  1 -6 -4 -4   10   9  16   3   3   1   1   8   1   0   1   3   0   1   0  33   8   0   0   1  0.55 0.40
   37 W   -6 -5 -7 -8 -2 -7 -7 -7 -2 -1 -1 -7 -3  9 -8 -7 -4  2  1 -2    0   1   0   0   1   0   0   0   1   3   6   0   1  77   0   0   1   3   3   2  2.35 0.90
   38 N   -4 -5  8  0 -2 -3 -2 -4 -4 -7 -8 -5 -2 -5 -6  1 -2 -8 -7 -7    1   0  76   4   1   1   2   1   0   0   0   0   1   1   0  10   2   0   0   0  2.23 0.95
   39 Q   -2 -2 -1  0 -4  8 -1 -3  0 -7 -4 -2 -3 -3  0  0 -2 -6 -4 -6    3   2   3   5   0  62   3   2   2   0   2   2   0   1   5   6   2   0   0   0  1.48 0.79
   40 D   -4 -4  0  8 -3 -1 -1 -3 -3 -5 -3 -4 -4 -5 -6 -2  0 -8 -7 -6    1   1   4  71   1   3   4   2   1   1   3   1   0   1   0   2   6   0   0   0  1.78 0.81
   41 S    1  0  1 -2  3  1 -2  1  3 -3 -3 -1 -2  2 -2  1 -2 -1  2 -3   10   5   8   1   7   8   2  11   7   1   1   3   1   8   1  14   1   1   9   1  0.25 0.23
   42 S   -1 -2  0  0 -2 -1 -1  1 -2 -5 -5 -1 -2 -3 -4  4  4 -5 -2 -4    3   2   4   5   1   2   3  12   1   0   0   4   1   1   0  31  29   0   1   0  0.67 0.45
   43 C   -2  1 -3 -5  9 -3 -4 -3  2 -2 -1 -4  0 -1 -5  2 -1  0  0 -3    2   7   1   0  43   1   1   2   5   3   6   0   2   2   0  16   4   1   3   1  1.22 0.58
   44 F   -3 -4 -6 -6 -2 -5 -6 -5 -5  2  3 -5  0  7 -6 -5 -4 -1 -1  1    2   1   0   0   1   0   0   1   0  12  25   0   1  42   0   0   0   1   1  10  1.16 0.52
   45 A    4 -4 -2 -4  3 -3 -4 -1 -4  0 -1 -3 -1 -3 -2  2  1 -5 -3  1   40   0   2   0   7   1   0   3   0   4   4   0   2   1   1  14  10   0   1   9  0.54 0.38
   46 A    1 -5 -5 -5  5 -5 -5 -4 -5  3  0 -5  0  0 -5 -3  0 -5 -1  5   10   0   0   0  13   0   0   1   0  15   7   0   2   4   0   2   5   0   2  36  0.78 0.41
   47 G    3 -5 -4 -3  3 -2 -5  6 -5 -3 -4 -4 -5 -6 -5  1 -2 -6 -5 -2   20   0   0   1   5   1   0  52   0   2   1   0   0   0   0  10   2   0   0   3  1.12 0.56
   48 T   -2 -1 -2 -1  1 -3 -3 -2  3 -2  0 -3  2 -2 -4  0  6 -2 -1 -3    3   3   1   3   3   1   1   4   6   2  11   1   5   2   1   6  45   1   2   1  0.76 0.48
   49 S   -1  1  2  3 -3 -1  2 -2 -1 -3 -3  1 -1 -3  0  1  1 -5 -3 -3    5   6  10  14   1   2  16   3   1   1   2   9   1   1   5  11   9   0   1   1  0.32 0.25
   50 H   -1  1  3  2 -1  0  0 -2  2 -3 -4  2 -2 -5 -4  2  1 -5 -1 -2    5   7  15  13   1   4   6   3   4   1   1  11   1   0   0  15   8   0   2   2  0.35 0.27
   51 G   -2 -4 -3 -2 -2 -3 -4  7 -6 -5 -7 -4 -7 -7 -6 -2 -2 -7 -4 -7    3   1   1   3   1   2   1  78   0   1   0   1   0   0   0   3   3   0   1   0  1.93 0.82
   52 F   -2 -5 -3 -6  0 -5 -5 -6 -3  0  0 -5 -1  7 -6 -3 -4  3  6  0    3   0   2   0   2   0   0   0   0   5   7   0   2  41   0   2   0   3  25   6  1.28 0.56
   53 R    0  4 -1 -2  1  0  0 -2  2 -2 -2  2  0  0 -3  0 -1  0 -1 -2    9  30   2   1   3   4   5   2   5   2   2  13   3   4   0   9   2   1   2   2  0.37 0.28
   54 I   -2 -2 -5 -5  0 -4 -5 -5 -5  5  2 -4  1  0 -5 -4 -1  2 -3  4    2   2   0   0   2   0   0   0   0  33  15   0   3   4   0   0   3   3   0  29  0.80 0.42
   55 Y   -4 -1 -4 -5  1 -1 -4 -5  1  1 -1 -4  1  5 -5 -4 -1  3  6  0    1   3   0   0   3   3   0   0   3   7   5   0   3  23   0   0   3   4  34   6  0.96 0.50
   56 N    0  0  4  1  1  0 -2 -1  2 -2 -3 -1  0 -1 -2  2 -1  2 -1 -2    7   5  19   8   3   4   3   5   4   3   3   3   3   3   3  13   4   2   3   3  0.29 0.20
   57 C    0  0  1 -2  3 -2 -2 -2 -2  1  0 -1  2  1  1  0  0 -2  1  0    8   8   7   0   7   0   0   1   0   8   8   0   7   7   8   8   8   0   7   8  0.09 0.12
   58 E   -2 -2  3  5 -1 -1  3 -5  2 -9 -5 -1 -3 -4 -5  1 -1 -1 -3 -4    4   2  12  31   2   3  17   1   4   0   2   4   1   1   1   9   4   1   1   2  0.85 0.56
   59 P   -3 -5  1  0 -9 -2 -5 -2 -3 -3 -6 -3 -2 -10  7  1  1 -10 -4 -5    2   1   6   5   0   2   1   3   1   2   1   2   1   0  53  10   7   0   1   1  1.51 0.94
   60 F   -3 -4 -3 -1  3 -2 -5 -3 -1  0  3 -4 -1  6 -2 -4 -4 -1 -1  1    3   1   1   4   5   2   1   3   1   6  27   1   2  26   2   1   1   1   2   9  0.81 0.45
   61 K   -1  2 -1  1 -2  1  2  0  0 -2 -3  3  0 -3 -1 -1  0 -7 -2  0    5   9   3   7   1   6  12   8   2   2   3  16   3   1   3   4   6   0   1   6  0.23 0.21
   62 E   -4  1 -3 -3 -1  1  5 -5  0  0  1  2 -1 -1 -2 -2 -2 -8 -3 -1    2   6   2   2   1   7  29   1   2   5  14  10   1   3   3   3   2   0   1   4  0.53 0.40
   63 T   -2  1 -1 -3  4 -1 -2 -3 -1  2  1  3 -1 -2 -3 -1  1 -1 -2  1    3   8   3   2   7   3   3   2   2  11  13  15   2   2   1   4   8   1   1   9  0.29 0.20
   64 F   -2 -1 -1 -2  1 -2  0 -2  1  1  0 -1  1  4 -3 -2 -3  0  4  0    4   3   3   3   3   2   6   4   3   8  10   3   4  16   2   3   2   1  13   6  0.36 0.23
   65 R   -2  4  0  0  1  0 -2 -3  4  0 -3  2 -6 -1 -3  1 -1  1  1 -2    3  19   4   5   3   4   3   3  10   5   3  10   0   3   2  10   4   2   5   3  0.38 0.28
   66 R   -2  4  0 -1  1  2  1 -2  2 -2 -2  0  0 -1 -1 -1 -1  2  1 -2    3  20   4   4   3   8   7   3   4   3   5   6   3   3   4   4   3   3   5   4  0.26 0.22
   67 E   -1  0  0  0  2  0  0 -1  2  0 -1  0  2  1  0 -1  0  4  1 -1    5   5   5   5   5   5   5   5   5   5   5   5   5   5   5   5   5   5   5   5  0.09 0.08
   68 L   -1  0  0  0  2  0 -1 -1  2  0 -1  0  2  0  0 -1  0  3  1 -1    5   5   5   5   5   5   5   5   5   5   5   5   5   5   5   5   5   5   5   5  0.03 0.09
   69 K    0  0  1  2  0  1  1 -1  0 -1 -2  1 -1 -1  1  0  0 -3 -1 -1    6   5   6  11   2   6  11   4   2   3   4   8   2   3   8   6   7   0   2   4  0.11 0.12
   70 D   -1 -1  2  2  0  0  0  1  0 -1 -2 -1 -1 -1  0  1  0 -4  0 -1    4   2  12  11   2   3   6  13   2   4   4   3   2   2   5  10   7   0   3   3  0.12 0.15
   71 G    0 -1  0  0  1  0  0  3  0 -1 -2 -1 -3 -1  1 -1  0  2  0 -1    7   3   4   5   3   4   6  23   3   3   4   3   0   3   8   4   7   3   4   3  0.16 0.18
   72 G    0  0  0  0  2  0  0 -1  1  0 -1  0  1  0  0  0  0 -2  1  0    5   5   5   5   5   5   5   5   5   5   5   5   5   5   5   5   5   0   5   5  0.03 0.05
   73 F   -2 -3 -5 -4  1 -4 -4 -4 -5  4  1 -2  0  1 -2 -3  0 -4 -2  4    3   2   0   1   4   0   1   1   0  25  14   2   2   6   2   1   6   0   1  28  0.56 0.36
   74 K    1  2  0 -2  1 -1 -2  3 -1 -2 -2  0 -1 -2 -3  2  1 -4  0 -2   10  11   5   1   4   1   2  21   1   3   4   7   2   1   0  15   7   0   3   3  0.23 0.23
   75 I   -2 -3 -1 -4  0 -2 -3 -4  1  5  2 -2  1  0 -3  0 -1 -4  0  1    3   1   4   0   2   2   1   1   4  34  19   2   2   4   1   6   3   0   2   6  0.42 0.32
   76 V    3 -5 -4 -5  2 -3 -3 -3 -5  3 -1 -5 -2 -3 -5 -3 -2 -5 -4  5   21   0   1   0   4   1   1   2   0  19   4   0   1   1   0   2   1   0   0  42  0.86 0.52
   77 E    0 -2 -2  0  1  1  5 -3 -1 -2 -4  0 -2 -4 -4  1 -1 -5 -5 -2    8   1   1   3   3   6  47   2   1   3   2   4   1   1   0  10   3   0   0   3  0.73 0.51
   78 M   -2  3 -3 -5 -5  0 -4 -4 -3  1  1 -2  8 -2  0 -3  0 -5 -1 -1    3  14   1   0   0   4   0   1   1   7  10   2  37   1   4   2   7   0   2   3  0.87 0.56
   79 L   -3 -3 -2 -3 -1 -4 -5 -5 -1  1  5 -4  2  0 -3 -3 -3 -1  1  0    1   1   2   2   1   1   0   1   2   7  60   1   4   3   1   2   1   1   4   5  0.86 0.51
   80 F   -2 -2  0 -2 -3 -1 -1 -1  3 -2 -2 -2 -2  6  0 -1 -1 -1  4 -3    3   2   5   2   1   2   4   5   6   1   3   2   1  35   4   4   4   0  15   1  0.68 0.43
   81 R   -2  4  1  1  1 -1  0 -1  0 -5 -4  1 -4 -5 -3  2 -1 -2 -4 -4    3  28   8   9   3   2   5   5   2   0   2   9   0   0   1  18   3   1   0   1  0.50 0.38
   82 S   -1 -2 -1 -2  4 -3 -2 -1 -2 -3 -3 -1 -2 -3 -4  4  4 -5 -1 -4    3   1   3   2   9   0   2   4   1   1   2   3   1   1   0  36  29   0   2   0  0.75 0.53
   83 N   -1  0  6 -2  0  0 -2 -1 -1 -5 -5 -1 -2 -3 -1  4 -1 -6 -2 -5    3   5  38   1   2   3   2   3   1   0   0   2   1   1   3  28   3   0   2   0  0.83 0.54
   84 I   -2 -2 -3 -4 -1 -2 -4 -3 -2  4  3 -2  0  1 -4 -2 -1  1  2  0    2   2   2   0   1   1   0   2   1  24  36   2   1   6   0   4   3   2   6   5  0.49 0.32
   85 L   -2 -3 -4 -4  1 -3 -4 -3 -2  3  3 -4  0  2 -4 -2 -1  0  0  3    2   1   0   0   3   1   0   2   1  16  26   0   2   8   0   3   4   1   3  25  0.44 0.29
   86 A    5 -4 -2 -4  0 -2 -4 -1 -4  0 -1 -4 -1 -1 -2 -1  0  0 -2  1   51   0   1   0   2   2   0   4   0   5   5   0   2   3   2   4   4   1   1  11  0.63 0.42
   87 L   -2 -2 -4 -5  1 -4 -4 -5 -1  2  3 -4  3  4 -4 -2  0 -3  2  2    2   2   0   0   3   0   0   0   2  10  30   0   6  16   0   2   5   0   6  13  0.52 0.31
   88 V   -1 -5 -2 -5  0 -1 -4 -5 -5  1 -2 -4  0 -1 -5  0  0 -5 -4  6    5   0   2   0   2   4   0   0   0   5   2   0   2   2   0   6   6   0   0  61  1.04 0.56
   89 G   -1 -1 -1 -1  1 -2 -2  5 -3 -4 -1 -2 -1 -2 -1  1  0  0 -1 -2    4   3   2   3   3   2   2  43   0   0   8   2   2   2   3  11   5   1   2   3  0.50 0.32
   90 G    1  0  0  0  0  0  0  1  0  0 -1  0  0 -2  0  1  1 -3  0  0   13   4   5   6   3   5   3  10   3   6   4   5   3   0   3  11   7   0   3   6  0.06 0.08
   91 G    0  0  0  0 -3  1  0  0  2  0 -1  0 -1  0  1  0  0  3 -1  0    6   6   6   6   0   6   6   6   6   6   6   6   0   6   6   6   6   6   0   6  0.06 0.09
   92 P    0  0  0  1 -1  0  2 -1  0 -2 -2  1 -1 -2  2  1  0  0 -1 -1    6   6   4   9   1   4  13   4   3   3   4   7   2   2   9   9   6   1   2   5  0.11 0.12
   93 N   -1  0  3  1  1  2  0 -2  1 -2 -2  1 -1 -2 -1  1  0 -4 -1  0    5   5  15   7   3   9   5   3   3   2   3   7   2   2   4  10   5   0   2   7  0.17 0.17
   94 S    0 -2 -1 -1  0 -1 -1 -1  0 -2 -3 -1  0 -1  5  2  1 -5 -1 -2    6   2   3   3   2   2   3   4   3   3   3   3   2   2  29  15   9   0   2   3  0.51 0.41
   95 Q    0  1  1  0  0  1  0  0  1 -1  0  1  0 -1 -1  1 -1 -3  0 -1    5   9   6   5   3   9   6   7   4   3  10   8   2   3   2  10   3   0   3   4  0.06 0.09
   96 Y   -1 -1  0 -1  1  0 -1 -1  1 -1  0 -1  1  3 -2  1 -1  2  4 -1    6   2   5   3   4   4   3   4   3   3   8   4   3  13   2  10   3   2  13   4  0.17 0.18
   97 P    1 -1  0  0  0  0 -1 -1  0 -2 -3  0 -1 -1  4  3  0  0 -4 -2   11   3   5   4   2   3   4   4   3   3   2   5   2   2  20  20   4   1   0   2  0.34 0.32
   98 S   -1  1  0  0  1  0  0 -2  0 -1 -2 -1  0 -2  5  0  0  1 -4 -2    4   8   4   6   3   3   6   3   2   5   3   4   3   2  27   8   6   2   0   2  0.39 0.33
   99 S   -1  3  3  1  1  0 -1 -2  1 -1 -2  0 -3 -1 -1 -1  1  2  0 -1    6  17  15   6   3   4   3   3   4   3   3   5   0   3   3   4   8   3   3   4  0.20 0.23
  100 K   -1  0  0  0  2  0  0 -3  2  0 -1  0  1  1  0  0  0  3  1  0    5   5   5   5   5   5   5   0   5   5   5   5   5   5   5   5   5   5   5   5  0.08 0.12
  101 V   -1 -4 -1 -2  0 -3 -4 -4  0  1  3 -1  2  0 -1 -1 -1  2 -1  3    6   0   3   3   2   0   0   0   3   5  27   3   4   3   3   4   2   3   2  26  0.34 0.30
  102 L   -1  2  0 -2  3 -1 -2 -1  1  0 -1  1  3  2  1 -1 -1  2  0 -1    4  10   5   3   5   3   3   4   3   6   6   7   6   8   7   4   4   2   4   5  0.13 0.10
  103 I   -1 -1 -6 -6  2  0 -2 -1  1  4  1 -1  2  1 -6 -6 -1 -6  1  3    5   3   0   0   4   4   4   4   4  21  13   4   4   6   0   0   4   0   4  15  0.49 0.25
  104 W   -3 -2 -2 -5  3  0 -4 -3  1 -1 -1 -2  2  3 -5 -2  0  9  3 -1    2   2   2   0   6   5   0   2   3   4   5   3   4  13   0   3   5  25   9   4  0.91 0.52
  105 D   -3 -2  5  4  0 -2 -1 -1  5 -3 -3 -1 -5 -1 -5 -1 -1  1 -2 -3    2   2  27  20   2   2   3   4  14   2   2   4   0   2   0   4   4   2   2   2  0.73 0.46
  106 D   -2 -2 -1  5 -1 -2 -1 -3  0 -2 -3 -2  0  3 -5  0  3 -5  1 -1    3   2   2  31   1   2   3   2   2   3   3   2   2  10   0   6  17   0   5   4  0.61 0.44
  107 H   -1  1  0 -1 -1  0  0 -2  5 -1 -1  3  0 -1 -3  0 -1  0  0 -1    5   7   4   3   1   5   5   2  14   3   7  19   2   2   1   8   4   1   4   4  0.28 0.26
  108 Q   -2  2  0 -1 -1  3  0 -3  1 -2 -1  3  0 -2 -4  0  0  2 -1 -2    3  11   5   3   1  13   6   2   3   3   5  20   2   2   0   6   7   3   2   3  0.30 0.30
  109 S   -1  2  2  0  1  2 -1  2  0 -3 -3  2  0 -2 -2  0 -2 -5 -1 -3    4  10  12   6   3   8   4  14   2   2   2  11   2   2   2   7   2   0   2   2  0.21 0.24
  110 R   -1  3  0 -1  1  1  0 -2  0 -2 -2  3 -1 -2 -2  1  1 -5 -1 -1    5  14   4   3   3   6   4   3   2   2   3  21   2   2   2   9   8   0   2   4  0.25 0.26
  111 C   -1  0  0  0  2  0  0 -1  2  0 -1  0  2  1  0 -1  0  4  1 -1    5   5   5   5   5   5   5   5   5   5   5   5   5   5   5   5   5   5   5   5  0.09 0.08
  112 I   -2 -2 -7 -3  0 -7 -3 -3  0  6  0 -1  1  0 -2 -1 -2 -7 -1  3    4   2   0   2   2   0   2   3   2  33   8   4   3   4   3   5   3   0   3  15  0.68 0.36
  113 S   -1  0 -1 -1  6 -1 -2  2  2  0 -1 -1  1  0 -2 -2 -1  2 -1 -1    5   5   3   3  15   3   3  13   4   5   7   4   4   4   3   4   5   3   3   4  0.28 0.18
  114 E    0  0  0  0  2  1  0  0  2  0 -1  0  1  0 -3  0  0  3 -1  0    6   6   5   6   5   5   6   6   5   6   6   6   5   5   0   6   6   5   0   6  0.06 0.10
  115 F   -4 -3 -4 -3  0 -2 -4 -3  0  4  4 -3  1  2 -3 -2 -3 -5  2  0    1   1   1   2   2   2   1   2   2  19  38   2   3   7   2   3   2   0   7   4  0.61 0.39
  116 A   -1 -1  1  1  2  0  2 -2  0 -1 -3  0 -1 -1 -2  3  2 -1 -2 -1    4   3   7   7   4   4  12   2   2   3   2   5   1   2   2  22  12   1   1   4  0.26 0.27
  117 F   -3 -3 -3 -3  1 -2 -4 -2 -1 -2 -1 -4  2  7 -3 -2 -2 -4  4 -2    2   1   1   2   3   2   2   3   2   2   5   1   4  44   1   3   3   0  14   3  1.14 0.62
  118 R   -1  3  1 -1  1 -1  0 -1  0 -2 -2  1  0 -3  3  1 -1  2 -2 -2    5  15   6   4   3   2   5   4   3   3   5   9   3   1  14  10   4   3   1   2  0.21 0.21
  119 S   -2 -2  1  0  0  0  0  0  2 -2 -3 -1 -1 -3 -2  4  2 -5 -2 -3    3   2   7   6   2   4   7   6   4   2   2   4   2   1   1  31  11   0   1   2  0.38 0.35
  120 E    0  0  0  1 -1 -1  1 -1  0 -2 -1  0 -2 -1  4  1  1 -5 -2 -2    6   5   4   7   1   2  11   4   2   2   5   5   1   3  18  11   9   0   1   2  0.24 0.23
  121 I    0 -2 -2 -2 -2 -1  0  0 -2  1  0 -2  2  1  1  0  0 -2  1  0    8   0   0   0   0   0   8   8   0   8   8   0   8   8   8   8   8   0   8   8  0.08 0.10
  122 R   -1  0  0  0  2  0  0 -1  2  0 -1  0  1  0 -3  0  0  3  1  0    5   5   5   5   5   5   5   5   5   5   5   5   5   5   0   5   5   5   5   5  0.06 0.10
  123 A    1  0  2  0  1 -1 -1  1  1 -3 -2 -1  0 -1 -1  1 -1  3  0 -2   14   6  10   6   3   3   3  12   3   0   3   3   3   3   3  11   4   5   3   3  0.15 0.18
  124 V    0 -4 -4 -4  3 -4 -4 -1 -4  3  1 -4  2  2  0 -3  0 -3  1  3    6   0   0   0   7   0   0   5   0  15   9   0   5   8   5   1   5   0   5  26  0.41 0.26
  125 K   -1  2  0 -2  2  1 -1 -1  1 -1 -1  2  0  0  0  0  1 -3  0 -1    5  13   4   0   4   9   3   4   4   4   6  12   3   4   4   5   8   0   4   4  0.10 0.12
  126 L   -1 -6 -6 -1  2  0 -6 -2  1  2  3 -2  4  1 -1 -1 -1  2  1  1    5   0   0   3   4   5   0   3   4  10  23   3   9   5   4   5   3   3   4   8  0.39 0.24
  127 R   -1  3  3  0  1 -1 -2 -2  1 -1 -2 -1  3 -1 -1  2  0  2 -1 -2    6  13  12   5   3   3   3   3   3   3   4   3   6   3   3  13   6   2   3   3  0.23 0.19
  128 R   -1  0  0  0  2  0  0 -1  2 -2 -1  0  1  0  0  0  0  3  1 -1    5   5   5   5   5   5   5   5   5   0   5   5   5   5   5   5   5   5   5   5  0.08 0.12
  129 D   -1  0  0  0  2  0  0 -1  2  0 -1  0  1  0 -3  0  0  3  1  0    5   5   5   5   5   5   5   5   5   5   5   5   5   5   0   5   5   5   5   5  0.06 0.10
  130 R   -2  5 -1 -1  1 -1 -2 -3  3 -2 -2  1  1  0 -2 -2 -1  3  2 -2    3  28   3   3   3   3   3   3   5   3   5   9   3   3   3   3   4   3   7   3  0.50 0.28
  131 I    0  0 -2 -3  3  1 -2 -3 -2  1  0 -2  2  1  1 -2  0  4  2  0    8   8   0   0   7   7   0   1   0   8   8   0   7   7   8   1   8   7   7   8  0.17 0.16
  132 V    0 -3 -3 -3  2 -2 -3 -1  2  2  1 -3  1  1  0 -1  0  2  0  3    7   0   0   0   5   0   0   4   7  10  11   0   4   6   4   4   4   3   4  26  0.17 0.17
  133 V   -1 -1 -3 -3  1 -2 -3 -3  0  3  1 -2  1  0 -1 -1  0 -3 -2  3    5   3   0   0   3   0   0   1   3  16  10   0   4   4   3   3   7   0   0  35  0.28 0.21
  134 V    0  0 -2 -3  2  1 -2  0 -2  0  0  0  1  1  1  0  0  4 -1  0    7   7   0   0   6   7   0   7   0   7   7   7   6   6   7   7   7   6   0   7  0.10 0.14
  135 L   -1 -1 -1 -1  1  0 -1 -2  0  0  3 -2  1  1  0 -1  1 -3  0  0    4   3   3   4   3   3   5   4   3   4  30   0   3   5   4   4  11   0   3   5  0.13 0.17
  136 E    0  1  0  2  0  1  3 -1  1 -2 -1  1  0 -2 -1 -1 -2 -4 -2 -2    7   6   3  10   2   5  24   4   3   2   5   9   2   1   2   4   2   0   2   2  0.24 0.26
  137 H   -2  1  3  2 -1  0  0 -1  2 -3 -3  0 -1 -2 -4  1  1  0  0 -2    2   8  14  12   1   4   7   5   5   2   2   6   1   2   0  10  10   1   3   2  0.21 0.24
  138 K   -1  3  0 -2  0  0  1 -2  1 -3 -3  3  2 -2 -4  2 -1 -4 -2 -2    4  15   3   1   2   4   7   3   4   1   1  21   5   2   0  14   3   0   1   2  0.28 0.32
  139 I   -1 -5 -2 -5  1 -3 -3 -5 -5  5  0 -4  0 -1 -5 -3  0 -5 -1  4    5   0   2   0   2   1   1   0   0  33   8   0   1   2   0   2   6   0   2  26  0.66 0.47
  140 Y   -2 -1 -1 -2  2 -1 -1 -2  4  0 -1 -1  0  2 -4 -1 -1  0  5  0    2   4   2   2   4   3   3   3  12   5   4   4   3   8   0   5   3   1  20   6  0.30 0.31
  141 V   -1 -2 -4 -5  0 -2 -4 -3 -4  5  1 -4  1 -1 -4 -1 -1 -4 -1  4    5   2   0   0   2   2   0   2   0  31  10   0   3   3   0   4   3   0   2  25  0.53 0.40
  142 Y   -5 -5 -2 -5  0 -1 -3 -5  4 -2 -1 -5 -1  4 -2 -5 -2  2  7 -2    0   0   2   0   2   3   2   0   9   2   5   0   2  19   2   0   2   2  37   3  1.08 0.65
  143 N   -1  0  3  3  1  0  0 -1  1 -1 -2  0 -3 -4 -1  0  0 -4 -1 -1    4   4  15  18   3   4   5   4   3   4   4   5   0   0   3   8   5   0   3   4  0.19 0.25
  144 F   -1  0  0  0  2  0 -2 -1  1  0 -1  0  1  0  0  0  0  3  1  0    5   5   5   5   5   5   0   5   5   5   5   5   5   5   5   5   5   5   5   5  0.03 0.11
  145 M   -2  1  1  1 -1  1 -1  0  0 -2 -2  0  0 -3  1  1  1  0 -2 -1    4   8   7   7   1   7   4   7   2   2   4   5   2   1   7  12   8   1   1   4  0.07 0.16
  146 D   -3 -3  3  4 -1  0 -1 -1  1 -3 -4  0 -7 -3  0  1  1  1 -7 -4    3   2  13  19   2   5   4   5   4   2   2   5   0   2   5  12   9   2   0   2  0.40 0.39
  147 L   -1  0  0  0  2  0 -1 -1  2  0 -1  0  2  0  0 -1  0  3  1 -1    5   5   5   5   5   5   5   5   5   5   5   5   5   5   5   5   5   5   5   5  0.03 0.09
  148 R   -1  0  0  0  2  0 -1 -1  2  0 -1  0  2  0  0 -1  0  3  1 -1    5   5   5   5   5   5   5   5   5   5   5   5   5   5   5   5   5   5   5   5  0.03 0.09
  149 L   -2  1 -1 -2  0 -1 -1 -3  1  1  2  1  0 -1  0 -2 -1  0 -1  0    3   8   3   2   2   3   5   2   4   7  21   7   2   3   5   3   4   2   2   7  0.11 0.14
  150 L   -3 -2 -2 -3  1 -1 -2 -3  0  2  3 -2  2 -1 -1 -2 -1  1  0  0    2   3   2   2   3   3   4   2   3  11  30   3   4   3   3   4   4   2   4   5  0.29 0.26
  151 H   -1  0  0  0  2  0 -1 -1  2  0 -1  0  2  0  0 -1  0  3  1 -1    5   5   5   5   5   5   5   5   5   5   5   5   5   5   5   5   5   5   5   5  0.03 0.09
  152 Q   -1  1  0 -1  1  1  1 -2  2 -1 -2  0  1 -3 -1  1  1 -4  0  0    4   7   4   3   3   7  10   3   5   3   4   4   4   0   3   9  11   0   4   8  0.06 0.17
  153 I   -1  0  0  0  2  0  0 -3  2  0 -1  0  1  0  0  0  0  3  1  0    5   5   5   5   5   5   5   0   5   5   5   5   5   5   5   5   5   5   5   5  0.04 0.12
  154 E   -1  0  0  3  0  0  3 -1  1 -1 -2  0 -1 -2  0 -1 -1 -4  0 -2    6   6   3  16   2   2  19   4   4   4   3   6   2   2   4   4   3   0   3   3  0.16 0.24
  155 T    0  0  0  0  2  0  0 -1  1  0 -1  0  1  0  0  0  0 -2  1  0    5   5   5   5   5   5   5   5   5   5   5   5   5   5   5   5   5   0   5   5 -0.00 0.06
  156 Q   -1 -1 -1  0  1 -1  0 -1  1  0 -1  0  1 -1  2  0  0  2  0  0    5   4   3   4   3   3   7   5   4   4   5   5   3   3  11   8   6   3   3   6  0.04 0.10
  157 A   -1  0  0  0  2  0 -1 -1  2  0 -1  0  2  0  0 -1  0  3  1 -1    5   5   5   5   5   5   5   5   5   5   5   5   5   5   5   5   5   5   5   5  0.03 0.09
  158 N   -2 -2  7 -1  1 -1 -2 -1  1 -1 -2 -2  0 -1 -2 -2 -1  2  0 -8    3   3  40   3   3   3   3   5   3   3   4   3   3   3   3   4   4   3   3   0  0.89 0.57
  159 P   -1  0  2 -1  0  0  0 -2  1 -2 -1 -1  0  0  4  0  0 -5 -1 -2    6   4  12   4   2   3   5   3   3   3   6   3   3   5  21   6   6   0   2   3  0.28 0.27
  160 R   -1  1  1  0  0  1  0 -1  2 -1  0  1 -1  0  1  0  0 -3  0 -1    4   9   8   6   2   5   4   3   6   3   9  11   2   3   6   7   5   0   4   4  0.08 0.11
  161 G    0 -2  1 -2  0 -2 -2  5  0 -2 -3 -1 -5 -3 -1  0 -1 -5  0 -3    8   2   5   2   2   2   2  43   2   3   3   4   0   1   4   6   3   0   3   2  0.57 0.45
  162 L    0 -1  0  0  1  0  0 -1  0  0  1 -1  0  0  0 -1  0 -3  0  0    6   4   4   6   3   5   4   5   2   7  19   4   3   3   5   4   4   0   3   7 -0.00 0.05
  163 C    0  0  0  0  2  0  0 -1  1  0 -1  0  1  0  0  0  0 -2  1  0    5   5   5   5   5   5   5   5   5   5   5   5   5   5   5   5   5   0   5   5 -0.00 0.06
  164 C    2 -1 -1  0  2  0  0  0  0 -1 -2 -1  0  0  0  0  0 -3  0  0   21   3   3   6   4   3   5   7   3   4   3   3   3   4   5   6   4   0   4   6  0.06 0.14
  165 L    0  0 -1  0 -2 -1  0  0  1  0  0  0  1  1  1  0  0 -2  1  0    6   6   0   6   0   0   6   6   6   6   6   6   6   6   6   6   6   0   6   6  0.00 0.08
  166 S    1 -1  1 -1  2  0 -1 -1 -2 -1  0 -2  1 -2  1  2  0 -3  0 -1   10   3   6   3   5   3   4   4   0   3  10   0   4   0   6  21   4   0   3   4  0.07 0.19
  167 H   -1  0  0  0  2  0 -1 -1  2  0 -1  0  2  0  0 -1  0  3  1 -1    5   5   5   5   5   5   5   5   5   5   5   5   5   5   5   5   5   5   5   5  0.03 0.09
  168 H   -1 -1  2  2  1  0 -1  0  3 -1 -2 -1 -1 -3 -2  2 -1  1  0 -2    6   4  10  10   3   4   4   7   7   3   4   3   2   1   3  13   4   2   3   3  0.13 0.19
  169 S    0 -1  1  1 -1 -1  0  0  2 -3 -1 -1 -1 -2  2  2  0 -6 -1 -1    7   3   6   7   2   3   6   8   5   2   6   3   2   2   9  14   5   0   2   4  0.08 0.17
  170 N   -2 -1  2  2  1  0  2  0  1 -2 -3 -1  0 -1 -1  0  0  2 -1 -2    4   4   9  12   3   4  11   7   3   3   3   4   3   3   3   7   6   2   3   3  0.11 0.17
  171 T   -1  0  0  0  2  0 -1 -1  2  0 -1  0  2  0  0 -1  0  3  1 -1    5   5   5   5   5   5   5   5   5   5   5   5   5   5   5   5   5   5   5   5  0.03 0.09
  172 S    0 -1  1 -1  3  0  0 -2  0  0 -1 -1  0  1  0  1  0  1  0 -1    7   2   7   2   6   5   5   2   3   7   7   4   2   6   4  14   5   2   3   4  0.03 0.12
  173 V   -1 -2 -1 -2 -1  1 -3 -3  0  2  2 -2  0  0  0 -1 -1  0  1  2    4   1   3   3   1   7   0   2   2  10  18   2   2   4   4   4   3   1   6  17  0.11 0.20
  174 L    0 -1  0 -1  0 -1 -2 -2  0  0  2 -1  1  1  0 -1  0 -3  1  0    7   2   4   3   3   2   0   2   3   5  26   4   4   6   4   3   4   0   5   7  0.06 0.16
  175 A    2 -1  0 -1  0 -2 -1 -2  0  0 -1 -1 -2  1  0  0  0 -3  2  0   20   2   4   3   2   0   4   2   3   5   6   4   0   5   5   7   4   0  10   8  0.06 0.18
  176 C    0 -3 -1 -2  3 -1 -2 -2  0  0  0 -3  0  2  2  0  1  1  2  0    6   0   2   2   8   2   2   3   2   5   9   0   3   8  10   7  10   2   6   6  0.10 0.19
  177 P   -1  0  0 -1  1 -1 -2 -1 -1 -1 -1 -3 -1 -1  5  0  0 -4 -1 -1    5   5   4   3   3   3   2   5   2   5   6   0   2   2  30   7   5   0   3   4  0.37 0.35
  178 G   -1  0  0  0  2  0  0 -1  1  0 -1  0  1  0  0  0  0  3 -2 -1    5   5   5   5   5   5   5   5   5   5   5   5   5   5   5   5   5   5   0   5  0.02 0.10
  179 L    0  0  0  0  0  0  0 -1  2 -1 -1  0  0 -1  2  1  0 -3  0 -1    6   5   5   5   2   5   4   3   6   3   8   6   3   2   9  12   5   0   3   4  0.05 0.12
  180 N   -1  0  0  0  2  0  0 -1  1  0 -1  0  1 -2  0  0  0  3  1 -1    5   5   5   5   5   5   5   5   5   5   5   5   5   0   5   5   5   5   5   5  0.03 0.11
  181 R   -1  1  0  0  1  0  1 -1  0 -1 -1  1  0 -1  1  0  1  1 -2 -1    5   7   4   3   3   4   9   5   3   4   4  10   3   3   8   6   8   3   0   5  0.04 0.12
  182 G   -1 -1 -1 -1  0 -4 -2  5  0 -1 -2  0  0 -5  0  0  0 -5 -1 -2    4   3   3   3   2   0   2  39   3   3   3   6   2   0   4   6   6   0   2   4  0.42 0.39
  183 E   -1 -1 -1  0 -1  2  1  2  3 -2 -3 -1 -1 -2  0  0 -1  0 -1 -1    3   2   2   4   1   9  11  17   7   2   3   3   2   1   5   9   4   1   2   6  0.14 0.23
  184 I   -1 -3 -1 -3 -5 -3 -2 -2 -2  2  0 -2  0 -1 -2 -1  0 -6 -5  5    6   2   3   1   0   1   2   4   1  12   9   2   3   3   2   4   5   0   0  34  0.43 0.38
  185 R   -1  0  0  0  2  0 -1 -1  2  0 -1  0  2  0  0 -1  0  3  1 -1    5   5   5   5   5   5   5   5   5   5   5   5   5   5   5   5   5   5   5   5  0.03 0.09
  186 V    0  0  0  0  2  0 -1  0 -2  0  0  0  1  0  1  0  0 -2  1  0    6   6   5   6   5   5   0   6   0   6   6   6   5   5   6   6   6   0   5   6 -0.00 0.09
  187 E   -1  0  0  0  2  0 -1 -1  2  0 -1  0  2  0  0 -1  0  3  1 -1    5   5   5   5   5   5   5   5   5   5   5   5   5   5   5   5   5   5   5   5  0.03 0.09
  188 H    1  0  2  3  1 -2 -2 -2  4 -3 -1 -2 -6  0 -3 -1  1 -2  1 -2   12   5  10  15   2   2   3   3  10   2   6   3   0   4   1   4   8   1   5   3  0.35 0.26
  189 F   -3 -2  0  0 -2 -3 -2 -4 -1  2  3 -3  1  2 -3 -2 -1  0  4 -1    3   3   4   6   1   2   3   2   2  10  28   2   3   7   2   3   4   1  12   4  0.43 0.28
  190 G    1 -1  4  2  0 -1 -1  2  1 -4 -4  0 -2 -7  1  1  0 -7 -3 -3   11   3  15   9   2   3   5  12   3   1   2   6   1   0   7  11   5   0   1   2  0.33 0.28
  191 L   -1  0  1 -1  0  0 -1 -2  1 -2  3 -1  1 -2  0  0  1 -1 -1 -2    5   5   7   3   2   4   3   3   3   2  25   4   4   2   5   8   8   1   2   2  0.20 0.18
  192 N   -2  2  2 -1  0  1  0 -1  2 -2 -3  3  0 -1 -1  0  1 -6 -2 -3    3  10  10   4   2   7   5   5   4   3   3  14   2   3   3   8   8   0   2   2  0.23 0.20
  193 M    0  0  1 -1  1  0  1 -2  1 -2 -2  1  1 -1  2  0  0  1  0  0    8   6   6   3   3   4   8   3   3   3   5   9   3   3  11   6   6   2   3   6  0.10 0.11
  194 V    0  0 -1 -1  1  0 -1 -1  2  0 -1  0  1 -1  1  0  1 -5  0  1    6   4   3   4   3   4   4   4   4   6   5   7   4   3   8   6   9   0   3  11  0.07 0.08
  195 Q   -1  0  0  0  2  0  0 -1  2  0 -1  0  2  1  0 -1  0  4  1 -1    5   5   5   5   5   5   5   5   5   5   5   5   5   5   5   5   5   5   5   5  0.09 0.08
  196 I   -1  0  0  0  2  0  0 -1  2  0 -1  0  2  1  0 -1  0  4  1 -1    5   5   5   5   5   5   5   5   5   5   5   5   5   5   5   5   5   5   5   5  0.09 0.08
  197 I    0  0  0  0  2 -2 -2  0 -2  0  0  0  1  1  1  0  0  3  1  0    6   6   6   6   6   0   0   6   0   6   6   6   6   6   6   6   6   6   6   6  0.07 0.12
  198 N   -1  1  2  1  0  1  0 -1  1 -1 -2  1 -1 -2  0  1  0 -3 -1 -1    5   7  15   8   2   5   6   5   3   3   4   7   2   2   4  10   6   0   2   4  0.11 0.12
  199 A    0  0  1  0  2  1  0  0 -2  0  0 -1  1 -2  1  0  0 -3 -2  0    7   7   7   7   6   7   7   7   0   7   7   0   6   0   7   7   7   0   0   7  0.07 0.10
  200 H   -3  0 -1 -2 -1 -1 -5 -1 10 -3 -3 -5 -5 -2 -3  0 -2 -6 -4 -6    2   5   2   2   1   2   0   4  61   2   3   0   0   2   2   7   3   0   0   0  1.99 0.89
  201 D   -1  1  1  3 -2  2  2 -1  0 -1 -3  1  1 -2 -1  0  0 -4 -2 -2    5   7   6  18   1   8  13   3   2   4   2   8   4   2   3   7   4   0   1   2  0.23 0.20
  202 S    0 -2  2  0 -1 -2 -2  1  2 -3 -2  0 -2 -1 -3  4  1 -1 -1 -4    7   2  10   5   1   2   2  10   5   1   4   5   1   2   1  30  10   1   2   0  0.36 0.32
  203 S    1  1  1  0 -2  0  1 -2 -1 -3 -1 -1  0 -4  5  0 -1 -5 -1 -1   10   6   6   5   1   4   8   2   1   1   5   2   2   0  27   7   4   0   2   5  0.41 0.30
  204 I   -2 -5 -1 -5  0 -5 -5 -3 -5  5  3 -5  0 -1 -2 -3 -1 -5  1  3    3   0   3   0   2   0   0   2   0  30  27   0   1   2   2   2   3   0   4  16  0.69 0.40
  205 A    3  0  1 -3  0  0 -2  0 -2 -3 -3 -2 -2 -3 -2  3  0 -1 -1  0   30   4   7   1   2   4   1   6   1   1   1   2   1   1   2  19   6   1   2   7  0.36 0.33
  206 C    3 -3  1 -4  7 -1 -3 -3 -1  0 -2 -2 -1 -2 -3  1  0 -5 -2 -2   27   1   7   0  23   3   1   2   1   6   3   3   1   2   1  10   5   0   2   2  0.67 0.43
  207 M   -2 -4 -2 -2 -1 -4 -4 -1 -4  3  3 -4  3  1 -2 -2 -2 -4 -3  1    2   0   2   3   1   0   0   6   0  18  35   0   9   6   2   3   2   0   0  10  0.48 0.32
  208 T    4 -1 -1 -2  1 -1 -2  0 -2 -3 -3  1 -3 -4 -3  2  1 -4 -2 -1   36   2   3   2   3   2   2   6   1   1   1   8   0   0   0  18   8   0   2   3  0.43 0.34
  209 L   -2 -2 -2 -2 -1 -4 -3 -5 -4  1  3 -4  3  4 -2 -3 -1  2 -2  1    3   2   2   2   1   0   2   0   0   7  34   0   6  20   2   2   3   3   0   9  0.54 0.34
  210 T   -2 -4  6  1  2 -3 -3 -1  1 -5 -3 -4 -1 -5 -2  3  2 -6 -5 -5    3   0  34   8   4   0   0   5   4   0   2   0   2   0   2  24  10   0   0   0  0.82 0.52
  211 L    0  1  1 -1 -1  1 -1 -2  1 -2 -2  0  0  0  3  2  0  0  0 -2    7   7   9   2   1   7   2   2   4   2   4   4   3   5  13  16   4   1   3   3  0.17 0.18
  212 D   -1 -1  2  4  1  1  0 -2  0 -2 -2  0 -2 -2 -1  1  0 -5 -2 -3    4   2  11  26   4   6   6   2   2   2   4   5   1   2   3  11   6   0   1   2  0.33 0.26
  213 G    0 -2 -2  0  0  0 -2  6 -5 -6 -6 -4 -5 -2 -2 -1 -2 -6 -5 -2    6   2   2   4   2   4   2  62   0   0   0   0   0   2   2   5   2   0   0   3  1.16 0.59
  214 L   -1  1  2 -1 -2  0  0 -1  0 -3 -2  1  0 -3 -2  2  4 -5 -2 -3    5   8   8   3   1   3   5   5   2   1   4   8   2   1   2  17  23   0   2   1  0.33 0.28
  215 L   -3  0 -3 -2 -2  0 -3 -3  0  1  4  1  2  0 -5 -3 -2  0  2  1    2   6   1   2   1   4   1   2   2   6  36  11   5   3   0   1   2   1   6   8  0.40 0.28
  216 L   -2 -6 -6 -7 -1 -6 -6 -4 -6  3  5 -6  1  1 -3 -6 -2  1 -2  2    3   0   0   0   2   0   0   2   0  16  48   0   2   5   2   0   2   2   1  14  0.97 0.49
  217 A    6 -4 -2 -5  2 -4 -4 -2 -5 -3 -4 -1 -4 -5 -2 -1 -3 -5 -5 -1   72   0   2   0   4   0   0   3   0   1   2   4   0   0   2   3   1   0   0   4  1.29 0.63
  218 T   -1 -4 -4 -1 -4 -4 -4 -1 -5 -3 -2 -4 -4  0 -2  2  7 -5 -4 -3    5   0   0   3   0   0   0   4   0   1   4   0   0   4   2  12  61   0   0   1  1.18 0.62
  219 A    2 -2 -2 -2  4 -2 -2  1 -3 -2 -1 -2 -2 -3  1  2  2 -3 -3  0   21   0   0   0   9   0   1  13   0   0   7   1   0   0   6  15  17   0   0   7  0.28 0.18
  220 S    0 -2  0  0  1  0  0  2  1 -3 -2 -2 -2 -2 -2  3  0  2  0 -3    4   0   4   4   4   4   4  16   5   0   4   1   0   0   0  35   4   4   4   1  0.29 0.20
  221 T   -1 -1  0  0  1  0  3 -2  1 -1 -2  0  0 -1  0  0  1 -4  0 -1    4   3   4   5   3   4  24   3   4   4   3   4   3   3   5   6   9   0   3   6  0.18 0.21
  222 K   -1  2  0 -1  1  0  0 -2  1 -1 -2  4  0 -4  0 -1  1 -5  0 -2    4   9   5   3   3   4   4   3   3   3   3  32   3   0   4   3   8   0   3   3  0.37 0.33
  223 G    0  1  1 -2 -2  1  0  0 -2  0 -1 -1  2 -2  1 -1  0  4 -2  0    8   8   8   0   0   8   8   8   0   8   1   0   8   0   8   1   8   8   0   8  0.14 0.14
  224 T    0  0  0 -1 -2  1  1  1  1  0 -1  0 -1 -2 -2  1  1 -3  0 -1    5   6   4   0   0  10   8  14   4   8   8   5   0   0   0   9  14   0   4   0  0.10 0.12
  225 L    0 -1  0  1  0  0  0 -2  0  0  0 -1  0  1  0  0  0  1  0  0    7   2   6  10   3   5   8   1   2   6   8   2   3   6   5   5   7   2   3   9  0.04 0.06
  226 I   -2 -4 -4 -4  2 -4 -2 -4 -4  5  0 -4  0  0 -4 -3  0 -4 -1  3    2   0   0   0   4   0   2   1   0  44   7   0   2   4   0   1   5   0   2  23  0.72 0.38
  227 R   -3  6 -1 -1  0  1 -2 -4  0  0 -2  2 -3 -4 -2 -1  0  1 -3 -1    1  44   2   4   2   5   1   1   2   5   4  10   0   0   2   5   5   2   0   4  0.58 0.35
  228 I   -2 -4 -1  0  0 -3 -3 -2 -4  4  1 -3 -1 -1 -4 -3 -1 -4 -3  4    2   0   4   5   1   0   1   3   0  25   9   0   0   2   0   1   2   0   0  43  0.56 0.32
  229 F   -1 -2  1 -2 -2 -2 -2  0  2  1  0 -2  2  1 -3  0  0  4  2  0    1   0   8   0   0   0   0   8   8   8   8   0   8   8   0   8   8   8   8   8  0.16 0.15
  230 N   -1 -1  3  2  1  0  0  0  0 -1  0 -1  0 -3  0  1  0 -3 -1 -1    4   4  14  14   3   3   5   7   3   3  10   3   3   0   5  10   4   0   3   3  0.12 0.13
  231 T    0 -3 -4 -2  0 -3 -2 -3 -5  1  0 -4  0 -2 -2  0  5 -1 -3  3    6   1   0   2   2   1   3   2   0   8   7   0   2   2   2   6  33   1   1  21  0.56 0.43
  232 M    0  0  0 -1 -1  1  0 -1  1 -1 -2  0  0 -1  3  1  0  0 -2 -2    9   5   4   3   2   8   5   5   3   4   3   5   3   3  18  10   6   1   1   3  0.19 0.20
  233 D   -1  0  2  3 -4  0 -1 -1  0 -2 -3  0 -4 -1 -2  2  3  0 -2 -3    3   4   9  15   0   4   4   4   2   2   3   4   0   3   2  17  20   1   2   2  0.33 0.32
  234 G    0  0 -1 -2  1 -1 -1  5 -1 -2 -1  0 -1 -1 -2 -1 -2 -5 -2 -2    9   5   3   2   3   2   5  39   1   2   6   6   1   3   2   5   2   0   2   2  0.42 0.32
  235 T    0  0  1  1  0  2  1 -1  0 -2 -2  0  1 -1 -2  0  1 -4 -1 -1    8   4   7   7   2  11  10   4   3   2   3   6   4   3   2   6  12   0   2   5  0.14 0.17
  236 R    0  0  0  0  2  1  0 -2  2  0  0  0  1  0  1  0  0 -3 -2  0    6   6   6   6   6   6   6   0   6   6   6   6   6   6   6   6   6   0   0   6  0.06 0.10
  237 L    0  0  0 -2  2  1  0  0 -1  0  0  0  1  1 -2  0  0 -2  1  0    6   6   6   0   6   6   6   6   0   6   6   6   6   6   0   6   6   0   6   6  0.04 0.09
  238 Q    0 -1  0 -3  3  0 -1 -1  2 -1 -1 -1  1  4 -4 -1 -1  2  3 -1    8   3   5   0   7   5   3   5   6   3   4   4   3  17   0   4   3   3  10   4  0.24 0.23
  239 E    0  0  1  0  2  1  0  0  2  0 -1  0 -1 -2 -2  0  0 -2  1  0    6   6   6   6   6   6   6   6   6   6   6   6   0   0   0   6   6   0   6   6  0.05 0.09
  240 V    0 -2 -2 -2  2 -1  0  0 -2  0  0  0  1  1 -3  0  0  4  1  0    7   0   0   0   7   0   7   7   0   7   7   7   7   7   0   7   7   7   7   7  0.11 0.13
  241 R   -1  4  0 -1  1  0  0 -4  1 -1 -1  0  0 -3  1  1 -1  2  0 -1    3  30   3   3   3   3   5   0   3   5   7   4   3   0   6  10   4   3   3   3  0.31 0.27
  242 R   -1  1 -1  1  3  1  1  0 -1  0  0  1 -1 -2 -2  0 -1 -3 -2 -1    1  10   0  10   9   9  10  10   0  10  10  10   0   0   0  10   1   0   0   1  0.11 0.09
  243 G    0 -5 -4 -2 -5 -5 -5  6 -5 -5 -5 -5 -5 -1 -1 -2 -1  4  0  1    7   0   0   3   0   0   0  55   0   0   1   0   0   3   3   3   3   5   4  10  1.08 0.50
  244 V    1 -1  0 -6  1 -1 -6 -2  1 -1 -1 -1  2  0 -1  2  2 -6  1  0   12   4   4   0   3   3   0   4   3   4   7   4   5   4   4  13  14   0   5   7  0.24 0.21
  245 D   -1  0  1  3  1  0  0 -2  1 -1 -2  1  1 -1 -1  0  0  2  1 -2    4   4   6  17   3   4   5   3   4   4   4   9   4   3   3   7   7   2   4   3  0.19 0.15
  246 R   -1  3  0 -1  0  1  0  0  1 -4 -3  1 -3 -4  3  1  0 -4 -1 -2    6  17   5   3   2   6   5   6   4   0   3   6   0   0  15  10   7   0   3   3  0.29 0.27
  247 A    5 -4 -2 -2  3 -1 -2 -1 -4 -2 -2 -2 -4 -5 -4  1  0 -5 -1  1   47   0   2   3   7   2   2   4   0   2   3   2   0   0   0   8   5   0   2   9  0.65 0.47
  248 D   -1  1  1  0  0  0  1 -3  0  0 -1  1  0  0 -1  1  2 -3 -1 -1    5   8   6   6   2   4  10   0   2   8   4   8   2   4   2   9  13   0   1   3  0.09 0.14
  249 I   -3 -6 -6 -3  0 -2 -6 -6 -6  7  0 -6  1 -2 -6 -5 -2 -6 -2  2    2   0   0   2   2   2   0   0   0  64   6   0   3   2   0   0   3   0   2  10  1.46 0.72
  250 Y   -2 -1  0 -2  2  1 -3 -3  4 -2 -2 -3 -2  2 -3  0  1  1  6 -2    3   4   5   2   4   6   1   2   9   2   3   1   1   7   2   8   8   2  25   2  0.48 0.39
  251 S    0  0  1  0  2  1  0  0  2 -1 -1  0 -2 -2 -2  0  0  3  1 -2    6   6   6   6   6   6   6   6   6   6   6   6   0   0   0   6   6   6   6   0  0.06 0.14
  252 I   -1 -1  0 -3  3 -3 -3 -4 -3  2  2 -3  3  0  1 -1  0 -3  1  1    4   4   4   0   6   0   0   1   0  16  24   0  11   4   7   4   4   0   4   6  0.25 0.22
  253 A    2  0  1  0  4 -1 -1 -1  0 -2 -1 -1  1 -2  0  1  0 -3 -1  0   23   4   7   6   9   3   2   2   3   0   4   3   4   2   4   9   7   0   2   5  0.15 0.16
  254 L   -4 -4 -5 -5 -4 -4 -5 -5 -4  2  1 -5  2  7 -5 -4 -4  4 -1  0    1   1   0   1   0   0   1   1   0  11  14   1   5  53   1   1   1   5   0   5  1.32 0.51
  255 S   -1  1  3  0  0 -2 -1 -2  0 -2 -3 -1 -3 -2 -3  5  0 -4 -1 -3    2   7  14   4   2   0   3   3   2   3   3   2   0   2   1  46   3   0   2   1  0.58 0.38
  256 P    0  0 -1 -1 -2  0 -1 -2  1 -2 -1  0 -1 -2  5  1 -1  1  0 -2    8   5   2   3   1   4   3   3   4   2   6   5   2   2  32  10   2   2   3   2  0.48 0.29
  257 N   -2 -2  3  5  1 -1  1 -1 -1 -3 -4 -1 -2 -5 -3  0  0 -5 -3 -2    3   2  13  39   3   2   7   5   2   1   2   3   1   0   1   8   5   0   1   3  0.66 0.38
  258 V    0 -2  1  0  1 -1 -1  1  0 -2 -3 -1  0 -1  0  3 -1  2 -1 -2    7   3   7   6   3   3   4  10   3   3   3   4   3   3   5  22   3   3   3   4  0.22 0.21
  259 Q   -1  2  1  0  1  3  0 -2  2 -2 -2  1  1 -1  0  0  0 -6  0 -2    4   9   6   5   3  14   6   4   4   3   4   8   3   3   4   8   6   0   3   3  0.19 0.18
  260 W   -2  0 -2 -2  0 -1 -2 -6  1 -1  1 -1  1  4 -6 -3 -5  8  4 -2    3   5   3   2   2   2   4   0   4   4  14   4   4  17   0   2   0  17  11   2  0.79 0.48
  261 L   -3 -5 -5 -2  0 -5 -5 -6 -5  1  6 -5  1  0 -5 -2 -4 -5 -4  1    2   0   0   3   2   0   0   1   0   7  64   0   3   3   0   3   0   0   0   9  1.14 0.51
  262 A    4 -5 -2 -5  7 -5 -5 -1 -5 -1 -1 -5  0 -2 -5 -1 -2 -5 -5  2   37   0   2   0  21   0   0   4   0   3   5   0   2   2   0   4   2   0   0  16  0.98 0.49
  263 V    3 -5 -5 -5  5 -2 -5 -3  2 -1  0 -5 -1 -4 -5  0 -1 -5 -4  4   21   0   0   0  13   2   0   2   4   2   9   0   2   0   0   8   3   0   0  32  0.73 0.41
  264 S    1 -4 -1 -4  2 -3 -3 -2  0 -1 -2 -3 -2 -2 -4  4  3  3 -1  0   12   0   3   0   5   0   0   2   3   3   3   0   1   1   0  37  16   4   2   7  0.58 0.40
  265 S   -1 -2 -2 -3  0 -2 -2 -2 -5 -3 -6 -4 -5 -6 -5  7 -1 -6 -3 -5    3   2   1   1   2   2   2   2   0   2   0   0   0   0   0  77   2   0   1   0  1.56 0.77
  266 D   -1 -2  4  5 -2  0  0 -2 -1 -3 -3 -2 -4 -5 -4  2 -1 -5 -4 -2    5   1  18  36   1   4   6   2   1   1   2   1   0   0   0  15   4   0   0   3  0.71 0.41
  267 K   -2  1  1 -1 -5 -2 -1 -2  2 -4 -3  5 -4 -4 -4  1  3 -5 -4 -4    2   6   8   4   0   1   2   2   5   1   2  35   0   1   0  11  20   0   0   1  0.62 0.41
  268 G   -1 -3  1  0 -2 -1  2  5 -2 -5 -3 -1 -3 -3 -3 -1 -2 -2 -2 -3    5   1   6   4   1   2  12  50   1   0   2   3   1   1   1   5   2   0   2   2  0.74 0.39
  269 T   -3 -5 -1 -3 -1 -3 -1 -5 -5 -3 -4 -3 -2 -3 -5  0  7 -6 -5 -2    1   0   3   1   2   1   4   0   0   1   1   1   1   1   0   4  75   0   0   2  1.60 0.78
  270 V   -1 -5 -5 -4 -1 -5 -5 -4 -5  4  2 -5 -1  0 -5 -4 -2 -5 -4  5    5   0   0   1   1   0   0   2   0  24  15   0   1   3   0   1   1   0   0  45  0.93 0.47
  271 H   -5 -2 -2 -4 -7 -1 -4 -4 11 -7 -5 -3 -6 -3 -2 -1 -5 -6  1 -7    0   2   2   1   0   3   0   1  78   0   1   2   0   1   2   4   0   0   3   0  2.75 1.01
  272 I   -3 -5 -5 -5 -2 -5 -5 -6 -5  6  1 -4  0 -1 -5 -4 -1 -5 -4  5    2   0   0   0   1   0   0   0   0  42   8   1   2   2   0   0   3   0   0  37  1.11 0.49
  273 F   -4 -6 -6 -7 -6 -6 -6 -6 -4 -4 -1 -6 -4  8 -7 -3 -5  4  4 -3    1   0   0   0   0   0   0   0   0   0   4   0   0  73   0   2   0   5  11   2  2.20 0.79
  274 S    0  2  1  1  0  0  0 -1  0 -3 -2  3 -2 -2 -2  1 -1 -4 -1 -3    7  11   8  10   2   4   5   3   2   1   5  19   0   1   1  13   3   0   3   1  0.21 0.18
  275 L   -2 -4 -3 -4 -1 -4 -5 -5 -5  3  5 -4  2 -2 -5 -3 -2 -4 -2  1    2   0   1   1   1   0   0   0   0  17  57   0   4   1   0   1   1   0   1   9  0.92 0.43
  276 R    0  1  0  2 -3  1  1  0  0 -2 -2  1 -1  0  2  1 -1 -3 -2 -2    6   6   5  13   0   5  11   6   2   2   3   9   1   5   9  10   3   0   1   3  0.16 0.12
  277 V    0  0  0  1 -2  0  1  0  0 -1 -1  1 -1 -1  0  0  0 -1 -1  0    8   4   4  10   1   4  11   7   2   4   5  11   1   2   5   5   4   1   2   9  0.06 0.06
  278 R    0  1  1  1  0  1  0  0  0 -2 -2  1 -1 -2  1  1  0 -3 -2 -2    6  10   8   7   3   8   5   5   2   3   3  11   1   2   6  10   6   0   1   3  0.12 0.10
  279 V    0  0  1  0 -2  0  1  0 -1  0 -1  1 -1 -2  1  0  0 -2 -2  1   10   6   6   4   0   3  13   6   1   5   4   9   1   1   6   7   4   1   1  12  0.08 0.08
  280 V    0  0  1  0  0  1  0  0  0 -1 -1  1 -1 -2  0  0  0 -1 -1 -1    6   5   9   5   3   5   7   8   3   3   8   9   1   1   5   9   6   1   2   4  0.05 0.05
  281 G    0  0  1  1 -1  0  0  2 -1 -2 -1  0 -1 -1  0  1  0 -3 -2 -1    7   4   9   6   1   5   5  17   1   2   5   5   2   3   5  10   5   0   1   4  0.10 0.08
  282 E    0  1  0  0 -2  1  1  0 -1 -2 -1  1  0 -2  1  0  0 -2 -1 -1    8   9   4   4   1   7  12   7   1   2   5  10   2   1   6   8   7   1   2   3  0.11 0.09
  283 D   -1  1  1  2 -2  1  1  0  0 -2 -2  0 -1 -2  0  1  0 -3 -1 -2    5   9   8  11   1   5  11   8   2   3   4   5   1   1   5  10   5   0   2   3  0.12 0.10
  284 S    0  0  1  0 -2  1  1  0  1 -2 -2  0 -1 -1  1  2  1 -2 -1 -2    8   4   5   5   1   6   8   7   3   2   3   7   1   2   6  18   7   1   2   2  0.13 0.13
  285 Y    0  0  1  0 -1  0  0  0  1 -1 -1  0 -1 -1  1  1  0  1  0 -1    7   5   7   3   2   4   7   7   3   3   6   6   2   3   6  13   6   2   3   4  0.05 0.05
  286 S    1  1  0  0 -2  1  0 -1 -1 -2 -1  1 -1 -1  0  2  1 -3 -1 -1   10   7   4   4   1   5   5   4   2   2   6   9   1   2   4  19   7   0   3   4  0.10 0.11
  287 T    0 -1  1  0  0  1  0  0  0 -2 -2  0 -2 -2  2  1  1 -2 -2 -2    8   3   6   6   2   5   6   7   2   2   5   7   1   1   9  14  11   1   1   3  0.12 0.12
  288 E    0  2  0  0 -2  2  1 -1  1 -2 -2  1 -2 -2  1  1  0  2 -2 -2    6  10   5   6   1   8  10   5   3   2   4   7   1   2   6  12   4   3   1   3  0.14 0.13
  289 N    0  0  1  0 -1  0  1  0  0 -1 -1  0 -1 -1  0  1  0  1  0 -1    7   5   9   5   1   4   8   9   2   5   4   4   2   2   5  11   7   2   3   4  0.05 0.06
  290 G    1 -1  0 -1 -1  0 -1  3  0 -2 -2 -1 -2 -1  0  2  0 -2 -2 -1   10   3   4   3   1   5   4  21   2   3   5   4   1   2   6  15   5   1   2   4  0.17 0.15
  291 A    1 -1  0 -1 -2  0 -1  1  0 -1 -2  0  0 -2  1  2  0  0 -1 -1   12   3   4   3   1   5   4  10   2   3   4   5   2   2   8  16   4   2   3   5  0.09 0.11
  292 L    1  0  0  0 -1  0  0 -1 -1  0  0  0  0 -1  1  1  1  1 -1  0   11   5   5   4   1   3   6   5   1   4  13   4   2   2   6   9   7   2   2   5  0.02 0.04
  293 L    0  0  0  0 -1  0  0  0 -1  0  0  0 -1 -1  1  0  0 -1 -1  0    9   4   4   5   1   4   6   9   1   5  13   4   1   2   8   8   4   1   2   6  0.03 0.04
  294 T    1  0  0  0 -2  0  0 -1 -1 -1 -1  0 -1 -1  1  2  1 -2 -1 -1   10   5   5   5   0   3   7   5   2   4   5   4   1   3   7  15   9   1   2   4  0.07 0.09
  295 Q    0  0  0  0 -2  1  0  0  1 -1  0  0 -1 -2  1  2  0  0  0 -1    8   5   3   4   1   8   6   6   4   3   8   5   1   2   6  15   4   1   3   5  0.05 0.08
  296 Q    0  1  1  0 -1  1  0  1  1 -2 -1  0 -1 -2  1  1  0 -1 -1 -1    6   7   7   4   1   7   7   9   3   2   6   4   2   2   8  11   5   1   2   4  0.07 0.08
  297 N    0  0  2  1 -3  0 -1  0 -1 -2 -1  0 -2 -1  0  2  1 -1 -1 -1    6   4  11   7   0   5   4   9   1   2   5   5   1   3   5  14   7   1   2   5  0.09 0.10
  298 Y   -1  0  0  0  2  0 -1 -1  2  0 -1  0  2  0  0 -1  0  3  1 -1    5   5   5   5   5   5   5   5   5   5   5   5   5   5   5   5   5   5   5   5  0.03 0.09
  299 S    0  0  1  0  1  0 -1 -1  1 -1 -1 -1  1  0  0  2  0 -5  0 -2    7   4   5   4   3   4   4   6   3   3   6   4   4   4   5  17   6   0   3   3  0.05 0.13
  300 N   -1  0  2  0  0 -1 -1  1  1 -2 -2 -1 -1 -2  0  2  0  1 -1 -2    6   5   9   5   2   3   4  10   4   2   4   4   2   2   5  14   6   2   2   4  0.07 0.15
  301 S   -1  0  0  0  0  0 -1 -1  2 -1 -1  0  0  0 -1  1  1  3  1 -1    6   5   5   5   2   5   5   6   4   4   5   5   3   4   4   9   7   4   6   5  0.01 0.07
  302 L    0  0  0  0  0  0  0 -1 -1  0  1 -1  2  0 -1  0  0  2  0 -1    6   5   5   4   2   4   5   6   1   4  13   4   5   3   3   8   5   3   3   4 -0.00 0.06
  303 Q   -1  0  0  0  2  0 -1 -1  2  0 -1  0  2  0  0 -1  0  3  1 -1    5   5   5   5   5   5   5   5   5   5   5   5   5   5   5   5   5   5   5   5  0.03 0.09
  304 G   -1  0  0  0  1  0 -1  2  1 -1 -2 -1  1  0  0  0 -1  2  1 -2    6   5   5   5   3   4   4  15   3   3   5   3   3   4   5   8   4   3   4   3  0.05 0.11
  305 L    0  0  0 -1  0  0 -1 -1  1  0  0  0  1  1  0  0  0  1  0 -1    9   5   4   3   2   5   4   4   3   6  10   4   5   6   4   9   4   2   3   4 -0.01 0.04
  306 V    1 -1  0 -1 -1  0 -1 -1  0  1  0  0  0 -1  0  0  0  0  0  1   11   3   4   3   1   3   5   5   2   8   9   5   3   3   5   9   4   2   3   8 -0.01 0.04
  307 S   -1  0 -2  0 -6  0 -1  0  0  0 -2 -2  0 -2  0  4  0  2 -2 -2    6   5   2   4   0   4   5   7   2   5   5   3   2   2   5  24   6   2   2   3  0.19 0.25
  308 P   -1  0  1  1 -6  1 -2  0  1 -2 -2  0  1 -2  4  2  0 -6 -1 -3    5   6   6   7   0   5   3   7   4   2   4   6   3   2  17  13   6   0   2   2  0.25 0.24
  309 T    0 -1  1  0 -2 -1 -1 -1  0 -1 -1 -1  0 -1  0  2  1  4  2 -1    8   4   6   4   1   3   4   5   2   4   6   4   2   2   5  13   9   5   6   5  0.11 0.13
  310 I    1 -2 -1 -2 -2  0 -1  0 -1  0  0 -2  1  0  0  1  2  0  0  0   12   2   2   3   1   4   3   6   2   6  11   2   3   4   4  10  13   1   3   7  0.10 0.11
  311 G   -1  0  1 -1 -6  0 -2  4  0 -3 -3  0  1 -3  1  2 -1 -1 -2 -2    6   5   5   4   0   5   3  25   2   2   4   5   3   1   6  15   3   1   1   3  0.33 0.27
  312 T    1 -1  1  0 -1  0 -1  0 -1 -2 -2  1  1 -1 -1  1  2  2  0 -2   11   4   7   4   1   4   4   8   2   2   4   8   3   2   3  12  11   3   3   3  0.12 0.13
  313 N   -1  0  0  0  2  0  0 -1  2  0 -1  0  2  1  0 -1  0  4  1 -1    5   5   5   5   5   5   5   5   5   5   5   5   5   5   5   5   5   5   5   5  0.09 0.08
  314 P    0  0 -1 -1  1  0 -1 -1  1 -1  0  0  0  0  2  0  0  2  0 -1    8   5   3   3   2   5   4   5   3   3   9   6   3   4  11   8   6   3   3   4  0.07 0.09
  315 G    0  1  0 -1  0  0 -2  1  1 -1 -3  2  2 -1 -2  2 -1  1  0 -1    7   8   5   3   2   5   3   9   3   4   3  11   4   3   2  15   4   2   3   5  0.14 0.15
  316 S    1 -1  0 -2 -7 -1 -3 -2  1 -1 -4 -1 -7 -1 -2  5 -1  2 -1 -2   10   3   4   3   0   3   2   4   3   4   3   4   0   3   3  40   5   2   2   3  0.65 0.48
  317 S    1 -1 -1 -3 -5 -1 -1  0  0  0  0  0  1  1 -1  2 -1  2  0  1   10   3   3   2   0   2   3   6   2   5   8   6   4   7   3  18   3   3   3   9  0.14 0.14
  318 L    1 -2 -2 -2  0 -1 -2 -1 -5 -1  3 -1  2  2 -1  0  1  2  0 -1   10   3   2   3   2   3   3   4   0   3  23   3   5   8   3   8   7   3   3   5  0.22 0.17
  319 S    0  0  0  0  2  0  0 -1  1  0 -1  0  1  0  0  0  0 -2  1  0    5   5   5   5   5   5   5   5   5   5   5   5   5   5   5   5   5   0   5   5  0.03 0.05
  320 F   -1  0 -1 -2  1  0 -2 -1  1 -1 -1 -1  3  3 -1  0 -1  3  3 -2    6   6   4   3   3   4   3   5   3   4   7   5   6  12   3   7   3   3  10   3  0.20 0.15
  321 M   -1  0  0  0 -3  0  0 -1  2  0 -1  0  1  0  0  0  0  3  1  0    5   5   5   5   0   5   5   5   5   5   5   5   5   5   5   5   5   5   5   5  0.06 0.08
  322 R   -1  0  0  0  2  0  0 -1  2  0 -1  0  2  1  0 -1  0  4  1 -1    5   5   5   5   5   5   5   5   5   5   5   5   5   5   5   5   5   5   5   5  0.09 0.08
  323 G    0 -1  1  0 -5  0 -1  1  2 -1 -1  0  1 -1  2  0  0  2  0 -1    7   3   7   5   0   4   4  12   4   4   7   5   4   3  10   6   5   3   3   4  0.10 0.10
  324 V   -1 -1 -1 -3  0  1 -1 -2  0  1  1 -1  1  1  0  0 -1  1  2  1    5   3   3   0   2   8   3   3   2   8  12   4   3   7   4   7   3   2   9  11  0.11 0.14
  325 L   -1 -2 -1 -2 -4 -4 -4 -2  1  1  3 -2  2  0 -2 -1  0  1 -1  2    4   2   3   2   0   0   0   4   4   7  32   3   4   4   2   4   5   2   2  13  0.32 0.26
  326 P   -1 -3 -1 -1  0 -1 -2  0 -1  0 -3 -2 -1 -3  6  1  2 -6 -5 -3    5   2   3   3   2   3   2   6   2   5   3   3   2   1  34  11  12   0   0   2  0.67 0.48
  327 K   -1  1  1  1 -1  1  2  0 -3 -2 -3  3  0 -3 -1  0  0 -4 -2 -2    5   7   6   8   2   6  11   6   0   2   3  22   2   1   3   7   5   0   1   3  0.26 0.24
  328 Y   -1 -3 -1 -3 -1 -1 -5 -2  0  1 -1 -2  4  0 -2 -2 -3  0  7  1    6   2   3   2   1   3   1   4   2   7   4   3   9   3   2   4   2   1  34   9  0.73 0.49
  329 F   -2 -3 -2 -1 -1 -2 -4 -3 -4  0  2 -1  2  6 -3 -3 -2  4  0  1    3   2   3   4   1   2   1   2   0   4  18   4   4  30   2   2   3   5   2   9  0.59 0.39
  330 S    0 -1  2  1 -2  0  2 -1  0 -3 -2  1 -1 -2 -2  3  1 -5 -3 -2    6   3   9   7   1   4  12   5   2   2   3   8   2   2   2  22   8   0   1   3  0.24 0.25
  331 S   -1 -1  0  0  0  3 -1  0 -4 -5 -3 -2 -2 -2  1  4  0 -5 -2 -2    4   3   4   6   2  12   4   6   0   0   3   2   1   2   8  34   5   0   2   2  0.45 0.42
  332 E   -1 -1 -1  2 -4  2  3 -1 -1 -1 -2  0  1 -3 -1  0  0 -1 -2  0    5   2   2  10   0   9  23   4   1   5   3   6   4   1   3   7   7   1   1   6  0.24 0.25
  333 W   -4  6 -4 -5 -1 -3 -2 -4 -1 -4 -3  0 -1  1 -2 -3 -2  9  1 -3    1  36   1   0   2   1   2   2   2   1   3   5   2   6   2   2   2  23   5   2  1.33 0.72
  334 S    2 -2  0  2 -1 -3 -3 -1  0 -6 -6 -3 -2 -6 -2  5 -2 -6 -5 -3   18   2   4   9   1   1   2   4   2   0   1   2   1   0   2  49   1   0   0   2  0.96 0.67
  335 Y   -3 -3 -3 -2 -1 -3 -5 -6  1  0  1 -4 -1  7 -4 -3 -1 -1  2  0    2   2   1   2   1   2   1   0   4   6  10   1   2  46   1   2   4   1   6   6  1.08 0.61
  336 A    6 -4 -3 -1  4 -5 -5 -2 -5 -3 -3 -3 -2 -3 -2  0 -1  0 -4 -1   58   1   1   3   7   0   0   3   0   1   3   2   1   1   3   6   4   1   1   5  1.04 0.66
  337 Q   -2  2  0 -3 -5  4  0 -4  1 -3 -3  2 -2  0 -2  1  2  1  1 -3    2  10   5   1   0  18   4   1   4   1   2  12   1   5   2  12  13   2   4   2  0.39 0.36
  338 F    2 -3 -3 -4  2 -3 -3 -3 -4  2  0 -4 -2  5 -4 -2 -3  1  1  2   15   1   1   1   4   1   1   2   0  13   9   1   1  24   1   3   1   2   5  12  0.51 0.36
  339 H   -3  4 -1 -2 -5  1 -1 -3  5 -3 -4  3 -3 -3  1  0  1 -3  0 -3    2  23   3   2   0   5   3   1  12   1   2  15   1   1   8   7   8   0   3   2  0.55 0.42
  340 V   -2 -4 -2 -2 -3 -3 -2 -2 -2  3  4 -3 -1  0 -2 -1 -1 -2 -4  2    2   0   2   3   1   1   3   4   1  14  39   2   1   3   2   4   3   1   0  15  0.51 0.36
  341 S   -2 -2  1 -1 -3 -1 -1 -2  0 -2 -2 -1 -3 -2  6  1 -1 -6 -2 -1    3   2   6   4   1   2   5   3   2   2   4   5   1   2  41  10   4   0   1   4  0.77 0.53
  342 E    0  0  1  2 -2  0  2  1  0 -3 -3  1 -2 -3  1  1  0 -5 -4 -2    7   4   7  11   1   3  14  10   2   1   1   9   1   1   8  10   6   0   0   3  0.22 0.22
  343 V    0 -1  1  1 -2 -1  1  2  0 -2 -2  1 -2 -3  1  1  1 -4  0 -1    6   2   7   6   1   2  12  17   2   1   4   7   1   1   6   9   7   0   3   5  0.16 0.18
  344 T   -1  0  1 -1  2 -1 -2  0 -1  0 -1  0 -1 -1  1  2  2 -2 -2  0    4   6   5   3   5   3   2   7   1   5   4   5   1   2   6  19  12   1   1   7  0.13 0.18
  345 Q    0  0  0  0  2  0  0 -1  1  0 -1  0  1  0  0  0  0 -2  1  0    5   5   5   5   5   5   5   5   5   5   5   5   5   5   5   5   5   0   5   5  0.03 0.05
  346 F    1 -1  0 -2  4 -1 -2 -2  1  0 -2  0  1  1 -1  1  0  2  2  0    9   4   4   3   9   3   3   4   4   5   4   6   3   5   3  10   6   3   7   6  0.18 0.15
  347 F   -1 -2  0 -2  3  0 -3 -4 -1  5  0 -2  0 -1 -3 -1 -1  0 -1  2    5   3   5   3   5   5   2   2   2  25   9   3   2   3   2   4   5   1   2  13  0.40 0.24
  348 A    3 -3 -2 -3  6 -3 -3 -2 -1  0 -2 -3 -1 -2 -2  0 -1 -7 -2  3   20   2   2   2  16   2   3   4   2   6   5   2   1   2   2   7   4   0   2  17  0.59 0.36
  349 A    3 -1 -2 -1  3 -4 -2  1  0  0 -1 -2  0  2 -2  0  1  0 -4 -1   27   3   2   4   7   0   2  10   2   6   5   2   2   8   2   6   7   2   0   4  0.28 0.27
  350 F   -3 -1  0 -3 -1 -5 -6 -2  1  2 -1 -4  0  6 -3  0 -3  4 -1  0    2   3   4   2   1   0   0   3   3  11   7   1   2  34   2   8   2   5   2   6  0.76 0.47
  351 G   -1 -1  2  1 -2  0 -2  4 -1 -1 -2 -2 -1 -3 -1  1  1  1 -2 -2    6   3   8   6   1   4   2  28   1   5   4   2   1   1   3  10   8   2   1   3  0.32 0.27
  352 S   -1  1  2  1 -5  1 -1 -1  0 -2 -3  2 -4 -3  0  2  2  0 -3 -3    4   8   9   9   0   6   3   4   3   2   3  13   0   1   5  15  13   1   1   1  0.28 0.28
  353 N   -2  1  2  2 -2  2  2 -1  1  0 -3  1  0 -5 -1  1  0 -5 -2 -2    3   6   8  11   1   9  13   4   3   5   3   9   2   0   4   9   6   0   1   3  0.21 0.22
  354 N   -1 -2  5  1 -3 -2 -2 -3  2 -4 -1 -2 -1 -5  3  0  0 -1  0 -3    5   2  30   7   1   2   2   2   5   1   7   3   2   0  14   7   5   1   3   2  0.60 0.46
  355 T   -2  3 -1 -1  0  2 -1 -3  2 -1 -3  1 -2 -3 -3  2  3 -5  0 -1    3  14   3   4   2   9   3   2   5   4   3   7   1   1   1  12  21   0   3   4  0.34 0.33
  356 V   -1 -3  0 -4  2 -3 -4 -4 -3  3  2 -3  2  1 -4 -1  0 -3  1  3    5   1   5   1   5   0   1   1   0  16  19   1   6   6   1   6   5   0   5  20  0.34 0.22
  357 A   -1 -1 -1 -1  1 -1 -1 -1  0  1  1 -2  2  1  0  0  0 -2  1  1    5   3   3   3   3   3   3   4   3   8  15   0   6   5   4   8   4   0   6  13  0.06 0.09
  358 I    0 -3 -3 -1  1 -3 -2 -2 -4  3  0 -3  2  0 -3 -1  0 -4 -3  4    7   0   0   3   3   0   3   3   0  23   7   0   6   3   0   3   4   0   0  33  0.39 0.28
  359 I    1 -3 -3 -3  1 -3 -1 -2 -3  3  1 -3  0  0 -1 -1 -1 -3 -1  3   16   0   0   0   3   0   4   3   0  23  10   0   2   3   3   3   3   0   2  23  0.29 0.23
  360 G   -1 -3 -2 -3  6 -4 -2  3  0 -2 -3 -4 -2 -3 -3  2  3  0 -2 -3    5   1   2   1  14   0   2  24   2   3   2   0   1   1   1  15  20   1   1   2  0.61 0.39
  361 M    1 -1 -1 -1 -1 -1  0 -1  1  0  0 -1  2 -1 -2  1  0  1  2  0   12   2   3   2   1   2   8   4   3   7   7   4   7   2   2  14   4   2   7   7  0.08 0.12
  362 D   -2 -3  3  6 -2 -1  2 -2 -1 -4 -5 -2 -5 -3 -1  0 -2 -6 -3 -5    4   1  13  45   1   2  13   3   1   1   1   1   0   1   3   6   2   0   1   0  0.97 0.53
  363 G   -1 -2 -1 -5 -1 -5 -2  7 -2 -7 -7 -3 -6 -7 -4 -2 -2  1 -6 -7    6   2   2   0   1   0   3  73   1   0   0   2   0   0   1   3   2   2   0   0  1.63 0.74
  364 S   -1  1  2 -1 -1  0  0 -1  2 -1 -2  0 -1  1 -3  2  0  0  3 -1    3   8   9   3   2   3   7   3   4   3   3   5   1   5   0  21   5   1  10   4  0.18 0.20
  365 F   -3 -1 -6 -6  1 -5 -3 -6 -4  0  3 -5 -1  6 -6 -5 -2  2  5  0    1   4   0   0   3   0   2   0   0   4  26   0   1  30   0   0   3   3  16   6  0.94 0.47
  366 Y   -3 -2 -3 -4  2 -1 -1 -6  4 -3 -1 -3  0  3 -4 -2 -2  1  7 -3    1   2   1   1   4   3   4   0   9   1   7   1   2  10   1   3   3   1  43   1  1.14 0.58
  367 R   -3  4 -1 -4  0  1  0 -4  1  1 -2  3 -1 -3 -2 -2 -1 -2 -2  2    1  21   2   0   2   5   7   1   3   9   4  20   1   1   1   3   3   1   1  14  0.40 0.31
  368 C   -2 -4 -6 -6  6 -2 -6 -5 -2 -2  1 -6 -4  5 -6 -3 -5 -3  7 -1    4   1   0   0  14   2   0   1   1   1  14   0   0  20   0   2   0   0  34   5  1.29 0.61
  369 S   -1  1  2 -1 -2  1  1 -1  0 -1 -3  0 -2 -3 -3  2  1 -5 -3  0    5   9  12   3   1   7   8   4   2   3   2   6   1   1   1  20   7   0   1   9  0.23 0.22
  370 F   -3 -6 -7 -7 -5 -6 -7 -7 -2  3  2 -6  0  7 -7 -6 -5  2  2  1    2   0   0   0   0   0   0   0   1  15  18   0   2  43   0   0   0   3   5  10  1.31 0.59
  371 D   -4 -3  3  6 -5 -1  0 -3  1 -1 -4 -3 -5 -5 -1 -1 -1 -6 -3 -5    1   1  13  52   0   3   5   2   3   4   2   1   0   0   3   4   4   0   1   1  1.12 0.53
  372 P   -1 -2 -3 -3 -2 -2  0 -3 -3 -2  0 -2  0 -1  6 -1  1 -5 -3 -1    6   2   1   1   1   1   7   1   1   2  10   2   3   2  40   5   7   0   1   5  0.74 0.41
  373 V    1  0  1  1 -3  1  3 -2  0 -1 -2  0  0 -3 -4 -1  0 -1 -3  1   10   4   6   7   0   5  24   3   2   3   4   4   2   1   0   3   6   1   1  14  0.23 0.22
  374 N   -1  1  3  1 -3  0  1 -2  1 -2 -3  3 -2 -2 -1  1  0 -4 -2 -1    4   7  16   9   0   3   8   2   3   3   2  17   1   2   3   9   5   0   1   4  0.27 0.21
  375 G   -3 -3 -2  0 -5 -1 -3  7 -3 -6 -6 -1 -5 -6 -2 -2 -2 -5 -5 -4    2   1   2   5   0   3   2  69   1   0   1   3   0   0   3   3   2   0   0   1  1.46 0.64
  376 G   -3 -4 -1 -3 -2  0 -4  7 -5 -5 -7 -2 -6 -4 -6 -2 -3 -6 -6 -6    1   1   3   1   1   4   1  78   0   1   0   3   0   1   0   2   2   0   0   0  1.81 0.77
  377 E   -1 -4  0  2 -6  1  6 -3  1 -5 -4  0 -5 -5 -1 -2 -1 -6 -5 -4    4   0   4   9   0   5  55   1   3   1   1   5   0   0   3   3   4   0   0   1  1.07 0.59
  378 M   -1 -7 -6 -7 10 -6 -6 -2 -4 -4  0 -6  5 -3 -3 -1 -4  0 -4 -2    5   0   0   0  52   0   0   3   0   1  10   0  16   1   2   4   1   1   1   2  1.99 0.83
  379 G   -1  0 -1 -2 -4  1  1 -1 -1 -1 -2  2 -2 -1 -1  0  2 -2 -2  2    4   5   2   2   0   6   8   5   1   3   3  15   1   2   2   8  16   1   1  16  0.16 0.20
  380 Q   -3  4 -4 -3 -3  3 -2 -5 -2 -1  3  0 -2 -2 -1 -4 -3 -2 -3 -2    1  26   1   2   0  14   3   1   1   3  34   5   1   1   3   1   1   1   1   2  0.68 0.45
  381 L   -2 -3 -3  0 -4  1  2 -4 -4  3  2 -1  1 -3 -4 -3 -2 -5 -3  2    2   1   1   6   0   8  16   1   0  15  24   4   3   0   1   1   2   0   1  15  0.38 0.30
  382 E    0  0 -2  0 -3  1  3  0 -1 -1 -4  3 -2 -4 -2  2 -1  0 -3 -2    7   4   1   4   0   5  22   7   1   4   0  20   1   0   1  14   3   1   1   3  0.36 0.30
  383 Y   -4 -1 -3 -4  3  4 -1 -6  2 -5 -4  0 -3  3 -6  1 -2  4  6 -2    1   3   1   1   5  18   3   0   5   0   0   5   0  13   0   9   3   4  25   2  0.85 0.52
  384 I   -2  1 -1  0 -1 -1  0 -3  7 -1 -2  0 -4  0 -5 -1 -2 -1  4  0    4   8   3   4   2   3   5   1  24   4   4   5   0   4   0   4   2   1  16   6  0.56 0.37
  385 H   -4  5  4 -1 -6  1 -3 -4  0 -1 -2  2 -2 -3 -4  1 -2 -3 -2 -2    1  30  19   3   0   6   1   0   2   4   5  10   1   1   0  11   2   0   1   3  0.64 0.42
  386 F   -3 -2 -7 -5 -4 -3 -7 -7 -3 -2  2 -6 -3  8 -7 -6 -6  0  4 -1    2   2   0   1   0   1   0   0   1   2  16   0   0  59   0   0   0   1  11   4  1.71 0.73
  387 M   -3 -3 -3  0 -4 -3 -3 -6  0  2  4 -5  4  2 -5 -3 -2 -2 -1  0    1   1   1   5   0   1   2   0   3  10  47   0  10   8   0   2   3   1   1   5  0.70 0.40
  388 K   -2  2  0  3 -5  2  3 -2 -1 -4 -5  4 -4 -5 -4  0 -2 -5 -3 -3    2  10   4  20   0   7  18   3   1   0   0  24   0   0   0   7   1   0   1   2  0.61 0.38
  389 M   -1 -2 -1 -1 -2 -2 -1 -2 -2  1  2 -1  3  0  3  1  0 -4 -2 -1    3   2   2   3   0   1   3   2   1   9  19   4  12   5  15  10   6   0   1   3  0.22 0.20
  390 D   -1 -2  2  3  0  0  4 -1 -1 -3 -4 -1 -1 -4 -2  1  0 -5 -2 -3    3   1  12  18   2   3  29   5   1   1   0   2   1   1   1  11   5   0   1   1  0.47 0.31
  391 N   -2 -2  1  5 -5 -2  4 -3  1 -5 -5 -1 -4 -3  0  0  1 -6 -4 -5    2   1   7  36   0   0  26   1   3   0   1   3   0   1   5   5   9   0   0   0  0.80 0.41
  392 R   -2  4 -1  0 -4  1  3 -3 -2 -1 -3  2 -3 -4 -2  2  0 -5 -4 -3    0  29   1   3   0   5  22   0   0   4   2  11   0   0   1  18   4   0   0   0  0.54 0.30
  393 P   -2 -4 -4 -3 -5 -3 -3 -4 -4 -5 -5 -3 -4 -5  8 -2 -3 -6 -5 -4    0   0   0   0   0   0   0   0   0   0   0   0   0   0 100   0   0   0   0   0  2.69 0.37

                      K         Lambda
Standard Ungapped    0.1351     0.3209
Standard Gapped      0.0410     0.2670
PSI Ungapped         0.1149     0.3175
PSI Gapped           0.0352     0.2670
