
Last position-specific scoring matrix computed, weighted observed percentages rounded down, information per position, and relative weight of gapless real matches to pseudocounts
           A  R  N  D  C  Q  E  G  H  I  L  K  M  F  P  S  T  W  Y  V   A   R   N   D   C   Q   E   G   H   I   L   K   M   F   P   S   T   W   Y   V
    1 M   -2 -2 -3 -4 -2 -2 -3 -4 -3  2  2 -2  7 -1 -3 -2 -1 -2 -2  2    0   0   0   0   0   0   0   0   0   7   5   0  74   0   0   0   0   0   0  13  0.75 0.14
    2 S    2 -2 -1 -1 -2 -1 -1 -1 -2 -2 -2 -1 -2 -3  1  4  3 -3 -2 -1   16   0   0   0   0   0   0   0   0   0   0   0   0   0   6  53  22   0   0   3  0.49 0.12
    3 I   -1 -1  0 -2 -2 -1 -2 -1 -1  0  0 -1  1 -2  2  1  3 -2  1  1    0   3   3   0   0   0   0   5   1   4   7   0   4   0  10  18  28   0   6  11  0.19 0.09
    4 K    2 -1  1 -1 -2  1  2  0 -1 -2 -2  0 -2 -3  1  1  1 -3 -2 -2   20   0   8   0   0   6  19   4   0   0   3   5   0   0   8  15  13   0   0   0  0.27 0.09
    5 V    0 -1 -2 -1 -2  2 -1 -3 -2  0  1  1  5 -2 -1  0  0 -3 -2  0   10   1   0   4   0  11   2   0   0   1  14   9  28   0   3   8   4   0   0   3  0.23 0.14
    6 D    1 -2  1  3 -3 -1  0 -2 -2 -3 -3 -1 -1 -2  5  1 -1 -4 -3 -3   14   0   5  19   0   2   6   1   0   0   0   1   2   2  33  13   2   0   0   0  0.65 0.17
    7 P    1  0 -1 -1 -3  1  1 -2 -1 -3 -2  1 -1 -3  5  1  1 -4 -3 -2   11   5   2   1   0   5   9   0   1   0   3   9   1   0  34   9   9   0   0   0  0.56 0.14
    8 V    1  0 -1 -2 -2  0 -1 -2 -1 -2 -1  0  2 -3  4  2  0 -4 -3 -1   15   6   1   1   0   3   1   1   1   1   3   3   9   0  24  21   6   0   0   3  0.38 0.17
    9 D   -2 -1  1  3 -4  2  4 -2 -1 -4 -3 -1 -3 -4  2  1 -1 -4 -3 -4    1   1   5  20   0   8  38   1   1   0   1   1   0   0  11  10   3   0   0   0  0.64 0.25
   10 T   -1  0  0  1 -4 -1  1 -3 -3 -2 -2 -1 -3 -4  6 -1  0 -5 -4  1    2   5   4   7   0   1   9   0   0   1   1   2   0   0  44   1   7   0   0  15  0.83 0.28
   11 N   -1  2  0 -1 -1  3  0 -3  4 -3 -3  1 -2 -4  3  0  2 -4 -2 -2    3  11   4   2   1  15   2   0  17   1   1   8   0   0  17   4  14   0   0   1  0.45 0.21
   12 F   -3 -4 -4 -5 -4 -4 -4 -5 -1  2  0 -4 -1  4 -3 -4 -2 -1  6  2    0   0   0   0   0   0   0   0   1  12   7   0   1  19   1   0   2   0  43  15  0.98 0.34
   13 T   -2  2 -2 -2 -3 -1 -2 -4  6  0 -3 -2 -3 -4 -3 -1  5 -4 -2  0    0  13   0   1   0   1   1   0  24   7   1   0   0   0   0   1  46   0   0   5  0.86 0.37
   14 V   -1 -5 -5 -5  2 -4 -5 -5 -5  2  0 -4 -1 -3 -4 -4 -2 -5 -3  6    3   0   0   0   5   0   0   0   0   7   7   0   0   0   0   0   1   0   0  77  1.19 0.42
   15 F   -3 -4 -4 -5 -3 -4 -4 -5 -1  3  1 -4 -1  5 -5 -4 -3  0  4  3    0   0   0   0   0   0   0   0   1  19   9   0   0  27   0   0   0   1  21  22  0.81 0.30
   16 I   -3 -5 -5 -5 -3 -4 -5 -5 -5  5  1 -4  0 -2 -5 -4 -2 -5 -3  4    0   0   0   0   0   0   0   0   0  50   8   0   1   0   0   0   0   0   0  41  1.16 0.39
   17 R   -4  7 -3 -4 -6  0 -2 -5  1 -6 -5  2 -4 -5 -5 -3 -4 -5 -4 -5    0  88   0   0   0   2   0   0   3   0   0   7   0   0   0   0   0   0   0   0  1.99 0.57
   18 L   -3 -4 -5 -5 -2 -4 -5 -5 -5  1  5 -4  0  1 -5 -4 -3 -4 -3  2    0   0   0   0   1   0   0   0   0   3  74   0   0   5   0   0   0   0   0  17  1.08 0.39
   19 P   -4 -5 -5 -4 -6 -4 -4 -5 -2 -6 -6 -1 -5 -6  8 -4 -4 -7 -6 -5    0   0   0   0   0   0   0   0   1   0   0   3   0   0  96   0   0   0   0   0  2.92 0.71
   20 F   -3 -2 -4 -5 -2 -4 -5 -1 -2  0 -2 -4 -2  7 -5 -4 -2  4  5 -2    2   3   0   0   1   0   0   5   0   5   0   0   0  55   0   0   2   5  21   1  1.29 0.42
   21 P   -1 -1  4 -1 -4 -1 -2 -3 -3 -3 -3  2 -4 -5  6 -1 -2 -5 -4 -3    5   2  26   1   0   2   0   0   0   1   2  15   0   0  40   3   1   0   0   1  0.98 0.36
   22 R   -4  8 -3 -4 -6 -2 -1 -5 -3 -6 -5 -1 -4 -6 -5 -4 -4 -6 -5 -5    0  97   0   0   0   0   3   0   0   0   0   0   0   0   0   0   0   0   0   0  2.33 0.68
   23 G   -1  0  3 -1 -5 -3 -3  4 -3 -5 -5 -2 -4 -5  5 -2 -3 -5 -5 -5    2   5  15   3   0   0   0  35   0   0   0   0   0   0  38   1   0   0   0   0  1.14 0.39
   24 D   -2 -3  2  5 -4 -1  2  3 -1 -4 -5 -2 -4 -5 -1  0 -2 -5 -4 -2    1   0   8  38   0   2  14  24   1   0   0   1   0   0   2   5   0   0   0   3  0.72 0.29
   25 F   -4 -5 -1 -1 -5 -3 -2 -5  1 -1 -2 -5 -2  8 -3 -2 -3 -2  1 -2    0   0   3   4   0   1   2   0   3   2   1   0   0  77   1   3   1   0   1   1  1.57 0.51
   26 V   -1 -3 -4 -3 -3 -1  0 -4 -4  2 -1 -2 -1 -3  2 -1 -1 -5 -3  5    4   0   0   0   0   2   9   0   0  11   1   1   0   0  12   3   2   0   0  55  0.63 0.32
   27 D   -4 -4  0  7 -6 -2  3 -4 -3 -5 -6 -3 -5 -6  1 -3 -2 -6 -5 -5    0   0   2  72   0   0  18   0   0   0   0   0   0   0   7   0   1   0   0   0  1.62 0.52
   28 P   -4 -5 -2 -4 -5 -4 -4 -5 -5 -5 -6 -4 -5 -6  8 -3 -1 -6 -6 -5    0   0   2   0   0   0   0   0   0   0   0   0   0   0  93   1   3   0   0   0  2.79 0.70
   29 P   -1 -4 -4 -1 -5 -1 -2 -4 -2 -3 -4 -3 -4 -6  7 -2  0 -6 -5 -3    4   0   0   3   0   3   1   1   1   1   1   0   0   0  76   2   6   0   0   1  1.94 0.56
   30 P    0  1 -1 -1 -4  3 -1 -3 -1 -1 -2 -1 -2 -3  6  0 -1 -4 -3 -3    7   7   3   3   0  17   2   0   1   5   2   1   0   1  40   6   3   0   0   0  0.78 0.31
   31 V    0 -4 -4 -4  0 -3 -3 -4 -4  4 -1 -3 -1 -2 -2 -2  0 -4 -2  5    7   0   0   0   2   0   0   0   0  25   1   0   0   1   1   3   5   0   1  53  0.72 0.31
   32 E   -2 -1  2  3  0  1  3 -2  1  0 -2 -1 -2 -3 -2  0 -1 -4 -2  1    1   2  12  19   2   4  24   0   5   6   2   1   0   0   0   7   1   0   0  12  0.31 0.18
   33 W   -5 -5 -5 -5 -5 -2 -5 -5 -4 -5 -4 -5 -4 -2 -5 -5 -5 12 -1 -5    1   0   0   0   0   2   1   1   0   0   1   0   0   0   0   1   0  90   0   1  3.91 0.83
   34 N   -2 -2  3  4 -3 -2 -1 -2 -2 -3 -4 -2 -3 -4 -2  2  4 -4 -3 -3    1   0  18  31   0   0   1   1   0   0   1   0   0   0   1  13  30   0   0   1  0.74 0.32
   35 A    3 -1 -1  1 -2  0  2 -1 -1 -2 -2  0 -2 -3  1  1  1 -3 -3 -1   35   2   1   8   0   3  13   1   1   1   2   4   0   0   7   7   9   0   0   3  0.29 0.17
   36 S    2 -1 -1  2 -3  0  3  0 -2 -2 -3 -1 -2 -3 -2  1  1 -3 -3 -1   20   2   1  10   0   3  28   5   0   1   1   2   0   0   0  12   8   0   0   5  0.32 0.18
   37 K   -3  2 -1 -3 -4 -1 -2 -3 -3 -2 -3  6  4 -4 -3 -2 -3 -4 -3 -3    0   7   1   0   0   1   0   0   0   2   1  70  14   0   0   0   0   0   0   0  1.22 0.46
   38 D    0 -2 -1  5 -4  1  4 -3 -2 -4 -3 -2 -3 -4 -3 -1 -2 -4 -2 -4    7   0   0  39   0   4  40   0   0   0   2   0   0   0   0   4   0   0   2   0  0.94 0.36
   39 Q   -1  4  0  2 -4  3  1 -2  2 -3 -3  2 -2 -3 -2 -1 -1 -4 -2 -2    4  26   4  11   0  14   8   1   7   0   2  15   0   0   0   3   1   0   0   2  0.44 0.21
   40 A    2  0 -2 -2 -2  2  1 -1 -1  1 -1  0 -1 -2 -2  0  0 -2  0  0   25   6   0   0   0  13  11   2   1  10   5   6   1   1   0   3   7   0   5   3  0.14 0.13
   41 L   -2 -4 -4 -5 -3 -4 -4 -5 -4  0  6 -4  1 -1 -4 -4 -3 -3 -3  0    2   0   0   0   0   0   0   1   0   2  86   0   1   2   0   0   0   0   0   3  1.19 0.41
   42 W   -5 -2 -5 -5 -1 -3 -5 -5 -4 -5 -4 -2 -4 -1 -5 -3 -4 12 -1 -5    1   2   0   0   2   1   0   1   0   0   1   2   0   2   0   1   0  84   0   0  3.51 0.78
   43 D   -1  1  0  2 -4  3  2 -2  1 -4 -3  4 -3 -4 -2  0 -1 -4 -2 -3    2   7   3  12   0  13  17   1   3   0   1  33   0   0   0   4   2   0   1   0  0.51 0.23
   44 I   -1 -3 -3 -3 -2 -2 -2 -3  1  4  1 -3  0 -1 -3 -2 -1 -2  2  3    5   0   0   0   0   1   2   2   4  34  10   0   2   0   0   1   4   0  11  23  0.41 0.21
   45 L   -3 -3 -4 -4 -3 -2 -4 -4 -4  4  4 -3  2  0 -4 -3 -1 -3 -2  1    0   0   0   0   0   1   0   0   0  39  42   0   6   2   0   0   2   0   0   4  0.76 0.30
   46 S    1 -2 -1 -2 -3 -2  0 -1 -2 -3 -3 -1  0 -4 -1  5  1 -4 -3 -3   10   0   2   0   0   0   5   3   0   0   2   2   2   0   3  62   7   0   0   0  0.74 0.36
   47 R   -1  4  0 -1 -2  3 -1  1  0 -3 -3  3 -2 -4 -2 -1  0 -3 -3 -2    3  25   2   3   1  20   1  10   2   0   1  20   0   0   0   3   6   0   0   1  0.45 0.23
   48 P    1 -1  1 -1 -2  1 -1 -1  0 -2 -2 -1 -1 -2  2  2  1 -3 -1  0   15   1   8   1   0   7   2   4   2   1   1   1   1   2  10  26   8   0   2   9  0.22 0.14
   49 S    1  3  0 -1 -2 -1 -1 -1 -1 -3 -2  2  0 -3  0  3  0 -3 -2 -2   10  17   4   3   0   0   2   4   1   1   3  14   3   0   3  27   5   0   0   1  0.27 0.16
   50 K    0  3  1  0 -3  2  0  0 -1 -3 -2  3  0 -3  0  0  0 -3 -2 -2    7  18   9   3   0   9   5   5   1   1   2  21   3   0   5   7   4   0   0   1  0.27 0.13
   51 G    1  0  2  0 -2  0  0  1 -1 -2 -3  1 -1 -3  0  2  2 -3 -1 -2   11   2  13   4   0   2   5   8   0   3   1  14   1   0   4  16  14   0   2   0  0.21 0.13
   52 D   -1 -2  2  4 -3  0  3  0  0 -3 -2 -1 -3 -3 -1  0 -1 -4 -2 -3    5   0  10  31   0   2  23   7   2   0   3   1   0   0   2   7   3   0   1   1  0.48 0.21
   53 I   -1 -3 -2 -2 -2 -1 -3 -3 -3  4  2 -2  0 -2 -1 -1  2 -3 -2  2    2   0   1   2   0   2   1   1   0  35  18   1   1   0   2   3  17   0   0  13  0.37 0.20
   54 D   -3 -3  2  7 -4 -1  0 -2 -2 -3 -3 -1 -4 -4 -3 -2 -2 -4 -4 -2    1   1  10  70   0   2   3   1   0   1   2   2   0   0   1   1   1   0   0   3  1.23 0.37
   55 W   -4 -3 -4 -3  0 -4 -4 -2 -4 -1 -2 -4 -3 -2 -3 -3 -4 11  0 -4    1   2   0   1   2   0   1   3   0   5   3   1   0   0   1   1   1  76   1   1  2.88 0.62
   56 K   -1 -1  4  2 -3  1  1 -1  1 -2 -3  2 -2 -2  0  0  0 -3 -2 -1    4   1  25  10   0   6  12   2   3   1   2  15   0   1   5   4   3   0   1   4  0.30 0.15
   57 A    2  0 -1  0  1  0  2  1  0 -2 -1  0 -1 -2 -2  0  0 -2  0 -1   21   4   2   6   4   4  15  13   2   0   5   3   2   1   0   6   5   0   3   3  0.12 0.08
   58 L   -1  0 -3 -4 -2 -3 -3 -4 -2  3  4 -3  1 -1 -3 -2 -1 -3 -2  1    3   6   0   0   0   0   1   1   1  22  54   0   2   0   0   2   2   0   0   5  0.55 0.23
   59 A    5 -3 -2 -2 -2 -2 -2 -2 -3 -3 -3 -2 -3 -4 -2  3 -1 -4 -3 -2   72   0   0   2   0   0   0   1   0   0   1   0   0   0   0  20   0   0   0   0  0.95 0.36
   60 E    1  2  0  1 -2  1  2 -1 -1 -2 -2  0 -1 -3 -2  1  1 -3 -1 -1   17  14   2   9   0   7  18   2   1   1   1   4   1   0   0   7  11   0   1   3  0.22 0.12
   61 N   -2  3  0  0 -4  4  1 -3  5 -3 -2  2 -2 -3 -3 -1 -1 -3 -1 -3    1  21   2   4   0  26   7   0  17   0   3  12   0   0   0   3   1   0   1   1  0.57 0.23
   62 F   -3 -4 -4 -5 -3 -4 -4 -4 -3 -1  3 -4  1  6 -4 -4 -3 -1  1 -1    0   0   0   0   0   0   0   0   0   0  41   0   3  50   0   0   0   0   2   0  1.05 0.34
   63 D   -2 -1  3  3 -4  3  2  2 -1 -4 -4 -1 -3 -4 -2 -1 -2 -4 -3 -4    1   1  16  24   0  18  18  17   1   0   0   1   0   0   0   0   0   0   0   0  0.58 0.23
   64 V    0 -4 -4 -4 -2 -3 -4 -4 -4  2 -1 -3 -1 -2 -3 -3  0 -4 -3  6    6   0   0   0   0   0   0   0   0   6   0   0   0   0   0   0   4   0   0  80  1.01 0.37
   65 T   -2 -3 -2 -1 -4 -2 -1  0 -3 -4 -4 -2 -4 -5  6  2  2 -5 -4 -3    0   0   1   2   0   1   2   7   0   0   0   0   0   0  52  14  18   0   0   0  1.24 0.40
   66 L   -1 -1 -3 -3 -2 -1 -2 -4 -2  2  3 -2  0  0  0 -2  0 -3  0  2    2   4   0   0   0   3   1   0   1  12  34   2   0   2   5   1   8   0   3  22  0.27 0.17
   67 Q    1 -2 -2  1 -3 -1  0 -2 -1 -1 -3 -1 -3 -4  5  1  0 -4 -3 -1   13   2   0  10   0   2   6   1   2   5   1   1   0   0  39  10   5   0   0   3  0.68 0.26
   68 F   -4 -4 -4 -4 -4 -2 -1 -5  1 -2 -2 -4 -2  7 -5 -4 -4  1  6 -3    0   0   0   0   0   2   4   0   3   1   0   0   0  52   0   0   0   1  35   0  1.51 0.48
   69 L   -3 -4 -5 -5 -3 -4 -4 -5 -4  1  5 -4  1 -2 -4 -4 -3 -3 -3  1    0   0   0   0   0   0   0   0   0   5  83   0   1   0   0   0   0   0   0   8  1.15 0.41
   70 L   -2 -3 -4 -4 -3 -1 -3 -4 -4  2  4 -3  2 -1 -4 -1 -1 -3 -2  1    2   0   0   0   0   3   0   0   0   8  64   0   6   1   0   6   2   0   0   7  0.67 0.29
   71 Q   -3  3 -2 -3 -4  5 -1 -4 -1  0 -1  0  1  0 -3 -2 -2 -2  3 -2    0  21   1   0   0  41   0   0   1   6   4   2   3   4   0   0   0   0  14   1  0.72 0.35
   72 Q   -3  3 -2 -3 -5  5  0 -4  5 -4 -1  0  1 -2 -4 -2 -3 -4  0 -4    0  21   0   0   0  41   2   0  18   0   7   3   4   1   0   0   0   0   3   0  0.90 0.41
   73 A    5 -3 -3 -3 -2 -3 -3 -2 -4 -1 -3 -3 -2 -4 -3  2  0 -4 -3  2   64   0   0   0   0   0   0   0   0   3   0   0   0   0   0  14   4   0   0  16  0.81 0.40
   74 A    4 -1 -1 -3 -3  3 -2 -1  0  0 -3  0 -2 -3 -3  0  0 -4 -1 -2   53   2   3   0   0  18   0   2   2   7   0   3   0   0   0   2   6   0   2   1  0.53 0.33
   75 W    1 -3 -2 -4  1 -3 -3 -4 -1 -2 -2 -2 -2  3 -4 -2  0  8  4 -1   12   0   2   0   3   0   0   0   1   1   1   2   0  16   0   1   7  31  17   4  1.06 0.37
   76 L   -3  3 -4 -4 -3  0 -3 -4 -3  0  5 -1  1 -2 -4 -3 -3 -3 -3 -1    0  18   0   0   0   6   0   0   0   4  66   3   1   0   0   0   0   0   0   0  0.76 0.35
   77 Y   -2 -3 -1 -4 -4 -3 -3 -4  1 -3 -1 -3 -2  2 -4 -2  0  5  7 -3    3   0   3   0   0   0   0   0   3   0   6   0   0   5   0   2   8   7  59   0  1.27 0.48
   78 D   -2 -2  0  2 -4  2  6 -2  1 -4 -4 -1 -1 -4 -3  0 -2 -4 -3 -4    2   0   4   8   0   6  61   2   3   0   1   2   2   0   0   7   0   0   0   0  0.92 0.41
   79 R   -2  5  0 -1 -4  3  1 -3  1 -4 -2  1 -2 -4 -3 -1  1 -4 -3 -3    1  40   4   1   0  13  11   0   4   0   4   7   0   0   0   1  10   0   0   0  0.62 0.32
   80 Q    0  0  0  2 -4  3  1 -2  6 -3 -2  0 -2 -3 -3 -2 -1 -4 -2 -3    7   3   2  14   0  19  10   2  30   0   4   3   0   0   0   1   3   0   0   0  0.62 0.31
   81 L   -1  0 -2 -2 -3 -1 -3 -3 -3  1  3 -2  1  2  0 -2  0 -3 -2  0    5   7   2   2   0   3   0   1   0   7  46   0   3   9   5   1   5   0   0   4  0.33 0.22
   82 S    0  3  0  0 -3  1  2 -2  1 -2 -2  0 -2 -3  1  2  0 -3 -2 -2    6  18   4   5   0   8  13   0   4   2   2   4   0   0   7  22   4   0   0   2  0.30 0.20
   83 Q   -1  1  0  0 -4  3  0  4  2 -4 -4 -1 -3 -4  1 -1  0 -4 -3 -3    3   6   3   5   0  18   4  32   7   0   1   3   0   0   7   3   7   0   0   0  0.47 0.26
   84 V    0 -3 -3 -3 -2 -3 -3 -3 -3  2  3 -3  3 -2  0  1 -1 -3 -2  2    6   0   0   0   0   0   0   0   0  13  30   0   9   0   5  13   0   0   0  21  0.37 0.23
   85 R   -3  4 -3 -3 -5  3  0 -1  3 -4 -4  2  1 -4  1  0  0 -4 -3 -4    0  30   0   0   0  16   6   5   7   0   0  10   5   0   6   6   6   0   0   0  0.65 0.39
   86 A    0  1  0  0 -3  1  0  1  2 -3 -2  1  0 -1  0  1  0  2 -2 -1    9   8   4   5   0   6   5  12   8   0   3   8   3   3   3  12   4   3   0   3  0.13 0.12
   87 Q   -2  0 -1 -2 -4  5  0 -3  3  2  0 -1 -2 -2 -3 -2 -1 -4 -1  0    3   4   2   2   0  37   4   2   7  14   8   3   0   2   0   2   2   0   2   6  0.52 0.39
   88 M    0  0  0 -1 -3  1 -2  0 -2  0  0  0  4  0  0  0  0 -3 -2  0    7   5   4   4   0   7   1   7   0   5  10   6  16   4   4   6   7   0   0   7  0.11 0.17
   89 R   -1  2  0 -1 -3  0  0  2  1 -1 -1  0  0 -3  1  0  0 -3  0 -1    4  17   4   4   0   4   5  17   4   4   7   4   3   0   7   5   4   0   3   4  0.13 0.15
   90 K    1  3 -1 -3 -4  1  0 -2 -3 -1 -1  3  1 -1  0 -1 -1 -4 -3 -1   11  19   2   0   0   8   3   2   0   3   5  25   5   2   4   2   2   0   0   5  0.34 0.31
   91 V    1 -2 -1 -2 -2 -1 -2  0 -1  1  2 -2  0 -1 -1 -1  0 -3 -2  2   15   2   2   2   0   3   1   8   2   6  21   1   2   1   3   3   6   0   0  20  0.15 0.19
   92 N    0  0  1 -1 -3  0  0  3  1 -2 -2 -1 -3 -4  1  2  1 -4 -3 -2    8   5   6   1   0   4   6  22   3   3   4   3   0   0   6  19   7   0   0   1  0.26 0.25
   93 T    1  0  1 -1 -2  0  0  1  0 -1 -1  0  0 -3  1  1  1 -3 -2  0   14   5   7   3   0   2   4  12   3   2   5   5   2   0   9   9  11   0   0   7  0.13 0.14
   94 T    1  0  0 -2 -3  1  0  0  0 -1 -1  0 -2 -1  1  1  2 -3 -2  0   12   6   4   0   0   7   5   5   3   3   5   6   0   3   7  15  13   0   0   5  0.13 0.17
   95 Q    1  0  0  0  0  0 -1  0  1 -2 -2  0  0 -3  2  1  1 -3 -3 -1   13   3   5   5   2   5   3   7   4   2   3   6   4   0  12  14   8   0   0   3  0.17 0.17
   96 S    0  0  0  0  2  1  0  0  1  0 -1  0  1 -2  1  0  0 -3 -2  0    6   6   6   6   6   6   6   6   6   6   6   6   6   0   6   6   6   0   0   6  0.06 0.09
   97 T    1  0  1 -2 -1  0 -1 -1 -3 -1 -1 -1 -2 -2  3  2  2 -4 -3  0    9   5   7   1   1   5   3   4   0   3   5   2   0   1  13  17  17   0   0   8  0.24 0.26
   98 S    2  0 -1 -1 -3  0 -1  0  0 -2 -2  0 -2 -2  1  2  1 -4 -3 -1   20   5   3   4   0   3   3   6   2   2   3   4   1   2   7  22  10   0   0   5  0.22 0.24
   99 P    0 -3 -1 -1 -4 -1 -2  0 -1 -2 -2  0  0 -4  5  1  2 -4 -4 -1    7   0   3   3   0   2   2   7   1   1   3   5   2   0  33  11  12   0   0   5  0.59 0.39
  100 S    1  0 -1  0 -3  0 -1 -2 -3 -2 -2 -1 -1 -2  0  3  2 -1 -1 -1   15   6   2   4   0   4   3   2   0   2   4   1   1   1   5  29  14   1   2   3  0.29 0.29
  101 P    0 -1 -2 -2 -4  0 -2  0 -4 -3 -3 -1 -4 -3  6  1 -1 -1 -4 -3    7   4   2   2   0   4   2   7   0   1   3   3   0   1  46   9   4   1   0   2  0.94 0.51
  102 A    0  0  0  0 -2  0 -1  0 -2  0 -1 -1  0 -2  0  2  2  0 -2  1    9   4   5   4   0   5   2   8   0   6   4   1   2   1   4  17  13   1   1  11  0.11 0.15
  103 L    0 -1 -2  0 -1 -1 -1  0 -3  0  0 -2 -2 -2  4  1  0 -4 -3 -1    8   3   0   5   1   3   4   8   0   6   9   2   0   1  27  12   6   0   0   4  0.38 0.28
  104 G    1  0 -1  0 -3  0  0  3  0 -2 -3 -1 -3 -3  2  1  0 -1 -3 -1   11   6   1   6   0   4   4  28   2   2   2   2   0   0   9  11   5   1   0   4  0.29 0.24
  105 S    0  0  0 -1 -3 -1 -1  0  0 -3 -3 -1 -3 -3  1  4  1 -4 -2 -2    7   5   4   3   0   3   2   8   2   1   2   2   0   1   8  39   8   0   2   2  0.43 0.37
  106 V    0  0  0 -1 -2  0  0  1  0 -1 -1  0 -1 -1  1  1  2 -3 -1  0    6   7   3   2   0   3   5  12   3   3   6   4   2   3   9  12  15   0   2   5  0.11 0.13
  107 S    1  0  0 -1  0  0 -1  1 -1 -3 -2 -1 -1 -4  2  3  1 -4 -1 -1   10   4   3   2   2   4   3   9   1   0   5   2   1   0   9  31   6   0   2   4  0.28 0.30
  108 G    0  0  0  0 -3 -1 -1  2 -1 -1 -2 -1 -1 -3  2  1  2 -3 -1 -1    8   6   5   4   0   2   4  16   2   2   3   3   2   0  10  15  13   0   2   6  0.18 0.19
  109 S    0  0  0  0 -3  1  0  0  1 -1 -1  0 -2 -1  1  1  0 -3 -2 -1    5   4   4   6   0   6   7   8   5   4   7   6   0   4   7  17   6   0   0   5  0.09 0.12
  110 A    1  0  0  0 -2  1  0  0  0 -1 -1  0 -1  0  1  0  1 -3  0  0   11   7   4   4   0   7   4   7   3   4   5   4   0   4   8   7  12   0   4   5  0.07 0.10
  111 A    2 -1 -1 -2 -3 -1 -1  1 -1 -1 -2  0 -1 -2  3  1  1 -3 -1 -1   19   3   2   2   0   2   4  13   1   4   3   5   1   2  13  11   8   0   2   5  0.21 0.20
  112 L    1 -1  0 -1 -2  0 -1  0 -1  0  0 -1  0 -1  1  1  1 -3 -1  1   10   2   5   2   0   3   4   7   1   4   9   3   3   3   6  12  12   0   2  12  0.07 0.11
  113 S    1  0  0 -1 -3  0 -1  3  0 -1 -2 -1 -1 -4  1  1  0 -4 -3 -1   11   4   5   2   0   3   4  23   3   3   3   4   1   0   8  14   7   0   0   4  0.24 0.22
  114 G    1  1  0  0 -3  0 -1  2 -1 -1 -2 -1  1 -2  0  2  0 -4 -2 -1   12   7   3   4   0   3   4  21   1   3   3   2   4   1   5  15   7   0   1   5  0.19 0.20
  115 Q    1  1  1 -1 -3  2  0  0  1 -1 -1 -1  0 -2  0  1  0 -3 -1  0   10   7   6   3   0  10   4   9   4   4   5   2   3   1   5  12   6   0   2   6  0.08 0.12
  116 P    1  2 -1 -1 -3  0 -2 -1  1 -2 -1  0  1 -2  4  1  0 -4 -3 -2   14  10   2   3   0   5   1   5   4   2   6   4   4   1  22   9   7   0   0   1  0.33 0.28
  117 Q    1  1 -1 -1 -3  1 -2 -1  0 -1  0  0  3 -1  2  1  1  1 -2 -1   10  10   3   3   0   7   0   4   2   3   7   4  10   2   9  10   8   2   0   4  0.13 0.19
  118 R    0  3  1 -1 -3  0  0  0  0 -1 -1  0  0 -1  1  0  1 -3 -1 -1    5  18   6   2   0   4   4   9   2   2   4   6   3   3   8   7  10   0   2   5  0.13 0.16
  119 E    0  2  0  0 -3  1  0  0  1 -2 -2  0  0 -3  1  1  0 -3 -1 -1    8  16   5   6   0   6   5   7   3   2   4   5   2   0   8  14   4   0   2   3  0.16 0.18
  120 T    1  1 -1 -1 -2  0  0  1  0 -1 -1 -1  0 -1  1  1  1 -3 -1  0   11   7   2   2   0   3   4  10   2   4   5   3   2   2   6  16  12   0   1   7  0.10 0.14
  121 L    0  0  0 -1 -3 -1 -1  2  0 -1  0 -1 -2 -2  0  1  1 -3 -1 -1    5   4   4   2   0   2   3  21   2   4  12   4   0   1   5  15   9   0   2   5  0.14 0.17
  122 A    2  0 -1 -1 -3  0  0  1  0 -2 -3 -1 -3 -4  1  3  0 -4 -4 -1   16   5   2   2   0   4   6  12   2   2   2   2   0   0   6  31   5   0   0   3  0.35 0.34
  123 T    1  0  0  0 -3  0  0  1 -1 -1 -1 -1 -2 -1  1  1  1 -3 -1  0   14   5   3   6   0   5   4  11   1   3   6   1   0   3   7  14  10   0   2   6  0.11 0.15
  124 G    0  0  0  0 -3  0 -1  3  2 -1 -2 -2  1 -2 -1  1  1 -4 -2 -2    7   5   3   5   0   4   3  30   6   5   2   1   4   2   2  10   8   0   1   1  0.29 0.27
  125 S    0  0  0  0 -2  1  0  0  1  0 -1  0 -1  0  1  0  0 -2  1  0    6   6   6   6   0   6   6   6   6   6   6   6   0   6   6   6   6   0   6   6  0.04 0.06
  126 R    0  4  0 -1 -3  1  0  0  1 -2 -1  1  0 -3  1  0  0 -3  0 -2    8  25   5   3   0   5   4   6   3   2   6   6   3   0   7   7   5   0   3   2  0.21 0.22
  127 A    1  2  0 -1 -3  0 -1 -1  0  0 -1 -1  0  0  0  1  1 -3 -1  0   14  13   4   3   0   4   3   4   2   4   3   0   3   4   4  11  11   0   2   7  0.09 0.16
  128 P    0 -1 -2 -3 -4  0 -1 -1 -1 -2 -1 -2  0 -2  5  1  1 -5 -2 -2    7   4   2   1   0   5   3   4   2   2   7   2   3   2  36   9   9   0   1   2  0.62 0.45
  129 S    1  0 -1 -1 -4 -1 -2 -2  0 -3 -3 -2 -4  0  2  4  1 -5 -1 -2   10   5   2   3   0   2   2   3   2   1   3   2   0   3   9  40   7   0   2   2  0.52 0.48
  130 R    0  4  0 -1 -4 -1 -1  0  1 -2 -1  0  0 -2  0  2 -1 -4 -2 -2    9  23   5   3   0   2   2   6   3   2   6   4   2   2   6  18   3   0   1   2  0.27 0.29
  131 Q    0 -1  0  0  0  0  0  0  0 -1  1  0  0 -1  0  1  0  1  0  0    9   3   3   6   2   4   5   5   2   2  17   4   2   1   4  14   5   3   3   5  0.04 0.10
  132 V    1  0  0 -3 -1 -1 -2  0 -1 -1  0 -2  0  0  1  3  0 -4  0  0    9   4   3   0   1   3   2   6   2   3   9   2   2   4   8  27   6   0   3   7  0.20 0.26
  133 S    0 -1  0 -1  0 -1 -1  1  1 -1  0 -1  0 -3  1  2  2 -4 -2 -1    6   3   4   3   2   2   2  11   4   3  10   3   2   0   6  21  12   0   1   5  0.16 0.22
  134 Q    0  3 -1 -2 -1  1 -1 -2  1  0 -1 -1 -1 -2  1  2  0 -4  0  0    8  18   2   2   1   8   3   3   4   5   4   2   2   2   8  15   4   0   3   7  0.18 0.23
  135 Q    0  0  0  0 -3  1  0  0  1  0 -1  0  1  0  0  0  0  3 -1  0    6   6   5   6   0   5   6   6   5   6   6   6   5   5   6   6   6   5   0   6  0.06 0.09
  136 K   -1  3  0  0 -3  1  0 -1  1 -1 -1  1  0 -1  1  1  0 -3  0 -1    4  17   3   5   0   5   5   4   3   3   5   7   3   3   6  13   7   0   3   4  0.13 0.17
  137 D    0 -1  1  3 -3  1  1  1  1 -1 -2 -1 -1 -2  1  1  0 -4 -1 -2    6   3   5  17   0   8   8  10   4   3   3   3   1   2   7   9   6   0   2   3  0.18 0.18
  138 I    0  1  0 -2 -3  1  1 -1  1  0 -1 -2  1 -1  0  2  1 -4 -2 -1    7   7   5   0   0   6  10   5   3   7   5   0   3   3   5  18   9   0   0   5  0.13 0.19
  139 P    0 -1  0 -1 -3  0 -1  0  1  0 -1 -1  0  0  4  1  0 -3  0 -1    5   3   4   3   0   3   4   7   4   6   4   4   3   3  21  13   4   0   4   4  0.23 0.20
  140 L    0  0 -1 -1 -2  0 -1 -1  0  0  1 -2  1 -1  1  1  1  0  0  1    8   5   2   4   0   4   2   4   2   6  14   0   3   3   7  13   9   1   3  10  0.07 0.13
  141 R    1  2 -1 -3 -4 -1 -2 -1  0 -1 -1  0 -1 -2  3  2  1 -4 -3 -1   11  12   2   0   0   3   2   5   2   3   7   4   1   1  18  14   9   0   0   5  0.29 0.28
  142 A    1  2  1 -2 -3  0  0  0 -1 -2 -2  0 -1 -1  1  1  1 -4 -2 -1   13  12   6   1   0   3   4   7   1   2   4   5   1   4   8  14  10   0   1   3  0.16 0.19
  143 P    0  0  0  0 -4  0 -2  1 -1 -3 -2 -2 -2 -3  4  1  0 -1 -2 -1    8   6   5   5   0   4   1  13   2   1   5   1   1   1  25   9   7   1   2   5  0.38 0.32
  144 E    0  0 -1  2 -3  0  1  0 -1  0 -1 -1  1 -1  1  2  1 -4 -3 -1    6   6   1  13   0   4   7   7   1   5   7   2   4   2   8  16   8   0   0   3  0.13 0.18
  145 N    0  0  1  0 -3  0 -1  2 -1 -1 -1 -1  0 -2  1  2  1  0 -3 -1    5   5   9   6   0   3   2  15   1   4   8   3   2   1   8  15   8   1   0   4  0.14 0.17
  146 R    0  1  0 -1 -1 -1 -1  0 -1  0  0 -1 -1 -2  0  2  1 -1 -1  0    4  10   3   2   1   2   2   7   1   5   9   3   1   1   4  23  10   1   2   8  0.13 0.20
  147 R    0  2  1  0  0  1  0  0  1 -1 -1  0  0 -3  1  0  1 -3  0 -1    7  13   7   4   3   7   4   7   3   3   5   5   3   0   7   8   8   0   3   4  0.10 0.12
  148 T    0  0  0  0 -3  0 -1 -1  1 -1 -1  0  0 -1  3  1  1 -4 -3  0    9   5   4   5   0   4   4   5   4   3   7   4   3   3  18   9   9   0   0   5  0.18 0.18
  149 S    1  0  0 -1 -3  0  0  0  0 -2 -2 -1  0 -4  3  3  1 -4 -3 -2   13   6   3   2   0   5   5   5   2   2   3   3   2   0  14  23  10   0   0   2  0.31 0.30
  150 F    0  0  0 -1 -3 -1 -1  0 -2 -1  0 -1  0 -1  1  2  2 -3  0  0    6   5   3   4   0   2   3   5   0   3   8   3   3   3   9  21  14   0   3   5  0.14 0.19
  151 T   -1  0  0 -1 -3  0  0 -1  1 -1 -2 -1 -1 -2  3  2  1 -4 -3  0    4   4   4   3   0   3   5   5   4   3   3   3   1   2  16  23  11   0   0   7  0.27 0.27
  152 S    0  0  0  0  2  0 -1  0 -2  0  0  0  1 -2  1  0  0 -2  1  0    6   6   6   6   6   6   0   6   0   6   6   6   6   0   6   6   6   0   6   6  0.05 0.10
  153 T    0  0  0 -1 -3 -1 -1 -1 -2 -1 -1  0  0 -1  1  1  3  0  0  0    8   5   5   2   0   3   2   3   0   4   7   7   3   2   6  12  21   2   4   5  0.15 0.20
  154 T    0 -1  0 -1 -3 -1 -1  1 -1 -1 -1 -1  0 -2  3  1  2 -4 -3  0    6   4   4   2   0   3   3  10   2   3   6   2   3   2  13  14  18   0   0   6  0.21 0.23
  155 A    1  0  0 -1 -1  0  0  0  1 -1 -1 -1  0 -4  0  3  1  0 -3 -1   10   4   4   3   1   3   4   6   3   3   5   3   2   0   5  28  10   2   0   3  0.21 0.25
  156 T    0  1  0 -1 -3  0  0 -1  0 -1  0  0 -1 -2  2  1  2 -4 -1 -1    5  10   3   3   0   4   5   3   2   4   8   5   1   2  12  11  16   0   2   3  0.17 0.19
  157 N    0  1  1 -1 -1 -1 -2  2  1 -1 -2 -1  0 -2  2  2  1 -4 -2 -2    7   8   7   3   2   1   1  17   4   3   4   2   2   2  11  16   7   0   1   2  0.21 0.23
  158 L    0  1  0  0 -3  1 -1 -1  1  0  0 -1  0 -1  1  2  1 -1  0 -1    6   7   3   4   0   6   3   3   4   5   9   3   3   2   9  18  10   1   3   3  0.11 0.16
  159 T    0  1  0  0 -2  0  0  0  0  0 -1  0  0 -1  1  1  1  1 -2  0    9   9   5   4   0   4   3   7   3   5   4   4   3   3   6  12   8   3   0   8  0.06 0.09
  160 P    0  0  0 -1 -3  0  0  0  1 -1 -1 -1  0  0  3  1  1 -4 -2 -1    6   5   4   3   0   4   4   6   3   3   4   3   3   5  19   9  11   0   0   5  0.20 0.20
  161 G    1  0  1  0  0  2 -1  1  0 -1 -1 -1 -2 -3  0  2  1 -3 -1 -1   11   4   6   5   2  10   2  12   2   3   6   2   0   0   4  17   8   0   2   3  0.14 0.18
  162 S    1  1 -2 -1 -3  1  0 -2  0 -2 -1  0 -2 -1  1  3  1 -4 -3 -1    9   8   0   2   0   8   6   2   2   2   6   4   0   3   8  27  11   0   0   3  0.25 0.28
  163 R    0  3  0 -1 -3  1  0 -1  0 -2 -1  0 -1 -4  2  2  0 -4 -3 -1    6  18   5   2   0   5   6   4   3   2   5   5   2   0  10  18   5   0   0   4  0.25 0.25
  164 D    0  2  1  0 -3  1  0 -1  0 -2 -1  0  0 -2  1  2  1 -4 -2 -2    7  14   7   5   0   7   4   4   2   2   7   3   2   2   6  15  10   0   1   2  0.15 0.18
  165 P    0  1  1 -1 -4  0  0 -1  0 -1 -1 -1 -1 -2  4  2  0 -4 -2 -2    7   7   6   2   0   5   5   4   2   3   8   2   1   2  21  16   5   0   1   2  0.28 0.26
  166 T    1  0 -1 -1 -1 -1 -1  0  0  0 -1 -1 -1 -1  2  2  2 -4 -3 -1   10   5   2   2   1   2   3   5   2   5   6   2   1   3  10  22  12   0   0   4  0.18 0.22
  167 R    1  3  0 -1 -3  1 -2  0  1 -2 -2 -1 -1 -2  0  2  1 -4 -1 -1   10  18   4   2   0   6   1   7   3   1   4   2   1   2   4  16  12   0   2   5  0.21 0.24
  168 T    0 -2  1  0 -1  0  0 -1  1 -2 -1 -2 -1 -4  2  2  3 -1 -3  0    9   2   8   4   1   4   5   5   3   2   5   1   2   0  10  14  19   1   0   5  0.21 0.24
  169 G    1  0  1  0 -3  2  0  2 -1 -1 -2 -1 -2 -1  1  1  1 -3 -3 -1   12   4   6   4   0  10   4  14   1   3   4   3   0   3   6  12   8   0   0   5  0.14 0.17
  170 T   -1  0  0  0 -3  0 -1 -2 -3 -1 -2 -1 -2 -2 -1  3  3  0 -4 -1    4   5   3   4   0   4   2   2   0   4   4   2   1   2   3  30  23   1   0   4  0.39 0.38
  171 P    0  1 -1  1 -3  1 -1 -1 -3 -1 -1 -1 -1 -2  3  0  0 -4 -3  0   10  10   2   7   0   7   3   5   0   3   7   1   2   2  19   8   6   0   0   7  0.24 0.23
  172 T    1  1  1 -1 -1  0 -1  0  0 -2 -1 -1 -1 -2  1  2  2 -4 -2  0   10   7   6   4   1   4   3   6   3   2   5   3   1   1   8  15  15   0   1   6  0.15 0.18
  173 I    0  0  0  0 -1  1 -1 -2 -1  1  0 -1 -1  0  0  1  1 -3 -1 -1    8   6   4   4   1   9   3   2   1   9  11   2   1   3   6  15  10   0   2   4  0.08 0.15
  174 E   -1  0 -1 -1  0  1  1  0  0 -1 -1  0 -1 -3  2  2  1 -4 -2 -2    4   6   2   3   2   7   7   7   2   3   7   5   1   0  12  18   9   0   1   3  0.18 0.21
  175 D   -1  1  0  1 -3  1  1  0  0 -2 -2  0 -1 -2  2  1  1 -4 -3 -1    4   9   3   8   0   6   9   8   2   2   4   4   1   1  13  12   8   0   0   4  0.19 0.19
  176 K    0  2  0 -1 -1  1  0 -1  1 -3 -2  1 -3 -1  3  1 -1 -4 -1 -1    8  13   3   3   1   7   4   5   4   1   4   9   0   3  14  11   4   0   1   4  0.21 0.21
  177 E    0  1 -2 -1 -3  2  1 -1  0 -2 -1  0  0 -2  2  2  0 -4 -3 -2    9   7   0   2   0   9  11   4   3   2   6   4   2   2   9  21   6   0   0   2  0.22 0.26
  178 P    0 -1 -1 -1 -4  0 -1 -1 -1 -3 -1  0 -1 -3  5  1  1 -5 -4 -2    8   2   2   2   0   4   4   4   1   1   7   5   1   1  34  10   9   0   0   3  0.59 0.42
  179 R    1  2  0 -1 -3  0  0  0 -1 -1  0  0 -1 -1 -1  1  1 -3 -1 -1   12  15   3   3   0   4   4   7   1   3   9   5   1   3   3  12   9   0   1   4  0.09 0.13
  180 W    0  2 -1  0 -3  2  0  0  0 -1 -1  0 -1 -2  2  1  1  1 -2 -2    6  11   2   5   0   9   6   6   2   3   5   3   2   1  11  12  10   2   1   2  0.16 0.19
  181 D    0  2  0  1 -3  2  1 -1  1 -2 -2  0 -2 -2  1  2  0 -4 -3 -1    7  15   2   8   0   9   7   5   3   3   3   5   0   2   6  16   4   0   0   4  0.19 0.21
  182 S    0  0 -1 -1 -3  0  0 -1  2 -1 -1 -1  0 -2  2  2  0 -3  0 -1    9   4   2   3   0   4   6   4   6   3   5   3   3   2  12  22   6   0   3   4  0.18 0.21
  183 F    0  0 -1  0 -3  0  0  0  0  0 -1 -1  0  0  1  2  0 -3 -1 -1    9   6   1   4   0   3   4   8   3   6   5   2   3   5   8  20   6   0   2   4  0.10 0.15
  184 G    0  2  0  0 -3 -1 -1  1 -1 -1 -1  0  0 -2  1  1  0 -3 -3 -1    9  13   5   5   0   2   3  12   2   3   8   4   3   1   7  15   4   0   0   5  0.11 0.15
  185 R    0  3 -1 -1 -3  1  0 -1  1 -2  0  0  0 -2  0  1  1 -4 -3 -2    7  22   2   4   0   6   4   5   4   2   8   3   3   2   4  13   9   0   0   2  0.20 0.23
  186 R   -1  3 -1 -1 -3  1  0 -2  0 -1 -1  0 -1  0 -1  1  0 -4 -1 -1    5  23   3   3   0   7   6   2   2   3   7   4   2   4   3  15   5   0   1   5  0.20 0.23
  187 P    0 -1  0  0 -4  1  0  0  1 -1 -1 -3 -1 -2  5  1  0 -5 -4 -3    6   3   4   5   0   7   5   6   4   3   5   0   1   2  28  13   6   0   0   1  0.45 0.36
  188 S    0  0  0  0 -1  1  0  0 -1 -1 -1 -1 -2 -2  1  3  1 -4 -3 -1    8   6   3   5   1   6   5   6   2   2   5   3   0   2   6  24  11   0   0   4  0.18 0.23
  189 A    1  0  0  0 -3  1  0 -1 -1 -1 -1  0 -1 -2  2  2  1 -4 -3 -2   10   5   3   6   0   7   5   5   1   4   7   4   1   1   9  17  12   0   0   1  0.16 0.20
  190 V    0  0  0 -1 -3  1  0 -1  0  0  0  0 -1 -1  2  0  0 -3 -1  0    9   5   4   3   0   7   5   5   2   5   9   6   1   3  13   7   7   0   1   7  0.10 0.11
  191 R    0  2  0 -1 -1  1  0  1 -1 -2 -1  0 -2 -3  1  1  1 -4 -3 -1    6  13   4   3   1   8   5   9   1   2   6   6   0   0   6  13  12   0   0   4  0.16 0.19
  192 R    0  4  0 -1 -4  1 -1 -2  0 -2 -2  0  0 -2  1  1  1 -4 -2 -1    8  24   4   2   0   7   3   2   2   2   4   4   2   2   7  12  11   0   1   3  0.26 0.27
  193 E    0  2 -1  0 -3  0  1  0  0 -2 -1  0 -2 -2  3  1  0 -4 -1 -1    5  12   2   5   0   4  10   7   2   3   6   4   0   1  16  12   4   0   3   4  0.20 0.20
  194 Q    0  3 -1  0 -3  1  1 -1 -2 -2 -1  0 -3 -2  0  2  1 -4 -1 -2    9  16   1   4   0   7  10   4   0   3   5   5   0   1   4  20   9   0   2   1  0.24 0.27
  195 P    0  1  0 -1 -4 -1  0 -1  0 -3 -3  0 -3 -2  4  1  0 -4 -1 -2    9   9   4   3   0   2   6   4   2   1   2   6   0   1  27  13   5   0   2   3  0.43 0.33
  196 P    1  1 -3 -2 -4  0  0 -2 -1  0 -3 -1 -1 -2  4  2  1 -4 -3 -1   13   9   0   1   0   5   4   2   1   6   1   3   2   2  21  17   9   0   0   3  0.37 0.34
  197 V    1  0  0 -1 -3  1 -1 -1 -1 -1  0 -1  0 -1  2  1  1 -3 -1  0   12   4   3   3   0   7   3   3   1   3  11   3   2   3  10  13  10   0   1   8  0.10 0.15
  198 A    1 -1  1  0 -3  0  0 -1  1 -1 -2 -1 -2 -2  0  3  2 -4 -3 -1   13   3   6   6   0   4   6   4   3   3   4   2   1   2   4  23  13   0   0   3  0.22 0.25
  199 S    1  1  0  0 -3  1  1 -1  1  0 -2 -1 -1 -4  3  2  0 -4 -3 -1   10   7   3   4   0   6   9   4   3   5   4   2   1   0  13  19   7   0   0   3  0.22 0.24
  200 L    0  0  0  0 -2  1  0 -1  0  0  1 -1  0 -1  1  0  0 -1 -1  0    8   6   3   5   0   8   5   4   2   6  15   2   3   2   8   9   6   1   2   5  0.06 0.09
  201 P    0  0 -2  0 -4  0  0 -2  1 -1  0 -1  0 -3  5  1  0 -4 -3 -2    8   5   1   5   0   5   5   2   4   4   8   3   2   1  28  11   5   0   0   2  0.43 0.33
  202 R    0  3  0  1 -4  1  1 -1  0 -2 -2  0 -1 -4  1  1  1 -4 -2 -2    6  20   3   7   0   7   9   4   2   2   4   5   2   0   8   9  10   0   1   2  0.24 0.24
  203 S    0  2 -1  1 -3  0  0 -1  1 -2 -1 -1  0 -4  1  2  1 -4 -2 -1    9  14   2   8   0   4   4   3   4   2   5   1   2   0   6  21   9   0   1   4  0.21 0.25
  204 P    0  0 -3  2 -4 -1 -1  0  1 -1 -2  0 -1 -3  4  2  0 -5 -4 -2    7   4   0  10   0   3   3   6   4   3   4   5   1   1  27  14   5   0   0   3  0.44 0.35
  205 P   -1  1 -2  1 -4  0  1  0  1 -1 -2 -1  0 -2  4  1  1 -4 -2 -2    4   8   0   7   0   3  10   6   4   3   4   3   3   1  23  10   8   0   1   1  0.33 0.28
  206 L    0  1  1  1 -3  0  0 -1  0 -1  0  0 -1 -3  2  1  0 -3  0 -1    5  11   6   8   0   5   4   5   2   2  12   3   2   0  11  14   5   0   3   4  0.12 0.16
  207 E    0  0  0  2 -3  1  1  0  0 -1 -1  0 -1 -1  1  0  0 -3 -1 -2   10   5   3  14   0   6  11   8   2   3   6   4   2   2   7   8   5   0   2   2  0.12 0.13
  208 E    0  1  0  2 -3  1  2 -1  2 -1 -1 -1  0 -3  0  2  0 -4 -3 -2    5   7   4  11   0   8  12   4   6   3   5   3   2   0   5  15   6   0   0   3  0.19 0.20
  209 E    0  1  0  1 -3  1  2  0  1 -2 -2  0  0 -1  1  1  0 -3 -1 -1    7   8   4   7   0   5  13   6   3   2   4   3   4   2   6  15   5   0   3   3  0.13 0.16
  210 P    1 -1  1  1 -3  1  0 -1  0 -1 -2  0  0 -4  3  1  0 -4 -1 -2   10   3   6   6   0   6   6   4   3   4   3   4   3   0  17  15   5   0   2   3  0.24 0.23
  211 L    1  0  0  0 -3  1  1 -1  0 -1  0  0 -2 -1  0  2  0 -3 -1 -1   11   4   3   6   0   5   9   5   3   3  12   3   0   2   3  21   5   0   2   3  0.11 0.16
  212 S    0  0  0  1 -3  0  0  0  0 -2 -1  0  0 -2  3  2  1 -4 -2 -2    5   4   3   7   0   3   5   7   2   2   5   5   2   1  14  20   9   0   1   3  0.21 0.21
  213 S    0 -1 -1  1 -4  0  1  1  2 -2 -2 -1 -3 -4  2  3 -1 -4 -1 -3    8   3   1   8   0   5  11  11   6   3   4   3   0   0   9  23   3   0   2   0  0.28 0.28
  214 S    1  1  0  1 -1  1  1 -1  1 -2 -2 -1 -3 -4  2  2  0 -4 -3 -2   10   8   4   7   1   5   9   4   3   2   5   2   0   0  10  23   5   0   0   2  0.23 0.25
  215 S    0 -1 -1  1 -4  0  0  0 -3 -2 -1 -2 -1 -2  1  4  0 -4 -4 -3    8   3   3   7   0   4   6   8   0   3   8   1   1   2   8  34   5   0   0   0  0.33 0.33
  216 P    0  0 -2  1 -3 -1  1 -2 -1  0 -3 -1  0 -4  3  3  0 -4 -4  0    7   4   0   8   0   2   9   2   2   5   2   3   2   0  15  29   3   0   0   6  0.35 0.33
  217 E    0  0 -1  2 -3  1  1 -1  0 -2 -2  0 -1 -2  1  3  0 -4 -1 -3    7   4   2  11   0   6   9   3   3   2   4   5   1   2   5  29   6   0   2   0  0.28 0.28
  218 E   -1 -1 -1  3 -4  0  2 -2 -1 -2 -3 -1  0 -2  1  3  0 -4 -3 -2    4   3   2  16   0   5  12   2   2   2   2   3   2   2   7  28   4   0   0   3  0.35 0.32
  219 S    1 -1  0  2 -3  0  1  0 -3 -3 -2 -1 -1 -4  0  3  1 -4 -1 -1   10   3   3  11   0   3   8   6   0   0   3   1   1   0   4  29  11   0   2   5  0.29 0.29
  220 G    1 -1  0  3 -3  0  0  0 -2 -3 -2 -2 -2 -1 -1  3  0 -4 -2 -2    9   3   2  16   0   4   6   6   1   1   4   1   1   3   3  31   5   0   1   3  0.32 0.31
  221 S   -1 -1  0  2 -3  0  1 -2 -3 -2 -2  0  0 -4  1  4  0 -4 -2 -3    4   2   4  14   0   3   9   2   0   3   3   4   3   0   7  32   6   0   1   1  0.38 0.34
  222 D    0 -2  0  4 -4  0  2  0 -1 -2 -3 -2 -1 -2 -1  2  0 -4 -3 -3    7   2   4  28   0   3  13   5   1   2   3   1   2   1   3  17   5   0   0   1  0.42 0.33
  223 E    0  1  0  3 -3  1  2 -2 -1 -2 -2 -1  0 -2 -1  1  1  0 -3 -2    6   8   3  17   0   8  17   3   1   2   3   2   3   2   3  11   8   1   0   2  0.25 0.24
  224 E   -1 -1 -1  3 -4  0  2 -1  1 -3 -1 -1 -2 -4  2  2  0 -4 -3 -3    5   4   2  19   0   2  17   4   3   0   6   1   1   0   9  19   4   0   0   1  0.36 0.31
  225 D   -1  0  1  2 -3  1  0  0  0 -2 -2 -1 -3 -3  1  3  0 -4 -2 -1    4   6   7  13   0   7   6   5   2   2   3   3   0   1   8  24   4   0   1   4  0.24 0.23
  226 T    0 -1  0  0 -3  0  0 -1  0 -1  0 -1 -1 -2  3  2  1 -4 -3 -1    8   3   5   4   0   4   6   4   2   3   9   3   1   1  16  17  11   0   0   4  0.20 0.20
  227 T    0  0 -1  0 -3  0  0 -2 -1 -1 -1 -2  2 -1  3  1  0 -3 -1 -1   10   5   2   6   0   4   7   2   1   4   7   0   6   2  16  13   7   0   3   3  0.19 0.20
  228 R    1  3  0  0 -3  1  1  0  1 -2 -2  0 -2 -1  0  1  0 -3 -2 -2   15  17   3   4   0   5   7   7   4   1   2   4   0   3   4  14   7   0   0   2  0.19 0.20
  229 R   -1  5 -1 -1 -4  3  0 -1  1 -4 -3  0 -3 -4 -1  2 -2 -4 -1 -3    5  32   2   3   0  16   4   4   3   0   3   3   0   0   3  15   1   0   2   1  0.57 0.42
  230 A    0  0  1  0 -2  1  0  0  1  0 -1  0 -1  0  1  0  0 -2 -1  0    6   6   6   6   0   6   6   6   6   6   6   6   0   6   6   6   6   0   0   6  0.05 0.06
  231 P    0  3  0 -1 -4  2  0 -1 -3 -1 -2 -2 -3 -4  4  0 -1 -4 -4 -1    8  18   5   3   0   9   4   4   0   4   4   0   0   0  24   8   4   0   0   4  0.44 0.34
  232 L    0  1  0 -1 -2  0 -1  0  1  0  1 -1  0  0  1  0  0 -3 -1  0   10  10   3   3   0   4   4   8   3   5  16   0   1   6   6   8   6   0   2   5  0.04 0.09
  233 F    0  0 -1  0 -2  0 -1 -1  0  1 -1 -2 -1  2  0  1  0  1  0  0   10   5   3   4   0   5   3   5   3  11   5   0   0  12   4  13   4   2   3   8  0.06 0.13
  234 K   -1  4 -1  0 -4  0  1 -1  1 -2 -2  1 -1 -1  2  0 -1 -4 -2 -2    3  29   2   5   0   4   8   4   4   2   3   9   2   3  10   7   4   0   1   2  0.35 0.29
  235 R   -2  5  0 -1 -5  0  0 -2  2 -2 -4  1 -1 -1  0  0 -1 -4  0 -3    3  42   4   2   0   4   6   3   4   2   0   6   2   3   5   5   3   0   3   2  0.62 0.43
  236 F   -1  0 -1 -1 -4  2 -2 -1  0 -2  0  0 -1  3  4 -1  0  0 -1 -2    3   4   2   3   0   9   2   5   3   2  10   6   1  13  24   3   5   1   2   2  0.35 0.30
  237 G   -1  0  0 -1 -5 -1  0  1  1 -4 -2 -1 -2 -1  6  0 -2 -5 -4 -3    5   5   4   3   0   3   6  13   3   0   4   3   1   3  38   7   1   0   0   1  0.73 0.48
  238 K    0  4  0 -2 -4  0 -1  0  0 -3 -1  2 -1 -2  0  0  0 -4 -3 -3   10  29   4   1   0   2   4   6   3   1   5  13   2   1   4   8   4   0   0   1  0.36 0.32
  239 F    0  0 -3 -2 -3  0 -2 -1 -1 -2  1 -2  1  4 -1  1  0 -2  2 -2    7   4   0   2   0   6   2   4   1   1  14   2   5  21   3  13   6   0   8   1  0.26 0.29
  240 S    1  0  1  0 -3  2  0 -1 -1 -2 -2  1 -2 -2  2  2  0 -4 -3 -2   10   5   6   5   0  12   5   3   1   2   5   7   1   2  10  22   5   0   0   1  0.26 0.27
  241 T    0  1  0 -1 -3  2 -1 -2 -1  0  0  1  1 -3  2  0  1 -3  0  0    7   9   3   3   0  11   2   2   1   4   7   8   4   0   9   8  12   0   3   5  0.14 0.18
  242 Q    0  1 -1 -1 -4  3 -1 -2  3 -2 -2  3 -3 -2  0  0  0 -4 -2 -3    7   9   2   3   0  15   2   2  10   3   4  19   0   2   5   8   7   0   1   1  0.31 0.30
  243 R   -1  2  0  1 -3  1  0 -1 -1 -1  0  1 -1 -2  0  1  0 -3 -2 -2    5  17   4   8   0   7   3   5   1   2   9  11   2   1   5  11   7   0   1   2  0.15 0.17
  244 S    0  0  0  1 -3  0  0  1 -1 -3 -2  0  0 -2  3  2  0 -4 -1 -2    9   5   4   7   0   4   6   9   1   0   4   4   2   1  16  17   4   0   3   3  0.23 0.22
  245 G    0  1  0  1 -3  1  0  1  0 -2 -2  0 -3 -3  2  2  1 -4 -1 -2    6   7   4   7   0   6   5  13   2   2   3   4   0   1   9  18  10   0   2   1  0.21 0.22
  246 L    0  0  0  1 -3  0  0 -1  1  0  1  0 -1 -2  1  1  0 -3 -1 -1    7   4   3  11   0   4   5   5   4   4  17   4   1   1   8  13   5   0   1   3  0.09 0.13
  247 R    0  2  0  1 -3  2  1  0 -1 -2 -1 -1  0 -3  0  2  0 -3 -1 -1    6  12   3   9   0  11   7   6   1   2   6   2   2   0   4  17   7   0   3   3  0.16 0.20
  248 D   -1  0  1  3 -3  0  2  0 -1 -2 -1  0 -2 -1  0  1  0 -3 -1 -2    4   5   6  21   0   4  12   7   1   2   6   6   0   3   4  11   4   0   2   2  0.21 0.20
  249 D   -2  0  0  4 -4  1  1  1 -1 -2 -2 -1  2 -2  1  0  0 -4 -2 -2    2   6   2  29   0   6   9  11   1   3   4   2   6   2   6   5   5   0   1   2  0.33 0.28
  250 E    1  0 -2  4 -3  0  2  0 -3 -2 -2 -1  1 -2  0  1 -1 -4 -2 -1   10   5   0  25   0   4  13   8   0   2   3   2   5   2   4   9   2   0   1   4  0.29 0.27
  251 D   -1  1  0  4 -4  0  2 -1  0 -3 -2 -1 -2 -1 -1  0  1 -4 -2 -2    5   7   3  32   0   3  14   5   3   1   4   2   1   3   2   5   9   0   1   2  0.42 0.32
  252 N   -1  0  1  4 -4  0  3  0 -2 -2 -2 -1 -2 -3  0  1 -1 -4 -3 -3    5   4   5  25   0   4  19   7   0   2   3   3   1   1   5  10   4   0   0   1  0.39 0.30
  253 E   -1 -1 -1  4 -4  0  3  1  0 -3 -3  0 -1 -3  1 -1 -1 -4 -2 -2    6   3   2  23   0   3  23  11   2   1   3   4   2   1   6   4   4   0   1   3  0.38 0.29
  254 E    0 -1  0  3 -3  0  3  0 -2 -2 -2 -1  0 -2 -1  2  0 -4 -2 -2    6   2   4  20   0   4  19   6   0   3   3   2   3   2   3  15   5   0   1   3  0.30 0.26
  255 D    0 -1  0  3 -3  0  1 -1  1 -3 -1 -1 -1 -3 -1  2  0 -4 -3 -2    7   2   4  19   0   4  11   4   3   0   8   2   1   0   3  22   6   0   0   2  0.29 0.27
  256 T    1  0 -2 -1 -3  0  2  2  0 -3 -2 -2 -3 -4 -2  3 -1 -4 -2 -2    9   5   1   3   0   4  15  15   2   2   3   0   0   0   2  31   3   0   1   2  0.40 0.34
  257 P    0 -2  0 -2 -4 -2 -2  0 -2 -4  0 -2 -4 -5  6  1  0 -5 -5 -4    6   2   4   2   0   1   2   8   1   0  12   2   0   0  40  12   7   0   0   0  0.81 0.49
  258 A    3 -2 -1 -1 -3 -3 -2  1  0 -1 -1 -2 -3 -4  1  1  1 -4 -3  1   34   2   3   3   0   0   2   9   2   2   4   2   0   0   8   8   8   0   0  11  0.33 0.30
  259 F    0  0  0  0 -4 -2 -2 -3 -3 -1 -1 -2 -1  6 -4  1  0 -3  2 -2    6   5   4   6   0   1   2   1   0   3   4   2   2  36   0  14   5   0   7   3  0.56 0.39
  260 L   -1  0 -1 -1 -3  0 -2 -1  1  0  4 -2  1 -2 -1  0  0 -4 -1 -2    4   5   2   4   0   4   1   5   4   3  45   1   2   0   3   8   5   0   1   1  0.35 0.31
  261 P   -3  0 -3  1 -5 -3 -4 -2  1 -5 -5 -4 -1 -3  7  0 -1 -6 -2 -3    2   6   1   7   0   1   0   4   3   0   1   0   2   1  59   7   3   0   2   2  1.49 0.73
  262 L   -1  1 -2 -3 -4 -1 -2 -2 -1 -1  0 -1 -1  5 -2  1  0  0  2 -2    5   7   2   1   0   3   3   2   1   3   7   4   1  32   1  11   6   1   8   2  0.41 0.31
  263 A    3 -1 -1  0 -3 -1  0 -1  1 -4 -4 -1 -3 -4  1  3  1 -4 -4 -2   27   2   3   5   0   3   6   3   3   0   1   3   0   0   7  22  10   0   0   3  0.41 0.34
  264 R    0  1  1  0 -3  0  0 -1  0 -2 -2  0 -2 -1  3  1  1 -4 -3 -2    9  10   8   6   0   4   6   4   2   1   3   3   1   3  16  13   8   0   0   3  0.23 0.20
  265 E    1  2  0  0 -3  1  0  0  1 -1 -2  0 -2 -2  2  1  1 -4 -3 -1   10  13   4   4   0   8   4   6   4   4   3   3   0   2  11  12   7   0   0   4  0.17 0.17
  266 H    1  0  1  1 -1  1  0  0  1 -2 -3  0 -1 -1  2  1  0 -3  0 -2   15   5   6   8   1   5   6   5   4   2   1   6   1   2   9  13   5   0   3   2  0.15 0.15
  267 E    0  1 -1  0 -3  2  1 -1 -1 -2 -2  1 -2 -2  1  2  1 -4 -2 -2    7   8   2   5   0  12  10   3   1   3   3   9   1   1   5  16  10   0   1   2  0.22 0.21
  268 H    0  0 -1  1 -3  1  0  0  3 -2 -3  0 -1 -2  2  2  0 -4 -2 -2    8   6   2   7   0   8   6   8   9   3   1   4   1   2  12  15   6   0   0   1  0.23 0.21
  269 T    1  2 -2 -1 -3  0  0  1  1 -2 -1 -1 -2 -3  1  1  2 -4 -3 -1   13  11   0   2   0   3   5   9   3   2   7   2   0   0   9  13  16   0   0   3  0.21 0.22
  270 H    1  1  1 -1 -3  1  0  0  2 -2 -2  0 -2 -1  2  1  1 -3 -2 -2   11  10   8   3   0   5   4   6   7   2   3   6   0   3  12  10   8   0   0   2  0.19 0.18
  271 H    0  1  1  0 -3  1  0  0  2 -2 -2  0 -1 -1  0  2  1 -3  0 -2    7  11   6   5   0   7   4   7   6   3   3   4   2   3   5  16  11   0   3   1  0.15 0.16
  272 E    0  1  0  1 -3  2  1 -1  1 -2 -2  0 -1 -3  1  2  1 -3 -1 -2    6   7   3   9   0  12  10   5   4   3   3   3   2   0   6  15   8   0   2   1  0.21 0.20
  273 R    0  2  0  1 -3  1  0 -1  1 -2 -1  0 -1 -2  1  1  1 -3 -2 -1    7  17   4   9   0   6   4   3   3   0   8   5   1   2   6  13   8   0   0   3  0.16 0.17
  274 P    1  1 -1  0 -3  0 -1 -1  2 -3 -2  0 -3 -3  4  2  0 -4  0 -2   10   7   2   6   0   3   3   4   5   0   3   6   0   0  21  17   5   0   4   3  0.34 0.26
  275 V    1  0  0  0  0  1 -1  0 -1 -1  0  0  1 -1  1  2  0 -3 -1  0   10   4   3   5   2   7   3   8   1   4   7   3   5   2   7  18   6   0   1   6  0.08 0.12
  276 Q    0  1  1  0 -3  2  0  0  2 -1 -1  0  2 -2  0  1  0 -3 -2 -1    9   6   7   4   0  12   4   5   6   4   4   6   7   1   5  12   6   0   0   2  0.14 0.17
  277 E   -1  0  0  4 -1 -1  1 -2  0 -3 -1 -1 -3 -4  1  1  2 -4 -1 -2    4   4   4  27   1   2  10   3   3   0   6   2   0   0   6   9  14   0   3   2  0.34 0.29
  278 L    0 -1  0 -1 -3 -1 -1  0 -1  0  1 -2  2 -3  4  1 -1 -4 -3 -1    9   3   4   2   0   1   3   7   2   6  16   0   6   0  22  12   3   0   0   3  0.30 0.26
  279 S    1  1  1  0 -3  1 -2  1 -1 -3 -2 -1  0 -4  0  3  1 -4 -3 -3   12  10   5   5   0   6   0  12   2   0   4   2   2   0   4  25  11   0   0   0  0.30 0.29
  280 T    3 -1  0  0 -3 -1 -2  0  2 -2 -3 -2  0 -4  1  2 -1 -4 -3  0   28   4   4   5   0   3   2   7   7   2   1   0   3   0   7  19   3   0   0   6  0.33 0.31
  281 T    0  0  0 -1 -3  0 -1 -1 -1 -1 -3 -2 -1  0  0  1  4 -4 -2 -2    8   4   4   4   0   4   3   4   1   3   2   2   1   4   5  11  38   0   1   2  0.40 0.36
  282 L    0  0 -2 -3 -2 -1 -2 -2  1  1  2 -1  1  0  1  0  0 -3  0  1    6   5   0   1   0   2   1   3   5   8  29   2   2   3   7   9   4   0   3   9  0.16 0.18
  283 R   -2  6 -3 -1 -5  1 -1 -1  1 -3 -2  0 -3 -1  0 -1 -1 -4 -2 -3    2  49   0   3   0   6   4   4   4   1   4   4   0   3   5   5   3   0   1   2  0.78 0.51
  284 L   -1  1  0  0 -3  1  0  2  0 -2 -1 -1 -1 -3  1  1  0 -4 -3 -1    4  11   4   6   0   6   6  21   2   1   7   2   1   0   6  11   7   0   0   5  0.19 0.20
  285 D   -1  0  0  2 -4  2  1 -1  1 -3 -2 -1  0 -4  2  1  1 -4 -3 -2    4   6   3  15   0  10   8   5   3   1   4   1   3   0  13  12   9   0   0   2  0.29 0.28
  286 A    1 -1 -1 -1 -3 -1 -1  1  0 -2 -1  0 -1 -2  3  2  0 -4 -3 -2   11   4   3   3   0   2   3  13   2   2   7   4   1   2  18  17   7   0   0   3  0.27 0.25
  287 E    0  2  0  0 -4  2  1 -1  1 -2 -2  1 -3 -2  1  1  0 -4 -1 -3    7  15   4   5   0  10   9   3   3   2   3   7   0   1   7  15   5   0   2   1  0.23 0.24
  288 R   -1  3  0  1 -4  2  0 -1  0 -2 -1  0 -2 -4  0  2  1 -4 -3 -2    4  17   5   9   0  12   4   5   2   2   5   4   1   0   5  15   9   0   0   3  0.24 0.26
  289 A    1  2 -1 -2 -3  1 -1  0  0  0 -2  1  0 -2  2  2 -1 -4 -3 -1   12  12   1   1   0   5   2   8   3   7   3   7   3   1  12  16   2   0   0   4  0.19 0.22
  290 A    1  1  0 -1 -3  1  0  0  1 -1 -2  0 -1 -1  1  2  1 -4 -2 -2   12   9   4   3   0   6   4   7   4   3   4   3   1   3   8  17  10   0   0   1  0.15 0.19
  291 A    1  0  0 -1 -3  0  0  0  0 -1 -1  0 -2 -1  2  2  1 -1 -2 -1   12   6   5   2   0   4   5   7   3   4   7   6   0   3   9  18   7   1   0   2  0.12 0.16
  292 Q    0  2  1 -1 -3  2  0 -2  0 -1 -1  0  0 -3  1  2  1 -4 -3 -2    5  11   6   2   0  10   4   2   2   3   6   6   3   1   7  21   8   0   0   2  0.21 0.25
  293 R   -1  3  0 -2 -4  1 -1  1  1 -3 -3  0 -3 -2  2  2  1 -2 -3 -2    4  19   3   2   0   7   3  10   3   1   2   6   0   2   9  17   8   1   0   3  0.28 0.29
  294 R    0  3  1  0 -3  0  0  0  2 -1 -2  1  0 -3  2  0  0 -4 -2 -1    7  17   6   4   0   4   4   6   5   3   3   8   3   0  13   9   4   0   1   4  0.21 0.21
  295 H    0  2  0 -1 -3  2  0  0  3 -3 -2  1 -1 -1  1  2 -1 -4 -3 -2    7  12   4   2   0   9   4   6   8   1   2   9   2   3   7  17   3   0   0   3  0.22 0.24
  296 P   -1  2 -1 -1 -2 -1 -1 -1  0 -1 -1  1 -1 -2  3  1  0 -4 -3  0    5  11   2   3   1   1   3   3   3   4   6   8   2   1  19  14   7   0   0   7  0.25 0.24
  297 E    0  0 -1 -1 -3  1  1 -1  2 -2 -1 -1 -1 -3  2  2  1 -4 -3 -2    7   6   1   2   0   7   8   4   6   1   6   2   1   1  12  22  11   0   0   3  0.28 0.30
  298 Q    0  1  0  0 -1  1  0  1  0 -1 -1  1 -2 -2  0  1  0 -3 -2 -1    8   8   4   4   1   6   6  10   2   3   7   7   0   2   4  16   5   0   1   5  0.09 0.12
  299 R    0  3  0 -1 -3  1  0 -1  0 -2 -2  1 -2 -2  1  2  2 -4 -1 -2    5  17   3   3   0   8   5   5   2   3   2   7   1   1   7  16  13   0   2   3  0.22 0.24
  300 A    1 -2 -1  0 -3  0  0  0  1 -1 -2 -1 -2 -3  3  2  1 -4 -3  0   12   1   2   6   0   5   4   7   3   2   3   3   0   1  15  15  12   0   0   8  0.23 0.24
  301 G    1  1 -1 -1 -3  0  0  0  0  0 -1  0 -1 -2  2  1  1 -3 -3  0   12   8   1   2   0   5   4   7   2   6   5   6   1   2  13  12   9   0   0   5  0.14 0.16
  302 P    0 -1  0 -1 -3  0 -1  0  1 -1 -1  0 -1 -2  3  2  1 -4 -1 -2    7   3   3   2   0   5   3   8   5   3   5   4   2   1  18  18   9   0   2   2  0.24 0.24
  303 R    0  2  0 -1 -3  1  0 -1  3 -1 -1  0  0 -2  1  1  0 -3 -1 -1    6  16   3   3   0   5   7   3  10   3   7   6   2   1   6  13   5   0   2   3  0.16 0.19
  304 A    1  1  1  0 -3  1  0  0  1 -1 -2  0 -1 -2  1  1  1 -3 -2 -1   12   7   6   4   0   9   6   7   4   3   3   6   1   1   8  11   7   0   1   2  0.14 0.15
  305 P   -1  1 -2 -1 -4  2 -1  0 -1 -2 -3  0 -2 -4  3  3  1 -4 -4 -2    4   6   1   3   0  10   3   6   1   2   3   6   1   0  15  27   8   0   0   3  0.38 0.36
  306 V    0  0  0  0 -3  2  0 -1  1 -1 -1 -1 -1 -2  2  2  2 -4 -2  0    5   4   3   4   0  10   4   4   4   4   4   3   1   1   9  15  13   0   1   8  0.15 0.19
  307 P    0  1 -1  0 -2  1 -1 -2 -1 -2 -1 -1 -1 -4  3  2  1 -4 -2 -2    7  10   2   6   1   5   2   2   1   3   8   2   1   0  18  18  12   0   1   2  0.30 0.29
  308 T    0  0 -1  1 -3  2 -1 -1 -3 -1 -2  0  0 -4  2  2  2 -4 -2 -1    6   4   2  10   0   9   3   3   0   4   2   4   3   0   9  20  15   0   2   4  0.25 0.28
  309 D    1  0  1  1 -3  1  1 -1 -2 -1 -2 -1 -1 -3  1  2  1 -4 -1 -2   12   5   7   9   0   6  11   4   0   3   4   1   1   0   8  17   7   0   2   2  0.19 0.21
  310 S    0  0 -1 -1 -3  0  0 -2  0 -3 -3 -1  0 -3  2  4  2 -4 -3 -1    8   5   3   3   0   4   4   2   2   1   2   3   2   1  11  32  12   0   0   4  0.37 0.36
  311 S    0 -1 -1 -1 -4  1 -1 -1  1 -1 -3  0  0 -4  0  4  1 -1 -2 -3    6   3   2   3   0   7   2   4   4   4   1   4   3   0   5  39  10   1   1   0  0.46 0.43
  312 T    1 -1 -2 -2 -4  1 -1 -1  0  0 -1 -1 -2 -1  3  3  2 -4 -3 -2    9   3   1   1   0   7   2   4   2   5   5   2   1   2  15  26  12   0   0   2  0.33 0.34
  313 S    1 -1 -1 -1 -3  1 -1  1 -2 -2 -2 -1 -3 -1  1  3  1 -4 -3 -1   10   2   3   3   0   6   4  10   1   2   5   2   0   3   7  30   9   0   0   3  0.28 0.31
  314 S    1 -1 -1  1 -3  1 -1  0 -3 -1 -2 -1 -1 -4  0  3  2 -4 -2 -1   15   3   2   7   0   6   2   8   0   3   3   3   2   0   4  25  14   0   1   4  0.26 0.29
  315 M    1 -2 -2  0 -3  0 -1 -1 -1  0  0 -1  0  0  1  2  1 -4 -2  0   14   2   0   4   0   5   2   4   2   5   7   2   3   4   8  23   8   0   1   7  0.17 0.24
  316 S    1 -1 -2  0 -3  2 -1  0  0 -1 -2 -1 -2 -4  1  4  1 -5 -4 -1   11   3   1   5   0   9   2   6   2   3   3   2   1   0   6  34   9   0   0   3  0.36 0.37
  317 S    0  1  0 -1 -3  0  0 -1  1  0 -2 -2  0 -3  2  3  0 -4 -2 -1    8   8   3   3   0   3   6   4   4   6   4   0   3   0  11  25   6   0   1   4  0.22 0.26
  318 G    1  1 -1 -1 -3  0 -1  1  2 -1 -2  0 -1 -3  1  2  0 -4 -1 -1   11   8   2   3   0   5   2  11   6   4   3   5   2   0   7  19   5   0   1   5  0.16 0.19
  319 G    1  0  1  0 -3  0  0  0 -1 -2 -2 -1  0 -2  2  2  0 -4 -3 -2   16   6   7   6   0   4   4   7   1   1   4   3   3   2  10  20   5   0   0   2  0.20 0.22
  320 R    0  2 -2 -1 -3  1 -1  0  2 -2 -2  0 -1 -2  2  2  1 -4 -1 -2    8  12   0   2   0   6   2   6   5   2   3   6   2   2  11  18   8   0   2   3  0.22 0.24
  321 S    2  1  0 -2 -3  1 -2 -1  1 -2 -2 -1 -1 -2  2  3  0 -4 -3 -1   16  10   3   2   0   5   1   4   3   2   3   3   1   2  10  26   5   0   0   3  0.28 0.31
  322 S    0  1  0 -1 -3  1  0 -1  2 -1 -1 -1 -1 -1  2  1  0 -3 -2  0    9   7   5   2   0   7   6   5   7   3   6   0   1   3   9  15   6   0   0   6  0.13 0.18
  323 L    1  0  0 -1 -2  0  0 -1  0  0  0  0  0 -1  1  1  0  0 -1  1   10   4   3   2   0   5   4   4   2   6   9   4   3   2   8  13   7   1   1  11  0.06 0.09
  324 P    1  1  0 -2 -3  1 -1  0  0 -2 -2  0 -3 -2  3  3  0 -4 -1 -2   11   7   3   2   0   7   2   8   3   2   3   4   0   1  14  23   5   0   2   3  0.26 0.27
  325 D    0  1  1  1 -3  1  0  1 -1 -2 -3  0 -1 -3  2  2  1 -4 -1 -2    9   8   6   9   0   6   4   9   1   2   2   3   2   0  10  15   8   0   2   3  0.19 0.20
  326 G    0 -1 -1 -1 -2  1 -1  2  1 -3 -2 -1  0 -2  2  1  1 -1 -3 -2    8   4   2   2   1   8   4  21   5   1   3   2   3   1  11  12  10   1   0   2  0.25 0.25
  327 A    0  1 -1  0 -3  2 -1  1 -2 -2 -1  0 -3 -4  3  1  0 -4 -1 -1    7   7   2   6   0  10   2  10   1   2   6   4   0   0  17  15   5   0   2   4  0.26 0.26
  328 R    1  2  1 -2 -3  1 -1  1  3 -2 -2  0 -2 -2  1  2  0 -4 -1 -1   10  13   5   1   0   5   2  10   7   1   3   4   1   2   7  17   6   0   2   5  0.20 0.22
  329 P    1  2 -1  0 -3  0  0  0 -1 -2 -2 -1 -1 -2  4  0  0 -4 -1 -2   11  12   2   4   0   4   7   7   2   2   3   3   2   1  22   8   7   0   2   1  0.32 0.27
  330 T    0  2  0 -1 -3  1  0  1  1 -1 -3  0 -3 -2  3  1  0 -4 -2 -2    5  13   5   3   0   7   4  10   5   4   2   4   0   1  13  13   7   0   1   2  0.23 0.22
  331 S    0  2  0 -1 -3  1 -1  1  0 -2 -1 -1 -2 -2  1  2  0 -4 -1 -1    7  16   4   2   0   7   3   9   2   2   5   2   0   1   7  22   5   0   2   3  0.21 0.24
  332 Q    0  2 -1 -1 -3  2 -1  0  1 -2 -1 -1 -2 -2  3  1  0 -4 -2 -1    6  13   2   3   0  10   2   7   4   1   5   2   1   2  17  13   7   0   1   4  0.28 0.27
  333 G    1  0 -1  0 -4  0 -2  2  1 -3 -3 -1 -2 -4  4  1  0 -4 -2 -3   11   5   3   5   0   4   1  17   4   1   3   3   1   0  21  13   7   0   1   0  0.39 0.31
  334 A    1 -1 -1 -2 -3 -1 -1  0  0 -2 -1 -2  0 -3  4  2  1 -4 -4 -1   12   4   1   2   0   2   4   7   2   1   5   1   3   1  21  21   8   0   0   4  0.38 0.33
  335 P    1 -1 -1 -2 -4  0 -3  4 -2 -3 -3 -3 -2 -2  3  1  0 -5 -4 -3   10   3   3   1   0   4   1  36   1   1   2   0   1   2  16  11   6   0   0   1  0.62 0.45
  336 V    2 -1 -3 -4 -4  0 -2 -1  1  0 -2 -3  0 -2  5  1  1 -5 -4 -2   20   3   0   0   0   4   2   4   3   5   3   0   3   2  30   8   8   0   0   2  0.58 0.43
  337 L   -1  0 -2 -4 -3 -2 -3 -2  1  0  4 -1  1  0  1  0 -1 -1 -2  0    3   6   1   0   0   2   0   4   3   5  43   3   3   3   7   9   2   1   1   5  0.34 0.32
  338 S   -1  0  0 -3 -2 -1 -3 -2 -1 -3 -3 -3 -4 -5  1  6  0 -6 -5 -3    4   6   3   1   1   3   0   2   1   2   3   0   0   0   7  61   5   0   0   1  1.01 0.71
  339 P   -1 -1 -2 -2 -5  1 -4 -1 -4 -5 -3 -1 -5 -3  7  0 -2 -6 -2 -3    5   4   2   2   0   5   0   5   0   0   3   4   0   1  56   7   2   0   1   2  1.30 0.70
  340 Q   -1  6 -1 -2 -5  2 -2 -1  2 -1 -4  0 -4 -2 -2 -1 -1  1 -4 -2    5  47   3   2   0  10   1   5   4   3   0   3   0   2   2   5   3   2   0   2  0.79 0.52
  341 S    0  4 -1 -2 -4  1 -1 -1  5 -4 -3  0 -3 -4  0  1  1 -5 -1 -3    6  28   2   2   0   5   3   3  18   0   3   3   0   0   4  11   9   0   2   1  0.59 0.44
  342 A    1  3 -2 -3 -3  1 -1 -1 -1 -2 -1 -1 -1 -4  1  1  3 -4 -3 -1   13  20   1   0   0   5   2   5   2   1   5   2   1   0   7   9  22   0   0   5  0.34 0.33
  343 A    4 -1 -1 -3 -3 -1 -1 -1 -1 -2 -2 -2  0 -4 -1  1  1 -4 -4  0   43   3   2   0   0   2   4   4   1   2   4   2   2   0   2  12  10   0   0   5  0.46 0.39
  344 E    1  0 -1 -1 -4  3  4  1 -1 -2 -3 -1 -2 -4 -2  1  0 -4 -4 -2   10   3   3   2   0  15  31  10   1   2   2   1   1   0   2  11   5   0   0   2  0.44 0.37
  345 R   -2  2 -2 -1 -3  1 -3 -2  1 -1  3 -1  1 -2 -1  0  0 -4 -1 -2    3  14   1   3   0   6   0   3   4   1  39   3   3   1   2   9   4   0   1   1  0.31 0.31
  346 Q    2  1 -1  0 -3  1 -1 -1  0 -3 -2  0 -1 -2  1  3  0 -3 -3 -1   18   7   2   4   0   6   3   4   3   1   4   4   2   1   6  25   6   0   0   5  0.22 0.24
  347 N    0  1  1  0 -3  0 -1  2  2 -2 -2 -1 -2 -2  3  2  0 -3 -3 -2    7   9   7   4   0   4   3  14   6   3   3   2   0   2  15  15   4   0   0   2  0.26 0.22
  348 S    1  1  0 -2 -3  0 -1  0 -2 -2 -1  0  0 -2  2  2  1 -4 -3 -1   12  11   4   0   0   3   3   7   1   2   6   3   3   1  11  19  12   0   0   3  0.22 0.23
  349 R   -1  4  0 -2 -4  0 -2  0  2 -3 -3  0 -1 -4  2  2 -1 -4 -3 -1    5  23   4   1   0   4   1   8   7   1   1   5   1   0  11  19   3   0   0   4  0.38 0.32
  350 K    0  3 -1 -1 -3  0 -2  0  0 -2  0  1 -1 -2  2  0  0 -3 -2 -1    7  18   2   3   0   3   0   7   2   2  14   9   1   1  13   9   4   0   1   4  0.20 0.20
  351 S    1  1 -1 -1 -3 -1 -2  2  1 -1 -2 -1 -1 -2  0  3 -1 -4 -3 -1   10   9   2   3   0   2   0  15   3   3   3   1   2   1   5  32   3   0   0   5  0.31 0.31
  352 T    0  1 -2 -1 -3  0 -1  1 -1 -2 -2  1  0 -3  3  1  1 -4 -3  0    6  10   0   4   0   3   3   9   1   1   3  11   3   0  17  11   9   0   0   7  0.26 0.23
  353 A    1  4  0 -1 -3  0 -2  2 -1 -3 -2  1 -1 -3 -1  0  0 -4 -3 -2   14  24   3   3   0   3   1  18   2   1   3   8   2   1   3   7   5   0   0   3  0.32 0.28
  354 S    0  0  0 -2 -2 -1  0  1  2 -1 -1  0  0 -2  0  2  1 -3  1 -1    9   5   4   1   0   2   4   9   5   2   6   5   2   0   3  21   8   0   7   5  0.12 0.16
  355 G    0  2 -1 -1 -3  0 -1  3  0 -3 -3  0 -1 -4 -1  2  0 -4 -3 -2    6  16   1   3   0   5   3  23   2   1   1   6   2   0   3  18   6   0   0   3  0.32 0.27
  356 R   -1  4  0 -1 -4  0  0  0 -1 -3 -2  2 -3 -2  0  2 -1 -4  0 -2    4  27   3   3   0   2   6   6   1   1   2  13   0   2   5  16   3   0   3   2  0.35 0.29
  357 E    0 -1 -1  1 -4  0  4 -2  1 -4 -4 -1 -4 -2  0  2 -1 -4 -2 -2    8   2   1   8   0   3  36   3   4   0   1   3   0   2   4  19   2   0   1   3  0.54 0.41
  358 A    0  0  0  0 -4 -1 -1  4 -1 -4 -4 -1 -2 -2  0  1  0 -4 -4 -2    5   5   4   5   0   2   4  39   2   0   1   4   1   2   5  11   7   0   0   2  0.48 0.34
  359 S   -1 -2  0  0 -4 -1 -1  0 -1 -3 -2 -2 -1 -3 -1  5  0 -5 -2 -3    4   2   3   5   0   2   2   8   1   1   3   1   2   1   3  54   4   0   1   1  0.70 0.53
  360 D   -3 -2 -1  4 -4  0  4  0  0 -4 -4 -1 -4 -4  0  2  0 -5 -2 -3    0   1   2  22   0   3  28   6   2   0   1   2   0   0   5  19   5   0   2   1  0.61 0.43
  361 G    1 -1  0 -3 -4 -2 -2  5  0 -5 -4 -3 -4 -5 -4  2  0 -5 -4 -4    9   3   5   1   0   1   2  52   2   0   2   0   0   0   0  16   5   0   0   0  0.94 0.53
  362 T    0 -2 -2 -1 -3  1 -2 -1  0 -3 -3 -3  0 -4  0  2  5 -4 -4 -2    6   2   1   2   0   5   2   5   3   1   1   0   3   0   4  18  43   0   0   3  0.66 0.49
  363 P   -3 -2  0 -1 -5 -4 -2  0 -1 -5 -4 -4 -5 -5  7 -1 -1 -5 -3 -3    1   2   4   3   0   0   3   8   1   0   1   0   0   0  61   5   4   0   1   2  1.52 0.73
  364 S   -1 -2 -3 -2 -5 -2 -3 -3 -4 -5 -5 -4  0 -3 -3  6 -2 -6 -2 -4    4   2   0   1   0   1   1   1   0   0   0   0   3   1   1  80   1   0   1   1  1.60 0.91
  365 M   -2 -3 -3 -3 -4 -2  0 -1 -4  1 -2 -4  8 -4 -2  0  1 -5 -4  0    2   1   1   1   0   1   7   4   0   7   2   0  49   0   2   8   9   0   0   5  1.15 0.69
  366 G    1 -3 -3 -4 -2 -1 -2  6 -2 -5 -5 -2 -4 -2  0  0 -2 -5 -5 -5   12   1   0   0   1   3   2  61   1   0   0   2   0   2   4   7   3   0   0   0  1.12 0.58
  367 S   -3 -1 -2 -4 -5 -4 -2 -3 -4 -6 -6 -4 -5 -3 -2  7 -1 -6 -5 -5    0   3   1   0   0   0   3   1   0   0   0   0   0   1   2  85   3   0   0   0  1.80 0.95
  368 S    0 -2 -3 -1 -4 -4 -1 -2 -4 -5 -5 -4 -5 -1 -4  6 -2 -6 -5 -3    5   2   0   3   0   0   4   2   0   0   0   0   0   3   0  79   0   0   0   2  1.57 0.86
  369 F   -2 -3 -5 -3 -5 -5 -5 -6 -4 -4 -1 -5 -3  8 -2 -3 -1  1  2 -4    4   2   0   2   0   0   0   0   0   0   5   0   0  72   3   1   4   1   5   0  1.88 0.80
  370 S   -2 -4 -2 -2 -5 -2 -4 -4 -1 -6 -6 -4 -5 -6 -1  7 -1 -6 -5 -3    2   0   1   2   0   2   0   0   2   0   0   0   0   0   3  83   2   0   0   2  1.74 0.91
  371 D   -3 -5 -2  8 -6 -1 -1 -5 -4 -6 -6 -4 -6 -2 -5 -1 -1 -6 -6 -6    2   0   0  82   0   2   2   0   0   0   0   0   0   2   0   4   3   0   0   0  2.08 0.87
  372 L   -2 -2 -3 -5 -4 -4 -5 -5 -5  3  5 -4  0  0 -1 -4 -2  0 -3 -1    3   2   2   0   0   0   0   0   0  16  61   0   2   4   3   0   2   1   0   2  0.93 0.50
  373 D   -2 -2  0  6 -5 -1  1 -3 -4 -6 -6 -4 -5 -6 -4  4 -3 -7 -6 -6    2   1   4  46   0   2   7   1   0   0   0   0   0   0   0  37   0   0   0   0  1.34 0.71
  374 D   -4 -2 -1  7 -7 -1  1  1 -4 -7 -7 -4 -6 -7  0 -1 -4 -7 -6 -6    1   2   2  68   0   2   7   9   0   0   0   0   0   0   5   3   0   0   0   0  1.64 0.76
  375 A    5 -4 -3 -2 -3 -3 -1 -2 -3 -4 -1 -3 -3 -4  0  2  2 -5 -1 -2   50   0   0   2   0   0   5   2   1   0   6   0   0   0   5  13  12   0   3   1  0.67 0.47
  376 S   -1 -2 -3 -3 -4 -1 -2 -1 -4 -3 -5 -4 -5 -2 -4  6 -2 -6 -5 -5    3   2   0   1   0   2   1   3   0   2   1   0   0   2   0  82   0   0   0   0  1.60 0.83
  377 V   -3 -3 -5 -2 -4 -4 -5 -5 -5  3  2 -4  1  0 -5 -1  0 -5 -3  5    0   1   0   3   0   0   0   0   0  14  15   0   3   4   0   5   5   0   0  50  0.85 0.48
  378 T   -3 -4 -2 -4 -4 -4 -3 -3 -5 -2 -5 -4 -4 -6 -1  4  6 -6 -5 -2    0   0   1   0   0   0   1   2   0   2   0   0   0   0   2  36  53   0   0   2  1.39 0.75
  379 Q    2  0 -1 -1 -5  7 -1 -2 -3 -6 -5 -2 -4 -6 -4  0 -1 -5 -5 -5   20   4   2   2   0  57   3   2   0   0   0   0   0   0   0   7   3   0   0   0  1.31 0.71
  380 S   -1 -5 -3 -4 -5 -4 -4 -1 -5 -6 -6 -4 -5 -6 -5  7  0 -7 -6 -5    3   0   0   0   0   0   0   5   0   0   0   0   0   0   0  89   4   0   0   0  1.97 0.92
  381 A    6 -5 -2 -2 -4 -4 -4 -3 -5 -5 -4 -4 -4 -6 -4 -1 -1 -6 -5 -1   86   0   1   2   0   0   0   0   0   0   1   0   0   0   0   3   3   0   0   3  1.67 0.77
  382 L   -4 -5 -6 -6 -4 -1 -5 -6 -5  0  6 -5  3 -3 -6 -3 -2 -5 -4  0    0   0   0   0   0   4   0   0   0   4  78   0   6   0   0   2   2   0   0   3  1.39 0.62
  383 E   -4  0 -4  0 -7 -2  7 -3 -4 -6 -6 -3 -1 -7 -5 -1 -2 -6 -6 -6    1   4   0   5   0   0  81   1   0   0   0   0   2   0   0   4   3   0   0   0  1.83 0.79
  384 E   -3 -4 -3  3 -6 -2  6 -5 -4 -6 -6 -3 -5 -6  0  3 -3 -6 -5 -5    1   0   0  18   0   0  55   0   0   0   0   0   0   0   4  23   0   0   0   0  1.37 0.65
  385 A    6 -5 -5 -5 -4 -1 -3 -4 -5 -5 -5 -4 -4 -6  0 -2 -4 -6 -4 -2   88   0   0   0   0   3   1   0   0   0   0   0   0   0   5   0   0   0   1   3  1.79 0.76
  386 L   -4 -5 -5 -6 -4 -5 -5 -6 -5  0  5 -5  2  3 -5 -1 -4 -4  2  0    0   0   0   0   0   0   0   0   0   3  65   0   4  12   0   6   0   0   6   4  1.09 0.48
  387 L    3  0 -3 -5 -4 -2 -4 -4 -4 -1  3 -4  6 -3 -5 -3 -2 -5 -4 -2   27   7   1   0   0   1   0   0   0   2  35   0  26   0   0   0   1   0   0   1  0.94 0.48
  388 S   -2 -2 -3 -4 -4 -3 -2 -2 -4 -5 -6 -3 -5 -6 -4  7  0 -6 -5 -5    1   2   0   0   0   0   2   2   0   0   0   0   0   0   0  88   3   0   0   0  1.80 0.74
  389 N   -3  0  6  0 -5 -2 -1 -1  4 -5 -5  2 -4 -5 -4  0  0 -6 -4 -5    1   5  46   5   0   0   2   5  10   0   0  15   0   0   0   6   7   0   0   0  1.01 0.47
  390 M   -3 -5 -1 -5 -4 -2 -5 -4 -5  3  0 -4  7  2  0 -4 -2 -4 -3  2    1   0   4   0   0   1   0   1   0  18   6   0  41   9   6   0   1   0   0  11  1.07 0.49
  391 Q    0  3  2 -3 -5  5 -1 -1  0 -2 -3  0 -3  0 -1 -3 -3 -5 -4 -4    6  16  12   0   0  38   3   5   2   2   3   5   0   4   3   0   0   0   0   0  0.71 0.41
  392 H    2  0  2  1 -3  1 -2  2  5 -4 -4  0 -3 -4 -3  0  0 -4 -1 -3   18   5   9   7   0   6   0  19  18   0   0   5   0   0   0   4   6   0   1   0  0.44 0.26
  393 G   -1 -3  0 -3 -5  2 -4  6 -4 -5 -5 -3 -2 -5 -4  0 -2 -5 -5 -5    2   1   4   0   0   9   0  71   0   0   0   0   1   0   0   7   2   0   0   0  1.42 0.52
  394 G    0  1  0 -3 -3 -2 -3  5 -3 -4 -2 -2 -3 -4 -3  2  1 -4 -4 -2    6   9   4   0   0   0   1  47   0   0   3   2   0   0   0  17   7   0   0   2  0.71 0.32
  395 M    0 -1 -2 -1 -2 -1 -2  0 -2  2  0  0  4 -1 -2  0  1 -2 -2  1   10   4   1   4   0   1   1   6   1  12   5   5  17   2   1   8  11   0   1  11  0.15 0.13
  396 A    3 -3 -2 -3 -2 -2 -2  3 -3  0 -1 -2  2 -1  1  0  1 -3 -1 -1   31   1   1   1   0   1   1  22   0   5   4   1   7   2   6   6   9   0   1   2  0.35 0.21
  397 S   -2 -1 -2 -3 -4 -1 -3  0 -3 -5 -4 -3 -4 -2 -2  6 -1 -5 -2 -4    0   3   0   0   0   3   0   5   0   0   2   0   0   1   2  78   3   0   1   0  1.33 0.59
  398 R   -2  7 -3 -4 -5 -2 -3 -1 -3 -3 -2  1 -1 -5 -4 -1 -3 -5 -3 -4    3  72   0   0   0   0   0   4   0   2   5   5   1   0   0   4   1   0   1   0  1.46 0.55
  399 M   -2 -1 -4 -4 -3 -3 -4 -4 -4  0  2 -3  7  3 -4  0 -2 -3 -2  1    2   3   0   0   0   0   0   1   0   3  20   0  39  13   0   7   1   0   0   7  0.87 0.40
  400 S   -1 -4 -2 -3 -4 -3 -3  1 -4 -4 -5 -3 -4 -5 -4  6 -1 -5 -4 -3    3   0   0   0   0   0   0  10   0   1   0   0   0   0   0  81   1   0   0   1  1.50 0.62
  401 T    1  0  0 -2 -3 -2 -2  0 -1 -1 -2 -2  0 -3 -3  2  4 -4 -3 -1   12   6   3   1   0   0   0   7   1   4   2   0   3   0   0  20  36   0   0   2  0.44 0.27
  402 I    0 -4 -5 -5 -3 -4 -3 -5 -4  5  3 -4  0  3 -4 -3 -2 -3 -2  0    9   0   0   0   0   0   1   0   0  41  27   0   1  15   0   1   2   0   0   3  0.76 0.34
  403 S    1  0  0 -3 -3 -1 -2  2 -3 -4 -4 -2 -2 -4 -3  4  2 -5 -4 -3   13   6   3   0   0   2   0  15   0   0   0   0   1   0   0  47  12   0   0   0  0.70 0.36
  404 H   -2  2  2  0 -4  6  0 -1  1 -5 -4 -1 -3 -2 -1  1 -2 -4 -3 -4    2  11   9   5   0  47   2   5   4   0   0   0   0   2   2   9   0   0   0   0  0.80 0.38
  405 A    4  2 -2 -3 -2 -1 -1 -2 -3 -2 -3 -2 -1 -1 -1  2 -1 -4 -3  0   46  15   0   0   0   2   2   1   0   2   1   0   1   3   2  16   2   0   0   7  0.49 0.27
  406 L   -2 -2 -3 -4 -3 -3 -3 -4  1  0  3 -3  1  4 -1  0 -1  2 -1  0    2   2   0   0   0   0   0   0   4   4  33   0   2  24   4   9   4   3   0   7  0.41 0.23
  407 R   -2  6 -1 -4 -5 -2 -3  1 -3 -1 -3  1 -4 -5  1 -2 -3 -5 -4 -4    1  66   2   0   0   0   0  12   0   4   2   4   0   0   7   2   0   0   0   0  1.18 0.46
  408 S    0 -1  0 -1 -4 -3 -3 -1 -3 -5 -5 -2 -4 -5 -1  6 -1 -5 -1 -4    3   3   4   2   0   0   0   4   0   0   0   1   0   0   2  77   1   0   2   0  1.18 0.51
  409 R   -4  7 -1 -4 -6 -1 -2 -3 -1 -5 -5  3 -2 -5 -4 -2 -3 -5 -2 -5    0  76   2   0   0   1   0   1   1   0   0  15   1   0   0   1   0   0   2   0  1.65 0.53
  410 Y   -4 -4 -4 -1 -5 -4 -4 -3  2 -3 -3 -4  0  3 -3 -4 -4 -1  8 -1    0   0   0   4   0   0   0   2   4   0   0   0   2  12   1   0   0   0  72   3  1.77 0.49
  411 L   -3 -4 -5 -5 -3 -4 -4 -5 -4  1  4 -4  1  3 -4 -4 -3 -3 -1  2    0   0   0   0   0   0   0   0   0   5  64   0   1  16   0   0   0   0   0  13  0.88 0.29
  412 Q   -1  1  4  3 -3  2  0 -2 -1 -4 -4  0 -2 -4 -2  2 -1 -4 -3 -3    0  10  29  24   0  16   0   0   0   0   0   0   0   0   0  21   0   0   0   0  0.52 0.12

                      K         Lambda
Standard Ungapped    0.1245     0.3095
Standard Gapped      0.0410     0.2670
PSI Ungapped         0.1134     0.3174
PSI Gapped           0.0347     0.2670
