
Last position-specific scoring matrix computed, weighted observed percentages rounded down, information per position, and relative weight of gapless real matches to pseudocounts
           A  R  N  D  C  Q  E  G  H  I  L  K  M  F  P  S  T  W  Y  V   A   R   N   D   C   Q   E   G   H   I   L   K   M   F   P   S   T   W   Y   V
    1 M   -3 -4 -5 -5 -3 -3 -4 -5 -4  3  2 -4  9 -2 -5 -4 -3 -4 -3  0    0   0   0   0   0   0   0   0   0  16  14   0  68   0   0   0   0   0   0   3  1.48 0.43
    2 Y   -3  3 -5 -6 -5 -2 -5 -6 -2 -1 -4 -4 -4  4 -4 -4 -4  4  8 -2    1  18   0   0   0   1   0   0   0   4   0   0   0  15   1   1   0   6  51   2  1.50 0.55
    3 R   -2  3 -3 -1 -5  3  2  3 -3 -3 -4  1 -4 -3 -3  0 -3 -4  3 -5    2  20   0   3   0  13  12  23   0   1   1   7   0   1   1   5   0   0  11   0  0.55 0.36
    4 F   -5 -6 -5 -7 -6 -4 -6 -2  0 -3  1 -6  0  5 -7 -3 -4  9  5 -1    0   0   1   0   0   1   0   3   2   1  11   0   3  21   0   2   1  30  21   4  1.66 0.69
    5 L   -1 -2 -3 -5 -4 -3 -2 -2 -3  1  3 -3  2  2 -5 -1  1  5 -2  1    5   3   1   0   0   1   2   3   1   6  29   1   5  10   0   6   8   9   0  11  0.42 0.29
    6 G   -2 -3 -1  2 -4 -2  0  3 -1 -3 -1 -1 -2 -1 -3  1 -3  7  0  0    2   1   2  13   0   1   5  21   1   1   8   3   1   2   1  12   1  14   3   8  0.46 0.32
    7 L   -2  1 -1  3 -2 -1 -2  0 -3 -2 -2  2 -1 -1 -3  2 -2  4 -2 -1    2   8   2  16   1   2   1   8   0   2   4  17   2   3   1  17   1   7   1   5  0.30 0.27
    8 G   -1  1 -1  2 -4  0  1  0 -1 -2 -2  2 -1 -4  2  1  1 -5 -2 -2    3   9   2  10   0   4   9   6   1   2   3  15   1   0  10  13   7   0   1   3  0.24 0.21
    9 T    0  0 -1  0 -4 -1  2 -3 -3 -3  0  3  0 -3 -1  2  2 -5 -4 -3    8   5   1   6   0   1  16   1   0   0  11  17   3   1   3  15  11   0   0   1  0.30 0.29
   10 H   -1  0  0  0 -4  1  1 -2  3 -2 -1 -1  0 -2  3  0  3 -1 -3 -2    4   5   5   5   0   5   8   2   8   2   5   3   2   2  16   4  19   1   0   3  0.30 0.26
   11 P   -2 -2  2 -3 -3 -2 -2 -4 -3 -4 -5  0 -2  1  6  1  1 -3 -1 -3    3   2  11   1   0   2   2   0   0   1   1   5   1   7  39   9  11   0   3   2  0.86 0.50
   12 N   -4 -3  5  3 -3 -1  0 -3  1 -4 -4 -4 -5  5  0  0 -2 -3 -1 -4    1   1  27  19   1   2   5   2   3   1   1   0   0  21   5   7   2   0   2   1  0.81 0.49
   13 D   -2  0  1  4 -5  0  1 -2 -3 -4 -2  1 -2  1 -3  3  1 -5 -2 -4    1   4   7  21   0   5   8   2   0   1   4   9   1   6   1  23   7   0   1   0  0.43 0.34
   14 D   -1 -1  0  2  3 -1  1 -2 -1 -3 -5  2 -3 -3 -1  2  2 -5 -2 -3    4   3   5  11   8   2   7   3   2   2   0  16   1   1   2  19  15   0   1   1  0.39 0.32
   15 Q   -2 -1  2  3 -5  0  4 -3  0 -2 -2  1 -3 -5 -1  0  1 -5 -4 -2    3   3   8  16   0   4  26   1   3   2   4   7   1   0   3   7   9   0   0   2  0.44 0.33
   16 N   -1 -3  2  3 -2  1  1 -2  2 -5 -4 -3 -5 -6 -2  4  0 -6 -4 -3    4   1   9  14   1   6   9   3   4   0   1   1   0   0   2  38   5   0   1   2  0.68 0.47
   17 K   -2 -6 -4  1 -7 -4  0 -7 -2 -4 -3 -4 -2 -7  7  1  0 -3 -2 -6    3   0   1   7   0   1   5   0   1   1   2   1   1   0  57  12   5   1   2   0  1.56 0.81
   18 I   -4 -5 -7 -5 -6 -7 -5 -8 -7  6  1 -7 -3 -2 -7 -4 -5 -3 -4  5    1   1   0   1   0   0   1   0   0  47  14   0   0   2   0   1   0   0   0  31  1.56 0.71
   19 H   -5 -3 -7 -8  1 -5 -5 -7  4 -3 -3 -7 -6  2 -8 -4 -3 11  3  0    1   2   0   0   3   1   1   0  10   2   2   0   0   7   0   1   2  53   7   7  2.57 1.06
   20 V   -3 -6 -7 -5  4 -4 -6 -7 -3  3  5 -6  2  1 -7 -6 -5 -6 -3  1    2   0   0   1   7   1   0   0   1  15  54   0   4   5   0   0   0   0   1   8  1.21 0.59
   21 L   -4 -7 -8 -8 -2 -4 -7 -8 -7 -4  6 -7  3 -3 -7 -4 -4 -6 -2 -3    2   0   0   0   1   1   0   0   0   0  84   0   6   1   0   1   1   0   1   1  2.00 0.91
   22 G   -3 -5 -3 -7 -8 -5 -7  7 -4 -8 -7 -7 -4 -8 -7 -5 -7 -8 -8 -8    2   1   2   0   0   1   0  91   0   0   1   0   1   0   0   1   0   0   0   0  2.67 1.13
   23 R   -2  4 -1 -3  0  1  0 -4  1 -2 -2  4 -2 -5 -4 -1  0 -3 -2  2    2  22   3   1   2   6   5   1   3   2   3  23   1   0   1   4   5   0   1  15  0.55 0.39
   24 Q   -3  3 -4 -3  7  1  1 -6  0 -1 -2  1 -1 -1 -4  0  0 -1 -2 -2    2  16   1   1  22   7   9   0   2   3   3  10   2   3   1   7   6   1   1   3  0.67 0.42
   25 Y   -6 -5 -5 -2 -8 -4 -6 -7  2 -7 -7 -6 -4 -1 -6 -3 -5  0 10 -4    1   1   1   3   0   1   1   1   5   0   0   1   0   1   1   2   1   1  79   2  2.94 1.24
   26 D   -1  0  2  2 -1 -1  1 -2  5 -4 -3  1 -3 -4  2  1  0 -5 -2 -4    4   5   8  12   1   3   8   2  16   1   3   8   1   1   9  10   5   0   1   1  0.42 0.29
   27 P    0  1 -2 -2 -2 -2 -3 -1  0 -1 -1  0  0 -1  5  0  0 -2 -2 -1    6   7   2   2   1   2   2   5   2   3   7   5   2   3  31   8   5   1   1   4  0.47 0.27
   28 I    0  0  0 -1 -1 -1  1  0  0  1 -1  1  0 -1  2  0  0 -1 -1  0    7   4   3   2   1   2   9   8   2  10   7   8   2   2  10   8   7   1   2   5  0.06 0.07
   29 K   -1  1  0  0 -2  1  1 -1 -2 -3 -2  1 -1 -3  2  1  1  3 -1 -1    5   7   5   6   1   7   9   4   1   1   4   9   1   1  11   9   7   4   2   4  0.17 0.14
   30 T   -1  0  0  1 -3  1  1 -1 -1 -1 -1  0 -1 -1  2  1  2 -3 -1 -1    4   5   3   9   0   6   8   4   2   3   6   5   1   2  11  12  12   0   2   5  0.15 0.13
   31 Q    0  1  0  1 -2  2  1 -1  0 -2 -1  0  0 -1  2  1 -1 -3 -2 -1    8   7   3   6   1   8  11   5   2   2   7   4   2   3  10  10   4   0   1   5  0.12 0.11
   32 E   -1  0  0  3 -2  1  3 -1  0 -2 -2  0 -2 -1  1  1 -1  0 -2 -2    3   5   4  16   1   7  17   6   3   2   3   6   1   2   7   9   3   1   1   2  0.24 0.17
   33 T    0 -1  1  0 -2 -1  0  0  0 -2 -1  0 -1 -1  2  2  2  0 -1 -1    6   3   7   5   1   2   5   7   2   2   7   5   1   2  10  15  13   1   2   5  0.13 0.12
   34 E   -1  0  0  1 -2  0  2 -1  1 -2 -2  0 -1 -1  1  2  0 -3 -1 -1    5   5   5   8   1   4  13   4   4   2   4   5   1   2   8  17   6   0   2   4  0.17 0.14
   35 G    0  0  0  0 -1  0  0  3 -1 -1 -1 -1 -2 -2  1  1  0 -1 -1 -2    9   4   3   6   1   3   6  22   2   4   7   3   1   1   6  10   7   1   2   3  0.13 0.10
   36 K    0  1  0  1 -3  1  2 -1  0 -2 -2  2 -1 -2  0  1  0 -3 -2 -1    7   6   3   8   0   6  14   5   2   2   4  14   2   2   4  10   6   0   1   4  0.15 0.12
   37 D    1 -1  0  2 -1  0  1 -1 -1 -1 -2 -1 -2 -1  1  2  1 -3 -1 -1   10   3   4  12   1   4  10   4   1   3   4   2   0   3   8  15   7   0   2   4  0.15 0.13
   38 L    0 -1  0  0  0  0  0  0  0  0  0 -1  0  0  1  0  0  3  0  0    7   2   5   5   2   4   6   6   2   6  10   2   2   5   8   8   6   4   3   5  0.04 0.04
   39 D   -1 -2  0  3 -2  0  2 -1  0 -1 -2 -1 -1 -1  2  1  0 -2 -2 -2    4   2   5  21   1   4  12   5   3   4   5   3   1   3  10   9   6   1   1   3  0.24 0.16
   40 L    0  0 -1  0  0  0  0 -1 -1  0  0  0  0  0  2  0  0 -1  0  0    6   5   2   7   2   4   6   4   2   7  11   3   2   4  10   9   6   1   3   6  0.05 0.04
   41 N    0  0  1  1 -1  0  0  0 -1 -1 -1  0 -1 -1  1  1  1 -2 -1 -1    6   5   9   8   2   4   5   8   2   3   7   6   2   3   8   9   8   0   2   5  0.07 0.05
   42 S    0 -1  0  0 -1  0  0  1  0 -2 -1  0 -1 -1  0  2  1 -3 -1 -1    7   3   5   5   1   5   6  12   2   2   5   6   1   2   4  21   8   0   2   4  0.13 0.11
   43 R    0  1  0  0 -1  0  0  0  1 -1 -1  0 -1  0  1  1  0 -2 -1 -1    9   8   4   6   1   4   6   7   4   2   6   6   2   4   6  12   6   0   2   5  0.06 0.05
   44 F    0 -1 -1  0 -1 -1  0 -1 -1  0  0 -1  0  2  1  0  0 -1  1  0    7   4   3   6   1   3   4   5   2   6   7   4   2  14   6   6   8   1   4   8  0.04 0.05
   45 Q    0  1  1  0 -1  1  1  0  0 -1 -1  1 -1 -1  0  1  0 -1  0 -1    6   9   7   5   1   6  10   7   3   3   5   7   1   2   5  12   4   1   3   4  0.08 0.06
   46 Q    0  0  0  1 -1  1  0  0  1 -1 -1  0 -1 -1  0  1  0  1  0 -1    6   6   5   7   1   7   5   5   4   3   8   7   1   3   4  15   7   2   3   3  0.07 0.07
   47 V    0  0  0  0 -1  0  0  0 -1  0  0 -1  0  0  0  1  1  0 -1  0    9   4   3   4   1   3   7   8   1   6  11   3   3   5   4  10   8   1   2   6  0.02 0.02
   48 L    0  0  0  1 -2  0  0 -1  0  0  1  0  0  0  0  1  0 -2 -1  0    7   4   4   7   1   3   7   4   3   5  15   4   3   3   5  13   6   0   2   5  0.04 0.04
   49 D   -1 -1  1  2 -1  0  1  1  1 -1 -1 -1 -1 -1  0  1  0 -2 -1 -1    4   3   9  12   1   4   8  14   4   3   6   3   2   2   5  10   4   1   2   4  0.11 0.08
   50 S    1  0  1 -1 -1  1  1  0  0 -1 -1  0 -1 -1  1  1  0 -1 -1 -1   11   4   6   3   1   8   8   6   2   2   6   6   1   3   7  13   6   1   2   5  0.08 0.07
   51 I    0 -1  0 -1 -1  0  0 -1  0  0  0 -1  0  0  0  1  0 -1  0  0   10   3   4   3   1   3   5   5   2   7  12   3   3   3   3  12   6   1   4   9  0.02 0.03
   52 K    0  1  0  0 -1  0  1  0  1 -1 -1  1  0 -1  1  1  0 -1  0 -1    6   9   4   3   1   4   8   6   4   5   7   9   2   2   6  10   6   1   3   4  0.06 0.04
   53 D   -1  0  1  3 -2  0  1 -1 -1 -1 -1  0 -1 -2  1  1  0 -1 -1 -2    4   4   7  19   1   5   8   5   1   4   8   4   2   1   8  11   4   1   2   3  0.16 0.11
   54 G    0 -1  0  0 -2 -1 -1  3 -1 -2 -1  0 -1 -1  1  1 -1 -1  0 -1    6   4   4   5   1   2   4  24   1   2   6   7   2   3   9  12   4   1   3   3  0.18 0.12
   55 N   -1  0  2  2 -2  0  1 -1  2 -2 -2  0 -1 -1  2  1  0 -2 -1 -2    4   6   9  12   1   4   7   5   6   2   4   6   1   3   9  11   6   0   2   3  0.15 0.10
   56 K    0  1  0  1  0  1  1  0  0 -1 -1  2 -1 -2  1  0  0 -2 -1 -1    6   8   4   7   2   6  10   7   2   4   7  14   1   1   6   8   5   0   2   3  0.09 0.07
   57 K   -1  0  0  0 -1  1  1  0  1 -2 -2  1 -1  0  1  0  0  1  2 -1    4   4   4   5   1   6  10   7   3   2   4   9   2   4   8   7   7   2   8   4  0.09 0.07
   58 S    1 -1  0  0 -1  0  0  0 -1 -1 -1  0 -2 -2  1  2  1 -2 -1  0   11   3   5   6   1   3   4   8   1   4   6   4   1   1   6  16  11   0   2   5  0.09 0.08
   59 T    0  1  1 -1 -2  1  0 -1 -1 -1 -1 -1 -1 -1  2  1  1 -2 -2 -1    8   8   7   3   0   7   7   4   2   4   7   3   1   2  11  13   8   0   1   4  0.12 0.10
   60 T    0  0  1  1 -2  1  1  1  0 -1  0  0 -1 -2  0  0  1 -2 -1 -1    7   4   5   9   0   6   7  11   3   3  10   5   2   1   5   8   9   0   1   3  0.07 0.05
   61 Y    0 -2 -1  1 -2 -1  1 -1  2 -1 -1 -2 -2  0  1  0 -1  7  2 -2    7   2   3   7   1   2  10   4   4   4   6   2   1   4   6   6   3  18   7   3  0.41 0.20
   62 S   -1  0  0  0 -3  0 -1 -2  0  0 -1  0 -1 -1  5  0 -1 -3  0 -1    4   4   4   5   0   3   3   2   2   7   5   6   2   2  29   9   4   0   4   4  0.37 0.19
   63 Q    0  0 -1  2 -2  2  3 -3 -1 -3 -3  1 -2 -4  1  0 -2 -2 -2 -2    9   5   2  10   1   9  25   1   1   2   3   9   1   1   7   6   2   1   1   3  0.34 0.22
   64 S    2  1  0  2 -3  2  3 -1 -1 -3 -2  0 -1 -3 -2  0 -1 -2 -2 -2   17   9   3  13   1   8  19   3   1   1   3   5   2   1   1   6   3   1   1   3  0.28 0.20
   65 F   -3 -3 -5 -5 -5 -5 -4 -5 -4  1  0 -5 -1  8 -5 -4 -4  0  0 -1    2   1   0   1   0   0   1   1   0   8   8   1   1  66   1   1   1   1   1   4  1.73 0.63
   66 I   -2  2 -2 -3 -2  0 -1 -3  0  1  2  1  2  0 -3 -2 -2 -3  3 -1    3  14   1   1   1   4   5   1   2   6  27   9   4   4   0   1   1   0  10   4  0.28 0.21
   67 D    0  2  0  2 -2  1  2 -2  2 -2 -1  1  0 -3 -2  1 -1 -3 -1 -2    9  14   3  11   1   6  13   2   5   2   6   8   3   0   1  10   2   0   2   1  0.20 0.16
   68 D   -1 -2 -2  7 -2 -3  0 -4  2 -3 -3 -3 -3 -1 -4 -2 -3 -5 -1 -2    7   2   1  59   1   1   6   1   5   1   3   1   1   3   0   3   2   0   2   3  1.21 0.53
   69 V   -2 -4 -4 -6 -3 -5 -4 -4 -2  1 -1 -4  0  7 -6 -3 -4  2  2  2    3   1   1   0   1   0   1   1   1   8   6   1   2  49   0   2   0   3   6  14  1.17 0.51
   70 Y    0  2 -1 -2 -1  3  1 -1  1 -2 -2  0 -1 -2 -3  2  1 -2  2 -2    7  10   1   1   1  16   7   4   4   3   2   6   2   1   0  14   8   0   9   3  0.25 0.22
   71 S   -1 -1  0 -2 -5 -2 -3 -3 -2 -6 -6 -3 -5 -6 -5  6  3 -6 -5 -5    4   4   3   2   0   1   1   1   1   0   0   1   0   0   0  66  15   0   0   0  1.39 0.69
   72 K   -4  6 -4 -5  0  1 -4 -6 -3  0  2  1 -2 -2 -4 -4 -2 -6 -3 -2    1  49   1   0   2   6   0   0   0   6  20   7   0   2   1   1   2   0   1   2  1.07 0.53
   73 I   -3 -5 -5 -5 -2 -3 -4 -5 -5  5  2 -4  0  2  0 -3 -2 -1 -2  3    1   0   0   0   1   1   1   0   0  36  20   0   2   9   4   2   2   1   1  18  0.78 0.36
   74 W   -4 -4 -3 -7 -2 -4 -6 -4 -2 -4 -1 -6 -5  0 -7 -5 -4 12  3 -3    1   1   1   0   1   1   0   1   1   1   6   0   0   4   0   1   1  66   9   2  3.09 0.99
   75 L   -3 -5 -6 -6  4 -4 -5 -6 -5  1  3 -5  4  6 -6 -5 -4  0  0 -1    2   0   0   0   9   1   0   0   0   9  25   0   9  35   0   0   0   1   2   4  1.14 0.47
   76 T   -4 -2 -5 -6  0 -3 -5 -6 -2 -6 -6 -5 -5 -6 -3  2  7 -7 -6 -4    1   3   0   0   2   1   0   0   1   0   0   0   0   0   1  12  75   0   0   1  2.02 0.84
   77 Y   -7 -7 -7 -7  2 -6 -7 -7 -4 -6 -6 -7 -6 -3 -7 -7 -6 -4 10 -6    0   0   0   0   3   0   0   0   0   0   0   0   0   0   0   0   0   0  91   0  3.63 1.20
   78 R   -7  8 -3 -7 -1 -2 -6 -8 -1 -8 -8 -2 -7 -8 -8 -7 -7 -8 -7 -4    0  90   1   0   1   1   0   0   1   0   0   2   0   0   0   0   0   0   0   2  2.96 1.19
   79 A   -2  3  1 -2 -1  0 -1 -4  0 -3 -4  4 -3 -4 -5  2  1 -2 -1 -4    3  17   6   2   2   3   3   1   2   1   1  26   1   1   0  18   9   1   2   1  0.60 0.44
   80 G   -3 -2  4  3 -2  1  0  4  2 -7 -5 -1 -6 -6 -6 -1 -3 -6 -3 -5    2   2  22  13   1   6   7  31   5   0   1   3   0   0   0   5   1   0   1   1  0.83 0.50
   81 F   -7 -7 -7 -8  0 -7 -4 -8 -6 -1 -2 -7  1  9 -8 -7 -7  3  3 -3    0   0   0   0   2   0   1   0   0   4   4   0   3  71   0   0   0   3   7   2  2.43 1.01
   82 P    1 -2 -3 -1 -2  1  1 -4 -1 -4 -3 -1 -2 -3  6  0 -1 -7 -3 -2   12   2   1   4   1   5   8   2   1   1   2   4   1   1  38   7   5   0   1   3  0.78 0.54
   83 P    2  0 -2 -3 -1  0 -3 -3 -2 -3 -1 -2 -1 -4  6 -2 -1  0 -1 -2   14   5   2   2   1   5   1   2   1   1   7   2   2   1  41   3   4   1   3   3  0.87 0.56
   84 I   -3 -6 -6 -2 -5 -1 -3 -7 -6  6  3 -6  1 -1 -1 -5 -2 -6 -5 -1    3   0   0   2   0   3   2   0   0  50  24   0   3   3   4   0   3   0   0   2  1.19 0.62
   85 A    0  0 -1 -2  0 -1  0  2 -1  0 -1  0 -1 -4  4  0 -2 -4 -2 -1    7   4   3   2   2   3   5  19   1   7   7   5   1   0  19   7   2   0   2   3  0.28 0.23
   86 R   -1  2  1  2  0 -1 -1  3  0 -2 -2  1 -3 -2  1  0 -1 -4  1 -2    3  11   6  11   2   2   3  21   2   2   4  11   0   2   7   5   3   0   5   2  0.24 0.21
   87 D    0 -2  0  2  0 -1  0 -1  0 -1 -3 -1 -1 -2 -1  3  2  0 -1 -2    7   2   5  10   2   3   6   4   2   4   2   2   2   2   3  28  11   1   2   2  0.27 0.26
   88 K   -1  0  0 -1  0  1  0  0 -1 -1 -2  1 -1 -1  2  1  2  1 -2 -1    3   4   3   2   3   6   7   6   2   4   3  11   1   3  10  13  13   2   1   3  0.16 0.17
   89 D    0  0  2  2  0  1  0  0  1 -1 -1  0  0 -2  0  0  0  0  0 -1    7   4  10  14   2   6   5   7   3   3   8   4   2   1   5   6   6   1   3   4  0.08 0.07
   90 S    0  0  0  0 -2  1  0  0  1  0 -1  0  1  0  1  0  0 -2  1  0    6   6   5   6   0   5   6   6   5   6   6   6   5   5   6   6   6   0   5   6  0.03 0.06
   91 P    1 -2  0  0 -3  0  0 -1  2  0 -1 -1  0 -3  2  2  0  2  0  0   11   0   5   6   0   3   4   4   5   5   4   4   3   0  12  15   4   3   3   8  0.15 0.18
   92 T    0 -1  0  1  0  0  1  0  0  0 -1 -1  0 -1  1  1  0 -3  0  0    9   2   4   7   2   3   8   5   2   6   6   3   3   2   5  16   5   0   4   6  0.06 0.09
   93 F    0 -1 -1 -1  2  0 -1  0  1  0  0 -1  1  0  2  0  0  1 -1 -1    8   3   3   2   5   3   4   6   3   5  11   4   5   4  11   7   7   2   2   3  0.07 0.06
   94 T    0 -1  0 -1 -1  0 -1  1  1  0 -1 -1 -1 -1  0  1  1 -2 -1 -1    8   3   5   3   1   5   3  13   4   6   7   4   2   3   5  15   9   0   2   4  0.07 0.07
   95 L    0  0  0 -1 -2  0  0  0 -1 -1  1  0  0 -1  1  1  0  4 -1 -1    9   4   4   2   1   4   5   6   1   3  16   4   2   3   6  12   4   7   1   5  0.10 0.08
   96 G    0 -1  0 -1 -2  0 -1  2 -1 -1 -1 -1  0 -1  1  2  0  0 -1  0    6   3   5   3   1   4   4  17   1   4   7   4   2   2   8  16   5   1   2   6  0.11 0.08
   97 A    0 -1  0  0  3  0 -1  0 -1 -1 -1  0  2 -1  0  1  1  0 -1  0    8   3   5   4   7   4   3   8   1   3   7   4   7   2   5  12   9   1   2   5  0.08 0.07
   98 L    0  0 -1 -1  0  0 -1  0  0  0  0  0  2  0  1  0  0  0  0  0    6   7   3   3   2   3   4   7   2   5  11   4   8   4   7   9   5   1   3   5  0.03 0.04
   99 L    0  0 -1 -1 -1 -1 -1 -1  0  1  2  0  0  1  0  0  0 -1 -1  0    6   5   3   3   1   3   3   5   2   8  23   5   3   6   6   6   6   1   1   6  0.05 0.04
  100 R    0  3  0 -1 -2  0  0  0  0 -1 -1  1 -1  0  0  0  0  2 -1 -1    6  21   5   3   1   3   4   6   2   3   6   6   1   4   4   8   4   3   2   5  0.13 0.08
  101 G    0  1  0  0 -1  0  0  1 -1 -1 -1  0  0 -1  0  1  0  1 -1  0    6   8   5   5   1   3   4  11   1   4   7   6   2   3   4  14   4   2   2   7  0.05 0.04
  102 Q    0  1  0  0  1  1  0  1  1 -1 -1  0  0  0  0  0  0  2 -1 -1    6   8   5   4   3   9   4  10   4   4   7   4   3   4   4   7   5   4   2   4  0.05 0.03
  103 F    0  0  1 -1 -1  1  0  0  0  0  0  0  1  0  0  0  0  3  0  0    6   4   6   4   1   9   4   6   3   5  10   6   6   3   5   7   4   4   3   5  0.04 0.03
  104 D    0  0  0  0 -1  0  0  0  0  0  0  0  2 -1  1  0  0  1  0  0    6   4   5   6   1   4   5   8   3   4   8   4  10   2   6   8   5   2   3   6  0.03 0.04
  105 F    0  0  0  0 -1  0 -1  0  0  0  1 -1  1  1  1  0  0  0  0  0    6   5   4   4   1   3   4   6   2   8  18   4   3   6   7   5   4   1   2   5  0.02 0.02
  106 N    0  0  1  1 -1  0  1  0  0 -1  0  0  0 -1  1  0  0 -2 -1 -1    9   4   6  10   1   3   8   7   2   3  10   5   4   2   5   8   4   1   2   4  0.05 0.03
  107 E    1  0  0  1 -2  2  1  0  0 -1 -1  0  0 -1  2  0 -1 -2 -1 -1   13   4   5   7   1   9   8   8   3   3   4   3   3   2  12   6   3   0   3   3  0.13 0.08
  108 I    0  0  1  0 -1  1 -1  0  1 -1 -1  0 -1 -1 -1  1  3 -2  1 -1    9   4   6   4   1   7   4   6   3   3   4   6   1   2   2  10  19   0   5   4  0.11 0.10
  109 G    0 -1  1  0  0  0 -1  3  0 -2 -2 -1 -1  2 -1  0  0 -2  0 -2    7   2   6   4   2   4   4  30   2   3   4   3   2   9   3   5   5   0   2   3  0.22 0.13
  110 F   -1 -2 -3 -3 -1 -2 -3 -3  1  1  2 -3  0  3  2 -1 -1  3  3 -1    4   2   1   1   1   2   1   1   3  10  26   1   2  13   9   5   3   4   9   3  0.32 0.19
  111 T   -2 -2  0 -2 -1  1 -1  0 -1 -2 -2  0  0 -2 -1  1  5 -4 -2 -1    2   2   3   2   1   6   2   6   2   2   4   5   2   1   3   9  45   0   1   3  0.48 0.31
  112 S   -1  3  0 -1  1  0 -2 -1  0 -3 -2 -1 -3 -4 -3  4  3 -4 -3 -3    3  16   3   2   3   2   1   3   3   0   3   3   0   0   0  38  18   0   0   1  0.48 0.28
  113 D   -3 -3 -1  7 -4 -2  1 -3  3 -4 -5 -2 -4 -4 -3  0 -3 -5 -4 -4    1   0   0  69   0   0   8   1   7   0   1   1   0   0   0   8   1   0   0   1  1.38 0.45
  114 A    0 -1 -1 -3  3 -1 -3 -1  0  0 -1  0  1  0 -3  0  1  5  0  2    9   3   3   0   7   3   0   5   3   3   6   6   4   3   0   5  12  10   3  15  0.21 0.18
  115 G    0  0  1 -3  2 -3 -4  5  2 -4 -4 -3 -4  0 -4  0  0 -4  1 -4    6   6   6   0   5   0   0  47   5   0   1   0   0   5   0   5   7   0   5   0  0.75 0.38
  116 W   -5 -3 -5 -6 -5 -4 -5 -5 -5 -5 -2 -5 -4  0 -1 -5 -5 12 -1 -5    1   1   0   0   0   0   1   1   0   0   3   0   0   4   3   1   0  82   0   1  3.43 0.76
  117 G   -2 -3 -2 -3 -4 -3 -3  6 -3 -4 -4  0 -4 -4  1 -1 -3 -4 -4 -4    1   1   0   1   0   0   1  74   0   1   1   6   0   0   8   4   1   0   0   1  1.30 0.39
  118 C   -2 -4 -3 -1  9 -3 -2 -2 -3  0 -3 -4 -3 -3 -4 -1 -2 -3  2 -1    1   1   1   4  60   1   3   3   0   5   1   1   0   0   1   4   1   0   9   5  1.53 0.45
  119 M    0 -2 -3 -4  1 -2 -3 -3 -3 -1  0 -3  8 -2 -3  0  0  5 -1  0    7   2   0   1   3   0   1   1   0   1   4   1  49   0   1   8   6   8   2   4  0.88 0.40
  120 I   -2 -1 -3 -3 -2 -2 -3 -4  2  3  3 -1  1  0 -3 -3 -2 -3  0  1    2   4   0   1   0   0   1   1   7  23  38   5   2   2   1   1   1   0   4   8  0.39 0.21
  121 R   -3  7 -3 -4 -5 -1 -2 -4 -3 -5 -4  1 -3 -5  1 -3 -3 -4 -4 -4    1  79   0   0   0   0   1   1   0   0   1   5   0   0   8   1   1   0   0   1  1.66 0.54
  122 T    1 -3 -2  0  4 -2 -2  0 -3 -2 -2 -2 -2 -3  1  3  3 -4 -3  0    9   0   0   4  11   0   0   6   0   0   3   0   0   0   6  31  20   0   0   6  0.43 0.26
  123 S    1 -1 -2 -3  0 -2 -3  4 -3  0 -1 -2 -1 -2 -3  1  0 -3  0 -1   11   4   0   0   2   1   0  39   0   7   7   0   2   1   0  10   6   0   3   4  0.36 0.22
  124 Q   -2 -2 -3  0 -5  8 -1 -2 -2 -2 -4 -2 -3 -5 -4  1 -3 -4 -4 -2    3   0   0   4   0  72   0   4   0   3   1   0   0   0   0   9   0   0   0   3  1.46 0.65
  125 S   -2 -3  2 -4  0 -1 -4 -2 -3 -1  0 -3  8  0  0  1 -2 -4 -3 -2    2   0   9   0   2   3   0   3   0   2   4   0  52   4   5  11   2   0   0   0  1.03 0.56
  126 L   -1 -3 -4 -4 -3 -3  0 -1 -4  2  3 -3  6  0 -4 -2 -2 -3 -3  1    5   0   0   0   0   0   6   6   0  11  31   0  23   3   0   3   0   0   0   8  0.52 0.32
  127 L   -1 -1 -3 -1  0 -3 -3 -4 -3  1  3 -3  3  1 -1 -3  0  2  2  0    4   3   0   4   3   0   0   0   0   8  40   0   9   6   3   0   5   2   7   5  0.38 0.28
  128 A    4 -3 -3 -1  1 -1 -1  1 -3 -1 -1 -2  0 -1  0  0  0 -3 -1 -1   45   0   0   4   3   3   4  10   0   3   4   0   3   3   3   6   4   0   2   3  0.36 0.31
  129 N    0  0  1  0  2  1  0  0  2 -2 -1  0 -1  1 -2  0  0 -2  1 -1    6   6   6   6   6   6   6   6   6   0   6   6   0   6   0   6   6   0   6   6  0.06 0.10
  130 A    5 -5 -5 -3  2 -2 -5  1 -5 -3 -2 -3 -1 -2 -2  0  0  0 -2 -1   52   0   0   2   3   2   0   9   0   1   4   1   1   2   3   5   7   1   2   4  0.84 0.55
  131 L   -3 -6 -6 -6 -1 -1 -6 -4 -1  1  5 -6  1  3 -2 -3 -5  0  1 -1    2   0   0   0   2   3   0   2   2   8  52   0   3  12   3   2   0   1   4   3  0.97 0.54
  132 L   -1  0 -4 -2  1  1 -2 -3  0  2  2 -1  1 -1 -1 -1  0  1 -1  2    5   6   0   2   3   6   2   2   2  13  17   3   4   2   3   3   4   2   2  16  0.18 0.18
  133 F   -1  3 -1 -1  3  0 -2 -2  2  1  0 -1  1  0 -1 -1  0  2  0  1    5  14   3   4   5   5   3   3   5   8   7   4   4   5   3   4   5   3   3   9  0.16 0.12
  134 L   -1  0  0 -2  2  0  0 -1  2  0 -1  0  1  0  0  0  0  3  1  0    5   5   5   0   5   5   5   5   5   5   5   5   5   5   5   5   5   5   5   5  0.07 0.11
  135 H   -1  0  0  0  2  0  0 -1  2  0 -1  0  2  1  0 -1  0  4  1 -1    5   5   5   5   5   5   5   5   5   5   5   5   5   5   5   5   5   5   5   5  0.09 0.08
  136 L    0  0  0  0  2  0  0 -1  1  0 -1  0  1  0  0  0  0 -2  1  0    5   5   5   5   5   5   5   5   5   5   5   5   5   5   5   5   5   0   5   5  0.03 0.05
  137 G   -2 -1  1  0  0  1 -1  3  1 -1 -2 -1  0 -1  1 -1 -1  1  0 -3    3   4   6   6   2   5   5  24   4   4   5   5   2   3   7   6   4   2   3   2  0.24 0.20
  138 R   -1  5  0  1  1 -1 -1 -2  0 -2 -2  0  1  0  0 -2 -1  2 -1 -2    5  28   4   6   3   3   5   4   3   3   4   5   3   4   5   4   5   3   3   3  0.40 0.30
  139 D   -1  0  0  0  2  0  0 -1  2  0 -1  0  2  1  0 -1  0  4  1 -1    5   5   5   5   5   5   5   5   5   5   5   5   5   5   5   5   5   5   5   5  0.09 0.08
  140 W   -2  0 -1 -1  0  0 -1 -2  1 -3 -2 -2  0  1 -1 -2 -2 10  1 -2    4   5   3   4   2   4   4   4   3   2   4   3   2   5   4   4   3  35   4   3  1.25 0.72
  141 V   -2  5  0 -1  1  0 -1 -2  1 -1 -1 -1  1  0  0 -1 -1  2  0 -1    4  27   4   3   3   4   4   4   3   4   6   4   3   3   5   5   4   3   3   4  0.37 0.27
  142 F   -2  0 -1 -1  2 -1  0 -2  1  0 -1 -1  1  2  1 -1 -1  7  1 -1    4   5   3   4   4   3   5   3   4   5   6   4   3   7   7   4   4  14   5   5  0.37 0.27
  143 K   -1  0  0  0  2  0  0 -1  2  0 -1  0  2  1  0 -1  0  4  1 -1    5   5   5   5   5   5   5   5   5   5   5   5   5   5   5   5   5   5   5   5  0.09 0.08
  144 A   -1  0  0  0  2  0  0 -1  2  0 -1  0  2  1  0 -1  0  4  1 -1    5   5   5   5   5   5   5   5   5   5   5   5   5   5   5   5   5   5   5   5  0.09 0.08
  145 K   -1  1  1  0 -6  1  1 -1  2 -1 -2  0  1 -1  0  1  1 -6  0 -2    5   7   8   6   0   7   9   5   5   4   3   5   3   3   5  11   7   0   3   3  0.14 0.15
  146 D   -1  0  0  0  2  0  0 -1  2  0 -1  0  2  1  0 -1  0  4  1 -1    5   5   5   5   5   5   5   5   5   5   5   5   5   5   5   5   5   5   5   5  0.09 0.08
  147 P   -1  0  0  0  2  0  0 -1  2  0 -1  0  2  1  0 -1  0  4  1 -1    5   5   5   5   5   5   5   5   5   5   5   5   5   5   5   5   5   5   5   5  0.09 0.08
  148 A   -1  0  0  0  2  0  0 -1  2  0 -1  0  2  1  0 -1  0  4  1 -1    5   5   5   5   5   5   5   5   5   5   5   5   5   5   5   5   5   5   5   5  0.09 0.08
  149 N    0 -1  2  3 -3 -2  2 -2  1 -3 -3 -2 -1 -3  1  0  0  0  1 -4    7   4  11  14   1   2  14   4   3   2   3   3   2   1   7   8   7   1   4   1  0.29 0.23
  150 V    1  1 -1  1 -2  1  2 -2 -1  0 -1  0 -1 -1  0 -1  0 -1 -2 -1   12   6   3   9   1   6  12   3   1   6   8   5   2   2   6   5   5   1   1   5  0.09 0.10
  151 E   -1  1  0  1 -1  1  2 -2 -1  1 -1  1  0  1 -2 -1  1  0 -1 -1    4   7   5   7   1   5  14   3   2   8   6   8   2   5   2   4   9   1   2   4  0.12 0.11
  152 H   -3  1 -3  0 -2 -2 -1 -3  5 -1 -2 -1 -2 -1 -1 -2 -1 -4  7 -3    3   6   1   6   1   2   5   2  14   3   5   3   1   2   3   3   3   0  34   2  0.88 0.53
  153 D    0  2  0  0  0  0  1 -1 -1  0  0  0  0 -1 -2 -1  0  1 -1 -1    7  14   4   6   2   4  11   4   2   5  12   6   2   3   1   4   4   2   2   5  0.08 0.10
  154 R   -1  3  1  0 -1  2  1 -3  0 -2 -2  2 -1  0 -2  0  0 -4 -1 -2    6  16   6   4   2  10   8   2   2   2   4  13   2   5   2   7   6   0   2   2  0.23 0.22
  155 I   -2 -1 -3 -3 -1 -3 -2 -4 -5  6  2 -2  1 -1 -2 -5 -2 -5 -2  2    3   3   2   2   1   1   3   2   0  38  17   2   4   2   3   0   3   0   1  14  0.76 0.44
  156 I   -2 -2 -1 -2  1  0 -2 -2 -5  3  3 -1  1  0 -2 -2 -2 -5 -2  1    3   2   3   2   3   4   3   3   0  14  33   4   3   4   2   3   2   0   1  10  0.36 0.27
  157 S    0  2  1 -1 -1  2  0 -2  2 -2 -2  1  1  0 -2  2  1  0 -3 -3    9  11   6   3   1   9   5   3   4   2   3   8   3   4   2  14   7   1   0   2  0.19 0.22
  158 W   -1 -2 -2  0  1 -1 -3 -3 -1  1  2 -2  3  0  0 -2 -1  8  0 -3    5   2   2   6   3   3   2   3   2   6  17   3   7   3   6   3   4  17   4   2  0.60 0.37
  159 F   -3 -2 -2 -2  0 -1 -3 -3 -7  0 -2 -7  0  8 -2 -2 -3  1 -1 -3    3   2   2   3   2   3   2   2   0   4   4   0   2  55   3   3   2   2   2   2  1.59 0.78
  160 V   -1  0  0  0  2  0  0 -1  2  0 -1  0  2  1  0 -1  0  4  1 -1    5   5   5   5   5   5   5   5   5   5   5   5   5   5   5   5   5   5   5   5  0.09 0.08
  161 D   -7 -3 -1  8 -1 -2 -1 -4 -6 -7 -4 -2 -7 -7 -3 -3 -3 -8 -2 -7    0   2   3  74   2   2   3   2   0   0   2   2   0   0   2   2   2   0   1   0  2.11 1.04
  162 I   -2  1  1  2  0  0  0 -3  3 -2 -1  1 -1 -1 -1  2  1 -4  1 -2    2   7   5  13   2   4   6   2   7   2   7   7   1   2   3  13   9   0   5   3  0.19 0.20
  163 P   -2  0 -1 -1  0 -1  0 -2  0  0 -2  1  0 -1  5 -2 -1  1 -1 -2    3   6   3   3   2   3   6   3   3   5   4   8   2   3  34   4   3   2   2   3  0.57 0.42
  164 D   -1  0  1  2  0  1  1  0  1 -1 -2  0  0 -1 -1  1  1 -3  0 -1    5   4   6  11   3   6  11   6   4   4   3   5   3   3   3  11   8   0   3   3  0.10 0.13
  165 E    0  0  0  0  2  1  0  0  2 -2 -1  0  1  0  0  0  0 -2  1 -1    6   6   5   6   5   5   6   6   5   0   6   6   5   5   6   6   6   0   5   6  0.05 0.09
  166 P   -1 -1 -1 -1  1  0 -1 -2  1 -1 -1 -1  0 -1  5 -1 -1 -4  1 -1    6   3   3   3   3   3   4   3   4   3   6   3   3   3  31   5   5   0   6   4  0.46 0.36
  167 F   -2 -5 -5 -2  1 -5 -5 -2 -4 -1  0 -2 -4  6 -6 -5 -2  3  6 -2    3   0   0   3   3   0   0   3   0   3  10   3   0  30   0   0   3   3  30   3  1.12 0.58
  168 S    0 -2 -2 -1  3  0 -2  2 -3 -3 -2  0 -2 -3  0  3  1 -4 -3 -1    4   0   0   3   8   3   0  17   0   0   4   6   0   0   4  33  11   0   0   4  0.36 0.29
  169 I   -1  0  1 -1 -2 -2 -2 -3 -3  2  2 -2  2  0  0  0  0 -3 -2  1    4   5   9   4   0   0   0   0   0  19  26   0   6   3   6   6   4   0   0   6  0.19 0.19
  170 H   -1  1 -1  0  0  1  1 -1  6 -1  0 -1  0 -2  0  0 -1 -3  0 -1    2   8   2   4   2   5   9   5  25   3  12   0   2   0   5   7   2   0   2   3  0.28 0.23
  171 N   -1  3  2  0 -1  2 -1 -1  3 -2  0  0 -1 -3 -3  1 -1  0 -1 -1    4  16  13   4   1  14   2   3   7   2   9   4   1   0   0   9   2   1   2   4  0.21 0.19
  172 F    0 -2 -2 -2 -2 -2 -2 -2 -1  1  1 -2  2  2  2  0 -1 -1  2  1   11   1   0   1   0   0   1   1   0  11  11   1  10  10  11  11   1   0  10  11  0.15 0.09
  173 V    2 -3 -3 -3  3 -3 -1 -1  1  0  0 -3  2 -1 -3 -1  0 -3  0  3   21   0   0   0   6   0   5   3   4   5   5   0   7   3   0   4   5   0   3  27  0.28 0.25
  174 Q    0  1  0  0 -1  2  1  0  1 -1  0  1  0 -1  0  0  0  0  0 -1    5  10   3   4   2  10  12   6   3   2   9   6   2   2   5   5   7   2   3   3  0.08 0.08
  175 Q    1  0 -1 -2  0  1  0 -2  1  1  1  0  3 -1 -3 -1  0  1  0  0   11   5   2   2   3   8   5   2   4   7  13   5   8   3   0   4   5   2   4   6  0.10 0.11
  176 G    2 -1 -1 -2 -6 -1 -3  6 -2 -3 -4 -3 -5 -3 -1 -1 -2 -6 -6 -3   15   3   3   3   0   3   1  54   1   2   2   1   0   1   3   4   2   0   0   2  1.03 0.53
  177 I   -1  0  0  0  2  0  0 -1  2  0 -1  0  1  0 -3  0  0  3  1  0    5   5   5   5   5   5   5   5   5   5   5   5   5   5   0   5   5   5   5   5  0.06 0.10
  178 K   -1  1  0 -1  1  1  1 -2 -4 -1 -2  3  1 -1 -1  0  0  2  0 -1    6   8   4   4   3   7  10   4   0   4   4  16   3   3   3   8   5   3   3   4  0.18 0.16
  179 C   -1  0  0  0  2  0  0 -1  2  0 -1  0  2  0  0 -1  0  3  1 -1    5   5   5   5   5   5   5   5   5   5   5   5   5   5   5   5   5   5   5   5  0.03 0.09
  180 C   -1 -1 -1 -2  3 -1  1 -2  2 -1  1 -1  1  3 -1  0 -1  2  2 -1    4   3   3   3   7   3   8   4   5   3  13   3   4  12   3   6   3   3   7   4  0.21 0.16
  181 D   -1 -1  1  1 -5  0 -1  5  0 -2 -3  0 -4 -1 -2 -1 -1 -5 -4 -2    3   4   6   9   0   5   4  39   2   3   3   6   0   3   2   4   3   0   0   3  0.49 0.35
  182 K   -2  0  0  0  1 -1  0 -2  1 -1 -1  4  0  0  0 -1 -1 -4 -1  0    3   4   4   6   3   2   5   2   3   3   7  29   3   4   4   3   4   0   2   8  0.23 0.24
  183 K    0  0  0  0  2  0  0 -1  1  0 -1  0  1  0  0  0  0 -2  1  0    5   5   5   5   5   5   5   5   5   5   5   5   5   5   5   5   5   0   5   5  0.03 0.05
  184 P    0 -1 -1 -1  2 -4 -1 -2 -4  2 -2 -4  1 -1  5 -1 -1 -5  0  2    9   3   3   4   4   0   3   4   0  10   4   0   3   3  26   3   3   0   3  12  0.42 0.32
  185 G    0  0  1  1  2 -1  0  0 -2  0 -1  0 -1 -2  1  0  0 -3 -2  0    7   7   7   7   7   0   7   7   0   7   7   7   0   0   7   7   7   0   0   7  0.07 0.08
  186 E   -1  0  1  1  1  2  2 -1  1 -1 -2  0  0  1 -3  1  0 -3  0  0    4   4   6   8   3   9  16   3   3   3   3   3   3   7   0  10   5   0   3   6  0.12 0.15
  187 W   -4  1 -4 -5  3  0 -4 -1  1 -4 -1 -1  2  2 -5 -1 -4  9  2 -4    1   9   0   0   5   4   0   5   4   0   4   4   5   9   0   4   0  36   6   0  1.26 0.54
  188 F   -1 -3  0 -3  1  0 -3 -1  3  0  0 -1  1  5 -4 -1 -1  4  3 -1    3   0   4   0   3   5   0   4   9   4   7   3   3  26   0   5   3   6   9   4  0.37 0.26
  189 G    0 -1  0 -1  1 -1 -2  4 -4 -4 -2  0  0 -4  0  0  1 -4 -4 -3    9   3   3   3   3   3   2  38   0   0   5   5   2   0   5   7   8   0   0   2  0.46 0.33
  190 P   -2 -2 -2 -1 -6 -1 -2 -3 -5 -5 -3 -3 -1 -6  7 -1 -3  0 -6 -2    3   2   2   4   0   3   2   2   0   0   3   2   2   0  61   4   1   1   0   3  1.51 0.80
  191 S    1 -2  2 -1  0  0 -1 -1  1 -1 -3 -3 -2 -2 -1  3  2  2  0 -1   10   1   9   3   2   4   2   5   3   3   2   0   1   1   3  23  14   3   4   4  0.21 0.27
  192 A    1 -1 -1  0 -1  1  1 -2  0  0 -1 -1 -1 -1  0  1  2 -3 -2  0   11   3   2   4   1   8   9   1   2   4   6   3   1   3   3  13  13   0   1   7  0.08 0.15
  193 A    2 -3 -3 -4  2 -3 -3  0 -4  2  0 -2  1 -2 -1 -1  0 -4 -3  3   17   0   0   0   4   0   0   8   0  13   8   3   5   1   2   4   6   0   0  24  0.26 0.27
  194 S    3 -1 -1 -1  5 -3 -3 -1 -4 -1 -1 -2  0  0 -1  1 -1 -4 -1  0   28   3   2   3  15   0   0   3   0   3   6   2   3   3   2  13   3   0   2   6  0.37 0.34
  195 R    0  2  0 -1  2  1 -1  0  3 -1 -2  0  0  0 -1  0 -1  1  1 -1    5  12   3   2   5   9   3   9   9   5   3   6   2   3   2   8   2   2   5   5  0.10 0.14
  196 A    0  0 -2  0  2 -1 -2  0 -2  0  0  0  1 -2  1  0  0  4 -2  0    7   7   0   7   7   0   0   7   0   7   7   7   7   0   7   7   7   7   0   7  0.10 0.13
  197 I   -1  0 -2  0  2  0  0 -1  2  0 -1  0  1  0  0  0  0  3  1  0    5   5   0   5   5   5   5   5   5   5   5   5   5   5   5   5   5   5   5   5  0.06 0.10
  198 K    0  0  0  0  2  1  0  0  1  0 -1  0  1 -2  1  0  0 -3  1  0    6   6   5   6   5   5   6   6   5   6   6   6   5   0   6   6   6   0   5   6  0.04 0.08
  199 N    1  1 -1 -1  1  0  0 -1  2  1 -2  2  0 -1 -1  0 -1  2  1 -1   10   8   3   4   3   4   5   5   5   7   4  12   3   3   3   6   5   2   5   4  0.09 0.09
  200 L    1 -4 -4 -2  3  0 -2 -2  0  1  4 -4  1 -1 -5 -2 -1 -4 -1  0   11   0   0   3   6   4   3   3   2   6  41   0   3   2   0   3   4   0   2   6  0.47 0.35
  201 C    0 -1 -1 -4  2 -1 -2 -2  1  1  0 -2  2  0 -1  0  0  0 -1  2    9   3   2   0   5   3   2   3   3   9   8   2   6   5   3   9   5   1   1  19  0.15 0.17
  202 K    0  0  0  0  2  0  0 -1  1  0 -1  0  1  0  0  0  0 -2  1  0    5   5   5   5   5   5   5   5   5   5   5   5   5   5   5   5   5   0   5   5  0.03 0.05
  203 E    0  0  0  0  1  0  0  0  1 -1 -1  0  0  2 -1  0  0 -2  2 -1    7   6   5   5   3   5   7   5   3   3   4   7   3  10   3   6   4   0   7   3  0.05 0.09
  204 Y    0 -1  0  3  2  0 -1 -2  4 -2 -3 -1 -1  3 -2  0 -1  1  2 -2    7   4   4  16   4   4   4   3  10   2   2   3   2  11   2   8   3   2   7   2  0.27 0.26
  205 P   -1  0  0  1 -1  1  2 -2  0 -2 -2  1 -1 -1  3  0  0 -4 -1 -2    5   6   5   6   2   7  12   3   3   2   3   7   2   3  16   7   5   0   3   3  0.21 0.21
  206 P   -1  0  0  0  2  0  0 -1  2  0 -1  0  2  1  0 -1  0  4  1 -1    5   5   5   5   5   5   5   5   5   5   5   5   5   5   5   5   5   5   5   5  0.09 0.08
  207 C   -1  0  0  0  2  0  0 -1  2  0 -1  0  2  0  0 -1  0  3  1 -1    5   5   5   5   5   5   5   5   5   5   5   5   5   5   5   5   5   5   5   5  0.03 0.09
  208 G   -1  0  1  1  1  0 -1  2  1 -1 -2  1  1 -1  2  0 -1  2 -1 -2    4   5   7   7   3   5   3  14   3   3   3   9   3   3   9   7   4   2   3   3  0.14 0.14
  209 L   -1  0  0  0  2  0  0 -1  2  0 -1  0  2  1  0 -1  0  4  1 -1    5   5   5   5   5   5   5   5   5   5   5   5   5   5   5   5   5   5   5   5  0.09 0.08
  210 R    0  1  0 -1  1  0 -1 -1  1  0  0 -1  0  2  1  0 -1  1  0  0    9   7   4   2   4   3   3   5   3   5  11   4   2   8   7   6   4   2   3   7  0.04 0.05
  211 V    0  0  0  0  2  0  0 -1  1  0 -1  0  1  0  0  0  0 -2  1  0    5   5   5   5   5   5   5   5   5   5   5   5   5   5   5   5   5   0   5   5  0.03 0.05
  212 Y    0  0  0  0  2  0  0 -1  1  0 -1  0  1  0  0  0  0 -2  1  0    5   5   5   5   5   5   5   5   5   5   5   5   5   5   5   5   5   0   5   5  0.03 0.05
  213 F   -1  0  0  0  2  0 -2 -1  2  0 -1  0  1  0  0  0  0  3  1  0    5   5   5   5   5   5   0   5   5   5   5   5   5   5   5   5   5   5   5   5  0.06 0.11
  214 S    1 -1  0 -1  2  0 -1  0  0  0 -1 -1  0  0  0  0  1 -3  0  1   14   3   3   3   4   3   3   6   3   4   5   3   3   5   4   6   9   0   3  15  0.05 0.10
  215 S    1  0  0 -1  2  0 -1  0  0  0 -2 -1  1  0  0  2  0  0 -1  0   13   4   4   3   4   4   3   6   3   6   3   2   5   4   5  15   5   1   2   9  0.07 0.13
  216 D    0  0  0  0  2  1  0  0 -1  0 -1  0  1 -2  1  0  0 -2  1  0    6   6   6   6   6   6   6   6   0   6   6   6   6   0   6   6   6   0   6   6  0.04 0.08
  217 C    0  0  0  0  2  0  0  0  1  0 -1  0  1  0  1  0  0 -3 -1  0    6   6   5   6   5   5   6   6   5   6   6   6   5   5   6   6   6   0   0   6  0.03 0.07
  218 G    0  0  0 -1  1  0  0  1  0  0 -1 -1  0 -1  1  0  0 -3  0 -1    7   4   6   3   3   5   4  14   3   5   6   3   4   3   8   8   6   0   3   4  0.06 0.07
  219 D   -1 -1  0  2  1 -1  0  0 -1  2 -1 -2  0 -2 -1 -1  1 -4 -3  2    3   3   4  13   3   2   6   6   1  11   6   2   2   2   3   3  12   0   0  18  0.16 0.20
  220 V    0  0  0  0  2  0  0 -1  1  0 -1  0  1  0  0  0  0 -2  1  0    5   5   5   5   5   5   5   5   5   5   5   5   5   5   5   5   5   0   5   5  0.03 0.05
  221 Y   -1 -1 -1 -2  2 -1 -2 -2  1  1 -2 -1  0  1 -1 -1 -2  2  6  1    5   3   3   3   4   3   3   4   3   9   5   3   3   5   3   5   3   3  23   8  0.44 0.30
  222 D    0  0  0  0  2  0  0 -1  1  0 -1  0  1  0  0  0  0 -2  1  0    5   5   5   5   5   5   5   5   5   5   5   5   5   5   5   5   5   0   5   5  0.03 0.05
  223 T    0  0  0  0  2  1  0  0  2  0 -1  0 -1 -2  1  0  0 -2  1  0    6   6   6   6   6   6   6   6   6   6   6   6   0   0   6   6   6   0   6   6  0.05 0.08
  224 E   -1 -1 -1  3  0  1  2 -2  1  0 -1  0  0  0 -1  0 -1 -3 -1  0    4   3   2  18   2   6  13   3   4   7   6   5   2   4   3   5   3   0   2   7  0.13 0.16
  225 V   -1 -1 -2 -2  2 -1 -1 -4  0  2  0 -1  0  1 -1 -1 -1 -4 -1  3    5   3   2   2   5   2   3   0   2  14   9   4   3   5   3   4   3   0   2  29  0.25 0.24
  226 R    0  0  0  0  2  0  0 -1  1  0 -1  0  1  0  0  0  0 -2  1  0    5   5   5   5   5   5   5   5   5   5   5   5   5   5   5   5   5   0   5   5  0.03 0.05
  227 E    0  1  0  2  1  1  2 -2  3 -1 -2  1  1 -6 -1  0  0  2 -1 -2    7   7   4  10   3   7  11   4   6   3   4   7   3   0   3   6   5   3   3   3  0.18 0.17
  228 L   -1  0  0  0  2  0  0 -1  2  0 -1  0  2  0  0 -1  0  3  1 -1    5   5   5   5   5   5   5   5   5   5   5   5   5   5   5   5   5   5   5   5  0.03 0.09
  229 A   -1  0  0  0  2  0  0 -1  2  0 -1  0  2  1  0 -1  0  4  1 -1    5   5   5   5   5   5   5   5   5   5   5   5   5   5   5   5   5   5   5   5  0.09 0.08
  230 Y   -1  0  0  0  2  0  0 -1  2  0 -1  0  2  1  0 -1  0  4  1 -1    5   5   5   5   5   5   5   5   5   5   5   5   5   5   5   5   5   5   5   5  0.09 0.08
  231 G   -1  0  0  0  2  0  0 -1  2  0 -1  0  2  1  0 -1  0  4  1 -1    5   5   5   5   5   5   5   5   5   5   5   5   5   5   5   5   5   5   5   5  0.09 0.08
  232 D   -1  0  0  0  2  0  0 -1  2  0 -1  0  2  1  0 -1  0  4  1 -1    5   5   5   5   5   5   5   5   5   5   5   5   5   5   5   5   5   5   5   5  0.09 0.08
  233 S   -1  0  0  0  2  0  0 -1  2  0 -1  0  2  1  0 -1  0  4  1 -1    5   5   5   5   5   5   5   5   5   5   5   5   5   5   5   5   5   5   5   5  0.09 0.08
  234 D    0  0  0  0  2  0  0  0  1  0 -1  0 -1  0  0  0  0  3 -1 -1    5   5   5   5   5   5   5   5   5   5   5   5   0   5   5   5   5   5   0   5  0.02 0.10
  235 T   -1  0 -1  0  1  0 -1  0  1 -1 -2 -1  1  0  0  0  0  7  0 -1    6   5   3   5   3   5   4   7   4   4   4   5   3   4   6   7   6  13   3   4  0.28 0.23
  236 F   -1  0  0  0  2  0  0 -1  2  0 -1  0  2  0  0 -1  0  3  1 -1    5   5   5   5   5   5   5   5   5   5   5   5   5   5   5   5   5   5   5   5  0.03 0.09
  237 T    0  0  0  0  2  0  0 -1  1  0 -1  0  1  0  0  0  0 -2  1  0    5   5   5   5   5   5   5   5   5   5   5   5   5   5   5   5   5   0   5   5  0.03 0.05
  238 P    0  0  0  0  2  0  0 -1  1  0 -1  0  1  0  0  0  0 -2  1  0    5   5   5   5   5   5   5   5   5   5   5   5   5   5   5   5   5   0   5   5  0.03 0.05
  239 I    0  0 -1  0  2  1  0  0  1  0  0  0  1  0  1  0  0 -3 -1  0    6   6   0   6   6   6   6   6   6   6   6   6   6   6   6   6   6   0   0   6  0.04 0.08
  240 L   -2 -1 -4 -1  0 -1 -4 -2 -4  2  4 -4  2 -1  0 -1 -2 -4 -1  1    2   4   0   3   2   3   0   3   0  13  36   0   4   3   5   6   2   0   2  10  0.41 0.32
  241 V   -2 -1 -4 -4  1 -1 -1 -2  2  3  2 -3  1  0  0 -1 -1 -4  0  2    2   4   0   0   3   4   3   3   5  19  22   0   4   3   4   4   4   0   3  12  0.29 0.25
  242 L   -1  1 -2 -1  0 -1 -4 -2 -1  0  3 -2  2  1 -2 -2  0  1 -3  0    5   7   2   4   2   3   0   3   2   5  32   3   6   7   2   3   6   2   0   6  0.27 0.25
  243 L   -2 -2 -2 -1  1 -4 -1 -2  0  3  0 -2  0  0  2 -2  0  3 -3  3    3   3   2   4   2   0   3   3   2  18   9   3   3   4  10   2   5   4   0  19  0.29 0.25
  244 G   -1 -2  0  0  3 -2 -1  1  1 -2 -2 -1  1 -5  5  0 -1  1 -1 -2    5   2   5   5   5   2   4  11   4   2   5   4   3   0  26   7   4   2   2   3  0.42 0.34
  245 I   -1 -1 -1 -1  1 -1  0 -2 -1  2  1 -1  0  0 -1 -1  1  2  0  2    3   2   3   2   3   3   7   3   2  11  15   3   3   3   3   4  10   3   3  14  0.09 0.12
  246 R    0  0  0  0  2  1  0  0 -2  0 -1  0  1 -2  1  0  0  3 -2  0    6   6   6   6   6   6   6   6   0   6   6   6   6   0   6   6   6   6   0   6  0.08 0.11
  247 L   -1  0  0  0  2  0  0 -1 -2  0 -1  0  1  0  0  0  0  3  1  0    5   5   5   5   5   5   5   5   0   5   5   5   5   5   5   5   5   5   5   5  0.02 0.09
  248 G    0 -1  1  1  2  1  1  0 -2 -2 -2  0  1 -3  1  0  1 -3 -2  0    8   0   7   8   7   7   8   8   0   0   1   8   7   0   8   8   8   0   0   8  0.13 0.13
  249 V    0  0  0  0  2  0  0 -1  1  0 -1  0  1  0  0  0  0 -2  1  0    5   5   5   5   5   5   5   5   5   5   5   5   5   5   5   5   5   0   5   5  0.03 0.05
  250 E   -1 -1  2  4 -1  1  3  0  0 -2 -4 -1 -1 -3 -2  1  0  0 -4 -3    4   4   9  20   2   5  19   6   3   2   2   3   2   1   2   9   5   1   0   2  0.38 0.30
  251 K   -1  1  1  1  0  0  1  0  2 -2 -2  2 -1 -1 -1  0  0  1 -1 -1    3  10   5   7   3   4   9   9   5   2   2  14   2   2   2   7   5   2   2   4  0.11 0.13
  252 V   -1 -3 -1 -1  1 -3 -3 -4  1  3  1 -1  1  1  1 -1  0 -3 -2  1    4   0   4   4   3   0   0   0   4  24  16   5   4   5   7   5   4   0   0  10  0.22 0.21
  253 N    0  0  1  0 -3  1  0  0  2  0 -1  0  1  0  1  0  0 -2  1 -2    6   6   6   6   0   6   6   6   6   6   6   6   6   6   6   6   6   0   6   0  0.05 0.09
  254 L    0 -1 -1  0 -5  0  1 -2  1 -1 -2  0  0 -2  5  0 -1  1 -1 -1    7   4   2   5   0   4  10   3   3   3   5   6   2   2  27   5   3   2   2   4  0.39 0.32
  255 Y    0  1  0  1  1  1  1 -1  0  0 -1  0  0 -1 -1  0  0 -3  0  1    7   7   4   9   4   5  10   5   2   7   3   6   2   2   2   5   6   0   3  11  0.05 0.08
  256 I   -7 -7 -1 -3  0 -7 -2 -3  1 -1 -4 -3  0  1 -8 -3 -1 -6  9 -7    1   0   3   2   2   0   4   3   3   4   2   2   2   5   0   2   4   0  60   0  2.12 0.99
  257 G   -1 -2 -2 -2 -1  0  0 -1  3  3  0 -2 -1  2  0 -1 -2  3  2  1    5   2   2   3   2   4   6   5   7  14   7   3   1   8   4   4   3   4   7  10  0.21 0.14
  258 D   -2 -1  0  2 -1  1  2 -2 -1 -3 -4  0 -2 -3  4  0  0 -1 -3 -4    4   4   5  12   1   6  14   4   2   2   2   7   1   1  19   7   5   1   1   2  0.42 0.34
  259 L    2 -3  0 -3  5 -1 -2  0  2 -1 -1 -2  0  1 -1  1  0 -1 -1 -1   16   2   5   2  10   3   3   7   5   3   7   3   2   5   4  10   6   1   2   4  0.22 0.17
  260 L   -3 -2 -8 -8  0 -3 -4 -8 -8  4  5 -2  0 -1 -3 -3 -2 -8 -7  1    2   2   0   0   2   2   2   0   0  22  42   3   2   3   2   2   3   0   0  10  1.03 0.55
  261 R   -2  0 -2 -3  0  2 -1 -2 -1 -1 -1  6 -2 -1 -3 -1 -2  0 -2 -3    4   6   2   2   2   7   5   4   2   3   7  38   1   3   2   5   2   1   1   3  0.67 0.43
  262 E    1  2  0  0 -1  1  2 -1  4 -2 -2  1  1 -2 -6  1  0 -7 -2 -2   11   9   4   5   1   7  12   4   9   2   4   7   3   2   0  11   5   0   2   3  0.27 0.23
  263 C   -2 -2 -7 -7  5 -7 -4 -4 -2  1  3 -7  2  0 -2  0  1 -7  1  0    4   2   0   0  12   0   1   2   1   8  30   0   5   5   2   7   9   0   4   6  0.71 0.39
  264 L   -1  1 -1  0 -2  1  0 -3 -1  0  0  0  1  1  1  0  0 -2  1  0    1   7   0   7   0   7   7   0   0   7   7   7   7   7   7   7   7   0   7   7  0.08 0.11
  265 S    0  0  1  1  1  0  0 -1  2 -2 -2  0  0  0  1  1  1 -3  0  0    7   5   5   7   3   5   6   4   6   0   3   5   3   4   6  13   9   0   3   6  0.09 0.11
  266 L   -2 -2 -2 -2  1  0 -2 -3  0  0  3 -2  3  2  0  0  0  1  0 -1    2   2   2   2   4   4   2   2   3   5  26   2   9  11   4   8   5   2   2   4  0.24 0.23
  267 K   -2  1 -1  0 -5 -1  1 -2 -1 -5 -2  1 -1 -1  6  0 -2 -5 -2 -3    3   7   3   6   0   2   9   3   2   0   4   8   2   3  37   7   2   0   2   2  0.71 0.47
  268 Q   -2 -2  0 -2  3  5  0 -1  2 -4 -1 -2 -1 -2 -2  2 -2  1  1 -4    2   2   4   2   6  29   5   6   5   1   5   2   1   2   2  15   2   2   6   1  0.55 0.44
  269 S    0  0  0  0  2 -1  0  0 -2  0  0 -1  1  1 -2  0  0 -2  1  0    7   7   7   7   6   0   7   7   0   7   7   0   6   6   0   7   7   0   6   7  0.04 0.09
  270 V   -1 -1 -1  0  2  0 -1 -3  0  2  1 -1  1 -2 -3 -1  1  2 -2  2    4   3   3   6   5   4   3   0   3  12  18   3   5   0   0   3   8   3   0  15  0.12 0.16
  271 G   -2 -4  0  0  2 -3 -1  5 -4 -5 -5 -3 -4 -5  0  0  1 -4 -4 -4    1   0   4   4   5   0   5  54   0   0   1   0   0   0   5   8  11   0   0   0  0.89 0.42
  272 I    0 -3 -3 -3  0 -3 -1 -2 -4  5  1 -3  2  1 -3 -1  0  0 -2  2    8   0   0   0   2   0   6   2   0  41   7   0   6   5   0   3   4   2   0  13  0.44 0.28
  273 S    2 -1 -1  0  0 -1  0 -2 -2  2  0 -2  1 -2  1  0 -1 -3 -2  1   20   3   3   5   2   3   5   2   0  21   9   1   3   0   6   6   2   0   0   9  0.12 0.14
  274 G    0 -1 -1 -1  0 -3 -2  5 -3 -4 -4 -3 -4  1 -4  0 -1 -4 -3 -1    7   4   2   2   3   0   3  58   0   0   1   0   0   6   0   5   3   0   0   4  0.82 0.38
  275 R   -1  0 -1  0 -4 -3 -2  5  0 -1 -2 -3  3 -3 -4 -1 -3  0 -1 -3    4   6   2   7   0   0   2  51   3   3   4   0   8   0   0   2   0   2   3   1  0.64 0.35
  276 K   -2  5  2  0 -5  1 -1 -2 -1 -2 -3  3 -2 -3 -3  0 -2  2 -2 -2    1  35   9   6   0   6   3   2   1   2   1  20   1   1   0   5   1   3   1   2  0.61 0.37
  277 T   -2  0 -1 -2  2 -1 -2 -2 -2 -3 -2  1 -3 -4  6 -1  1 -4 -1 -3    2   5   3   1   4   2   1   3   1   1   4   9   0   0  45   5   9   0   3   1  0.88 0.43
  278 S   -1  2  3 -1 -2  0 -1  1 -1 -4 -4  2 -3 -4  0  3  0  0  0 -4    4  13  17   3   1   3   1   9   1   0   0  11   0   0   4  22   5   1   4   0  0.35 0.29
  279 F    0  0 -1  0  2 -1 -1 -1  5 -2 -1 -1 -2 -1 -3  2  0 -3  1 -2    7   5   2   5   5   2   2   3  19   2   7   3   0   3   1  22   7   0   4   2  0.32 0.25
  280 L    0  1 -1 -1 -1  0 -1 -1 -1 -1  0  1 -1  0  0  2 -1  4 -1 -2    7   8   2   4   1   5   2   5   1   4  10  12   1   5   4  20   2   6   1   2  0.12 0.12
  281 A    4 -2 -3 -3 -1 -3 -3 -1  1 -1 -2 -1 -3 -1 -3  4  0 -1 -2 -3   36   2   0   0   1   0   0   3   4   4   4   3   0   3   0  33   3   1   1   1  0.60 0.42
  282 L   -2 -1 -3 -4 -1 -2 -3 -4  3  0  3 -3  1  2 -1 -3 -2  0  4  0    3   4   1   1   2   2   1   1   8   5  34   1   2   9   3   1   2   1  17   4  0.45 0.28
  283 L   -3 -1 -3 -4 -4 -2 -1 -3  0 -1  0 -3  1  3 -4 -3 -3  4  7 -1    1   3   1   1   0   2   4   2   1   3   8   1   4  10   1   1   1   6  45   5  1.01 0.47
  284 S   -3 -1 -3 -1 -1 -3 -2 -3 -3  1  0 -3  0  7 -3 -1  0 -2  1 -1    1   4   1   3   1   1   3   2   0  10   6   1   2  49   1   5   5   0   2   3  0.79 0.40
  285 I    0 -3 -3 -1  0 -3 -3 -2 -2  3  0 -3  1  1 -1 -2 -1 -3  0  4    7   1   1   4   2   1   1   2   1  20   8   1   3   5   2   2   3   0   4  34  0.36 0.25
  286 G    1 -1 -1 -3 -4 -3 -3  6 -4 -4 -4 -2 -4 -4  0  0 -2  0 -3 -3   12   4   2   1   0   0   1  59   0   0   1   1   0   0   6   6   1   1   1   1  1.00 0.47
  287 F    0 -1 -1 -3  2 -2 -2 -3  1 -1 -1 -1 -1  3 -3  1  0  3  4  0    8   4   3   0   6   1   1   1   4   3   5   3   1  11   0  14   4   5  18   9  0.27 0.23
  288 Q   -1  0  0  0  2  0  0 -1  2  0 -1  0  1  0 -3  0  0  3  1  0    5   5   5   5   5   5   5   5   5   5   5   5   5   5   0   5   5   5   5   5  0.06 0.10
  289 G   -1  0  1  2 -4  0  1  3  1 -4 -2  0 -4 -1  0  0  0 -4 -4 -4    5   5   8  12   0   5   8  24   4   0   4   5   0   4   5   6   5   0   0   0  0.31 0.24
  290 D   -2  0  2  5  0  1  1 -1  1 -4 -3  0 -4 -2 -1  0 -1 -5 -4 -2    3   4   9  32   2   6  10   5   3   0   3   4   0   2   2   6   4   0   0   2  0.46 0.33
  291 Y   -1  0  1  1 -1  3  2  0  2 -4 -2  2 -3  0 -3  1 -1  0  1 -2    3   5   8   6   2  13  12   6   6   0   3  12   0   4   0   9   2   2   6   2  0.23 0.22
  292 L   -2 -4 -2 -5  0 -4 -4 -3 -4  0  4 -2  2  2 -2 -3 -2  1 -1  1    3   0   2   0   2   0   0   2   0   3  51   2   4   8   2   2   2   2   2  10  0.63 0.40
  293 F   -1 -3 -4 -4 -1 -2 -3 -5  0  3  3 -2  0  4 -2 -2 -2  0  2  0    4   1   0   0   1   1   2   0   2  22  25   2   1  18   2   2   2   1   7   5  0.49 0.33
  294 Y   -2 -3 -2 -3  0 -4 -4 -1  1  0 -2 -3 -3  3 -5 -2 -3  1  8 -1    4   1   2   1   2   0   0   6   3   4   4   1   0   9   0   3   1   1  51   4  1.18 0.63
  295 L   -2 -4 -4 -5 -4 -2 -4 -1  1  0  5 -3  2  0 -4 -2 -2 -4 -2 -2    2   0   0   0   0   2   0   5   3   3  66   2   4   3   0   4   2   0   1   1  0.87 0.46
  296 I   -4 -4 -1  7 -5 -3 -2 -4 -4 -2 -4 -1 -5 -5  1 -1 -2 -5 -5 -3    1   0   2  70   0   0   1   1   0   3   2   3   0   0   6   5   2   0   0   2  1.56 0.66
  297 P   -1 -5 -4  0 -5 -4 -4 -5 -5 -5 -2 -4 -5 -5  8 -2 -2 -6 -5 -5    5   0   0   5   0   0   1   1   0   0   5   0   0   0  75   3   2   0   0   1  2.09 0.80
  298 T   -2 -1 -1 -1 -4 -3 -2 -4  9 -2 -4 -3  0 -4  0 -1  0 -4 -1 -3    3   3   3   3   0   1   2   1  59   2   2   1   2   0   5   5   6   0   1   2  1.61 0.64
  299 F   -1 -1 -1 -1 -2 -1 -1 -3  2  0  0 -2 -1  2 -2 -1  2  0  4  1    3   3   3   3   1   3   4   1   6   4   8   2   1   8   1   2  18   1  17  10  0.24 0.21
  300 P    0 -2 -2 -2  5  0 -3 -2 -3  0 -1 -2 -1 -3  1  1  3 -2 -3  2    6   1   1   2  12   6   1   3   0   4   6   1   1   0   8   9  19   1   1  20  0.34 0.27
  301 K   -1  3 -2 -3 -3  6 -2 -2  2 -4 -2  1  0 -5 -2 -1 -1 -1 -4 -4    6  15   2   0   1  40   1   4   5   0   4   9   2   0   2   4   3   1   0   0  0.79 0.49
  302 K    0 -1 -1 -1 -3  1  1 -1  0 -3 -3  1  0 -2  5  1 -1 -4 -3 -2    8   3   2   3   1   6   9   4   2   1   3   7   2   2  31   9   3   0   1   3  0.50 0.31
  303 A    4 -2 -2 -3  0 -2  0 -1 -1 -2 -3 -2  0  0 -1  1  1 -3  1  0   37   2   2   1   2   1   7   4   1   2   1   1   3   4   3   9   9   0   4   5  0.34 0.28
  304 L   -1 -1 -2 -1  0 -2 -2 -2 -2  2  2 -2  2 -1  0 -1  0 -3 -2  3    5   3   1   4   2   2   1   3   1   9  17   3   5   3   5   4   4   0   1  28  0.22 0.18
  305 T    0  0  1  3 -1 -1  0 -2 -2 -1 -1 -1 -2 -2  3  0  1 -3 -2 -1    6   5   8  18   2   2   7   3   1   4   6   3   1   2  14   5   8   0   1   5  0.21 0.16
  306 F    0 -1  0 -2  0 -1 -1  0 -1  1  1 -1  0  0  0  0  0 -1  0  1    5   3   4   1   2   1   5   8   1   8  16   4   3   5   5   6   7   1   3  14  0.03 0.05
  307 G   -1  0  0  0  2  0  0 -1  2  0 -1  0  2  1  0 -1  0  4  1 -1    5   5   5   5   5   5   5   5   5   5   5   5   5   5   5   5   5   5   5   5  0.09 0.08
  308 K   -1  0  0  0  1  1  1 -1  1  0 -2  0  0 -1  1  0  0  2  0 -1    6   6   5   6   3   7   8   4   4   5   4   6   3   3   8   6   7   2   3   5  0.07 0.08
  309 H   -2  0  0  2  0  0  0 -1  3 -2 -1  0  0 -1  3 -1  0  2 -1 -2    4   4   4  10   2   4   7   5   6   2   5   6   2   3  14   5   6   3   2   3  0.18 0.17
  310 G   -1 -1  2  3  1 -1 -1  0  0 -2 -2 -2  0 -1  2  0  0  0 -1 -2    6   4  10  15   3   2   4   8   3   3   5   3   3   3  10   8   5   2   2   3  0.19 0.17
  311 E   -1 -1  0  1 -5  0  1 -2  1 -2 -1 -1 -1  5  0  0 -1 -4  0 -2    5   4   5   8   0   5   9   4   3   3   5   5   2  19   5   7   4   0   3   3  0.26 0.19
  312 P   -1 -1  0  2  0 -1  1 -2 -1 -2 -1 -1 -1 -3  4  2 -1 -5  0 -3    5   3   4  11   2   3   9   3   2   2   6   4   1   2  20  13   4   0   3   2  0.35 0.27
  313 V    0 -1 -1  0  0 -1 -1 -2  0  1  2 -1  0  1  1  0  0  0  1  0    7   3   3   6   2   3   3   4   2   6  18   4   2   5   6   8   6   1   5   7  0.06 0.05
  314 H   -1  0 -1  0 -1  2  2 -1  4 -2 -3 -1 -4  1 -2  1 -1  0  1 -2    6   4   3   6   1   9  13   4   9   3   4   4   0   6   3  12   5   1   5   3  0.23 0.19
  315 R   -1  0  0  0  2  0  0 -1  2  0 -1  0  2  1  0 -1  0  4  1 -1    5   5   5   5   5   5   5   5   5   5   5   5   5   5   5   5   5   5   5   5  0.09 0.08
  316 L   -1  0 -1 -1  1  0 -1 -1  1  0  0 -1  1  1  0 -1  0  4  1  0    5   6   3   3   3   3   5   4   4   6   9   4   3   7   6   5   5   5   4   7  0.07 0.06
  317 Q   -1  0  0  0  1  2  0 -1  4 -2 -2  0  2 -1  1  0  0  1 -1 -1    6   4   4   6   2  10   7   6  10   2   4   6   4   3   7   6   5   2   3   4  0.18 0.17
  318 T   -1 -2  0  0  5 -1 -1 -2 -1  0 -1 -1  0  0  2  0  1  0  1  0    5   2   4   6  11   3   5   4   2   6   6   3   2   4   9   7   8   1   5   6  0.19 0.15
  319 K    0  2 -1  0  0  1  0 -1  2 -1 -2  1  0 -2  0  1  0  1 -1 -1    9  10   3   6   2   5   5   6   4   3   3   9   3   2   4  11   7   2   2   4  0.10 0.11
  320 K   -1  0 -1  0 -1  0  1 -2  1 -1 -1  1 -1  0  0  1  1  0  1 -1    4   4   3   6   1   5   9   3   3   4   6   9   1   4   6  11   8   1   6   5  0.08 0.10
  321 T   -1 -1  0 -1 -1  0 -1 -2 -2  0  0 -1  3 -3  4  1  1 -6 -2 -1    5   4   4   4   1   4   5   3   1   5  10   4   6   1  18   9  10   0   2   4  0.24 0.22
  322 D   -3  3 -1  4  1  0  0 -2  0 -2 -3  0 -3 -2  1  0  0  0 -2 -2    3  13   3  24   3   4   5   4   2   2   4   5   1   2   6   8   7   1   1   3  0.40 0.30
  323 E   -1 -1 -1  1 -4  0  2 -2  0  1 -1  2  2 -1  1  1  0  0 -2 -1    5   3   2   7   0   3  11   4   2   7   6  11   4   3   8   9   6   1   2   5  0.12 0.13
  324 N   -1  0  1  1  0 -1  1 -1  1 -1 -2  0  3 -3  0  2  0 -5 -2 -1    5   5   6   8   2   2  10   5   3   3   4   5   6   1   5  17   6   0   2   5  0.18 0.17
  325 A    0 -1  0 -1  0  1  1 -1 -1  0 -1  0  1  1  0  1  0  1 -1 -1    8   3   5   3   2   6   8   5   2   7   5   6   3   6   6  10   5   2   2   4  0.04 0.06
  326 A    1 -1  0  0 -1  0  1  0  2  0  0 -1  0 -1  0  1  0 -1 -2 -2   10   3   4   5   1   4   8   6   5   6  10   3   2   3   6  12   6   1   2   2  0.07 0.08
  327 G   -1  0  0  0  2  0  0 -1  2  0 -1  0  2  1  0 -1  0  4  1 -1    5   5   5   5   5   5   5   5   5   5   5   5   5   5   5   5   5   5   5   5  0.09 0.08
  328 Q   -1  0 -1  0  0  2  0 -1  2 -2 -2  1 -1 -3  2  1  0  0 -1 -3    6   6   3   6   2   9   6   6   5   3   4  10   2   1  10  11   5   1   2   2  0.16 0.18
  329 Y   -2  0 -1  0  3 -1  0 -2  3 -1 -2 -2  1  3 -1  2 -1 -6  0  0    3   5   4   5   5   3   6   4   6   4   4   2   4  10   4  17   4   0   4   6  0.21 0.19
  330 P   -1  0 -1  2  2  0 -1 -2  0 -1 -2 -3  0 -2  5 -1 -1  0 -2 -1    6   5   3  11   3   4   4   4   2   4   5   2   2   2  26   5   4   1   1   5  0.40 0.33
  331 V    0 -1 -1  1  0 -1 -1 -2  0  0  0  0  0 -1  2  1 -1  2 -1  0    8   4   3   8   2   3   4   4   3   6   9   6   2   2  11  12   4   2   2   6  0.09 0.10
  332 F    0  0 -1  1  0  1  0 -2  2 -1  0  0  0 -1  1  1  0 -4 -1 -1    7   5   2   7   2   6   7   3   5   4   9   5   3   3   6  12   6   0   2   4  0.08 0.09
  333 K   -1 -1 -2  0  3 -1  1  0  0 -1 -2 -2 -2 -1 -1  4  1 -1 -1 -2    5   4   2   6   5   3   7   7   2   3   5   3   1   3   3  26   9   1   2   3  0.28 0.25
  334 Y   -1 -1 -1 -1  0 -1  0 -2  1 -1 -2 -2 -1  4 -2  0 -1  4  5 -2    5   3   3   4   2   3   6   4   3   4   5   3   2  15   3   7   5   5  17   4  0.43 0.27
  335 W   -1 -1 -3  0 -2 -2 -1 -1  6 -1  0 -1 -1  2  0  0  0  3  1 -3    5   4   2   5   1   2   4   6  16   3  11   4   1   9   5   7   5   4   5   2  0.36 0.24
  336 I    0 -2 -1  1  7 -2  0  0  1 -1 -1 -2 -5  0  0  1 -1 -1 -2 -1    7   3   4   7  20   2   6   7   3   4   7   2   0   4   5   9   4   1   2   5  0.43 0.28
  337 Q   -2  1  1  1 -2  0  1  0  1 -1 -2 -1 -1  1  1  1  0  1 -2 -2    3   9   5   9   1   4   8   9   3   4   5   3   2   6   6  10   5   2   2   3  0.09 0.11
  338 I    0  0  1  0 -1  0  0  0  1  0 -1 -1  0  0  0  1  0  1  0  0    6   6   6   5   2   4   7   8   4   6   5   3   2   3   5  10   5   2   3   8  0.03 0.04
  339 M    0  0  0  0 -1  0  0 -1  1  0  0  0  0 -1  1  0  0  2  0  0    7   4   4   6   1   4   5   5   3   5   8   5   2   3   7   8   6   3   4   8  0.03 0.03
  340 K    0  1  0  1 -1  1  0 -1  1 -1 -2  1  0 -1  2  1  0  1 -1 -1    7   7   4   7   2   6   7   5   3   3   5   9   2   3   9   9   5   2   2   4  0.09 0.10
  341 Q   -1  0 -1  1  1  1  2 -1  3 -2 -1  0 -1 -2 -1  1  0  1 -1 -1    5   5   3   8   3   6  11   5   6   2   6   5   2   2   4  11   7   2   2   5  0.12 0.12
  342 T    0  1  0  1  0  0  0 -1  1  0 -1 -1  2  0  0  2  1  0  0 -2    7   6   4   8   2   4   6   4   3   5   6   3   6   3   5  13   7   1   3   3  0.09 0.11
  343 M   -1  0 -1  1  0  1  1 -1  1 -1  0  0  0  0  1  1  0  0  0 -1    5   5   3   8   2   6  10   6   3   3   8   6   2   3   6   9   5   2   4   4  0.05 0.06
  344 M   -1 -1 -1 -1  1 -1  0 -1  1  1  1 -1  0  0  0  1  1  0 -1 -1    5   4   2   4   3   3   6   5   3   9  14   3   2   4   6  10   8   1   2   4  0.05 0.06
  345 T    1  0  0  0 -2  0  0 -1 -1 -1 -1  0 -1  1  1  1  1  1 -1 -1   10   5   5   6   1   4   6   5   1   4   6   4   2   5   6  11   8   2   2   5  0.05 0.07
  346 A    0 -1  0  0  3  0  0 -1  1 -1 -1 -1  0  0  0  1  0  2  0 -1    8   4   4   5   6   4   7   4   4   4   7   4   3   4   5   9   6   3   3   5  0.06 0.06
  347 M   -1  0 -1  1  1  1  0 -1  1  0  0  0  2  1  0  0  0  2  0 -1    5   5   3   7   3   5   6   5   3   4   8   5   5   6   5   6   5   3   4   5  0.03 0.04
  348 K   -1  0  1  1 -5  0  0 -2  3 -1 -2  0 -1 -1  1  1  0  2  0 -1    4   5   6   9   0   5   7   4   7   4   4   6   2   3   8  11   5   3   4   4  0.15 0.15
  349 A    0  0 -1  0  1 -1 -1  0  2 -1  0  0  0 -1  1  0  0  0 -1  0    6   5   3   6   4   2   5   7   5   4   9   6   3   2   8   8   4   2   3   6  0.04 0.05
  350 S   -2 -1  0  2 -5 -1  0 -2  2 -2 -2 -1  0  0  1  3  1 -1 -1 -1    3   3   5  12   0   3   5   4   4   3   4   5   2   4   7  21   8   1   2   4  0.25 0.22
  351 K    0  1 -1  1 -1  1  1 -1  0 -1 -1  1 -2  0  2  0 -1 -1 -1 -1    7   6   3   9   1   6   8   4   2   4   5   8   1   4   9   8   4   1   3   4  0.09 0.10
  352 T    0 -1 -1  0  1  1  0 -1  1 -1 -1 -1  0  0  1  2  0 -4  2  0    6   4   2   5   3   6   7   4   3   3   7   3   2   5   6  13   6   0   7   6  0.08 0.10
  353 T   -2 -1  0  1 -1  1  0 -1  2 -3 -2 -1 -1 -2  1  2  3  0 -1 -1    4   3   4   6   1   7   6   4   4   2   5   4   1   2   8  13  17   1   2   4  0.21 0.22
  354 A    1 -1  0  1  0  1  1 -2 -1 -1 -2  0 -1 -3  0  1  1 -5 -2  0   12   4   5   7   2   6   9   3   2   4   5   5   1   1   5  11   9   0   2   6  0.11 0.13
  355 S    0 -1  1  1 -1  0  1 -3  2 -1 -2 -1 -1  0  0  2 -1  0  1 -1    8   4   6   8   1   4   9   3   5   3   5   3   2   4   5  15   5   1   4   4  0.14 0.15
  356 T   -2 -2  0  2 -1  0  1 -3  3 -1 -2 -1 -2 -1  2  0  1  0  1 -1    4   3   4  12   1   4  10   2   6   4   4   3   1   3  12   8   9   2   5   4  0.23 0.21
  357 L    0 -2 -1  0 -1  0 -2 -2 -1  2  1 -1  1  1 -1  0  0  1  0  1    6   2   2   5   1   5   3   4   1  10  16   4   3   5   3   8   5   2   3  11  0.09 0.08
  358 K    1  1  0  1 -1  1  1 -2  1 -2 -2  0 -1 -3  0  1  1 -6 -2 -1   11   8   4   9   1   6  10   3   3   2   5   6   2   1   5  12   8   0   1   4  0.15 0.16
  359 F   -1  0  0  0  2  0  0 -1  2  0 -1  0  2  1  0 -1  0  4  1 -1    5   5   5   5   5   5   5   5   5   5   5   5   5   5   5   5   5   5   5   5  0.09 0.08
  360 F   -1  0  0  0  1  0  0 -2  2  0  0 -1  1  2  0 -1 -1  2  3 -1    5   4   4   5   3   3   6   3   5   6   9   4   3   8   5   5   4   3  11   4  0.14 0.11
  361 R   -1  1  0  0  1  1  0 -1  4 -5 -2  0  1 -1  0  1  0  2  0 -2    6   7   4   5   3   7   6   6  10   0   5   6   3   3   6   9   7   2   4   4  0.17 0.17
  362 V   -1 -1 -1  0  4  1  1 -2 -1  0 -1 -1  0 -1  1  0  1 -1 -2  0    6   3   3   6   9   6   9   3   2   5   7   4   2   2   6   8  10   1   2   7  0.13 0.13
  363 L    1  0  0  0  0  0  1 -1 -1 -1  0 -1  0  0  1  0  0 -4 -1 -1   10   4   4   5   2   4  11   4   1   4  12   3   3   4   8   8   6   0   2   5  0.06 0.08
  364 M    0 -2 -1  2 -1  0  1 -3  1 -1  0 -1  0  1  0  0  0  0  0  0    9   2   3  12   1   4   9   2   3   3   9   3   3   6   6   7   7   1   3   6  0.10 0.11
  365 S    0 -1 -1  3  0 -1  0 -3  0  0  0 -2  1  1  1  1  0  1  0 -1    6   3   3  15   2   3   5   3   2   5  11   2   3   5   7  10   5   2   3   5  0.13 0.13
  366 N    0  0  0  3  0 -1  1 -2  1 -1 -1  0 -2 -1  0  1  0 -5 -2 -1    7   5   5  19   2   3   8   4   4   3   6   5   1   3   5   9   7   0   2   4  0.19 0.16
  367 Q   -3 -1 -2 -1  1 -1  0 -3  1 -2 -3 -1 -3  0  1  4  3 -1 -2 -2    3   4   2   3   3   3   6   3   4   3   3   4   1   3   7  27  16   1   2   4  0.43 0.35
  368 S   -2 -2 -1 -2  3 -2 -3 -3  0 -2 -2 -3 -2  2 -2  3  2 -5  5 -1    3   2   3   3   5   2   2   2   2   2   4   2   1   9   2  20  12   0  17   5  0.57 0.37
  369 T   -3 -1 -2 -2  0 -2 -2 -1  7 -5 -2 -3 -2  3 -1 -2  0  0  4 -1    3   4   3   3   2   2   3   6  26   1   4   2   1  11   4   3   5   1  12   5  0.86 0.46
  370 H   -2 -2 -2 -2  7 -3 -2 -2  7 -4 -4 -3 -1 -4 -1 -1  2  1  0 -4    4   3   2   3  18   2   3   4  26   1   2   2   2   1   4   5  11   2   3   2  1.11 0.56
  371 Q   -1  2 -1  1  5  0  1 -2  1 -5 -3 -1  0 -2  1  1  1 -2 -1 -2    5  10   3   9  12   4   9   3   3   1   2   4   2   2   7  10   8   1   2   3  0.34 0.25
  372 K   -1  4  1  0 -2  0 -1 -2  2 -2 -3  3 -2 -2 -2  1  1 -5 -1 -2    5  19   5   6   1   4   3   4   4   3   2  14   1   2   2   8   8   0   3   3  0.33 0.24
  373 V    0 -3 -1 -2 -2 -3 -3 -3 -5  2  2 -3 -1 -1  4 -3 -2 -1 -1  3    7   2   4   2   1   1   1   2   0  10  17   2   2   3  17   2   2   1   2  21  0.46 0.31
  374 T   -2  6 -1 -2  1  0 -4 -2 -2 -5 -2  1 -1 -1 -2  1 -2 -1 -1 -3    3  36   3   3   3   4   2   4   1   1   5   9   1   3   3  11   3   1   2   2  0.73 0.45
  375 K   -1  0  0  0  2  0  0 -1  2  0 -1  0  2  1  0 -1  0  4  1 -1    5   5   5   5   5   5   5   5   5   5   5   5   5   5   5   5   5   5   5   5  0.09 0.08
  376 L    0  0  1 -2  2  1  0 -2  2  0  0 -1  1  1 -2  0  0 -2  1  0    7   7   7   0   6   7   7   0   6   7   7   0   6   6   0   7   7   0   6   7  0.08 0.13
  377 H   -1  1  1  2 -3  0  0 -1  3 -3 -2  1  0 -1  3  0 -1 -3  0 -3    5   6   6  11   0   3   6   4  11   0   4   9   3   3  14   7   3   0   3   0  0.23 0.19
  378 L   -1 -2 -2 -3  1 -1 -2 -2 -3  3  2 -3  2  2  0 -2 -1  1  0  1    4   2   3   0   3   2   2   2   0  23  20   0   5  12   4   2   3   2   3   5  0.25 0.22
  379 S    0  0  0  3 -1  0  0 -1 -1 -2 -2  0 -1 -1 -2  3  1 -4 -3 -2    8   4   2  16   1   5   6   3   2   2   3   5   2   2   1  25   9   0   0   3  0.24 0.25
  380 H    0  1  1  2 -1  2  2 -1  1 -2 -3  2 -1 -3 -1  1 -1 -4 -2 -1    6   8   5  11   1   8  17   4   3   3   2  12   1   0   2   9   2   0   1   5  0.20 0.19
  381 M   -2 -4 -5 -5 -4 -2 -4 -2 -4  3  4 -2  6 -1 -5 -4 -2 -4 -3  1    2   0   0   0   0   2   0   3   0  16  38   2  21   2   0   1   3   0   0   8  0.84 0.47
  382 D   -5 -5  0  8  0  0  0 -5 -5 -6 -6 -4 -6 -6 -5 -1 -4 -7 -6 -6    0   0   4  79   2   3   5   0   0   0   0   0   0   0   0   3   0   0   0   0  2.10 0.86
  383 P   -2 -5 -4 -1  0 -4 -4 -3 -5 -5 -5 -4 -5 -5  8  0  0 -6 -5 -5    3   0   0   3   2   0   1   2   0   0   1   0   0   0  73   7   6   0   0   1  2.03 0.72
  384 S   -3 -3 -1 -4  3 -4 -4 -3 -4 -5 -4 -4 -4 -1 -4  7 -1  0 -4 -5    0   1   2   0   6   0   0   2   0   0   2   0   0   3   0  77   2   1   0   0  1.54 0.70
  385 M   -2 -5 -5 -5  7 -4 -5 -5 -5  1  3 -5  7  1 -5 -3 -4 -4 -4  0    3   0   0   0  21   0   0   0   0   7  25   0  30   5   0   2   0   0   0   5  1.18 0.49
  386 L    3 -2 -1 -3  3 -3 -3 -2 -3 -1  2 -3  1  0 -3  0  2 -3 -3  0   31   1   3   0   8   0   0   2   0   1  23   0   3   3   0   6  12   0   0   4  0.36 0.26
  387 I   -2 -4 -4 -3 -1 -3 -4 -4 -4  3  4 -4  0  2 -4 -3 -2 -3 -2  2    3   0   0   2   1   1   0   1   0  21  40   0   2   8   0   0   1   0   0  17  0.63 0.30
  388 G    1 -2 -3 -4  3 -4 -3  6 -4 -5 -5 -3 -4 -3 -3 -1 -3 -4 -4 -3   11   2   0   0   6   0   1  69   0   0   1   0   0   1   1   3   1   0   0   1  1.30 0.48
  389 F   -4 -5 -2 -5 -2 -5 -5 -5 -4 -1 -1 -5 -1  8 -5 -5 -4 -2  2 -3    0   0   2   0   1   0   0   0   0   3   3   0   1  81   0   0   0   0   4   1  2.03 0.65
  390 L   -2 -3 -4 -5 -4 -3 -4 -4 -2  0  3 -4  0  3 -4 -3 -3 -1  6  0    2   1   0   0   0   1   0   1   0   5  32   0   2  11   0   1   1   0  37   6  0.89 0.39
  391 I   -1 -4 -5 -5  8 -4 -5 -5 -4  3  0 -3 -2  2 -4 -3 -2 -4 -2  2    5   1   0   0  37   0   0   0   0  20   6   1   0  11   0   1   1   0   1  13  1.06 0.42
  392 T   -1  4  0 -1 -3  2  1 -1  0 -3 -3  3 -2 -4 -1  0 -1 -4 -3 -3    4  28   3   3   1   8   7   4   3   1   2  22   1   0   2   7   4   0   0   0  0.45 0.26
  393 S   -2 -2  4  4 -2 -2 -2 -1 -1 -4 -5 -2 -4 -5 -3  3  3 -5 -4 -4    1   1  18  26   1   1   1   5   1   0   0   1   0   0   0  21  22   0   0   0  0.74 0.40
  394 E   -1  2 -2 -1 -2  1  3 -2 -1 -1 -1  2 -2 -2 -1 -1 -1 -1 -1 -1    4  15   1   2   1   6  27   3   1   4   6  14   1   1   2   3   2   1   3   4  0.28 0.21
  395 D    1 -1  1  3 -2  1  3 -1 -1 -3 -3  0 -2 -4 -1  1 -1 -4 -4 -3   15   2   6  17   1   5  26   3   1   1   2   6   1   0   2   8   2   0   0   1  0.39 0.25
  396 D   -2 -3 -1  6 -3  0  4 -3 -2 -4 -5 -3 -1 -6 -4  0 -3 -6 -5 -4    2   1   2  47   1   3  32   1   1   1   1   0   2   0   0   6   1   0   0   1  1.19 0.53
  397 F   -4 -5 -6 -6 -3 -5 -6 -6 -4 -2  2 -6 -1  7 -6 -5 -5  7  3 -3    1   0   0   0   1   0   0   0   0   1  20   0   1  48   0   0   0  16  10   1  1.61 0.60
  398 N   -1  0  1  4  0  0  3 -3  0 -1 -1  0 -1 -3 -2 -1 -2 -3 -2 -1    5   4   7  24   3   4  22   1   2   4   6   6   2   1   1   2   1   0   1   4  0.34 0.23
  399 D   -2 -1  2  5 -3  1  1 -2  0 -2 -3  0 -2 -3 -3  0 -1 -5 -3 -3    3   3   8  43   0   5   9   3   2   2   2   5   1   1   1   6   3   0   1   2  0.67 0.36
  400 W   -4 -4 -6 -4 -5 -3 -3 -6 -5 -1  4 -5  1  6 -6 -5 -3  6 -2 -2    1   1   0   1   0   1   1   0   0   2  41   0   2  33   0   0   1  12   0   2  1.22 0.53
  401 K    0  1 -3 -4  7  0 -1 -4 -3  1  0  1  0 -2 -3  0 -1 -1 -1  0    6   9   0   0  27   4   3   1   0   7   7  11   2   1   1   6   3   1   2   8  0.52 0.30
  402 E    0  2  0  1 -3  2  2 -2  0 -3 -2  2  0 -3 -3  1  0 -4 -3 -2   10  11   3   9   0   9  14   3   2   1   3  13   2   0   0  11   6   0   0   2  0.24 0.19
  403 N   -1  4  1  0 -2  2  1 -2  1 -3 -2  1 -2  0 -3  0 -1 -1 -2 -2    4  30   6   5   1   9   8   2   3   1   4   7   1   4   1   7   4   1   1   2  0.37 0.26
  404 I   -1 -4 -3 -5  1 -2 -5 -5 -5  3  4 -4  2 -1 -5 -3 -2 -4 -3  3    5   1   1   0   2   2   0   0   0  17  36   0   6   2   0   1   2   0   0  24  0.70 0.36
  405 G    1  1  1  0 -3  2  1  0 -1 -2 -2  2  0 -2 -1  1  1 -3 -1 -2   11   7   7   4   0   9  10   6   1   1   2  14   2   2   2   8   9   0   1   3  0.18 0.15
  406 K   -1  2  0  0 -3  2  3 -2  0 -3 -3  3  0 -4 -2  0  0 -4 -3 -2    4  12   5   5   0   8  22   2   2   1   2  19   2   0   1   7   4   0   1   2  0.39 0.26
  407 K   -1 -1  1  0 -3  0  1 -2 -1  1  1  1  1  0 -1  0  0 -2 -1  0    3   3   7   6   0   3   8   2   2   8  15  11   4   4   2   9   4   0   2   7  0.05 0.08
  408 D    1  0  1  1 -2  0  1 -1  0 -2 -1  1 -1 -1  1  2  0 -4 -2 -1   10   4   7   7   0   3  10   5   3   2   5   7   1   2   8  18   5   0   1   4  0.14 0.13
  409 P    0  1  0  0 -1  2  1  0 -1 -2 -1  1 -1 -3  2  1  0 -4 -3 -1    5   7   5   4   2   9   9   7   1   1   6  10   2   1  10  14   4   0   0   4  0.16 0.14
  410 S   -1  0  0  1 -2  1  0  2 -1 -2 -1  2 -1 -3 -1  1  0 -4 -3 -2    4   4   5   7   1   6   5  18   1   2   7  13   1   1   3  13   7   0   1   2  0.18 0.15
  411 H    0  0  1 -1  0  1 -1 -2  3 -3 -1  1 -1  1  0  1 -1 -2  4 -3    6   6   7   3   2   8   2   2   7   1   5   9   1   6   5  10   4   0  16   1  0.24 0.20
  412 K    0  1 -2 -2 -3  0 -1 -1 -4 -4 -5  1 -2 -5  6  0 -2  0 -4 -4    6   7   2   2   0   4   4   4   0   1   1  10   1   0  44   9   3   2   1   1  0.95 0.48
  413 I   -2 -5 -5 -4 -4 -3 -4 -5 -5  5  3 -4  4  0  0 -3 -2 -5 -4  1    4   0   0   1   0   1   1   1   0  30  30   1  12   4   4   1   2   0   0   7  0.82 0.41
  414 V   -3 -5 -6 -5 -1 -5 -4 -6 -5  3  1 -5 -1  7 -2 -4 -3 -3 -1  1    2   1   0   1   2   0   1   0   0  15  12   0   1  48   2   1   1   0   1  10  1.24 0.54
  415 H   -2 -2  0 -1 -3 -2  3 -2  3 -2 -3 -3 -3  1 -2  2  3 -5 -2 -1    3   2   5   3   1   1  20   2   8   2   1   0   1   8   2  16  21   0   1   4  0.44 0.34
  416 I   -3 -3 -4 -4 -3 -3 -3 -5 -3  4  1 -4  0  3 -4 -1 -1 -4 -3  4    1   1   1   1   0   1   1   1   1  28  12   1   2  13   0   5   3   0   0  28  0.73 0.39
  417 T    1 -1 -2 -2  1  1 -1 -1  1  1  1 -1  1 -1 -1  0  1 -3  0  1   12   2   1   1   4   7   3   3   4   9  12   2   4   2   2   9   8   0   2  13  0.08 0.11
  418 E   -2 -1  1  4 -6  2  4 -3 -1 -4 -4 -1 -3 -6  1  0 -2 -6 -3 -4    4   3   6  22   0  10  28   1   1   1   1   3   1   0   6   7   3   0   1   1  0.68 0.41
  419 T   -1  0  1  1 -2  1  1  2  1 -3 -3  1 -2 -2 -1  1  2 -4 -2 -2    4   5   5   8   1   7  10  15   3   1   1   9   1   1   2  11  12   0   1   2  0.22 0.19
  420 K   -1  4 -1 -1  1  0  1 -2  3 -3 -3  1 -1 -3  2  0  0 -1 -2 -2    5  23   3   2   3   4  10   2   7   1   2   9   2   1   9   7   6   1   1   2  0.33 0.25
  421 V    0 -2 -2 -2 -1 -1 -3 -1 -2 -2 -1 -4 -2  0  6  0 -1 -6 -2 -1    8   3   2   3   2   3   1   4   1   2   6   1   1   4  44   7   3   0   1   5  0.86 0.47
  422 S    1  0 -1  0 -3  1  0 -2 -1 -2 -2  1 -2  0  3  1  0 -2 -2 -1   10   4   3   6   0   8   6   3   1   2   4   8   1   6  15  14   5   1   1   4  0.20 0.17
  423 E   -2 -1  0  3 -3 -1  2 -2  2 -3 -2  0 -1 -1  0  0  0  3  3 -2    3   3   4  15   1   2  14   3   5   1   3   4   2   2   5   7   5   5  13   3  0.29 0.23
  424 S    0 -1 -2  0  0 -1  0 -1  0 -1  0 -1  1  0 -1  0 -1  6  2 -1    9   4   1   5   2   3   6   4   3   3   9   3   4   3   4   9   4  13   7   5  0.22 0.17
  425 T    0  1  0  1 -2  0  0 -1 -1 -1 -1  0  0 -1  3  0  1 -3 -2 -1    6   9   4  10   0   4   5   5   1   3   5   5   2   3  14   8   9   0   1   5  0.16 0.13
  426 S    0 -1  0  2 -2  0  0  0 -1 -1 -1  0 -1 -3  3  2  0 -4 -2 -2    7   2   4  13   1   4   5   6   1   3   7   4   1   1  14  17   6   0   2   3  0.21 0.18
  427 N   -2 -3  4  4 -1 -2  1  1 -2 -1 -3 -2 -2 -1 -2  2 -1 -3 -2 -2    3   1  19  20   1   1   8   9   1   3   3   2   1   3   2  14   3   0   1   2  0.40 0.29
  428 F    0 -1  0  0 -1 -1  0 -1  0  0  0 -1  1  1  0  1  0 -1  1  0    9   3   3   6   1   1   7   4   3   6   8   2   4   7   4  16   4   1   6   7  0.05 0.09
  429 Q    0  1  1  2 -1  1  2  1  0 -3 -3 -1  0 -3  0  2 -1 -4 -3 -2    6   7   6  12   1   5  14  10   2   1   3   2   2   1   5  16   3   0   0   3  0.23 0.20
  430 F   -1 -2 -1  0 -1 -1  0 -1  1  0  1 -1  1  1  1  1  0 -1  2  0    4   1   2   7   1   2   5   4   3   4  13   4   5   7   7  11   7   1   7   5  0.06 0.09
  431 N   -1  0  1  2 -2  0  1  0 -2 -1 -1 -1  1 -1  0  0  0 -4 -1  0    5   4   8  13   1   2  12   7   1   4   5   4   4   3   4   8   5   0   1   9  0.10 0.10
  432 S    0 -1  0  2 -2 -1  1  0  1  0 -1 -1 -1 -2 -1  2  1 -4 -2 -1    7   2   5  12   1   2  10   8   4   5   5   3   2   1   3  17   9   0   1   4  0.15 0.15
  433 L   -1 -1 -1  2  0 -1  0 -1 -3  0  1 -1  2 -2  0  1  0 -2 -2  0    4   3   3  12   2   2   5   6   0   5  18   4   6   1   4  12   4   0   1   7  0.08 0.11
  434 R   -1  2  0  2 -2  1  2  0 -1 -1 -2  0  0 -1 -1  1 -1 -4 -2 -1    4  10   3  14   1   5  13   6   1   3   3   4   2   3   3  14   4   0   1   4  0.18 0.17
  435 S    0  0  0  2 -1 -1  1  0 -1 -1 -1  0 -1 -1  1  1  0 -1 -1 -1    9   6   4  11   1   1  12   7   1   3   6   6   2   3   6  11   4   1   1   5  0.08 0.09
  436 N   -1 -1  0  3 -1 -1  2 -1 -2 -2 -1 -1  0 -1  1  1 -1  0 -3 -1    4   3   3  17   1   1  16   6   1   2   8   4   3   3   6  12   3   1   0   5  0.20 0.19
  437 S    0  0  0  1 -3 -1  2  0 -3 -2 -2 -2 -2 -2  0  3  0 -5 -2 -2    9   4   5   9   0   1  13   7   0   2   4   2   1   2   5  26   4   0   1   2  0.29 0.26
  438 I   -1 -2  0  0 -1 -1  0 -2 -1  2  1 -2  1  1  0  0 -1 -1  0  1    4   1   6   6   1   3   7   3   1  14  12   2   4   6   4   7   3   1   3  12  0.07 0.09
  439 A    0 -1  1  3  0  0  2 -1  0 -1 -2  0  0 -3  0  1  0 -3 -2 -1    7   3   6  17   2   4  12   5   2   3   5   5   2   1   5  13   4   0   1   3  0.19 0.17
  440 D   -1  0 -1  5 -4 -1  3 -2  0 -2 -2 -2 -2 -4 -2  2  0 -6 -2 -2    4   5   3  28   0   2  19   2   2   3   3   2   1   1   2  14   5   0   2   3  0.53 0.36
  441 Y   -1 -2 -1  0 -1 -1  1 -2  0  0  0 -2 -1  3  1  0  0  3  2  1    5   2   2   6   1   2   8   3   2   5   8   1   1  12   8   7   5   4   6  12  0.12 0.13
  442 D   -2 -1 -1  4 -1  0  3  0  1 -2 -3 -1 -1 -2 -1  0 -1 -5 -2 -1    2   4   3  25   1   4  20   7   4   2   3   3   2   2   3   7   3   0   1   4  0.42 0.30
  443 N   -1 -1  1  2  1  0  2 -2  1 -1 -1 -2  0  0 -1  0  0 -2  1  0    5   3   7  14   4   3  15   3   3   4   5   1   2   3   4   7   4   1   5   7  0.13 0.14
  444 C   -1 -2  0  1  2 -1  0 -1 -1  1  1 -2  1  0  0  0 -1 -4 -1  1    3   2   4  10   5   2   8   4   1   6  14   1   5   5   5   8   3   0   2  11  0.08 0.11
  445 S   -1 -1  0  2 -1 -1  2  0 -1 -2 -2  0 -1 -1  0  2  1 -5 -2 -2    4   3   4  13   1   2  11   6   1   2   4   7   2   3   4  20   8   0   1   3  0.21 0.20
  446 G   -1 -1  0  4 -1  0  2  1 -2 -2 -3 -1  1 -1 -3  1  0 -3  0 -1    4   3   4  24   1   3  14   9   1   2   2   2   3   3   1  10   5   0   3   4  0.32 0.25
  447 E   -2 -3 -1  4 -4  1  4 -1 -1 -3 -4 -2 -3 -2  1  0  0 -2 -3 -1    3   1   3  21   0   6  28   4   2   2   1   2   1   2   6   7   6   1   1   4  0.54 0.37
  448 D   -2 -1  1  5 -2  0  3 -1  2 -2 -4 -1 -2 -5  0  0 -1 -6 -2 -5    2   3   6  30   1   4  16   5   5   3   2   4   1   0   4   8   4   0   2   0  0.58 0.37
  449 C    0 -1  0  0  1  0  1  1  1 -1 -1 -1  0  2  0  0 -1  2 -1 -1    7   2   4   6   3   3  10  13   4   4   5   3   3  10   4   8   2   3   2   5  0.07 0.10
  450 D   -1  0  1  5 -3  0  3  0 -2 -3 -3 -1 -5 -3 -1  1 -2 -6 -5 -3    4   5   6  30   1   3  17   8   1   2   3   3   0   1   3   9   2   0   0   2  0.55 0.37
  451 S    0  1  1  2 -3 -1  1  0  0 -1 -1  0 -3  0  0  1 -1  0 -2  0    6   8   5  15   0   1   7   7   3   3   5   5   0   5   4  13   3   1   1   6  0.12 0.13
  452 A    0  0  0  1 -1  0  1  0 -1  0 -1  0  0 -2  1  1  0 -2 -2  0    9   5   3   7   1   4   9   9   1   5   5   5   2   1   8   9   7   1   1  10  0.07 0.08
  453 A    1  0  1  1 -3  1  1  1 -1 -2 -2  0 -3 -2 -1  1  0 -4 -1 -1   11   5   8   9   0   6   9  12   1   2   4   4   0   2   3  12   5   0   2   5  0.14 0.14
  454 I    0  0  0  0  0  0  0  0  0  0  0  0  0  1 -1  0  0 -1  0  0    5   7   4   6   2   2   6   7   3   5   7   7   2   7   3   8   7   1   2   9  0.01 0.02
  455 A    0  0  0  1 -2  1  1  1  0 -1 -1 -1 -1 -2  1  1  0 -1 -2 -1    9   4   4   9   0   5  12   9   2   3   7   3   1   2   6  11   5   1   1   6  0.10 0.11
  456 S   -1  0  0  3 -5 -1  3 -1 -1 -5 -4 -1 -4 -4  1  3 -2 -6 -3 -1    5   5   4  14   0   3  20   5   1   0   1   4   0   1   6  23   2   0   1   5  0.43 0.36
  457 D   -2 -3  1  5 -4 -2  2 -1  1 -1 -4 -2 -2 -3 -1  1 -2 -6 -3 -3    2   1   6  37   0   1  14   6   3   4   1   2   1   1   3  12   2   0   1   2  0.71 0.46
  458 S    0 -2 -1  4 -3 -1  3 -1 -3 -4 -4 -2 -2 -5 -3  3  2 -6 -5 -3    6   1   3  19   0   3  20   4   0   1   2   2   1   0   1  22  11   0   0   2  0.56 0.40
  459 D   -2 -3  0  5 -4  0  5 -1 -1 -6 -5 -3 -4  0 -3 -3 -2 -7 -4 -5    3   1   4  34   0   3  36   5   1   0   1   1   0   4   1   1   2   0   0   1  1.08 0.60
  460 D   -3 -3  2  6 -6 -1  4 -2 -3 -6 -3 -2 -3 -5 -2 -1 -3 -7 -6 -5    3   1   8  45   0   2  23   4   0   0   2   1   1   1   2   4   1   0   0   1  1.13 0.59
  461 F   -2 -3 -3  0 -3 -2  1 -2  0 -2  0 -4 -2  6 -3 -1 -1 -3  4 -3    4   1   1   6   1   1   8   3   2   2   8   1   1  36   1   5   3   0  15   1  0.76 0.42
  462 V    0 -4 -3 -4 -4 -2  0 -3 -4  2  0 -4  1  0 -3  0  0 -2 -1  4    9   0   1   1   0   1   7   1   0  12   9   0   3   4   1   9   5   0   2  35  0.46 0.33
  463 D   -2 -2  1  5 -5 -1  2 -2 -2 -2 -2 -1  2 -3 -2  0 -2 -2 -5  1    2   1   5  36   0   2  14   2   1   2   3   3   6   1   1   8   2   1   0  10  0.60 0.39
  464 L   -1 -3 -1 -2 -2 -1  0 -2 -2  1  3 -2  0 -2 -2  0 -1 -4 -2  2    4   1   3   2   1   3   6   2   1   9  35   2   2   1   2   8   2   0   1  15  0.28 0.23
  465 A    1 -2 -1  1 -1 -2 -1  4 -3 -1 -2 -2 -1 -2  2  0  0 -4 -2 -1   11   2   3   8   1   1   3  32   0   4   4   2   1   1  10   6   5   0   1   4  0.33 0.22
  466 A    0 -1 -1  2 -3  0  0 -1 -3  0 -1 -2 -2 -1  2  2  0 -4 -2  0    8   3   1  12   0   3   5   3   0   7   7   0   1   3  12  22   4   0   1   8  0.20 0.19
  467 D   -1  0  2  3 -3  0  1  0 -1 -1 -1  0  0 -1 -1  0  1  0 -3 -2    4   5   9  18   0   4  12   7   1   4   5   3   3   2   3   7   8   1   0   2  0.16 0.14
  468 F    0 -1 -1  0 -3 -1  0 -1  1  1  0 -1  0  2  1  1 -1 -3  0  1    7   3   1   5   0   1   9   3   4  10   6   3   3  10   7  11   2   0   3  12  0.06 0.10
  469 A    1  0  0  2 -3  0  0 -1  2  0 -3 -1 -2 -3  3  1  1 -1 -3 -1   11   4   3  14   0   3   5   5   6   6   1   2   1   1  14  12   8   1   0   4  0.23 0.19
  470 V    0  1  0  2 -2  0  2 -1 -1 -3 -1  0 -2 -4  2  1 -1 -4 -2 -1    6   8   4  13   1   2  15   5   1   0   5   6   1   0  12  14   2   0   1   5  0.24 0.19
  471 T    0 -2 -1  1 -1  0  1  0 -3 -1 -1 -1 -1 -2 -1  1  3 -4 -2  0    7   1   2   8   1   3  10   9   0   2   7   3   2   1   2  14  21   0   1   6  0.17 0.18
  472 G    0 -1  4  1 -4 -1  0  2  0 -2 -2 -1 -3 -3  2  1 -1 -4 -3 -2    7   3  25   7   0   1   6  14   2   3   3   3   0   1   9   9   3   0   0   3  0.32 0.22
  473 L    1  0  0  0 -1  0  0 -1 -1  0  1  0  2  0 -2  0  1 -3 -1  0   12   4   3   5   1   4   7   3   1   4  16   5   7   3   0   7  10   0   1   5  0.05 0.08
  474 E   -1  2  1  3 -4 -1  2 -3  0 -3 -3  2 -3 -3  0  0 -1 -4 -2 -1    5  11   8  18   0   0  15   1   2   0   2  16   0   1   4   7   3   0   1   5  0.34 0.23
  475 P    0  1 -1  0 -2  0  2  0  0 -3 -2  0 -3 -4  3  1  1 -1 -1 -2    6   7   2   5   1   4  13   8   2   1   4   3   0   0  18  13   9   1   2   1  0.27 0.19
  476 R    1  2  0  1 -4  1  3 -1 -1 -2 -3  1 -1 -2  2  0 -1 -4 -3 -1   10  10   3   8   0   5  21   3   1   2   1  10   2   1   9   6   2   0   0   6  0.24 0.19
  477 T    1 -2 -1  1 -1 -1  1 -1  0 -1 -2 -2  0 -3 -1  2  3 -4 -3  0    9   2   2   6   1   2  12   5   3   4   4   1   2   0   3  19  20   0   0   7  0.22 0.20
  478 H   -1  1  2  1 -3  0  0 -1  3 -3 -2  1 -1  0  2  1  0  0 -2 -3    4   8  12   9   0   4   4   4  10   1   3   7   2   5  10  13   4   1   0   0  0.22 0.17
  479 T    1 -1  0  0 -3 -1  0 -2 -3 -1 -1 -1  0 -2  2  1  2 -4 -3  2   11   3   3   4   0   1   7   2   0   1   4   2   2   2   9  12  18   0   0  17  0.20 0.19
  480 G    1 -1 -1  1 -1 -1  1  1 -1 -1 -3 -1 -1 -2  3  1 -1 -4 -3  0   11   2   2   7   1   2  10  13   2   4   1   2   2   2  16  13   3   0   0   6  0.23 0.17
  481 V    0  0  1  3 -3 -1  2 -2 -3  0 -1 -1 -2 -3 -1  0  0 -4 -3  2    6   4   6  21   0   1  15   2   0   5   4   2   0   0   3   6   5   0   0  20  0.25 0.21
  482 D   -1 -1  0  5 -4  1  2 -1  0 -2 -3 -1 -3 -4 -1 -1  1 -5 -2  0    6   3   4  33   0   5  13   4   2   1   1   2   0   0   3   4   9   0   1   8  0.44 0.27
  483 D   -2  0  0  5 -5  0  3 -2 -3 -1 -1 -1 -3 -3 -1  0 -2 -5 -4 -2    2   5   2  37   0   3  21   2   0   4   6   3   0   1   2   8   2   0   0   2  0.58 0.33
  484 E    0 -1  0  2 -4  1  4 -2 -1 -3 -3  0 -3 -3  2  0  2  0 -3 -1    8   2   3   9   0   4  29   1   1   1   1   3   0   1   9   7  15   1   0   4  0.37 0.25
  485 T    0  1  0  2 -1  0  2 -2 -1 -2 -1  0 -1 -2  0  1  1  0 -1 -1    5   6   4  11   2   2  17   1   1   1   8   6   1   1   4  13  11   1   1   3  0.15 0.13
  486 S   -1  0  2  1 -3 -1 -1  1  1 -1 -1  0 -1  1  0  2  0  0 -1  0    4   4  10   7   0   0   3  11   4   5   4   7   1   9   3  18   4   1   0   6  0.09 0.11
  487 S    1 -2  0  0  0 -1 -1  0 -2 -1 -1 -2  0  0  0  1  1  4 -1  0   16   1   4   4   2   2   3   8   0   3   3   1   3   5   4  12  11   7   1   8  0.13 0.12
  488 D   -1  2  1  4 -3  2  1  0 -2 -3 -3  0 -1 -2  0  1 -1  1 -3 -2    3  11   5  25   0  10   7   6   0   0   1   5   2   1   3  12   2   3   0   3  0.33 0.20
  489 Y    0  0  0  0  0  0  0 -1  1 -1  0  0  0  0  1  1  0 -2  1 -1    8   7   6   4   2   2   4   3   3   4  14   6   3   3   7  12   3   0   7   2  0.04 0.05
  490 V   -1  0 -1 -1 -2  0  0 -1 -1  1  1 -1  1 -1  0  0  0 -3 -2  2    2   7   2   2   0   3   7   6   1  10  18   2   3   1   4   6   5   0   0  18  0.07 0.08
  491 Q    0  0  1  1 -3  2  2 -2  0 -2 -1  0  1 -1 -1  0  2 -3 -2 -2    7   5   6   8   0  10  20   1   2   2   6   2   4   3   2   7  14   0   0   2  0.19 0.14
  492 H   -1  0  0  3  0 -1  1  2  4 -2 -3 -1 -3 -2  1  1 -1 -3  0 -3    3   5   3  18   3   0   7  17  13   3   2   2   0   2   6   9   3   0   4   0  0.25 0.15
  493 F   -2 -2 -1  2 -3 -1  1  0 -2  0 -1 -1 -1  1  4  1  0 -3 -1 -2    1   1   1  14   0   0  13   9   0   6   6   2   2   6  20  11   5   0   2   1  0.28 0.16
  494 P   -1 -3 -3 -2 -4  1 -1 -2  3  0 -3 -1 -3 -4  6 -1  0  0 -3 -1    4   1   0   2   0   8   2   2  10   6   1   4   0   0  46   5   5   2   0   4  0.91 0.32
  495 I    1 -2 -1  1 -2  0 -1  1  0  2 -1 -1  0 -2 -2  1  0 -3 -2  1   13   1   2   8   0   5   1  14   3  15   3   2   3   0   1  14   5   0   0  10  0.12 0.11
  496 R   -1  3  0 -1 -4  3  2 -1  0 -4 -3  2 -3 -4  1  1  0 -4 -3 -3    2  17   2   2   0  14  18   5   1   0   1  13   0   0   8  10   5   0   0   0  0.40 0.20
  497 R    1  2  0  0 -2  1  0 -2 -2 -1 -1  0  0 -2  0  1  0 -3 -2  0   18  15   3   4   0   5   7   1   0   5   6   4   2   2   3  16   4   0   0   6  0.13 0.11
  498 F   -1 -1  1 -1  1  0  0  0  0  1  0 -2  1  3 -2  0  1 -2 -1  0    2   2   7   2   3   5   7   8   2  12   7   0   5  16   2   6  12   0   0   3  0.07 0.11
  499 S    2 -1  0  1 -3  0  0  0  0 -3 -3 -1 -3 -3  0  2  2  2 -1 -2   19   3   2  10   0   4   6   7   3   0   0   2   0   0   3  22  13   3   2   2  0.26 0.18
  500 Q    0  1  0 -1 -3  1  0  0 -2 -1 -2  1 -1 -2  2  1  1 -3 -1  0    3   6   5   2   0   7   6   8   0   2   0  13   2   1  10  12   8   0   2  10  0.15 0.11
  501 P   -2 -4 -2  2 -5 -3  0 -1 -4 -2 -5 -1 -4 -2  7  0 -2 -6 -5 -4    2   0   2  11   0   0   6   5   0   3   0   3   0   2  58   7   2   0   0   0  1.32 0.41
  502 V   -1 -3  0 -1 -3  0  1 -2 -1 -2 -1 -2 -2 -3  4  1  1 -4 -3  2    4   0   5   2   0   3  13   2   2   0   4   0   0   0  22  11  12   0   0  21  0.37 0.20
  503 I    1 -1 -2 -1 -2  0 -1 -2 -3  2  1 -1  1 -2 -1  1  1 -3 -2  1   12   2   0   3   0   4   2   2   0  21  16   4   3   0   2  14  10   0   0   6  0.14 0.12
  504 V    1 -2 -2  0  1  0  0 -3 -3  2  1 -2 -1 -2  0  1  1 -3 -3  1   11   0   0   4   3   4   8   0   0  18  15   0   0   0   3  16  13   0   0   6  0.16 0.14
  505 S    2 -2 -1  0 -2  1  0 -1  2 -2 -1  0 -1 -1  0  2  1 -3 -2  0   17   0   0   3   0   6   7   3   6   0   4   6   2   2   4  25   8   0   0   6  0.18 0.14
  506 R    0  3  0  1 -3 -1  2 -2  2 -3 -3  1 -2 -1 -1  2 -1  2 -2 -1    6  19   4   7   0   0  13   0   5   0   0   7   0   3   2  23   0   4   0   6  0.28 0.17
  507 E    0  0  1  2 -3  2  3 -3 -1 -3 -3 -1 -3 -3 -1  2  0  1  0 -1    5   4   6   9   0   9  30   0   0   0   0   0   0   0   2  18   5   3   4   5  0.35 0.18
  508 D   -1 -1 -1  4 -4  2  3 -3  0 -4 -4 -1 -3 -3  1  1 -1 -4  1 -4    5   2   0  33   0  12  18   0   2   0   0   0   0   0   7  11   2   0   7   0  0.56 0.23
  509 V   -1 -2 -2  0 -3  1  2 -1 -2  0  0 -1 -1 -3  1  0  1 -4 -3  2    3   0   0   6   0   8  16   3   0   2   8   0   0   0   8   7  13   0   0  25  0.19 0.13
  510 V    0  0 -2 -2 -2 -1  0 -1  1  2 -1 -2 -1 -2  1  1  1 -4 -2  2    3   6   0   0   0   0   8   6   6  15   0   0   0   0   9  14  11   0   0  24  0.17 0.13
  511 P   -1 -3 -2 -1 -4  0  1 -3  1 -1 -3 -1 -3 -4  6  0  0 -5 -3 -1    3   0   0   3   0   4  10   0   5   4   0   3   0   0  50   7   6   0   0   6  0.97 0.25
  512 T    0  0 -1 -1 -2 -1 -1  0 -2  0 -1 -1 -1 -1  1  2  1 -3  0  2    3   8   0   3   0   0   3   6   0   3   3   0   0   3   6  24  12   0   3  22  0.13 0.11
  513 L   -1 -1  0 -3 -2 -2 -1 -3 -2  1  2 -2  1  4 -3  0 -1 -2  0 -1    4   3   6   0   0   0   4   0   0   9  32   0   3  23   0   9   3   0   0   0  0.24 0.13
  514 S    0 -1  1  3 -3 -1  1 -1 -2 -3 -3  1 -3 -4  2  2 -1 -4 -3 -1    7   0   4  25   0   0  11   4   0   0   0  10   0   0   8  25   0   0   0   6  0.36 0.14
  515 E   -2 -2  0  2 -4  2  5 -3 -1 -4 -3 -1  0 -1  1  1 -1 -4 -3 -3    0   0   4  10   0   7  48   0   0   0   0   0   4   4   7  15   0   0   0   0  0.59 0.20
  516 D   -2 -2  1  5 -4 -1  2 -1 -2 -3 -2 -2  0 -3 -3  0 -2  2 -3 -2    0   0   6  52   0   0  13   4   0   0   5   0   4   0   0   8   0   4   0   4  0.65 0.20
  517 N   -2  0  4  2 -3  1  2 -1  1 -1 -2 -1 -2  0 -3 -1  1 -3 -2 -2    0   4  30  13   0   4  16   5   5   4   4   0   0   6   0   0   9   0   0   0  0.30 0.12
  518 G    0 -2  1 -1 -3 -2  0  5 -2 -4 -4 -2 -3 -4  0  2  0 -4 -3 -3    5   0   6   0   0   0   6  56   0   0   0   0   0   0   5  17   5   0   0   0  0.69 0.16
  519 V    0 -3 -2  1 -2 -2 -2 -3 -2  3  1 -2  0 -1 -2 -1  0 -2  1  3    6   0   0  12   0   0   0   0   0  20   6   0   0   0   0   0   6   0   7  40  0.23 0.09
  520 I    0 -3 -3 -4 -2 -3 -3  1 -3  3  1 -3  0  2 -3 -2 -1 -2 -1  3    5   0   0   0   0   0   0  12   0  30  13   0   0  14   0   0   0   0   0  26  0.29 0.10
  521 A    1 -2 -1  1  3 -1  0 -2 -2  0 -1 -2 -1  1 -2  1  0 -3 -1  1   19   0   0  13   8   0   6   0   0   6   0   0   0   8   0  18   0   0   0  21  0.14 0.08
  522 L    0 -2 -2 -2 -2 -1  2 -3 -2  1  2 -2  3 -1 -3  0 -1 -3 -2  1    6   0   0   0   0   0  21   0   0   7  28   0  18   0   0   6   0   0   0  14  0.22 0.09
  523 D   -2 -2  0  5 -3  1  2 -2  2 -3 -2 -1 -2 -3 -2  1  0 -4 -3 -3    0   0   0  48   0   8  13   0   6   0   6   0   0   0   0  12   8   0   0   0  0.55 0.13
  524 D   -3  0  0  7 -5 -1  0 -2  2 -4 -5 -1 -4 -4 -3 -1 -2 -5 -3 -4    0   6   0  86   0   0   0   0   7   0   0   0   0   0   0   0   0   0   0   0  1.27 0.21
  525 K    1 -1 -1 -1 -2  0  2  1 -1 -2 -2  1  1 -3 -2  2  2 -3 -2 -1    9   0   0   0   0   0  19   9   0   0   0  10  11   0   0  18  22   0   0   0  0.21 0.06
  526 M    1 -2 -1 -2 -2  1 -1 -2 -2 -1 -1 -1  2  1 -2  1  2  5  0  1   11   0   0   0   0   9   0   0   0   0   0   0  10   9   0  18  20  10   0  12  0.20 0.06
  527 S    0 -1  0 -1 -2 -1 -1 -1  2 -2 -2 -1  1 -2  2  3  2 -3 -1 -1    1   1   1   1   0   0   1   1  10   1   1   1  10   0  11  39  22   0   0   1  0.30 0.07
  528 G    1 -1  2  0 -2  1  1  3 -1 -2 -2  0 -2 -3 -1  0  1 -2 -2 -2   14   1  12   1   0  11  13  28   0   1   1   1   0   1   1   1  12   0   0   1  0.25 0.03
  529 I   -1 -2 -1  2 -1 -1 -1  1 -2  2  0 -1  0 -1 -2 -1  1 -2 -2  1    1   1   1  16   0   1   1  14   0  29   1   1   0   1   1   1  14   0   1  14  0.09 0.02
  530 S    1 -2  0 -1 -2 -1 -1  3 -2 -3 -3 -1 -2 -3 -1  3  2 -3 -2 -2    0   0   0   0   0   0   0  33   0   0   0   0   0   0   0  51  16   0   0   0  0.45 0.04
  531 V   -1 -2 -2 -3 -1 -2 -2 -3  3  2  1 -2  1 -1 -3 -2 -1 -3 -1  4    0   0   0   0   0   0   0   0  16   0  15   0   0   0   0   0   0   0   0  69  0.31 0.05
  532 G    0 -3 -1 -2 -3 -2 -2  6 -2 -4 -4 -2 -3 -3 -2 -1 -2 -3 -3 -4    0   0   0   0   0   0   0 100   0   0   0   0   0   0   0   0   0   0   0   0  1.15 0.05
  533 R   -2  6  0 -2 -4  1  0 -2  0 -3 -2  2 -1 -3 -2 -1 -1 -3 -2 -3    0 100   0   0   0   0   0   0   0   0   0   0   0   0   0   0   0   0   0   0  0.75 0.01

                      K         Lambda
Standard Ungapped    0.1362     0.3194
Standard Gapped      0.0410     0.2670
PSI Ungapped         0.0997     0.3175
PSI Gapped           0.0305     0.2670
