
Last position-specific scoring matrix computed, weighted observed percentages rounded down, information per position, and relative weight of gapless real matches to pseudocounts
           A  R  N  D  C  Q  E  G  H  I  L  K  M  F  P  S  T  W  Y  V   A   R   N   D   C   Q   E   G   H   I   L   K   M   F   P   S   T   W   Y   V
    1 M   -1 -1 -2 -3 -1  0 -2 -3 -1  1  2 -1  5  0 -2 -1 -1 -1 -1  1    0   0   0   0   0   0   0   0   0   0   0   0   0   0   0   0   0   0   0   0  0.00    0.00
    2 F   -2 -3 -3 -3 -2 -3 -3 -3 -1  0  0 -3  0  6 -3 -2 -2  1  3 -1    0   0   0   0   0   0   0   0   0   0   0   0   0   0   0   0   0   0   0   0  0.00    0.00
    3 L   -1 -2 -3 -3 -1 -2 -3 -3 -3  1  4 -2  2  0 -3 -2 -1 -2 -1  1    0   0   0   0   0   0   0   0   0   0   0   0   0   0   0   0   0   0   0   0  0.00    0.00
    4 S    1 -1  1  0 -1  0  0  0 -1 -2 -2  0 -1 -2 -1  4  1 -3 -2 -2    0   0   0   0   0   0   0   0   0   0   0   0   0   0   0   0   0   0   0   0  0.00    0.00
    5 E   -1  0  0  1 -3  2  5 -2  0 -3 -3  1 -2 -3 -1  0 -1 -3 -2 -2    0   0   0   0   0   0   0   0   0   0   0   0   0   0   0   0   0   0   0   0  0.00    0.00
    6 R   -1  5  0 -2 -3  1  0 -2  0 -3 -2  2 -1 -3 -2 -1 -1 -3 -2 -2    0   0   0   0   0   0   0   0   0   0   0   0   0   0   0   0   0   0   0   0  0.00    0.00
    7 V    0 -2 -3 -3 -1 -2 -2 -3 -3  2  1 -2  1 -1 -2 -2  0 -3 -1  4    0   0   0   0   0   0   0   0   0   0   0   0   0   0   0   0   0   0   0   0  0.00    0.00
    8 K   -1  2  0 -1 -3  1  1 -1 -1 -3 -2  4 -1 -3 -1  0 -1 -3 -2 -2    0   0   0   0   0   0   0   0   0   0   0   0   0   0   0   0   0   0   0   0  0.00    0.00
    9 E   -1  0  0  1 -3  2  5 -2  0 -3 -3  1 -2 -3 -1  0 -1 -3 -2 -2    0   0   0   0   0   0   0   0   0   0   0   0   0   0   0   0   0   0   0   0  0.00    0.00
   10 P   -1 -2 -2 -1 -3 -1 -1 -2 -2 -3 -3 -1 -2 -3  7 -1 -1 -3 -3 -2    0   0   0   0   0   0   0   0   0   0   0   0   0   0   0   0   0   0   0   0  0.00    0.00
   11 S    1 -1  1  0 -1  0  0  0 -1 -2 -2  0 -1 -2 -1  4  1 -3 -2 -2    0   0   0   0   0   0   0   0   0   0   0   0   0   0   0   0   0   0   0   0  0.00    0.00
   12 R   -1  5  0 -2 -3  1  0 -2  0 -3 -2  2 -1 -3 -2 -1 -1 -3 -2 -2    0   0   0   0   0   0   0   0   0   0   0   0   0   0   0   0   0   0   0   0  0.00    0.00
   13 I   -1 -3 -3 -3 -1 -3 -3 -4 -3  4  1 -3  1  0 -3 -2 -1 -2 -1  2    0   0   0   0   0   0   0   0   0   0   0   0   0   0   0   0   0   0   0   0  0.00    0.00
   14 P   -1 -2 -2 -1 -3 -1 -1 -2 -2 -3 -3 -1 -2 -3  7 -1 -1 -3 -3 -2    0   0   0   0   0   0   0   0   0   0   0   0   0   0   0   0   0   0   0   0  0.00    0.00
   15 L   -1 -2 -3 -3 -1 -2 -3 -3 -3  1  4 -2  2  0 -3 -2 -1 -2 -1  1    0   0   0   0   0   0   0   0   0   0   0   0   0   0   0   0   0   0   0   0  0.00    0.00
   16 S    1 -1  1  0 -1  0  0  0 -1 -2 -2  0 -1 -2 -1  4  1 -3 -2 -2    0   0   0   0   0   0   0   0   0   0   0   0   0   0   0   0   0   0   0   0  0.00    0.00
   17 N   -1  0  5  1 -3  0  0  0  1 -3 -3  0 -2 -3 -2  1  0 -4 -2 -3    0   0   0   0   0   0   0   0   0   0   0   0   0   0   0   0   0   0   0   0  0.00    0.00
   18 E   -1  0  0  1 -3  2  5 -2  0 -3 -3  1 -2 -3 -1  0 -1 -3 -2 -2    0   0   0   0   0   0   0   0   0   0   0   0   0   0   0   0   0   0   0   0  0.00    0.00
   19 S    1 -1  1  0 -1  0  0  0 -1 -2 -2  0 -1 -2 -1  4  1 -3 -2 -2    0   0   0   0   0   0   0   0   0   0   0   0   0   0   0   0   0   0   0   0  0.00    0.00
   20 E   -1  0  0  1 -3  2  5 -2  0 -3 -3  1 -2 -3 -1  0 -1 -3 -2 -2    0   0   0   0   0   0   0   0   0   0   0   0   0   0   0   0   0   0   0   0  0.00    0.00
   21 E   -1  0  0  1 -3  2  5 -2  0 -3 -3  1 -2 -3 -1  0 -1 -3 -2 -2    0   0   0   0   0   0   0   0   0   0   0   0   0   0   0   0   0   0   0   0  0.00    0.00
   22 A    4 -1 -1 -2  0 -1 -1  0 -2 -1 -1 -1 -1 -2 -1  1  0 -2 -2  0    0   0   0   0   0   0   0   0   0   0   0   0   0   0   0   0   0   0   0   0  0.00    0.00
   23 V    0 -2 -3 -3 -1 -2 -2 -3 -3  2  1 -2  1 -1 -2 -2  0 -3 -1  4    0   0   0   0   0   0   0   0   0   0   0   0   0   0   0   0   0   0   0   0  0.00    0.00
   24 G    0 -2  0 -1 -2 -2 -2  5 -2 -4 -3 -1 -3 -3 -2  0 -1 -2 -3 -3    0   0   0   0   0   0   0   0   0   0   0   0   0   0   0   0   0   0   0   0  0.00    0.00
   25 G    0 -2  0 -1 -2 -2 -2  5 -2 -4 -3 -1 -3 -3 -2  0 -1 -2 -3 -3    0   0   0   0   0   0   0   0   0   0   0   0   0   0   0   0   0   0   0   0  0.00    0.00
   26 S    1 -1  1  0 -1  0  0  0 -1 -2 -2  0 -1 -2 -1  4  1 -3 -2 -2    0   0   0   0   0   0   0   0   0   0   0   0   0   0   0   0   0   0   0   0  0.00    0.00
   27 A    4 -1 -1 -2  0 -1 -1  0 -2 -1 -1 -1 -1 -2 -1  1  0 -2 -2  0    0   0   0   0   0   0   0   0   0   0   0   0   0   0   0   0   0   0   0   0  0.00    0.00
   28 E   -1  0  0  1 -3  2  5 -2  0 -3 -3  1 -2 -3 -1  0 -1 -3 -2 -2    0   0   0   0   0   0   0   0   0   0   0   0   0   0   0   0   0   0   0   0  0.00    0.00
   29 N   -1  0  5  1 -3  0  0  0  1 -3 -3  0 -2 -3 -2  1  0 -4 -2 -3    0   0   0   0   0   0   0   0   0   0   0   0   0   0   0   0   0   0   0   0  0.00    0.00
   30 A    4 -1 -1 -2  0 -1 -1  0 -2 -1 -1 -1 -1 -2 -1  1  0 -2 -2  0    0   0   0   0   0   0   0   0   0   0   0   0   0   0   0   0   0   0   0   0  0.00    0.00
   31 N   -1  0  5  1 -3  0  0  0  1 -3 -3  0 -2 -3 -2  1  0 -4 -2 -3    0   0   0   0   0   0   0   0   0   0   0   0   0   0   0   0   0   0   0   0  0.00    0.00
   32 T    0 -1  0 -1 -1 -1 -1 -1 -2 -1 -1 -1 -1 -2 -1  1  4 -2 -2  0    0   0   0   0   0   0   0   0   0   0   0   0   0   0   0   0   0   0   0   0  0.00    0.00
   33 V    0 -2 -3 -3 -1 -2 -2 -3 -3  2  1 -2  1 -1 -2 -2  0 -3 -1  4    0   0   0   0   0   0   0   0   0   0   0   0   0   0   0   0   0   0   0   0  0.00    0.00
   34 D   -2 -2  1  5 -3  0  1 -1 -1 -3 -3 -1 -3 -3 -1  0 -1 -4 -3 -3    0   0   0   0   0   0   0   0   0   0   0   0   0   0   0   0   0   0   0   0  0.00    0.00
   35 D   -2 -2  1  6 -4  0  2 -1 -1 -3 -4 -1 -3 -4 -2  0 -1 -4 -3 -3    0   0   0 100   0   0   0   0   0   0   0   0   0   0   0   0   0   0   0   0  0.93 0.00
   36 E   -1  0  4  1 -3  1  3 -1  0 -3 -3  0 -2 -3 -2  0  0 -3 -2 -3    0   0  50   0   0   0  50   0   0   0   0   0   0   0   0   0   0   0   0   0  0.54 0.00
   37 D   -1 -1  1  5 -4  1  4 -2 -1 -3 -3  0 -3 -3 -1  0 -1 -4 -3 -3    0   0   0  50   0   0  50   0   0   0   0   0   0   0   0   0   0   0   0   0  0.69 0.00
   38 A    3  1 -1 -1 -1  0  0 -1 -1 -2 -2  3 -1 -3 -1  1  0 -3 -2 -1   50   0   0   0   0   0   0   0   0   0   0  50   0   0   0   0   0   0   0   0  0.29 0.00
   39 K   -1  4  0 -1 -3  1  0 -2 -1 -3 -2  4 -1 -3 -2  0 -1 -3 -2 -2    0  50   0   0   0   0   0   0   0   0   0  50   0   0   0   0   0   0   0   0  0.56 0.00
   40 T   -1 -2 -1 -2 -1 -1 -2 -2 -2  0  2 -1  0 -1 -2  1  4 -2 -2  0    0   0   0   0   0   0   0   0   0   0  34   0   0   0   0   0  66   0   0   0  0.29 0.01
   41 E   -1  1  0  1 -3  3  4 -2  0 -3 -3  3 -1 -3 -1  0 -1 -3 -2 -3    0   0   0   0   0  26  48   0   0   0   0  26   0   0   0   0   0   0   0   0  0.55 0.02
   42 V   -1 -3 -3 -3 -1 -2 -3 -4 -3  3  2 -3  1  0 -3 -2 -1 -3 -1  3    0   0   0   0   0   0   0   0   0  24  26   0   0   0   0   0   0   0   0  50  0.34 0.02
   43 S    1 -1  0 -1 -1 -1 -1 -1 -1 -1  1 -1  0 -2 -1  4  1 -3 -2 -1    0   0   0   0   0   0   0   0   0   0  26   0   0   0   0  74   0   0   0   0  0.27 0.03
   44 N    0  0  3  0 -2  2  0 -1  0 -2 -2  0 -1 -3 -1  2  2 -3 -2 -2    0   0  24   0   0  24   0   0   0   0   0   0   0   0   0  26  26   0   0   0  0.34 0.02
   45 D   -1 -2  1  5 -3 -1  1 -2 -1 -2 -3 -1 -2 -3 -2  0  2 -4 -3 -2    0   0   0  74   0   0   0   0   0   0   0   0   0   0   0   0  26   0   0   0  0.68 0.03
   46 R    0  2  0 -1 -2  0 -1  2  4 -3 -3  0 -2 -2 -2  2 -1 -3 -1 -3    0  24   0   0   0   0   0  24  26   0   0   0   0   0   0  26   0   0   0   0  0.34 0.02
   47 I   -1 -2 -1 -2 -1 -2 -2 -3 -2  2  2 -2  1 -1 -2  0  3 -2 -2  1    0   0   0   0   0   0   0   0   0  24  26   0   0   0   0   0  50   0   0   0  0.25 0.02
   48 D   -2  2 -1  2 -3  0 -1 -2 -1 -1  0  0  3  3 -2 -1 -1 -1  0 -1    0  26   0  24   0   0   0   0   0   0   0   0  26  24   0   0   0   0   0   0  0.20 0.02
   49 N   -1  1  4  0 -3  3  1 -1  0 -3 -3  2 -2 -3 -2  0  0 -3 -2 -3    0   0  48   0   0  26   0   0   0   0   0  26   0   0   0   0   0   0   0   0  0.48 0.03
   50 E   -1  0 -1 -1 -2  0  2 -3 -2  1  1  2  0 -1 -2 -1 -1 -3 -2  0    0   0   0   0   0   0  24   0   0  24  26  26   0   0   0   0   0   0   0   0  0.14 0.01
   51 N   -1  2  4  0 -3  0 -1  3  0 -4 -3  0 -2 -3 -2  0 -1 -3 -2 -3    0  24  50   0   0   0   0  26   0   0   0   0   0   0   0   0   0   0   0   0  0.49 0.02
   52 N   -1  2  2  0 -3  0  2 -2 -1  0 -1  0 -1 -2 -2  0 -1 -3 -2  1    0  24  24   0   0   0  26   0   0   0   0   0   0   0   0   0   0   0   0  26  0.22 0.02
   53 T    0 -1  3  0 -2 -1 -1 -1 -1 -2 -3 -1 -2 -3  4  2  2 -3 -2 -2    0   0  24   0   0   0   0   0   0   0   0   0   0   0  26  26  24   0   0   0  0.52 0.02
   54 A    2 -1 -1 -1 -1  0  2 -1 -1  1 -1 -1 -1 -2 -1  3  0 -3 -2  0   19   0   0   0   0   0  18   0   0  21   0   0   0   0   0  42   0   0   0   0  0.19 0.03
   55 T    2 -2 -1 -2 -1 -1 -1 -1 -2 -1 -1 -1 -1  2 -2  1  3 -2  0  0   39   0   0   0   0   0   0   0   0   0   0   0   0  21   0   0  40   0   0   0  0.26 0.03
   56 A    2 -2 -1 -1 -1 -1 -1 -1 -2 -1 -2 -1 -1 -2  4  3  0 -3 -2  1   19   0   0   0   0   0   0   0   0   0   0   0   0   0  21  42   0   0   0  18  0.37 0.03
   57 S    0 -2  0  4 -2 -1  0 -1 -1 -3 -3 -1 -2 -3  3  3  0 -4 -3 -3    0   0   0  33   0   0   0   0   0   0   0   0   0   0  18  49   0   0   0   0  0.55 0.05
   58 S    1 -1  2 -1 -2  2  0 -1 -1 -1 -1 -1 -1  2 -2  1  0 -2  0  0   18   0  17   0   0  17   0   0   0   0   0   0   0  15   0  16   0   0   0  16  0.12 0.03
   59 G   -1  4 -1 -2 -3  0  0  1 -1 -3 -3  3 -2 -3  2 -1 -1 -3 -2 -3    0  44   0   0   0   0   0  13   0   0   0  29   0   0  14   0   0   0   0   0  0.54 0.06
   60 A    2  2 -1  0 -2  2  3 -1 -1 -3 -2  2 -1 -3 -1  0 -1 -3 -2 -2   27  15   0   0   0  16  29   0   0   0   0  13   0   0   0   0   0   0   0   0  0.36 0.05
   61 V   -1 -1  2 -1 -2  0  1 -2  5  0 -1 -1 -1 -2 -2 -1  1 -3 -1  2    0   0  15   0   0   0  16   0  27   0   0   0   0   0   0   0  13   0   0  29  0.24 0.05
   62 H   -2 -1 -1 -2 -3 -1 -1 -3  8 -3 -3 -2 -2  0 -3 -2 -2 -1  5 -3    0   0   0   0   0   0   0   0  69   0   0   0   0   0   0   0   0   0  31   0  1.07 0.12
   63 N   -1  1  3  0 -2  0 -1  1  3 -2  0  0 -1 -2 -2  0 -1 -2 -1 -2    1  14  30   1   0   1   1  14  14   1  17   1   0   1   1   1   1   0   0   1  0.19 0.03
   64 E   -1  0 -1  0 -3  1  3 -3  3 -1  0  2 -1 -2 -2 -1 -1 -3 -1  0    0   0   0   0   0   0  38   0  12   0  11  26   0   0   0   0   0   0   0  13  0.28 0.06
   65 Y   -2  1  1 -2 -3 -2 -2 -3  0 -1 -1 -1 -1  4 -3 -2 -2  0  5  0    0  12  12   0   0   0   0   0   0   0   0   0   0  25   0   0   0   0  38  13  0.44 0.08
   66 T    1 -2 -1 -2 -1 -1 -1 -2  4  0  0 -1  0 -2 -2  2  1 -3 -1  2   12   0   0   0   0   0   0   0  20   0  10   0   0   0   0  23  10   0   0  24  0.18 0.06
   67 S    0 -1  0 -1 -2  2  0 -1 -1 -3 -3  1 -2 -3 -2  4  2 -3 -2 -2    0   0   0   0   0  11   0   0   0   0   0  11   0   0   0  69  10   0   0   0  0.53 0.13
   68 I    0 -2 -2 -2 -2  1 -2  1 -2  2  1 -2  0  1 -2 -1  0 -2 -1  1   10   0   0   0   0  11   0  11   0  29  19   0   0  11   0   0   9   0   0   0  0.11 0.05
   69 D    0 -1  2  5 -3  0  2 -1 -1 -3 -3 -1 -2 -3 -2  1 -1 -3 -3 -2   11   0   9  46   0   0  17   1   0   0   1   0   0   0   0  10   1   0   0   1  0.53 0.09
   70 A    2 -2 -1 -2 -1 -1 -1 -1 -2  0  1 -1  0 -1 -2  1  2 -2 -2  1   25   0   0   0   0   0   0   1   0   0  20   0   0   0   0  17  16   0   0  18  0.17 0.06
   71 E   -1 -1  1  2 -3  0  4 -2 -1 -3 -3  0  1 -3 -2  2 -1 -4 -3 -3    0   0   9   9   0   0  48   0   0   0   0   0   8   0   0  26   0   0   0   0  0.52 0.13
   72 G   -1 -1  0  5 -3  0  1  0 -2 -1 -3  2 -2 -3 -2  1 -1 -4 -3 -2    0   0   0  46   0   0   7   7   0   8   0  17   0   0   0  15   0   0   0   0  0.47 0.12
   73 P    0 -2 -1  0 -3 -1 -1 -3  6 -3 -3 -2 -3 -2  5 -1  0 -3  2 -3    8   0   0   7   0   0   0   0  30   0   0   0   0   0  39   0   9   0   8   0  0.87 0.16
   74 E   -1  1  1  0 -3  3  3 -2 -1 -3 -3  0 -2 -3 -2  3  1 -3 -2 -3    0   9   7   0   0  26  20   0   0   0   0   0   0   0   0  30   7   0   0   0  0.45 0.12
   75 K    1 -1  1  2 -2  1  1 -1 -1 -2 -2  1 -1  2 -2  0 -1 -2 -1 -2   17   0   9  16   0   8   8   1   0   0   1  15   0  15   0   7   0   0   0   0  0.18 0.06
   76 E   -1 -1  0  3 -3  0  4 -2 -1 -4 -4  1 -3 -4 -2  2 -1 -4 -3 -3    0   0   0  24   0   0  39   0   0   0   0   9   0   0   0  28   0   0   0   0  0.60 0.14
   77 P   -1 -2 -2 -2 -2 -2  0 -3 -2  0  0 -2 -1 -3  6  0  0 -3 -3  0    1   0   0   0   0   0   7   1   0   7   8   0   0   0  49   8   8   0   0   9  0.82 0.16
   78 L    0 -2 -2 -2 -1 -2 -2 -2 -2  2  1 -2  0 -1 -2  1  2 -3 -2  2    7   0   0   0   0   0   0   1   0  13  19   0   0   0   0  15  22   0   0  19  0.20 0.10
   79 A    2 -2 -1  1 -2 -1 -1  0 -2 -2 -2 -1 -2 -3  1  3  2 -3 -2 -2   19   0   0   7   0   0   0   7   0   0   1   0   0   0   8  34  21   0   0   0  0.35 0.13
   80 T    1  0 -1 -2 -2 -1  0  0 -2 -1 -2 -1  1 -3  1  1  4 -3 -2  0   11   6   0   0   0   0   6   6   0   0   1   0   6   0   7  12  38   0   0   6  0.29 0.15
   81 H    0 -1  2 -1 -2  1 -1 -2  5 -2 -1  0 -2 -2 -2  2  1 -3  1 -2    6   0  11   0   0   6   0   0  22   0   7   6   0   0   0  27   7   0   6   0  0.32 0.16
   82 G    2 -1  1 -1 -2  2  0  2  3 -3 -2 -1  0 -3 -2  1 -1 -3 -2 -2   23   0   6   0   0  12   7  20  13   0   1   0   5   0   0  12   0   0   0   0  0.29 0.14
   83 L   -1  3 -2 -2 -2 -1 -1 -1 -2 -1  2  0  2 -2 -3  0  2 -3 -2  1    0  22   0   0   0   0   5   5   0   0  27   4   6   0   0   6  16   0   0  10  0.20 0.15
   84 S    0  0  3  2 -3  1  0  0  1 -3 -2  0 -2 -3 -2  1  2 -4 -2 -2   11   5  17  15   0   5   4   4   5   0   5   5   0   0   0   9  15   0   0   0  0.23 0.12
   85 M    0  2 -1 -1 -2 -1  1  0 -2 -2  0 -1  3 -2  0  1  1 -3 -2 -2    5  18   0   0   0   0  15   8   0   0  10   0  13   0   5  17   9   0   0   0  0.19 0.15
   86 E    0  0  1  2 -3  1  4 -2 -1 -3 -3 -1  0 -3  2  1 -1 -3 -3 -3    5   4   6  12   0   5  34   1   0   0   1   0   4   0  12  15   1   0   0   1  0.44 0.19
   87 L   -1  0  1 -1 -2  0  2 -2 -2  0  2  0  1 -2  0  0  0 -3 -2  0    1   4   8   0   0   4  23   1   0   4  24   4   6   0   3   8   4   0   0   5  0.15 0.12
   88 I    0  0 -2 -2 -2  0 -2 -2 -2  2  1 -1  1  0  2  0  0 -2  2  0    7   8   0   1   0   4   1   1   0  17  14   1   3   3  13   7   4   0  12   4  0.16 0.11
   89 S   -1  0  2 -1  1  1  2 -2 -2 -3 -2  0 -3 -4 -2  4  0 -4 -3 -3    3   6  13   0   3   7  14   0   0   0   4   3   0   0   0  42   2   0   0   0  0.48 0.29
   90 D   -1  1  0  2 -3  2  3 -1 -2 -3 -3  0 -2 -4  2  0  1 -4 -3 -1    2   9   3  11   0  12  21   3   0   0   0   3   0   0  12   3  13   0   0   4  0.33 0.21
   91 I   -1 -1  1 -2 -2 -1  0 -1 -2  2  1 -1  1 -2  0  0  1 -3 -2  2    3   3   9   0   0   0   7   3   0  13  14   3   5   0   5   9   8   0   0  17  0.10 0.11
   92 S    2 -1  1 -2 -2  2 -1  0 -2 -2 -3 -1 -2 -3  0  2  1 -3  1  0   20   3   8   0   0  11   2   6   0   0   0   0   0   0   4  22  10   0   6   6  0.26 0.21
   93 T   -1  1  1  1 -3  3  1 -2  2 -1 -1  0 -2 -2 -2  1  2 -3 -2 -2    4   8   8   8   0  18   6   0   6   4   5   5   0   2   0  11  15   0   0   0  0.23 0.18
   94 S    1 -2 -2  0 -3 -2  0  0  0 -3 -3  0 -3 -4  4  3  0 -4 -3 -1   12   0   0   6   0   0   5   8   2   0   2   5   0   0  21  30   3   0   0   3  0.47 0.27
   95 K    0  1  0  1 -3  1  1  0 -2 -2 -1  2 -2 -1  1  1  1 -3 -2 -2    4   9   5  11   0   5   6   7   0   2   6  16   0   2   5  15   7   0   0   2  0.16 0.12
   96 E   -2  1 -2  1 -4  0  3 -2  4 -2  0  0  1 -1 -1 -1  0 -4 -2 -1    0   9   0   8   0   3  24   2  15   0  12   5   4   2   3   2   6   0   0   4  0.29 0.22
   97 V   -1 -1 -1 -1 -2  0  1 -1  1  0  1 -1  1  0  0 -1  0 -2  0  1    4   2   0   3   0   3  17   5   5   5  14   3   4   5   4   3   8   0   3  10  0.05 0.08
   98 Q    1  1 -2  0 -3  3  1 -2  0 -1 -2  0 -2  0  1  1  0  1 -2 -2   12   7   0   4   0  20  10   0   3   4   2   5   0   4   7  15   4   2   0   0  0.25 0.20
   99 K   -1  0  1 -1  0 -2  1 -2 -1 -3 -1  0 -3 -3  5  0  2 -4  0 -3    2   6   8   3   2   0   9   1   1   0   8   5   0   0  30   6  13   0   4   0  0.49 0.26
  100 H   -1  2  1  1 -4  2 -1  0  4 -2 -3  0 -3 -1  3  0 -1 -4 -1 -3    5  16   5   7   0   9   1   6  12   2   0   5   0   3  16   5   3   0   2   0  0.34 0.22
  101 L    1 -3 -3 -2 -2 -1 -3 -1 -2  1  3 -2  2 -1 -2  0  1 -3 -2  1   14   0   0   2   0   3   0   4   1   8  32   1   5   2   1   6  10   0   0  11  0.23 0.20
  102 E   -1  0  0  0 -4  1  2 -1  1 -2 -3 -1 -3 -4  4  1  1 -4 -3 -1    4   4   3   4   0   8  13   3   3   2   1   2   0   0  26  14   8   0   0   4  0.46 0.27
  103 K   -1  2 -1  2 -4  1  0  1  2 -3 -3  1 -1 -4  3  0 -1 -4 -3 -2    4  13   1  15   0   7   4  13   6   0   2   7   1   0  15   6   2   0   0   3  0.33 0.22
  104 T   -1 -1  1  1 -1  0  0 -2  0  0  0  0 -2 -1 -1  2  1  1 -1 -1    3   2   9   9   1   4   3   1   2   7  10   6   0   2   2  23  10   2   2   2  0.13 0.16
  105 E   -1  0  0  2 -4  1  3 -1  3  0 -4 -2 -3 -4 -1  2 -2 -5 -3 -2    2   5   4  13   0   6  26   4   8   7   0   0   0   0   3  19   1   0   0   2  0.41 0.31
  106 P   -1 -1 -1 -2 -5 -1 -1 -2 -2 -5 -2  1 -4 -5  7  0 -2 -5 -2 -4    4   3   2   2   0   2   3   2   1   0   5   7   0   0  56   7   1   0   2   0  1.23 0.53
  107 E   -1  0 -1  2 -4  2  3 -1 -1 -2  0 -1  1 -1  0  0 -1 -4 -2 -2    4   5   1  10   0   9  27   4   1   1  12   2   4   2   3   8   3   0   1   2  0.24 0.22
  108 T    1  1  1  1 -1  0  1  0 -1 -2 -1  0 -1 -2 -1  2  1 -4 -3  0   11   9   6   7   1   2   7   7   1   1   5   3   1   1   2  22   7   0   0   7  0.14 0.15
  109 T    1  0  0  1 -3 -1 -1 -1 -1 -2 -2  0 -1 -4  0  1  3 -4 -3  1   14   6   4   7   0   2   3   4   1   1   1   4   2   0   5  12  24   0   0  11  0.24 0.23
  110 S    1  0  1  0 -3  0  1 -1 -2 -1  0 -1 -1 -3 -1  3  1 -4 -3 -1    9   4   6   4   0   3  13   4   0   3  10   3   1   0   1  26   8   0   0   4  0.19 0.21
  111 T    0  0  0 -1 -3  3  1 -2 -3  0 -2 -1 -2 -4  0  1  3 -4 -3 -1    9   6   4   2   0  18   9   2   0   6   4   2   1   0   5  11  21   0   0   2  0.29 0.27
  112 S   -1 -1  0  1 -1  0  1  0  0  0  0 -1 -1 -1  0  2  1 -3 -2  0    2   3   3   9   1   5   8   9   2   4  13   0   1   3   4  18   7   0   0   7  0.08 0.12
  113 K   -1 -1 -2  0 -1  1 -1 -3  1 -2  1  0 -1 -2  5  1 -1 -4 -1 -2    3   3   1   5   1   7   2   1   5   1  14   5   1   2  31  11   4   0   2   2  0.47 0.29
  114 Y    0 -2  1  1 -1 -2  1  0 -1 -2 -2 -2 -3 -2  4  1  1 -4  0 -2    9   1   7   8   2   0  10   6   1   2   3   1   0   2  21  14   9   0   3   1  0.32 0.23
  115 S    1 -1  0  1 -3  0  0 -1 -2 -2 -1  1 -1 -3  0  3  1 -3 -1 -1   15   3   5   7   0   4   7   2   0   1   5   9   2   0   3  25   6   0   2   4  0.19 0.19
  116 I    0 -2  0  0 -3 -1 -1  0 -3  0  0  0 -1 -3  3  0  1 -3 -3  1    5   1   5   6   0   3   1   8   0   4  13   5   1   0  18   9   8   0   0  12  0.20 0.16
  117 Q    1  1 -1  0 -3  1  2 -1 -2 -2 -2  1 -2 -4  2  1  0 -4 -3 -1   15   7   2   6   0   7  14   2   0   3   2   8   1   0  13  12   5   0   0   4  0.26 0.20
  118 S    1  0  0  0 -1  1  1  1 -2 -2 -2 -1 -2 -4  1  2  1 -4 -3 -1   15   6   4   6   1   8   8   9   0   1   4   2   0   0   6  17   9   0   0   4  0.18 0.18
  119 D    1 -3  0  4 -4 -1  2  0  0 -3 -2 -1 -2 -4  2  0  0 -5 -4 -2   15   0   3  23   0   1  13   7   2   1   4   2   1   0  13   7   5   0   0   2  0.39 0.28
  120 T    0 -1  0 -1 -3  2 -1  1 -2 -1 -1  0  1 -3 -1  2  3 -4 -3  0    6   3   5   3   0  10   3  10   0   3   5   4   5   0   3  16  19   0   0   6  0.20 0.21
  121 S    0 -1  2  2 -2  1  2 -2 -2 -2 -1 -1 -3 -4  1  2  0 -4 -2 -2    7   2  10  11   1   7  15   3   0   2   7   3   0   0   8  16   5   0   1   1  0.25 0.22
  122 S    1 -1 -1  0 -1  1  1  1 -2  0 -2  0 -2 -3  1  2  1 -4 -3 -1    9   3   1   5   1   5  12  12   1   5   2   5   1   1   6  16  10   0   0   4  0.16 0.17
  123 K   -1  0  0  2 -4  0  0 -2  0  1 -1  0 -2 -3  3  1  0 -4 -2 -1    3   4   4  15   0   5   5   2   2   9   5   5   0   1  19  10   6   0   1   5  0.27 0.21
  124 S    0 -1  1  1 -3  0  0  1  0 -1 -1  0 -2 -2  0  2  1 -4 -2 -1    5   1   8  10   0   5   5   9   2   5   7   6   0   1   4  18  12   0   1   2  0.15 0.16
  125 D    0 -1  2  4 -5  0  3 -1 -1 -3 -2  0 -1 -5 -1 -1 -2 -5 -4 -2    6   3   8  29   0   4  22   4   2   1   4   4   2   0   3   3   2   0   0   2  0.50 0.32
  126 S    1  0  1  2 -2  0  2 -1  0 -2 -2  1 -1 -3 -1  1  1 -4 -2  0   11   4   6  11   1   2  15   3   3   2   2   8   1   0   2  14   7   0   1   7  0.18 0.17
  127 S    0 -2  0  0 -3  1  0  0  3 -2 -2 -2 -2 -4 -1  3  2 -4 -2 -1    9   1   3   4   0   7   5   6   8   2   5   1   1   0   3  27  14   0   1   5  0.29 0.27
  128 P    0 -1 -1 -1 -1  0  0  0 -2 -4 -4 -2 -3 -4  7 -2 -1 -6 -5 -3    8   3   2   4   1   4   5   7   1   1   2   2   1   1  51   3   3   0   0   2  1.11 0.54
  129 N    0  0  1  2 -2  1  2 -1  0 -2 -3 -1 -3 -2  0  1  2 -4 -2 -2    9   4   7  11   1   6  18   4   2   2   2   2   0   1   4  11  13   0   1   2  0.23 0.20
  130 S    1 -1  0  2 -3 -1  2 -1  0 -3 -1  0 -3 -4  1  2  1 -1 -3 -2   12   2   5  10   0   1  13   3   2   1   6   6   0   0   6  21  10   1   0   2  0.24 0.22
  131 G    1 -2  0  0 -3  0  0  2 -2 -1 -1 -1  0 -2  2  1  1 -3 -1 -1   14   1   3   5   0   4   5  15   1   2   8   4   2   1  11  11   8   0   2   4  0.16 0.14
  132 T   -1 -2  0  1 -3  0  1 -1 -1 -2 -1  0 -1 -2  3  1  2 -1 -3 -1    3   0   3   9   0   4   8   3   1   1   6   6   1   1  17  13  17   1   0   5  0.28 0.23
  133 A    0 -1 -1 -1 -3  0  1 -1 -2  0  1 -1  1 -1  2  1  1 -3 -2  0    9   3   2   3   0   4   9   3   0   6  16   2   5   2   9   9   9   0   0   7  0.11 0.13
  134 P   -1 -2  0  0 -4  1  1 -1  0 -3 -3 -2 -3 -4  5  0  2  0 -2 -1    3   2   5   4   0   6  10   4   2   1   2   1   0   0  30   8  14   1   1   4  0.56 0.34
  135 K    0 -1 -1  0 -3  0  1 -1 -3 -1  1 -1  4 -2  2  0  0 -2 -2 -1    6   3   3   4   0   3   9   5   0   2  18   3  17   1  10   5   5   0   1   4  0.20 0.21
  136 R    2 -1 -1  0 -3  0  1 -2 -3 -2 -3 -1 -2 -3  0  3  2  0 -4 -2   15   3   2   5   0   3  10   2   0   2   2   2   1   1   4  30  14   2   0   3  0.37 0.31
  137 A    3 -2 -1 -1 -3  0  0 -2  1 -1 -1 -1  0 -3  1  1  1 -2 -2 -1   31   1   3   2   0   4   7   2   4   3   7   3   2   0   7  10   9   1   1   4  0.25 0.23
  138 S    1 -2 -1  0  0 -1  0 -1 -4 -2 -4 -2 -4 -5 -2  5  1 -5 -4 -2   10   2   2   4   2   2   7   5   0   2   1   1   0   0   1  50   9   0   0   2  0.72 0.46
  139 S    1 -1 -1 -2 -3  0  0 -1  1  0 -1 -1  1 -2  2  1  1 -4 -3  1   12   4   3   1   0   3   5   4   3   5   6   2   4   2  10  14   9   0   0  15  0.13 0.14
  140 L    0 -1 -1 -2 -1 -1 -1 -2 -2  2  1 -2  3 -1 -2  0  1 -4 -2  3    6   3   2   2   1   3   3   3   1  12  12   1   9   2   1   7   9   0   1  23  0.20 0.18
  141 K    0 -1 -2 -1 -2  1  2 -1 -2 -1  3 -1 -1 -2 -2  1  0 -2 -2 -1    9   2   1   3   1   5  13   4   0   3  31   4   1   1   2  12   6   0   1   2  0.20 0.21
  142 P    0 -1 -1  1 -4  0  0 -2 -3 -2 -2 -1 -1 -4  4  1  3 -1 -3 -2    8   2   2   7   0   5   6   2   0   2   3   3   1   0  24   9  23   1   1   2  0.49 0.32
  143 G    0  0  1  0 -2  1 -1  1  1 -1 -2  0 -2 -2  0  1  1 -3 -2 -1    9   4   7   6   1   6   3  11   5   3   2   7   0   2   4  15  12   0   1   3  0.14 0.14
  144 L    0 -1 -2 -1 -3  0 -1 -1 -1  0  3 -2  0 -2  0  0  1 -1 -2  1    6   3   1   3   0   4   4   4   1   5  34   2   1   1   6   6   8   1   1   9  0.17 0.17
  145 D   -1 -2  0  1 -4 -1  2 -2  0 -3 -3 -2 -4 -5  6  0  0 -5 -4 -2    3   1   4   9   0   2  13   3   2   2   2   2   0   0  40   7   5   0   0   3  0.84 0.41
  146 S    0  2 -1 -1 -3  0  0  0  0 -1 -1  1 -1 -2  1  2  1 -3 -3 -1    9  13   2   3   0   4   5   6   2   3   6   9   1   1   7  19   7   0   0   4  0.15 0.15
  147 D   -1 -1  1  5 -4  1  1 -2 -1 -4 -3  0 -2 -5  0  1  0 -5 -4 -3    3   2   7  36   0   7  10   2   2   1   2   4   1   0   5  12   5   0   0   2  0.59 0.34
  148 S    2 -1  1 -1  0  0  1 -1 -1 -2 -2 -1 -3 -4  1  2  2 -2 -2 -1   24   3   5   2   2   4   8   3   1   2   2   3   0   0   7  14  15   0   1   3  0.26 0.22
  149 T    2 -1  0 -1 -2  0  0 -2  2 -2 -3 -1 -3 -4 -1  2  3 -4 -3 -1   18   3   3   3   1   4   6   2   6   2   2   3   0   0   3  17  23   0   0   3  0.33 0.27
  150 L    0  0 -1 -1 -1  0  0 -1 -2  1  1  0  0 -1  1  0  1  0 -2  0    7   6   1   2   1   4   5   5   1   7  20   4   2   1   6   9  13   2   1   5  0.07 0.09
  151 K    2  0  0 -1 -3  2  0 -1  0 -2 -2  1  0 -3  2  1  0 -4 -3 -2   20   4   4   3   0  10   6   3   3   2   3  11   3   1  12   9   5   0   0   2  0.25 0.20
  152 A    3 -2 -1 -2 -3  1 -1 -1 -1 -1  0  0 -1 -2 -1  1  0  0 -3  1   29   0   2   2   0   7   4   4   1   2  12   5   1   1   2  10   6   1   0  12  0.20 0.20
  153 D    0 -1 -1  1 -1  1  2 -2 -1 -1  1 -1 -1 -2  1  2  0 -4 -3 -1    6   2   2   9   1   5  14   3   1   3  18   2   1   1   6  17   6   0   0   2  0.16 0.17
  154 S    1  0  0  1 -2  1  2 -1 -2 -2 -2  0 -2 -3  0  1  1 -4 -2 -1   16   5   5   7   0   6  14   4   1   2   3   5   0   1   4  14   9   0   1   4  0.18 0.17
  155 S    2 -1  0 -1 -2  1  1 -1  2 -1 -1  1 -1 -3  0  2  1 -4 -1 -2   17   1   3   2   1   6   9   3   6   3   4   9   2   0   3  16  10   0   2   2  0.18 0.19
  156 P    2 -1 -2 -2 -3  0 -1  1 -1 -1 -1  0 -2 -2  4  0 -1 -2  2 -1   17   3   1   2   0   5   4   9   1   3   6   6   0   1  19   6   3   0   8   5  0.25 0.19
  157 K    0  1  0  0 -3  0  1  0  1 -2 -2  2 -1 -2  1  1  0 -3 -2 -1    9   8   3   4   0   3  11   7   3   2   4  16   1   2   7   9   5   0   1   5  0.14 0.11
  158 S    0  0  0  1 -3  0  1  0 -1 -1 -1  2 -1 -2  2  1  1 -4 -2 -2    7   3   2   8   0   5   7   6   2   4   5  14   1   1   9  15   8   0   0   2  0.16 0.14
  159 A    0  0  0  1 -2  0  0  0 -1 -1  0  1  0  0  1  0  0 -2 -2  0   10   4   4   9   0   4   5   5   1   4   9  13   2   5   7   5   6   0   0   5  0.06 0.06
  160 S    0  1  1  3 -2  0  1  0  0 -2 -3  0 -2 -4  1  1  1 -4 -2 -1    7   8   5  21   1   3   6   5   2   2   1   6   1   0   7  11  10   0   1   3  0.23 0.16
  161 E    0 -1  1  2 -3  1  1 -1 -1 -2 -2  2 -2 -3  3  0  0 -4 -2 -1    8   1   5  11   0   8   8   5   1   2   2  14   0   0  16   6   5   0   1   4  0.26 0.17
  162 A    0  0  0  1 -1  1  1  1  0 -1 -2  1 -2  0  0  1  0 -3 -2 -1    6   3   4  10   1   5  12  10   3   3   2   9   0   5   4  12   7   0   0   4  0.12 0.09
  163 K   -3  2 -2 -4 -6 -1 -2 -5 -4 -3 -5  7 -4 -6 -3 -3 -3 -6 -5 -5    1   7   2   0   0   1   1   0   0   2   1  82   0   0   1   0   1   0   0   0  1.80 0.70
  164 T   -2 -5 -5 -5 -1 -5 -5 -5 -5  4 -1 -5 -2 -2 -5 -4  0 -5 -3  6    2   0   0   0   1   0   0   0   0  27   2   0   0   1   0   0   5   0   1  59  1.29 0.54
  165 T   -1 -1  0  1 -1  0  0 -3  1  1 -1  0  0 -3 -2 -1  3 -4 -3  2    2   4   4  10   1   5   7   1   4   9   2   5   2   0   2   4  21   0   0  18  0.20 0.19
  166 I   -3 -5 -5 -5 -4 -5 -5 -6 -5  5  1 -5 -1 -1 -5 -3 -3 -5 -4  5    0   0   0   0   0   0   0   0   0  37  14   0   1   2   0   2   0   0   0  43  1.18 0.49
  167 R   -2  5 -1 -3 -1  0 -3 -4  4 -2  2  1 -1 -1 -4 -2 -1 -2 -1 -1    2  36   2   1   1   3   0   0  14   2  19   6   1   2   0   2   3   1   1   4  0.60 0.35
  168 F   -3 -5 -5 -6 -1 -5 -5 -5 -4 -2  4 -5  0  7 -5 -5 -4  0 -1 -1    2   0   0   0   2   0   0   0   0   0  39   0   2  49   0   0   0   1   0   2  1.44 0.57
  169 V   -3  3  0 -2 -3  3 -1 -4 -1 -2 -3  5  0 -5 -4 -1 -1 -5 -2 -2    1  16   4   1   1  15   3   0   1   3   2  40   2   0   0   4   3   0   1   3  0.72 0.40
  170 P    4 -4  0 -2 -4 -2 -3  0 -2 -4 -5 -3 -4 -5  5  1 -1 -5 -4 -4   36   0   6   2   0   1   1   5   1   0   0   0   0   0  35  10   3   0   0   0  0.98 0.47
  171 I    0 -4 -4 -2 -3 -3 -4 -2 -4  4  0 -2  0 -3 -4 -3  2 -4 -3  4    7   0   0   2   0   0   0   3   0  31   7   3   1   0   0   1  14   0   0  29  0.60 0.33
  172 G    0 -3 -1 -3 -4 -4 -4  6 -4 -5 -3 -3 -4 -5  1 -1 -1 -4 -5 -4    8   1   3   0   0   0   0  68   0   0   3   0   0   0   7   4   4   0   0   0  1.27 0.52
  173 S   -1 -1  3  3 -4 -2 -1  2 -3 -4 -4 -2 -1 -4 -3  3  0 -5 -4 -4    4   2  18  15   0   0   2  18   0   0   1   0   2   0   0  31   5   0   0   0  0.63 0.37
  174 T    5 -3 -3 -2 -3 -3 -2 -3 -4  1 -2 -3  1 -4 -3  0  2 -4 -4  0   55   0   0   2   0   0   3   1   0   7   3   0   3   0   0   3  14   0   0   6  0.73 0.43
  175 P   -2 -1 -2 -3 -5 -3 -4 -3 -5 -1 -4 -2 -5 -6  8 -2 -1 -6 -5 -5    3   4   2   2   0   1   0   2   0   4   2   2   0   0  71   2   3   0   0   0  1.93 0.82
  176 R    1  0 -2 -2 -1  2 -1 -2 -1  3 -1  0 -1 -3  1  0  0 -4 -3  0   11   5   2   1   1  11   2   3   1  27   5   5   1   0   6   8   5   0   0   5  0.22 0.23
  177 I   -2 -4 -5 -5  0 -1 -4 -3 -5  2  4 -3  5 -3 -2 -4 -2 -4 -4  0    4   0   0   0   2   3   0   2   0  11  45   2  19   0   3   0   2   0   0   5  0.85 0.47
  178 N    0  3  0 -2 -5  1 -1 -3 -1 -1 -3  5 -1 -5 -2  0 -1 -5 -4 -3    6  14   5   2   0   5   2   2   2   3   2  43   1   0   2   6   4   0   0   1  0.67 0.43
  179 P   -2  2  1 -2 -5  4 -1 -2  1 -2 -3  2 -3 -2  2 -2  0  2 -1 -2    2  10   8   2   0  24   2   3   3   2   2  14   0   2  10   2   7   3   2   2  0.45 0.37
  180 L   -1  2  3 -1 -1  1  0 -2 -2 -2 -2  3  1 -2  1  1  0 -4 -3 -1    4  10  15   3   2   5   4   3   0   2   2  19   5   2   7   8   6   0   0   4  0.25 0.24
  181 V   -1  1  0 -1  1  0 -1 -1  0  0  0  2  0  0 -3 -1  0 -3  0  2    4   6   4   3   3   3   3   4   3   4   7  19   3   4   0   4   4   0   3  19  0.11 0.14
  182 F    0  0 -2 -3  3 -2 -2 -3  2  1  0 -2  2  1 -3  0 -1  4  2  0    8   8   0   0   8   0   0   1   8   8   8   0   8   8   0   8   0   8   8   8  0.19 0.16
  183 T    1  0 -2 -2  0  1 -1 -4 -2 -3 -2  5 -1 -2 -4  1  1 -1 -2 -2   12   5   1   2   2   5   3   0   1   1   4  36   2   1   0  11  10   1   1   2  0.53 0.39
  184 I   -1 -3 -3 -5  0 -5 -5 -5 -5  5  0 -5  1  0 -5 -4 -2 -5 -1  5    4   2   2   0   2   0   0   0   0  29   6   0   4   3   0   0   2   0   2  43  1.00 0.49
  185 S    0 -2  1  3 -1 -1  1 -1 -1 -3 -2  0 -3 -4  1  3  1 -5 -4 -3    7   2   6  16   1   2   9   3   1   1   3   5   0   0   7  24   9   0   0   1  0.35 0.28
  186 S    2  2 -2 -2 -3 -1 -1  2 -1 -3 -2  0 -2 -2  0  2  0  0 -1 -1   20  12   1   2   0   3   2  15   1   0   3   5   1   1   6  17   4   2   2   3  0.26 0.23
  187 N    0 -1  2  2 -1 -1  0 -1  1 -3 -3 -1  0 -1 -2  3  3 -4 -1 -3    6   2  11  14   1   2   4   4   3   1   2   2   2   3   1  22  17   0   2   1  0.34 0.28
  188 Q   -1  1  1  1  0  2  0 -2  1 -1 -2  2  0 -1 -2  0  0  4  0 -1    3   8   7   7   2  10   6   2   3   2   3  13   2   2   0   7   4   6   4   6  0.14 0.13
  189 T   -1  1  1  0  1  1  0 -1  1 -3 -2  2 -2 -1  1  0  2 -3 -2 -2    4   9  10   4   3   6   4   4   4   0   4  14   0   3   9   5  16   0   0   1  0.18 0.14
  190 V   -3 -4 -4 -4  3 -4 -4 -4 -3  3  1 -4  2  5 -4 -3 -3  4  2  1    1   0   0   0   6   0   1   1   0  17  10   0   6  31   0   1   1   6   6  12  0.70 0.30
  191 S    1 -1 -1 -1 -1  3  1  2  0 -2 -2 -1  1 -2 -2  2 -1 -4 -1 -2   14   2   2   3   1  13   7  14   2   2   3   2   4   2   2  19   2   0   2   3  0.24 0.23
  192 I    1  0 -1 -1 -3  1  1 -1  1 -2 -2  0  0 -1 -3  1  1  6  0  0   12   4   3   4   0   5   9   3   3   2   2   7   3   3   0  10   8  13   2   7  0.27 0.21
  193 L   -1 -4 -4 -4 -3 -4 -4 -5 -4  4  2 -1  1  1 -4 -4 -1 -4 -3  4    4   0   0   0   0   0   1   1   0  22  23   4   3   5   0   1   3   0   0  33  0.70 0.35
  194 I    0 -3 -1 -3  0 -1 -1 -3  0  4  0 -2  1 -1 -2  0  0 -4  0  3    6   0   3   0   2   3   3   2   2  27   8   2   3   2   1   7   6   0   3  20  0.31 0.23
  195 K    0  0  0  0 -3  1  0  0  2  0 -1  0  1 -2  0  0  0  3  1  0    6   6   5   6   0   5   6   6   5   6   6   6   5   0   6   6   6   5   5   6  0.07 0.10
  196 F   -4 -2 -4 -5 -5 -2 -4 -2  1 -2 -1 -2  0  7 -5 -2 -2  3  1 -1    1   2   0   0   0   2   0   3   3   2   4   2   2  58   0   4   3   4   4   3  1.30 0.58
  197 L   -3 -4 -5 -5  2 -4 -5 -5 -5  3  4 -4  2  0 -1 -4 -3  2 -3  1    1   0   0   0   4   0   0   1   0  19  48   0   6   4   3   0   0   3   0   9  0.83 0.43
  198 A   -2  5 -1 -2  1  0 -1 -2  1  0 -1  3 -1 -2 -4 -1 -2 -4 -3 -2    3  43   2   2   3   3   2   2   3   5   5  16   1   2   0   5   2   0   0   2  0.66 0.39
  199 K   -2  3 -1 -1 -1  0  0 -1 -1 -2 -3  5 -3 -4 -3  0 -1  1 -1 -4    3  16   3   3   1   4   4   3   1   3   2  42   0   0   0   6   4   2   2   0  0.62 0.39
  200 K    0  2 -1 -3 -2  3  0 -2 -1 -1 -2  4  0 -1 -3 -1 -2 -3  3 -2    7  10   2   0   1  13   6   2   1   4   4  25   3   2   1   4   1   0  10   2  0.36 0.29
  201 L   -3 -2 -6 -6 -1 -5 -5 -6 -5  2  5 -5  0  0 -3 -5 -1 -5 -4 -1    2   2   0   0   1   0   0   0   0  10  68   0   2   4   2   0   4   0   0   4  1.18 0.58
  202 K   -1  2  1  0 -4  0  0  1  2 -3 -2  4 -1 -4 -2 -1 -1 -4 -1 -2    5  10   7   5   0   4   4  12   5   1   4  31   1   0   2   2   3   0   2   2  0.38 0.28
  203 T    0  0 -2 -1  3  0 -1 -1  0  0  2  0  1 -1  2 -1 -1 -1  0  0    6   4   2   3   9   3   2   4   2   6  24   6   4   1  10   3   3   1   3   5  0.13 0.13
  204 K    0  0  1  0  2  1  0  0  2 -2 -1  0 -2 -2  1  0  0 -2  1 -1    6   6   6   6   6   6   6   6   6   0   6   6   0   0   6   6   6   0   6   6  0.08 0.10
  205 D   -1 -2  1  3 -3  1  3  0 -2  0 -3  0 -2 -4  0  0  0 -4 -3 -1    5   0   6  17   0   6  22   7   0   7   1   6   0   0   5   7   5   0   0   5  0.28 0.22
  206 H    0  1  1 -2 -3  1  0  0  1 -1 -2  0 -2 -3  1  3  1 -4 -3 -1    4   8   8   0   0   6   4   5   4   3   4   4   0   0   6  29  10   0   0   3  0.24 0.24
  207 V    0 -2 -2 -2  2  1  0 -2  2  0  0 -1  2  1 -2  0  0 -2 -1  0    8   0   0   0   7   7   8   1   7   8   8   0   7   7   0   8   8   0   0   8  0.05 0.13
  208 Y    0  1  1 -2 -2  1 -2  0  2  0  0 -1 -1  1 -3 -1 -1  4  2  0    8   8   8   0   0   8   0   8   8   8   8   0   0   8   0   1   0   8   8   8  0.13 0.14
  209 L    0 -2  1 -2  3 -2 -2  0 -2  1  0 -2  2  1 -2  0  1 -2  1  0    8   0   8   0   8   0   0   8   0   8   8   0   8   8   0   8   8   0   8   8  0.09 0.11
  210 Y   -3 -3 -3 -3 -3 -3 -3 -3 -1  1  0 -3 -1  4 -3 -3 -2  5  6 -2    1   1   1   1   0   1   1   1   0   9  10   1   0  16   1   1   1  10  43   1  0.90 0.25
  211 I   -1  1 -2 -2  3 -2 -2  0 -2  1  1 -1  2  1 -2 -1  1 -2 -1  1    1  11   0   1  10   0   1  11   0  11  11   1  10  10   1   1  11   0   0  11  0.10 0.09
  212 Q   -1  0  5  1 -3  0  0  0  1 -3 -1  0 -2 -3 -3  1 -1 -4 -3 -3    3   4  39   5   0   4   4   7   4   0   6   5   0   0   0  10   3   0   0   0  0.40 0.27
  213 N   -1  0  3  0 -3  3  0 -1 -1 -3 -1  0  0  0 -2  2  0  1 -2 -2    4   3  17   4   0  18   5   3   0   0   7   4   2   5   0  21   4   2   0   0  0.24 0.20
  214 S    2 -2 -1  0  3 -1 -1 -2 -2 -1  0 -1 -1  0 -2  2  1 -3 -1 -1   23   1   2   4   8   2   3   1   0   2  10   2   0   4   1  24   7   0   1   4  0.20 0.15
  215 F   -3 -4 -4 -4 -4  0 -4 -4 -3  1  0 -4 -2  7 -4 -2 -3 -2  1  0    1   0   0   0   0   5   0   1   0   8   5   0   0  66   0   2   0   0   2   8  1.23 0.43
  216 Q    3 -2 -2 -2  2  0 -1 -2 -1  0 -1 -1  1  0 -2  2  0 -3 -2  0   35   0   0   0   5   5   3   1   1   8   4   2   4   4   0  20   2   0   0   3  0.26 0.20
  217 P   -3 -1 -4 -3 -4 -3 -3 -4 -4 -1 -2 -3 -4 -4  8 -3 -3 -5 -4 -4    1   4   0   0   0   0   1   1   0   4   5   1   0   0  80   1   1   0   0   1  2.11 0.57
  218 T    2 -2  1 -1  1 -1 -1  0 -1 -2 -2 -1 -1 -3  1  3  1 -3  0 -2   17   1   9   1   3   2   3   4   1   1   2   1   2   0   6  34   8   0   4   1  0.31 0.23
  219 P   -2  0 -1 -2 -4 -2 -3 -2 -3 -2  1 -3  1 -2  6 -2 -2 -4 -1 -3    2   5   3   2   0   1   0   4   0   1  19   0   3   1  52   2   2   0   2   0  1.05 0.41
  220 D   -2 -1 -1  7 -5 -1  0 -2 -2 -5 -5 -3 -3 -5 -4 -1 -1 -5 -5 -3    3   4   2  71   0   2   5   2   1   0   1   0   1   0   0   2   3   0   0   1  1.43 0.55
  221 E   -1 -1 -1  3  0  4  4 -3  0 -4 -2 -2 -2 -4 -3 -1  0  2  0 -2    4   1   1  15   2  22  31   1   2   0   4   0   1   0   0   2   6   3   3   2  0.59 0.34
  222 K   -1  0  0 -1  0  1  1 -1 -2  0  0  0 -1 -1 -1  1  3 -3 -1 -1    1   6   4   3   2   6   9   5   0   5  10   3   1   3   2  11  25   0   1   3  0.13 0.15
  223 L   -1 -4 -4 -4  0 -3 -4 -4 -4  4  2 -3  2  0 -4 -3 -2 -3 -2  4    5   0   0   0   1   0   1   1   0  28  17   0   4   4   0   1   1   0   0  36  0.66 0.31
  224 S    1 -1 -2 -1 -3 -1 -1  5 -1 -1 -3  0 -3 -2 -3  1 -1 -2 -1 -3   12   4   1   3   0   3   4  44   2   4   1   6   0   1   0   9   2   1   2   1  0.51 0.27
  225 D   -1 -2  4  4 -3  0  1 -1 -1 -3 -3 -2 -3 -4 -2  0  0 -4 -3 -2    4   1  27  29   1   3   7   5   1   1   2   1   1   0   1   5   6   0   1   3  0.60 0.32
  226 L   -3 -4 -5 -5 -3 -4 -4 -5 -4  1  5 -4  0 -1 -4 -2 -2 -4 -3  1    2   0   0   0   0   0   0   1   0   6  73   0   1   2   0   4   1   0   0   7  1.10 0.46
  227 Y    1 -2 -2 -2  1 -2 -4 -4  2 -2 -2 -3 -3  5 -4 -2 -2  4  6 -2   11   2   2   2   3   1   0   1   5   2   3   1   0  22   0   3   1   6  34   1  0.90 0.41
  228 N   -1  3  1  4 -4  1  2 -2 -1 -2 -3  2 -2 -4 -3 -1 -1 -4 -3 -3    5  16   7  25   0   5  13   1   1   3   2  14   1   0   0   3   2   0   0   0  0.49 0.27
  229 L    0 -4  2 -4  9 -1 -2 -4  1 -3 -1 -3  0 -3 -5  0 -3 -2 -4 -3    8   0  11   1  51   2   3   1   4   1   5   1   3   1   0   6   0   1   0   1  1.50 0.61
  230 F   -5 -5 -5 -3 -3 -4 -5 -3  0 -4 -2 -5 -3  8 -6 -2 -3 -2  5 -4    0   0   0   1   1   1   0   2   2   0   2   0   0  65   0   4   2   0  19   0  1.91 0.70
  231 R    1  0  0 -1 -1  1 -2  4 -1 -5 -5  2 -4 -5 -1  0 -1 -5 -4 -4   11   4   5   2   1   7   1  38   1   0   0  17   0   0   3   8   2   0   0   0  0.58 0.33
  232 T    0 -2  0 -1 -1 -1 -1 -1 -2  1 -2 -1 -1 -2 -1  2  3 -4 -3  2    8   2   5   3   1   1   2   4   0   8   1   3   1   2   2  22  22   0   0  15  0.28 0.25
  233 N   -3 -1  3  5 -5  0  1  3 -1 -5 -4  0 -4 -5 -4  0 -3 -5 -5 -4    1   3  17  35   0   4   8  20   1   0   1   4   0   0   0   5   1   0   0   1  0.78 0.40
  234 N   -2 -1  3  3 -5 -2  0  5 -2 -5 -6 -1 -5 -3 -3 -2 -1 -5 -5 -5    1   3  16  21   0   1   4  43   1   0   0   3   0   1   1   2   3   0   0   0  0.89 0.43
  235 E   -2  1 -1 -1 -1  2  3 -3  3 -2 -3  4  0 -1 -2 -1  0 -4 -1 -1    0   5   1   2   1   9  18   1   8   2   0  28   3   2   1   4   6   0   1   5  0.41 0.30
  236 L   -5 -6 -7 -7 -5 -6 -6 -7 -6 -1  6 -6 -1 -1 -4 -6 -5 -5 -4 -2    0   0   0   0   0   0   0   0   0   1  95   0   0   1   1   0   0   0   0   1  1.92 0.74
  237 I   -3 -2  0 -2 -3 -3 -4 -5  0  4 -1 -2  0 -2 -2 -3 -1 -3 -1  5    0   2   4   3   0   1   0   0   2  27   3   2   1   0   2   1   3   0   2  43  0.69 0.39
  238 V   -3 -5 -6 -6 -4 -5 -5 -6 -5  3  3 -5  1  1 -5 -5 -3 -5 -3  5    0   0   0   0   0   0   0   0   0  17  29   0   3   5   0   0   0   0   0  45  1.07 0.46
  239 S   -1 -2  4 -2 -2  1 -1 -2  6 -5 -5 -2 -4 -2 -4  2  0 -4  2 -4    4   1  24   1   1   6   2   2  23   0   0   1   0   2   0  19   5   0   9   0  0.78 0.42
  240 Y   -6 -6 -6 -7 -6 -5 -6 -7 -2 -5 -5 -6 -5  0 -7 -6 -6 -2 10 -5    0   0   0   0   0   0   0   0   0   0   0   0   0   1   0   0   0   0  97   0  3.37 1.03
  241 C    1 -4 -4 -5  8 -4 -4 -2 -5 -5 -5 -4 -5 -6 -5  5 -2 -6 -5 -4   13   1   0   0  37   0   0   2   0   0   0   0   0   0   0  46   1   0   0   0  1.68 0.66
  242 E   -1  0  0 -2  0 -1 -1 -1 -2  0  1  2  2 -1 -2 -1  2 -3 -1  0    2   4   5   0   3   0   4   3   1   5  17  16   9   2   1   4  16   0   2   5  0.13 0.16
  243 S   -1 -3  1 -2 -4  1  0 -1 -3 -1 -4 -2 -2 -5 -4  2  5 -2 -4 -1    3   0   6   1   0   6   5   4   0   3   0   1   1   0   0  17  46   0   0   4  0.70 0.42
  244 V   -1 -3  0 -3 -3  4  1 -3  1 -2 -3 -2  1 -5  5 -2 -3 -5 -2  1    5   0   4   0   0  23   9   1   3   2   1   0   4   0  30   1   0   0   1  13  0.78 0.42
  245 A    7 -5 -5 -5 -2 -4 -4 -3 -5 -4 -5 -4 -3 -6 -3 -2 -2 -6 -5  0   88   0   0   0   1   0   0   0   0   0   0   0   1   0   1   1   2   0   0   7  1.74 0.69
  246 F   -6 -7 -7 -8 -6 -6 -7 -7 -5 -5 -5 -7 -5  6 -8 -7 -6 11  3 -6    0   0   0   0   0   0   0   0   0   0   0   0   0  37   0   0   0  55   8   0  3.20 0.89
  247 G   -3 -6 -4 -5 -6 -5 -6  7 -6 -7 -7 -5 -6 -7 -6 -4 -5 -6 -7 -7    0   0   0   0   0   0   0 100   0   0   0   0   0   0   0   0   0   0   0   0  2.59 0.75

                      K         Lambda
Standard Ungapped    0.1208     0.3032
Standard Gapped      0.0410     0.2670
PSI Ungapped         0.1206     0.3169
PSI Gapped           0.0369     0.2670
