
Last position-specific scoring matrix computed, weighted observed percentages rounded down, information per position, and relative weight of gapless real matches to pseudocounts
           A  R  N  D  C  Q  E  G  H  I  L  K  M  F  P  S  T  W  Y  V   A   R   N   D   C   Q   E   G   H   I   L   K   M   F   P   S   T   W   Y   V
    1 M   -1 -2 -3 -4 -2 -1 -2 -3 -2  1  2 -2  7  0 -3 -2 -1 -2 -1  0    0   0   0   0   0   0   0   0   0   0   0   0 100   0   0   0   0   0   0   0  0.60 0.07
    2 S    0 -1  0 -1 -1 -1 -1 -1 -2 -2 -2 -1 -2 -3  3  3  3 -3 -2 -1    0   0   0   0   0   0   0   0   0   0   0   0   0   0  16  51  34   0   0   0  0.46 0.03
    3 E   -1  2  0  2 -4  1  2  1 -1 -4 -3  3 -2 -4 -2 -1 -1 -4 -3 -3    0  10   0  18   0   0  19  14   0   0   0  40   0   0   0   0   0   0   0   0  0.44 0.09
    4 E   -1 -2  0 -1 -2 -1  1  2 -2  0  1 -1  0 -2 -2  0  0 -3 -2  1    0   0   7   0   0   0  17  19   0   0  24   0   0   0   0   6   6   0   0  20  0.12 0.06
    5 D   -3 -2  2  7 -5 -1  2 -2 -2 -4 -5 -2 -4 -5 -3 -1 -2 -5 -4 -4    0   0   6  85   0   0   9   0   0   0   0   0   0   0   0   0   0   0   0   0  1.31 0.23
    6 D   -2  3  4  3 -4  0  0 -2 -1 -4 -4  2 -3 -4 -2 -1 -1 -4 -3 -4    0  26  32  24   0   0   0   0   0   0   0  18   0   0   0   0   0   0   0   0  0.62 0.15
    7 H    1 -1 -1 -2 -2 -1 -1  2  2 -1 -2  1 -2 -3 -2  2  3 -3 -2 -1    8   0   0   0   0   0   0  22   7   6   0   9   0   0   0  18  31   0   0   0  0.29 0.10
    8 W   -4 -5 -6 -6 -4 -4 -5 -4 -4 -4 -3 -5 -3 -1 -6 -5 -4 12  1 -5    0   0   0   0   0   0   0   0   0   0   0   0   0   0   0   0   0 100   0   0  3.69 0.45
    9 N   -2 -2  7  0 -3 -1 -1 -1 -1 -4 -4 -1 -3 -4 -3  3 -1 -5 -3 -4    0   0  73   0   0   0   0   0   0   0   0   0   0   0   0  27   0   0   0   0  1.07 0.25
   10 L   -2 -3 -4 -4 -2 -3 -3 -4 -3  1  3 -3  1  0 -3 -3 -1 -2  2  4    0   0   0   0   0   0   0   0   0   0  47   0   0   0   0   0   0   0   9  44  0.53 0.16
   11 V   -1 -4 -4 -4 -2 -3 -4 -4 -4  4  0 -3  0 -2 -3 -3 -1 -4 -2  5    0   0   0   0   0   0   0   0   0  22   0   0   0   0   0   0   0   0   0  78  0.81 0.21
   12 R   -1  3  3 -1 -2  0  0 -1 -1 -3 -3  3 -2 -3 -2  1  1 -3 -2 -2    1  19  18   1   0   1   1   1   0   1   1  31   0   0   1  16   7   0   0   1  0.36 0.10
   13 L   -2 -2 -3 -3 -2 -2 -3 -3 -2  1  3 -2  0  5 -2 -2 -2 -1  1  0    2   1   1   1   0   1   1   1   0  10  34   1   0  40   1   1   1   0   1   1  0.41 0.10
   14 R   -1  1  3  3 -2  0  0 -1  3 -2 -2  0 -2 -2  2  0 -1 -3 -1 -2    2   8  25  22   0   1   2   2   9   1   2   6   1   1  12   2   1   0   1   2  0.35 0.07
   15 R   -1  3  3  0 -2  1  0  0  0 -2 -2  1 -1 -2 -1  0  0 -2 -1 -2    3  31  20   2   1   7   2   8   1   2   3   2   1   1   2   2   9   0   1   2  0.24 0.06
   16 L   -1  0  3  2 -2  0  2 -1  0 -2 -1  1 -1 -2 -1  0 -1 -2 -1 -2    3   2  22  14   1   1  14   3   1   2   9  16   1   1   2   2   2   0   1   2  0.19 0.04
   17 R    1  2  0 -1 -1  0  0  1 -1 -2 -2  1 -1 -2  2  1  0 -2 -1 -1   13  14   2   2   1   1   2  13   1   2   3   9   1   1  11  14   7   0   1   2  0.16 0.03
   18 K    0  1  3  1 -2  1  0 -1  2 -1 -1  1  0 -2 -1  0  0 -2 -1 -1    7   6  25   8   0   6   1   2   9   1   2   8   6   1   1   2   6   0   1   7  0.16 0.05
   19 G    0 -1 -1 -1  3 -1 -1  3 -1 -1  0  0 -1  2 -1  0 -1 -1 -1  0    2   1   1   1  11   1   2  27   1   1   7  10   1  13   1   7   2   0   1   7  0.14 0.04
   20 R   -1  1  0 -1 -2  4  0 -1  2 -2 -1  0 -1 -1 -1  0  1 -1  2 -1    3   8   2   2   1  32   2   3   6   2   3   2   1   1   2   3  11   0  13   2  0.23 0.06
   21 E   -1  2  1  0 -2  1  2 -1  0 -2 -2  2 -1 -2  1  1  0 -2 -1 -2    2  17   7   2   1   7  18   2   1   2   3  14   1   1   7  11   2   0   1   2  0.22 0.04
   22 G    0 -1  3  1 -2  0  0  3 -1 -2 -2  1 -2 -2 -1  1  0 -2 -2 -2    2   1  18  11   1   1   2  26   1   1   3   9   1   1   2  17   2   0   1   2  0.25 0.06
   23 E   -1  1  0  3 -2  2  2 -1 -1 -2 -2  0 -1 -2 -1  1  0 -2 -2 -2    3  10   2  29   1  11  13   2   1   2   3   2   1   1   2  14   2   0   1   2  0.27 0.06
   24 E    1 -1 -1 -1 -1  0  0  3 -1 -1 -1  0  0 -2  2  0  0 -2 -1 -1   11   2   2   2   1   2   8  27   1   2   3   7   6   1  12   3   7   1   1   2  0.20 0.04
   25 Q    0 -1 -1 -1 -1  0 -1 -1 -1  1  0 -1  0  1 -1  1  1 -1  0  1    8   2   2   2   1   7   2   3   1   7   8   2   1   9   2  11  14   1   1  17  0.04 0.02
   26 S    1 -1  0 -1 -1 -1 -1  1 -1  0 -1 -1 -1 -2 -1  3  0 -2 -1  0   13   2   1   2   1   1   2  10   1   6   3   2   1   1   2  43   2   0   1   7  0.21 0.08
   27 S    0 -1  0 -1 -1  0 -1 -1 -1 -1 -1 -1  1 -1 -1  3  1 -2 -1  0    3   2   2   2   1   2   3   3   1   2   4   2   7   2   2  46   7   1   1   8  0.20 0.07
   28 K   -1  0  0  1 -2  1  2 -1 -1 -1  0  3 -1 -2 -1  0 -1 -2 -1 -1    3   2   2   6   1   6  20   3   1   2  11  27   1   1   2   7   2   0   1   2  0.17 0.05
   29 S    0 -1  0 -1 -2  1 -1  2 -1 -2 -2 -1 -2 -2  1  3  0 -2 -2 -2    2   1   1   1   0   8   2  21   1   1   2   1   1   1   6  47   1   0   1   2  0.35 0.11
   30 E   -1  2  0  1 -2  3  1  1  2 -2 -2  0 -1 -2 -1  0 -1 -2 -1 -2    2  14   1   9   0  28   7  13   5   1   2   1   1   1   1   8   1   0   1   2  0.26 0.08
   31 I   -1 -2 -3 -3 -1 -2 -2 -3 -3  2  3 -2  1  0 -2 -2 -1  4 -1  3    2   1   1   1   0   1   1   1   0  13  35   1   0   1   1   1   1   7   1  30  0.30 0.09
   32 S    0 -2  1 -1 -2 -1 -1 -1 -2  0  0 -1 -1  1 -2  4  1 -2 -1  1    1   1   8   1   0   1   1   1   0   5   7   1   0   7   1  49   5   0   0  12  0.24 0.12
   33 L    0 -3 -3 -3 -2 -2 -3 -3 -3  3  1 -2  0 -1  1  0 -1 -3  1  3    5   0   0   0   0   0   0   0   0  28   5   0   0   0   8   7   0   0   6  37  0.32 0.12
   34 D   -2 -2  0  5 -3  2  3 -2 -2 -3 -3 -1 -2 -4 -2  1  0 -4 -3 -1    0   0   0  46   0   9  20   0   0   0   0   0   0   0   0   8   7   0   0   7  0.59 0.16
   35 S    0 -2 -2 -2 -2 -1  0 -2 -2  1  1 -1  2  1 -2  0  2 -2  1  1    7   0   0   0   0   0   7   1   0  11  10   1  11   4   0   6  18   0   7  15  0.11 0.06
   36 L    0 -3 -3  0  2 -2 -2 -3 -3  3  2 -2  0 -1  0 -2 -1 -3 -2  2    6   0   0   8   7   0   0   0   0  24  21   0   0   0   6   0   0   0   0  25  0.24 0.10
   37 H   -1 -2  2  3 -2 -1 -1 -2  1 -3 -2 -1 -2  1 -2  3  1 -3 -1 -2    0   0  11  19   0   0   0   0   5   0   5   0   0   8   0  45   5   0   0   0  0.36 0.15
   38 E   -1 -1  2  1 -3  1  4 -2 -1 -1 -2  0 -2 -3 -2  1  1 -3 -2 -2    1   0  14   5   0   6  42   1   0   7   1   1   0   0   0  11   8   0   0   1  0.40 0.13
   39 S    1 -1  2  0 -2  0  3  1 -1 -3 -3 -1 -2 -2 -2  2  1 -2  1 -2   12   0  11   0   0   0  27  12   0   0   1   1   0   0   0  17   8   0   7   1  0.26 0.10
   40 S   -1 -2  3 -1 -2 -1  0  4 -1 -3 -1 -1 -2 -3 -2  2 -1 -3 -3 -3    1   0  18   0   0   0   7  38   0   0   8   1   0   0   0  22   1   0   0   1  0.42 0.13
   41 F    0 -2  1 -1 -2 -1  0 -2  2 -1  1 -1  2  3 -2  0 -1 -2  0 -1   12   0  11   0   0   0   9   1   9   0  23   1   7  17   0   7   1   0   0   1  0.12 0.08
   42 A    0 -2 -2 -2  5  0  0  0 -2  0  0 -1 -1  2 -2 -1 -1 -2 -1  1    7   1   1   1  23   8   8   9   0   1  10   1   0  12   1   1   1   0   1  14  0.18 0.07
   43 G    0  1  0  0 -1  0  1  1  0 -1 -1  0 -1 -1  0  1  0 -1 -1  0    5  10   3   3   1   3  11  10   1   3   6   4   1   2   3  17   4   1   2  11  0.05 0.01
   44 E    0 -1  0  1 -1  0  1 -1 -1  0  0  0  0 -1  2  0  0 -1 -1  0    5   3   3   8   1   3   9   5   1  10  14   4   1   2  10  11   4   1   2   4  0.06 0.01
   45 D    0 -1  0  3 -1  0  1 -1  0 -1 -1  0 -1 -1  0  1  0 -1  1 -1    4   3   2  28   1   2  10   4   1   3   5   3   1   2   3  12   3   1   9   3  0.16 0.03
   46 D   -1 -1  0  3 -1  0  2 -1  0  0 -1  0 -1  0  0  0  0 -1  1 -1    4   3   2  21   1   2  16   4   1  10   5   3   1   7   3   4   3   1   6   3  0.10 0.02
   47 E    0 -1  0  2  2  0  1 -1 -1 -1 -1  0 -1  2  0  0  0 -1  0 -1   11   3   2  16   6   2   8   4   1   3   5   3   1  14   3   9   3   1   2   3  0.06 0.02
   48 D    0 -1  0  1 -1  0  1 -1 -1  0  0  0  1 -1  2  0  0 -1 -1  0    4   3   7   8   1   2  11   4   1   3  11   3   8   2  11   4   3   1   2  12  0.06 0.01
   49 F   -1  0  1  2 -1  0  0 -1  0 -1 -1  1 -1  1  0  0  0 -1  1  0    4   3   9  18   1   2   3   4   1   3   5  11   1   7   3   4   3   1   9   8  0.07 0.02
   50 D   -1 -1  0  4 -2  0  2 -1 -1 -1 -1  0 -1  1 -1  0 -1 -1 -1  0    3   2   2  32   1   2  15   3   1   2   4   3   1   8   2   3   3   1   1   9  0.20 0.05
   51 A    1 -3  0  6 -4 -1  2 -2 -2 -4 -4 -2 -4 -4 -3 -1 -2 -5 -4 -4   19   0   0  73   0   0   8   0   0   0   0   0   0   0   0   0   0   0   0   0  1.10 0.26
   52 D   -3 -3  0  7 -5 -2  0 -3 -3 -5 -5 -2 -5 -5 -3 -2 -3 -6 -5 -5    0   0   0 100   0   0   0   0   0   0   0   0   0   0   0   0   0   0   0   0  1.80 0.36
   53 V   -2 -4 -4 -4 -2 -4 -4 -5 -4  4  0 -4  0 -2 -4 -3 -1 -4 -2  5    0   0   0   0   0   0   0   0   0  39   0   0   0   0   0   0   0   0   0  61  0.84 0.24
   54 L   -3 -3 -5 -5 -3 -3 -4 -5 -4  0  6 -4  1 -1 -4 -4 -2 -3 -2  0    0   0   0   0   0   0   0   0   0   0 100   0   0   0   0   0   0   0   0   0  1.08 0.28
   55 S    0 -2 -1 -2 -2 -2 -2 -2 -2 -4 -4 -2 -3 -4 -2  6  0 -4 -3 -3    0   0   0   0   0   0   0   0   0   0   0   0   0   0   0 100   0   0   0   0  1.20 0.35
   56 N   -2 -2  7  0 -4 -1 -2 -2 -1 -4 -4 -2 -3 -4 -3  1  1 -5 -3 -4    0   0  83   0   0   0   0   0   0   0   0   0   0   0   0   8   9   0   0   0  1.27 0.31
   57 T    1 -3 -2 -3 -2 -2 -2 -3 -3 -2 -3 -2 -2 -4 -2  0  7 -4 -3 -1    9   0   0   0   0   0   0   0   0   0   0   0   0   0   0   0  91   0   0   0  1.14 0.32
   58 S    0 -2 -1 -2 -2 -2 -2 -2 -2 -4 -4 -2 -3 -4 -2  6  0 -4 -3 -3    0   0   0   0   0   0   0   0   0   0   0   0   0   0   0 100   0   0   0   0  1.20 0.35
   59 S    0 -2 -1 -2 -2 -2 -2 -2 -2 -4 -4 -2 -3 -4 -2  6  0 -4 -3 -3    0   0   0   0   0   0   0   0   0   0   0   0   0   0   0 100   0   0   0   0  1.20 0.35
   60 E   -3 -3  0  7 -5 -1  3 -3 -2 -5 -5 -2 -4 -5 -3 -1 -2 -5 -4 -4    0   0   0  78   0   0  22   0   0   0   0   0   0   0   0   0   0   0   0   0  1.38 0.29
   61 E   -2 -2 -1  2 -5  0  6 -3 -1 -4 -4 -1 -3 -3 -2  0 -2 -3  1 -4    0   0   0  12   0   0  74   0   0   0   0   0   0   0   0   6   0   0   8   0  0.97 0.26
   62 S    0 -2 -1 -1 -2 -1 -1 -1 -1 -2  0 -1 -2 -1 -2  5  0 -2  3 -2    1   1   1   1   0   1   1   1   0   1  10   1   0   1   1  65   1   0  14   1  0.49 0.19
   63 A    2 -1  1  1 -1  0  0 -1 -1 -1 -1 -1 -1 -2  1  0  0 -2 -1  0   30   2  10  12   1   2   7   3   1   2   3   2   1   1   8   3   2   0   1  10  0.14 0.04
   64 Q   -1 -1  0  3  2  1  2 -1  2 -2 -1  0 -1 -2 -1  0 -1 -2 -1 -2    2   2   1  28   6   6  19   2   7   2   7   2   1   1   2   7   2   0   1   2  0.25 0.06
   65 M   -1  1  3  0 -2 -1 -1 -1 -1 -1  1 -1  2 -1  2 -1 -1  3 -1 -1    2   9  21   6   1   1   2   2   1   1  16   2  10   1  12   2   2   6   1   2  0.17 0.06
   66 N    0 -1  1  1 -1 -1  0 -1 -1  0  0 -1  0 -1  1  0  1 -1  1  0    8   2   7   9   1   2   2   3   1   6   9   2   1   1   8   7  16   0   8   7  0.07 0.02
   67 R    1  1  2  0 -1  0  0 -1  1 -2 -2  1 -1 -2  2  0  0 -2 -1 -1   15   7  13   2   1   2   2   3   6   2   3  14   1   1  13   3   8   0   1   2  0.16 0.04
   68 I    0 -1  1 -1  2  0  0 -1 -1  0  0  0 -1 -1  3  0 -1 -2 -1  0   11   2   8   2   5   2   9   3   1   7   9   8   1   1  19   3   2   0   1   7  0.16 0.03
   69 Y   -1 -1 -1  1  2 -1  0  0 -1 -1  0 -1 -1  2  1  0 -1 -1  1 -1    2   1   1  13   7   1   8   7   1   1  12   2   1  17   7  10   2   0   6   2  0.09 0.04
   70 D    0  2  1  2 -2  0  0 -1 -1 -1 -1  0 -1 -2 -1  1  1 -2 -1  0    7  19   7  13   1   1   2   2   1   1   8   2   1   1   1  18   7   0   1   8  0.11 0.04
   71 F    1 -1 -1  0 -1 -1 -1 -1 -1 -1  1 -1  0  3 -1  1  0 -1  0 -1   13   2   2   8   1   1   2   3   1   2  15   2   1  21   2  13   8   0   1   2  0.08 0.04
   72 R    0  3  1  2 -2  0  0 -1 -1 -2 -2  1 -1 -2  2  0 -1 -2 -1 -2    9  26   6  14   1   1   2   3   1   2   3   9   1   1   9   7   2   0   1   2  0.21 0.05
   73 T    0 -1  1  2 -1  0  1  0 -1 -2 -2  0 -1 -2  2  1  1 -2 -2 -1    7   2   6  14   1   1   9   9   1   2   3   2   1   1  13  17   7   0   1   2  0.20 0.04
   74 S    1 -1  1  1 -1  0  1 -1 -1 -1 -1 -1 -1 -2 -1  3  1 -2 -2  0   10   1   7   7   0   1   8   1   0   1   6   1   0   1   1  35  11   0   1   6  0.20 0.08
   75 N    0  1  4  1 -2 -1 -1 -1  0 -2 -2 -1 -2 -2 -2  1  1 -2  1 -2    6   7  36   7   0   1   1   1   0   1   2   1   0   1   1  13  12   0   8   1  0.31 0.10
   76 E    0 -1 -1  2 -2  0  3  1 -1 -2 -2 -1 -2 -3  3 -1 -1 -3 -2  0    8   1   1  12   0   1  31  13   0   1   2   1   0   1  16   1   1   0   1   9  0.32 0.09
   77 F    0 -1 -1  2 -2  0  2  0 -1 -1 -1 -1 -1  2  1 -1 -1 -1  1 -1    7   1   1  19   1   1  16   8   1   1   3   2   1  15   9   2   2   0   5   7  0.14 0.05
   78 S   -1 -1  3  0 -2  0 -1  2 -1 -2 -2  0 -1  0 -1  0 -1 -1  1 -1    2   1  23   2   1   6   2  21   1   1   3   9   1   7   1   7   2   0   5   6  0.16 0.05
   79 N    1 -1  1  2 -1  0  0  2 -1 -1  0 -1  1 -1 -1  0  0 -2 -1 -1   12   2   7  14   1   5   2  16   1   2  15   2   5   1   2   8   2   0   1   2  0.08 0.03
   80 A    1 -1  1  1  3  0  1  0 -1 -2 -2  0 -1  0 -1  1  1 -2 -1 -1   11   1   7   7   9   1   9   8   0   1   2   8   0   7   1  15  10   0   1   1  0.12 0.04
   81 G    0  0  0  2 -2 -1  1  3 -1 -3 -3 -1 -2 -3 -1  2 -1 -2 -2 -2    1   5   1  16   0   1  12  34   0   1   2   1   0   1   1  19   1   0   1   1  0.36 0.09
   82 V   -1  1 -1 -1 -2  0  0 -2 -1  0  1  2  0  2 -2 -1  0 -1  1  0    1   5   1   1   0   1   7   1   0   5  22  21   0  12   1   1   7   0   5   6  0.08 0.05
   83 N   -1 -2  2  2 -2 -1  0  2 -1 -2 -1 -1 -2 -2  3  0 -1 -3 -2  0    1   1  17  11   0   1   8  19   0   1   7   1   0   1  14   8   1   0   0   9  0.23 0.07
   84 I    0 -1 -1 -2 -1 -1 -1 -2 -2  2  1  1  1  0 -1  0  1 -2 -1  1    6   1   1   1   0   1   1   2   1  17  13  14   5   5   1   8   9   0   1  11  0.05 0.03
   85 D   -1  0  2  2 -2  1  2 -1 -1 -2 -2  1  1 -2  1  2  0 -2 -2 -2    1   1  15  11   0   8  12   1   0   1   2   9   6   1   7  21   1   0   1   1  0.23 0.07
   86 Q    1 -1  0 -1 -2  1  1 -1  2 -1 -1  1  1 -2  2  0  1 -2 -1  1   12   1   5   1   0  10   7   1   7   1   2   8   5   1  10   1  10   0   1  15  0.12 0.05
   87 T   -1 -1 -1 -1 -2  0  1 -2  1 -1  0  0  1 -2  4 -1  1 -2 -2  0    1   1   1   1   0   1  16   1   5   1  15   8   5   1  22   1  11   0   1   7  0.26 0.07
   88 G    0 -1  0 -1 -2  1  1  3 -1 -2 -2  1 -2 -2 -1  1 -1 -2 -2 -2    2   1   1   1   1   7  10  34   1   1   3  11   1   1   1  19   2   0   1   2  0.29 0.07
   89 V    1 -1 -1 -1 -1  1  1  0 -1  0 -1  0  1 -2 -1  1  0 -2 -1  1   14   1   1   1   0   6  12   6   1   6   2   9   7   1   1  13   1   0   1  17  0.07 0.04
   90 P   -1  3 -1  1 -2  0  1 -2 -1 -2 -2  0 -2 -2  3  1 -1 -2 -2 -2    2  28   1   7   0   1  13   2   1   1   2   1   1   1  17  19   1   0   1   2  0.35 0.09
   91 T   -1 -1  1  1 -2  2  1  0  0 -2 -2  0 -1 -1 -1  0  2 -1  2 -1    2   1  10   7   0  12   9   7   0   1   2   5   0   1   1   5  17   0  12   6  0.14 0.06
   92 I   -1 -2 -2 -2 -1 -1 -2  0 -2  2  0 -1  0 -1 -2 -1  2 -2  1  2    2   1   1   1   0   1   1   8   0  17   7   6   0   1   1   1  17   0   8  27  0.11 0.06
   93 S    1 -1 -1  1 -2  1  3 -1 -1 -3 -3  0 -2 -3 -1  3  0 -3 -2 -2   16   0   0   7   0   7  31   1   0   0   1   1   0   0   0  29   5   0   0   1  0.38 0.13
   94 E   -1 -2  3  3 -3 -1  1  2 -1 -2 -2 -1 -2  0 -2  0  0 -3 -2 -2    1   0  20  24   0   0  10  17   0   0   5   1   0   5   0   7   7   0   0   1  0.30 0.09
   95 S    0 -2 -1 -1 -2 -1 -1  0 -2 -2 -1 -1 -2  0 -2  5  2 -3 -2 -2    1   0   0   0   0   0   1   5   0   0   5   1   0   6   0  64  13   0   0   1  0.49 0.18
   96 F   -1 -3 -4 -4  2  0 -3 -4 -2 -1  1 -3 -1  6 -4 -3 -3  0  3 -2    4   0   0   0   6   8   0   0   0   0  14   0   0  58   0   0   0   0   9   0  0.77 0.21
   97 D   -1 -2  0  6 -3 -1  0  0 -2 -3 -3  0 -3 -3 -2 -1 -2 -4 -3 -1    5   1   1  69   0   1   1   5   0   1   1   5   0   0   1   1   1   0   0   7  0.81 0.19
   98 T   -1 -2 -1 -2 -2 -1  0 -2 -2 -2 -2 -2 -2  1 -2  0  5  4 -1 -1    1   1   1   1   0   1   7   1   0   1   1   1   0   6   1   1  69   7   0   1  0.67 0.21
   99 L   -2 -2  0 -2 -2 -2  0 -3 -2  0  4 -2  1 -1 -3 -2  0 -2 -2  0    1   1   8   1   0   1   7   1   0   1  70   1   0   0   1   1   6   0   0   1  0.41 0.15
  100 S   -1 -2 -1 -2 -2  2 -1 -2 -2  0 -1 -1 -1 -2 -2  2  3 -3 -2  3    0   0   0   0   0  12   0   0   0   0   1   0   0   0   0  18  33   0   0  32  0.35 0.16
  101 G    1 -2 -1 -1 -2  1  0  4  3 -2 -2 -1 -2 -3 -2 -1 -1 -2 -2 -1   17   1   1   1   0   7   6  43  12   1   1   1   0   1   1   1   1   0   0   5  0.41 0.11
  102 S    1  0  0  2 -2  2  0 -1 -1 -1 -2  0 -1 -2 -1  3  0 -2 -2  0   14   5   1  13   0  14   1   1   0   1   2   1   0   1   1  32   1   0   1   9  0.21 0.09
  103 N    0 -1  3  3 -2 -1  0  0 -1 -2 -3  1 -2 -3  2  0  2 -3 -2 -2    7   1  19  20   0   1   1   6   0   1   1  12   0   1  10   1  18   0   0   1  0.30 0.09
  104 V    0 -1  1  1 -2  1  2 -2 -1  0 -2 -1 -1 -2  2  1  0 -2  1  0    6   1   8   5   0   5  19   1   0   7   1   1   0   1   9  18   1   0   6  11  0.15 0.06
  105 G    0 -2 -1  0 -2 -1  1  3 -2 -1 -1 -1 -2 -2  1  1 -1 -3 -2 -2    7   1   1   5   0   1  12  34   0   5   6   1   0   1   5  18   1   0   0   1  0.28 0.08
  106 G    0 -1  0 -1 -2  0  1  1  3 -2 -2  1 -2 -2  1  2  1 -3 -1 -2    5   1   1   1   0   1  12  12  11   1   1  12   0   1   5  23  12   0   0   1  0.22 0.08
  107 T    0 -2  0  2 -2 -1 -1  0 -2 -1 -1 -1 -1  1  0  3  1 -2 -1 -1    6   1   1  13   0   1   1   6   0   1   7   1   0   9   5  37   6   0   0   6  0.17 0.09
  108 V    0 -1  0 -1 -2 -1  0  1 -2  1  0  0  1 -2 -2  1  1 -3 -2  1    7   0   5   0   0   0   5  10   0   9   7   5   8   0   0  17  13   0   0  12  0.08 0.05
  109 L    0 -1 -2  0 -2 -2 -2 -3 -3  2  2 -2  0 -1  0 -1  0 -3 -2  2    5   5   0   6   0   0   1   1   0  11  34   0   0   0   5   1   6   0   0  22  0.18 0.08
  110 P    1 -2  2  1 -3  0  0  0 -2 -3 -3 -1 -2 -3  5  1 -1 -3 -3 -2   16   0  15   6   0   5   5   5   0   0   1   1   0   0  35   8   1   0   0   1  0.60 0.12
  111 S   -1  0  1  2 -2  1  1  0 -1 -1 -2  2 -2 -3 -1  2  2 -3 -2 -2    1   0   5  16   0   5   5   5   0   5   1  22   0   0   0  17  16   0   0   1  0.23 0.09
  112 M   -1  1  0  1 -2  1 -1  2 -1  0  0 -1  1 -2 -2  0  0 -2 -2  0    1   9   5  11   0  10   1  17   0   8  10   1   5   1   1   6   6   0   0   7  0.07 0.04
  113 E    1 -1  0  1 -2  0  3  0 -1 -2 -1  0 -1 -2  1  1  1 -3 -2 -1   14   1   5   5   0   1  29   7   0   1   6   1   0   1   6  10   8   0   0   5  0.18 0.06
  114 G    0  1 -1  2 -3  0  2  3 -1 -3 -3 -1 -2 -2  0 -1  0 -2  1 -2    5   9   1  11   0   1  23  27   0   1   1   1   0   1   5   1   6   0   6   1  0.28 0.08
  115 S    0  0 -1  0  1  0  0 -2  1  0  1 -1  0 -2 -2  1  1 -2 -1  0    9   5   0   6   5   5   5   1   7   0  18   1   0   0   0  18  10   0   0  11  0.07 0.05
  116 K   -1  2  1  0 -3  1  2 -2 -1 -3 -3  3 -2 -3 -1  2 -1 -3 -2 -2    1   9   6   1   0   5  17   1   0   1   1  31   0   1   1  21   1   0   0   1  0.34 0.10
  117 L    1  1 -1  1  2  1  1 -2 -1 -1  0  0  0  0 -1  0 -1 -2 -1  0   15   9   1  11   8   8   8   1   0   1   6   6   5   6   1   5   1   0   0   7  0.07 0.04
  118 K    0  0 -1  0  2  1  2 -2 -1 -1 -2  2 -1  0  1  0 -1 -2 -1 -1    6   1   1   5   7   5  18   1   0   5   2  24   0   6   6   9   1   0   1   1  0.16 0.06
  119 D   -1  1  3  3 -3  2  2 -1 -1 -3 -2  1 -2 -3 -1  0  0 -3 -2 -2    2   6  17  22   0  15  13   1   0   1   2   6   0   1   1   5   6   0   1   1  0.33 0.08
  120 S    0 -1  1 -1 -2 -1  0 -1  1  0 -1 -1 -1  0 -2  3  1  4 -1 -1    1   1   7   1   0   1   8   1   4   6   6   1   0   5   1  42   5   8   0   1  0.25 0.11
  121 T   -1  0  1 -1 -2 -1  0  1 -1 -1 -1  0 -1  0  3  0  2 -2 -1 -1    2   6   8   1   0   1   7  11   0   1   8   6   0   7  17   2  20   0   1   1  0.18 0.06
  122 I    0 -2 -1  0 -2 -1  0 -2 -2  1  0 -1  1  3 -2 -1  0 -1  0  1    8   1   1   7   0   1   6   2   0  11   6   1   5  23   1   2   9   0   1  14  0.10 0.05
  123 R    2  2 -1  0 -1  0 -1  0 -1 -1 -1  0 -1 -2  1  1  1 -2 -2 -1   23  17   1   7   1   1   2   8   1   1   7   1   1   1   6   6  13   0   1   2  0.13 0.05
  124 N    0 -1  2  1 -2 -1 -1  1 -1  0  0  0 -1 -2  1  1  0 -2 -2  1    2   1  13   7   1   1   2  13   1   6   7   8   1   1   6  13   2   0   1  17  0.07 0.03
  125 S    0 -1  2  1 -1  0  0 -1 -1 -1 -1 -1 -1  0 -1  1  1 -2 -1  0    8   1  13   9   1   1   7   2   1   1   7   2   1   6   1  18  10   0   1  12  0.08 0.03
  126 S    1  2 -1 -1 -2  0  0  1 -1  0 -1  0 -1  0 -1  1  0 -2 -1 -1   14  16   1   1   0   1   6  15   1   7   7   1   1   5   1  19   1   0   1   2  0.10 0.05
  127 T    0  1 -1 -1  1  0  1 -1 -1 -2 -2  0 -1 -2  3  2  2 -2 -2 -1    6  12   1   1   5   1   8   2   1   1   2   1   1   1  14  19  20   0   1   2  0.24 0.07
  128 L   -1  1 -1 -2 -2 -1  0 -2  3  0  0 -1  1  1  2 -1 -1  3  2 -1    2  13   1   1   0   1   6   2  10  10   7   1   6   5  14   1   1   5  12   1  0.18 0.06
  129 S    2 -1  2 -1 -2 -1  0  0 -1 -1 -1 -1  0 -2 -2  1  1 -2  0  0   21   1  16   1   0   0   9   6   0   1   5   1   5   0   1  15   7   0   5   8  0.12 0.06
  130 D   -1  1  2  1  1  1  0 -2 -1 -2 -2  2 -2 -3  2  0  2 -3 -2 -2    1   6  11  10   5   7   1   1   0   1   1  18   0   1  12   6  16   0   0   1  0.25 0.07
  131 H   -1  1  1  2 -2  0  0 -2  3 -1 -1  0 -1  0 -1  0  1 -2 -1 -1    2  13   7  16   0   1   1   1  12   7   6   6   0   5   1   9  10   0   1   1  0.12 0.05
  132 I   -1 -2 -2 -3 -2 -2 -2 -3 -3  3  1 -2  2 -1  3 -2  1 -3 -2  2    1   1   1   1   0   1   1   1   0  27  11   1   6   1  14   1   9   0   0  24  0.30 0.09
  133 I   -1  0 -2 -2  1 -1  0 -3 -2  1  2  0  0 -1  1 -1 -1 -2  1  1    1   5   1   1   5   1   9   1   0   6  28   5   0   1   9   1   1   0   6  19  0.12 0.06
  134 D   -1  1  3  1 -2 -1  0  1 -1  0 -2 -1 -2 -3 -2  2  0 -3 -2  0    1  10  27   6   0   0   5  11   0   8   1   0   0   0   0  21   1   0   0   8  0.22 0.10
  135 K    0  4  1 -1 -2  0 -1  0  2 -3 -2  1 -2 -3 -2  1 -1 -3 -2 -2    7  39   9   1   0   1   1   7   6   1   1   6   0   1   1  17   1   0   0   1  0.35 0.11
  136 S    0  1 -1 -2 -1 -1  0 -2 -2  1  1  0  0  0 -2  0  1 -2 -1  1   10   9   1   1   0   1   6   1   0   7  22   7   0   5   1  10   8   0   0  10  0.05 0.03
  137 E    0  0 -1  0 -2  0  1  1 -1  0  0  1 -1 -2 -1  1  1 -2 -2 -1    6   6   1   5   0   1  11  12   0   7  13  10   0   1   1  16  10   0   0   1  0.08 0.04
  138 G   -1  2  2  0 -3  0  2  2 -1 -3 -2  0  0 -3 -2  1  0 -3 -2 -2    1  18  11   0   0   0  23  18   0   0   1   0   6   0   0  14   5   0   0   1  0.28 0.10
  139 K    1  2 -1  1 -2  0  1  0  1 -2 -2  2 -2 -2 -1  0  1 -2  1 -2   15  11   1   9   0   1   8   6   5   1   1  23   0   1   1   1  10   0   6   1  0.16 0.06
  140 S   -1  0  1  1 -2 -1 -1  0 -1  0  1  0  0  0 -2  1  0 -2 -1  0    1   5   7   9   0   1   1   7   0   6  21   5   0   5   1  22   1   0   0   5  0.05 0.05
  141 A    1  0  0 -2 -2  1 -1 -2 -1 -1  0 -1 -1 -1  2  0 -1  6 -1  0   15   7   6   1   0   7   1   1   0   1  13   1   0   1  10  10   1  17   1   6  0.26 0.08
  142 K   -1  1  2 -1 -3  2  1  1 -1 -2 -2  3 -2 -3 -2  0 -1 -3 -2 -1    1   5  11   1   0  14  10  11   0   1   1  29   0   0   1   5   1   0   0   9  0.25 0.09
  143 L   -2 -3 -4 -4 -2 -3 -4 -4 -3  2  4 -3  3  2 -4 -3 -2 -2 -1  1    0   0   0   0   0   0   0   0   0   9  66   0   7  11   0   0   0   0   0   8  0.62 0.17
  144 K   -1  2  2 -1 -3  1  0 -2  1 -4 -3  4 -2 -4 -2  2 -1 -4 -2 -3    0  10   9   0   0   4   0   0   5   0   0  46   0   0   0  26   0   0   0   0  0.54 0.18
  145 M    0 -2  1 -2 -2 -1 -2 -2 -2  1  0  0  1 -2  0  1  4 -3 -2  1    5   0   6   0   0   0   0   0   0   9   5   7   5   0   4   5  46   0   0   8  0.30 0.14
  146 W   -3 -3 -4 -5 -4 -3 -3 -4 -4 -2  2  1 -2 -1 -4 -4 -3 11  0 -3    0   0   0   0   0   0   0   0   0   0  25  15   0   0   0   0   0  60   0   0  1.87 0.34
  147 H   -2 -1 -1 -2 -4  6  0 -3  7 -3 -3 -1 -2 -4 -3 -2 -2 -4 -1  0    0   0   0   0   0  57   0   0  35   0   0   0   0   0   0   0   0   0   0   8  1.12 0.31
  148 V   -2 -4 -4 -4 -2 -3 -4 -4 -4  4  2 -3  0 -1 -4 -3 -1 -3 -2  4    0   0   0   0   0   0   0   0   0  34  21   0   0   0   0   0   0   0   0  45  0.63 0.18
  149 I    0 -3 -4 -4 -2 -3 -3 -4 -4  3  0 -3  2 -2  1 -2 -1 -4 -2  4    9   0   0   0   0   0   0   0   0  26   0   0   6   0   7   0   0   0   0  52  0.52 0.18
  150 M   -2 -3 -4 -4 -2 -3 -3 -4 -3  2  3 -3  2  1 -3 -3  0 -3 -1  3    0   0   0   0   0   0   0   0   0   4  47   0   5   6   0   0   5   0   0  33  0.48 0.15
  151 L   -2 -3 -4 -4 -2 -3 -4 -5 -3  1  5 -3  1  0 -4 -3  0 -2  1  0    0   0   0   0   0   0   0   0   0   5  80   0   0   0   0   0   8   0   7   0  0.71 0.21
  152 S   -1 -2 -1 -2 -2 -2 -2 -3 -3 -2 -2 -2 -2 -3 -2  2  6 -4 -3  0    0   0   0   0   0   0   0   0   0   0   0   0   0   0   0  19  73   0   0   8  0.86 0.27
  153 S    0 -2 -1 -2 -2 -2 -2 -2 -2 -3 -1 -2 -2 -3 -2  6  0 -4 -3 -3    0   0   0   0   0   0   0   0   0   0   8   0   0   0   0  92   0   0   0   0  0.97 0.31
  154 L   -1 -2 -1 -2 -2 -2 -2 -2 -3 -1  2 -2  0 -2 -2  4  1 -3 -2  0    0   0   0   0   0   0   0   0   0   0  33   0   0   0   0  51   7   0   0   8  0.40 0.19
  155 L    1 -2 -2 -3 -2 -2 -2 -3 -3  1  0 -2 -1 -2 -2  0  4 -3 -2  3   12   0   0   0   0   0   0   0   0   4  10   0   0   0   0   5  43   0   0  27  0.38 0.16
  156 S   -1 -2 -1 -2 -2 -2 -2 -2 -3  0 -2 -2 -2  1 -2  3  5 -3 -2 -1    0   0   0   0   0   0   0   0   0   7   0   0   0   8   0  25  60   0   0   0  0.64 0.23
  157 M   -2 -3 -4 -4 -2 -3 -3 -4 -3  2  3 -3  3  2 -3 -3 -1 -2 -1  3    0   0   0   0   0   0   0   0   0  12  32   0  10   9   0   0   0   0   0  37  0.48 0.15
  158 T   -2 -3 -3 -3 -2 -2 -3 -3 -3  1  3 -3  2  3 -3  0  1 -2  0  1    0   0   0   0   0   0   0   0   0   6  38   0   6  22   0   8  13   0   0   7  0.33 0.12
  159 F    1 -3 -3 -3 -2 -2 -3 -3 -3  2  2 -2  0  1 -3 -1  1 -2 -1  2   12   0   0   0   0   0   0   0   0  14  29   0   0   9   0   0  15   0   0  21  0.26 0.10
  160 S   -1 -2 -1 -2  2 -2 -2 -2 -2  0  0 -2 -1  1 -2  3  3 -2  3 -1    0   0   0   0   6   0   0   0   0   4  12   0   0   5   0  31  29   0  13   0  0.31 0.15
  161 Y   -2 -3 -3 -4  5 -3 -3 -4  2  2  1 -3  0  2 -4 -3 -2 -1  4  1    0   0   0   0  18   0   0   0   6  18  16   0   0   6   0   0   0   0  27   9  0.49 0.15
  162 L    0 -3 -3 -3  2 -3 -3  2 -3  1  3 -3  0 -1 -3 -2  0  4 -2  1    5   0   0   0   6   0   0  24   0   7  39   0   0   0   0   0   4   7   0   8  0.30 0.12
  163 A    0 -2 -2 -3 -2  0 -2 -3 -2  2  1 -2  0  2 -3  0  1 -2 -1  2    5   0   0   0   0   8   0   0   0   9  16   0   0  12   0  12   9   0   0  29  0.18 0.09
  164 L   -2  2 -1 -1 -4  6  2 -3 -1  0 -1  0 -1 -4 -3 -2 -2 -3 -3 -2    0  12   0   0   0  63  12   0   0   7   5   0   0   0   0   0   0   0   0   0  0.82 0.26
  165 E    1  2 -1 -1 -2  2  0  1 -1 -2 -1  2 -1 -3 -2  1  0 -3 -2 -2   13  10   0   0   0  13   5  14   0   0   7  19   0   0   0  14   5   0   0   0  0.22 0.09
  166 Y   -1 -3 -3 -4 -3 -3 -3 -4  2  0  3 -3  0  4 -4 -3 -2  0  5  0    5   0   0   0   0   0   0   0   6   0  34   0   0  19   0   0   0   0  31   5  0.58 0.17
  167 S   -2 -3 -2  1  2 -2  0 -3 -3 -1  2 -2 -1  0 -3  1  0  7 -1 -1    0   0   0  12   7   0   6   0   0   0  32   0   0   4   0  14   6  18   0   0  0.39 0.14
  168 L   -2 -1  0 -1 -3  1  1 -3  2 -1  0  1  1  2  0 -1  0 -2  1 -1    0   0   4   0   0   9  15   0   8   0  12   9   6  16   5   0   6   0   5   4  0.13 0.08
  169 T    0 -2  2 -1 -2 -1 -1  0 -1 -1  1 -1 -1 -1  0  2  1 -2  1 -1    9   0  14   0   0   0   0   8   0   0  23   0   0   0   4  21  12   0   6   0  0.13 0.08
  170 G   -1  0 -1  0 -3  1  1  2 -1 -2 -2 -1  0  2  3  0  0 -2  1 -2    1   4   0   5   0  11   8  18   0   0   1   0   6  14  14   5   7   0   6   0  0.20 0.08
  171 D    1  1  0  4 -2  1  1 -1 -1 -2 -1  0 -2 -3 -2  1 -1 -3 -2 -2   14   9   1  35   0   8   6   1   0   1   6   1   0   0   1  15   1   0   0   1  0.33 0.10
  172 V    0  0 -1  0 -2 -2 -2  2 -2  0 -2 -1 -2 -2  2  1  0  5 -2  1    9   7   0   5   0   0   0  21   0   6   0   0   0   0  10  12   4  11   0  14  0.25 0.09
  173 L   -1  1  0 -2 -2 -1 -1 -3 -2  1  2  0  0 -1 -2  0  1 -3 -2  1    0  14   5   0   0   0   5   0   0   9  31   4   0   0   0   9  13   0   0  11  0.14 0.08
  174 A    2  1 -2 -3 -2 -1 -2 -2 -1 -1  0  0 -1  0  0  0 -1 -2  2  1   25  13   0   0   0   0   0   0   0   0  13   6   0   4   5   9   0   0  12  12  0.13 0.09
  175 G   -1 -2  0  0 -2  0 -2  3  1  0  0 -2  1 -2  1 -1 -1 -3 -2  1    0   0   6   5   0   5   0  34   5   5  11   0   7   0   7   0   0   0   0  13  0.21 0.09
  176 F   -1 -1  2  1 -2  2  1 -2  1 -2  0 -1 -1  0  2  1  1 -3 -1 -2    0   0  16   5   0  11  10   0   4   0  10   0   0   5  11  14  11   0   0   0  0.21 0.08
  177 K    0  1  2  1 -3  0  2 -2  1 -3 -2  1 -2 -2  1  1  0 -3  1 -2    4   8  16   4   0   0  19   0   5   0   4  10   0   0   6  10   6   0   7   0  0.22 0.08
  178 S   -1 -2 -1  1 -2 -1 -1  0  2 -1  0 -2  1  1  0  1  2 -2  2  0    0   0   0  11   0   0   0   8   6   0   9   0   6   6   5  10  24   0  12   4  0.13 0.09
  179 Q    1 -1  1  1 -3  0  0  2  2 -3 -3  1 -2  0  0  1  0 -3 -1 -2   14   0   9  12   0   5   0  17   7   0   0  12   0   6   5   9   4   0   0   0  0.19 0.07
  180 Q    0  0 -1  1 -2  0 -1 -2 -2 -1  0 -1 -1 -1 -2  1  3 -2  1  1    5   6   0  10   0   5   0   0   0   0  14   0   0   0   0  11  28   0   7  13  0.15 0.10
  181 S    1  0  1  2 -2 -1 -1  1 -2 -1 -2 -1 -2 -3  1  2  1 -3 -3 -1   13   7   5  14   0   0   0   8   0   5   0   0   0   0   7  26  11   0   0   5  0.21 0.09
  182 L    0 -3 -3 -3 -2 -2 -2 -3  1  1  1 -2  2 -2  4  0 -1 -3 -2  2    9   0   0   0   0   0   0   0   6  11  11   0   8   0  27   7   0   0   0  21  0.41 0.12
  183 R    0  2 -1 -2 -3 -1  0  0  2 -3 -2 -1 -2  0  1  1  2 -1  4 -2    6  13   0   0   0   0   4   6   5   0   0   0   0   0   7  10  22   0  27   0  0.31 0.14
  184 N   -1 -2  2  0 -3 -2 -2  1  3 -2 -1 -2 -2  4  2  1 -1 -2  0 -2    0   0  12   4   0   0   0  13  12   0   6   0   0  27  10  15   0   0   0   0  0.28 0.13
  185 N   -1 -2  3 -1 -2 -1 -1  1  2  0 -1 -1 -1 -2 -2  1  3 -3 -2  0    1   0  26   0   0   0   1   9   6   7   7   0   0   0   0   6  28   0   0   7  0.24 0.11
  186 E   -1  1  3  2 -3  2  2 -2 -1 -2 -2  0  2 -2 -2  0  0 -3 -2 -2    1   8  23  10   0  10  16   1   0   1   1   1  13   1   1   7   5   0   0   1  0.27 0.10
  187 R    0  1 -1 -1 -2  1 -1 -2  5 -2 -2  1  0  1  1 -1  1 -2  0 -2    6   6   1   1   0   7   1   1  28   1   2  10   5   8   7   1  14   0   1   1  0.26 0.10
  188 K    0 -1 -1  1 -2  1 -1  4 -2 -2 -2  0  1 -2  1 -1 -1  4 -2 -2    5   1   1  10   0   7   1  39   0   1   2   6   6   1   8   1   1   8   1   1  0.37 0.09
  189 L    3 -1 -2 -2 -1  2 -1 -1 -2  0  1 -1  0 -2 -2  0 -1 -2 -2  1   34   1   1   1   0  15   1   1   0   1  20   1   0   0   1   8   1   0   0  15  0.18 0.10
  190 L   -1 -2 -2 -2 -1 -2 -2 -2 -2  2  1 -2  1 -1 -2  0  3 -3 -2  3    1   1   1   1   0   1   1   1   0  13  10   1   5   0   1   5  29   0   0  29  0.25 0.10
  191 Y   -2 -3 -3 -4 -3 -2 -3 -4  0  0  0 -3 -1  1  1 -3 -2  0  7  0    1   0   0   0   0   0   0   1   0   6   7   0   0   0   6   1   0   0  67   8  0.97 0.24
  192 G   -1  3 -1 -2 -3 -1 -1  3 -2 -2  0  1 -1 -3 -2  1 -1 -3 -2 -2    1  29   0   0   0   0   0  31   0   0  13   5   0   0   0  18   0   0   0   0  0.35 0.13
  193 N   -1 -1  4  3 -3 -1  1  1 -1 -3 -1  0 -2 -3 -2  0 -1 -3 -3 -3    1   0  33  22   0   0   6  14   0   0   7   7   0   0   0   6   0   0   0   0  0.41 0.12
  194 I   -1 -3 -3 -3 -2 -3 -3 -1 -2  3  0 -3  0  2  0 -2  0 -2  3  3    0   0   0   0   0   0   0   7   0  24   0   0   0   8   6   0   6   0  13  37  0.32 0.14
  195 D   -2 -1  4  5 -4  1  2 -2 -1 -4 -4  0 -3 -4 -3 -1 -2 -5 -3 -4    0   0  30  47   0   6  11   0   0   0   0   6   0   0   0   0   0   0   0   0  0.86 0.21
  196 F   -3 -3 -2  0 -3 -2  0 -4  4 -1  1 -3 -1  6 -4 -1 -2 -1  1 -2    0   0   0   7   0   0   6   0  14   0  11   0   0  56   0   7   0   0   0   0  0.65 0.21
  197 V   -2 -3  1  1 -2 -2 -2 -3 -3  1  1 -3  2 -1 -3 -2 -1  5 -1  3    0   0  12  12   0   0   0   0   0   7  13   0   6   0   0   0   0  12   0  37  0.35 0.14
  198 D    0 -1  3  3 -2 -1  0 -1 -1 -1 -2 -1 -1 -2 -1  1  2 -2 -2  0   10   1  20  20   0   1   1   2   0   1   2   1   1   1   1   6  18   0   1  12  0.21 0.07
  199 K    0  0 -1  0 -2 -1 -1 -2  2 -1  0  0 -1 -1  2  0  2 -2 -1  0    6   6   1   8   0   1   1   2  10   1  16   6   1   1  12   2  19   0   1   7  0.12 0.05
  200 K   -1  1 -1  2 -2  0  0 -2 -1  0  1  0  1  1  0 -1  0 -1 -1  0    2   8   1  16   0   6   1   2   0   1  16   6   7  12   5   2   6   0   1   8  0.06 0.04
  201 S    0 -1  1  2 -2 -1  1  1 -1 -1 -1 -1 -1  2 -1  1  0 -2 -1 -1   10   1   8  12   0   1  10  12   0   1   2   1   1  14   1  11   6   0   1   7  0.10 0.04
  202 Y   -1 -1  3  0 -2  0  0  0  2 -2 -2 -1 -1  1  1  1  0 -1  2 -2    2   1  20   1   0   5   6   8   8   1   2   1   1   6   6  11   6   0  13   1  0.17 0.06
  203 D   -1 -1  4  3 -2  0  1 -1 -1 -2 -2 -1  0 -2 -1  1  0 -3 -2 -1    2   1  28  25   0   1   9   2   0   1   2   1   5   1   1   8   5   0   1   6  0.32 0.09
  204 S    1  1  1 -1 -1  0 -1  0 -1  0 -1  0 -1 -2 -1  2  1 -2 -1  1   15   9   7   1   0   6   1   6   0   6   2   1   1   1   1  23   5   0   1  13  0.10 0.05
  205 S    0 -1 -1 -1 -2 -1  0  2 -1 -1 -1 -1 -1 -2  2  2  1 -2 -2  0    2   1   1   1   0   1   7  16   0   1   7   1   1   1  10  29   8   0   1  11  0.18 0.06
  206 S   -1 -2  0  0 -2 -1  0 -2 -2  1  2 -1  2 -1 -2  0  1 -2 -2  0    1   1   5   7   0   1   7   1   0   7  34   1   7   1   1  11  14   0   0   1  0.12 0.07
  207 D    0 -1 -1  0 -2  0 -1 -2  2  0 -2 -1 -2 -2  5  0 -1 -2 -2 -1    7   1   1   7   1   5   2   2   8   7   3   2   1   1  41   8   2   0   1   2  0.60 0.09
  208 S    0 -1 -1  0 -1  1 -1  0 -1  0  0 -1  1  1  1  0  0 -2 -1  1    7   1   1   8   0   9   2   8   1   1   6   1   6  10   6  11   1   0   1  19  0.04 0.04
  209 L   -1  1 -1 -1 -2 -1 -1  2 -2 -1 -1 -1 -1 -2  4  0 -1 -2 -2  0    2   9   1   1   0   1   2  24   1   1   7   1   1   1  24   6   1   0   1  14  0.33 0.07
  210 S    1 -1  2  1 -2 -1 -1 -1 -1 -2 -1 -1 -1  2  3  0  0 -2  0 -1   14   1  12  10   0   1   2   2   1   1   2   1   1  18  18   7   6   0   1   2  0.23 0.07
  211 Q   -1 -1  1  0 -2  1  1  0  2  0 -1  0 -1  0  1  1  0 -2 -1  0    2   1   7   1   0  10  14   6   8  10   2   1   1   7   6  14   1   0   1   6  0.09 0.04
  212 W   -2  0 -2  0 -3 -1  0 -3  1 -3 -3  0 -2 -1  0 -1 -1 10  0 -3    1   7   0   5   0   0   6   1   5   1   1   7   0   0   5   5   5  49   0   1  1.20 0.22
  213 A    0  2  1 -1 -2  0  1  0 -1 -1 -2  2 -1  0 -2  0 -1 -2  1  0    6  14   8   1   0   0  14   5   0   1   1  15   0   6   1   8   1   0   7  11  0.11 0.06
  214 P   -1  0  0 -2 -3 -2 -2  3 -2 -3 -3 -2 -3 -4  6 -1 -2 -3 -3 -3    1   5   5   1   0   0   1  28   0   1   1   1   0   0  53   1   1   0   0   1  1.13 0.19
  215 S    1 -2 -1 -2 -2 -1 -1 -2 -2 -2 -3  0 -2 -3 -2  3  4 -4 -3 -2   13   0   0   0   0   0   0   0   0   0   0   6   0   0   0  36  44   0   0   0  0.59 0.21
  216 G   -1  0 -1 -2 -3 -2 -2  5 -2 -4 -4  1 -3 -4 -3  2 -2 -4 -4 -4    0   6   0   0   0   0   0  62   0   0   0  12   0   0   0  20   0   0   0   0  0.83 0.20
  217 K   -2  2 -1 -2 -4  1  0 -3 -2 -4 -4  6 -3 -5 -2 -2 -2 -4 -3 -4    0   7   0   0   0   4   0   0   0   0   0  89   0   0   0   0   0   0   0   0  1.16 0.30
  218 Y   -3 -4 -4 -5 -4 -4 -4 -5 -1 -2 -1 -4 -2  7 -5 -3 -3  0  7 -2    0   0   0   0   0   0   0   0   0   0   0   0   0  54   0   0   0   0  46   0  1.46 0.31
  219 Y   -3 -3 -4 -4 -3 -3 -4 -5 -1  4 -1 -3  2  2 -4 -3 -2  0  7  0    0   0   0   0   0   0   0   0   0  34   0   0   7   5   0   0   0   0  55   0  0.97 0.26
  220 V   -2 -4 -4 -5 -2 -4 -4 -5 -5  1  0 -4 -1 -2 -4 -3 -1 -4 -3  6    0   0   0   0   0   0   0   0   0   0   0   0   0   0   0   0   0   0   0 100  1.15 0.32
  221 D   -3 -3  0  7 -5 -2  0 -3 -3 -5 -5 -2 -5 -5 -3 -2 -3 -6 -5 -5    0   0   0 100   0   0   0   0   0   0   0   0   0   0   0   0   0   0   0   0  1.80 0.36
  222 F   -4 -4 -5 -5 -4 -5 -5 -5 -3 -2 -1 -5 -1  8 -5 -4 -4 -1  2 -2    0   0   0   0   0   0   0   0   0   0   0   0   0 100   0   0   0   0   0   0  1.87 0.37
  223 D   -2 -2 -1  5 -5  0  5 -3 -2 -4 -5 -1 -4 -5 -3 -1 -2 -5 -4 -4    0   0   0  49   0   0  51   0   0   0   0   0   0   0   0   0   0   0   0   0  1.16 0.27
  224 N   -3 -1  7  0 -4  1 -1 -2 -1 -4 -4  2 -3 -4 -3 -1 -1 -5 -3 -4    0   0  75   0   0   7   0   0   0   0   0  18   0   0   0   0   0   0   0   0  1.14 0.29
  225 H   -2  5 -1 -2  1  0 -1 -3  6 -4 -3  3 -3 -4 -3 -2 -2 -4 -1 -4    0  51   0   0   5   0   0   0  26   0   0  18   0   0   0   0   0   0   0   0  0.92 0.24
  226 I   -2 -4 -4 -4 -2 -4 -4 -5 -4  5  0 -4  0  1 -4 -3 -1 -3 -2  4    0   0   0   0   0   0   0   0   0  44   0   0   0   8   0   0   0   0   0  48  0.72 0.21
  227 A    5 -3 -3 -3 -2 -2 -2 -1 -3  1 -2 -2 -2 -3 -2  0 -1 -4 -3 -1   86   0   0   0   0   0   0   0   0  14   0   0   0   0   0   0   0   0   0   0  0.82 0.27
  228 Y   -3 -3 -3 -4  3 -3 -4 -4  2  0 -2 -3 -2  1 -4 -3 -3  0  8  0    0   0   0   0   8   0   0   0   4   5   0   0   0   0   0   0   0   0  77   6  1.36 0.32
  229 P   -2 -4 -4 -3 -5 -3 -3 -4 -4 -4 -5 -3 -4 -5  8 -2 -3 -5 -5 -4    0   0   0   0   0   0   0   0   0   0   0   0   0   0 100   0   0   0   0   0  2.68 0.40
  230 L   -2 -3 -4 -4 -2 -3 -4 -4 -4  4  3 -3  3 -1 -4 -3 -1 -3 -2  3    0   0   0   0   0   0   0   0   0  43  26   0   8   0   0   0   0   0   0  22  0.59 0.17
  231 K   -1 -1  1  0 -2  1 -1 -2 -2 -1 -1  1 -1 -3  3  1  2 -4 -2  1    0   0   6   6   0   8   0   0   0   0   5  12   0   0  20  10  15   0   0  18  0.28 0.10
  232 D    0 -2 -1  2 -3  1  3  0 -2 -3 -2 -1 -2 -3  3  1 -1 -4 -3 -3    5   0   0  15   0   4  30   7   0   0   6   0   0   0  18  15   0   0   0   0  0.44 0.13
  233 D   -1 -1  3  3 -3  0  3  1 -1 -3 -3  0 -2 -3 -2  0 -1 -3 -2 -3    1   1  17  25   0   1  30   9   0   1   2   6   0   1   1   1   1   0   1   1  0.44 0.11
  234 D   -2 -2  1  5 -4  0  3 -2 -1 -3 -3 -1 -3  0 -2 -1 -2 -3 -2 -3    1   0   6  50   0   0  29   1   0   0   1   1   0   7   0   1   1   0   0   1  0.75 0.18
  235 L   -1 -2 -3 -3 -2 -2 -3 -3 -2  1  2 -2  1  3 -3 -1 -1 -1  1  3    1   0   0   0   0   0   1   1   0   0  29   1   5  18   0   7   1   0   5  31  0.29 0.11
  236 M    0 -2  0 -2 -1 -2 -2 -2 -2  2  1 -2  1 -1  0  1  0 -3 -2  2    7   0   7   0   0   0   1   1   0  23  10   1   5   0   5  14   1   0   0  24  0.16 0.08
  237 G   -1 -3 -2 -2 -3 -2 -2  4 -3  0  0 -2 -1  1  4 -1 -2 -2 -2 -2    1   0   0   0   0   0   1  44   0   7  12   1   0   9  21   1   1   0   0   1  0.53 0.13
  238 W   -3 -3 -3 -4 -3 -3 -3 -3 -3 -2 -1 -3 -2  2 -3 -2  1 10  2  0    1   0   0   0   0   0   1   1   0   0   6   1   0   7   0   1  12  56   7   7  1.58 0.26
  239 R    0  3 -1 -1 -3  4  3 -2  2 -3 -3  2 -2 -3 -2 -1 -1 -3 -2 -3    7  21   0   0   0  33  19   1   5   0   1   9   0   0   0   1   1   0   0   1  0.51 0.14
  240 R    1  3 -1  0 -2  0  0  0 -1 -3 -3  3 -2 -3 -2  2 -1 -3 -2 -2   11  22   0   6   0   0   1   7   0   0   1  27   0   0   0  20   1   0   0   1  0.32 0.11
  241 Y    1 -2 -2 -3  1 -2 -2  0 -1 -1  1  0  0  3 -2 -1  0 -1  3 -1   19   0   0   0   4   0   1   6   0   0  17   7   0  17   0   1   7   0  17   1  0.17 0.09
  242 K   -2  2 -1 -2 -3  0  0 -2 -1 -3 -2  6  1 -2 -2 -1 -2 -3  1 -3    1   5   0   0   0   0   1   1   0   0   1  74   6   0   0   1   1   0   7   1  0.74 0.22
  243 T    2 -2 -1 -2 -1  0 -1 -2 -2  0 -1 -1 -1  0 -2  0  4 -2 -1  1   20   1   1   1   0   5   1   1   0   6   1   1   0   5   1   1  41   0   1  12  0.25 0.11
  244 D   -1 -1  1  4 -2 -1  1 -2 -1 -1 -2  0 -2 -2 -2  0 -1 -2  1  1    1   1   5  39   0   1   5   1   0   1   1   5   0   1   1   7   1   0   7  21  0.31 0.11
  245 L    2 -1 -1 -2 -1  1 -1 -1 -2 -1  1 -1 -1 -2 -1  2  1 -2 -2  0   30   1   1   1   0   7   1   1   0   1  17   1   0   1   1  26   5   0   1   6  0.19 0.09
  246 V   -1  2  0 -2 -2 -1 -1 -3 -2  0  1  2  2 -2 -2 -1  1 -3 -2  2    0  14   7   0   0   0   0   0   0   0  11  22   9   0   0   0   9   0   0  24  0.17 0.10
  247 I   -1 -2  0 -2 -2  0 -1 -3 -3  4  2 -2  0 -1 -3 -1  0 -3 -2  1    5   0   6   0   0   5   4   0   0  42  22   0   0   0   0   5   4   0   0   7  0.26 0.12
  248 L    0 -3 -3 -4 -2 -3 -3 -1 -2  1  3 -3  1  4 -4 -2 -2 -1  3 -1    8   0   0   0   0   0   0   6   0   5  35   0   4  27   0   0   0   0  15   0  0.42 0.14
  249 W   -1  2 -3 -4 -3 -2 -3  0 -3 -3 -1 -2 -2 -1 -4 -1 -3 10  2 -3    5  13   0   0   0   0   0  10   0   0   6   0   0   0   0   7   0  54   6   0  1.51 0.29
  250 Y   -2 -2 -2  0  1 -1  0 -3  5 -3 -1 -1 -2  0 -3 -1  0  0  6 -2    0   0   0   5   4   0   4   0  20   0   5   5   0   0   0   5   6   0  47   0  0.68 0.21
  251 T   -1  2 -1 -2 -2  2 -1 -1  1 -2 -3  0 -2 -3 -2  1  4 -3 -2 -2    0  13   0   0   0  11   0   5   5   0   0   5   0   0   0  10  52   0   0   0  0.48 0.19
  252 T    2 -2  0 -2 -1  0 -2  0 -2  1  1 -2  0 -2 -2  0  1 -3 -2  1   26   0   4   0   0   5   0   6   0  11  16   0   0   0   0   4  12   0   0  16  0.14 0.08
  253 K    0  3  0 -2 -3  1 -1 -2 -1 -2 -1  4 -2  0 -2 -1 -2 -3 -2 -1    7  17   5   0   0   6   0   0   0   0   6  50   0   6   0   0   0   0   0   4  0.43 0.16
  254 A    0 -2  1  1 -2  0  0 -2 -1 -2 -1 -1 -2  0  1  3  0 -3  1 -1    5   0   7   6   0   4   5   0   0   0   7   0   0   5   6  45   0   0   6   5  0.24 0.13
  255 R   -2  3  1 -2 -3  1  0 -2  1 -2  0  4 -1 -3 -2  0  0 -3 -2 -2    0  16   7   0   0   5   0   0   5   0  12  43   0   0   0   5   7   0   0   0  0.37 0.14
  256 M   -2 -3 -3 -1  2 -2 -3 -3 -2  2  3 -3  2  1 -3 -2 -1 -1  2  1    0   0   0   5   5   0   0   0   0  11  40   0   6   6   0   0   0   0  12  12  0.28 0.09
  257 K    1  2 -1 -1  3  1  1  0  2 -2 -1  2 -1 -3 -2  0 -1 -3 -2 -2   12  17   0   0   8   7   8   6   6   0   6  23   0   0   0   5   0   0   0   0  0.22 0.08
  258 D   -1  0 -1  1 -2  1  1  0 -1 -1 -1  1 -1 -1 -2  1 -1 -1  2 -1    1   6   0  11   0   9  12   6   0   5   8   7   0   0   1  19   1   0  13   1  0.12 0.06
  259 G   -1  0  2 -1 -2  1  1  1 -1 -2  0  2 -1 -2 -2  1 -1 -3 -2 -2    1   1  16   1   0   6   7  12   0   1  16  25   0   0   1  11   1   0   0   1  0.17 0.08
  260 W   -2 -2 -3 -3 -3 -2 -3 -3 -1 -2  1 -3 -1  1 -3 -1 -2  9  5 -2    1   1   1   1   0   1   1   1   0   1  17   1   0   1   1   6   1  35  30   1  1.06 0.19
  261 H   -1  1  0  1 -2  2  2  0  4 -2 -1  0 -1  0 -2 -1  1 -2 -1 -2    1   6   1   8   0  13  14   6  18   1   8   1   0   6   1   1  15   0   0   1  0.19 0.08
  262 K    1  2  0 -1 -2  0 -1 -2 -1  0 -1  2 -1 -2  1  0 -1  4 -1 -1   15  15   6   1   0   1   1   1   0   8   6  23   0   1   7   7   1   8   0   1  0.18 0.07
  263 R    0  3 -1 -2 -2 -1 -1 -2 -1 -1  1  0  1  3 -2  1  0 -1  0 -1    6  26   1   1   0   1   1   1   0   1  14   1   7  18   1  15   6   0   0   1  0.16 0.08
  264 I    0  1  0 -1 -2  0 -1 -2 -1  0  1  2  0 -1  1  0 -1  3 -1 -1    8   8   6   1   0   1   1   1   0   7  19  25   0   1   8   8   1   6   0   1  0.14 0.06
  265 N   -1  1  3  2 -3  1  0 -1 -1 -3 -3  1 -2  0 -2  2  1 -3 -2 -2    0   8  26  11   0   9   0   0   0   0   0   8   0   7   0  21   7   0   0   0  0.30 0.10
  266 K   -1  2 -1  2 -2  1  0 -2  2 -2 -1  1 -1 -1 -2 -1 -1  4  1 -1    6  20   1  15   0   7   1   1   7   1   9   7   0   0   1   1   1   9   7   6  0.20 0.07
  267 I    1 -2 -2 -2 -1 -1 -2 -2 -2  2  1  0  0  0 -2  0 -1 -2  2  2   14   1   1   1   0   0   1   1   0  26  15   8   0   0   1   8   1   0   9  14  0.12 0.06
  268 N   -2  1  2  1 -3  2  1 -2  3 -3 -2 -1 -2  0 -2 -1 -1  4  4 -2    1   7  14   6   0  14  10   1  12   1   1   1   0   0   1   1   1   7  22   1  0.37 0.11
  269 G    0  1  0  1 -2 -1 -1  3 -1 -2 -2  1 -2  1 -1  1  0 -2 -1 -2    2   8   1   8   0   1   1  29   0   1   2  10   0  12   1  13   6   0   1   1  0.19 0.06
  270 G    0  0 -1 -1 -2  1 -1  3 -2 -2 -1  1 -1 -2  1  1  1 -2 -2 -2    1   7   1   1   0   7   1  31   0   1   7   8   0   1   8   9  16   0   0   1  0.25 0.07
  271 R    0  3  0 -2 -2 -1 -1 -2 -1  0  1  0  0 -2 -2 -1  0 -2 -2  2   10  31   7   1   0   1   1   1   0   1  14   1   0   1   1   1   7   0   0  23  0.17 0.08
  272 I    1 -2 -1  0 -1 -1  0 -2 -2  1  1 -1  0 -1 -1  0  0 -2 -1  2   18   1   1   7   0   1   7   1   0   7  23   1   0   1   1   7   1   0   1  21  0.08 0.04
  273 K    0  1  0  1 -3  2  1 -2  4 -3 -3  4 -2 -3 -2  1 -1 -3 -2 -3    6   6   0   6   0   7   9   0  14   0   0  38   0   0   0  14   0   0   0   0  0.41 0.13
  274 L    0 -2  0 -2  5 -2 -1 -3 -2  1  1 -2  2  2 -3 -1 -1 -2  1  0    6   0   7   0  19   0   6   0   0   7  14   0  13   9   0   5   0   0   8   6  0.20 0.09
  275 H   -1  0 -1 -2 -3  1 -1  0  4 -2 -3  2 -2 -2 -2  2  1  3  1 -1    0   0   0   0   0   8   0   7  19   0   0  20   0   0   0  22   7   6   6   6  0.28 0.12
  276 L   -1  0 -1 -2 -2 -1  0  0 -2  1  0 -1 -1 -2 -2  0  3 -3 -2  2    0   7   0   0   0   0   6   9   0   7   6   0   0   0   0   6  37   0   0  22  0.21 0.11
  277 F   -2  0  1 -3 -2 -2 -3 -3 -2  1  1 -2  0  4 -3 -2  0 -1  2  1    0   6  13   0   0   0   0   0   0   8  18   0   0  32   0   0   6   0   7   9  0.28 0.11
  278 L   -1  0 -2  0 -2 -1  0 -3 -2  0  1 -1  0  2 -3  0  0  4  2  1    0   8   0   6   0   0   7   0   0   6  14   0   0  12   0  13   6   9   7  13  0.14 0.07
  279 K    1  0  1 -1 -2  0 -1  0  1 -2 -2  3 -2 -3 -2  2  1 -3 -2  0    9   0   6   0   0   0   0   7   6   0   0  32   0   0   0  20   8   0   0  13  0.21 0.10
  280 N    0  1  1 -1 -2  1 -1 -2  2  0  0  1 -1  0  1  0  0 -2  1 -1    6   7  12   0   0   9   0   0   8   7   8  13   0   5   7   6   6   0   6   0  0.10 0.05
  281 S    2 -1 -1 -1 -2 -1  0  1 -2  0 -2  0 -2 -3 -2  3  1 -3 -2 -1   29   0   0   0   0   0   6   7   0   8   0   6   0   0   0  33  10   0   0   0  0.28 0.11
  282 F   -2  1 -3 -4 -3 -2 -3 -4  2  2  1 -2  0  3 -4 -3 -2  6  3  1    0  10   0   0   0   0   0   0   8  15  18   0   0  13   0   0   0  16  14   8  0.44 0.11
  283 K   -1  2  1  1 -3  1  0 -2  2 -2 -1  3 -1 -3 -2  0  0 -3 -2 -2    0  16   9   8   0   8   0   0   7   0   7  27   0   0   0   8   8   0   0   0  0.25 0.08
  284 S    1  1  4 -1 -2 -1 -1 -1 -1 -3 -3 -1 -2 -2 -2  3  0 -2  2 -2    8   8  30   0   0   0   0   0   0   0   1   0   0   0   0  40   0   0  10   0  0.42 0.14
  285 A    1  1 -2 -2 -2  1  0 -2 -2  1  1 -1  0  1 -2 -1 -1  3 -1  2   21  10   0   0   0   8   7   0   0   8  13   0   0   7   0   0   0   6   0  20  0.13 0.07
  286 Q    1  0  1 -1 -2  1 -1 -1 -1 -2 -2  2  1 -3  1  3  1 -3 -2 -2   10   0   6   0   0   7   0   0   0   0   0  22   8   0   5  35   8   0   0   0  0.30 0.12
  287 E    0 -1  0  1 -3  1  2 -2 -1 -1  1  1 -1  2 -2  0 -1 -2 -1 -2    8   0   6   7   0   5  21   0   0   0  17  13   0  16   0   6   0   0   0   0  0.14 0.07
  288 S    0  2  1 -1 -3  0  1 -2 -1 -1 -2  2 -2 -3  2  1  0 -3 -2 -2    9  18   7   0   0   0   8   0   0   7   0  21   0   0   9  15   6   0   0   0  0.25 0.07
  289 L    1 -2 -2 -2  2 -2 -2 -2  2  0  2 -2  2 -1 -2  2  0 -3 -2  2    9   0   0   0   6   0   0   0   7   0  22   0   8   0   0  27   0   0   0  21  0.17 0.09
  290 R    1  3  1 -1 -3  1  0 -2  3 -3 -3  3 -2 -3 -2  1 -1 -3 -2 -3   11  23   6   0   0   7   0   0  10   0   0  26   0   0   0  17   0   0   0   0  0.36 0.10
  291 V   -1  0  1  1 -3  4  2 -2  2 -2 -2  1 -1 -3 -2 -1 -1 -3 -2  0    0   0   9   8   0  34  18   0   7   0   0  10   0   0   0   0   0   0   0  15  0.37 0.11
  292 L    1 -2 -2  0 -2 -2 -2  0 -2  1  2 -2  0  2 -2  0 -1 -2 -1  0   21   0   0   8   0   0   0   9   0  10  35   0   0  11   0   7   0   0   0   0  0.13 0.07
  293 H    0 -1  1 -1 -2 -1 -1  1  4 -2 -2  1 -2  2 -2  2  1 -2  0 -2    8   0   7   0   0   0   0  10  18   0   0  11   0  13   0  25   8   0   0   0  0.22 0.09
  294 K    0  3 -1 -2 -3  0 -1  0 -2  0 -2  4 -1 -3 -2 -1 -1 -3 -2  1   10  17   0   0   0   0   0   7   0   7   0  43   0   0   0   0   0   0   0  16  0.29 0.11
  295 E    0  0  1 -1 -3 -1  0  3 -1 -3 -3  1 -2  1 -2  0 -1  4  2 -2    7   7   7   0   0   0   8  27   0   0   0   9   0   8   0   9   0   8  10   0  0.26 0.07
  296 Q   -2 -2 -3 -3  3  1 -2 -4 -1  1  2 -2  2  2 -3 -2 -2 -1  3  0    0   0   0   0  10  14   0   0   0   8  33   0   7   9   0   0   0   0  18   0  0.30 0.10
  297 K    0  1 -1 -2 -2  0 -1 -2  3  0  1  2  0 -2 -2  0 -1 -3 -1  1    8   8   0   0   0   0   0   0  11   0  24  24   0   0   0   9   0   0   0  16  0.13 0.08
  298 R    0  2  1 -2 -2 -1 -1 -2 -2  0  0  0 -1 -2  2  1  1 -3 -2  1    8  19   8   0   0   0   0   0   0   7   9   0   0   0  10  16   7   0   0  16  0.14 0.06
  299 R    0  2 -1 -1 -2  0  1 -2 -1 -1  0  2 -1 -2 -2  1  2 -3 -2  0    7  15   0   0   0   0   9   0   0   0  11  15   0   0   0  17  17   0   0   9  0.16 0.06
  300 W   -1 -3  0 -3  3 -3 -3 -3 -1  1  0 -3 -1  4 -3 -2 -2  4  4  0    7   0   7   0  11   0   0   0   0   9   8   0   0  25   0   0   0   8  18   7  0.36 0.09
  301 K   -1  1  1 -1 -3  1  1 -2  3  1  0  2 -1 -2 -2  0 -1 -3 -1 -1    0   6   7   0   0   7   8   0  11  18   9  25   0   0   0  10   0   0   0   0  0.15 0.07
  302 R    0  5 -1 -2 -3  0 -1  0 -1 -3 -1  3 -1 -3 -2 -1 -1 -3 -2 -2   11  47   0   0   0   0   0   8   0   0   9  26   0   0   0   0   0   0   0   0  0.46 0.12
  303 L    2 -1 -2 -2  3 -1 -1 -2 -2  1  1  0  0 -2 -2  1  1 -3 -2  0   28   0   0   0   8   0   0   0   0  10  19   9   0   0   0  17   9   0   0   0  0.15 0.07
  304 F   -1  1 -2 -3 -3 -1 -2  2 -1 -2 -2  0 -1  4 -3  0 -2  0  4 -2    0  11   0   0   0   0   0  21   0   0   0   9   0  32   0   9   0   0  18   0  0.35 0.10
  305 V   -1  4 -1 -2 -3  3  0 -2 -1 -2 -2  1 -1 -3 -2  2  1 -3 -2  0    0  36   0   0   0  18   0   0   0   0   0   0   0   0   0  27  11   0   0   8  0.39 0.12
  306 L   -1 -2 -2 -3 -2 -2 -3  0 -3  2  3 -2  2 -1 -3  1 -1 -3 -2  0    0   0   0   0   0   0   0   8   0  21  46   0   7   0   0  18   0   0   0   0  0.26 0.09
  307 L    0 -3 -3 -4  5 -3 -3 -3 -3  1  3 -3  1  1 -3 -2 -1 -2 -1  2   11   0   0   0  17   0   0   0   0   0  44   0   0   8   0   0   0   0   0  20  0.36 0.10
  308 H    1  1 -1 -2  3 -1 -1  2  5 -3 -3  1 -2 -3 -2  1 -1 -3 -1 -2   19  11   0   0  10   0   0  18  25   0   0   8   0   0   0   8   0   0   0   0  0.33 0.09
  309 N   -1  1  1 -1 -2 -1  1  2  0 -2 -2 -1  1 -1 -2  2 -1 -1  3 -2    0  11   8   0   0   0   9  16   0   0   0   0   8   0   0  28   0   0  19   0  0.23 0.09
  310 K    0  0 -1  1 -3  0  2  0 -1 -3 -3  4 -2 -2 -2 -1 -1 -2  2 -3   11   0   0   8   0   0  19   8   0   0   0  43   0   0   0   0   0   0  11   0  0.34 0.10
  311 Y   -2 -3 -2 -3 -2 -2 -3 -3  0  1 -1 -2 -1  4 -3  0  1  0  6 -1    0   0   0   0   0   0   0   0   0  17   0   0   0  17   0  11  11   0  43   0  0.53 0.13
  312 R   -1  3  0  1 -3  3  0 -2 -1 -3 -3  2 -2 -3 -2  1 -1 -3 -2 -2    1  26   0  11   0  20   1   1   0   0   1  18   0   0   0  19   0   0   0   1  0.38 0.09
  313 Q   -1 -1  4  0 -2  1  1 -1  3 -2 -3  0 -2 -3 -2  2  2 -3 -1 -2    1   0  28   0   0   9   9   1  10   0   1   0   0   0   0  17  22   0   0   1  0.34 0.09
  314 F    0 -2  1 -2  2 -2 -2  2 -2  0 -1 -2 -1  3 -2 -1 -1 -1  0  1    9   0   9   0   7   0   1  22   0   0   1   0   0  27   0   1   0   0   0  19  0.19 0.07
  315 S    1  2 -1 -2 -2 -1  0 -2 -2  1  1  0  0 -2 -2  1  0 -3 -2  0   17  22   0   0   0   0   7   0   0   9  19   0   0   0   0  18   0   0   0   8  0.13 0.06
  316 P   -2  3 -1  2 -4  1  1 -3 -1 -4 -3  1 -2 -4  4 -1 -2 -4 -3 -3    0  28   0  18   0   8  11   0   0   0   0   8   0   0  27   0   0   0   0   0  0.65 0.11
  317 H   -2  1  1 -2 -3  2 -1  0  4  0 -2 -1 -1  0 -3 -1 -1 -1  4  0    0   8   8   0   0  17   0   9  18  11   0   0   0   0   0   0   0   0  21   7  0.24 0.09
  318 I   -1 -3 -4 -4 -2 -3 -4 -4 -4  4  1 -3  1  2 -3 -3 -1 -3 -1  3    0   0   0   0   0   0   0   0   0  47   8   0   0   9   0   0   0   0   0  36  0.50 0.12
  319 K   -1  0  1 -1 -3  2  0 -2  3 -3 -3  4 -2  1 -2  1  1 -3 -1 -2    0   0   9   0   0   8   0   0  11   0   0  43   0   9   0   8  11   0   0   0  0.32 0.10
  320 R   -1  4 -1 -2 -3  1 -1 -2 -1  0  0  2 -1 -1 -2  0 -1 -2  1 -1    1  36   0   0   0   9   1   1   0  11  12  10   0   0   0   8   0   0   9   1  0.24 0.07
  321 Y   -1 -1 -1 -2 -2 -1 -1  1  4 -2 -2 -1 -1  1 -2 -1  1  0  6 -2    1   1   1   1   0   1   1  12  14   1   2   1   0   1   1   1  13   0  45   1  0.42 0.08
  322 F   -1 -2 -2 -3 -2 -2 -2 -3 -2  3  1  0  0  3  2 -2 -1 -1  0  1    1   1   0   1   0   0   1   1   0  33  13  11   0  22  14   1   1   0   0   1  0.23 0.06
  323 D   -1  2  0  1 -2  3  0 -2 -1  0 -1  0 -1 -2  2  1  0 -2 -2 -1    2  14   1  12   0  24   1   2   0  13   2   1   0   1  10  12   1   0   1   1  0.18 0.04
  324 H    0  3  2 -1 -3  2  0 -2  5 -3 -2  0 -2 -2 -2 -1 -1 -3  0 -2   11  27  11   1   0  13   1   1  29   1   1   1   0   0   1   1   1   0   0   1  0.40 0.08
  325 S   -1 -2 -1  1  3 -1 -1 -2 -2  1  0 -1  1  2 -2  1  2 -2 -1  0    1   1   1   9  11   0   1   1   0  11   1   1  10  13   1  11  27   0   0   1  0.14 0.05
  326 C   -1  1 -2 -2  5  1 -1  0 -2  0  0 -1  0 -2 -2 -1 -1 -2 -2  1    1  11   1   1  23  13   1  11   0   1  10   1   0   0   1   1   1   0   0  24  0.19 0.06
  327 Q   -1  2 -1  0 -3  2  2 -2 -1 -2  0  2 -1 -2  2 -1 -1 -2 -2 -2    1  13   1   1   0  11  23   1   0   1  11  24   0   0  10   1   1   0   0   1  0.30 0.05
  328 K   -1  4  2  0 -3  1  2 -2  3 -3 -3  2 -2 -3 -2  0  1 -3 -1 -3    0  34  11   0   0   0  20   0  12   0   0  11   0   0   0   0  13   0   0   0  0.41 0.08
  329 A    2 -2 -2 -3 -1 -2 -2 -2 -3  2  1 -2  0 -1 -2  0  1 -3 -2  2   36   0   0   0   0   0   0   0   0  24  14   0   0   0   0   0  12   0   0  14  0.21 0.06
  330 K   -1  3 -1 -1 -4  1  2  1 -1 -3 -3  4 -2 -4 -2 -1 -1 -3 -2 -3    0  14   0   0   0   0  14  12   0   0   0  60   0   0   0   0   0   0   0   0  0.52 0.09
  331 Q    0 -1  0  2 -2  2  0 -2  3  0 -2 -1 -1 -2 -2  2  1 -3 -1 -1    0   0   0  13   0  13   0   0  15  16   0   0   0   0   0  29  13   0   0   0  0.20 0.05
  332 C    1 -1 -1 -2  4  1 -1 -2 -2  0 -1 -1 -1 -2 -2  2  0 -3 -2  2   14   0   0   0  13  13   0   0   0   0   0   0   0   0   0  31   0   0   0  28  0.21 0.05
  333 W   -2 -3 -3 -4 -3 -3 -3 -3 -1 -1 -1 -3 -1  4 -4 -3 -2  8  5  1    0   0   0   0   0   0   0   0   0   0   0   0   0  28   0   0   0  27  30  15  0.88 0.09
  334 S   -1  2 -1 -1 -2  2  2 -2 -1 -1  1  0  0 -2 -2  2  0 -3 -2 -1    0  14   0   0   0  14  16   0   0   0  29   0   0   0   0  27   0   0   0   0  0.18 0.04
  335 G    0  1  2 -1 -2 -1 -2  4 -1  0 -2 -1 -2 -3 -2  1 -1 -3 -3 -1    0  13  14   0   0   0   0  42   0  15   0   0   0   0   0  14   0   0   0   0  0.33 0.05
  336 S    1 -1  0 -1 -1  0 -1 -1 -2 -1  0  1 -1 -2 -1  3  2 -3 -2 -1   16   0   0   0   0   0   0   0   0   0  13  14   0   0   0  43  13   0   0   0  0.23 0.05
  337 R   -1  2 -2 -1 -2  0  1 -3 -2  1  1  1  0 -1 -2 -1 -1 -3 -2  1    0  15   0   0   0   0  17   0   0  16  17  16   0   0   0   0   0   0   0  18  0.13 0.02
  338 L   -1  0 -1 -2 -3  0 -1  1  4 -1  1  2  0 -1 -2 -1 -1 -3 -1 -1    0   0   0   0   0   0   0  16  18   0  32  34   0   0   0   0   0   0   0   0  0.17 0.04
  339 Q    1  1 -1 -1 -3  4  1 -2 -1 -3 -3  4 -1 -3 -1  0 -1 -3 -2 -2   18   0   0   0   0  33   0   0   0   0   0  49   0   0   0   0   0   0   0   0  0.45 0.06
  340 L   -1 -2 -2 -3 -1 -2 -2 -3 -3  1  3 -2  3  0 -3 -1  2 -2 -1  0    0   0   0   0   0   0   0   0   0   0  60   0  19   0   0   0  21   0   0   0  0.33 0.04
  341 R   -1  3  0  0 -3  1  2 -2 -1 -3 -3  3 -2 -3 -1  1  0 -3 -2 -2    0  19   0   0   0   0  20   0   0   0   0  40   0   0   0  21   0   0   0   0  0.40 0.03
  342 K   -1  4  0 -1 -3  1  0 -2 -1 -3 -2  3 -1 -3 -2  0  2 -3 -2 -2    0  40   0   0   0   0   0   0   0   0   0  39   0   0   0   0  21   0   0   0  0.47 0.04
  343 L    1 -2 -3 -3 -1 -1 -2 -2 -2  1  3 -2  3  0 -2 -1 -1 -2 -1  0   25   0   0   0   0   0   0   0   0   0  49   0  26   0   0   0   0   0   0   0  0.25 0.02
  344 R    0  3  0 -1 -2  1  0 -1 -1 -2 -2  2 -1 -2 -1  2  0 -2 -1 -2    2  25   1   1   1   1   2   2   1   1   2  26   1   1   1  27   2   0   1   2  0.24 0.01
  345 F    1  2 -2 -3 -2 -1 -2 -2 -1 -1 -1  0 -1  5 -3 -1 -1  0  1 -1   25  25   0   0   0   0   0   0   0   0   0   0   0  50   0   0   0   0   0   0  0.29 0.03
  346 K   -1  3 -1 -1 -3  1  2 -2  0 -3 -2  2 -2  0 -2 -1 -1 -1  3 -2    0  26   0   0   0   0  25   0   0   0   0  24   0   0   0   0   0   0  25   0  0.36 0.02
  347 S    2 -1 -1  0 -1  0  2 -1 -1 -1  1 -1  0 -2 -1  2  0 -3 -2 -1   25   0   0   0   0   0  26   0   0   0  25   0   0   0   0  24   0   0   0   0  0.16 0.02
  348 M   -1 -2 -2 -3 -1 -1 -2 -3 -2  1  3 -2  3  0 -2 -1  2 -2 -1  1    0   0   0   0   0   0   0   0   0   0  51   0  24   0   0   0  25   0   0   0  0.28 0.02
  349 K   -1  3  0 -1 -3  3  1 -2  0 -3 -3  4 -1 -3 -2  0 -1 -3 -2 -3    0  25   0   0   0  26   0   0   0   0   0  49   0   0   0   0   0   0   0   0  0.52 0.03
  350 P   -1 -2 -1  3 -3 -1 -1 -2 -2 -1  1 -1 -1 -2  6 -1 -1 -3 -3 -2    0   0   0  25   0   0   0   0   0   0  25   0   0   0  50   0   0   0   0   0  0.82 0.03
  351 F   -1 -3 -3 -4 -2 -3 -3 -3 -2  1  1 -3  0  5 -3 -2 -1  0  2  2    0   0   0   0   0   0   0   0   0   0   0   0   0  66   0   0   0   0   0  34  0.46 0.02
  352 R    0  3  0 -1 -2  0  0 -1 -1 -3 -3  1 -2 -3 -1  3  1 -3 -2 -2    0  32   0   0   0   0   0   0   0   0   0   0   0   0   0  68   0   0   0   0  0.39 0.02
  353 V   -1 -3 -3 -3 -2 -3 -3 -4 -3  3  1 -3  1  4 -3 -2 -1 -1  1  3    0   0   0   0   0   0   0   0   0  33   0   0   0  34   0   0   0   0   0  32  0.32 0.01
  354 F   -1 -2 -1 -2 -2 -2 -2 -2 -1 -1  0 -2  0  5 -3  2 -1  0  2 -1    0   0   0   0   0   0   0   0   0   0   0   0   0  67   0  33   0   0   0   0  0.39 0.02
  355 Q   -1  4  0 -1 -3  5  1 -2  0 -3 -2  2 -1 -3 -2  0 -1 -2 -2 -3    0  34   0   0   0  66   0   0   0   0   0   0   0   0   0   0   0   0   0   0  0.59 0.02
  356 F   -2 -2 -2 -1 -2  0  2 -3 -1  0  2 -1  0  4 -2 -2 -1 -1  1 -1    0   0   0   0   0   0  34   0   0   0  33   0   0  32   0   0   0   0   0   0  0.23 0.01
  357 K   -1  5  0 -1 -3  1  0 -2 -1 -3 -2  4 -1 -3 -2 -1 -1 -3 -2 -3    0  50   0   0   0   0   0   0   0   0   0  50   0   0   0   0   0   0   0   0  0.56 0.00
  358 V   -1 -3 -3 -3 -1 -3 -3 -4 -3  4  1 -3  1 -1 -3 -2  0 -3 -1  3    0   0   0   0   0   0   0   0   0  50   0   0   0   0   0   0   0   0   0  50  0.35 0.00
  359 R   -1  4 -1 -2 -3  0 -1 -2 -1 -3 -3  1 -2 -3  6 -1 -1 -3 -2 -3    0  50   0   0   0   0   0   0   0   0   0   0   0   0  50   0   0   0   0   0  0.98 0.00
  360 K   -1  2  0 -1 -3  4  1 -2  0 -3 -2  4 -1 -3 -1  0 -1 -3 -2 -2    0   0   0   0   0  50   0   0   0   0   0  50   0   0   0   0   0   0   0   0  0.49 0.00
  361 D   -2 -1  4  5 -3  0  1 -1  0 -3 -4  0 -3 -3 -2  0 -1 -4 -3 -3    0   0  50  50   0   0   0   0   0   0   0   0   0   0   0   0   0   0   0   0  0.67 0.00
  362 T   -1 -2 -1 -2 -2 -2 -2 -2 -2  0  0 -2  0  4 -2  0  3  0  2  0    0   0   0   0   0   0   0   0   0   0   0   0   0  50   0   0  50   0   0   0  0.32 0.00
  363 N   -2  0  6  1 -3  0  0  0  1 -3 -4  0 -2 -3 -2  1  0 -4 -2 -3    0   0 100   0   0   0   0   0   0   0   0   0   0   0   0   0   0   0   0   0  0.73 0.01
  364 W   -3 -3 -4 -4 -2 -3 -3 -3 -2 -1  0 -3 -1  5 -4 -3 -2  9  3 -2    0   0   0   0   0   0   0   0   0   0   0   0   0  50   0   0   0  50   0   0  1.23 0.01
  365 F   -2  4 -2 -3 -3  0 -1 -3 -1 -1 -1  1 -1  4 -3 -2 -2  0  2 -2    0  50   0   0   0   0   0   0   0   0   0   0   0  50   0   0   0   0   0   0  0.40 0.00
  366 V   -1 -3 -3 -3 -1 -3 -3 -4 -3  4  1 -3  1 -1 -3 -2  0 -3 -1  3    0   0   0   0   0   0   0   0   0  50   0   0   0   0   0   0   0   0   0  50  0.35 0.00
  367 K   -1  2  0 -1 -3  4  1 -2  0 -3 -2  4 -1 -3 -1  0 -1 -3 -2 -2    0   0   0   0   0  50   0   0   0   0   0  50   0   0   0   0   0   0   0   0  0.49 0.00
  368 Q   -1  0  4  1 -3  4  1 -1  1 -3 -3  1 -1 -3 -2  0  0 -3 -2 -3    0   0  50   0   0  50   0   0   0   0   0   0   0   0   0   0   0   0   0   0  0.51 0.00
  369 L   -2 -2 -4 -4 -1 -2 -3 -4 -3  2  4 -3  2  0 -3 -3 -1 -2 -1  1    0   0   0   0   0   0   0   0   0   0 100   0   0   0   0   0   0   0   0   0  0.46 0.00
  370 K   -1  5  0 -1 -3  1  0 -2 -1 -3 -2  4 -1 -3 -2 -1 -1 -3 -2 -3    0  50   0   0   0   0   0   0   0   0   0  50   0   0   0   0   0   0   0   0  0.56 0.00
  371 R   -2  4  4  0 -3  1  0 -1  0 -3 -3  1 -2 -3 -2  0 -1 -3 -2 -3    0  50  50   0   0   0   0   0   0   0   0   0   0   0   0   0   0   0   0   0  0.52 0.00
  372 F   -2 -3 -3 -4 -3 -3 -3 -3 -1  0  0 -3  0  6 -4 -3 -2  1  3 -1    0   0   0   0   0   0   0   0   0   0   0   0   0 100   0   0   0   0   0   0  0.74 0.01
  373 G    0  1  0 -1 -3  0  0  4 -1 -3 -3  3 -2 -3 -2  0 -1 -3 -3 -3    0   0   0   0   0   0   0  50   0   0   0  50   0   0   0   0   0   0   0   0  0.49 0.00
  374 L    0 -1 -1 -2 -1 -1 -1 -2 -2  0  2 -1  1 -1 -2  2  0 -2 -1  0    0   0   0   0   0   0   0   0   0   0  50   0   0   0   0  50   0   0   0   0  0.18 0.00
  375 K    3  1 -1 -1 -2  0  0 -1 -1 -2 -2  3 -1 -3 -1  1  0 -3 -2 -1   50   0   0   0   0   0   0   0   0   0   0  50   0   0   0   0   0   0   0   0  0.29 0.00
  376 L   -2 -2 -4 -4 -1 -2 -3 -4 -3  2  4 -3  2  0 -3 -3 -1 -2 -1  1    0   0   0   0   0   0   0   0   0   0 100   0   0   0   0   0   0   0   0   0  0.46 0.00
  377 Q   -1  0 -1 -1 -2  4  1 -2  0  0  1  0  4 -1 -2 -1 -1 -2 -1  0    0   0   0   0   0  50   0   0   0   0   0   0  50   0   0   0   0   0   0   0  0.28 0.00
  378 H   -2  0  4  0 -3  0  0 -1  6 -3 -3  0 -2 -2 -2  0 -1 -3  0 -3    0   0  50   0   0   0   0   0  50   0   0   0   0   0   0   0   0   0   0   0  0.59 0.00
  379 S    0 -2 -1 -2 -2 -1 -1 -1 -2 -3 -2 -1 -2  0 -2  2  0  9  1 -2    0   0   0   0   0   0   0   0   0   0   0   0   0   0   0  50   0  50   0   0  0.96 0.01
  380 R   -2  6  0 -2 -4  1  0 -2  0 -3 -2  2 -1 -3 -2 -1 -1 -3 -2 -3    0 100   0   0   0   0   0   0   0   0   0   0   0   0   0   0   0   0   0   0  0.75 0.01
  381 M   -1 -2 -3 -4 -1 -1 -3 -3 -2  1  3 -2  4  0 -3 -2 -1 -2 -1  1    0   0   0   0   0   0   0   0   0   0  50   0  50   0   0   0   0   0   0   0  0.35 0.00
  382 Y   -1  1 -1 -2 -3  0  0 -2  1 -2 -2  3 -1  1 -2 -1 -1  1  5 -2    0   0   0   0   0   0   0   0   0   0   0  50   0   0   0   0   0   0  50   0  0.40 0.00
  383 K   -1  2  0 -1 -3  1  1 -2 -1 -3 -3  5 -1 -3 -1  0 -1 -3 -2 -2    0   0   0   0   0   0   0   0   0   0   0 100   0   0   0   0   0   0   0   0  0.52 0.00
  384 A    3 -2 -2 -2 -1 -1 -1 -1 -2 -2 -2 -1 -2 -3  6  0 -1 -3 -2 -1   50   0   0   0   0   0   0   0   0   0   0   0   0   0  50   0   0   0   0   0  0.89 0.00
  385 M   -1 -2 -3 -4 -1 -1 -3 -3 -2  1  3 -2  4  0 -3 -2 -1 -2 -1  1    0   0   0   0   0   0   0   0   0   0  50   0  50   0   0   0   0   0   0   0  0.35 0.00
  386 S    1 -1  1  0 -1  0  0  0 -1 -3 -3  0 -2 -3 -1  4  1 -3 -2 -2    0   0   0   0   0   0   0   0   0   0   0   0   0   0   0 100   0   0   0   0  0.46 0.00
  387 E   -1  4  0  0 -4  2  4 -2  0 -3 -3  2 -2 -3 -2  0 -1 -3 -2 -3    0  50   0   0   0   0  50   0   0   0   0   0   0   0   0   0   0   0   0   0  0.55 0.00
  388 C   -1 -3 -3 -3  7 -3 -4 -3 -3  3  0 -3  0 -1 -3 -2 -1 -3 -2  1    0   0   0   0  50   0   0   0   0  50   0   0   0   0   0   0   0   0   0   0  0.54 0.00
  389 R   -2  6  0 -2 -4  1  0 -2  0 -3 -2  2 -1 -3 -2 -1 -1 -3 -2 -3    0 100   0   0   0   0   0   0   0   0   0   0   0   0   0   0   0   0   0   0  0.75 0.01
  390 K   -1  2  0 -1 -3  1  1 -2 -1 -3 -3  5 -1 -3 -1  0 -1 -3 -2 -2    0   0   0   0   0   0   0   0   0   0   0 100   0   0   0   0   0   0   0   0  0.52 0.00
  391 K   -1  1 -1 -2 -2  0 -1 -3 -2  0  2  3  1 -1 -2 -1 -1 -2 -2  0    0   0   0   0   0   0   0   0   0   0  50  50   0   0   0   0   0   0   0   0  0.19 0.00
  392 N    0 -1  4  1 -2  0  0  0  0 -3 -3  0 -2 -3 -1  3  1 -3 -2 -2    0   0  50   0   0   0   0   0   0   0   0   0   0   0   0  50   0   0   0   0  0.45 0.00
  393 Y   -2 -1  0 -2 -3  0 -1 -3  6 -2 -2 -1 -1  2 -3 -1 -2  1  5 -2    0   0   0   0   0   0   0   0  50   0   0   0   0   0   0   0   0   0  50   0  0.66 0.00
  394 F   -2 -3 -3 -4 -3 -3 -3 -3 -1  0  0 -3  0  6 -4 -3 -2  1  3 -1    0   0   0   0   0   0   0   0   0   0   0   0   0 100   0   0   0   0   0   0  0.74 0.01
  395 K   -1  2  0 -1 -3  1  1 -1 -1 -3 -2  4 -1 -3 -1  0 -1 -3 -2 -2    0   0   0   0   0   0   0   0   0   0   0   0   0   0   0   0   0   0   0   0  0.00    0.00
  396 C    0 -3 -3 -3  8 -3 -4 -2 -3 -1 -1 -3 -1 -2 -3 -1 -1 -2 -2 -1    0   0   0   0   0   0   0   0   0   0   0   0   0   0   0   0   0   0   0   0  0.00    0.00
  397 K   -1  2  0 -1 -3  1  1 -1 -1 -3 -2  4 -1 -3 -1  0 -1 -3 -2 -2    0   0   0   0   0   0   0   0   0   0   0   0   0   0   0   0   0   0   0   0  0.00    0.00
  398 H   -2  0  1 -1 -3  0  0 -2  7 -3 -3 -1 -2 -1 -2 -1 -2 -2  2 -3    0   0   0   0   0   0   0   0   0   0   0   0   0   0   0   0   0   0   0   0  0.00    0.00

                      K         Lambda
Standard Ungapped    0.1317     0.3180
Standard Gapped      0.0410     0.2670
PSI Ungapped         0.1081     0.3183
PSI Gapped           0.0331     0.2670
