
Last position-specific scoring matrix computed, weighted observed percentages rounded down, information per position, and relative weight of gapless real matches to pseudocounts
           A  R  N  D  C  Q  E  G  H  I  L  K  M  F  P  S  T  W  Y  V   A   R   N   D   C   Q   E   G   H   I   L   K   M   F   P   S   T   W   Y   V
    1 M   -3 -4 -5 -5 -3 -3 -4 -5 -4  1  2 -4  9 -2 -5 -4 -3 -4 -3  1    0   0   0   0   0   0   0   0   0   5  14   0  71   0   0   0   0   0   0  10  1.51 0.47
    2 S    3 -3 -2 -1 -3 -2 -1 -2 -3 -2 -3 -2  3 -4 -3  4  3 -4 -4 -2   29   0   0   3   0   0   4   0   0   2   0   0  10   0   0  36  17   0   0   0  0.60 0.35
    3 Y    1 -2 -1  0 -3 -2 -1 -2  4 -1 -2 -2  3 -1  1  2  2 -3  1 -2   15   1   1   4   0   0   2   1  12   2   2   0  11   2   7  19  15   0   5   1  0.28 0.24
    4 E    0  0  0  0 -4  3  4 -1 -1 -4 -4  0 -1 -5 -2  2  0 -5 -4 -4    9   4   3   4   0  17  29   4   1   0   0   2   1   0   1  18   6   0   0   0  0.49 0.30
    5 A    3  2 -2  0 -3 -1  0 -1 -3 -3 -2 -2 -2 -4  3  2  2 -5 -4 -3   25  12   1   4   0   2   6   3   0   1   3   0   1   0  16  14  13   0   0   0  0.41 0.29
    6 V    2 -2  0  1 -3 -1 -1 -1 -2  1 -1 -1  1 -3 -1  0  2 -4 -1  2   18   2   4   8   0   2   2   4   1   9   2   2   4   0   3   7  16   0   2  17  0.15 0.17
    7 P   -1 -3 -1 -1 -5 -2 -2 -4 -5 -2 -4 -3  1 -6  7  1 -1 -7 -6 -4    5   2   3   3   0   2   2   1   0   2   1   1   4   0  60  10   4   0   0   1  1.46 0.62
    8 A    3  1 -1  2 -3  0  0  0 -1 -2 -2 -1 -1 -4  1  0  0 -1 -3 -1   28   8   1  13   0   4   6   6   1   2   4   2   1   0   5   6   7   1   0   4  0.21 0.21
    9 E    0 -2 -1  1 -4  0  2  0  1 -2 -3 -1  3 -1  1  2 -1 -3  3 -2    6   1   2   7   0   4  16   7   3   1   1   3   9   2   6  16   3   0  11   2  0.22 0.24
   10 N    0  0  1  2 -3  2  1 -1 -2 -3 -3  0 -2 -3  3  1  1 -5 -3 -3    9   4   6  13   0  10   6   3   1   1   2   5   1   1  13  13  11   0   0   1  0.30 0.24
   11 S    1 -2 -1  1 -4  0  2  1  1 -2 -2 -2 -2 -4  2  2  2 -5 -4 -3   12   2   1   8   0   4  12  13   3   2   4   1   0   0   9  15  13   0   0   1  0.26 0.24
   12 A    1 -1 -1  0 -4  1  2 -1  0 -1 -2  0 -1 -2  3  2  0 -4 -1 -2   12   2   2   5   0   5  12   5   2   4   4   5   1   2  15  15   6   0   2   1  0.22 0.20
   13 F    1 -1  0  4 -4 -1  0 -2  2 -1 -1  0 -2  0  1  0  0 -4 -2 -1   11   2   4  27   0   2   6   2   5   3   5   5   0   5   7   6   6   0   1   5  0.25 0.22
   14 I    0  0  0  1 -1  2  1 -1 -1  0  0 -1  1 -2  0  1  1 -4 -2  0    5   6   4   8   1  10   9   4   1   6   7   2   5   1   5   9  11   0   1   6  0.08 0.11
   15 P   -1  1 -2 -1 -1 -2  0 -1 -4 -4 -4 -2 -5 -6  6  1  0 -6 -4 -2    6   7   2   3   1   2   6   6   0   1   1   2   0   0  45  10   5   0   0   3  0.95 0.51
   16 D   -1  0 -3 -1 -5  0  0 -3 -4 -1 -1  2 -3 -1  5 -2  0 -2 -1  0    6   5   0   4   0   4   5   1   0   3   5  15   0   2  30   2   5   1   2   7  0.49 0.35
   17 Q    0  0  2 -1 -4  0  0 -2 -3 -3 -1  0 -3 -4 -1  0  4 -2 -3  1    8   4  10   3   0   4   5   2   0   0   5   5   0   0   3   7  28   1   1  12  0.32 0.31
   18 A   -1  2  2  2 -5 -1 -3 -3 -3 -4 -3 -1 -4 -4 -3  3  4 -4 -3 -4    5  10  11  10   0   3   1   2   0   1   2   3   0   1   1  22  27   0   1   1  0.61 0.46
   19 K   -3  6  0 -2 -7  0 -3 -5 -4 -6 -6  5 -6 -7 -1  1 -2 -5 -3 -5    2  36   4   2   0   3   1   0   0   0   0  35   0   0   3   9   2   0   1   1  1.19 0.67
   20 R   -3  6 -5 -6 -8 -1 -4 -3 -6 -8 -2  6 -5 -8 -3 -2 -2  1 -5 -7    2  41   0   0   0   2   0   2   0   0   4  39   0   0   1   3   2   2   0   0  1.57 0.82
   21 N    0  0 -1 -1 -6  1  6 -1 -1 -2 -3 -1 -4 -6 -2  0  0 -3 -5 -2    9   5   2   2   0   6  44   4   1   2   3   3   0   0   2   5   5   0   0   3  0.71 0.50
   22 I   -3  1 -5 -6 -4  1 -1 -6 -5  4  3 -2  0 -3 -6 -3 -2 -1 -3  3    2   7   0   0   0   6   4   0   0  26  26   2   2   0   0   1   2   1   1  18  0.68 0.42
   23 K   -2  2 -1 -7 -5 -3 -6 -6 -3  0  0  1 -3  4 -6 -4 -2  9  0 -1    4  13   4   0   0   1   0   0   1   6  10   8   1  17   0   1   3  25   2   4  1.04 0.58
   24 G    5 -4 -5 -6 -2 -6 -6  4 -7 -7 -7 -6 -7 -5 -6  4 -3 -8 -5 -5   38   1   0   0   1   0   0  31   0   0   0   0   0   0   0  27   1   0   0   1  1.38 0.79
   25 W   -10 -10 -11 -12 -10 -9 -10 -10 -9 -10 -9 -10 -3  1 -11 -10 -10 13  3 -10    0   0   0   0   0   0   0   0   0   0   0   0   1   6   0   0   0  84   9   0  4.74 1.81
   26 Y    3 -6 -5 -7  5 -5 -6 -3 -5  0 -1 -4  1 -1 -7 -1 -2  0  6  0   26   0   0   0  11   0   0   2   0   6   6   1   3   2   0   5   3   1  29   5  1.00 0.60
   27 F    0 -5 -7 -7  0 -5 -7 -3 -7  0  4 -6  6  4 -7  0 -2  0 -4 -1    7   0   0   0   2   0   0   2   0   4  37   0  19  13   0   7   2   1   0   4  0.96 0.57
   28 Y   -7 -8 -9 -10 -3 -4 -9 -10 -4 -5 -4 -9 -3  4 -10 -8 -6  3  9 -5    0   0   0   0   1   1   0   0   0   1   2   0   1  16   0   0   1   4  72   1  2.97 1.29
   29 C   -2 -7 -2  8  1 -5 -3  0 -3 -8 -8 -6 -5 -4 -6 -1 -6 -8  2 -8    4   0   2  69   3   0   1   8   1   0   0   0   0   1   0   4   0   0   6   0  1.97 0.98
   30 F   -1 -8 -2 -9 -2 -8 -8 -6 -8  0 -1 -8 -2  5 -6 -6 -6 11 -1  0    7   0   2   0   1   0   0   1   0   5   5   0   1  24   1   1   0  44   2   7  2.31 1.04
   31 S    7 -7 -7 -7 -3 -7 -7  3 -7 -8 -8 -7 -7 -8 -7  0 -4 -8 -8 -6   73   0   0   0   1   0   0  19   0   0   0   0   0   0   0   5   1   0   0   0  1.99 1.02
   32 S    1 -4  8 -2 -1 -4 -4 -4 -2 -4 -7 -5 -1 -6 -6  1  0 -4 -3 -3   10   1  61   2   1   1   1   1   1   1   0   0   1   0   0   9   6   0   1   2  1.64 0.87
   33 E   -2 -6  1 -3 -2  2  2 -1 -2 -7 -5 -4 -6 -7 -6  6  1 -8 -7 -7    3   0   7   2   1   9  12   4   1   0   1   1   0   0   0  52   8   0   0   0  1.16 0.75
   34 P    4 -5 -6 -6 -4 -5 -6  1 -6  0 -5 -5 -3 -5  4  0 -2 -7 -6  2   38   0   0   0   0   0   0  12   0   6   0   0   0   1  18   7   2   0   0  14  0.91 0.59
   35 F   -6 -6 -7 -7 -6 -5 -7 -6 -1 -2 -3 -6 -2  8 -7 -6 -5  2  7 -3    1   0   0   0   0   1   0   1   2   2   3   0   1  51   0   0   1   3  31   2  2.20 0.95
   36 I    3 -4  1 -4 -3 -2 -4 -1 -2 -1 -4 -4 -3  0  1  3  2 -3  0  0   25   0   7   0   0   1   1   4   1   4   1   0   1   4   6  20  13   0   3   7  0.44 0.38
   37 V    0 -5 -3 -5 -3 -3 -5 -3 -5  1  2 -5  3 -2 -4  0  5 -1 -3  1    9   0   1   0   0   1   0   2   0   6  16   0   6   1   1   5  36   1   1  11  0.68 0.46
   38 S    0 -4  0 -5  2 -5 -5 -3 -5  2  1 -5 -1 -2 -3  1  2 -5 -5  4    6   1   4   0   4   0   0   2   0  10  12   0   1   2   1   9  14   0   0  32  0.58 0.40
   39 A    0 -5 -5 -6 -1 -3 -6 -1 -3  5 -2 -5  2 -3 -5  0 -2 -3 -4  4    9   1   1   0   1   1   0   6   1  33   3   0   4   1   1   6   2   0   1  28  0.85 0.49
   40 V    0 -4 -3 -5 -2 -2 -5 -2 -5  3  2 -5  3 -2 -1 -1  2 -5 -3  3    6   1   1   0   1   2   0   3   0  16  20   0   8   1   3   5  13   0   1  18  0.48 0.34
   41 S    2 -4 -3 -5 -5 -4 -5  1 -6 -4 -5 -5 -5 -2 -4  3  6 -6 -2 -1   17   1   1   0   0   0   0  10   0   1   1   1   0   2   1  18  41   0   1   4  1.02 0.66
   42 T    2 -4 -1 -5 -4 -4 -5 -1 -5 -1  1 -5 -1  4 -4  0  1 -5 -2  3   20   1   3   0   0   0   0   6   0   3  11   0   1  18   1   8   8   0   1  18  0.48 0.36
   43 Y   -4 -7 -6 -7 -5 -7 -7 -6 -6  4  1 -7 -1  6 -7 -6 -5 -5  4  3    1   0   0   0   0   0   0   1   0  21  13   0   1  29   0   0   0   0  12  19  1.28 0.63
   44 V   -2 -6 -6 -7 -6 -4 -7 -3 -6  2  2 -7  1  7 -7 -4 -3 -3  2  0    4   0   0   0   0   1   0   3   0   9  18   0   4  45   0   2   1   0   6   5  1.30 0.65
   45 P    1 -6 -1 -6 -4 -2 -6  0 -5 -6 -5 -4 -3 -4  7  1 -2 -7 -5 -4    9   0   3   0   0   2   0   8   0   0   1   1   1   1  57  10   3   0   0   2  1.59 0.85
   46 L    1 -3 -3 -5 -4 -2 -4 -5 -5  4  2 -4 -1 -2  2 -2  1 -4 -1  3   11   2   1   0   0   2   1   1   0  21  17   1   1   2  10   2   7   0   2  20  0.51 0.35
   47 L   -3 -6 -4 -6 -1 -3 -6 -6 -4  0  2 -6 -1  4 -6 -4 -1  2  8 -1    3   0   1   0   1   1   0   0   0   5  17   0   2  15   0   1   5   3  41   3  1.34 0.68
   48 L   -5 -6 -5 -6 -4 -5 -6 -6 -4  2  3 -6 -1  7 -6 -5 -4 -2  4 -1    1   0   1   0   0   1   1   1   0   9  28   0   1  39   0   1   1   0  11   4  1.40 0.66
   49 E    1 -1 -1 -2 -4  3  2 -3 -2 -2 -2  1 -2 -4 -3  0  2 -4 -4  0   11   2   3   1   0  15  15   2   1   3   4  10   1   1   1   7  15   0   0   8  0.34 0.29
   50 Q    1 -1  2  1 -4  3  0  0 -1 -3 -3  0 -2 -3 -3  2  1 -1  0 -3    9   4   9   7   0  15   6   6   1   1   3   5   1   1   1  17   8   1   4   2  0.29 0.26
   51 F    0 -3 -2 -3 -3 -1 -2 -3 -1  2  3 -3  2  2 -3 -2 -1 -2  2  2    7   2   2   2   0   2   2   2   2   9  26   1   5   7   1   3   3   0   7  17  0.34 0.21
   52 G    4 -3 -3 -3 -2 -3 -3 -2 -3  1  0 -3 -2 -1 -2 -1  0  4 -2  2   38   1   1   1   1   1   1   4   0   7   8   1   1   3   2   5   6   6   2  11  0.50 0.30
   53 R    2  2  0 -1 -1  0  0 -1  0 -1 -2  0 -1 -1  0  1  1 -2  0  0   17  12   4   2   1   3   5   5   2   3   3   6   2   3   4   9   8   0   3   6  0.10 0.10
   54 I    1 -1  0  1 -2  1  2  0  0 -2 -1  0 -1 -1  1  0  0 -3 -2 -1   12   3   4   9   1   7  12   9   2   2   6   5   1   2   7   7   5   0   1   5  0.11 0.09
   55 N    2  0  3  1 -2  0  0  0  0 -1 -2 -1 -2 -2 -1  0 -1 -2 -1 -1   19   4  16   7   1   4   7   7   2   3   4   3   1   1   2   7   3   1   2   4  0.19 0.14
   56 G    2 -2 -1 -1 -3 -2 -1  5 -2 -2 -1 -2 -2 -2  0  0 -1 -2 -2 -2   15   2   3   3   1   2   4  38   1   2   6   2   1   2   5   5   3   1   2   3  0.50 0.24
   57 V    0  0  0 -1  0 -1 -1 -1  1  0  0 -1  0  1 -1  0  0  2  1  1    7   4   4   4   2   3   4   5   5   6   7   4   2   8   3   6   5   3   6  15  0.03 0.04
   58 K    0 -1  0  1 -1  1  1  0 -1  0  0  0 -1 -1  1  0  0  0 -1  0    6   3   4  10   1   6   8   6   1   5  14   6   1   3   6   8   5   1   2   6  0.04 0.04
   59 L    1 -1 -1  0 -1  0  0  0  0  0  0  0  0  0  1  0  0  0  0  0   11   4   3   4   1   4   5   9   2   4  14   4   1   3   7   7   6   2   3   7  0.03 0.02
   60 D    0 -1  0  1 -1  0  0  1 -1 -1 -1 -1 -1  0  2  1  0  0 -1 -1    9   3   4   8   1   4   5  11   1   4   6   4   1   4  10  12   7   1   2   4  0.08 0.05
   61 D   -1 -1  1  4 -1  0  0  1 -1 -2 -1 -1 -1 -1 -1  1  0 -1 -1 -1    5   3   6  22   1   4   6  10   1   2   6   3   1   2   4  10   5   1   2   4  0.19 0.10
   62 H    0  1  0 -1 -1  0  0  0  4 -1 -1  1 -1  0  1  0  0 -1  0 -1    7   7   4   4   2   4   5   8  11   3   7   7   1   4   7   6   6   1   3   4  0.09 0.05
   63 S    0  0  0  0  0  0  0  0 -1  0 -1  0  0  0  0  1  1  0 -1  0    7   4   4   6   2   3   5   7   2   5   7   5   2   5   4  11  11   1   2   7  0.03 0.02
   64 L    0  0  0 -1  0  0  0  0  0  0  0  0  0 -1  0  0  1 -1 -1  0    9   4   3   3   3   4   5   6   2   6  11   7   2   3   4   5  11   1   2   9  0.02 0.02
   65 R    0  0 -1 -1  0  0 -1  0 -1 -1 -1  0 -1 -2  4  0  0 -2 -1 -1    9   4   3   3   2   4   4   7   1   3   6   7   1   2  22   8   5   1   2   4  0.24 0.10
   66 C    0 -1 -1  0  8 -1 -1  0 -1 -1 -1 -1 -1 -2 -1  0 -1 -1 -1 -1    9   3   3   5  27   3   4   7   1   3   7   4   1   2   4   5   4   1   2   4  0.51 0.16
   67 E    0  0  1  1 -1  0  0  0 -1  0 -1  0 -1 -1  1  0  0 -1 -1  0    6   4   6  10   2   4   6   7   1   5   7   4   1   3   8   9   7   1   2   7  0.05 0.02
   68 V    1  0  0  0  0  0  0  0 -1  0  0  0  0  0  1  0  1 -1  0  0   11   4   3   5   2   4   6   6   1   4   7   4   2   3   5   7  11   1   4   9  0.03 0.02
   69 N    0  0  1  1 -1  0  0  1  0 -1 -1  0 -1 -1  0  1  1  0 -1 -1    9   4   6   8   2   3   6  10   2   3   6   5   2   3   4  12   9   2   2   5  0.06 0.03
   70 D    0 -1  1  2 -1  0  0  1  0 -1 -1  0 -1 -1  0  0  0 -1 -1  0    9   3   6  12   1   3   6  11   2   4   7   4   2   3   4   7   6   1   2   6  0.06 0.03
   71 D    0  0  0  1 -1  0  0  1 -1 -1 -1  0 -1 -1  1  1  0 -1  0 -1   10   4   5   9   1   4   6  10   2   4   7   5   1   3   6   9   7   1   3   5  0.05 0.03
   72 K    0  0  1  0 -1  1  0  1  0 -1 -1  0 -1 -1  1  0  0 -1 -1 -1    8   6   8   6   1   8   5  10   2   3   5   5   1   3   7   7   6   1   2   5  0.07 0.04
   73 C    0 -1 -1  0  6 -1 -1  0 -1  0  0 -1 -1 -1 -1 -1 -1 -1  1  0    8   3   3   5  20   3   4   8   2   5   7   3   1   3   3   5   4   1   5   6  0.25 0.11
   74 V    0  0  0  0 -1  0  0  0  0  0  0  0  0 -1  0  0  0  0  0  2    6   4   4   6   1   3   5   6   3   6   8   5   3   2   4   7   5   1   3  19  0.02 0.03
   75 L    0 -1 -1 -1  4 -1 -1  0 -1  1  1 -1  0  0 -1 -1  0  0 -1  2    6   3   2   4   9   3   4   7   1   6  14   3   2   4   3   4   5   1   2  18  0.09 0.06
   76 P   -1  0  0  0 -1  0  0 -1  1 -1 -1  0 -1 -1  3  0  0  0  1  0    5   6   4   5   1   3   5   5   3   3   5   6   1   2  15   7   7   1   6   9  0.11 0.06
   77 M   -1 -1 -1 -1 -1 -1 -1 -1 -1  1  1 -1  0  2 -1 -1  0  3  0  2    6   3   2   3   1   3   4   5   1  11  12   3   2   9   3   4   5   4   2  16  0.09 0.06
   78 F    0  0  0 -1 -1  0 -1  1  0 -1  1  0  0  2  0  0  0  2  0 -1    8   4   4   3   1   3   3  10   2   3  14   6   2  13   3   6   4   3   2   4  0.05 0.05
   79 N   -1 -1  0 -1 -2 -1 -1  3 -1  0  0 -2  0  3 -1 -1 -1  2  0  0    5   3   4   3   1   2   3  23   1   5   9   2   2  13   3   5   4   3   3   7  0.16 0.11
   80 G    1 -1 -1 -1 -2 -1 -1  4 -1  0 -1 -1  0 -1 -1  0 -1 -1 -1 -1    9   4   3   3   1   2   3  32   2   5   8   3   2   3   3   6   4   1   2   5  0.24 0.13
   81 R    0  0  0  0 -2  0  0  2 -1 -1 -1  0  0  0  0  1  0  2 -1 -1    9   6   4   5   1   3   8  15   2   3   7   4   2   4   3   9   7   3   2   5  0.06 0.04
   82 W   -1  0  0  0 -2  0  0  0  0  0  0  0  0  1  0  0  0  4  0  0    5   5   3   7   1   3   5   6   3   5  10   5   3   7   4   7   7   7   3   5  0.05 0.04
   83 F    0 -1 -1  0 -1  0  1  0  0 -1 -1 -1 -1  0  1  0  0  3  1  0    8   4   3   5   1   3   9   7   2   4   5   3   2   5   6   8   5   6   7   7  0.07 0.05
   84 I    0 -1 -2 -1 -1 -2 -1 -1 -1  3  0 -1  1 -1 -2 -1  0 -1 -1  3    6   3   2   3   1   2   4   5   1  21   7   3   3   3   2   3   7   1   2  21  0.19 0.14
   85 D    0  0  2  3 -2  0  1 -1  0 -2 -2 -1 -2 -3  1  1  1 -2 -2 -2    7   5  10  18   1   4   9   5   2   3   5   3   1   1   6   9   8   1   1   3  0.18 0.14
   86 T    2 -2  0 -1 -2 -1 -2  1 -2 -2 -2 -2 -2 -2  3  1  3 -2  1  0   16   2   3   3   1   2   2  12   1   2   3   2   1   1  13   9  17   0   5   6  0.26 0.20
   87 S    2 -2  0  0 -3  0 -1  0 -2 -2 -2 -2 -2 -2 -2  2  3 -3 -2 -1   18   1   5   4   0   5   4   8   1   1   3   2   1   2   1  16  21   0   1   4  0.30 0.25
   88 S    3 -3 -2 -3 -3 -1 -3 -1 -3 -2 -2 -3 -2  0 -2  5  0 -4 -3 -1   21   1   1   1   0   2   1   4   0   2   4   1   1   4   1  41   6   0   1   5  0.62 0.43
   89 F   -2 -3 -3 -4 -4 -2 -4 -3 -1  1  2 -4  1  4 -4 -2 -3  5  5  0    4   2   1   1   0   2   1   2   1   8  19   1   3  18   1   3   1   7  19   7  0.61 0.35
   90 A    1 -4 -5 -5 -5 -3 -4 -4 -4 -1  0 -3 -2  1 -2  1 -1  9  2  1   12   1   0   1   0   1   1   1   0   4   8   1   1   5   2  10   4  29   7  10  1.01 0.53
   91 L    1 -3 -2 -3 -4 -2 -3  3 -3 -2  3 -3  2  0 -1  1  0 -4 -3 -2   10   1   2   1   0   2   1  23   0   1  27   1   4   4   3  12   6   0   0   2  0.35 0.29
   92 Y   -1 -2 -3 -2 -5 -4 -4 -4 -1  1  1 -4  0  3 -5 -3 -2  5  7 -1    5   2   1   2   0   1   1   1   1   8  14   1   2   9   0   2   2   8  36   4  0.94 0.51
   93 T    3 -3 -3 -4  0 -3 -4  0 -4  1  0 -4  1 -2 -4  0  2  0 -3  2   27   1   1   0   2   1   0   8   0   6  10   0   3   1   1   8  16   1   1  14  0.39 0.32
   94 F   -1 -2  2 -3 -3  0 -3 -2 -2  2  1 -2  0  2 -4  0  1  1  1  1    3   2  13   1   0   5   1   3   1  14  12   2   3   8   0   7   8   2   4  10  0.20 0.21
   95 S    3 -5 -3 -5 -3 -4 -5  3 -4 -4 -4 -4 -4 -5 -4  5  1 -4 -6 -2   24   0   0   0   0   0   0  18   0   1   1   0   0   0   0  40   9   0   0   2  0.98 0.63
   96 L    1 -5 -6 -6 -2 -5 -6 -2 -6  5  3 -5 -1  2 -6 -4 -1 -5 -3  2   11   1   0   0   1   0   0   4   0  33  23   0   1   8   0   1   3   0   0  14  0.80 0.46
   97 S    4 -5 -3 -5  1 -3 -5 -1 -5 -3 -4 -5 -3 -5 -4  5  1 -6 -2 -2   30   0   1   0   2   1   0   5   0   1   2   0   1   0   0  45   7   0   2   2  1.05 0.68
   98 V    0 -2 -2 -5 -2 -3 -4  2 -3 -1  0 -4  3  3 -3  0  1 -4  0  3    9   2   2   0   1   1   0  14   0   2   6   0   9  14   1   8   8   0   3  19  0.33 0.30
   99 L    2 -6 -6 -5 -2 -5 -6 -3 -6  3  4 -5 -1  3 -6 -2 -3 -1 -3  1   17   0   0   0   1   0   0   2   0  14  39   0   1  11   0   4   1   1   0   9  0.74 0.46
  100 F    0 -6 -6 -6  1 -5 -6 -4 -6  4  3 -5  1  2 -6 -2 -1 -3 -4  3    7   0   0   0   3   0   0   1   0  23  27   0   3   8   0   4   4   0   0  18  0.71 0.43
  101 Q    0 -4 -3 -4 -4  5 -2 -2 -3  3 -1 -4  1 -3 -5  0 -1 -6 -5  3    7   0   1   0   0  28   3   3   0  16   6   0   3   1   0   7   3   0   0  22  0.70 0.51
  102 T    6 -6 -4 -6  0 -4 -5  0 -6 -1 -1 -5  0  1 -5 -1  0 -6 -5  1   55   0   1   0   2   0   0   6   0   4   7   0   2   6   0   4   5   0   0   9  0.93 0.59
  103 L   -2 -6 -7 -7 -1 -6 -6 -6 -6  4  4 -6  0  3 -5 -5 -4 -3 -4  3    3   0   0   0   1   0   0   1   0  19  39   0   2  11   0   1   0   0   0  20  1.02 0.55
  104 L    0 -5 -5 -6  1 -5 -6 -3 -6  2  4 -5  2  1 -5 -1  2 -5 -4  2    6   0   0   0   2   0   0   2   0  12  37   0   5   5   0   5  12   0   0  13  0.64 0.43
  105 V    3 -5 -3 -5 -1 -4 -4 -1 -5  0  1 -4  0  3 -5  3 -1 -5 -1  1   24   0   1   0   1   0   1   6   0   5  11   0   2  11   0  24   3   0   2   9  0.49 0.41
  106 I   -3 -7 -7 -7 -4 -7 -5 -8 -7  3  1 -7 -3 -4  7 -4 -1 -8 -7  0    2   0   0   0   0   0   1   0   0  17  11   0   1   1  56   1   3   0   0   7  1.73 0.91
  107 S   -1 -5 -4 -5 -2 -3 -5 -2 -5  3  2 -5 -1  3 -3  2  0  1 -2  3    4   0   0   0   1   1   0   3   0  19  16   0   1  10   1  16   6   2   1  18  0.49 0.37
  108 V   -2 -6 -7 -7 -1 -4 -7 -5 -6  3  5 -6  3  2 -7 -3 -1 -6 -3  2    3   0   0   0   1   1   0   1   0  15  46   0   7   7   0   2   4   0   1  12  0.97 0.55
  109 S   -1 -7 -4 -5 -7 -7 -7  7 -7 -5 -8 -7 -2 -3 -1  2 -3 -8 -8 -8    5   0   0   0   0   0   0  72   0   1   0   0   1   1   4  13   2   0   0   0  1.88 0.96
  110 G    5 -3 -3 -4 -3 -1 -4  2 -4 -3 -4 -3 -4 -5  1  2  0 -3 -4 -1   40   2   1   0   0   3   1  13   0   1   2   1   0   0   6  17   6   1   1   4  0.68 0.52
  111 I    0 -1 -6 -6 -3 -4 -5 -6 -4  5  3 -5  2  1 -2 -4 -3  3  1  2    7   4   0   0   1   1   0   0   0  28  23   0   5   6   2   1   2   4   5  11  0.69 0.44
  112 V    7 -6 -5 -7 -2 -6 -6  0 -7 -3 -3 -6 -2 -5 -5  1 -2 -8 -5 -2   71   0   1   0   1   0   0   6   0   2   2   0   1   1   0   9   2   0   0   2  1.58 0.91
  113 D   -3 -6 -3  8 -9 -3 -4 -3 -4 -9 -8 -5 -9 -9 -6 -6 -5 -10 -4 -7    3   0   1  87   0   1   1   3   0   0   0   1   0   0   0   0   1   0   1   0  2.74 1.30
  114 K    1  3 -2 -3 -3 -1 -3 -3  5 -1 -2 -2 -2  2 -5 -3 -2 -2  5 -2   12  14   2   1   1   3   1   2  14   3   3   2   1   9   1   2   2   0  22   3  0.69 0.44
  115 C    0 -1 -2 -3  0 -2 -3  4 -1 -2 -2 -1 -2 -4 -1  2  1 -1 -3 -2    8   4   2   1   2   1   2  34   2   3   5   3   1   1   3  17   8   1   1   3  0.46 0.30
  116 Q    0  1  2  1 -2  0 -1  4  0 -3 -2 -1 -3 -3 -1  0 -1 -3 -1 -2    7   7  10   6   1   3   3  30   2   2   3   3   1   1   3   7   4   0   2   3  0.33 0.20
  117 S    0  3  2  0 -1  0 -1 -1  0 -2 -1  1 -1 -1 -1  1  0  1 -1 -1    7  15  11   6   1   3   3   5   3   2   6   7   1   2   3  11   5   2   2   4  0.12 0.10
  118 I    0  2  0 -1 -1  0  0 -1  0 -1  0  1  0  0  0  0  0 -1  0 -1    7  16   5   3   1   4   4   5   2   4   8   9   3   4   4   6   7   1   3   5  0.07 0.05
  119 A    0  0  0 -1 -1  0 -1  2 -1 -1 -1  1  0 -1  1  1  0 -2  0 -1    9   6   5   3   2   3   3  16   2   3   7  10   2   2   6   9   6   1   3   4  0.08 0.06
  120 F   -1  0 -2 -2 -1 -1 -2  0  1  0  0 -1  0  2  1 -2 -1  6  3 -1    6   6   2   2   1   2   3   7   4   5   8   5   2  10   6   3   4  11  10   3  0.26 0.15
  121 K   -3  6 -3 -4 -5 -2 -4  0 -1 -2 -4  5 -1 -3 -4 -3 -2  3 -4 -2    2  38   1   1   0   1   0   6   1   3   2  29   2   1   1   2   2   5   0   3  1.03 0.60
  122 K   -2  2 -2 -5 -6 -2 -3 -5 -2 -1 -1  6  2 -3  0 -2 -3 -2 -4 -1    2  11   2   0   0   1   1   1   1   4   5  51   4   1   4   2   1   1   1   5  0.97 0.62
  123 R   -1  4  0 -3 -3 -1 -2 -2 -1 -1 -1  2  0 -1  2  0 -1  3 -1 -2    6  23   4   1   0   3   1   2   1   4   6  14   2   3   9   5   4   5   2   3  0.32 0.29
  124 V   -2 -4 -5 -6 -4 -4 -5 -3 -4  2  2 -5  3  5 -5 -4 -3  6  2 -1    4   1   1   0   0   1   0   2   0  11  22   1   6  26   1   1   2  11   5   5  0.87 0.50
  125 L   -4 -6 -5 -6 -3 -6 -6 -6 -6  0  5 -6  3  3 -2 -3 -2  0 -2  0    1   0   1   0   1   0   0   0   0   5  57   0   7  13   2   2   2   1   1   5  1.12 0.62
  126 L    1 -1 -3 -4 -1 -1 -3  0 -3  2  2 -1  2  1 -3 -1  1 -2 -2  1   13   3   1   0   1   3   0   6   0  12  21   4   4   7   1   5   8   1   1   8  0.18 0.20
  127 F    1 -2 -4 -3 -1 -3 -4  0 -4  3  1 -4  0  4 -4 -1  0  1 -1  2   11   2   0   2   1   1   0   9   0  15  13   0   2  18   1   4   5   2   2  12  0.35 0.28
  128 F   -2 -4 -1 -3  1 -5 -5 -3 -3  0  1 -5  0  7 -5  0  0  2  1 -2    4   1   3   2   3   0   0   2   1   5  15   0   2  41   1   7   6   2   3   2  0.84 0.52
  129 G    2 -4 -2 -3  4 -3 -4 -1 -5 -2 -2 -4  0 -1 -4  2  4  0 -1 -1   18   1   2   1   8   1   1   5   0   2   5   0   2   2   0  13  30   2   3   5  0.56 0.45
  130 T    1 -4 -5 -3  1 -4 -5 -1 -4  2  2 -4  0  2 -5 -1  0  2  3  1   11   0   0   1   3   1   0   6   0  11  23   0   2   8   0   4   6   3  10  11  0.37 0.29
  131 V    0 -5 -5 -4  0 -4 -5 -2 -5  4  3 -5  2 -1 -3 -3  0 -5 -2  3    7   0   0   1   2   1   1   4   0  20  30   0   4   3   1   2   6   0   1  17  0.60 0.40
  132 G    1 -4 -4 -6  6 -4 -6  5 -6 -3 -1 -5 -3 -3 -1  0 -2 -3 -3 -2   10   1   1   0  14   1   0  47   0   1   6   1   1   1   3   7   3   0   1   3  1.04 0.61
  133 A    3 -5 -5 -4  3 -3 -4 -1 -5  3 -2 -4  0 -2 -5  2 -2  3 -2  3   26   0   0   1   6   1   1   4   0  15   2   1   2   1   0  14   2   4   1  18  0.61 0.45
  134 L    1 -5 -4 -6  1 -5 -5 -2 -5  3  3 -5  1  2 -5 -2 -1 -1 -3  2   13   0   1   0   3   0   0   4   0  19  25   0   3   8   0   3   5   1   1  14  0.55 0.38
  135 A    4 -5 -3 -4  3 -2 -4  1 -3 -1 -1 -4  0  2 -2  2 -1 -5 -2 -2   31   0   1   1   7   1   1  10   0   3   6   0   3   8   3  17   4   0   1   3  0.50 0.41
  136 T   -1 -4 -3 -5  5  0 -4 -2 -3 -2  0 -2  0  0 -3  0  5 -6 -3 -1    5   1   1   0  13   4   1   3   1   2  10   2   3   4   1   7  36   0   1   4  0.72 0.53
  137 W    3 -5 -5 -3  2 -5 -5  1 -5  2  0 -5  4  2 -4  0 -2  3  0  0   24   0   0   2   4   0   0  10   0   9   7   0  11   9   1   6   3   5   3   6  0.48 0.39
  138 F    2 -5 -4 -4  1 -4 -5  1 -5 -1  3 -5  2  3 -4  0 -2  4 -2 -1   16   0   1   1   3   1   0  11   0   3  31   0   4  10   1   8   2   6   1   3  0.52 0.40
  139 I   -3 -4 -4 -7 -2 -6 -5 -6 -6  1  5 -6  4  3 -3 -3 -4  0 -2 -1    3   1   1   0   1   0   1   1   0   6  52   0  11  12   2   2   1   1   1   4  1.08 0.64
  140 G    1 -4 -5 -4 -1 -4 -3  2 -5 -1 -1 -5 -1  3 -2  0 -2  6  4  0   14   1   0   1   1   1   2  16   0   3   6   0   2  14   2   7   3   9  12   6  0.52 0.40
  141 T   -1 -4 -3 -3 -1 -4 -4 -3 -5  0  2 -4  0  6 -1 -2  0  3 -1  1    6   1   2   2   1   1   1   3   0   4  17   1   2  32   4   3   5   4   2  10  0.64 0.44
  142 L    0 -3 -3 -2  0 -2 -3 -1 -1  2  1 -2  0  2 -1 -1  1 -2 -1  3    8   1   1   2   2   2   1   4   1  11  10   2   2  10   4   3   8   1   2  24  0.25 0.23
  143 R    0  0  0  2 -4  1  0  2 -1 -3 -3  0 -2 -2  2  1  1 -2 -1 -2    6   5   5  11   0   6   5  16   1   1   2   6   1   2   9   9   9   1   2   3  0.20 0.20
  144 S    1 -1  0  0 -3  0  0  0 -2 -4 -3 -1 -2 -4  5  1 -1 -6 -2 -3   11   4   4   4   1   4   6   8   1   1   2   4   1   1  32  10   4   0   1   2  0.58 0.44
  145 D   -1 -2  0  2 -5  0  0  4  0 -3 -2 -2 -1 -3 -1  2 -1  0 -1 -3    3   2   4  13   0   3   6  28   2   2   3   3   2   1   3  15   4   2   2   1  0.37 0.33
  146 Q    0  0  1  2 -4  2  0 -1  1 -1 -1  0  1 -1  0  0  0  1  0 -1    8   4   7  11   0  11   6   4   3   3   5   4   5   3   5   7   6   2   3   4  0.10 0.14
  147 Y   -2 -3 -2 -3 -6 -1 -3 -2  0  1  0 -3 -1  1 -2 -2 -2  9  3  2    4   2   2   2   0   3   2   4   2   8   9   2   2   5   2   3   2  26  10  12  0.89 0.55
  148 Y    0 -1 -2 -3 -1  0 -1 -1  0  0  1 -2  0  2 -1 -1 -2  6  3  0    7   3   2   1   1   4   4   5   3   5  16   2   2   7   4   4   3  11  10   6  0.28 0.24
  149 V   -1  0  0  0 -3  0  0 -1  2  0 -1  0  1  0  0  0  0  3  1  0    5   5   5   5   0   5   5   5   5   5   5   5   5   5   5   5   5   5   5   5  0.06 0.08
  150 L    4 -3 -1 -4  1 -3 -4  2 -2  0  1 -4  1 -1 -2  0 -1 -1 -3 -1   32   1   3   0   2   1   0  18   1   5  13   0   3   3   2   6   4   1   0   4  0.40 0.36
  151 P    1 -4 -3 -4 -2 -2 -3  0 -3  1  2 -4  3  1  2  1 -1  1 -2  1   14   0   1   0   0   1   1   8   0   7  21   0   7   5   9  10   3   2   1   8  0.24 0.26
  152 L    1 -4 -4 -4 -2 -4 -3  0 -1  3  2 -2  0  1 -3 -2 -1  1  1  2   15   0   0   0   1   0   1   9   1  16  18   2   1   6   1   3   3   2   4  15  0.27 0.25
  153 L   -1 -5 -3 -2  1 -5 -3 -3 -5  1  5 -5  2  2 -3 -4 -3 -1 -2  0    6   0   2   2   3   0   2   3   0   7  52   0   4   8   2   1   1   1   1   5  0.74 0.47
  154 A    1 -2 -3 -5 -1 -3 -3 -3 -3  0  0 -2  0  5  0 -1 -1 -1  5  0   11   2   1   0   1   1   1   2   0   6   7   2   2  24   5   4   4   1  17   8  0.50 0.36
  155 I    0 -1 -4 -5  0 -4 -5 -1 -5  4  2 -4  2  1 -3 -2 -2 -2 -3  3    7   4   1   0   2   1   0   5   0  26  15   0   5   5   1   3   1   0   1  22  0.52 0.36
  156 V    0 -5 -2 -5 -2 -2 -3 -3 -5  4  3 -4  1  1 -2 -3 -2 -4 -2  3    8   0   2   0   1   2   2   2   0  21  26   0   3   5   3   1   2   0   1  19  0.50 0.35
  157 G    4 -3 -1 -3 -2 -3 -2  3 -4 -2 -3 -2  0 -4 -3  2 -1 -5 -5 -3   38   2   3   1   1   1   2  19   0   3   2   2   3   1   1  16   4   0   0   2  0.65 0.47
  158 N   -1  0  5 -1 -1  0 -3 -2 -2 -1  0 -2 -1  0 -2  1  1 -1  0 -1    4   4  30   3   2   3   1   2   1   4   9   1   2   4   2  10   9   1   3   4  0.37 0.34
  159 C   -1 -4 -3 -2  1 -3 -4 -3 -4  4  1 -3  1  1 -2 -1  1 -2 -1  3    6   0   1   3   3   1   0   2   0  21  13   1   3   6   2   5   8   0   2  23  0.39 0.31
  160 S    2 -4 -3 -2  5 -4 -4  3  0 -2 -1 -3 -1  2 -3  1  0 -5 -4 -2   20   0   1   2  11   0   1  24   2   2   5   1   2   8   1  11   5   0   0   3  0.49 0.38
  161 Y   -2 -4 -2 -2 -1 -4 -3 -4 -1 -3  0 -3 -1  6 -6 -1  0  2  5 -2    4   1   2   2   1   1   2   1   2   1   8   2   1  34   0   6   5   2  21   3  0.92 0.55
  162 G    0 -1  1 -2 -2  1  3  3 -2 -2 -3 -3 -1 -3 -3  1  0  0 -3 -2    9   4   6   1   1   6  18  24   1   2   2   0   2   1   1   9   7   1   1   3  0.33 0.31
  163 V    2 -2 -2 -1  1 -2 -2  1 -3  1  1 -3  1  1 -2  0  0 -1 -2  1   16   2   1   4   3   1   2  10   0   7  15   0   4   6   2   7   5   1   1  12  0.13 0.17
  164 I    2 -3 -2 -3  1 -2 -1  2 -1 -2 -2 -2  1 -1 -1  3  1 -5 -1 -2   20   1   1   1   2   1   3  13   2   2   4   1   4   3   3  27   7   0   2   3  0.36 0.35
  165 N   -1 -1  2 -1  0  1  1 -1 -1  1  1 -1  0  1 -1  0  0  0  0  0    4   2  10   2   2   6  10   4   1   8  14   2   2   7   2   8   6   1   4   4  0.06 0.12
  166 V    0 -4  0 -2 -1 -4 -2 -2 -4  2  0 -4  0  0 -2  0  1  0 -2  4    6   0   4   2   1   0   3   3   0   9   8   0   2   4   1   8   7   1   1  37  0.40 0.33
  167 V   -2 -5 -2 -2  1 -2 -1 -3 -4  0  1 -3 -1  6 -1 -1 -2 -3  1  0    4   0   2   3   2   2   5   2   0   5  13   1   2  39   3   4   3   0   3   6  0.67 0.44
  168 G   -1  0 -1 -3 -1  0 -2 -2 -1 -1  0 -4  0  1 -1 -2 -1  3  7 -3    6   6   3   1   2   4   2   4   1   4   8   0   2   5   4   3   3   4  35   2  0.63 0.47
  169 N    1 -4  5  3 -2  0 -2 -2 -1 -1 -3 -2 -1 -2 -1  0 -1 -1  1 -2   11   0  29  17   1   3   2   3   1   3   3   2   2   2   3   5   4   1   4   3  0.46 0.39
  170 S    4 -4  0 -2 -4 -4 -2 -1  0 -3 -5 -2 -4 -5 -1  3  0 -5  0 -1   40   0   5   2   0   0   3   4   2   1   0   2   0   0   3  26   5   0   4   4  0.70 0.54
  171 L   -1  0 -1 -2 -1 -1 -3  0 -1 -1  1 -3  4  3 -5 -1 -2  1  4 -1    6   6   3   2   1   2   1   9   1   3  15   0  10  14   0   4   2   2  15   3  0.34 0.30
  172 L   -2 -3 -3 -1 -1 -4  0 -2 -2  1  4 -4  0  3 -3 -3  0  1 -1 -1    2   1   1   3   1   0   7   3   1   7  46   0   2  11   2   2   5   2   1   2  0.53 0.41
  173 P   -1 -5 -1 -1 -2 -2 -2 -4 -2 -3 -2 -3 -1 -5  7 -1 -1 -1 -5 -1    6   0   3   4   1   2   3   1   1   2   4   1   2   0  53   5   3   1   0   6  1.20 0.68
  174 V    0  0 -1  0 -1  0  0  0 -1  1  1 -1  0 -1 -1  1  0 -2 -1  0    8   6   2   6   1   3   6   9   1   9  13   2   2   3   2  12   4   1   1   8  0.02 0.06
  175 F   -1 -2 -2 -1 -3  0  0 -1 -2  2  3 -1  1  1 -2 -1  0 -2  0  1    3   2   1   4   0   3   6   6   0  10  27   3   2   6   2   5   5   0   4   9  0.15 0.14
  176 V    1 -1  0  0  0  0  0  0 -1  0 -1 -1  1 -1 -1  1  1 -2 -1  1   16   3   5   4   2   4   5   5   1   5   6   3   4   2   3  10   9   0   3  10  0.06 0.08
  177 G    0  3  0  2 -1  0  0  0  2 -3 -1  0 -2 -3  2  0 -1 -3 -2 -2    7  17   4  10   2   3   6   9   5   1   5   5   1   1  11   6   3   0   1   3  0.21 0.17
  178 F    0  0  2  1 -1  0  0  0  2 -1 -1  0 -1 -1  0  0  0  2 -1 -1    7   6  10  10   1   3   7   7   6   3   6   3   2   3   4   7   5   3   2   5  0.08 0.07
  179 L   -1 -1 -1  0 -2 -1 -1 -1  4  1  1  0  1 -1  0  0  0  0  0  0    5   3   2   6   1   2   3   4  11   8  16   6   4   2   4   6   8   1   3   7  0.09 0.10
  180 V    0  0  0  0 -3  0  0  0 -2  0 -1  0  1  1  0  0  0  3  1  0    6   6   5   6   0   5   6   6   0   6   6   6   5   5   6   6   6   5   5   6  0.06 0.08
  181 G    0  0  0  0  2  0  0 -1  1  0 -1  0  1  0  0  0  0 -2  1  0    5   5   5   5   5   5   5   5   5   5   5   5   5   5   5   5   5   0   5   5  0.03 0.05
  182 N   -1  0  1  1  1  1  1  0  2 -1 -2 -1  1  0 -1  0  0  3  0  1    4   5   6   7   3   6   8   7   4   4   4   4   4   3   4   6   6   4   3   9  0.07 0.08
  183 E    0  0  0  0  2  0  0 -1  1  0 -1  0  1  0  0  0  0 -2  1  0    5   5   5   5   5   5   5   5   5   5   5   5   5   5   5   5   5   0   5   5  0.03 0.05
  184 D    0  0  0  1 -1  0  1  0  2  0 -1  0  0  0 -1  0  0 -2  2  0    7   5   4   8   2   4   8   6   5   5   7   5   2   3   3   8   4   0   7   6  0.04 0.04
  185 Q    0  0  0  3 -6  1  2 -1  2 -2 -2  0  0 -3 -1  1 -1 -6 -1 -2    7   6   5  15   0   7  11   4   5   2   4   6   2   1   4  10   5   0   3   4  0.21 0.19
  186 L    0  0 -2 -1  0 -1 -1 -1  0  3  0  0  2 -1 -5  0 -1  2  0  1    9   6   2   4   2   3   4   5   2  16  11   5   4   3   0   6   3   2   3   9  0.14 0.11
  187 E    2 -1 -1  1  1  0  0 -2  0 -1 -1 -1  0 -2 -2  1  1  2 -1  1   18   4   3   7   2   4   7   3   3   3   6   4   2   2   2   9   7   3   2   9  0.12 0.13
  188 V   -1  0  0  0  1  0  0  1  1 -1 -2  0  1 -1  1  0  1  3  0 -1    4   5   4   6   3   3   6  10   3   4   4   5   3   3   7   8   8   3   3   4  0.03 0.10
  189 D   -1  0  0  0  2  0 -1 -1  2  0 -1  0  2  0  0 -1  0  3  1 -1    5   5   5   5   5   5   5   5   5   5   5   5   5   5   5   5   5   5   5   5  0.03 0.09
  190 I    0  0  1  2 -5  1  3 -1  0 -2 -2  1  0 -4 -3  1  0 -3 -2 -2    8   6   5  12   0   5  19   5   2   2   4   8   3   1   1  11   4   0   1   3  0.26 0.24
  191 K    0  2  2  0 -2  1  1 -2  1 -1 -1  1 -1 -3 -4  0  0 -1  0 -1    8  14   9   5   1   5  10   3   3   3   7   7   1   1   0   7   7   1   3   5  0.15 0.16
  192 T   -2  3 -3 -3 -4  0 -3 -1 -1  3  0 -2  4 -1 -4  1  0 -2  1  0    3  14   1   1   0   5   1   6   1  15   9   1  11   2   0   9   6   1   5   7  0.28 0.27
  193 S   -2 -2  2  4 -7 -4 -3  5 -2 -8 -5 -5 -6 -5 -5  2 -1 -4  0 -6    3   2  10  22   0   0   1  35   1   0   2   0   0   0   0  14   3   0   3   0  0.97 0.60
  194 I   -1  5  0 -3 -6  0 -1 -2 -1 -2 -1  3  0 -1 -5 -1 -1  0  1 -2    6  33   4   1   0   4   3   4   1   2   5  15   3   3   0   4   3   1   4   2  0.56 0.40
  195 I   -2 -6 -7 -8 -6 -7 -5 -1 -7  5  2 -5  0 -4 -7 -3 -3  1 -1  4    3   0   0   0   0   0   1   5   0  31  17   1   2   1   0   2   2   2   2  30  1.06 0.58
  196 S   -2 -3 -3 -7 -6 -7 -7 -1 -8 -6 -2 -7 -2 -5 -7  7 -4 -4 -3 -6    3   2   1   0   0   0   0   4   0   1   5   0   1   1   0  80   1   0   1   1  2.08 1.15
  197 G    3 -6  1 -6 -4 -4 -6  5 -7 -6 -3 -5 -5 -4 -7  3  1 -5 -2 -4   19   0   6   0   0   1   0  41   0   0   3   0   0   1   0  18   7   0   2   1  1.04 0.65
  198 R   -2  2 -1 -5 -2 -1 -4 -2  0  1  1  1  1  2 -6 -2  0  5  4 -1    3  12   3   0   1   2   0   3   2   7  12   9   4   9   0   2   5   8  12   4  0.39 0.30
  199 G    1 -7 -5 -5 -3 -7 -6  7  0 -4 -1 -7 -3 -4 -8  0 -4 -2 -2 -5   11   0   0   1   1   0   0  64   2   1   7   0   1   1   0   6   1   1   2   1  1.50 0.80
  200 A   -3 -6 -5 -7 -3 -3 -8 -1 -4  1 -2 -7 -1  5 -7  0 -3  9  4  0    2   0   0   0   1   1   0   6   0   7   5   0   2  23   0   7   2  25  11   7  1.36 0.72
  201 S    5 -7  0 -7 -4 -5 -6  4 -7 -2 -3 -6 -1 -4 -7  1 -2 -3 -3 -2   43   0   5   0   0   0   0  26   0   2   2   0   2   1   0  11   3   1   1   3  1.03 0.65
  202 Y    0 -6 -5 -7 -1 -6 -6 -1 -4  3  3 -6  4  2 -7 -4 -2  5  2  1    7   0   0   0   2   0   0   6   0  16  25   0   9   8   0   1   2   8   6   8  0.72 0.44
  203 G   -2 -6 -1 -6  0 -3 -7  7 -6 -5 -3 -8 -2 -5 -8 -2 -6 -9 -6 -4    3   0   3   0   2   1   0  78   0   1   4   0   1   1   0   3   0   0   0   2  2.01 0.99
  204 Y   -6 -8 -1 -7 -3 -6 -7 -5 -5 -5 -1 -8 -4  2 -9 -1 -4 -2  9 -4    1   0   4   0   1   0   0   1   0   1   7   0   0   8   0   5   1   0  68   2  2.43 1.16
  205 F    1 -7 -7 -7  0 -6 -7 -3 -7  4  3 -7  0  3 -7 -2 -3 -2 -3  3   13   0   0   0   2   0   0   2   0  22  27   0   2   9   0   3   2   1   1  16  0.82 0.48
  206 S    1 -8 -7 -7 -4 -7 -8  7 -8 -3 -2 -7 -3 -3 -7  0 -4 -4 -8 -3   13   0   0   0   0   0   0  67   0   2   5   0   1   2   0   6   1   0   0   2  1.70 0.88
  207 A    1 -6 -4 -5 -1 -3 -3  5 -5 -1 -3 -6 -1 -2 -5  3  0 -5 -5 -2   12   0   1   0   1   1   2  43   0   4   4   0   1   2   0  18   6   0   0   3  0.90 0.57
  208 L   -1 -5 -2 -6  1 -5 -6  1 -5  4  3 -5  1  0 -6 -2 -2 -6 -4  3    5   1   3   0   2   0   0  10   0  23  26   0   3   3   0   3   2   0   1  16  0.66 0.40
  209 I    0 -7 -5 -7  0 -5 -7 -4 -7  4  3 -5 -2  1 -5 -4 -1 -7 -5  3    8   0   1   0   2   1   0   2   0  24  30   1   1   5   1   1   3   0   0  21  0.89 0.50
  210 V    1 -6 -4 -6  4 -3 -5  0 -3  1  3 -5  1 -2  0  0 -1 -2 -5  2   12   0   1   0   9   1   0   6   1   7  29   0   3   2   6   9   4   1   0  12  0.47 0.35
  211 Q   -3 -5 -3 -7 -2  1 -6 -2 -5 -1  5 -5  3  3 -5 -3 -3 -3 -3 -2    2   0   2   0   1   7   0   3   0   4  56   0   6  10   1   2   2   0   1   3  1.06 0.61
  212 L    2 -6 -4 -7 -1 -5 -6  0 -7  4  3 -6 -1  0 -4 -3 -2  0 -3  3   14   0   1   0   1   0   0   7   0  21  24   0   1   4   1   2   3   1   1  18  0.65 0.41
  213 F    0 -6 -7 -5  0 -4 -6 -2 -5  4  3 -5  1  2 -5 -2 -3 -4 -5  3    9   0   0   1   2   1   0   4   0  25  26   0   2   7   1   3   2   0   0  16  0.73 0.43
  214 S    2 -4  2 -3  6 -2 -4  0  0  0 -1 -3  0  0 -4  1 -1 -1 -2  1   15   1  10   1  14   2   0   7   2   6   6   1   2   4   1  12   3   1   1  11  0.37 0.30
  215 I   -1 -4 -4 -6 -3 -3 -5 -2 -5  3  4 -4  1  1 -1 -3 -3 -2  0  1    6   1   1   0   0   1   0   4   0  13  43   1   3   5   4   3   1   1   3   9  0.67 0.42
  216 L    1 -4 -4 -4 -3 -4 -4  0 -1  2  2 -4  0  2  1 -2 -3  1 -1  3   13   1   1   1   0   1   1   8   2  12  19   1   2   7   8   2   1   2   2  17  0.35 0.27
  217 L   -2 -4 -3 -3 -2 -4 -4  0 -3  2  2 -4  4  3  1 -2 -1  3 -1  1    4   1   2   2   1   0   1   7   1  12  19   1  11  12   6   3   3   4   2   8  0.39 0.28
  218 V   -1 -4 -4 -6 -5 -5 -5 -2 -5  4  3 -5 -1  4 -4 -3 -2 -4  0  3    5   1   1   0   0   0   0   3   0  21  22   0   1  15   1   2   3   0   3  20  0.73 0.42
  219 K    0 -1 -1 -2 -3  1 -1  0 -1  1  1  0  1  1 -1  0  0  0 -1  0    8   3   3   1   0   6   2   8   1   8  15   7   5   5   2   8   7   1   2   6  0.06 0.09
  220 Q    0 -1  0 -1 -3  0 -1  1 -1 -1  1  0  2  1  0 -1  0  1  0 -1    7   2   4   4   0   5   4  14   1   3  14   6   6   7   6   4   5   2   3   4  0.06 0.10
  221 S    1 -2  1 -1 -4 -1 -1  1  2 -1  0 -1 -1  1  3  1  0 -2 -2 -2   13   2   6   3   0   2   4  12   5   3   8   3   1   6  13   9   5   1   1   3  0.16 0.17
  222 K   -1 -2  0  3 -5  1  3  1 -1 -2 -3  0 -4 -3  1  2 -1 -3 -3 -2    6   2   4  13   0   7  17  10   1   2   2   5   0   1   7  13   4   0   1   3  0.30 0.27
  223 N    0 -2  3  1 -4  0  0  1 -3 -4 -3  0 -2 -2  0  2  1  1 -2 -3    7   2  12   9   0   4   7  12   0   1   2   5   1   2   4  16  10   2   2   2  0.27 0.26
  224 H    1 -2  0 -1 -4 -1  0  1  0  0 -1 -2 -2  2  1  1  2 -1  1 -1   11   1   5   3   0   2   6   9   2   4   6   2   1   8   6  10  14   1   4   4  0.11 0.15
  225 D   -1 -1  0  0 -4  0  2  1  0 -2  0 -1 -1  1 -2 -1  1  4  1 -3    6   3   4   6   0   4  14  10   2   2  11   3   2   6   2   5   8   6   6   1  0.16 0.18
  226 N    3 -2  3 -2 -4 -1 -3  2  2 -3 -3 -3 -2 -2  1  2 -1 -1  0 -3   25   2  14   2   0   3   1  14   4   1   2   1   1   2   6  13   3   1   3   2  0.42 0.35
  227 L   -1 -3 -3 -4 -3 -3 -4 -4 -4  3  2 -5  3  1 -4 -2  0 -1  3  3    5   2   1   1   0   1   1   2   0  15  19   0   6   5   1   3   7   1  10  19  0.47 0.32
  228 Q   -2  7 -2 -3 -6  3 -3 -3 -2 -3 -3  1 -1 -5  0 -1 -3 -3 -5 -5    3  49   2   2   0  12   1   2   1   2   3   7   1   0   5   6   2   0   0   1  1.16 0.68
  229 I    1 -5 -4 -6 -2 -4 -6 -5 -2  4  3 -5  0  1 -3 -3 -2  4  0  2   13   1   1   0   1   1   0   1   1  22  24   0   2   6   1   1   2   5   3  15  0.64 0.39
  230 A    3 -5 -3 -6  4 -3 -4  0 -6  0 -2 -5 -3 -4 -5  3  2 -3 -4  2   23   0   1   0   8   1   1   7   0   6   4   0   1   1   0  21  13   1   0  13  0.61 0.46
  231 I   -2 -6 -2 -7  0 -5 -6 -1 -6  3  2 -7  4  6 -4 -3 -2  0 -1  0    3   0   2   0   2   0   1   6   0  14  16   0   8  34   1   2   3   1   1   5  0.93 0.52
  232 L    2 -4 -6 -5 -2 -4 -6  0 -6  2  3 -5 -1  1  2 -3 -2 -2 -5  3   19   1   0   1   1   0   0   7   0  10  25   0   1   6   9   1   2   1   0  17  0.52 0.37
  233 F   -1 -6 -4 -6 -3 -6 -6 -3 -6  3  3 -6  2  4 -1  1 -1 -1 -1  1    5   0   1   0   0   0   0   2   0  15  24   0   4  15   3  11   4   1   2  10  0.56 0.38
  234 V    2 -7 -4 -6  2 -6 -6 -3 -7  0 -4 -6 -2 -2 -5  1  4 -7 -6  4   18   0   1   0   4   0   0   3   0   4   1   0   1   2   0  11  23   0   0  31  0.92 0.60
  235 G    5 -8 -4 -7 -4 -7 -7  6 -3 -6 -6 -7 -5 -6 -5 -1 -3 -8 -8 -5   39   0   1   0   0   0   0  49   1   0   1   0   0   0   1   4   2   0   0   1  1.66 0.88
  236 L    1 -7 -6 -7 -1 -5 -7  0 -7  4  3 -6 -1  0 -5 -3 -3 -6 -4  3   14   0   0   0   1   0   0   6   0  21  28   0   1   3   0   2   1   0   0  21  0.79 0.47
  237 W   -6 -7 -10 -10  0 -7 -9 -8 -6 -1 -1 -9 -1  3 -7 -8 -7 12  0 -2    1   0   0   0   2   0   0   0   0   4   6   0   2  10   0   0   0  67   3   4  3.43 1.45
  238 W   -5 -9 -8 -10 -4 -9 -9 -8 -8 -3 -3 -9 -1  5 -10 -6 -1 12  2 -4    1   0   0   0   1   0   0   0   0   2   3   0   2  21   0   1   4  58   6   2  3.12 1.34
  239 L    3 -6 -7 -7 -2 -6 -7  0 -7  2  4 -6  1  3 -5 -3 -2 -2 -4  0   20   0   0   0   1   0   0   8   0   9  36   0   3  12   0   2   2   1   0   6  0.77 0.48
  240 L    1 -7 -7 -7 -2 -6 -7  2 -7  3  3 -6 -1  0 -7 -4 -4 -7 -5  4   10   0   0   0   1   0   0  13   0  16  28   0   1   4   0   1   1   0   0  25  0.84 0.50
  241 W   -1 -9 -4 -7  1 -9 -9 -2 -6 -4 -1 -9 -4  9 -9 -4 -3  4 -2 -2    6   0   1   0   3   0   0   3   0   1   7   0   0  66   0   2   2   4   1   3  2.15 1.00
  242 Q    3 -6 -4 -6  0 -2 -6  0 -7 -2 -3 -5  0 -5 -6  5  3 -3 -7 -2   26   0   0   0   2   2   0   6   0   2   3   0   3   0   0  36  16   0   0   3  0.96 0.66
  243 I   -3 -5 -7 -7 -3  1 -6 -6 -4  5  4 -6  0 -1 -4 -5 -2  1 -3  1    3   1   0   0   0   7   0   1   0  32  33   0   2   2   1   1   3   2   1  10  0.99 0.56
  244 P   -3 -6 -8 -8 -8 -7 -7 -6 -8  2 -3 -7 -4  0  8 -6 -4  0  0 -1    3   0   0   0   0   0   0   1   0  10   3   0   0   4  68   1   1   1   3   5  2.12 1.08
  245 I    1 -5 -5 -5  0 -5 -5 -3 -3  0  2 -5  1  1  1  0  3  4 -1  0   13   0   0   0   2   0   0   2   1   5  20   0   4   6   6   7  20   6   2   5  0.47 0.36
  246 A    0 -4 -5 -7 -3 -4 -7 -5 -3  0  2 -7  2  7 -5 -4 -5  2  0 -1    9   1   1   0   1   1   0   1   1   6  17   0   4  46   1   1   1   3   3   4  1.31 0.66
  247 F   -2  2 -4 -5 -3 -4 -5 -5 -3  2  3  0  1  3 -3 -3 -3  1  1  1    3  13   1   1   1   0   0   1   1  13  27   7   3  12   1   2   2   2   4   8  0.50 0.33
  248 L   -3  1  0 -5 -1 -4 -5 -2  1 -1  2 -3  0  4 -5 -3 -2  8  2 -1    3   7   5   1   1   0   0   3   3   3  17   2   2  17   1   3   2  19   7   5  0.81 0.46
  249 L   -4 -5 -4 -5 -2 -2 -1 -5 -4  1  5 -5  2 -1 -4 -5 -1 -4 -2  4    1   1   1   1   1   2   4   1   0   7  44   1   4   2   1   1   5   0   2  24  0.87 0.49
  250 Q   -4  4 -2 -2 -5  0 -2 -4  0 -5 -4  4 -5 -5  5 -4 -3 -4 -5 -5    1  21   2   2   0   4   3   2   3   1   2  25   0   1  29   1   2   0   0   1  1.13 0.64
  251 D   -1  1  1  3 -5  1  5 -3  0 -4 -4  0 -3 -4  1 -1 -2 -4 -3 -4    5   6   6  14   0   5  31   2   2   1   2   5   1   1   7   5   3   0   1   1  0.57 0.38
  252 I   -1  5 -2 -1 -3 -1 -2 -2 -1  0 -2  0 -3 -2  1 -1  0 -2 -1  0    5  36   2   4   1   2   2   3   2   5   4   5   1   2   8   4   5   1   2   8  0.52 0.31
  253 P    0  1 -3 -1 -2 -2  0 -1  0 -3 -3  1 -2 -3  6 -1 -1 -4 -2 -2    9   6   1   4   1   2   5   4   2   2   3   9   1   1  37   4   3   0   1   3  0.68 0.36
  254 R    0  2 -1 -2 -2 -1 -1  3 -1 -2 -2  0 -2 -2  1  0 -1 -2  0 -1    9  10   3   2   1   3   4  26   2   2   4   7   1   2   7   5   3   1   3   5  0.23 0.15
  255 D    0  1  0 -1 -3  1 -1 -1 -1 -1 -1  1 -2 -1  5 -1 -1 -2 -2 -2    8   7   5   4   1   6   4   6   1   3   5   8   1   2  24   5   4   1   1   3  0.31 0.19
  256 T    0  0  0 -1 -2  0  1 -1  0 -1 -1  1 -2 -1  4  0  0 -2 -1 -1    9   5   4   3   1   4   8   5   2   4   6   8   1   2  20   6   7   1   2   4  0.20 0.13
  257 D    0  0  0  0 -2  0  0  0  0 -1  0  0  0  0  2  0  0  0  0  0    9   5   3   5   1   3   6   7   2   4  13   8   3   5   9   7   3   1   2   5  0.04 0.03
  258 Q    0  1 -1 -1 -2  1  0 -1  0 -1 -1  1 -1 -2  4  0  0 -2 -2 -1    7   8   3   3   1   5   6   5   2   4   7   7   1   1  21   7   5   1   1   5  0.23 0.14
  259 E   -1  1  0  1 -2  0  1  0 -1 -2 -2  2 -2 -2  3  0 -1 -1 -1 -1    5   8   3   7   1   3  10   7   2   3   4  13   1   2  13   7   4   1   2   4  0.16 0.11
  260 Q    0  2  0  0 -2  1  1  1  0 -2 -1  1 -1 -1  1  0 -1 -1 -1 -1    7  10   4   5   1   6   8  11   3   2   5   9   1   2   7   6   4   1   2   5  0.09 0.07
  261 H    0  1  0  0 -2  1  1  0  1 -1 -1  1 -1 -1  1  1  0  0 -1 -1    8   8   5   4   1   6   9   9   4   4   5   7   1   2   5   9   6   1   2   5  0.07 0.05
  262 E    0  0  0  0 -1  0  0  1  0 -1 -1  1 -1 -1  2  0  0 -1 -1 -1    7   5   4   6   1   5   7  11   2   3   6   9   1   3   9   8   5   1   2   4  0.07 0.04
  263 F    0  0  0  0 -1  0  0  0  0  0  0  0  0  0  1  0  0  1  0  0    7   6   5   4   1   4   5   8   2   5   9   6   2   5   7   9   5   2   3   6  0.02 0.01
  264 T    0  1  0  0 -1  0  0  0 -1 -1 -1  0 -1  0  1  1  0 -1  0 -1    9   9   4   5   1   3   6   8   2   4   6   7   1   4   8  10   7   1   3   5  0.05 0.04
  265 W    0  0  0 -1 -1  0  0  0  0  0  1  0  0  0  0  0  0  2  0  0    7   6   4   3   1   3   5   7   3   5  17   5   2   3   4   7   4   3   2   8  0.01 0.02
  266 A    1  0  0 -1 -1  0  0  0 -1  0  0  0  0 -1  3  0  0  0 -1  0   11   4   4   3   1   3   6   6   2   5  10   5   2   2  16   7   5   1   2   5  0.13 0.08
  267 N    1  1  0  0 -1  0  0  0 -1 -1 -1  0 -1 -1  2  1  0 -1 -1 -1   10   7   5   5   1   3   4   9   2   5   6   7   1   3   9  10   6   1   2   5  0.07 0.05
  268 T    0  0  0  0 -1  0 -1  2 -1  0  0 -1 -1  0  0  0  0  2 -1  0    7   5   4   4   1   3   4  16   1   7   9   4   1   4   4   8   6   3   2   7  0.04 0.04
  269 G    0  1 -1 -1 -2  0  0  1 -1 -1  0  1  0 -1  0  0  0  1  0  0    8   7   3   3   1   3   7  14   1   4   8   8   2   3   4   6   8   2   3   6  0.05 0.04
  270 N    0  1  4  0 -2  0  0  0  2 -2 -2  0 -2 -2 -1  2  1 -3 -2 -2    7   6  20   4   1   5   5   8   4   2   4   4   1   2   3  14   7   0   1   2  0.22 0.18
  271 Y    1 -1 -1 -2 -3 -1 -2 -2  0  1  0 -1  1  0  0 -1  0  3  4  1   12   3   3   1   0   2   2   2   2   7  10   3   3   4   6   5   5   4  17   8  0.20 0.16
  272 M   -1 -2 -4 -4 -2 -4 -4 -4 -3  4  3 -3  1  2 -3 -3 -1  3 -1  2    6   2   1   1   1   1   1   1   1  21  25   2   3   9   1   2   4   4   1  16  0.49 0.28
  273 E    0  3 -2 -2 -2  0 -1  0 -2 -1 -1  2  0  0 -3  0  2  0 -2 -1    7  16   1   1   1   4   3   6   1   3   7  14   2   5   1   8  14   1   1   5  0.17 0.18
  274 Y    1  0  0  0 -2  0  0 -1  0  0  0  1 -1  1 -2  0  0 -2  1  0   11   5   5   4   0   4   7   4   3   9   7   8   1   6   1   6   3   0   7   7  0.03 0.06
  275 G    2 -4 -3 -3 -3 -4 -4  5 -5 -3 -4 -4 -3 -5  0  3 -1 -5 -4 -3   17   1   1   1   0   0   1  43   0   1   1   1   1   0   4  20   3   0   1   2  0.91 0.51
  276 W   -2 -4 -6 -6 -2 -5 -5 -4 -3  0  1 -4 -1  6 -2 -4 -2  8  3 -1    3   1   0   0   1   0   0   1   1   5  14   1   2  29   2   1   2  21   9   5  1.20 0.56
  277 N    0  4 -1 -2 -5  1 -1 -1  0 -2 -2  4 -2 -3 -3  0 -1  1 -3 -2    8  22   3   1   0   5   4   4   2   3   3  26   1   1   1   7   4   2   1   3  0.46 0.33
  278 S   -2  4  0 -1 -4  4  2 -2 -1 -3 -4  1 -3 -5 -4  1 -1 -5 -3 -4    4  25   5   4   0  19  15   2   1   2   2   7   0   0   0  10   3   0   1   1  0.63 0.43
  279 L   -3 -5 -4 -5 -3 -4 -5 -6 -6  2  5 -5  0  1 -5 -4  1 -1 -2  3    2   0   1   0   1   1   1   0   0  11  47   0   2   6   0   1   8   1   1  17  0.85 0.47
  280 W    1  1 -3 -4 -1 -2 -4  1 -3  1  0  1 -2  2 -4 -2 -2  7  2 -1   10   9   1   1   1   2   0  11   0   7   7  11   1  10   0   2   2  14   6   5  0.43 0.30
  281 E    0  3  1  1 -4  2  1 -1  3 -2 -2  2 -2 -3 -3  0 -1 -5 -2 -2    7  15   7   7   0  10   8   5   7   2   4  14   0   1   0   6   3   0   1   3  0.27 0.23
  282 S    1 -4 -3 -3 -5 -4 -4 -3 -5 -2 -1 -4  2 -4 -5  1  6 -6 -5  1   12   0   1   1   0   1   1   2   0   2   5   1   5   0   0   8  51   0   0   9  1.03 0.62
  283 L   -1 -4 -6 -6  0 -5 -6 -3 -5  3  4 -4  0  5 -6 -4 -2  5 -1  1    6   1   0   0   2   0   0   2   0  13  33   1   2  22   0   0   2   7   2   8  0.82 0.44
  284 K   -1  5 -2 -3 -2  0 -2 -2  0 -2 -2  5 -2 -4 -5  0 -2 -4 -3 -2    5  30   2   1   1   3   2   3   2   3   4  30   1   1   0   6   2   0   1   3  0.74 0.46
  285 H   -1  1  1  1 -3  2  3 -2  2 -3 -2  1 -2 -3 -4  1  0 -5 -1 -3    5   7   8   8   0  10  20   3   6   1   4   7   1   1   0  10   5   0   2   2  0.31 0.25
  286 A    2 -3 -4 -5  0 -4 -4 -3 -5  4  3 -4  2  0 -5 -3 -1  2 -2  2   16   2   1   0   2   1   1   2   0  23  25   0   4   3   0   2   3   3   1  12  0.53 0.33
  287 R   -2  6 -2 -4 -2 -1 -3 -2  0 -3 -2  3  0 -1 -1 -1 -2  4 -2 -3    3  38   1   1   1   2   1   4   3   1   5  17   2   3   4   5   2   5   1   2  0.73 0.46
  288 L   -1  4  0 -1 -4  3  1 -1  3 -4 -3  3 -2 -5 -4  0 -1 -3 -2 -4    5  21   4   3   0  12   7   4   7   0   3  21   1   0   1   6   3   0   1   1  0.54 0.37
  289 L   -4 -1  1 -1 -3 -1 -2 -4  3 -1  3 -4  1  2 -5 -2 -2 -3  5 -3    1   3   8   4   1   3   3   1   8   3  27   1   3   9   0   3   2   0  22   1  0.61 0.40
  290 K   -3  4 -2 -4 -6 -1 -3 -3 -2 -4 -5  4 -5 -4  5 -1 -2  0 -4 -4    2  24   2   1   0   2   1   2   1   1   1  25   0   1  28   5   3   1   0   1  1.03 0.58
  291 D   -1  0  3  2 -5  3  2  0  2 -3 -3 -1 -1 -3 -1  0 -1 -3 -2 -2    4   4  15  12   0  17  12   7   5   1   2   3   2   1   3   5   3   0   1   3  0.36 0.29
  292 V    0 -4 -5 -5 -1 -5 -5 -5 -5  3  4 -4  1  0 -4 -2  3 -3 -3  2    8   0   0   0   1   0   0   1   0  13  35   1   3   3   1   2  20   0   1  11  0.67 0.42
  293 V    0  1 -4 -5 -2 -3 -4 -2 -3  0  2  0  1  5 -4 -2 -2  2 -1  0    8   7   0   0   1   0   0   4   0   5  20   7   4  28   0   3   3   3   1   6  0.48 0.33
  294 I   -2  4 -2 -4 -3 -1 -4 -3 -2  1  2  2  0  0 -4 -3 -1  4 -1 -1    2  25   2   0   1   2   0   1   1   9  20  15   2   5   1   1   4   5   2   3  0.48 0.35
  295 F   -5 -7 -7 -8 -3 -7 -7 -7 -5 -4 -1 -7 -1  9 -8 -7 -7 -2  6 -5    1   0   0   0   1   0   0   0   0   1   5   0   2  67   0   0   0   0  21   1  2.49 1.01
  296 L   -4 -6 -7 -7  1 -6 -7 -7 -7  1  6 -7  2  1 -7 -6 -5 -6 -5 -2    1   0   0   0   2   0   0   0   0   5  78   0   4   5   0   0   1   0   0   2  1.70 0.78
  297 I    0 -5 -5 -6 -2 -4 -5 -2 -5  4  3 -5  0  1 -4 -3 -2  0 -3  2    9   0   0   0   1   0   0   3   0  26  33   0   2   6   1   1   2   1   0  14  0.72 0.41
  298 G    6 -4 -4 -5  1 -5 -5  2 -6 -3 -4 -5 -4 -2 -4  2 -3 -6 -6 -2   59   1   1   0   3   0   0  12   0   1   1   0   0   2   0  15   1   0   0   2  1.20 0.68
  299 W   -3  2 -2 -5 -4 -4 -6 -5 -2 -3 -3 -4 -2  6 -6 -1 -3  7  6 -4    2   9   2   1   0   1   0   1   1   2   2   1   1  26   0   6   1  16  26   1  1.34 0.66
  300 F    0 -6 -6 -7 -2 -6 -6 -4 -5 -1  2 -6  4  7 -6 -5 -3  4  0  0    7   0   0   0   1   0   0   1   0   2  16   0   9  47   0   0   2   5   2   5  1.37 0.65
  301 I   -2 -6 -6 -6  0 -6 -6 -6 -6  3  4 -6  1  6 -6 -4 -4 -2 -3  2    3   0   0   0   2   0   0   0   0  15  33   0   3  29   0   1   1   0   0  11  1.08 0.53
  302 I   -4 -6 -5 -7 -3 -6 -6 -5 -4  0  1 -6  0  4 -7 -4 -4  2  8 -2    2   0   1   0   1   0   0   1   0   5  15   0   2  14   0   1   1   3  51   2  1.69 0.78
  303 S   -1  0  4 -2 -2  0 -2 -1 -3  2 -2 -3  1 -2 -5  4  0 -3 -2 -2    4   6  20   1   1   4   2   4   0  12   3   1   3   2   0  28   5   0   2   2  0.47 0.39
  304 D   -1 -6  1  7  1 -4 -1 -3 -6 -5 -5 -5  2 -5 -6 -3 -3 -7 -7 -3    7   0   5  66   2   1   3   2   0   1   1   0   6   0   0   2   2   0   0   2  1.67 0.81
  305 S    3 -6 -5 -5 -1 -6 -6  7 -6 -5 -7 -6 -4 -7 -5 -1 -2 -7 -7 -3   21   0   0   0   1   0   0  66   0   1   0   0   0   0   1   5   2   0   0   2  1.68 0.80
  306 L   -3 -5 -4 -6 -1 -4 -6 -5 -4  4  3 -5  1  1 -6 -4 -3 -2  1  4    2   1   1   0   1   0   0   1   0  23  23   0   3   6   0   1   1   1   5  31  0.86 0.47
  307 T    1 -3  4 -1 -3  4 -2  0  1 -2 -3 -3 -1 -3 -5  1  1 -5  0 -1   12   1  22   3   1  18   2   6   3   2   3   0   2   1   0  11   7   0   3   4  0.45 0.37
  308 T    1 -6 -2 -6 -6 -6 -6 -2 -6 -1 -5 -6 -1 -7 -6 -1  7 -7 -6 -1    9   0   2   0   0   0   0   3   0   3   1   0   1   0   0   3  71   0   0   5  1.76 0.91
  309 I   -2 -6 -6 -6 -1 -4 -6 -6 -3  5  1 -5  1 -1 -6 -3  1 -6 -3  5    3   0   0   0   1   0   0   0   1  31  11   0   3   2   0   2   8   0   1  35  1.01 0.53
  310 N   -2 -5 -1 -5 -3 -3 -5 -1 -5  5  0 -4  3  4 -3 -1  0 -2 -1  1    2   0   3   0   0   1   0   5   0  32   6   0   8  16   1   5   5   1   1  10  0.62 0.39
  311 S    2 -1 -1 -2 -3  0 -2 -1 -2 -1 -1  0 -1 -1 -3  2  2 -2  1  0   17   4   3   2   0   3   1   4   1   4   7   4   1   2   1  20  14   0   6   7  0.20 0.24
  312 T   -3 -5 -3 -6 -3 -2 -5 -5 -5  1  2 -5  6  5 -6 -3  0 -3 -1  2    2   0   2   0   0   2   0   1   0   7  16   0  18  25   0   2   7   0   2  16  0.86 0.49
  313 A    5 -4 -5 -5 -3 -2 -5  2 -5  0 -1 -4  1 -2 -5  1 -1 -6 -3 -1   46   0   0   0   0   2   0  17   0   4   6   0   4   2   0   9   4   0   1   4  0.76 0.51
  314 I    2 -4 -2 -4 -2 -3 -4  3 -5  1 -2 -4 -2 -1 -3  2  2 -5 -1  2   19   0   1   0   1   1   0  22   0   8   2   0   1   3   1  14  12   0   2  13  0.44 0.36
  315 L   -1 -4 -2 -1 -4 -3 -4 -5 -3  5  3 -4  0 -2 -1 -2 -1 -5 -1  2    4   1   2   3   0   1   1   1   1  33  25   1   1   1   3   4   4   0   2  14  0.62 0.39
  316 F   -4 -5 -7 -6 -1 -4 -7 -7 -3  2  0 -6 -2  6 -7 -5 -6 -1  7 -2    2   1   0   0   1   1   0   0   0  10  10   0   1  34   0   1   0   0  36   2  1.64 0.77
  317 A    5 -5 -5 -5 -3  2 -5  4 -5 -4 -2 -4 -2 -2 -5 -2 -2 -6 -4 -2   45   0   0   0   0  10   0  28   0   1   4   1   1   2   0   2   2   0   0   2  1.00 0.61
  318 K    2  1  2 -1 -4  2  0 -2 -2 -2 -2  2  0 -4 -3  1  1 -4 -1 -1   17   7   9   3   0   9   5   3   0   2   3  15   2   0   0  10   8   0   2   3  0.23 0.22
  319 T    0  0  0  1 -4  2  2  1 -2 -2 -3  1 -3 -3 -3  1  2 -4 -2 -2    6   5   4   7   0   8  12   9   1   2   2   9   0   1   1  12  16   0   1   2  0.25 0.24
  320 E    0 -2 -1  0 -4  0  3 -3 -2  0 -1 -2 -2 -3 -4 -1  2 -4 -2  3    7   2   3   5   0   4  23   1   1   5   4   2   1   0   0   4  14   0   1  21  0.34 0.30
  321 L   -3 -5 -5 -6 -5 -5 -6 -5 -4  3  4 -5  2  4 -5 -4 -1 -4  0  1    1   0   0   0   0   0   0   1   0  14  43   0   4  16   0   1   3   0   3  10  0.90 0.49
  322 K   -1 -2  1  0 -1  0 -1  5  3 -5 -4  1 -4 -4 -5  0 -3 -4 -4 -6    3   2   7   5   2   4   3  46   8   1   2   7   0   1   0   8   1   0   0   0  0.80 0.48
  323 M   -3 -5 -6 -5 -6 -5 -4 -6 -4  1  3 -6  6  6 -6 -5 -5  4  2 -1    2   0   0   1   0   0   1   0   0   7  22   0  17  32   0   1   0   6   6   4  1.17 0.60
  324 T   -2 -3  1  2 -5  0  1  1 -3 -5 -5 -1 -4 -6  1  4  2 -6 -5 -5    3   1   6  11   0   3   8  11   0   0   1   3   0   0   7  31  13   0   0   0  0.58 0.45
  325 A    0 -2  0  0 -3  1  0 -2 -1 -1 -1 -2  1  1  2  2  3 -4 -3 -1    8   1   4   6   0   8   5   3   2   4   4   1   3   6   9  13  19   0   0   3  0.20 0.23
  326 I    0 -1  0  0 -3  1  0  0 -2 -1  0 -1 -1 -2 -1  2  3 -2 -2  0    9   2   3   5   0   6   6   7   1   4   8   4   1   1   2  13  20   1   1   5  0.15 0.19
  327 N    0 -2 -1  2 -5  4  3 -1  0 -3 -2  0 -1 -3 -4  0  0 -4 -3 -2    6   1   3  11   0  19  22   6   2   1   4   5   2   1   0   6   7   0   0   3  0.40 0.34
  328 L   -3 -4 -1 -5 -5 -2 -5 -6 -5  3  5 -3  1 -1 -5 -2 -1 -5  0  2    1   1   4   0   0   2   0   0   0  13  48   2   3   2   0   4   4   0   3  12  0.75 0.45
  329 I   -1 -4 -1 -5 -2 -3 -4 -1 -5  5  2 -4  3 -1 -5 -2  1 -5 -4  1    6   1   4   0   1   1   0   5   0  31  20   0   7   3   0   3   9   0   0   9  0.56 0.38
  330 T    0 -3 -3 -4 -3 -2 -3  0 -3  3  2 -2  1  0 -2 -2  1 -1  1  2    7   1   1   0   0   2   1   7   0  20  23   2   4   3   2   2   8   1   5  12  0.29 0.24
  331 L    1 -5 -4 -5 -1 -3 -5 -3 -5  2  3 -5  2  4 -4 -2  1  0  1  1   14   0   0   0   1   1   0   2   0  10  24   0   5  19   0   2   8   1   3   8  0.51 0.36
  332 S    1 -4 -2 -4 -3 -3 -4  2 -4  3  2 -4  0  3 -5  0 -1 -2  0  0   10   0   2   0   0   1   0  18   0  16  20   0   2  11   0   7   3   0   3   7  0.36 0.28
  333 I   -2 -6 -6 -7 -3 -6 -6 -5 -6  5  5 -6  2  1 -6 -5 -3 -4 -4  1    3   0   0   0   1   0   0   1   0  28  46   0   4   5   0   1   1   0   0   9  1.11 0.58
  334 I    0 -5 -5 -5 -1 -3 -3 -3 -5  4  3 -5  2  0 -4 -3  0 -3 -3  3    9   0   0   0   1   1   2   2   0  23  25   0   6   3   0   1   5   0   0  20  0.60 0.38
  335 T    1 -4 -3 -4 -3  0 -3 -1 -4  3  1 -4  1 -2 -4  0  1 -5 -3  3   12   0   1   0   0   4   1   5   0  16  13   0   3   1   0   8  10   0   0  24  0.38 0.31
  336 M   -1 -4  4 -3 -6  6 -3 -1 -1  0 -4 -3  0 -3  2 -1  1 -4 -2 -3    5   0  17   1   0  35   0   4   1   5   1   0   2   1   9   5   9   0   2   2  0.75 0.56
  337 V   -1 -5 -5 -6 -2 -4 -5 -2 -5  4  2 -5 -1  4 -2 -3 -1 -3 -2  3    5   0   0   0   1   1   0   4   0  23  18   0   1  19   2   2   3   0   1  21  0.67 0.41
  338 M    2 -5 -4 -5  1 -3 -4 -3 -5  1  0 -4  1  2 -4  1  2 -3 -3  3   15   0   0   0   3   1   0   2   0   9   7   0   3   8   0  13  14   0   0  24  0.44 0.36
  339 A    6 -5 -3 -4 -2 -1 -4  3 -6 -4 -5 -5 -4 -5 -5  1 -3 -7 -6 -4   59   0   1   1   1   2   1  21   0   1   1   0   0   0   0  10   1   0   0   1  1.25 0.72
  340 M    2 -5 -4 -5  0 -2 -4  2 -5  3  0 -4  1  3 -5 -2 -2 -2 -2  2   17   0   0   0   2   2   0  15   0  21   6   0   4  13   0   2   2   1   0  12  0.45 0.34
  341 L    0 -5 -5 -4 -2 -3 -5 -2 -5  4  2 -5 -1  2  4 -3 -3 -3 -4  2   10   0   0   1   1   1   0   4   0  23  18   0   1   8  19   1   1   0   0  12  0.59 0.40
  342 G    1 -6 -4 -5  1 -5 -6  7 -6 -4 -4 -4 -5  1 -5  0 -3 -6 -4 -4    9   0   0   0   3   0   0  69   0   1   2   1   0   5   0   6   1   0   0   1  1.51 0.74
  343 A    5 -4 -1 -3  2 -4 -4  0 -3 -3 -4 -4 -1 -3 -3  3  2 -5 -4 -2   47   0   2   1   3   0   0   7   0   1   1   0   2   1   1  18  12   0   1   2  0.82 0.53
  344 V   -1 -4 -4 -4 -2 -3 -4 -4 -3  3  3 -3  1  3 -2 -2 -1  3  2  1    6   1   1   1   0   1   1   1   0  18  27   2   2  14   2   3   3   3   6   9  0.44 0.28
  345 Y    1 -4 -4 -5 -1 -4 -4  0 -1  1  3 -4  0  4 -4 -2 -2  1  3  1   12   0   0   0   1   0   0   9   1   6  27   0   1  15   1   2   2   2   9   9  0.42 0.30
  346 I    0 -5 -5 -6 -1 -5 -6 -1 -5  1  0 -5  2  6 -6 -2 -2  5  1  1    9   0   0   0   1   0   0   5   0   8   9   0   5  36   0   3   3   8   3   8  0.85 0.48
  347 P    1 -4 -2 -4 -2 -4 -4  4 -3 -4 -3 -4  1  4  1  0 -2  5 -1 -4   11   0   1   0   1   0   1  37   0   1   3   0   4  16   6   7   2   7   2   1  0.72 0.46
  348 H   -2  3 -2 -3 -5 -1 -3  1  0 -2 -1  1 -1  1 -2 -1 -3  7  3 -2    4  16   2   1   0   2   1   9   3   2   8   9   2   6   2   4   1  17  11   2  0.56 0.37
  349 L   -1  0 -3 -4 -3 -2 -4 -4 -1  2  3 -2  1  2 -2 -2 -2  3  1  1    5   5   1   0   0   1   1   1   1  14  33   3   2   9   2   2   1   4   4   9  0.40 0.27
  350 L    2 -2 -2  1 -3  0 -2 -1 -3  2  1 -3 -1  0 -3  0  0 -3 -1  1   16   1   1   8   0   4   2   4   0  16  16   0   1   4   1   9   4   0   2  11  0.17 0.20
  351 S    0 -1 -1  4 -4  5  0 -1 -1 -4 -4  0 -4 -5 -4  1 -1 -5 -4 -3    6   3   2  25   0  30   4   5   1   1   1   5   0   0   0   9   3   0   0   1  0.76 0.50
  352 E   -1  5 -1  1 -4  0 -1 -3  0 -4 -4  4 -3 -5 -2 -2 -3 -1 -3 -3    5  33   2   9   0   3   4   2   2   1   2  28   1   0   2   3   1   1   1   2  0.79 0.47
  353 R   -2  4 -2 -3 -2 -1 -2 -3  2  1 -1  2 -1  1 -3 -2 -2  3  2 -1    3  26   1   1   1   2   1   2   5   8   6  12   1   7   1   2   3   5   8   4  0.40 0.26
  354 L   -2 -2 -2 -3 -2 -3 -3  3 -2  1  0 -3 -1  4 -3 -2 -1  4  1 -2    3   3   2   1   1   1   2  24   1   7  11   2   2  20   1   3   4   6   5   3  0.43 0.26
  355 R    0  0  2 -1 -3  0 -2  3  2 -1 -2  1 -1 -3  0  1 -1 -1 -2 -2    9   5   9   2   0   4   1  20   6   4   4  10   2   1   4  10   3   1   1   3  0.18 0.16
  356 L   -1 -1 -2 -3 -3 -2 -2  0 -1  2  2  1 -1  1 -2 -1 -1  4  0  0    5   4   2   1   0   1   1   9   1  15  21  11   1   5   2   4   3   6   2   4  0.20 0.18
  357 P   -1  3  1 -3 -4 -1 -3  1 -1 -3 -3  2 -4 -4  3  3  1 -5 -4 -4    3  15   6   1   0   2   1  11   1   2   2  13   0   1  13  19   8   0   0   1  0.45 0.36
  358 L    0  0  1 -3 -2 -2 -2 -3 -2  0 -1  1 -1 -3  1  0  4 -4 -3  0    9   6   6   1   1   1   2   2   1   4   5  10   1   1   7   6  30   0   1   7  0.34 0.30
  359 Q   -3  2 -2 -3 -5 -1 -3 -2 -1  1  1  5 -2 -1 -3 -1 -1 -2 -3 -2    2  11   2   1   0   2   1   4   2   9  11  39   1   3   1   4   3   1   1   3  0.57 0.38
  360 Q    1  2  0 -3 -3  1 -2 -2 -1  0 -1  1  1 -2 -2  0  3 -3 -1  0   11  10   3   1   0   6   1   3   1   7   6   9   3   2   2   7  21   0   2   5  0.21 0.22
  361 V   -1 -4 -4 -4 -2 -3 -4 -2 -5  3  2 -4  6 -2 -4 -2  1  1 -2  2    6   1   1   1   1   1   0   3   0  19  20   1  18   1   1   3   7   2   1  13  0.60 0.37
  362 L   -1 -3 -2 -4 -1 -3 -4 -3 -4  4  3 -3  2  2 -4  0 -1  0 -2  1    5   1   2   0   1   1   1   2   0  21  30   1   4   8   0   8   4   1   1   9  0.46 0.30
  363 I   -1 -3 -1 -4  0 -2 -4 -2 -2  3  3 -3  3  0 -4 -1 -1 -1  1  2    4   1   3   1   2   2   1   3   1  18  27   1   6   4   1   4   4   1   5  12  0.35 0.25
  364 I    1 -4 -3 -4  1 -3 -4 -1 -4  3  2 -4  1  1 -4  0  1  1 -1  2   11   1   1   1   3   0   1   5   0  19  17   0   4   7   0   7   7   2   2  13  0.32 0.24
  365 I    0 -4  0 -3  3 -2 -3  1 -2  2  2 -3 -1 -1 -4  0  0 -2 -3  1    6   0   4   1   6   2   1  11   1  13  25   1   1   3   0   7   7   0   0   9  0.26 0.22
  366 I    0 -4  0 -4  0 -3 -4 -1 -4  3  2 -4  1  0 -4 -1 -1  4 -1  3    8   1   5   0   2   1   1   4   0  15  23   1   2   3   1   4   4   7   2  18  0.38 0.27
  367 I    0 -3 -3 -4  2 -3 -4  0 -3  3  1 -3  1  2 -4 -1 -1  2 -1  2    7   1   1   0   5   1   0   7   1  20  12   1   3   9   1   5   4   3   1  17  0.34 0.24
  368 W   -1 -4 -3 -5  1 -4 -5  0 -2  1  2 -4  2  2 -4 -3 -2  8  0  2    6   1   2   0   3   0   1   7   1   8  17   1   5   8   1   2   3  19   2  12  0.64 0.36
  369 S    1 -3 -2 -3  2 -3 -4 -1 -1  3  0 -3  1  1 -3  0  1  3  3  0   11   1   1   1   5   0   0   5   2  15   7   0   3   7   1   8   9   4  11   7  0.27 0.23
  370 S    1 -4 -3 -3  3 -3 -2  0 -4  2  2 -3  0  0 -3  0  0 -1 -2  2   11   0   1   1   6   1   3   7   0  15  17   1   2   4   1   7   7   1   1  16  0.25 0.21
  371 V    0 -3 -3 -4  2 -2 -4 -1 -3  2  2 -3  1  1 -3 -1  0  1 -1  2    9   1   1   1   4   1   1   5   1  14  22   1   3   7   1   4   5   2   2  16  0.29 0.21
  372 I    0 -3 -4 -4  2 -3 -4 -2 -3  4  2 -3  1 -1 -1 -2 -1  0 -2  3    8   1   1   1   4   1   1   3   0  24  21   1   4   2   3   2   3   1   1  17  0.44 0.28
  373 P    2 -4 -1 -2  3 -2 -3  0 -4  0 -1 -3 -2 -2  4  0  1 -3 -2  0   18   1   3   2   7   1   1   7   0   6   7   1   1   2  21   6   9   0   1   7  0.39 0.29
  374 L    0 -3 -3 -4 -2 -4 -4 -1 -4  3  3 -4  0  1 -3 -2 -2 -1  1  2    9   1   1   1   1   0   1   5   0  18  32   1   1   6   1   2   2   1   4  14  0.48 0.30
  375 Y    0 -4 -4 -4  0 -4 -4 -2 -3  0  0 -4  0  3 -4 -3 -2  8  5 -1    9   1   1   1   2   1   1   4   0   6   8   1   2  12   1   2   2  19  22   5  0.93 0.47
  376 G    2 -3 -3 -3  0 -3 -3  5 -4 -1 -2 -3 -2 -1 -2 -1 -2 -1 -1  0   19   2   1   1   2   1   1  40   0   4   4   1   1   3   2   5   2   1   2   6  0.59 0.34
  377 M   -1  0  0  0  2  0  0 -1  2  0 -1  0  2  1  0 -1  0  4  1 -1    5   5   5   5   5   5   5   5   5   5   5   5   5   5   5   5   5   5   5   5  0.09 0.08
  378 T    0 -1 -1 -1  1  0 -1 -1  1  1  1 -1  1  0 -1  0  1  2  0  0    7   3   3   4   3   3   3   4   3   9  14   3   3   4   3   6   9   2   3   7  0.02 0.05
  379 G    1 -2 -2  0  0 -1 -2  4  0  0 -1 -1  1 -1 -1  0 -1  1 -1  0    9   3   2   5   2   3   3  25   2   4   6   4   3   3   4   7   4   2   2   6  0.20 0.16
  380 F   -1 -2 -1 -1  1 -1 -1 -2  0  3  0 -2  1  2  0 -2 -1  2  2  0    6   3   3   4   3   3   4   4   3  15   9   3   3   8   5   3   4   3   7   7  0.15 0.11
  381 V   -1  0  0  0  2  0  0 -1  2  0 -1  0  2  1  0 -1  0  4  1 -1    5   5   5   5   5   5   5   5   5   5   5   5   5   5   5   5   5   5   5   5  0.09 0.08
  382 F   -1 -3 -2 -3 -1 -2 -5 -2 -1  1  2 -3  0  3  0 -1  2  3  0  1    6   2   2   2   1   2   0   3   2   8  18   2   2  10   4   5  13   4   3   9  0.28 0.20
  383 Q    1 -2  0  1 -1 -1 -1  1  0 -1 -1 -2 -1  0  2  0  0  3  0 -1   13   2   5   7   1   3   3  10   3   4   5   2   1   3  10   7   6   4   3   4  0.11 0.13
  384 N    2 -1 -1 -1 -1 -1 -2 -1 -1  0 -1  0 -1  1  2  0  0  2  0  0   16   4   4   4   1   2   2   6   1   5   5   7   2   6  10   6   6   3   3   6  0.10 0.11
  385 I   -1 -3 -3 -2 -6 -2 -3  0 -1  3  1 -6  0  4 -2 -2 -2  3  2  1    5   2   2   3   0   2   2   7   1  12  13   0   2  16   2   4   3   4   6  10  0.36 0.24
  386 G    0 -2 -1 -2 -7 -1 -3  5 -1 -1 -2 -3  0  3 -1 -2 -2  2 -1 -2    8   3   4   3   0   3   2  34   1   4   5   2   2  12   3   4   3   2   2   4  0.55 0.35
  387 L    0 -3 -3 -4 -2 -2 -2 -2 -3  2  3 -3  3  2 -1 -1 -1  0  0  1    7   1   1   1   1   2   3   3   1  10  24   1   7   9   4   5   4   1   3  10  0.29 0.21
  388 K   -1  1  1  0 -5  2  0 -1  4 -3 -4  2 -3 -2 -1  1  2  0 -1 -2    5   8   6   6   0   9   6   5   8   2   1  13   1   2   3   8  11   1   2   3  0.25 0.25
  389 H    0 -1  1  0 -2  1 -1 -1  3 -2 -4 -1 -4 -4 -1  3  3 -1 -2 -1    7   4   8   5   1   7   4   4   7   3   2   3   0   1   3  18  18   1   2   4  0.32 0.31
  390 K    2  0 -2 -2 -5  1  1 -1 -2 -1 -1  2 -1 -2  2 -1  0 -2 -3  1   14   5   1   2   0   7  10   4   1   4   5  14   1   2  10   3   5   1   1   9  0.21 0.23
  391 F    0 -1 -1 -4 -3 -2 -2 -2  0  1  0 -3  1 -1 -1 -1  1  8  0  0    8   4   3   1   1   2   3   4   2   8  11   2   3   3   4   5   8  20   3   7  0.54 0.39
  392 E   -1 -3 -4  0 -6  2  5 -2  3 -1  0 -3  0 -1 -2 -2 -2  1  0 -1    6   1   1   4   0   9  31   4   6   4   8   1   2   3   3   3   3   2   3   5  0.44 0.39
  393 M   -2 -5 -8 -8 -3 -7 -6 -3 -7  1  0 -7  3  8 -4 -6 -5  1  1 -2    3   1   0   0   1   0   1   2   0   7   8   0   7  57   1   1   1   2   4   3  1.78 0.89
  394 Y   -5 -5 -6 -5 -8 -8 -8 -6 -7 -1  0 -5  0  3 -9 -8 -5 10  6 -2    1   1   1   1   0   0   0   1   0   3   8   1   2  12   0   0   1  38  27   3  2.34 1.16
  395 I    1 -6 -6 -4  0 -6 -6 -1 -6  4  2 -5  1  2 -1 -4 -2  0 -3  3   12   0   0   1   2   0   0   6   0  21  16   1   3   8   4   1   2   1   1  21  0.58 0.40
  396 L    0 -6 -5 -6  0 -5 -4 -3 -3  1  4 -6  3  2 -6 -3 -2  0  2  2    9   0   1   0   2   0   1   2   0   8  36   0   6   9   0   2   3   1   6  12  0.65 0.41
  397 G    5 -6 -1 -6 -1  1 -5  4 -6 -4 -4 -4 -3 -5 -5  0 -2 -7 -5 -1   41   0   3   0   1   5   1  31   0   1   2   1   1   1   0   6   2   0   0   4  1.03 0.64
  398 V    3 -5 -2 -6  1 -4 -4  0 -5  2  1 -5  1  2 -2 -1 -2 -1 -4  3   21   0   2   0   3   0   1   9   0  11  14   0   3   7   2   3   3   1   0  19  0.43 0.33
  399 W    1 -6 -6 -6 -1 -4 -6 -1 -5  2  3 -6  2  3 -1 -3 -3  4  2  2   10   0   0   0   1   0   0   6   0  11  27   0   5  10   3   1   1   5   6  12  0.56 0.38
  400 Y    1 -4 -4 -4 -3 -4 -5 -3  1  3  2 -5  0  3 -6 -2 -2 -3  3  3   10   1   1   1   0   1   1   2   3  18  15   0   2  10   0   2   2   0   9  21  0.57 0.36
  401 G    1 -4 -2 -7  1 -7 -7  7 -7 -5 -6 -7 -2 -8 -7 -1 -5 -8 -8 -6   10   1   2   0   3   0   0  75   0   1   1   0   1   0   0   4   1   0   0   1  1.98 0.97
  402 V   -1 -6 -5 -7 -1 -6 -6 -3 -6  3  4 -6  2  4 -4 -1  0 -3 -4  1    6   0   0   0   2   0   0   2   0  15  36   0   5  15   1   5   5   0   0   8  0.76 0.46
  403 S    1 -5 -3 -6  1 -3 -5 -1 -2  0  0 -5  1  5 -3 -1 -1 -1 -3  4   13   0   1   0   3   1   0   6   1   5   7   0   4  21   1   6   4   1   0  26  0.56 0.39
  404 L   -2 -5 -3 -5 -2  3 -5 -2 -2  2  3 -5  5  0 -6 -2 -1 -2  0  2    3   0   1   1   1  15   0   4   1   9  23   0  16   4   0   4   3   0   4  12  0.58 0.41
  405 G    0 -4 -6 -7  1 -7 -5  7 -7 -8 -6 -7 -7 -5 -4  0 -4 -8 -8 -4    7   1   0   0   3   0   1  77   0   0   1   0   0   1   1   6   1   0   0   1  2.00 0.96
  406 G    2 -6 -4 -4  0 -4 -5  5 -2 -3 -4 -5 -6 -7  4  1 -1 -3 -6 -4   18   0   0   1   2   0   0  35   1   2   2   0   0   0  22  11   4   0   0   1  0.98 0.60
  407 L    0 -4 -2 -3  0 -2 -4 -4 -4  3  1 -4  0  1 -4  1  2  4  0  2    8   0   2   1   2   2   0   1   0  17  13   0   2   7   1  11  13   5   2  12  0.37 0.30
  408 A   -2 -2 -3 -4 -7  8 -3 -2 -3 -4 -3 -4 -3  0 -6 -1 -4  5  3 -5    3   2   1   1   0  59   1   4   1   1   3   0   1   4   0   4   1   6   8   1  1.61 0.91
  409 A    5 -3 -3 -5 -3 -4 -5 -1 -6 -4 -6 -5 -6 -7 -4  5  0 -7 -4 -3   41   1   1   0   1   0   0   4   0   1   1   0   0   0   1  41   5   0   0   2  1.28 0.77
  410 V    2 -5 -3 -5  0 -4 -5 -4 -3  0  2 -5  0  2 -5  1 -1 -1  5  0   18   0   1   0   2   1   0   1   0   4  23   0   2   7   0  11   3   1  19   7  0.56 0.41
  411 S    1 -3  0 -2  4  0 -5 -1 -5 -5 -5 -5 -2 -4 -5  6 -1 -7 -4 -5   11   1   4   3   7   3   0   5   0   0   1   0   1   1   0  58   3   0   1   1  1.17 0.73
  412 R   -5  8 -4 -7 -8  1 -3 -7 -6 -4 -6 -3 -6 -5 -5 -5 -4 -8 -7 -4    1  83   1   0   0   7   1   0   0   1   1   1   0   0   1   1   1   0   0   1  2.51 1.14
  413 S    3 -5 -3 -5 -2 -4 -3 -4 -5 -3 -4 -4 -5 -6 -2  5  3 -6 -5  1   19   0   1   0   1   0   1   1   0   1   1   0   0   0   2  42  19   0   0  10  0.98 0.65
  414 L   -3 -5 -6 -6 -1 -4 -5 -5 -3  0  4 -5  6  3 -6 -4  0 -1  3  0    2   0   0   0   1   1   0   1   1   4  33   0  20  12   0   1   7   1   9   7  0.90 0.52
  415 F   -4 -5 -6 -4 -4 -4 -6 -5 -4  1  2 -6  5  5 -6 -5 -4 -1  5  1    1   0   0   1   0   0   0   1   0   8  18   0  14  26   0   0   1   1  19   9  1.10 0.57
  416 S    4 -5 -3 -5 -2 -4 -4  2 -5 -2 -3 -4 -3 -5 -4  4  1 -1 -5 -1   37   0   1   0   1   0   0  14   0   2   3   0   0   0   0  28   7   1   0   5  0.80 0.54
  417 L   -1  4 -1  0 -3  2  3 -3  0 -2 -1  2 -1 -4 -4  0 -2 -3 -1 -2    4  20   2   5   0   7  21   1   2   2   6  13   1   0   0   8   2   0   2   2  0.40 0.32
  418 L   -4 -5 -5 -6 -5 -3 -6 -6 -3  2  5 -5  4  2 -6 -5 -3 -3 -3  1    1   0   1   0   0   1   0   0   1  11  53   0  11   8   0   1   1   0   1   9  1.07 0.56
  419 V    2 -5 -5 -5  2 -4 -5 -4 -5  5  0 -5 -1 -3 -5  1  2 -5 -4  2   15   0   0   0   4   0   0   0   0  30   8   0   1   1   0  11  14   0   0  15  0.68 0.44
  420 P   -5 -5 -5 -2 -7 -4 -5 -5 -4 -5 -7 -4 -7 -8  9 -5 -3 -8 -6 -5    1   1   0   2   0   1   1   1   1   1   0   1   0   0  88   0   1   0   0   1  2.90 1.24
  421 R    1  2 -2 -1 -5 -1  1 -4 -2 -2 -3  3 -3 -4  5 -1 -1 -6 -3 -2   14   9   1   2   0   2  10   1   1   2   2  17   1   0  27   3   4   0   1   4  0.60 0.41
  422 G   -1 -2  1  2 -6 -1  2  5  1 -6 -6 -1 -5 -6 -1  0 -1 -6 -5 -5    5   1   6  10   0   2  15  41   3   0   0   3   0   0   3   5   4   0   0   0  0.76 0.47
  423 K   -2  4 -1  0 -3  2  0 -4  4 -3 -3  4  1 -3 -4 -1 -3 -5  0 -4    2  21   3   5   1   9   6   0   9   2   3  24   4   1   0   5   1   0   3   1  0.58 0.41
  424 E    0  0 -2  0 -5  0  5 -4 -1  0 -2 -1  1 -4 -3  2  0 -5 -3 -2    7   4   2   3   0   4  38   1   1   5   4   2   4   0   1  14   6   0   1   3  0.53 0.42
  425 S    4 -5  3 -4 -2 -4 -4  3 -3 -4 -5 -4 -5  0 -5  1  2 -5  0 -3   31   0  14   0   1   0   0  21   0   0   0   0   0   5   0  11  11   0   3   1  0.70 0.49
  426 T   -1  0 -4 -3 -5  1  6 -4 -3 -4 -1 -1  1 -6 -5  0 -1 -4 -5 -4    5   5   0   0   0   7  55   1   1   1   8   2   3   0   0   6   4   0   0   1  1.05 0.65
  427 F   -3 -6 -4 -4 -4 -5 -6 -5 -4 -2 -1 -6  3  8 -7 -5 -4  4  4 -3    3   0   1   1   0   0   0   1   0   2   5   0   6  59   0   1   1   4  13   1  1.79 0.80
  428 F   -6 -6 -5 -7 -3 -6 -7 -5 -1 -5 -3 -7 -2  9 -7 -5 -4 -4  4 -5    0   0   1   0   1   0   0   1   1   0   1   0   1  80   0   1   1   0  10   0  2.62 1.02
  429 S    1 -5 -4 -5 -3 -5 -5  6 -2 -6 -6 -5 -4 -4 -5  3 -2 -6 -6 -6   12   0   0   0   0   0   0  59   1   0   0   0   0   1   0  22   2   0   0   0  1.44 0.71
  430 L   -4 -3 -6 -6 -4 -6 -6 -6 -5  0  5 -6  0  6 -6 -5 -5 -2  0 -2    1   1   0   0   0   0   0   0   0   5  52   0   1  31   0   1   0   0   2   2  1.35 0.64
  431 F   -4 -6 -2 -5 -2 -4 -3 -6 -3 -4 -2 -5  0  6 -6 -4 -4  5  8 -4    1   0   2   1   1   1   2   0   0   1   3   0   3  30   0   1   1   6  45   1  1.80 0.80
  432 S    3 -3  2  1 -1  0  0  2 -3 -3 -3 -3 -2 -3 -4  2 -1 -5 -3 -3   25   0  11   7   1   4   7  17   0   1   3   0   1   1   0  17   2   0   1   1  0.41 0.33
  433 V   -3 -3 -5 -6 -3 -5 -5 -6 -5  4  3 -4  4  3 -5 -4  0 -3 -3  2    2   1   0   0   0   0   0   0   0  24  27   1  10  11   0   1   7   0   0  15  0.78 0.44
  434 T    1 -4 -4 -4  1 -4 -4 -3 -5  0 -1 -4  0  2 -4  3  4 -3 -3  2   11   0   0   0   3   0   0   1   0   4   6   0   3   8   0  24  26   0   0  13  0.57 0.44
  435 D   -1 -3  1  3 -6 -3  1  5 -3 -5 -5 -3 -4 -5 -5  0 -3 -3 -2 -4    4   1   5  16   0   1   8  48   1   0   1   1   0   0   0   8   1   0   1   1  0.93 0.52
  436 K   -4  4 -3 -4 -7 -1 -2 -5 -5 -5 -4  7 -5 -7 -5 -3 -3 -4 -4 -5    1  23   1   0   0   2   2   1   0   0   2  64   0   0   0   1   1   0   1   1  1.71 0.83
  437 G    2 -4 -4 -4  0 -4 -3  2 -4  0  0 -4 -1  3 -4  1  1 -4 -2  0   19   0   0   0   2   0   1  19   0   6  10   0   1  16   0  10   8   0   1   7  0.36 0.30
  438 S    3 -5 -3 -5 -3 -4 -4 -1 -5 -4 -4 -4 -4 -5 -3  5  3 -6 -5 -2   26   0   0   0   0   0   0   5   0   1   1   0   0   0   1  44  18   0   0   3  1.05 0.66
  439 S    4 -4 -2 -4 -4 -4 -4  1 -4 -1 -5 -4 -3 -5 -5  5  0 -6 -4 -2   33   0   1   0   0   0   1  10   0   4   0   0   1   0   0  41   5   0   0   2  0.95 0.61
  440 I   -2 -6 -7 -7  0 -6 -4 -6 -6  4 -2 -6  0  6 -5 -5 -3  8 -2  3    4   0   0   0   2   0   1   0   0  19   3   0   2  31   0   1   2  17   0  17  1.30 0.64
  441 L   -2 -6 -6 -6 -3 -5 -6 -5 -6  5  3 -5  3  2 -6 -4 -2 -1 -4  2    3   0   0   0   0   0   0   0   0  33  32   0   6   9   0   1   2   1   0  12  0.96 0.50
  442 G    0 -6 -3 -4 -5 -6 -5  7 -6 -7 -6 -6 -7 -7 -6 -3 -4 -7 -7 -6    7   0   1   1   0   0   1  87   0   0   1   0   0   0   0   1   1   0   0   0  2.22 0.93
  443 P   -3 -6 -4 -6 -7 -5 -6 -5 -7 -5 -4 -6 -1 -6  8 -2  0 -8 -7 -5    2   0   1   0   0   0   0   1   0   0   2   0   2   0  82   2   6   0   0   1  2.56 1.07
  444 L    1 -5 -3 -6 -3 -5 -5 -3 -5  1  4 -5  1  4 -4 -3 -2  0 -2  0   11   0   1   0   0   0   0   2   0   6  46   0   3  18   1   2   2   1   0   6  0.73 0.43
  445 L    0 -5 -5 -5 -2 -4 -5 -4 -5  4  3 -5  2 -1 -4 -1 -1 -5 -4  4    8   0   0   0   1   0   0   1   0  19  29   0   5   2   1   4   4   0   0  26  0.68 0.40
  446 I   -2 -5 -3 -5 -1 -3 -5 -5 -3  2 -1 -5  2  5 -5  0  0  4  3  3    2   0   1   0   1   1   0   0   0   9   4   0   5  26   0   8   7   6  11  19  0.71 0.43
  447 G    3 -5 -4 -4 -5 -2 -5  6 -5 -6 -6 -5 -6 -4 -5  2 -2 -2 -5 -5   22   0   0   0   0   2   0  58   0   0   0   0   0   1   0  13   3   1   0   0  1.35 0.68
  448 L    2 -3 -4 -4 -3 -3 -2 -1 -4  2  2 -3  0  1 -3 -1  0  3  0  2   22   1   0   1   0   1   2   5   0  12  23   0   2   5   0   3   5   4   3  12  0.32 0.27
  449 I   -1 -6 -6 -6 -3 -5 -6 -5 -6  6  1 -6  2  0 -6 -3  0 -6 -4  3    6   0   0   0   0   0   0   1   0  46  11   0   4   4   0   1   5   0   0  22  1.04 0.54
  450 T    1 -2 -1 -3 -3  0 -1 -2 -2  2 -1 -2 -2 -1 -4  1  3 -3 -1  1   13   1   3   1   0   4   3   3   1  14   5   1   0   2   0  11  23   0   2  12  0.27 0.27
  451 D    0 -2  1  4 -4  3  0 -1  0 -3 -1 -2 -2 -1 -4  0  1  3  0 -2    9   1   7  22   0  14   4   3   3   0   6   2   1   3   0   7   8   4   4   3  0.29 0.27
  452 K    2  0 -1 -1 -3 -2 -3 -2 -1  1  2 -1  1  0 -3  0  0  2 -1  1   18   6   3   3   0   1   0   2   2   9  21   3   4   5   0   6   4   3   2   9  0.14 0.17
  453 T   -1 -4 -2 -4 -5 -4 -5 -2 -3 -3 -2 -5 -1  3 -3  2  6  0 -1 -2    5   0   1   0   0   0   0   2   0   1   4   0   1  13   1  13  50   1   2   2  0.98 0.62
  454 H   -2 -3  1  0 -5  0 -1  6  3 -5 -5 -2 -4 -4 -4 -1 -4 -5 -4 -5    3   1   5   6   0   4   3  59   7   1   1   2   1   1   1   4   1   0   0   0  1.13 0.56
  455 N   -2 -1  5  2 -5  0 -1 -1 -1 -5 -5 -1 -3 -4 -3  4  0 -6 -4 -4    2   2  28  13   0   3   4   3   1   0   1   3   0   1   1  31   4   0   0   1  0.77 0.49
  456 I   -1 -2  1 -1 -4  3 -1 -3  1  1  0 -2  3 -1  1  0  0 -3  3 -1    4   1   7   3   0  17   2   1   4  10   8   1   9   2   6   6   7   0  10   3  0.23 0.26
  457 R   -4  8  1 -4 -5  0 -3 -6 -1 -5 -6  0 -6 -7 -5 -1 -3  3 -3 -6    1  69   6   1   0   4   1   0   1   1   0   4   0   0   1   4   2   4   1   0  1.72 0.83
  458 Y    1 -2  0 -3 -4 -2 -3 -2 -1  1  1 -2  2  1  0 -1 -1  4  4  0   12   1   5   1   0   2   0   3   2   9  13   2   6   6   5   3   4   6  15   6  0.23 0.22
  459 A    4 -6 -4 -5 -2 -5 -5  5 -6 -5 -6 -5 -4 -7  1  2 -3 -7 -6 -4   36   0   0   0   1   0   0  37   0   0   0   0   0   0   8  15   1   0   0   1  1.15 0.65
  460 F   -2 -6 -6 -5 -3 -6 -6 -6 -5  4  1 -6  4  6 -6 -5 -3  1  0  2    3   0   0   0   0   0   0   0   0  26  12   0  11  29   0   0   1   2   3  13  1.05 0.53
  461 Y    1 -5 -5 -5 -2 -4 -4 -1 -5  1  3 -4 -1  2 -1 -1 -2  5  1  1   12   0   0   0   0   0   0   5   0   8  35   0   1   7   4   5   2   8   4   8  0.49 0.34
  462 L    0 -4 -3 -4 -1 -4 -4 -1 -4 -2 -1 -4 -1  5  1  3  0  0  0  1    9   0   0   0   1   0   0   4   0   2   5   0   1  25   6  27   5   1   3  10  0.54 0.42
  463 L   -3 -5 -2 -6  0 -4 -6 -6 -6  3  5 -5  1 -2 -2 -4 -1 -5 -4  3    2   0   2   0   2   0   0   0   0  19  49   0   2   1   2   1   4   0   0  16  0.91 0.50
  464 F    1 -5 -5 -5 -2 -4 -4 -1 -5  2  3 -4  1  3 -4 -1 -1 -3 -3  2   15   0   0   0   1   0   0   6   0  12  29   0   3  11   0   5   4   0   0  14  0.44 0.32
  465 L    2 -5 -4 -5 -1 -4 -5  0 -5  3  2 -4 -1  2 -1 -2 -2 -5 -3  3   17   0   0   0   1   0   0   9   0  15  19   0   1   7   4   2   2   0   0  24  0.46 0.34
  466 F   -3 -6 -6 -7 -3 -3 -6 -6 -4 -1  4 -6  4  6 -4 -3 -2 -2  0  0    1   0   0   0   1   1   0   0   0   3  35   0   9  37   1   2   2   0   2   5  1.16 0.59
  467 L   -4 -6 -6 -7  0 -5 -6 -2 -4  2  2 -6  3  7 -7 -2 -2  0 -1 -1    1   0   0   0   2   0   0   4   0  10  17   0   6  49   0   3   2   1   1   3  1.22 0.60
  468 V    1 -5 -5 -5 -2 -5 -5 -2 -5  3  2 -5  1  1 -5 -2 -1 -1 -3  4   13   0   0   0   0   0   0   4   0  20  22   0   2   5   0   2   4   1   0  26  0.58 0.37
  469 V    2 -5 -5 -5 -2 -5 -5 -1 -5  4  2 -5 -1 -1 -4 -2 -1 -4 -3  3   17   0   0   0   0   0   0   5   0  24  23   0   1   2   0   2   3   0   0  22  0.61 0.39
  470 S    1 -6 -4 -5 -4 -5 -6  6 -6 -7 -6 -5 -4 -6  2  1 -4 -7 -7 -6    9   0   0   0   0   0   0  66   0   0   0   0   0   0  10  12   0   0   0   0  1.57 0.75
  471 L    1 -4 -4 -5  0 -4 -4  0 -4  2  3 -4  2  2 -4 -2  0  1 -1  0   13   0   0   0   2   0   0  10   0  11  31   0   6  10   0   1   6   2   2   6  0.40 0.30
  472 P    1 -4 -5 -5 -1 -4 -5 -1 -4  3  2 -4  0  2  1 -3 -2  3 -1  3   12   0   0   0   1   0   0   5   0  20  18   0   1   9   8   1   1   4   2  18  0.46 0.32
  473 V   -2 -5 -5 -6 -1 -5 -6 -3 -5  4  4 -5  2  3 -5 -4 -3 -1 -2  2    4   0   0   0   1   0   0   2   0  21  42   0   4  12   0   1   1   1   0  11  0.82 0.45
  474 F   -4 -6 -5 -7 -4 -5 -6 -6 -4  2  5 -6  4  3 -6 -5 -3  0 -1 -1    1   0   1   0   0   0   0   0   0   9  62   0   8  11   0   0   1   1   1   3  1.21 0.60
  475 H    0  1 -2 -4  1  0 -3 -2 -2  0  2 -2  0  3 -3  0  0  6  2 -1    7  10   1   0   3   4   0   3   1   4  18   1   3  11   1   7   5  11   6   4  0.28 0.24
  476 G   -2  3 -3 -4 -2 -2 -3 -1 -1 -3  0  1  2  5 -1 -1  1  4  0 -3    2  20   0   0   1   1   0   6   1   0   7   8   5  23   3   6   8   5   2   0  0.46 0.36
  477 L   -4 -6 -7 -7 -2 -6 -7 -7 -7  2  1 -5 -2 -2 -6 -4 -2 -7 -5  7    1   0   0   0   1   0   0   0   0  10  10   0   0   2   0   1   3   0   0  73  1.63 0.76
  478 D   -4  2  4  6 -5 -3 -1 -4 -2 -6 -6  2 -4 -7  1 -2 -3 -7 -5 -6    1  10  17  46   0   0   2   0   1   0   0  12   0   0   7   2   1   0   0   0  1.16 0.60
  479 V   -1 -3 -3  0 -4 -2  3 -3 -1  1  0 -2  2 -2  0 -2 -1 -4 -2  4    4   1   1   4   0   1  22   1   1   8   8   1   6   2   5   1   4   0   1  29  0.37 0.32
  480 E   -1  1  0  3 -5  1  4 -2 -2 -4 -4  2 -4 -5  1 -1  0 -5 -4 -2    5   8   4  15   0   5  27   3   1   1   1  13   0   0   8   3   5   0   0   2  0.48 0.33
  481 R    0  5 -3 -3 -6  2  2 -4 -1 -5 -5  5 -5 -5 -2 -2 -3 -6 -4 -4    7  28   1   1   0   7  10   0   1   1   0  39   0   0   1   1   1   0   0   1  1.03 0.56
  482 G    2 -4 -3 -4 -4 -4 -4  6 -5 -4 -5 -3 -5 -6 -3  1 -3 -6 -6 -5   20   1   1   1   0   0   1  61   0   1   1   1   0   0   1  11   1   0   0   0  1.30 0.62
  483 K   -1  5 -3 -3 -5  0  1 -4 -1  2 -3  3  1 -4 -3 -1 -2 -5 -4 -1    5  32   0   1   0   4   7   1   1  14   1  20   5   0   1   3   1   0   0   3  0.59 0.39
  484 R    1  3 -1  0 -4  1  2 -3  0 -1 -1  2  0 -4 -2 -1 -1 -5 -3  0   14  21   2   6   0   6  12   1   2   5   5  13   2   0   1   3   2   0   0   6  0.28 0.24
  485 E    1  0 -2  4 -5  3  4 -4 -2 -4 -4 -1 -2 -4 -4 -1 -2 -6 -5 -2   12   4   1  24   0  12  33   0   0   1   2   2   1   0   0   3   1   0   0   2  0.75 0.45
  486 A    6 -3 -3 -5  5  0 -4  1 -5 -3 -4 -3 -3 -5 -4 -1 -3 -6 -5  0   63   1   1   0  10   4   0   8   0   1   1   1   0   0   0   2   0   0   0   6  1.10 0.58
  487 R    0  3 -2  0 -4  1  2  0 -1 -2 -1  2 -1 -3 -3 -1 -2 -4 -2 -1   10  22   1   4   0   6  18   6   1   3   6  14   1   0   0   2   1   0   1   3  0.32 0.24
  488 Q    1  3  1  0 -4  2  3 -3  0 -2 -3  2 -2 -4 -3 -1 -1 -5 -2 -3   11  17   6   5   0   8  23   1   2   2   2  14   1   0   0   3   3   0   1   1  0.42 0.28
  489 L   -1 -4 -4 -4 -2 -4 -4 -4 -1 -2  1 -2  1  6 -5 -4 -3  5  5 -1    5   0   1   1   1   0   1   1   2   1  14   3   4  35   0   1   1   7  21   4  0.92 0.42
  490 S    4 -2 -2 -1 -3 -1  3 -1 -3 -3 -4 -1 -3 -4 -3  3  1 -5 -4 -1   35   1   0   3   0   1  19   3   0   0   0   2   0   0   0  25   7   0   0   5  0.54 0.32
  491 T    2  0 -2 -2 -3  1  3 -2 -2 -1 -3  3 -2 -4 -2  1  0 -4 -3 -2   26   2   0   0   0   7  22   1   0   5   0  21   0   0   0   8   6   0   0   2  0.38 0.23
  492 M   -2 -3 -4 -5 -2 -3 -4 -5 -4  3  3 -3  3 -1 -4 -3 -2 -3 -2  3    0   0   0   0   0   0   0   0   0  22  39   0  11   0   0   0   0   0   0  28  0.63 0.20

                      K         Lambda
Standard Ungapped    0.1421     0.3271
Standard Gapped      0.0410     0.2670
PSI Ungapped         0.1657     0.3176
PSI Gapped           0.0507     0.2670
