
Last position-specific scoring matrix computed, weighted observed percentages rounded down, information per position, and relative weight of gapless real matches to pseudocounts
           A  R  N  D  C  Q  E  G  H  I  L  K  M  F  P  S  T  W  Y  V   A   R   N   D   C   Q   E   G   H   I   L   K   M   F   P   S   T   W   Y   V
    1 M   -5 -5 -6 -7 -5 -4 -6 -6 -5 -1 -1 -5 10 -4 -6 -5 -4 -5 -5 -1    0   0   0   0   0   0   0   0   0   2   2   0  93   0   0   0   0   0   0   2  2.97 0.91
    2 E   -1 -3  3  1 -4  0  3 -1 -3 -4 -3 -2 -4 -5 -1  3  3 -5 -4 -4    3   0  13   7   0   3  25   3   0   0   2   0   0   0   2  24  19   0   0   0  0.58 0.35
    3 T    0 -1  1 -1 -3 -2  0 -1  2 -2 -3  0 -1 -3 -2  3  3 -4 -3  0    6   2   7   1   0   0   5   3   6   1   2   7   1   1   1  26  24   0   0   7  0.35 0.28
    4 Q   -1 -1 -1  2 -4  4  2 -1 -3 -2 -3  0 -2 -5  3  1  0 -5 -4 -2    5   3   2  10   0  20  13   3   0   3   1   3   1   0  17  11   6   0   0   2  0.43 0.29
    5 A    4 -2 -1 -1 -2  0  0 -2 -4 -2 -3 -2  4 -4 -2  2  0 -5 -3 -2   40   2   3   3   1   4   5   2   0   1   2   1  14   0   2  14   6   0   1   1  0.56 0.39
    6 T    0 -2  2  2 -3 -1  2 -3  1 -2 -2 -1 -2 -2  0  2  2 -1 -1  0    7   1   9  11   0   1  14   0   3   1   4   2   1   2   4  16  15   1   1   6  0.23 0.22
    7 L    0 -4 -2  4 -4 -2 -1 -1 -2  0  1 -2  4 -3  0 -1  1 -1 -1 -1    6   0   1  29   0   1   2   5   1   5  12   2  13   0   4   5   7   1   2   5  0.39 0.31
    8 N    0  1  2  3 -4  0  2 -1 -3 -2 -3  1 -2 -4 -1  2  0 -5 -2 -3    7   9  12  15   0   4  13   3   0   2   2   6   1   1   2  14   7   0   1   0  0.31 0.25
    9 S    0 -1  1  3 -5  1  5 -5 -2 -3 -2 -2 -4 -6 -1  0  0 -6 -5 -3    9   2   5  16   0   5  37   0   1   2   4   1   0   0   3   8   6   0   0   1  0.67 0.44
   10 I   -1 -6 -6 -7 -1 -5 -6 -7 -6  6  1 -6 -1  2 -6 -4 -3 -6 -4  4    6   0   0   0   1   1   0   0   0  41  10   0   1   7   0   1   1   0   0  31  1.20 0.58
   11 Q    0  5 -1 -4  0  3 -2 -4 -1 -2  1  1 -1 -4 -2 -1  0 -5 -4 -2    6  32   2   0   2  14   2   1   1   2  13   7   1   1   2   4   6   0   0   2  0.54 0.39
   12 K   -3  5 -1 -1 -6  2  1 -4  0 -5 -3  4 -5 -6 -4  0 -1 -6 -3 -5    2  36   2   4   0   8   9   1   2   1   2  21   0   0   1   7   3   0   1   0  0.89 0.52
   13 A    1  1 -1 -1 -2  1  2 -3  0 -1  1  2 -1 -2 -4 -1 -1 -2  0 -2   10   9   3   3   1   7  13   1   2   2  19  15   1   1   0   5   3   0   4   1  0.20 0.22
   14 V   -2 -6 -2 -6 -1 -3 -6 -6 -4  5  2 -6 -1 -3 -6 -3 -1 -6 -5  5    3   0   3   0   1   1   0   0   1  28  19   0   1   1   0   1   4   0   0  38  1.01 0.53
   15 W   -7 -4 -2 -8 -3 -7 -5 -8 -1 -4 -7 -5 -7  1 -8 -5 -7 12 -1 -6    0   1   2   0   1   0   1   0   1   1   0   1   0   5   0   1   0  82   1   1  4.11 1.46
   16 D   -1  1  4  3 -2  1  4 -1  1 -4 -5 -1 -2 -2 -4  0 -3 -5 -3 -4    5   6  17  18   1   5  24   5   3   1   1   3   1   2   0   6   1   0   1   1  0.58 0.38
   17 G    0 -4 -3 -5 -6 -1 -5  6 -6 -5 -4 -5 -1 -7 -6  2 -2 -6 -6 -6    8   1   1   0   0   2   0  68   0   1   2   0   2   0   0  13   2   0   0   0  1.58 0.75
   18 R    1  3 -1 -3 -1  1 -1 -2  0 -4 -3  3 -2 -3 -4  2  2 -5 -3 -2   12  14   3   0   1   7   3   3   2   1   3  16   1   1   0  19  11   0   0   2  0.38 0.33
   19 L   -5 -7 -7 -7 -5 -6 -7 -7 -7  6  3 -7 -3 -1 -7 -6 -5 -6 -5  4    0   0   0   0   0   0   0   0   0  48  23   0   0   2   0   0   0   0   0  25  1.59 0.71
   20 P   -2 -6  3 -6 -3 -6 -4 -5 -3 -5 -1 -4 -3 -5  8 -2 -4 -8 -5 -4    3   0  12   0   1   0   1   1   1   1   6   1   1   1  67   3   1   0   0   1  2.00 0.97
   21 L   -1 -6 -7 -7  1 -6 -6 -4 -7  4  3 -6 -1 -3 -6 -4 -2 -6 -5  5    5   0   0   0   3   0   0   1   0  23  27   0   1   1   0   1   3   0   0  34  1.08 0.56
   22 Q   -1  2 -4 -4  5  4  3 -5  1 -1 -2  2 -3 -4 -5 -1 -3 -6 -3 -1    4  11   0   0  13  18  18   0   3   3   4  12   0   1   0   4   1   0   1   4  0.64 0.44
   23 I   -6 -7 -7 -8 -2 -7 -7 -8 -7  6  0 -7 -4  6 -7 -7 -3 -5 -2  3    0   0   0   0   1   0   0   0   0  39   9   0   0  30   0   0   1   0   1  18  1.57 0.74
   24 R   -1  1  0 -2  0  0  0 -3  3  0 -2 -1 -2 -3 -4  2  3 -2 -3  1    3   9   3   1   2   5   5   1   7   5   4   4   1   1   0  15  21   1   0  13  0.31 0.30
   25 L   -3 -5 -6 -6 -5 -5 -6 -5 -1  2  5 -6  1  0 -5 -5 -3  0  0  1    2   1   0   0   0   0   0   1   2  11  62   0   3   3   1   0   1   1   3   8  1.18 0.60
   26 A    3 -3  0  4  0 -1  0 -2  4 -3 -4 -2 -3 -4 -3  2 -3 -5 -2 -3   22   1   5  27   2   3   4   3   9   1   2   2   1   1   1  13   1   0   1   2  0.57 0.40
   27 P    0  0 -1  2 -5  2  1 -2 -2 -3 -3  1 -4 -4  4  1 -2 -5 -3 -4    6   4   3  13   0   8  11   3   1   1   2   7   0   1  23  13   2   0   1   1  0.51 0.37
   28 S    0  0  1  3 -2  1  2 -1 -1 -3 -3  0 -3 -4 -2  3  1 -4 -2 -2    8   5   5  15   1   5  11   5   1   1   3   5   0   1   2  21   8   0   2   2  0.29 0.26
   29 E   -3 -4 -2  5 -5 -1  5 -3 -2 -3 -1 -2 -3 -3 -2 -1 -2 -5 -5 -4    2   1   2  27   0   2  42   2   1   2   8   2   1   1   2   5   2   0   0   1  0.99 0.57
   30 S    0 -2 -1 -1  3 -3 -2 -3 -2  2  1 -2  1  0 -2  0  0 -3 -2  3    9   2   2   4   7   0   1   1   1  11  13   2   3   5   2   9   4   0   1  22  0.22 0.18
   31 R    0  1  1  0 -1  0  0  0  1  0 -1 -1 -1 -2  1  1  2 -3 -1 -1    9   9   6   6   1   3   4   8   3   5   6   3   1   1   6   9  13   0   2   4  0.08 0.09
   32 I    1 -2  0 -1  0  0 -1 -2 -1  1 -2 -2 -1 -1 -2  2  2 -1 -2  0   12   1   4   3   2   4   4   3   2   9   3   2   1   2   2  19  16   1   1   7  0.20 0.22
   33 Y   -1 -1  0  0 -2  1  0  0  0  0  1 -1  1  0  1  0 -1 -1  0  0    5   2   6   6   1   7   4   8   3   6  18   3   4   4   6   6   3   1   4   5  0.03 0.06
   34 D    0  1  0  2  0  1  1  0  0 -2 -2  1 -2 -3  1  0  0 -4 -2 -2    7   7   4  11   2   8  10   7   3   2   4   7   1   1   7   8   7   0   1   3  0.14 0.13
   35 Q    0 -1  0  1 -3  1  1 -1  1 -1 -2  1 -1 -3  2  1  0 -1 -2 -1    9   3   3   7   0   8  11   5   4   4   2   8   1   1  11  13   4   1   1   4  0.17 0.16
   36 T   -1  0 -2 -1  0 -1 -1 -3 -4  0 -2 -1 -2 -2  6  0  1 -1 -3  0    5   5   2   3   2   2   3   1   0   5   4   4   1   2  39   7   8   1   1   6  0.69 0.41
   37 D   -1  1 -1  2 -2 -1  2 -3  1 -2 -2  1 -1 -1  3  0  0 -4 -3 -2    5   7   2  12   1   2  16   1   3   2   5   8   1   4  17   7   5   0   0   3  0.31 0.24
   38 P   -1 -2 -2 -1  0 -1  0 -3  1 -2 -4 -1 -2 -2  6  1 -1 -5 -1 -3    5   2   1   3   2   2   6   1   3   2   1   3   1   2  48  10   3   0   3   2  0.99 0.50
   39 Y   -2 -3 -3 -5  1 -3 -4 -4  0  0  2 -4 -1  4 -5 -3 -1  0  6  0    3   1   1   0   4   1   0   1   2   4  20   0   1  19   0   1   3   1  30   6  0.75 0.42
   40 L   -3 -3 -1 -5  1 -2 -4 -5  2 -1  1 -3  0  3 -5 -2 -2  1  7  0    1   1   3   0   3   2   0   0   6   3  14   1   3  10   0   2   1   1  41   6  0.89 0.47
   41 I   -1 -1 -4 -4  3 -2 -4 -3 -1  3  2 -3  2  1 -4 -2  1 -3  1  2    6   3   0   0   6   1   0   1   2  20  21   1   5   5   0   2   8   0   4  15  0.32 0.23
   42 S   -1  0  2 -2  1  0 -1 -3  1  0  2 -1  4  0 -2  1  0 -3 -1  0    3   4  10   1   3   5   3   0   4   4  18   2  16   5   1  10   6   0   2   4  0.18 0.21
   43 Y    1 -3 -3 -3  0 -2 -3 -2 -1  2  2 -3  0  0 -1  0 -1 -3 -1  3   16   0   0   0   2   1   0   3   2   9  21   0   2   4   3   6   3   0   2  26  0.26 0.21
   44 P   -2  0  0 -2 -4 -1 -3 -4  2 -4 -2  0 -1 -2  7 -1 -2  0  1 -4    2   6   5   2   0   2   0   1   5   0   3   6   1   2  50   4   2   1   5   0  1.06 0.47
   45 R   -4  7  0 -4 -5 -2 -3 -2 -3 -5 -2 -2  0 -1  0 -1 -4 -4  0 -4    1  65   4   0   0   0   0   3   0   0   3   0   3   3   5   5   0   0   4   0  1.32 0.57
   46 I   -1 -1  2  0  0  1  0 -1  0  0  0 -2  1 -1 -3 -1  1  1  0  1    3   3  15   5   3   7   4   4   3   7   8   0   4   2   0   3  11   3   4  10  0.08 0.13
   47 S    1 -1  0 -1  1 -1  0  1  0 -1 -1 -1  0 -4 -3  4  1 -4 -3 -3   10   3   4   2   3   2   4   9   3   3   5   2   3   0   0  33  10   0   0   0  0.30 0.27
   48 Y   -2 -4 -5 -5  1 -4 -5 -5 -2 -4  0 -4 -3  2  1 -2 -1  3  8 -1    4   0   0   0   3   0   0   0   0   0   8   0   0   8   6   4   4   4  54   4  1.35 0.63
   49 L   -3 -5 -6 -6 -4 -5 -5 -6 -5  1  5 -5  0  4 -1 -5 -3  0 -3  0    2   0   0   0   0   0   0   0   0   6  61   0   1  16   4   0   2   1   0   5  1.09 0.56
   50 P    0 -4 -3 -4  0 -3 -2  0  2 -2 -3 -4  2 -2  6  0  0 -5  1  0    6   0   1   0   2   1   2   6   5   2   2   0   6   2  42   6   5   0   4   7  0.84 0.47
   51 S    0 -3 -1 -2  2 -1 -3 -4 -1  0  3 -3  1  2 -4  0 -1 -3 -1  0    8   1   3   2   4   3   1   0   2   5  38   1   3   9   0   9   4   0   2   5  0.30 0.25
   52 L    0 -2 -4 -3  1 -2 -3 -3  0  2  2 -3 -1  0 -4 -2 -2  0  4  2    8   2   0   2   3   2   1   2   2  11  25   1   0   2   0   2   2   1  15  19  0.36 0.27
   53 L    0 -1 -1 -4  0 -1 -3 -2  1  1  2 -2  1  1 -3 -1  1  1  1  1    7   2   3   0   2   2   0   2   4   9  27   2   3   6   0   3  11   2   6   8  0.19 0.20
   54 P    0 -1  0  2 -4  0  2 -1  0 -2 -2  0 -1 -4  4  1  0 -4 -4 -3    8   3   4  11   0   4  13   3   3   2   4   6   2   0  20  10   4   0   0   0  0.32 0.28
   55 R    0  0  0  0 -3  0  0  0  2  0 -1  0 -1  0  0  0  0  3  1  0    6   6   5   6   0   5   6   6   5   6   6   6   0   5   6   6   6   5   5   6  0.06 0.08
   56 L    0 -7 -7 -7  3 -7 -1 -7 -7  4  2 -1  2  1  0 -6 -6 -7 -6  3    9   0   0   0   6   0   5   0   0  18  21   5   5   5   5   0   0   0   0  19  0.78 0.33
   57 R   -2  2 -1 -2  1  0 -2 -2  2  0  2  1  0 -1 -2 -1 -2  2  0  1    4  13   3   3   3   3   3   3   4   5  18   8   3   3   3   4   3   3   3  10  0.17 0.10
   58 A    1  3  1  1 -3  1  2 -4  0 -4 -4  3 -3 -5  0  1 -1 -6 -5 -2   13  13   7   6   0   7  11   1   2   1   2  17   1   0   5   9   3   0   0   2  0.39 0.33
   59 F   -2 -1 -1 -3 -4  1 -3 -4  7 -3 -2 -3 -2  5 -7 -3 -3 -1  5 -3    4   3   3   1   0   6   1   1  25   1   4   2   1  19   0   2   2   1  19   2  1.12 0.63
   60 F   -7 -4 -8 -8 -7 -8 -8 -8 -3 -2  2 -8 -1  8 -8 -6 -5  1  1 -2    0   1   0   0   0   0   0   0   1   2  18   0   1  64   0   1   1   2   5   3  2.22 1.01
   61 A    0  1 -1 -3 -1  2  0  0  0 -1 -1  2  0 -2 -3  2 -1 -2 -3  0    8   6   3   1   1  11   4   6   3   4   7  12   2   1   1  19   4   0   1   7  0.18 0.22
   62 S   -1  2  1  2 -2  0  1 -1  1 -2 -3  1 -4 -5  2  2 -1 -5 -3 -3    5  10   7  12   1   4   8   4   4   3   2   9   0   0  11  13   4   0   1   1  0.30 0.28
   63 S    0 -1 -1 -2  1  0 -3 -2  2 -1  0 -2  0  3 -1  1  0 -1  4  0    6   4   3   2   3   4   1   3   5   3   9   2   2  14   4  10   5   1  13   7  0.21 0.20
   64 L    0 -3 -3 -2  0 -3 -2 -2 -3  2  3 -2  2 -1 -3 -1 -1 -4 -1  2    9   1   1   3   2   1   2   4   1  13  28   2   5   2   1   4   3   0   2  16  0.32 0.25
   65 I    0  0 -1  0 -2 -1 -1 -2 -3  1  1  0 -1  0  3  0  0 -3 -3  0    6   5   3   5   1   3   4   3   0  10  14   6   1   4  14   7   6   0   0   7  0.14 0.13
   66 D    0 -1  1  3 -2  0  1 -1  1 -2 -3 -1 -4 -3  3  1 -1 -1 -2 -1    6   3   8  18   1   4   9   4   3   2   3   4   0   1  14   9   3   1   2   5  0.29 0.25
   67 P    0 -1  1  1 -4  0  2 -1 -1 -1 -1 -1  0  1  4  0  0 -4 -2 -2    7   3   6   7   0   4  12   4   2   3   6   3   2   6  20   7   4   0   1   3  0.24 0.22
   68 S    0 -1  1  2  0 -1  1  0  1 -1 -2  0 -1 -1  0  1  0 -3 -1 -1    6   2   7  13   2   2  10   8   4   4   4   6   2   3   4  10   5   0   3   6  0.09 0.10
   69 S    1 -1  0  0 -1  1  0  0 -1  0  0  0  0 -1  0  1  0  0 -1 -1   13   3   4   5   1   6   7   7   2   6   8   5   2   3   4  11   6   1   1   4  0.05 0.07
   70 N    0  0  2  2 -1  2  0  0  0 -2 -2  1 -1 -2  0  1 -1 -4 -2 -1    6   6   9  13   1   9   6   6   2   3   4   8   1   1   5  11   3   0   1   3  0.15 0.16
   71 A    0 -1 -1  1 -3  0  1 -1 -1  0 -1  0  0  0  2  0  0  0  0  0    9   3   3   9   0   4  10   4   2   5   6   4   3   6  10   7   7   1   4   6  0.07 0.09
   72 H    0  0  0  1  1  0  1  0  2 -2 -2  0 -1 -1  1  0  0  1  0 -2    6   5   4  10   3   5   8   8   7   2   4   4   2   3   6   7   6   2   4   2  0.09 0.10
   73 D   -1  0  2  2 -3  1  2 -1  1 -1 -1  0  0 -1  0  0  1 -3  0 -1    5   4  10  12   0   6  12   4   3   4   4   4   3   3   4   7   8   0   3   4  0.12 0.13
   74 G    0 -2  0 -2  2 -2 -2  0 -2  0  0  0  1  1  1  0  0  4  1  0    7   0   7   0   6   0   0   7   0   7   7   7   6   6   7   7   7   6   6   7  0.11 0.14
   75 W   -3  0 -3 -3  1  0 -1 -3  1 -1 -1 -3 -2  1 -4 -1  0  9  2 -3    1   6   0   0   4   4   4   1   4   4   7   1   0   7   0   5   6  40   4   1  1.06 0.35
   76 F   -1 -2 -3 -3  3 -2 -3 -3 -2  1  1 -2  2  2 -3 -2  1  5  2  1    1   1   0   1  10   0   1   1   0  11  11   1  10  10   1   1  11  10  10  11  0.29 0.13
   77 S   -2 -1 -3  3 -5  1  5 -2  1 -5 -3 -1 -4 -5 -4  2  0 -5 -5 -3    3   2   0  14   0   6  44   2   3   0   2   3   0   0   0  13   5   0   0   2  0.86 0.56
   78 F   -2 -3 -2 -1  4 -4 -1 -5  3 -2 -2 -4  0  4 -5  0  0  2  5  0    4   1   2   4   8   0   4   0   8   2   3   0   3  16   0   8   5   2  24   6  0.62 0.42
   79 E   -1 -1  3  2 -1  0  4  0  1 -3 -3  0 -1 -5 -2 -1 -1 -5 -2 -4    4   3  17  12   2   3  27   8   4   2   2   6   2   0   2   4   3   0   2   0  0.46 0.37
   80 G   -1 -1  1  1  0  0  1  4  0 -4 -3  0 -1 -2 -2  0 -1 -5 -4 -2    3   3   6   9   2   3  10  34   3   0   3   5   2   2   2   6   3   0   0   2  0.41 0.33
   81 V   -1  0  0  0  0  1  0 -1  1  0 -1  1  0  0  0  0  0 -3  0  1    3   4   3   5   3   8   6   3   5   7   5   8   3   4   5   5   7   0   3  12  0.05 0.09
   82 P    0 -4 -1  0  1 -1 -1 -2  0  0 -1 -1  1  0  5 -1 -1 -5  0  0    8   0   3   5   3   3   4   3   3   5   5   4   3   4  30   3   3   0   3   7  0.44 0.35
   83 L   -1  1 -2 -2  3  1  1 -2 -2  0  0  1  2 -2  1  0  1 -3 -2  0    1   8   0   0   8   8   8   1   0   8   8   8   8   0   8   8   8   0   0   8  0.12 0.12
   84 K   -1  3  0 -1 -4  0 -1 -2  0 -3 -1  4  0 -3  0  1 -1 -4 -1 -1    5  18   3   3   0   3   2   2   2   0   5  29   2   0   5  10   3   0   2   5  0.32 0.26
   85 W    0 -2  0 -2 -2  0 -2  0 -2  0  0  0  1  1  1  0  0  4  1  0    7   0   7   0   0   7   0   7   0   7   7   7   6   6   7   7   7   6   6   7  0.10 0.13
   86 H    0  0  1  0  2  1  0  0  2 -2 -1  0 -2  1 -2  0  0  3  1 -2    6   6   6   6   6   6   6   6   6   0   6   6   0   6   0   6   6   6   6   0  0.08 0.15
   87 L   -1  0 -1  0 -3  0 -2 -1  0  2  1  0  1  0 -1 -1 -1  4  2  0    3   4   3   6   0   4   0   4   3  13  13   6   5   4   3   3   4   7  10   5  0.14 0.17
   88 P   -1  0 -2 -2 -3  0 -1 -1 -2 -3 -1  0 -2  1  5  0  1  2  0 -2    5   5   0   0   0   3   4   4   0   0   8   6   0   6  37   5   9   3   3   0  0.56 0.24
   89 I    0 -2  0 -2  2 -2 -2 -2 -2  2  1  0  1  1 -2  0  1 -2 -1  1    8   0   7   0   5   0   0   1   0  15  14   6   5   8   0   8   9   0   0  12  0.10 0.11
   90 G    0 -2  2  0  2 -2 -1  4 -2 -3 -2 -1 -3 -1  0 -1  0 -3 -3 -3    4   0  15   4   5   0   4  43   0   0   4   4   0   3   4   1   8   0   0   1  0.46 0.24
   91 L    0 -2  0 -3  1 -1 -1 -2 -3  1  2 -1 -1  0 -3 -1 -1  1  0  3    5   0   6   0   3   3   3   3   0   3  24   4   0   4   0   6   2   2   3  28  0.16 0.18
   92 L   -1  0  1 -1 -2  0 -2 -1 -1  1  3 -2  0  1 -3  0 -1  1 -2  0    2   5   8   3   0   5   2   4   2   9  39   1   1   5   0   6   2   2   0   3  0.18 0.18
   93 Y   -1  1 -1  1  0 -2  0 -1  1 -1  0 -1 -1  3 -3 -1  0  2  4 -1    3   8   2   8   3   0   5   4   3   2   7   4   1  16   0   3   6   3  18   3  0.23 0.19
   94 D   -2 -3  0  7 -6 -4  0 -2  2 -5 -3 -2 -1 -5 -5 -4 -1 -6 -5 -2    3   1   4  60   0   0   5   3   5   0   3   2   2   0   0   0   3   0   0   3  1.28 0.65
   95 L    0  0 -2 -3 -1 -2  0 -4  0  1  3 -2  2  0 -3  0 -1 -3 -1  0    8   5   2   0   1   1   7   0   3  10  31   1   7   4   0   8   3   0   2   6  0.23 0.21
   96 Y   -2  0  0 -2  2  0 -2 -3  3  1  2 -2  1  1 -3 -1 -1 -1  3  0    2   5   6   2   5   4   1   1   9   7  19   1   3   6   0   5   4   1  12   6  0.21 0.19
   97 A    0  0  0  0  2  0  0 -1  1 -1 -1  0 -1 -1  1  0  1  2 -1 -1   10   6   4   4   6   3   5   3   5   3   7   5   1   2   6   5  11   4   1   5  0.05 0.09
   98 G    0 -1  1  0 -2  0 -1  1 -1 -1 -1  0 -1 -2  1  1  0  4 -1 -1    6   2   8   4   1   5   4  14   2   4   7   5   1   1   6  10   6   7   2   5  0.11 0.10
   99 A    0  0  0  0  0  0  0  0  0  1  0  0  0 -1  1  0  0  2  0  0    6   6   4   5   2   3   7   6   3  11   7   4   2   1   8   8   5   3   4   5  0.04 0.04
  100 D    1  1  1  2  0  0  0  0  0 -1 -1  0 -1 -2  1  1 -1 -3 -1 -1   11   7   8  11   2   4   7   6   2   4   5   5   2   1   7  10   2   0   1   5  0.09 0.07
  101 P    0  0 -1  1  1  0  1 -1 -2 -1  0  0 -2 -2  4  0 -1 -3 -2 -2    6   4   3   7   3   4  10   4   1   4   8   7   1   2  23   6   3   0   2   3  0.30 0.19
  102 A    1  0  0  0  1  0  0 -1 -4 -1 -1  1  1  0  0  2  0  2  0 -1   10   5   4   5   3   4   5   6   0   3   5   8   3   3   5  13   6   3   3   4  0.08 0.10
  103 S   -1  0  1 -1  3  1 -1 -1  2 -1 -1  0  0  0  0  1  0  2  2 -1    4   5   6   4   5   6   5   4   5   4   6   5   3   5   4   9   7   3   7   4  0.09 0.09
  104 K   -1  2  0 -1 -4  0  0 -1  3 -3 -1  1  1 -1  1  1  0  2  0 -1    6  10   5   4   0   4   6   5   9   1   5   7   3   3   8   9   5   3   3   5  0.14 0.15
  105 G    1 -1  2  0 -2  0  0  1  1 -2 -2 -1 -2 -1  1  2  0  0  0 -2   10   4   9   5   1   3   6  13   3   3   3   4   1   3   6  14   5   1   3   3  0.13 0.14
  106 T    0  0  1  1  0  0  0 -1  1 -2  0 -1  0 -1  1  1  1 -4 -1 -1    8   6   8  10   2   5   4   5   3   2   9   3   2   2   6  12   7   0   2   4  0.08 0.10
  107 A    0  0  0  0 -3  1  0  0  0  0  1 -1  0  0  1  1  1 -3 -1  0    8   4   5   5   0   6   4   6   2   5  13   3   2   4   6  11   8   0   1   5  0.04 0.07
  108 E   -1  0 -1  1 -1  0  0  0  2 -2 -1  0 -1 -2  0  1  1  0  0 -1    5   6   3   9   1   5   5   8   5   3   6   6   2   2   5  13  10   1   3   3  0.09 0.11
  109 S    0  0  1 -1  1  0 -1 -1  2 -1 -1 -1  1 -1  1  2  1 -5  1 -1    7   4   6   4   3   4   5   4   5   4   5   3   3   3   8  14   9   0   4   5  0.11 0.13
  110 E   -1 -1  1  0  1  2  0 -1  1 -1 -1 -1  1 -1  1  1  0  3  0 -1    5   3   6   6   3   9   6   4   3   4   6   4   3   3   7   9   5   4   4   4  0.09 0.11
  111 D   -1  0  1  3  1  0  0  1 -1  0 -1 -1 -3  0  1  0  0 -4 -1 -2    5   6   8  15   3   4   4   9   1   5   6   2   0   4   8   8   6   0   2   3  0.12 0.14
  112 A    0  0  1  0  0  0  0  0  1 -1  0  0 -1 -1  0  1  0  0 -2  0    8   4   6   5   3   4   6   7   4   3  13   4   0   2   4  11   5   1   0   8  0.03 0.07
  113 G    0 -1  0  0  0  0  0  0  0  0  0 -1 -1 -1  2  1  0 -3  1  0    8   3   4   5   2   4   4   9   2   5  13   3   1   2  10  10   5   0   5   5  0.05 0.07
  114 W   -1 -1  0  0  1  0  0 -1  1  0  0  0  1  1 -1  1  0  5  0 -2    5   4   5   5   3   4   5   4   3   5   8   7   4   7   4   9   5   7   3   3  0.11 0.10
  115 D   -1  0  0  0 -3  0  0 -1  2  0 -1  0  1  0  0  0  0  3  1  0    5   5   5   5   0   5   5   5   5   5   5   5   5   5   5   5   5   5   5   5  0.06 0.08
  116 I    0 -1  0  0  0  0  0 -1  0  0  1  0  0  0  1  0  0  1 -1  0    7   3   5   4   2   5   4   5   3   7  16   4   1   4   6   7   7   2   1   5  0.02 0.03
  117 D    0  0  1  1 -1  0  1  0  1 -1 -1  0  0 -1  0  0 -1 -2  0 -2    6   6   7   8   2   4  11   6   4   4   8   6   2   2   5   9   4   0   4   2  0.07 0.07
  118 D    0  0  0  2  0  0  0  0  1 -1 -1 -1  0 -1  1  1  0 -3 -1  0   10   4   3  11   2   4   7   7   3   3   6   3   2   2   8   9   6   0   2   6  0.07 0.08
  119 Q    0  1  1  0  0  1  1  0  1 -2 -1  0 -1 -2  0  1  0 -3 -1 -1    8   9   6   5   2   5   9   7   5   2   5   6   1   2   5  10   5   0   2   6  0.07 0.09
  120 D   -1  0  1  3 -4  0  1 -1  2 -1 -2  0 -1 -2  1  0  1 -4 -1 -2    6   4   8  15   0   4  11   3   5   3   4   4   2   2   8   8  10   0   2   3  0.19 0.20
  121 N   -1  0  0  0  2  0  0 -1  2  0 -1  0  2  1  0 -1  0  4  1 -1    5   5   5   5   5   5   5   5   5   5   5   5   5   5   5   5   5   5   5   5  0.09 0.08
  122 P   -1  0  0  0  0  2  0 -3  1  1 -1 -1  0  0  2  0  1 -6 -5 -1    6   5   5   6   2   8   5   2   4   7   6   4   3   4  12   8  10   0   0   5  0.15 0.14
  123 L   -2  0  1 -2  1  1  1 -2  1  0  2 -2  2  0 -1 -2 -1  2  2  0    3   4   8   3   3   6   9   3   4   5  17   3   4   4   3   3   3   3   6   7  0.14 0.11
  124 P    0  1  1  0 -2  1  0 -2 -1  0  0  0  1 -2  1  0  0 -2  1  0    7   7   7   7   0   7   7   0   0   7   7   7   6   0   7   7   7   0   6   7  0.07 0.10
  125 W   -1 -5 -5 -5 -5  0 -1 -2 -4  0 -1 -4  2  1 -5 -1 -1 10  1 -1    4   0   0   0   0   4   4   4   0   5   6   0   4   6   0   5   4  43   4   4  1.45 0.64
  126 R    0  0  0  0  2  1  0  0  1  0 -1  0  1 -2  1  0  0 -3 -2  0    6   6   6   6   6   6   6   6   6   6   6   6   6   0   6   6   6   0   0   6  0.06 0.09
  127 L   -2 -2 -1 -2 -3 -3 -2 -5  0  4  3 -2  1 -2 -4 -2 -1  2  0  1    3   3   3   3   0   0   3   0   2  22  36   3   2   0   0   3   3   3   3   9  0.45 0.33
  128 V   -1  0 -1 -1  1  0  0 -2  0  2 -1 -1  0 -1 -3  0  4 -4 -1  0    2   5   3   3   3   3   5   2   3  15   6   3   2   2   0   4  30   0   2   6  0.25 0.27
  129 V   -1  0 -4  0  3 -3 -1 -4 -4  2  2 -3  2  1 -4 -3 -2 -4 -3  3    6   5   0   5   6   0   5   0   0  10  24   0   5   5   0   0   0   0   0  26  0.39 0.26
  130 H    0  0  0  0  2  0 -1  0  2  0 -1  0  1 -2  1  0  0 -3  1  0    6   6   6   6   6   6   0   6   6   6   6   6   6   0   6   6   6   0   6   6  0.05 0.10
  131 F   -2 -2 -1  0  2  2 -2 -2  2 -1 -1  0  0  3 -1 -1  1  2  3 -1    4   3   3   5   5   8   3   3   4   3   7   5   3  13   4   5   7   2   9   4  0.22 0.16
  132 S   -1  1  1  0 -1  0 -2  2  2 -2 -4  1  0 -2 -2  2  1  0 -2 -3    6   7   6   5   2   5   2  16   4   3   2   9   2   2   2  14   9   1   2   2  0.25 0.20
  133 D    0  0  1  0 -2  1  0  0  2  0 -1  0 -1 -2  1  0  0 -2  1  0    6   6   6   6   0   6   6   6   6   6   6   6   0   0   6   6   6   0   6   6  0.06 0.07
  134 W   -1  0  0  0  2  0  0 -1  2  0 -1  0  2  1  0 -1  0  4  1 -1    5   5   5   5   5   5   5   5   5   5   5   5   5   5   5   5   5   5   5   5  0.09 0.08
  135 P   -2 -5 -2 -1 -1 -2 -2 -5 -5 -2 -2 -1 -5 -2  7  0 -2  0 -1 -3    3   0   2   3   1   2   2   0   0   2   4   3   0   2  60   6   2   1   2   2  1.48 0.81
  136 D    0  0 -1  1 -4  1  2 -2  0 -2 -2  0 -1 -2  3  1  0 -4 -3 -1    8   5   2  10   0   6  12   3   3   2   4   4   2   2  17  12   7   0   0   4  0.26 0.25
  137 E    0  0  1  3 -4  1  2  0  0 -1 -2  0  0 -1  1  0  0 -4  0 -2    7   4   7  16   0   6  13   6   2   4   3   5   3   3   6   5   5   0   3   2  0.17 0.18
  138 E   -1  0  0  0  1  1  1  0  1  0 -1  1  0 -1  0  0  0 -3  0 -1    3   3   5   6   4   7   8   6   5   7   5   8   2   2   5   7   7   0   3   4  0.05 0.08
  139 L   -2 -1 -1  0 -3 -1 -2 -2  0  2  3 -1  2  0 -1 -1 -1 -3  0  1    3   3   3   5   0   3   3   3   2  12  33   3   4   3   3   5   2   0   3   8  0.21 0.21
  140 V   -1 -1 -3 -2 -1 -1 -2 -2 -1  2  2 -2  2  1  1  0 -1  0 -1  1    5   3   0   2   1   3   2   3   1  14  24   2   5   5   6   6   4   1   2   9  0.19 0.18
  141 R    0  2 -1 -1  0 -1 -1 -2  2 -1 -2  0  1  0  4  0 -1  0  0 -2    7  12   2   4   2   3   3   4   5   4   5   6   4   4  21   5   3   1   3   2  0.29 0.25
  142 L   -1  0 -4 -2  6 -2 -2 -2 -1  1  2 -2  0  2  1 -1 -1  1  1 -1    5   6   0   2  16   2   2   3   2   7  17   2   2   8   6   5   4   2   5   4  0.32 0.24
  143 D   -2 -1  1  3  1  0  1 -1 -1 -1 -2 -1 -1 -1  3  1  0  1 -1 -2    2   3   6  18   3   5   8   4   2   5   3   3   1   3  14   9   6   2   2   3  0.25 0.23
  144 A    0 -1  1  0  0 -1 -1  1  1 -2 -2  0 -3 -2  1  2  0 -4 -1 -1    9   2   8   6   2   3   3  13   3   2   4   7   0   2   8  14   7   0   2   5  0.14 0.15
  145 E    0  0  0  0  2  1  0  0  1  0 -1  0  1 -2  1  0  0 -3  1  0    6   6   5   6   5   5   6   6   5   6   6   6   5   0   6   6   6   0   5   6  0.04 0.08
  146 G    0 -1  0  2  0 -1  1  1  0  0  0 -1  0 -1  0  0 -1 -1 -1 -1    7   4   4  14   2   2   9  12   3   8   8   3   3   2   5   6   2   1   2   4  0.07 0.09
  147 M    0  0  1  2 -1  0  2 -1 -2 -2 -1  1  0 -2 -1  1  0  2 -3 -2    7   5   6  14   1   4  14   4   0   2   6   9   3   2   2  10   5   3   0   3  0.17 0.17
  148 V    1 -1 -1  1  0  0 -1 -1  0  0  0 -1  0  0  0  0  1 -3 -2  1   14   2   2   8   2   5   3   3   3   4   6   3   3   5   4   7  11   0   0  14  0.07 0.12
  149 M    0 -1 -2 -2  2  0 -2 -4 -3  2  2 -2  3  1 -1 -1  0  0 -2  1    6   4   2   2   5   4   3   1   0  10  21   2   9   5   3   3   7   1   0  12  0.20 0.18
  150 N   -2  3  0 -1 -1  2  3 -2  2 -3 -2  3 -4 -2 -1  0 -2  1 -1 -3    3  15   3   2   1   7  20   2   6   1   3  18   0   2   3   5   2   2   2   2  0.39 0.31
  151 D    0  0  1  2  0  1  1 -1  0 -1 -2  1  0 -1 -3  1  0  3 -1 -1    9   5   6  11   2   6   9   2   2   5   2   7   3   2   0  12   6   5   2   3  0.13 0.14
  152 A    0 -1  0 -1  2  0 -2 -1  4  0  1 -2  1  1 -3  0  0  2  3  0    6   3   4   3   4   4   0   3  11   6  12   0   5   6   0   7   5   3  10   6  0.14 0.14
  153 F    0 -2 -2 -3 -2 -2 -2 -3  3  1  1 -2  2  2 -3 -2 -1  5  2  1   11   1   0   1   0   0   1   1  10  11  11   1  10  10   1   1   1  10  10  11  0.25 0.12
  154 I   -3  0 -1 -4  1 -1 -4 -5 -4  2  2  0  6  3 -1 -2 -1 -3 -2  0    0   6   3   0   4   3   0   0   0  10  16   5  24  15   3   3   4   0   0   4  0.50 0.38
  155 N   -1 -3  5 -1  0  3 -1 -1  3 -5 -4 -1  0 -1 -4  2 -1  1  0 -4    4   0  31   2   2  12   3   3   8   0   0   2   3   3   0  16   3   2   3   0  0.60 0.44
  156 S   -1  0  0  0  2  0  0 -1  2  0 -1  0  1  0 -3  0  0  3  1  0    5   5   5   5   5   5   5   5   5   5   5   5   5   5   0   5   5   5   5   5  0.06 0.10
  157 V    0 -2 -2 -3  3  1 -2 -3  2  1  0 -2  2  1 -3  0  0  4  2  0    8   0   0   0   7   7   0   1   7   8   8   0   7   7   0   8   8   7   7   8  0.18 0.17
  158 K    0  2 -2 -2 -4  1  0 -3 -2 -3 -1  5 -2  0  0 -2 -2  3 -2 -1    6   9   0   0   0   5   5   0   0   0   5  47   0   5   5   0   0   5   0   6  0.50 0.31
  159 E    1  1 -1 -1 -2  2  1  1 -1 -1  0  1  2 -2 -2  1 -1 -2 -2 -1   11  11   0   1   0  10  11  11   0   1  11  11  10   0   1  11   1   0   0   1  0.13 0.09
  160 A    0  1  1 -1  3 -1  1  1 -1 -1 -2 -1 -1 -1 -2  1  1 -2  1  0   10  10   9   0   9   0  10  10   0   0   1   1   0   0   0  10  10   0   9  10  0.11 0.10
  161 D    0 -2  0  3  3  1  0 -1  1 -1 -1 -2  1  0 -2  0  1 -3 -2  0    5   1   3  21   8   6   6   3   3   3   7   1   5   5   1   8   8   0   0   6  0.15 0.15
  162 F    0 -2  1 -2  3  1 -2 -3  2  0  0 -2  2  1 -3  0  0  4  2  0    7   0   7   0   7   7   0   0   7   7   7   0   7   7   0   7   7   7   7   7  0.16 0.17
  163 L    0 -3 -3 -3  2 -3 -3 -1 -3  2  2 -3  2  1 -3 -1  0 -2  1  2    6   0   0   0   4   0   0   5   0  17  28   0   6   5   0   5   5   0   5  12  0.24 0.17
  164 R   -1  4 -2 -3  3  2  0 -2  0  0 -1  2  0 -3 -3 -1  0 -4 -3 -1    4  26   0   0   6  11   5   3   2   7   7  15   3   0   0   2   5   0   0   2  0.35 0.29
  165 N   -1  2  0 -1  1  0 -2 -2  5 -3 -1  0  0  1 -4  0 -1  2  3 -2    3  10   5   4   3   5   0   3  20   0   8   5   3   6   0   7   4   3   9   3  0.32 0.27
  166 G   -1  0  1  0  2 -3 -1  5 -3 -1 -4  0  1 -4  0 -1 -3 -4  0 -4    4   5   5   5   4   0   4  41   0   4   1   6   4   0   5   5   0   0   4   0  0.51 0.33
  167 T   -2  1  3 -1 -2  0 -2 -2 -1 -4 -3  2 -4 -5 -3  4  1 -5 -2 -2    2   8  13   2   1   3   1   2   1   0   2  11   0   0   1  39   9   0   1   3  0.58 0.46
  168 A    2 -2 -1 -1  3 -3 -2  2 -3 -1 -2 -3 -1 -2 -1  1  2 -4 -3 -1   22   2   2   2   8   0   1  15   0   4   4   1   2   1   3  10  16   0   0   4  0.29 0.27
  169 K    0  2  2 -1 -4  3  0 -1  1 -4 -2  4 -2 -4 -1  0 -1 -4 -1 -3    7  11   8   2   0  12   5   4   3   0   3  26   1   0   3   6   3   0   2   2  0.36 0.29
  170 G    1  1  0 -1 -1  0 -2 -2 -1  1  0  0  0 -3  1 -1 -1  0 -2  2   11  11   4   3   1   3   2   3   1   9   6   7   3   0   7   3   3   1   1  23  0.13 0.17
  171 I   -1 -4 -3 -1 -3 -3 -3 -1 -3  3  0 -3  3  2  0 -1  0  4  1  2    6   0   0   4   0   0   0   4   0  21   7   0   9   8   4   4   6   7   4  15  0.32 0.25
  172 M    0  0  0  0 -2  1  0  0  2  0  0  0  1  0 -2  0  0 -2  1  0    6   6   6   6   0   6   6   6   6   6   6   6   6   6   0   6   6   0   6   6  0.04 0.07
  173 S    0  0  3  1 -1  1  0  0 -1 -3 -3  0 -1 -3 -2  3  0 -4 -3 -3    6   6  18   6   1   5   6   7   1   1   3   6   1   1   2  23   6   0   0   2  0.30 0.27
  174 L   -2 -4 -5 -5 -4 -4 -3 -3 -5  0  5 -3  7  0 -5 -4 -2 -4 -2 -2    3   0   0   0   0   0   2   2   0   3  49   2  29   4   0   1   2   0   1   2  1.21 0.62
  175 S    0  2 -1 -1 -2  2 -1 -1 -1 -4 -3  0  0 -3  0  4  1 -5 -4 -3    7  11   2   2   1   8   2   3   1   0   2   4   2   1   5  37   7   0   0   2  0.46 0.39
  176 K   -1  2  0 -1 -2  2  0 -2 -1 -1 -1  4  1 -4  0 -1 -1 -4 -3  0    6  10   4   2   1  10   5   3   1   3   5  27   4   0   4   4   2   0   0   8  0.28 0.26
  177 E    1  0  0  1 -4  2  2 -2  1 -3 -2  1 -2 -4  0  1 -1 -4 -2 -1   13   5   3   8   0  10  17   3   4   1   3   8   1   0   5  12   2   0   1   4  0.25 0.23
  178 D    0 -2  1  6 -5  1  3 -3 -1 -5 -3 -1 -2 -5 -4 -1 -1 -6 -5 -2    7   2   5  41   0   6  18   1   2   0   3   2   1   0   0   5   3   0   0   3  0.80 0.48
  179 S   -2 -1 -3 -2 -1  5 -1 -2  5 -1 -2 -1  1 -2 -2  2  0 -1  0 -2    2   2   0   2   1  30   2   3  15   3   5   2   3   2   2  14   5   1   3   2  0.59 0.45
  180 S    0  1  1  2 -3  1  2 -2  0 -2 -2  1  0 -2 -2  0  1 -4 -1 -1    6  10   8  12   0   7  12   2   2   2   3   8   3   2   2   6   9   0   2   5  0.17 0.16
  181 G    0  1  0  2  0  3  1 -1  0 -1 -2  0 -1 -2 -1  0  0 -4 -3 -2   10   6   4  10   2  18   7   5   2   3   4   5   2   2   3   8   6   0   0   2  0.17 0.18
  182 L   -1 -3 -3 -1 -3  0 -3 -1  1  1  3 -3  3  1 -4 -3 -3  3  1  0    5   0   0   5   0   4   0   4   4   7  39   0   9   7   0   0   0   4   5   5  0.37 0.27
  183 W   -2 -1 -1 -1  1 -1 -1 -4 -4  0  0 -1  1  1 -4 -3 -1  9  1  0    3   4   3   3   3   3   4   1   0   4   8   3   3   5   0   0   4  36   3   7  1.02 0.46
  184 K    1  1  2  2  0  2  1 -1  1 -2 -2  1 -1 -3 -2  0  0 -3 -1 -2   11   6  10  12   2  10  11   3   3   2   3   7   2   0   0   7   5   0   2   2  0.18 0.15
  185 S    3 -3  0 -3  2  0 -3  2  1 -3 -1 -1 -3 -4 -3  3 -1 -4 -3 -2   32   0   3   0   4   4   0  16   4   0   5   2   0   0   0  22   2   0   0   3  0.46 0.34
  186 V   -1 -5 -2 -5  1 -4 -5 -5  0  3  2 -4  2  0 -1 -2 -1 -4  0  4    4   0   3   0   3   0   0   0   3  16  23   0   6   4   3   3   3   0   3  26  0.54 0.36
  187 Q    0  2 -1 -1  1  1  0 -1  0  0  0  0  0 -1 -3  0  0  1 -1  0    7  13   2   2   3   8   5   5   2   5  11   7   3   3   0   5   8   2   2   8  0.06 0.09
  188 N    0  0  3  1  0  1  1 -1  1 -2 -2  1  0 -2 -3  1  1 -4 -1 -2    7   3  18   7   2   7   7   3   3   2   5   9   2   2   0   8  10   0   2   2  0.20 0.20
  189 V    0  0  0  0  2  0  0 -1  1  0 -1  0  1  0  0  0  0 -2  1  0    5   5   5   5   5   5   5   5   5   5   5   5   5   5   5   5   5   0   5   5  0.03 0.05
  190 E    0  0  1  0 -2  1  0  0  2  0 -1  0  1 -2  1  0  0 -3 -2  0    6   6   6   6   0   6   6   6   6   6   6   6   6   0   6   6   6   0   0   6  0.06 0.08
  191 L   -1  0 -3 -1  1 -1 -1 -1  2 -1  0 -1  0  4 -1  0 -1  2  3 -1    5   5   0   4   4   3   3   4   5   3   9   3   3  19   3   6   4   3  12   4  0.24 0.22
  192 S    0  0  1  3 -4  0  2 -1  0 -2 -2  0 -3 -1  0  0 -1 -4 -1 -1    7   4   6  19   0   3  16   5   2   2   4   5   0   2   5   7   4   0   2   4  0.22 0.21
  193 S    1 -1  1  1 -3  2  1 -1  0 -1 -1  1  0 -1 -1  1  1 -3 -2 -1   11   3   6  10   0  10   7   4   2   2   8   8   2   2   2   9   9   0   0   4  0.10 0.14
  194 F   -1 -2 -3 -5 -1 -3 -2 -3  0 -2 -2 -5 -4  7 -3 -3 -3  2  6 -3    5   2   2   0   1   1   3   3   2   1   4   0   0  43   1   2   2   3  24   2  1.22 0.67
  195 Q   -1  0  0  0  2  0  0 -1  2  0 -1  0  1  0 -3  0  0  3  1  0    5   5   5   5   5   5   5   5   5   5   5   5   5   5   0   5   5   5   5   5  0.06 0.10
  196 R    0  2  1  0 -3  1  1 -1  1 -1 -1  1  0 -1  0  1  0 -3  0 -1    9  10   6   5   0   5   9   5   4   3   4  10   3   3   5   9   4   0   4   4  0.09 0.11
  197 I   -1 -2 -2 -6  0 -5 -3 -2 -1  5  0 -5  2  0  0 -2 -2  1  0  4    6   2   2   0   2   0   2   3   2  28   6   0   5   3   4   3   2   2   3  25  0.60 0.40
  198 S    1  0  4 -1  1  0 -1 -2  1 -1 -2 -2  0  1 -2  1  0  0 -1 -2   10   6  22   2   3   5   4   2   3   3   5   2   3   5   2  11   4   2   2   2  0.26 0.26
  199 N    0  3  1  0 -4  2  1 -2  1 -3 -3  2 -1 -4  0  1  1 -5 -4 -2    6  15   7   5   0   9   7   3   4   1   2  13   1   0   4  12   7   0   0   4  0.27 0.26
  200 I   -1  1  0  0 -3  1  0 -1  0  0  1  1  0 -1 -1  0 -1 -3  0 -1    4   9   4   6   0   6   6   4   3   5  15  13   3   3   3   5   4   0   3   4  0.06 0.10
  201 L   -1 -1 -1 -1  1  0 -1 -2  0  1  3 -1  1  1 -3 -1 -1 -3  0  0    5   3   3   4   3   4   3   3   3   7  32   4   3   7   0   3   3   0   3   5  0.15 0.18
  202 L   -1 -1 -1 -2  0  0 -1  0  0  0  1 -1  3  2 -1  0  0  1  0  1    3   3   3   2   2   5   3   7   3   6  15   3   9   9   3   6   6   2   3   9  0.07 0.11
  203 P   -1  1  1  1  0  0  1  0  0 -2 -1 -1  0 -2  3  1  0 -4  0 -2    4   7   6   7   2   5   8   7   2   2   6   3   2   2  18  10   5   0   4   2  0.21 0.21
  204 P    0  0  1  0 -1 -1 -1  1  1 -2 -3  0 -1 -2  4  1  0 -4 -1 -2    7   5   6   5   1   3   4   9   3   3   2   5   2   2  20  12   6   0   2   3  0.26 0.24
  205 L    0  0  0  0  0 -1  0 -1  0  0  0  1  0 -2  1  1  1 -1 -1 -1    7   6   4   7   2   2   5   4   3   6   9   8   2   1   6  11  11   1   2   4  0.05 0.08
  206 N   -1 -1  1  1 -4  1  1  2  0 -2 -2  0  0 -3  1  1  1  0 -2 -2    4   2   7   7   0   6  10  16   2   2   4   5   3   1   6  10  10   1   1   2  0.17 0.20
  207 Q    0  0  1  0  0  1  2  1  0 -2 -3  1 -1 -1  0  1  0 -4 -1 -2    8   5   8   5   2   8  12   9   2   2   2   8   1   2   4  12   5   0   2   3  0.14 0.16
  208 P    0  0  1  0 -3  1  0  0  1 -1 -1  0  0 -1  2  0  0  2  0 -1    7   5   7   4   0   7   7   6   3   3   4   6   3   3  13   8   5   3   3   4  0.12 0.13
  209 F   -1 -1 -1 -1  1 -1 -3 -2 -3  1  0 -1  1  3  2 -1  0  2  0  0    5   4   3   3   4   3   0   3   0   7   9   3   4  16  11   4   6   3   3   8  0.18 0.19
  210 R    0  0  0  0  2  1  0  0  2 -1 -1  0 -2  0  1  0  0  3 -1 -2    6   6   6   6   6   6   6   6   6   6   6   6   0   6   6   6   6   6   0   0  0.08 0.12
  211 N    0  1  1  1  1  0 -1 -2  5 -4 -2  1  0  0 -1  0 -1  2  2 -2    7   6   6   7   3   4   3   3  14   0   3  11   3   4   3   8   3   3   7   3  0.22 0.19
  212 I   -1 -5 -5 -1  2 -4 -5 -5 -5  4  2 -5  2  1 -5 -1 -1  3  1  3    5   0   0   4   4   0   0   0   0  27  15   0   4   5   0   5   4   4   5  16  0.57 0.33
  213 P    1 -4 -4 -4  2 -4 -4 -4  2 -4 -1 -4 -4 -5  7 -1 -3 -5 -4 -4   11   0   0   0   5   0   0   1   6   0   6   0   0   0  62   5   0   0   0   0  1.60 0.58
  214 I    0 -2  1 -2  2 -1  0  0 -2  0  0 -2  1  1 -2  0  0 -2  1  0    8   0   7   0   7   0   8   8   0   8   8   0   7   7   0   8   8   0   7   8  0.07 0.11
  215 R    0  5 -2  0  1  1  0 -3  2 -1 -3  1  0 -3 -3 -1 -2 -4 -3 -1    8  46   0   4   3   6   4   1   5   3   1   7   3   0   0   3   0   0   0   6  0.55 0.33
  216 I   -1 -2 -2 -2  1 -1 -1 -3 -2  2  2 -1  1  1  0  0 -1  2 -1  1    4   1   0   1   3   3   4   1   0  19  20   5   3   6   6   7   3   3   0  12  0.13 0.13
  217 F   -2 -3  0 -3  0 -2 -3 -1  5 -1 -1 -3  0  1 -1  0 -2  2  6 -2    3   1   4   1   2   0   1   5  15   3   4   1   2   5   3   9   1   2  37   3  0.62 0.35
  218 L   -1 -1 -1  0  0  1 -1 -1 -1  1  2 -1  1  0 -1  0  0  0 -1  1    3   3   2   6   2   7   2   4   1  10  25   2   3   4   3   7   4   1   1   9  0.06 0.10
  219 P    0  0  2  0  0  0  0 -1  0 -1 -2 -1 -2 -1  4  0  0  0  0 -1    9   6  10   4   3   4   5   4   2   4   3   2   0   2  21   6   6   2   3   4  0.23 0.17
  220 L    0  0  1  2  0  0  0  1  0 -1  0  0 -1 -1  0  1  0 -3 -1 -1    7   5   7  14   2   4   6  10   2   4   9   3   1   2   4  11   6   0   2   2  0.08 0.08
  221 P    0  0  0  1  0  1  0  1 -1 -1 -1  0 -1 -1  2  0  0 -3 -1 -1    8   4   3   8   2   6   5  13   1   3   5   6   1   3  12   6   5   0   2   4  0.11 0.09
  222 P    0 -1  1  0 -1 -1 -1  1  0 -1 -2 -1 -3 -2  4  0  0 -3 -1 -2    8   3   7   6   1   3   3   9   2   5   4   4   0   2  23   6   7   0   2   3  0.29 0.20
  223 D    0  0  1  1 -1 -1  1  0  0 -1 -1  0 -1 -1  1  1  1  0 -1 -1    6   4   5  10   2   2   8   9   2   5   5   5   1   3   7  10   9   1   2   3  0.08 0.06
  224 S    0  0  0  1 -1  0  0  1 -2 -2 -1 -1 -1 -1  1  1  0 -1 -1 -1    6   6   4   9   1   3   7  13   1   2   8   3   1   3   6  12   7   1   3   3  0.08 0.07
  225 G    0 -1  1  1 -3  0 -1  1  0  0 -1  0  0  1  0  1  0 -3  0 -1    8   3   7   8   0   4   4  10   2   6   6   5   3   6   5   9   7   0   3   5  0.06 0.06
  226 S   -1  0  0  1  0  1  1 -1  2 -1 -1  0  1  0  1  0  0  1  0 -1    6   6   4   7   3   6   8   5   4   4   7   5   4   4   8   7   5   2   3   5  0.05 0.05
  227 P   -1 -1 -1  2  0 -1 -1  1  0 -1 -2 -1  0  1  3  0 -1  1  0 -2    6   3   3  11   2   3   5  11   3   4   4   4   2   5  12   8   4   2   3   3  0.15 0.15
  228 S    0 -1  1  2 -6  0  0 -1  0 -1 -2 -1  0  1  0  2  0 -6 -5 -1    9   3   7  12   0   4   5   5   3   4   5   3   2   6   4  17   6   0   0   5  0.20 0.18
  229 L    0  0 -1 -2  1  1  0 -1  0  1  1 -1  0  0 -1 -1  0  2  1  0    7   5   4   2   3   6   6   4   3   8  16   4   2   5   3   3   6   3   4   7  0.06 0.05
  230 K   -1  2 -1  2 -6  3  0 -1 -1 -3 -2  1 -2 -1  2  0 -1 -6 -2 -2    5  11   3  10   0  12   6   5   2   2   4  10   1   3  11   7   5   0   1   3  0.26 0.23
  231 I   -1  0  0  0  2  0  0 -1  2  0 -1  0  2  1  0 -1  0  4  1 -1    5   5   5   5   5   5   5   5   5   5   5   5   5   5   5   5   5   5   5   5  0.09 0.08
  232 V   -1  0 -1 -1  1  0 -1 -2  0  2  1 -1  1  0  0 -1 -1  2  0  1    4   6   3   3   3   4   5   3   3  14  15   4   3   4   4   4   4   3   3   9  0.10 0.08
  233 Q   -1  0  0 -1  2  6  0 -2  0 -2 -2 -1  0  0 -2  0 -1 -7 -7 -1    5   4   4   4   3  32   5   4   2   3   4   4   2   4   3   6   3   0   0   5  0.61 0.44
  234 S    1  1 -1  2  1  0  0 -1  0 -2 -2  1  0 -1  0  2 -1  1 -1 -1   10   8   2  10   3   4   6   5   3   3   4   7   2   3   4  13   4   2   2   4  0.10 0.12
  235 P    1 -1 -6 -2 -6  0 -2 -2  1 -1  2 -2  0  0  4 -1 -1  2 -1 -1   10   4   0   3   0   4   3   3   3   4  17   3   3   3  22   5   4   3   3   4  0.36 0.28
  236 V   -2 -2 -1  0  1 -1 -1 -2  0  3  0 -2  0  1 -1 -1 -1  1 -1  3    4   2   3   5   3   3   4   4   2  15   8   3   2   6   3   4   4   2   2  21  0.25 0.16
  237 P    0  0 -2 -1  1  2 -2  0 -1 -2 -2  0 -1 -2  4  1  0 -6 -1 -3    8   6   3   4   3   8   2   7   2   2   4   7   2   2  23  10   5   0   2   2  0.36 0.29
  238 P    0 -2 -2  0  0 -1 -1 -2  0 -2 -3 -1 -4 -1  6 -1  0 -5 -5  1    6   2   2   6   2   2   4   3   2   3   3   3   0   3  36   5   7   0   0   9  0.67 0.45
  239 L   -1  0  0 -1  0  0 -1 -1  1  1  1 -1  1  1 -2  0  0  0  2  0    5   5   4   4   2   3   4   4   3   9  12   4   4   6   2   7   6   2   7   7  0.06 0.05
  240 I   -1  0  0  1 -1  0 -1 -1  0  1  0  1  0 -1 -1  0  1 -1 -1  1    5   5   5   7   1   5   3   4   3  10  11   8   2   3   3   8   8   1   2   8  0.05 0.05
  241 P    0  0  0  1 -4  0  1 -1  1 -1 -1  0 -3 -1  2  1  0  3 -3 -1    6   4   4   9   0   4  11   4   4   3   5   7   0   3  10  10   7   4   0   4  0.15 0.16
  242 P   -1  0  0  2  0  0  1  0  0 -1 -2  0 -2 -1  2  0  0  2  0 -1    5   5   5  11   3   3  11   6   3   4   4   5   0   3  10   6   7   4   3   4  0.10 0.11
  243 S    0  1  1  1 -1 -2 -1  3  1 -1 -2  0  0 -2 -2  1 -1  1 -2 -2    7   7   5   7   2   2   5  21   3   4   4   5   2   2   2  10   5   2   2   3  0.18 0.15
  244 S    0  1  0  1 -1  0  0  0  0 -1 -1  1 -1 -2  0  1  0  1 -1 -1    9   6   4   7   2   3   7   7   2   3   6   8   1   2   4  13   7   2   2   5  0.07 0.08
  245 V    0 -1  0  0 -1  0 -1 -1  0  1 -1  0  0 -1  1  1  0  0 -1  0    9   3   5   6   1   4   4   5   2   7   7   6   3   2   7  11   7   1   2   8  0.03 0.05
  246 A    1  2  0  0  0 -1  0  0  0 -1 -1  0  0  0 -1  0  0  1  1 -1   10  10   5   5   2   2   5   6   3   4   5   7   3   4   3   8   7   2   5   5  0.05 0.05
  247 A    0 -2  0 -1 -4 -1 -2  0 -1  1  0 -1  2  0  0  1  1  1  1  0    7   3   4   4   0   2   3   7   1   9   9   4   6   4   5  10  10   2   5   7  0.08 0.09
  248 S   -1 -1  0 -1  1  1  0  0  0  0  0  0  0 -1  1  1  0  0  0  0    4   3   5   3   3   5   6   6   2   5  12   5   3   3   6  10   7   1   3   7  0.03 0.04
  249 Q   -1  1  0  1 -5  2  0 -1  1  0  0  0  1 -1 -1 -1  0 -5  0  0    4   9   5   8   0  11   5   5   4   5   9   6   3   3   4   5   5   0   3   6  0.10 0.10
  250 L    0  0  1  1  1  0  0 -1  1  0  0  0  0 -1  1  0  0  2  0 -1    7   6   6   8   3   4   5   5   4   5  10   5   3   3   7   6   4   3   3   5  0.03 0.02
  251 A   -1  0  0  0  2  0  0 -1  2  0 -1  0  2  1  0 -1  0  4  1 -1    5   5   5   5   5   5   5   5   5   5   5   5   5   5   5   5   5   5   5   5  0.09 0.08
  252 L    0  0  0  0  0  0  0 -1  0  0  1  0  0  0  0  0  0 -2  0  0    9   5   3   5   2   3   7   5   2   8  15   5   3   5   5   5   5   0   3   7  0.01 0.01
  253 S    0  0 -1 -1  2  0  0 -1 -2  0  0 -1  0 -1  1  1  0  1  0  0    9   5   3   4   6   4   7   4   0   5   9   4   2   3   8  10   6   2   4   7  0.05 0.08
  254 R    0  0  0  0  2  0  0 -1  1  0 -1  0  1  0  0  0  0 -2  1  0    5   5   5   5   5   5   5   5   5   5   5   5   5   5   5   5   5   0   5   5  0.03 0.05
  255 S    0  0  0  0  0  0  0 -1  2  0  0  0  1  0  0  0  0  1  0  0    5   4   3   5   2   5   5   5   6   4  11   6   4   5   3  10   5   2   3   5  0.02 0.04
  256 S    0  0  1  2 -3  0  0  0  0 -1 -1  0  0  0  0  1  0  1  0 -1    8   4   8  11   0   4   4   6   3   4   7   6   2   5   4  10   4   2   3   4  0.06 0.08
  257 I   -1  0  0  0  2  0  0 -1  2  0 -1  0  2  1  0 -1  0  4  1 -1    5   5   5   5   5   5   5   5   5   5   5   5   5   5   5   5   5   5   5   5  0.09 0.08
  258 T    0  0  0  0 -2  1  0  0  1  0 -1  0 -1  0  1  0  0 -2  1  0    6   6   6   6   0   6   6   6   6   6   6   6   0   6   6   6   6   0   6   6  0.04 0.06
  259 P   -1  0  0  0  2  0  0 -1  2 -2 -1  0  1  0  0  0  0  3  1 -1    5   5   5   5   5   5   5   5   5   0   5   5   5   5   5   5   5   5   5   5  0.08 0.12
  260 Q    0  1  1  0  0  2  1 -1  2 -2 -2  0  0  0  0  0 -1  1  0 -1    7   6   6   5   2   8  11   5   4   2   4   6   2   4   5   8   4   2   3   4  0.09 0.10
  261 T    0  0 -1 -1  2  0  0 -2  2 -1  0 -1 -1 -1  4 -1  0  2  1 -1    7   4   3   3   4   3   7   3   5   4   8   4   2   2  18   5   6   2   4   5  0.21 0.19
  262 Q   -1  0  0 -1 -1  3 -1 -4  1  0  0  0  1  0  0 -1  1  0  0 -2    5   5   4   4   1  13   5   2   4   6   9   5   4   4   5   5  10   1   4   3  0.15 0.16
  263 T    0  0  0  0  2  0  0  0  1  0 -1  0  1  0  1  0  0 -3 -1  0    6   6   5   6   5   5   6   6   5   6   6   6   5   5   6   6   6   0   0   6  0.03 0.07
  264 I    0  0  0  0 -3 -1  0  0  2  0  0 -1  1  1  1  0  0  3 -1  0    6   6   6   6   0   0   6   6   6   6   6   0   6   6   6   6   6   6   0   6  0.07 0.12
  265 G    0  0  0 -1  0 -1 -1  4  0 -2 -2  1 -1 -1 -1  0  0 -4 -2 -2    9   6   4   3   2   3   4  30   2   2   4   8   1   3   3   8   5   0   2   3  0.27 0.23
  266 S   -1 -1  1  4 -1  1  2 -1  3 -3 -3 -1 -1 -1 -2  1  0 -1 -2 -3    5   3   5  22   1   6  11   5   7   1   2   3   1   3   1  13   6   1   1   2  0.33 0.29
  267 A    1 -1  0  0  1  0  0 -1  0  0  0  0  0  0  1  0  0 -3  0  0   12   3   4   4   3   6   5   4   3   4  13   4   3   3   5   7   4   0   3  10  0.03 0.05
  268 L   -1 -1 -3 -1  1  1 -1 -2 -3  0  3 -1  1  1  0  0  0 -4 -3  0    4   3   0   3   3   6   5   4   0   5  31   4   4   6   4   6   5   0   0   6  0.18 0.20
  269 H    1  1  2  0  0  1  0 -1  3 -2 -2  2 -1 -2 -1  0  0 -4 -1 -2   12   8  10   5   2   5   5   4   7   2   3  11   2   2   3   7   6   0   2   3  0.14 0.16
  270 S    0  0 -1  1 -1  1  1  0  1 -1 -1  0 -1 -1 -2  1  1  0  0 -2    8   5   3  10   1   7   8   6   3   4   5   4   1   3   2  11  12   1   3   2  0.09 0.12
  271 L    0 -1 -2 -2  1  0 -1 -2  1  2  2 -2  2  0 -3 -1 -1  2 -1  1   10   4   2   2   4   4   4   3   4  11  20   2   6   4   0   4   3   3   2  10  0.13 0.14
  272 L    0 -3 -4 -1  1 -1 -2 -3  1  1  3 -1  2  1 -2 -1 -1 -3  1  0    8   1   0   4   3   2   2   2   3   8  33   4   4   7   2   4   3   0   4   7  0.28 0.23
  273 P   -1 -2  0  0 -5 -1 -1 -2 -1 -1 -3  0 -2 -5  7 -1 -1 -5 -5 -3    5   3   5   5   0   2   3   3   2   3   3   5   1   0  48   5   4   0   0   2  1.03 0.61
  274 N   -1  0  1  2 -2  0  2  0  0 -1 -1  0  0 -2 -1  0  0 -4 -2 -1    3   4   8  13   1   5  16   7   2   3   7   4   2   1   3   7   6   0   1   4  0.15 0.15
  275 L    0 -1 -1 -1  0 -1 -1 -2  0  1  3 -1  0  1 -2  0  0 -1  1  0    7   2   4   3   2   2   4   3   3  10  27   3   1   5   1   7   4   1   4   4  0.12 0.14
  276 F   -2 -3 -1  1 -1 -4 -1 -2 -1 -1  0 -2 -1  6 -1  0 -3 -1  1  0    4   1   4   9   1   1   4   3   2   4   7   2   2  35   3   7   2   1   4   6  0.59 0.37
  277 P    0  0  0  0  2  0  0  0  1  0 -1  0 -1  0  1  0  0 -2  1  0    6   6   5   6   5   5   6   6   5   6   6   6   0   5   6   6   6   0   5   6  0.03 0.06
  278 S    0  0  1  2  1  0  0 -1  1 -1 -1  0  0 -1  1  1  0 -3  0  0    5   4   6  11   3   4   7   4   3   4   4   6   3   3   7  11   5   0   3   6  0.08 0.09
  279 R    0  0  1  2  0  1  2  0  0 -2 -2  0 -3 -1  0  0  0  1 -1 -1    7   6   5  12   2   5  14   7   2   2   4   6   0   3   5   7   6   2   2   3  0.12 0.14
  280 R   -1  2  1  2 -1  1  1  0  1 -2 -1  1 -1 -2  1  0  0  0 -3 -2    5  11   8  11   2   6   9   6   3   3   5   7   2   2   6   7   4   2   0   3  0.12 0.13
  281 T    0 -1  1  1 -1  0  1 -1  0  0 -1  0  0 -1  1  1  1  1 -1 -1    8   3   8   8   1   3  10   3   2   5   4   4   3   2   6  12   8   2   2   4  0.09 0.12
  282 P   -1  0  0  0  2  0  0 -1  2  0 -1  0  2  1  0 -1  0  4  1 -1    5   5   5   5   5   5   5   5   5   5   5   5   5   5   5   5   5   5   5   5  0.09 0.08
  283 V    0  1  0  0  0  0  0 -1  1  0 -1  1  0  0  0  0  0 -3 -1  0    9   6   5   6   2   5   7   4   3   5   6   8   2   5   6   6   6   0   2   7  0.03 0.03
  284 L   -1  0  0  0  0  0  1 -1  0  1  1  0  1  0 -1 -1  0  1  0  0    4   5   5   4   2   5   9   4   2   8  15   5   4   5   3   5   6   2   2   6  0.04 0.04
  285 A    3 -1 -1 -2  1 -1 -1  0  0 -1 -1 -1  0  0  0  0  0  2  1  0   28   3   3   2   3   2   3   6   3   4   6   4   2   3   4   5   6   2   6   5  0.14 0.18
  286 K    0  1  0  0  0  1  0  0  1 -1 -1  1 -2  0 -1  0  0 -2  2 -1    7   8   4   6   3   6   5   8   3   3   7  11   0   3   3   4   4   0  10   5  0.05 0.09
  287 P    0  0  0  0  2  0 -2  0 -2  0 -1 -2 -1  1  1  0  0  4  1  0    6   6   6   6   6   6   0   6   0   6   6   0   0   6   6   6   6   6   6   6  0.08 0.12
  288 V   -1  0 -1 -3 -2 -2 -2 -1 -2  2  1  0  1  2 -3 -1  0 -2  1  2    0   5   3   0   0   0   0   5   0  17  18   6   3  11   0   3   7   0   4  17  0.14 0.12
  289 L    0 -3 -3 -3  3 -3 -3 -3 -3  3  1 -3  1  1 -3 -1  1 -3 -2  3    5   0   0   0   7   0   0   1   0  21  13   0   4   6   0   6   9   0   0  25  0.29 0.18
  290 H    0  1  1  1  2  1  1  0  2 -2 -1 -1 -2 -2 -2  0  0 -2  1 -2    8   8   7   8   7   7   8   8   7   0   8   0   0   0   0   8   8   0   7   0  0.12 0.13
  291 G   -1 -4 -3 -3 -4  0 -4  7 -4 -2 -5 -3 -4 -5 -4 -1 -3 -4 -5 -4    4   0   0   0   0   5   0  79   0   4   1   0   0   0   0   4   0   0   0   0  1.49 0.48
  292 A    0 -4 -2 -4  0 -3 -3 -1 -4  4  0 -3  1 -2 -3 -2 -1 -4 -3  3    8   0   2   0   2   0   0   6   0  37   6   0   2   0   0   2   3   0   0  28  0.50 0.26
  293 A    0  1 -1  1  0  1  2 -2  1  0 -2  0 -1 -2  2  0  0 -3 -1  0    8   8   2   6   2   6  21   2   4   5   3   2   1   1  11   3   5   0   1   8  0.16 0.11
  294 V   -1 -4 -5 -5  1 -4 -4 -5 -5  3  1 -4  1 -1  5 -3 -2 -4 -3  4    3   0   0   0   3   0   0   0   0  17  13   0   4   3  27   0   0   0   0  30  0.75 0.33
  295 P   -2 -3 -1  0 -6 -2 -1 -3  0 -6 -3 -1  1 -4  7  1 -2 -7 -3 -4    3   1   2   5   0   1   3   1   2   0   3   3   3   1  55  11   2   0   1   1  1.31 0.58
  296 M   -2 -2 -3 -2 -2 -2 -1 -3  1 -1  4 -3  3  1  1 -2 -2  1 -2 -2    4   2   1   2   1   2   4   2   4   2  48   1   7   6   8   2   1   2   1   1  0.52 0.33
  297 S   -1 -2  1  4 -1  0  4 -2  0 -5 -5  0 -5 -2 -4  1  0 -2 -3 -4    5   2   8  26   2   3  28   2   2   0   1   5   0   2   0  10   5   1   1   1  0.64 0.37
  298 A    2 -4 -4 -3  0 -2 -2 -4 -5  0  0 -2  2 -2 -4  0  5  0 -2 -1   20   0   0   1   2   1   3   0   0   4   8   2   5   2   0   6  40   1   1   4  0.65 0.42
  299 P   -3 -3 -2  0 -2 -1  1 -4 -1 -2 -4 -2 -5 -3  7  1 -2 -7 -6 -3    2   1   2   4   1   2  11   1   2   3   2   2   0   1  51  11   3   0   0   2  1.20 0.57
  300 V   -2 -1 -6 -6 -1 -5 -6 -4 -6  3  4 -5  2  1 -6 -5 -2 -5 -4  2    3   3   0   0   1   0   0   1   0  17  46   0   5   4   0   0   2   0   0  16  0.87 0.42
  301 E    1 -1 -1 -1 -2  2  1  0 -1  0  1 -1 -1 -1 -1  1 -1  1  0  0   13   3   2   3   1  11   9   6   1   5  16   2   1   3   2   9   2   2   4   6  0.07 0.11
  302 E   -4 -4 -3  2 -3  0  3 -5 -6 -7 -4 -4 -6  1 -5 -6 -3 11  1 -4    2   1   1  12   1   4  17   1   0   0   2   1   0   4   1   0   2  47   5   1  2.04 0.79
  303 L   -1 -6 -7 -7 -1 -6 -6 -7 -3  2  5 -6  2 -1 -6 -5 -2 -6 -5  2    6   0   0   0   1   0   0   0   1   9  63   0   4   2   0   0   2   0   0  12  1.21 0.54
  304 V    1 -2 -2 -4  0 -4 -4  0  2 -2 -2 -4  2  0 -5  2 -2  7  5  0   11   2   1   1   2   0   0   9   4   2   2   0   6   4   0  16   1  15  18   6  0.68 0.40
  305 R    1  3  1  1 -1  1  2 -2 -1 -2 -2  1 -2 -1 -2  0 -1 -4 -1 -1   11  18   7   7   1   6  16   2   1   2   3   9   1   3   1   5   2   0   2   4  0.24 0.19
  306 S    0  0  4 -2  4 -1  0 -3  4 -1 -2 -2 -2 -1 -3  0  0  0  0 -2    8   5  23   1   9   2   7   1  12   4   4   2   1   2   1   5   5   1   4   3  0.40 0.28
  307 S    1 -6 -6 -7  3 -5 -6 -2 -6 -1  4 -6  5  4 -6 -3 -3 -5 -1 -2   11   0   0   0   6   0   0   3   0   3  39   0  15  18   0   1   1   0   1   1  0.98 0.49
  308 A    3  1 -4 -4  4 -1 -4 -3  1 -2 -2  1  2 -2 -2  3 -1 -5 -1 -2   25   6   0   0   8   2   0   1   4   2   3   7   5   2   1  27   3   0   2   3  0.50 0.37
  309 Y    0 -5  1 -4  2 -2 -5  1  5 -6 -6 -5 -5  0 -6  1 -5  2  7 -5    7   0   6   1   5   1   0   9  15   0   0   0   0   3   0  11   0   3  39   0  1.26 0.60
  310 G    3 -5 -5 -5  0 -4 -5 -2 -5 -1  0 -2  0  1  6 -2 -2 -6 -3 -2   21   0   0   0   2   1   0   3   0   4  10   3   2   7  40   2   2   0   1   3  0.95 0.49
  311 D   -6 -6 -2  8 -8 -5  0 -6 -6 -8 -8 -5 -7 -8 -6 -3 -6 -8 -7 -7    0   0   1  92   0   0   4   0   0   0   0   0   0   0   0   1   0   0   0   0  2.83 0.99
  312 G   -3 -4  5 -4  0 -2 -4  5  3 -5 -2 -4 -2  1 -5 -2 -2 -5  0 -5    1   1  25   0   2   2   0  43   7   0   4   0   1   5   0   3   2   0   3   0  1.02 0.49
  313 W   -4 -7 -8 -8 -2 -7 -8 -8 -6 -3 -3 -8 -5  8 -8 -5 -4  7  1 -3    2   0   0   0   1   0   0   0   0   1   1   0   0  72   0   1   1  16   4   2  2.61 0.90
  314 L   -3 -6 -7 -7 -1 -6 -6 -7 -6  1  6 -6  0 -2 -6 -6 -2 -5 -5  3    2   0   0   0   1   0   0   0   0   6  69   0   2   1   0   0   2   0   0  18  1.38 0.57
  315 Y   -4 -2  0 -3  0 -3 -5 -5  9 -7 -7 -5 -6 -4 -7 -2 -5 -4  7 -7    1   2   4   2   2   1   0   1  51   0   0   0   0   0   0   3   1   0  33   0  2.31 0.84
  316 V   -3 -6 -7 -7 -4 -6 -6 -7 -6  6  2 -6  0 -1 -6 -5 -3 -6 -4  4    1   0   0   0   0   0   0   0   0  50  19   0   2   3   0   0   1   0   0  25  1.36 0.52
  317 V    0 -5 -4 -5  6 -5 -4 -2 -3  1 -2 -4 -3 -4 -5  1  1 -6 -5  5    6   0   0   0  20   0   0   2   1   8   2   0   0   0   0  11   8   0   0  41  0.94 0.44
  318 I   -2 -6 -6 -6  0 -5 -6 -5 -6  5  2 -5  0 -2 -6 -5 -3 -5 -3  5    3   0   0   0   2   0   0   1   0  29  18   0   2   1   0   0   0   0   1  43  1.09 0.45
  319 R   -2  4 -3 -3  3  0 -2 -1  2  0 -1  2 -2 -4 -4 -2 -2 -1 -2  3    3  24   0   1   8   4   1   4   7   5   4  11   0   0   0   1   1   1   1  24  0.41 0.27
  320 M   -2 -2 -4 -2 -3 -2 -3 -5  0  2  4 -2  6 -2 -3 -4 -2 -4 -3  2    1   2   0   2   0   1   1   0   2  11  40   2  24   0   1   0   2   0   0  11  0.71 0.31
  321 M   -2 -3 -4 -4 -3  0 -3 -5 -4  3  3 -3  4 -2  0 -3 -2 -4 -3  2    2   0   0   0   0   6   0   0   0  24  35   0  16   0   6   0   0   0   0  11  0.57 0.23
  322 G    1 -3  1 -2 -3 -2 -3  5 -3 -4 -4 -2 -3 -4 -3  2 -2 -4 -4 -4   14   0   7   0   0   0   0  56   0   0   0   0   0   0   0  24   0   0   0   0  0.90 0.26

                      K         Lambda
Standard Ungapped    0.1349     0.3174
Standard Gapped      0.0410     0.2670
PSI Ungapped         0.1026     0.3175
PSI Gapped           0.0314     0.2670
